0,0.04109589,0.193401731,0.6,0,0,0.397959184,0,1,0.666666667,0,0.6,0.5,0,0.951219512
0,0.342465753,0.11413185,0.666666667,0,0,0.520408163,0.5,0.533333333,0.333333333,0.214285714,0,1,1,0.951219512
0,0.246575342,0.318814842,0.6,0,0,0.397959184,0.875,1,0,0.928571429,0.8,1,0,0.951219512
0,0.301369863,0.088300978,0.533333333,0,0,0.153061224,0,0.733333333,0,0,0.8,1,0,0.951219512
0,0.095890411,0.231420424,0.8,0,0,0.397959184,0.5,0.6,0.666666667,0.714285714,0.2,1,1,0.951219512
1,0.232876712,0.102357394,0.533333333,0.105201052,0,0.397959184,0.5,0.733333333,0.666666667,0.571428571,0.2,1,1,0.804878049
0,0.232876712,0.142250772,0.6,0,0,0.030612245,0,1,0.333333333,0,1,1,0,0.951219512
0,0.219178082,0.10011129,0.8,0,0,0.397959184,0.875,0.6,0.333333333,0.285714286,0,0.25,1,0.731707317
1,0.232876712,0.012321098,0.8,0.150241502,0,0.602040816,0.5,0.6,0.333333333,0.285714286,0,1,1,0.951219512
0,0.328767123,0.025378269,0.533333333,0,0,0.397959184,0.5,0.733333333,0.333333333,0.214285714,0,1,1,0.951219512
0,0.191780822,0.13880855,0.533333333,0,0,0.448979592,0.5,0.733333333,0,0.214285714,0.2,1,1,0.951219512
0,0.342465753,0.299887357,0.533333333,0,0,0.397959184,0.875,0.733333333,0.666666667,0.071428571,0.8,0.5,0,0.951219512
1,0.342465753,0.125361017,0.733333333,0,0,0.397959184,0.5,0.466666667,0.333333333,0.285714286,0,0.5,1,0
0,0.493150685,0.083751941,0.533333333,0,0,0.5,0.5,0.733333333,0,0.642857143,0.2,1,0,0.951219512
0,0.123287671,0.083906868,0.733333333,0,0,0.5,0.5,0.466666667,0.666666667,0.928571429,0.2,1,1,0.951219512
1,0.356164384,0.015983195,0.6,0,0,0.428571429,0.5,1,0.333333333,0.857142857,0,1,1,0.951219512
0,0.589041096,0.087230019,0.8,0,0.496556474,0.244897959,0,0.6,0.333333333,0,0,0.25,1,0.853658537
1,0.232876712,0.09735846,0.6,0,0,0.448979592,0.625,1,0.333333333,0.285714286,0,1,1,0.951219512
0,0.273972603,0.134400909,0.533333333,0,0,0.234693878,0.5,0.733333333,0.333333333,0.428571429,0,1,1,0.951219512
0,0.01369863,0.095403267,0.533333333,0,0,0.397959184,0,0.733333333,0.666666667,0,0.2,1,0,0.951219512
0,0.095890411,0.070917351,0.8,0,0,0.265306122,0.25,0.6,0.666666667,0.071428571,0.6,0.5,0,0.951219512
1,0.561643836,0.17218349,0.6,1,0,0.397959184,0,1,0.333333333,0,0,1,1,0.951219512
1,0.315068493,0.125708081,0.533333333,0,0,0.397959184,0.5,0.733333333,0.333333333,0.5,0,1,1,0.951219512
1,0.328767123,0.143010524,0.533333333,0,0.433195592,0.551020408,0.625,0.733333333,0.333333333,0.857142857,0,1,1,0.951219512
0,0.438356164,0.105493145,0.2,0,0,0.479591837,0.5,0.333333333,0.333333333,0.5,0,1,1,0.951219512
0,0.328767123,0.183883527,0.666666667,0,0,0.602040816,0.75,0.533333333,0,0.857142857,0.2,1,1,0.951219512
1,0.424657534,0.108003099,0.933333333,0.150241502,0,0.5,0.875,0.933333333,0.333333333,0.714285714,0,1,1,0.951219512
0,0.863013699,0.046849535,0.066666667,0.010860109,0,0.193877551,0.25,0.2,1,0.357142857,0.2,0.25,1,0.731707317
0,0.328767123,0.124220375,0.6,0,0,0.5,0.5,1,0.333333333,0.857142857,0,1,1,0.951219512
0,0.506849315,0.083589572,0.333333333,0,0,0.448979592,0.25,0,0.333333333,0.785714286,0,1,1,0.951219512
0,0.082191781,0.047020022,0.6,0,0,0.397959184,0.5,1,0.666666667,0.071428571,0.8,0.5,0,0.951219512
0,0.123287671,0.080201473,0.8,0,0,0.091836735,0,0.6,0.666666667,0,0.8,1,0,0.951219512
0,0.205479452,0.096518201,0.8,0,0,0.397959184,0.5,0.6,0.333333333,0.214285714,0,1,1,0.951219512
0,0.095890411,0.172801846,0.6,0,0,0.448979592,0.5,1,0.666666667,0.214285714,0.6,1,0,0.951219512
1,0.397260274,0.211266376,0.866666667,0,0,0.448979592,0.25,0.8,0.333333333,0.714285714,1,1,0,0.951219512
1,0.397260274,0.0927553,0.8,0,0,0.397959184,0.5,0.6,0.333333333,0.214285714,0,1,1,0.951219512
1,0.356164384,0.171944673,0.8,0,0.433195592,0.397959184,0.5,0.6,0.333333333,0.5,0,1,1,0.951219512
0,0.068493151,0.070094005,0.4,0,0,0.397959184,0.5,0.066666667,0.666666667,0.571428571,0.2,1,1,0.951219512
0,0.205479452,0.153343278,0.533333333,0,0,0.397959184,0.5,0.733333333,0.333333333,0.5,0,1,1,0.951219512
0,0.630136986,0.162485328,0.533333333,0,0,0.397959184,0.5,0.733333333,1,0.285714286,0.2,1,1,0.951219512
1,0.315068493,0.106844867,0.533333333,0,0,0.397959184,0.5,0.733333333,0.333333333,1,0,1,1,0.951219512
0,0.150684932,0.275256661,0.2,0,0,0.397959184,0.5,0.333333333,0.833333333,0.428571429,0.2,1,1,0.634146341
0,0.232876712,0.128842478,0.533333333,0,0,0.397959184,0.25,0.733333333,0.333333333,0.785714286,0,1,1,0.951219512
0,0.232876712,0.067856019,0.333333333,0,0,0.37755102,0.5,0,0,0.571428571,0.8,1,0,0.951219512
0,0.465753425,0.118096359,0.8,0,0,0.071428571,0.75,0.6,0.333333333,0.357142857,0,1,1,0.951219512
0,0.178082192,0.131848334,0.4,0,0,0.346938776,0.5,0.066666667,0.666666667,0.785714286,0.2,1,0,0.951219512
0,0.630136986,0.100254716,0.533333333,0,0,0.397959184,0.125,0.733333333,1,0.071428571,0.2,1,0,0.951219512
0,0.287671233,0.061997882,0.533333333,0.020360204,0,0.193877551,0.875,0.733333333,0,0.571428571,0.8,1,0,0.951219512
0,0.054794521,0.030894754,0.6,0,0,0.295918367,0.5,1,0.666666667,0.571428571,0.6,1,0,0.951219512
1,0.589041096,0.03466645,0.8,0,0,0.397959184,0.125,0.6,0.333333333,0.071428571,0,0.5,1,0.951219512
0,0.287671233,0.106340846,0.533333333,0,0,0.806122449,0.5,0.733333333,0,0.857142857,0.2,1,1,0.951219512
0,0.260273973,0.06257091,0.8,0.039080391,0,0.397959184,0.75,0.6,0.333333333,0.714285714,0,1,1,0.951219512
0,0.397260274,0.021910339,0.8,0,0,0.397959184,0.5,0.6,0.333333333,0.785714286,0,1,1,0.951219512
0,0.465753425,0.166732629,0.533333333,0,0,0.816326531,0.625,0.733333333,0,0.785714286,0.2,1,1,0.951219512
0,0.301369863,0.118314204,0.6,0,0,0.397959184,0.5,1,0,0.285714286,0.2,1,0,0.951219512
0,0.315068493,0.167119608,0.6,0,0,0.5,0.5,1,0.666666667,0.285714286,0.2,1,1,0.951219512
0,0.657534247,0.107771723,0.8,0,0,0.397959184,0.5,0.6,0.666666667,0.285714286,0.2,1,1,0.951219512
0,0.383561644,0.077813973,0.6,0,0,0.448979592,0.5,1,0.666666667,0.5,0.6,1,1,0.951219512
0,0.657534247,0.144731635,0.8,0,0,0.397959184,0.625,0.6,0.666666667,0.285714286,0.2,1,1,0.951219512
0,0.383561644,0.125191206,0.8,0,0,0.397959184,0.25,0.6,0.666666667,0.285714286,0.2,1,1,0.951219512
0,0,0.241128058,0.4,0,0,0.275510204,0.5,0.066666667,0.666666667,0.857142857,0.6,1,1,0.951219512
0,0.438356164,0.070020939,0.6,0,0,0.397959184,0.125,1,0.333333333,0.214285714,0,1,1,0.951219512
1,0.369863014,0.128939223,0.733333333,0,0,0.397959184,0.5,0.466666667,0,0.714285714,0.2,1,0,0.951219512
1,0.397260274,0.107275144,0.533333333,0,0,0.5,0.625,0.733333333,0.333333333,0.857142857,0,1,1,0.951219512
1,0.424657534,0.125428671,0.6,0,0,0.397959184,0.5,1,0.333333333,0.857142857,0,0.5,1,0.951219512
0,0.054794521,0.204035545,0.133333333,0,0,0.397959184,0.5,0.266666667,0.666666667,0.428571429,0.2,1,1,0.634146341
1,0.493150685,0.095242251,0.133333333,0.076880769,0,0.091836735,0.5,0.266666667,0.333333333,0.285714286,0,1,1,1
0,0.191780822,0.187362282,0.533333333,0,0,0.346938776,0.5,0.733333333,0.333333333,0.285714286,1,1,0,0.951219512
0,0.150684932,0.149087182,0.8,0,0,0.397959184,0.5,0.6,0.333333333,0.285714286,0,1,1,0.951219512
0,0.01369863,0.467339821,0.4,0,0,0.193877551,0.5,0.066666667,0.666666667,0.857142857,0.6,1,1,0.951219512
0,0.02739726,0.121508814,0.533333333,0,0,0.244897959,0.5,0.733333333,0.666666667,0.214285714,0.6,1,1,0.951219512
0,0.397260274,0.012756788,0.6,0,0,0.397959184,0.125,1,0,1,0.2,1,1,0.951219512
0,0.082191781,0.161249294,0.8,0,0,0.397959184,0.5,0.6,0.666666667,0.857142857,0.2,1,0,0.951219512
0,0.191780822,0.23625496,0.2,0,0,0.602040816,0.5,0.333333333,0.666666667,0.357142857,0.4,1,1,0.780487805
0,0.054794521,0.111520416,0.6,0,0,0.193877551,0.5,1,0.666666667,0.428571429,0.2,1,1,0.951219512
0,0.534246575,0.155939829,0.533333333,0,0,0.43877551,0.5,0.733333333,1,0.857142857,0.2,1,0,0.951219512
1,0.410958904,0.18641513,0.8,0,0,0.397959184,0.5,0.6,0.333333333,0.285714286,1,1,0,0.951219512
1,0.397260274,0.151112058,0.533333333,0,0,0.397959184,0.5,0.733333333,0.333333333,0.214285714,0,1,1,0.951219512
0,0.479452055,0.083431939,0.6,0,0,0.397959184,0.5,1,1,0.571428571,0.8,0.5,0,0
0,0.219178082,0.199854544,0.533333333,0,0,0.295918367,0.5,0.733333333,0.666666667,0.071428571,0.2,0.5,0,0.951219512
0,0.260273973,0.147993898,0.2,0,0,0.397959184,0.5,0.333333333,0.333333333,0.5,0,1,1,0.951219512
0,0.082191781,0.119239707,0.2,0,0,0.346938776,0.375,0.333333333,0,0,0.2,1,1,0.951219512
1,0.369863014,0.048001678,0.8,0,0,0.551020408,0.5,0.6,0.333333333,0.714285714,0,1,1,0.951219512
1,0.109589041,0.115365854,0.533333333,0.07298073,0,0.397959184,0.75,0.733333333,0.333333333,0.214285714,0,1,1,0.951219512
0,0.671232877,0.010880074,0.8,0,0,1,0.5,0.6,0.333333333,0.642857143,0.4,1,1,0.951219512
0,0.150684932,0.102601624,0.6,0,0,0.397959184,0.25,1,0.666666667,0.785714286,0.6,1,1,0.951219512
0,0.328767123,0.074806087,0.533333333,0,0,0.397959184,0.5,0.733333333,0.666666667,0.642857143,0.2,0.25,0,0
0,0.123287671,0.0144231,0.533333333,0,0,0.244897959,0.25,0.733333333,0.666666667,0.428571429,0.6,0,1,0.951219512
0,0.219178082,0.066105141,0.733333333,0,0,0.397959184,0.5,0.466666667,0.5,0.714285714,0.6,1,0,0.951219512
0,0.068493151,0.044372731,0.266666667,0,0,0.295918367,0,0.4,0.666666667,0,0.2,1,1,0.951219512
0,0.273972603,0.188730917,0.533333333,0,0,0.397959184,0.5,0.733333333,0,0.5,0.2,1,0,0.951219512
1,0.150684932,0.076973037,0.533333333,1,0,0.357142857,0.5,0.733333333,0.333333333,0.071428571,1,1,0,0.951219512
0,0.246575342,0.129351911,0.266666667,0,0,0.397959184,0.5,0.4,0.333333333,0.214285714,0,1,1,0.951219512
1,0.520547945,0.276665212,0.866666667,0,0,0.397959184,0,0.8,0.333333333,0,1,1,0,0.951219512
1,0.410958904,0.181659073,0.6,0,0,0.397959184,0.5,1,0.333333333,0.285714286,0,1,1,0.951219512
0,0.136986301,0.063277891,0.8,0,0,0.448979592,0.5,0.6,0.666666667,0.214285714,0.2,1,1,0.951219512
0,0.767123288,0.041779564,0.2,0,0,0.397959184,0.875,0.333333333,0,0.571428571,0.2,0.25,0,0.951219512
0,0.219178082,0.130547353,0.866666667,0,0,0.551020408,0.5,0.8,0.666666667,0.714285714,0.2,0.25,1,0
1,0.506849315,0.014598323,0.533333333,0,0,0.602040816,0.75,0.733333333,0.333333333,0.357142857,0,1,1,0.951219512
0,0.232876712,0.329449332,0.533333333,0,0,0.397959184,0.5,0.733333333,0.5,0.428571429,0.2,1,1,0.317073171
0,0.136986301,0.219648674,0.533333333,0,0,1,0.5,0.733333333,0.333333333,1,0,1,1,0.951219512
0,0.575342466,0.106978144,0.2,0,0,0.397959184,0.75,0.333333333,0.333333333,1,0,1,1,0.951219512
0,0.082191781,0.127654479,0.533333333,0,0,0.397959184,0.5,0.733333333,0.666666667,0.071428571,0.6,1,0,0.951219512
1,0.575342466,0.091808824,0.6,0,0,0.5,0.5,1,0.333333333,0.928571429,0,1,1,0.951219512
1,0.260273973,0.118078769,0.733333333,0,0,0.520408163,0.5,0.466666667,0.333333333,0.214285714,0,1,1,0.951219512
0,0.109589041,0.052323398,0.533333333,0,0,0.397959184,0.5,0.733333333,0.666666667,0.071428571,0.6,0.25,0,0.951219512
0,0.452054795,0.11062671,0.533333333,0,0,0.479591837,0.5,0.733333333,0.333333333,0.857142857,0,1,1,0.951219512
1,0.205479452,0.061362614,0.133333333,0,0,0.397959184,0.5,0.266666667,0.333333333,0.5,1,0.25,0,0.609756098
0,0.767123288,0.056813577,0.533333333,0,0,0.397959184,0.875,0.733333333,1,0.071428571,0.2,1,0,0.951219512
0,0.136986301,0.113171167,0.8,0,0,0.367346939,0.5,0.6,0.666666667,0.071428571,0.2,1,0,0.951219512
0,0.095890411,0.100673493,0.533333333,0,0,0.397959184,0.25,0.733333333,0.666666667,0.571428571,0.6,1,1,0.951219512
1,0.452054795,0.085962188,0.866666667,0,0,0.397959184,0.25,0.8,0.333333333,0.714285714,1,1,0,0
0,0.04109589,0.052571011,0.6,0,0,0.346938776,0.5,1,0.666666667,0.857142857,0.4,1,0,0.951219512
1,0.356164384,0.077148936,0.533333333,0,0,0.397959184,0.75,0.733333333,0.333333333,0.285714286,0,0.5,1,0.951219512
0,0.123287671,0.085454785,0.533333333,0,0,0.244897959,0.25,0.733333333,0.666666667,0.571428571,0.8,0.5,0,0.951219512
1,0.342465753,0.181232177,0.866666667,0,0,0.397959184,0.5,0.8,0.333333333,0.714285714,0,1,1,0.951219512
0,0.315068493,0.025814636,0.6,0.029770298,0,0.346938776,0.25,1,0.666666667,0.071428571,0.8,0,0,0.951219512
0,0.753424658,0.079579058,0.533333333,0,0,0.244897959,0,0.733333333,0.333333333,0,0,1,1,0.951219512
0,0.02739726,0.144433958,0.6,0,0,0.397959184,0.5,1,0.666666667,0.071428571,0.2,1,1,0.951219512
0,0.109589041,0.11399519,0.533333333,0,0,0.091836735,0.5,0.733333333,0,0.214285714,0.6,1,1,0.951219512
0,0.232876712,0.144941361,0.666666667,0,0,0.397959184,0.5,0.533333333,0.666666667,0.571428571,0.6,1,1,0.951219512
0,0.109589041,0.217433691,0.533333333,0,0,0.357142857,0.5,0.733333333,0.666666667,0.5,0.6,1,1,0.951219512
0,0.205479452,0.156945163,0.8,0,0,0.5,0.25,0.6,0.666666667,0.714285714,0.2,1,1,0.951219512
1,0.698630137,0.026903861,0.666666667,0.251242512,0,0.5,0.625,0.533333333,1,0.857142857,0.2,1,0,0.951219512
0,0.397260274,0.178471905,0.533333333,0.050130501,0,0.5,0.5,0.733333333,0.333333333,0.857142857,0,1,1,0.951219512
1,0.465753425,0.124557291,0.533333333,0,0,0.602040816,0.875,0.733333333,0.333333333,0.714285714,0,0.5,1,0.951219512
0,0.164383562,0.111816063,0.533333333,0.037810378,0,0.346938776,0.5,0.733333333,0.333333333,0.571428571,1,1,0,0.951219512
0,0.246575342,0.064282549,0.866666667,0,0,0.397959184,0.5,0.8,0.333333333,0.857142857,0,1,1,0.463414634
0,0.493150685,0.14984964,0.666666667,0.02202022,0,0.397959184,0.5,0.533333333,0,0.071428571,0.2,0.5,0,0.951219512
0,0.164383562,0.153808736,0.533333333,0,0,0.397959184,0.5,0.733333333,0.666666667,0.071428571,0.2,1,0,0.951219512
1,0.465753425,0.069441146,0.666666667,0.07298073,0,0.397959184,0.5,0.533333333,0.333333333,0.928571429,0,1,1,0.951219512
1,0.506849315,0.061388322,0.533333333,0,0,0.418367347,0.5,0.733333333,0,0.928571429,0.2,1,1,0.951219512
0,0.328767123,0.138805167,0.533333333,0,0,0.397959184,0.5,0.733333333,0,0.071428571,0.8,1,0,0.951219512
0,0.328767123,0.014099715,0.666666667,0,0,0.448979592,0.5,0.533333333,0.666666667,0.571428571,0.2,1,1,0.951219512
1,0.493150685,0.184047926,0.866666667,0,0,0.5,0.75,0.8,0,0.285714286,0.2,1,1,0.951219512
0,0.04109589,0.143666088,0.6,0,0,0.397959184,0.5,1,0.666666667,0.071428571,0.6,1,0,0.951219512
0,0.602739726,0.052364667,0.533333333,0,0,0.479591837,0.5,0.733333333,0.333333333,0.857142857,0,1,1,0.951219512
0,0.342465753,0.162441353,0.533333333,0,0,0.397959184,0.5,0.733333333,0.333333333,1,0,1,1,0.951219512
0,0.219178082,0.115194691,0.533333333,0,0,0.397959184,0.5,0.733333333,0.666666667,0.571428571,0.2,1,1,0.951219512
0,0.315068493,0.042674623,0.6,0,0,0.397959184,0.5,1,0.833333333,0.285714286,0.8,1,0,0.951219512
0,0.191780822,0.210771151,0.533333333,0,0,0.448979592,0.25,0.733333333,0,0.785714286,0.4,1,1,0.951219512
1,0.547945205,0.218738055,0.6,0,0,0.397959184,0.5,1,0.333333333,0.714285714,0,1,1,0.951219512
0,0.178082192,0.044711677,0.533333333,0,0,0.397959184,0.5,0.733333333,0.333333333,0.857142857,0.4,0.25,0,0
1,0.397260274,0.264949615,0.666666667,0,0,0.397959184,0.5,0.533333333,0.333333333,0.214285714,0,0.5,1,0.951219512
1,0.438356164,0.130127899,0.8,0,0,0.397959184,0.5,0.6,0.333333333,0.857142857,0,1,1,0.951219512
1,0.054794521,0.362636195,0.533333333,0,0,0.397959184,0.5,0.733333333,0.333333333,0.714285714,0.6,1,1,0.634146341
0,0.260273973,0.090673594,0.266666667,0,0,0.397959184,0.5,0.4,0.333333333,0.5,0,1,1,0.951219512
1,0.452054795,0.034035241,0.666666667,0,0,0.397959184,0.5,0.533333333,0.333333333,0.357142857,0,0.25,1,0.951219512
0,0.219178082,0.062880087,0.8,0,0,0.397959184,0.75,0.6,0.333333333,0.285714286,0,1,1,0.951219512
0,0.260273973,0.064162802,0.533333333,0,0,0.5,0.5,0.733333333,0.333333333,0.928571429,0,1,1,0.951219512
0,0.287671233,0.11324288,0.533333333,0,0,0.479591837,0.5,0.733333333,0.333333333,0.785714286,0,1,1,0.951219512
1,0.657534247,0.211926677,0.666666667,0,0,0.5,0,0.533333333,0.333333333,0,0,1,1,0.951219512
1,0.205479452,0.227226569,0.866666667,0,0,0.397959184,0.5,0.8,0.333333333,0.285714286,0,1,1,0.951219512
1,0.369863014,0.058658494,0.8,0,0,0.37755102,0.875,0.6,0.333333333,0.714285714,0,0,1,0.951219512
0,0.493150685,0.017935005,0.266666667,0,0,0.397959184,0.25,0.4,0.333333333,0.285714286,0,1,1,0.951219512
0,0.287671233,0.146861374,0.533333333,0,0,0.030612245,0,0.733333333,0.333333333,0,1,1,0,0.951219512
0,0.02739726,0.122841592,0.6,0.021760218,0,0.346938776,0.5,1,0.666666667,0.071428571,0.2,1,1,0.268292683
0,0.246575342,0.152997568,0.666666667,0,0,0.397959184,0.5,0.533333333,0,0.285714286,0.8,1,1,0.951219512
0,0.246575342,0.243715814,0.8,0,0,0.397959184,0.75,0.6,0.666666667,0.285714286,0.2,1,1,0.951219512
1,0.506849315,0.096368009,0.666666667,0.076880769,0,0.397959184,0.5,0.533333333,0.333333333,0.928571429,0,1,1,0.951219512
0,0.369863014,0.281214249,0.8,0,0,0.397959184,0.5,0.6,0.333333333,0.714285714,0,1,1,0.951219512
0,0.109589041,0.120078614,0.6,0,0,0.193877551,0.5,1,0.5,0.071428571,0.6,0.5,0,0.951219512
0,0.383561644,0.141188608,0.533333333,0,0,0.5,0.75,0.733333333,0.333333333,0.285714286,0,1,1,0.951219512
0,0.068493151,0.1018757,0.6,0,0,0.653061224,0.5,1,0.666666667,0.857142857,0.4,1,1,0.951219512
0,0,0.104237492,0.333333333,0,0,0.295918367,0.5,0,0.666666667,0.214285714,0.6,1,0,0.951219512
0,0.397260274,0.066117995,0.2,0,0,0.755102041,0.75,0.333333333,0.333333333,0.285714286,0,1,1,0.292682927
0,0.123287671,0.061472213,0.533333333,0,0,0.397959184,0.25,0.733333333,0.666666667,0.071428571,0.2,1,0,0.951219512
0,0.054794521,0.134698586,0.4,0,0,0.244897959,0.25,0.066666667,0.666666667,0.571428571,0.6,0.5,1,0.951219512
1,0.287671233,0.122278037,0.533333333,0,0,0.5,0.25,0.733333333,0.333333333,0.214285714,0,1,1,0.951219512
1,0.383561644,0.012890743,0.8,0,0,0.448979592,0.5,0.6,0.333333333,0.071428571,0,1,1,0.951219512
1,0.191780822,0.308023395,0.8,0,0.433195592,0.397959184,0.5,0.6,0.333333333,0.285714286,0,0.5,1,0.951219512
0,0.123287671,0.112137418,0.8,0,0,0.397959184,0.5,0.6,0.666666667,0.857142857,0.2,1,1,0.512195122
0,0.205479452,0.205994797,0.4,0,0,0.397959184,0.5,0.066666667,0.666666667,0.571428571,0.8,0.5,0,0.56097561
1,0.369863014,0.057420431,0.8,0,0,0.397959184,0.5,0.6,0.333333333,0.214285714,0,1,1,0.951219512
0,0.02739726,0.011848199,0.466666667,0,0,0.193877551,0.5,0.133333333,0.666666667,0.428571429,0.6,0,1,0.951219512
0,0.219178082,0.037342832,0.666666667,0,0,1,0.75,0.533333333,0,0.571428571,0.8,1,0,0.951219512
0,0.452054795,0.01637491,0.333333333,0,0,0.397959184,0.25,0,0.666666667,0.571428571,0.2,1,1,0.951219512
0,0.506849315,0.129970943,0.6,0,0,0.5,0.5,1,0.333333333,0.357142857,0,1,1,0.951219512
0,0.438356164,0.121094773,0.6,0,0,0.397959184,0.5,1,0.333333333,0.571428571,0,1,1,0.951219512
0,0.123287671,0.017328151,0.666666667,0,0,0.653061224,0.5,0.533333333,0.666666667,0.214285714,0.2,1,1,0.951219512
0,0.095890411,0.037166932,0.8,0,0,0.448979592,0.5,0.6,0.666666667,0.5,0.2,0.25,1,0.073170732
0,0.369863014,0.104673858,0.6,0.043860439,0,0.551020408,0.5,1,0.333333333,0.214285714,0,1,1,0.951219512
0,0.356164384,0.124522787,0.133333333,0,0,0.397959184,0.5,0.266666667,0.333333333,0.571428571,0,1,1,0.634146341
0,0.301369863,0.1191044,0.533333333,0,0,0.397959184,0.75,0.733333333,0.333333333,0.357142857,0,1,1,0.951219512
0,0.136986301,0.165581162,0.533333333,0,0,0.602040816,0.5,0.733333333,0.666666667,0.428571429,0.2,0.5,1,0.951219512
0,0.808219178,0.008817988,0.533333333,0,0,0.071428571,0.5,0.733333333,1,0.071428571,0.2,1,0,0.951219512
0,0.630136986,0.08993008,0.533333333,0,0,0.397959184,0.5,0.733333333,0,0.285714286,0.2,1,0,0.951219512
0,0.054794521,0.103263278,0.6,0,0,0.397959184,0.5,1,0.666666667,0.571428571,0.6,1,0,0.951219512
0,0.260273973,0.250555606,0.8,0,0,0.346938776,0.25,0.6,0,0.071428571,0.8,1,0,0.390243902
1,0.479452055,0.081112092,0.8,0,0,0.5,0.625,0.6,0.333333333,0.285714286,0,1,1,0.951219512
1,0.493150685,0.116153344,0.4,0,0,0.479591837,0.5,0.066666667,0.333333333,0.5,0,1,1,0.951219512
0,0.01369863,0.192004682,0.533333333,0,0,0.479591837,0.75,0.733333333,0.666666667,0.857142857,0.6,1,1,0
0,0.397260274,0.035902484,0.6,0.033250333,0,0.551020408,0.5,1,0,1,0.6,1,1,0.951219512
0,0.095890411,0.211966593,0.8,0,0,0.346938776,0.5,0.6,0.666666667,0.071428571,0.6,1,1,0.951219512
0,0.397260274,0.12072403,0.6,0,0,0.397959184,0.125,1,0.333333333,0.571428571,0,1,1,0.951219512
1,0.123287671,0.055605958,0.6,0.07298073,0,0.551020408,0.5,1,0.333333333,1,0,1,1,0.951219512
0,0.178082192,0.11080261,0.533333333,0,0,0.551020408,0.5,0.733333333,0,0.214285714,0.8,1,1,0.951219512
0,0.232876712,0.249552978,0.533333333,0,0,0.397959184,0.5,0.733333333,0.333333333,1,0,1,1,0.951219512
0,0.164383562,0.072486917,0.533333333,0,0,0.397959184,0.5,0.733333333,0.666666667,0.214285714,0.2,0.5,1,0.951219512
0,0.493150685,0.225941825,0.533333333,0,0,0.346938776,0.5,0.733333333,0,0.857142857,0.6,1,0,0.951219512
1,0.287671233,0.064282549,0.6,0,0,0.602040816,0.5,1,0.333333333,0.857142857,0,1,1,0.951219512
0,0.273972603,0.156374842,0.533333333,0,0,0.5,0.5,0.733333333,0,0.571428571,0.4,1,0,0.707317073
1,0.356164384,0.108324454,0.533333333,0,0,0.397959184,0.5,0.733333333,0.333333333,0.857142857,0,1,1,0.951219512
0,0.479452055,0.128996052,0.2,0,0,0.397959184,0.5,0.333333333,0.333333333,0.214285714,0,1,1,0.951219512
0,0.273972603,0.032434553,0.8,0,0,0.37755102,0.875,0.6,0.666666667,0.071428571,0.2,1,1,0.951219512
0,0.150684932,0.200395774,0.533333333,0,0,0.163265306,0,0.733333333,0.333333333,0,1,1,0,0.390243902
0,0.109589041,0.127211347,0.533333333,0,0,0.602040816,0.5,0.733333333,0.333333333,1,0,1,1,0.951219512
0,0.164383562,0.123990353,0.733333333,0,0,0.397959184,0.5,0.466666667,0,0.428571429,0.2,1,0,0.951219512
0,0.068493151,0.139319336,0.6,0,0,0.346938776,0.5,1,0.666666667,0.071428571,0.6,1,0,0.951219512
1,0.438356164,0.015059721,0.6,0,0.433195592,0.397959184,0.5,1,0.333333333,0.285714286,0,1,1,0.951219512
0,0.315068493,0.088201527,0.666666667,0,0,0.448979592,0.5,0.533333333,0.333333333,0.214285714,0,0.5,1,0.951219512
0,0.02739726,0.100015899,0.6,0.02597026,0,0.397959184,0.5,1,0.666666667,0.285714286,0.6,0.25,1,0
0,0.479452055,0.026224617,0.8,0,0,0.551020408,0.625,0.6,0.333333333,0.857142857,0,1,1,0.951219512
0,0.356164384,0.15533974,0.8,0,0,0.418367347,0.75,0.6,0.666666667,0.857142857,0.2,1,1,0.951219512
0,0.068493151,0.215332366,0.533333333,0,0,0.448979592,0,0.733333333,0.666666667,0,0.2,1,0,0.951219512
0,0.095890411,0.033492658,0.266666667,0,0,0.397959184,0,0.4,0.333333333,0,1,1,0,0.951219512
0,0.287671233,0.176345548,0.533333333,0,0,0.397959184,0.875,0.733333333,0,0.571428571,0.2,1,1,0.951219512
0,0.452054795,0.006855353,0.533333333,0,0,0.397959184,0.5,0.733333333,0.333333333,0.214285714,0,1,1,0.951219512
0,0.095890411,0.101909527,0.6,0,0,0.397959184,0.25,1,0.666666667,0.071428571,0.2,1,0,0.951219512
0,0.082191781,0.14566458,0.8,0,0,0.37755102,0.5,0.6,0.666666667,0.714285714,0.6,1,0,0.951219512
0,0.01369863,0.139775322,0.266666667,0,0,0.346938776,0.5,0.4,0.666666667,0.571428571,0.6,0.5,1,0.951219512
0,0.301369863,0.027457268,0.533333333,0,0,0.295918367,0.5,0.733333333,0.333333333,0.285714286,0,1,1,0.951219512
0,0.082191781,0.12342612,0.8,0,0,0.397959184,0.5,0.6,0.666666667,0.071428571,0.2,1,0,0.951219512
0,0.397260274,0.104116391,0.6,0,0,0.357142857,0.5,1,0.666666667,0.071428571,0.6,0.5,0,0.951219512
0,0.109589041,0.142244683,0.333333333,0.02597026,0,0.5,0.5,0,0.666666667,1,0.2,1,1,0.951219512
1,0.438356164,0.118002321,0.533333333,0.076880769,0,0.397959184,0.5,0.733333333,0.333333333,0.214285714,1,1,0,0.951219512
0,0.068493151,0.146924292,0.6,0,0,0.346938776,0.5,1,0.666666667,0.071428571,0.6,0.5,0,0.951219512
1,0.219178082,0.156267273,0.866666667,0,0,0.397959184,0.5,0.8,0.333333333,0.285714286,0,1,1,0.146341463
1,0.479452055,0.015429787,1,0,0,0.397959184,0.25,0.666666667,0.333333333,0.285714286,0,1,1,0.951219512
0,0,0.203745311,0.466666667,0,0,0.193877551,0.5,0.133333333,0.666666667,0.857142857,0.6,1,0,0.951219512
0,0.01369863,0.097993728,0.4,0,0,0.091836735,0.375,0.066666667,0.666666667,0,0.6,1,0,0.951219512
0,0.219178082,0.143328496,0.533333333,0,0,0.397959184,0.5,0.733333333,0.333333333,0.571428571,0,1,1,0.951219512
0,0.301369863,0.160929292,0.8,0,0,0.632653061,0.5,0.6,0.666666667,0.714285714,0.2,1,0,0.951219512
0,0.191780822,0.212008538,0.533333333,0,0,0.397959184,0.5,0.733333333,0,0.214285714,0.8,1,1,0.951219512
1,0.301369863,0.106817805,0.533333333,0,0,0.602040816,0.625,0.733333333,0.333333333,0.285714286,0,1,1,0.951219512
1,0.547945205,0.287525666,0.6,0,0,0.37755102,0.75,1,0.333333333,0.928571429,0,1,1,0.951219512
0,0.178082192,0.078021669,0.8,0,0,0.346938776,0.125,0.6,0.666666667,0.071428571,0.2,1,0,0.951219512
0,0.082191781,0.134844718,0.666666667,0,0,0.142857143,0,0.533333333,0.666666667,0,0.6,0.5,0,0.951219512
0,0.205479452,0.22029612,0.6,0,0,0.295918367,0.5,1,0,0.071428571,0.8,0.5,0,0.951219512
0,0.630136986,0.099741901,0.333333333,0,0,0.397959184,0.75,0,0.333333333,0.5,0,1,1,0.951219512
0,0.178082192,0.156673872,0.6,0,0,0.448979592,0.5,1,0.666666667,0.714285714,0.2,0.5,1,0.951219512
0,0.643835616,0.094211208,0.4,0,0,0.153061224,0.5,0.066666667,1,0.928571429,0.8,1,0,0.951219512
0,0.260273973,0.193193358,0.533333333,0,0.459366391,0.397959184,0.5,0.733333333,0.666666667,0.571428571,0.2,0.5,0,0.951219512
0,0.260273973,0.089050581,0.533333333,0,0,0.448979592,0.5,0.733333333,0,1,0.2,1,1,0.951219512
0,0.397260274,0.283624752,0.8,0,0,0.397959184,0.5,0.6,0.666666667,0.428571429,0.2,1,1,0.951219512
0,0.547945205,0.104979653,0.2,0,0,0.397959184,0.25,0.333333333,0,0.285714286,0.8,1,0,0.951219512
0,0.082191781,0.018790825,0.6,0,0,0.397959184,0.5,1,0.333333333,0.428571429,0,1,1,0.951219512
0,0.397260274,0.041441972,0.533333333,0,0,0.397959184,0.5,0.733333333,0.333333333,0.071428571,0,1,1,0.951219512
0,0.246575342,0.036256313,0.533333333,0,0,0.397959184,0.5,0.733333333,0.333333333,0.214285714,0,1,1,0.951219512
0,0.616438356,0.085157109,0.533333333,0,0,0.112244898,0.5,0.733333333,0.333333333,0.285714286,0,1,1,0.951219512
0,0.410958904,0.121185429,0.866666667,0,0,0.448979592,0.5,0.8,0.333333333,0.714285714,0,0.25,1,0.463414634
0,0.260273973,0.078131269,0.8,0,0,0.397959184,0.25,0.6,0,0.714285714,0.8,1,1,0.951219512
0,0.534246575,0.121803784,0.6,0,0,0.193877551,0,1,0,0,0.2,1,0,0.951219512
0,0.246575342,0.072200742,0.533333333,0,0,0.37755102,0,0.733333333,1,0,0.6,1,0,0.951219512
0,0.136986301,0.334311606,0.6,0,0,0.397959184,0.5,1,0,0.857142857,0.8,1,0,0.707317073
0,0.02739726,0.142994963,0.4,0,0,0.193877551,0.5,0.066666667,0.666666667,0.857142857,0.6,1,1,0
0,0.493150685,0.085833646,0.133333333,0,0,0.397959184,0.5,0.266666667,0.333333333,0.5,0,1,1,0.951219512
0,0.02739726,0.25804961,0.533333333,0,0,0.193877551,0.5,0.733333333,0.666666667,0.071428571,0.6,1,0,0.951219512
0,0.123287671,0.105244179,0.533333333,0,0,0.397959184,0.5,0.733333333,0.666666667,0.5,0.2,0.5,1,0.951219512
0,0.520547945,0.109645055,0.533333333,0,0,0.346938776,0.5,0.733333333,0.333333333,1,0,1,1,0.951219512
0,0.575342466,0.128810681,0.533333333,0,0,0.397959184,0.875,0.733333333,0.333333333,0.857142857,0,1,1,0.951219512
0,0.479452055,0.11844207,0.333333333,0,0,0.408163265,0.5,0,0.333333333,0.5,0,1,1,0.951219512
0,0.150684932,0.023027302,0.733333333,0,0,0.37755102,0.5,0.466666667,0.666666667,0.071428571,0.2,0.5,0,0.951219512
0,0.287671233,0.126151213,0.533333333,0,0,0.397959184,0.5,0.733333333,0,0.428571429,0.2,0.25,1,0.975609756
1,0.575342466,0.08664955,0.533333333,0,0,0.418367347,0.5,0.733333333,0.333333333,0.214285714,0,1,1,0.951219512
0,0.383561644,0.018039868,0.8,0,0,0.397959184,0.5,0.6,0.666666667,0.214285714,0.2,1,1,0.951219512
1,0.616438356,0.159120231,0.6,0,0,0.397959184,0.5,1,0.333333333,0.857142857,0,1,1,0.951219512
0,0.136986301,0.100592308,0.533333333,0,0,0.5,0.5,0.733333333,0.333333333,0.214285714,0,1,1,0.951219512
0,0.602739726,0.05528122,0.2,0,0,0.397959184,0.5,0.333333333,0.333333333,0.5,0,1,1,0.536585366
0,0.356164384,0.143188453,0.6,0,0,0.397959184,0.5,1,0.666666667,0.071428571,0.2,1,0,0.951219512
0,0.01369863,0.121437777,0.533333333,0,0,0.397959184,0.5,0.733333333,0.666666667,0.785714286,0.2,1,1,0.804878049
1,0.506849315,0.058791095,0.8,0,0.453856749,0.397959184,0.5,0.6,0.333333333,0.714285714,0,1,1,0.951219512
0,0.273972603,0.014281027,0.533333333,0,0,0.704081633,0.75,0.733333333,0.333333333,0.357142857,0,1,1,0.951219512
1,0.397260274,0.140708943,0.6,0,0,0.397959184,0.5,1,0.333333333,0.928571429,0,1,1,0.951219512
0,0.082191781,0.244409265,0.666666667,0,0,0.397959184,0.5,0.533333333,0.333333333,0.214285714,0,1,1,0.951219512
0,0.136986301,0.324153398,0.133333333,0,0,0.5,0.5,0.266666667,0.666666667,0.357142857,0.8,1,1,0.951219512
1,0.424657534,0.037501142,0.866666667,0.076880769,0,0.5,0.25,0.8,0.333333333,0.714285714,0,1,1,0.951219512
0,0.342465753,0.02172835,0.8,0,0,0.602040816,0.5,0.6,0.333333333,0.857142857,0,1,1,0.951219512
0,0.698630137,0.075216746,0.533333333,0,0,0.448979592,0,0.733333333,0.333333333,0,0,1,1,0.951219512
0,0.424657534,0.021103906,0.666666667,0.050130501,0,0.397959184,0.5,0.533333333,0.333333333,0.428571429,0,1,1,0.951219512
0,0.095890411,0.116831234,0.533333333,0,0,0.244897959,0,0.733333333,0.666666667,0,0.2,1,0,0.951219512
0,0.054794521,0.045627708,0.6,0,0,0.397959184,0,1,0.666666667,0,0.6,1,0,0.951219512
0,0.232876712,0.104362651,0.533333333,0,0,0.397959184,0.25,0.733333333,0.666666667,0.071428571,0.6,1,0,0.951219512
0,0.232876712,0.159865098,0.533333333,0,0,0.551020408,0.5,0.733333333,0.666666667,0.214285714,0.2,1,1,0.951219512
0,0.698630137,0.177124919,0.333333333,0,0,0.193877551,0.5,0,0,1,0.2,1,1,0.951219512
1,0.493150685,0.152381919,0.6,0,0,0.397959184,0.25,1,0.333333333,0.785714286,0,1,1,0.951219512
0,0.109589041,0.115404417,0.533333333,0,0,0.397959184,0.5,0.733333333,0.666666667,0.5,0.6,1,1,0.951219512
0,0.342465753,0.142541683,1,0,0,0.448979592,0.75,0.666666667,0.666666667,0.714285714,0.2,1,0,0.951219512
1,0.424657534,0.103306576,0.533333333,0,0,0.397959184,0.5,0.733333333,0.333333333,0.714285714,0,1,1,0.951219512
0,0.123287671,0.245602,0.6,0,0,0.397959184,0,1,0.666666667,0,0.6,0.25,1,0.731707317
1,0.095890411,0.155088068,0.533333333,0,0,0.448979592,0.5,0.733333333,0.333333333,0.571428571,0,1,1,0.951219512
0,0.369863014,0.058803273,0.2,0,0,0.397959184,0.5,0.333333333,0.333333333,0.5,0,1,1,0.951219512
0,0.232876712,0.071370631,0.6,0.029770298,0,0.653061224,0.5,1,0,0.071428571,0.8,1,0,0.951219512
0,0.342465753,0.084987975,0.533333333,0,0,0.346938776,0.5,0.733333333,0,0.071428571,0.8,1,0,0.951219512
0,0.178082192,0.067167981,0.533333333,0,0,0.479591837,0.5,0.733333333,0.666666667,0.214285714,0.6,1,1,0.951219512
0,0.136986301,0.023396691,0.8,0,0,0.142857143,0.5,0.6,0.666666667,0.928571429,0.2,1,0,0.951219512
0,0.178082192,0.42043887,0.6,0,0,0.448979592,0.5,1,0.666666667,0.214285714,0.2,0.5,1,0.951219512
0,0.082191781,0.123005991,0.8,0,0,0.397959184,0.5,0.6,0.666666667,0.285714286,0.8,1,1,0.951219512
0,0.438356164,0.077113756,0.8,0,0,0.5,0.75,0.6,0.333333333,0.214285714,0,1,1,0.951219512
0,0.260273973,0.104189458,0.533333333,0,0,0.397959184,0.5,0.733333333,0.666666667,0.071428571,0.6,0.5,0,0.951219512
0,0.150684932,0.06872334,0.533333333,0,0,0.397959184,0.5,0.733333333,0,0.071428571,0.8,1,0,0.951219512
0,0.287671233,0.079063537,0.333333333,0,0,0.346938776,0,0,0.833333333,0,0.6,1,1,0.951219512
0,0.04109589,0.266796562,0.533333333,0,0,0.295918367,0.5,0.733333333,0.666666667,0.071428571,0.2,1,0,0.951219512
0,0.780821918,0.06549964,0.6,0,0,0.030612245,0.75,1,0.333333333,0.285714286,0,1,1,0.951219512
0,0.068493151,0.053381503,0.533333333,0,0,0.397959184,0.5,0.733333333,0.666666667,0.857142857,0.6,1,1,0.951219512
1,0.602739726,0.076236287,1,0,0,0.397959184,0.875,0.666666667,0.333333333,0.714285714,0,1,1,0
0,0.150684932,0.120595488,0.8,0,0,0.5,0.5,0.6,0.666666667,0.714285714,0.2,1,1,0.951219512
1,0.136986301,0.177810928,0.533333333,0,0,0.806122449,0.5,0.733333333,0.333333333,0.428571429,0,0.5,1,0.951219512
1,0.465753425,0.212243296,0.533333333,0,0,0.397959184,0.5,0.733333333,0.333333333,0.285714286,0,1,1,0.219512195
0,0.082191781,0.1374115,0.666666667,0,0,0.5,0.625,0.533333333,0.666666667,0.214285714,0.2,1,1,0.951219512
1,0.205479452,0.053232665,0.666666667,0,0,0.448979592,0.5,0.533333333,0.333333333,1,0,1,1,0.951219512
1,0.246575342,0.122436346,0.866666667,0,0,0.397959184,0.75,0.8,0.333333333,0.857142857,0,0.25,1,0
0,0.123287671,0.171126739,0.8,0,0,0.397959184,0.25,0.6,0.666666667,0.714285714,0.2,0.5,0,0.951219512
0,0.219178082,0.04534018,0.533333333,0,0,0.448979592,0.5,0.733333333,0.333333333,0.357142857,0,1,1,0.951219512
1,0.369863014,0.123562104,0.533333333,0,0,0.346938776,0.5,0.733333333,0.333333333,0.857142857,0,1,1,0.951219512
0,0.410958904,0.120450709,0.6,0,0,0.479591837,0.875,1,0,0.928571429,0.8,0.5,0,0.951219512
0,0.04109589,0.250229515,0.6,0,0,0.244897959,0.5,1,0.666666667,0.857142857,0.6,1,1,0.951219512
0,0.164383562,0.135183663,0.533333333,0,0,0.295918367,0.5,0.733333333,0.833333333,0.571428571,0.8,0.5,0,0.951219512
0,0.123287671,0.169753368,0.6,0,0,0.37755102,0.5,1,0,0.071428571,0.8,1,0,0.951219512
0,0.273972603,0.11270571,0.533333333,0,0,0.448979592,0.5,0.733333333,0.333333333,0.071428571,0,1,1,0.951219512
1,0.178082192,0.057801998,0.533333333,0,0,0.346938776,0.5,0.733333333,0.333333333,0.214285714,0,1,1,0.951219512
1,0.643835616,0.060071104,0.933333333,0,0.561065197,0.397959184,0.5,0.933333333,1,0.714285714,0.2,1,0,0.951219512
1,0.465753425,0.021373844,1,0,0,0.5,0.75,0.666666667,0,0.857142857,0.2,1,1,0.951219512
0,0.671232877,0.155809257,0.533333333,0,0,0.336734694,0.5,0.733333333,0.333333333,0.571428571,0,1,1,0.951219512
0,0.164383562,0.068451372,0.533333333,0,0,0.397959184,0.5,0.733333333,0.666666667,1,0.4,0.75,1,0.146341463
0,0.205479452,0.122517531,0.533333333,0,0,0.397959184,0.5,0.733333333,0.666666667,1,0.6,1,1,0.951219512
1,0.520547945,0.132841491,0.533333333,0,0,0.295918367,0,0.733333333,0.333333333,0,0,1,1,0.951219512
1,0.424657534,0.09079943,0.8,0,0,0.5,0.5,0.6,0.333333333,0.071428571,1,1,0,0.951219512
0,0.01369863,0.272262984,0.4,0,0.367768595,0.224489796,0.5,0.066666667,0.666666667,0.571428571,0.6,0.5,1,0.951219512
0,0.04109589,0.053888906,0.533333333,0,0.395087236,0.295918367,0.5,0.733333333,0.666666667,0.071428571,0.2,0.5,0,0.951219512
0,0.219178082,0.098410476,0.733333333,0,0,0.397959184,0.5,0.466666667,0.333333333,0.428571429,0,1,1,0.951219512
0,0.01369863,0.410335461,0.6,0,0,0.397959184,0.5,1,0.666666667,0.071428571,0.6,1,0,0.951219512
1,0.369863014,0.125833917,0.866666667,0.150241502,0,0.397959184,0.5,0.8,0.333333333,0.285714286,0,1,1,0.951219512
0,0.178082192,0.149163631,0.533333333,0,0,0.397959184,0.5,0.733333333,0,0.571428571,0.8,1,0,0.951219512
0,0.657534247,0.045050622,0.6,0.022900229,0,0.397959184,0.75,1,0.333333333,0.285714286,0,1,1,0.951219512
0,0.342465753,0.14159656,0.533333333,0,0,0.397959184,0.25,0.733333333,0,0.071428571,0.2,1,0,0.951219512
1,0.164383562,0.148068993,0.8,0,0,0.5,0.5,0.6,0.333333333,0.714285714,0,1,1,0.951219512
1,0.232876712,0.198451406,0.533333333,0,0,0.397959184,0.5,0.733333333,0.333333333,0.214285714,0,1,1,0.951219512
0,0.082191781,0.165025049,0.6,0,0,0.234693878,0.5,1,0.666666667,0.071428571,0.2,0.25,1,0.975609756
0,0.205479452,0.078975587,0.533333333,0,0,0.397959184,0.5,0.733333333,0.333333333,0.285714286,0,1,1,0.951219512
0,0.342465753,0.171443359,0.866666667,0,0,0.397959184,0.5,0.8,0,0.714285714,0.8,1,0,0.951219512
1,0.506849315,0.108660693,0.933333333,0.051780518,0,0.5,0.75,0.933333333,0.333333333,0.714285714,0,1,1,0.951219512
0,0.342465753,0.154075968,0.533333333,0,0,0.397959184,0,0.733333333,0,0,0.2,0.5,0,0.951219512
0,0.054794521,0.025746305,0.6,0,0,0.37755102,0.5,1,0.666666667,0.071428571,0.2,1,0,0.951219512
0,0.315068493,0.111166587,0.533333333,0,0,0.397959184,0.5,0.733333333,0,0.571428571,0.2,0.5,1,0.951219512
1,0.397260274,0.123894961,0.8,0,0,0.43877551,0.5,0.6,0.666666667,0.714285714,0.2,0.5,0,0.951219512
1,0.671232877,0.014119334,0.533333333,0,0,0.448979592,0.875,0.733333333,0.333333333,0.285714286,0,1,1,0.951219512
0,0.082191781,0.249908837,0.6,0,0,0.397959184,0.5,1,0.666666667,0.928571429,0.4,1,0,0.951219512
0,0.410958904,0.17183778,0.4,0.068490685,0,0.397959184,0.5,0.066666667,0.666666667,0.5,0.8,0.5,0,0.951219512
0,0.260273973,0.150181819,0.6,0,0,0.397959184,0.5,1,0.666666667,0.214285714,0.2,1,0,0.951219512
0,0,0.120867456,0.333333333,0,0,0.193877551,0.5,0,0.666666667,0.857142857,0.6,1,0,0.951219512
1,0.410958904,0.086839657,0.6,0,0,0.397959184,0.25,1,0.333333333,0.785714286,0,1,1,0.951219512
0,0.068493151,0.144268883,0.533333333,0,0.506198347,0.397959184,0.5,0.733333333,0.666666667,0.571428571,0.6,1,1,0.951219512
0,0,0.109721503,0.4,0,0,0.173469388,0.5,0.066666667,0.666666667,0.571428571,0.6,1,1,0.951219512
0,0.02739726,0.120293753,0.466666667,0,0,0.397959184,0,0.133333333,0.666666667,0,0.2,0.5,1,0.951219512
1,0.383561644,0.061217158,0.8,0,0,0.397959184,0.75,0.6,0.333333333,1,0,1,1,0.951219512
1,0.438356164,0.010747472,0.866666667,0.150241502,0,0.785714286,0.5,0.8,0.333333333,0.785714286,0,1,1,0.951219512
0,0.246575342,0.114946401,0.866666667,0,0,0.5,0.5,0.8,0.333333333,0.714285714,0,1,1,0.951219512
0,0.410958904,0.101333117,0.866666667,0,0,0.397959184,0.5,0.8,0.333333333,0.071428571,0,0.5,1,0.341463415
0,0.671232877,0.016290343,0.533333333,0,0.520431589,0.397959184,0.25,0.733333333,0.333333333,0.214285714,0,1,1,0.951219512
0,0.438356164,0.045039797,0.866666667,0,0.074150597,0.193877551,0.25,0.8,1,0.714285714,0.8,1,0,0.951219512
1,0.178082192,0.336292508,0.6,0,0,0.397959184,0.5,1,0.333333333,0.071428571,0.6,1,1,0.951219512
0,0.232876712,0.029676311,0.4,0,0,0.397959184,0.5,0.066666667,0.666666667,1,0.8,1,1,0.951219512
0,0.273972603,0.132332058,0.8,0,0,0.5,0.125,0.6,0,0.285714286,0.4,1,0,0.951219512
0,0.095890411,0.202302257,0.8,0,0,0.653061224,0.5,0.6,0.666666667,0.5,0.2,1,1,0.951219512
0,0.109589041,0.063194,0.8,0,0,0.397959184,0.5,0.6,0.666666667,0.714285714,0.2,1,0,0.951219512
0,0.547945205,0.104066328,0.533333333,0,0,0.397959184,0.5,0.733333333,0.333333333,0.071428571,1,0.25,0,0
0,0.273972603,0.139819973,0.533333333,0,0,0.346938776,0.5,0.733333333,0.666666667,0.357142857,0.6,1,1,0.951219512
0,0.068493151,0.114631135,0.6,0,0,0.295918367,0.5,1,0.333333333,0.357142857,0,1,1,0.268292683
1,0.356164384,0.079723837,0.6,0.150241502,0,0.448979592,0.625,1,0.333333333,0.285714286,0,1,1,0.951219512
0,0.068493151,0.11952047,0.6,0,0,0.397959184,0.5,1,0.666666667,0.928571429,0.6,1,1,0.951219512
0,0.383561644,0.07435822,0.533333333,0,0,0.397959184,0.5,0.733333333,1,0.214285714,0.8,0.5,0,0.951219512
0,0.205479452,0.123546544,0.733333333,0,0.472222222,0.704081633,0.25,0.466666667,0.333333333,0.285714286,0,1,1,0.951219512
1,0.369863014,0.070409271,0.8,0,0,0.397959184,0.5,0.6,0.333333333,0.857142857,0,0.25,1,0.951219512
0,0.082191781,0.106761653,0.6,0,0,0.051020408,0.875,1,0.666666667,0.714285714,0.6,1,0,0.951219512
0,0.506849315,0.071593212,0.533333333,0,0,0.397959184,0.5,0.733333333,0.333333333,0.214285714,0,0.5,1,0.951219512
0,0.410958904,0.085097574,0.6,0,0,0.397959184,0.5,1,0.333333333,0.214285714,0,1,1,0.951219512
0,0.506849315,0.099222997,0.533333333,0,0,0.142857143,0.75,0.733333333,0.333333333,1,0,1,1,0.951219512
0,0,0.140786745,0.4,0,0,0.142857143,0.5,0.066666667,0.666666667,0.071428571,0.6,1,1,0.951219512
0,0.054794521,0.069011545,0.4,0,0,0.397959184,0.5,0.066666667,0.666666667,0.571428571,0.8,1,1,0.951219512
0,0.01369863,0.175662922,0.533333333,0,0,0.397959184,0.5,0.733333333,0.666666667,0.5,0.6,1,0,0.951219512
1,0.273972603,0.227623696,0.933333333,0,0,0.5,0.75,0.933333333,0.333333333,0.714285714,0,1,1,0.951219512
0,0.479452055,0.065710719,0.533333333,0,0,0.397959184,0.5,0.733333333,0.666666667,0.857142857,0.2,1,1,0.951219512
0,0.054794521,0.118099065,0.533333333,0,0,0.397959184,0.5,0.733333333,0.666666667,0.428571429,0.6,1,1,0.951219512
0,0.369863014,0.110130132,0.8,0,0,0.755102041,0.5,0.6,0,0.857142857,0.8,1,0,0.951219512
1,0.397260274,0.07728695,0.8,0,0.436639118,0.397959184,0.25,0.6,0.333333333,0.714285714,1,1,0,0.951219512
0,0.150684932,0.133158787,0.8,0,0,0.397959184,0.5,0.6,0,0.285714286,0.2,1,1,0.951219512
0,0.109589041,0.072900958,0.8,0,0,0.397959184,0.875,0.6,0.666666667,0.714285714,0.2,1,0,0.951219512
0,0.191780822,0.084138244,0.533333333,0,0,0.397959184,0.5,0.733333333,0.333333333,0.214285714,0,1,1,0.634146341
0,0.315068493,0.065578118,0.4,0,0,0.448979592,0.5,0.066666667,0.333333333,0.214285714,0,1,1,0.634146341
0,0.01369863,0.05063882,0.4,0,0,0.142857143,0.5,0.066666667,0.666666667,0.571428571,0.6,1,1,0.951219512
0,0.068493151,0.135258759,0.6,0,0,0.397959184,0.25,1,0.666666667,0.071428571,0.6,0.5,0,0.951219512
0,0.191780822,0.068616447,0.533333333,0,0,0.397959184,0.5,0.733333333,0.333333333,0.5,0,1,1,0.951219512
0,0.260273973,0.101307408,0.533333333,0.033250333,0,0.397959184,0.5,0.733333333,0.666666667,0.071428571,0.2,1,0,0.951219512
0,0.493150685,0.188481275,0.2,0,0,0.397959184,0.5,0.333333333,0.333333333,0.5,0,1,1,0.634146341
1,0.520547945,0.106349641,0.533333333,0,0,0.397959184,0.875,0.733333333,0.333333333,0.357142857,0,1,1,0.951219512
0,0.219178082,0.255492299,0.533333333,0,0,0.551020408,0.5,0.733333333,0,1,0.2,0.5,1,0.951219512
0,0.356164384,0.110172754,0.6,0,0,0.346938776,0.5,1,0,0.928571429,0.8,0.5,0,0.951219512
0,0.191780822,0.018110228,0.533333333,0,0,0.193877551,0.5,0.733333333,0.333333333,0.214285714,0,1,1,0.951219512
0,0.219178082,0.147111016,0.733333333,0,0,0.397959184,0.5,0.466666667,0.666666667,0.928571429,0.2,1,1,0.951219512
0,0.191780822,0.139929572,0.6,0.054550546,0,0.602040816,0.5,1,0,0.285714286,0.8,1,0,0.951219512
0,0.232876712,0.099557206,0.533333333,0,0,0.295918367,0.5,0.733333333,0.666666667,0.714285714,0.2,1,0,0.951219512
0,0.082191781,0.18224766,0.333333333,0,0,0.397959184,0,0,0.666666667,0,0.6,0.5,0,0.951219512
0,0.547945205,0.065441458,0.6,0,0,0.479591837,0.5,1,0,0.857142857,0.2,1,0,0.951219512
0,0.123287671,0.152952916,0.533333333,0,0,0.397959184,0.5,0.733333333,0.666666667,0.214285714,0.2,1,1,0.951219512
0,0.123287671,0.015274184,0.6,0,0,0.37755102,0.875,1,0.333333333,0.071428571,0,0.25,1,0
0,0.123287671,0.149633824,0.533333333,0,0,0.530612245,0.5,0.733333333,0.333333333,0.571428571,0,1,1,0.634146341
0,0.97260274,0.118266847,0.933333333,0,0,0.397959184,0.75,0.933333333,0.333333333,0.285714286,0,1,1,0.951219512
1,0.301369863,0.012342747,0.8,0,0.433195592,0.397959184,0.5,0.6,0.333333333,0.285714286,0,1,1,0.951219512
0,0.671232877,0.021938077,0.533333333,0,0,0.142857143,0.75,0.733333333,0.333333333,0.214285714,1,1,0,0.951219512
0,0.547945205,0.108790588,0.533333333,0,0,0.316326531,0.5,0.733333333,1,0.857142857,0.8,1,0,0.951219512
1,0.342465753,0.013463093,0.8,0,0,0.602040816,0.75,0.6,0.333333333,0.357142857,0,1,1,0.951219512
0,0.068493151,0.327830379,0.6,0,0,0.397959184,0.5,1,0.333333333,0.285714286,1,1,0,0.951219512
1,0.397260274,0.189622594,0.8,0.07298073,0,0.653061224,0.625,0.6,0.333333333,0.928571429,0,1,1,0.951219512
0,0.575342466,0.083977228,0.8,0,0,0.397959184,0.5,0.6,0.333333333,0.857142857,0,1,1,0.951219512
0,0.191780822,0.089752151,0.8,0,0,0.397959184,0.125,0.6,0.333333333,0.071428571,0,1,1,0.951219512
0,0.369863014,0.140250251,0.6,0,0,0.397959184,0.75,1,0.333333333,0.214285714,0,1,1,0.951219512
1,0.410958904,0.092966379,0.866666667,0.150241502,0,0.346938776,0.25,0.8,0.333333333,0.714285714,0,1,1,0.951219512
0,0.342465753,0.08114186,0.8,0,0,0.602040816,0.5,0.6,0.666666667,0.857142857,0.6,1,1,0.951219512
0,0.273972603,0.039426567,0.066666667,0,0,0.479591837,0.5,0.2,0.666666667,0.571428571,0.8,1,0,0.195121951
0,0.534246575,0.256999625,0.533333333,0,0,0.244897959,0.5,0.733333333,1,0.857142857,0.8,1,0,0.634146341
1,0.315068493,0.091076134,0.866666667,0,0,0.5,0.5,0.8,0.333333333,0.285714286,0,1,1,0.951219512
1,0.205479452,0.204009837,0.866666667,0,0,0.397959184,0.5,0.8,0.333333333,0.714285714,0,1,1,0.951219512
0,0.876712329,0.122420786,0.066666667,0,0,0.448979592,0.75,0.2,1,0.857142857,0.4,1,1,0.634146341
1,0.835616438,0.205651116,0.8,1,0,0.193877551,0.75,0.6,0.666666667,0.285714286,0.2,1,1,0.951219512
0,0.671232877,0.068050186,0.4,0,0,0.295918367,0,0.066666667,0.666666667,0,0.2,1,1,0.951219512
0,0.273972603,0.139064281,0.133333333,0,0,0.397959184,0.5,0.266666667,0.833333333,0.571428571,0.8,1,0,0.634146341
0,0.671232877,0.027311136,0.4,0,0,0.316326531,0,0.066666667,0.333333333,0,0,1,1,0.951219512
0,0.424657534,0.153195793,0.533333333,0,0,0.397959184,0.5,0.733333333,1,0.071428571,0.8,1,0,0.951219512
0,0.082191781,0.286547393,0.533333333,0,0.383149679,0.551020408,0.5,0.733333333,0.666666667,0.857142857,0.2,1,1,0.951219512
1,0.191780822,0.114978875,0.733333333,0.043860439,0,0.448979592,0.5,0.466666667,0.333333333,0.857142857,0,1,1,0.951219512
0,0.02739726,0.026945806,0.6,0,0,0.091836735,0,1,0.666666667,0,0.6,1,0,0.951219512
0,0.164383562,0.157712357,0.8,0,0,0.397959184,0.5,0.6,0,0.928571429,0.2,1,0,0.951219512
0,0.068493151,0.139454643,0.6,0,0,0.5,0.5,1,0.666666667,0.928571429,0.8,1,0,0.951219512
1,0.301369863,0.232176116,0.533333333,0,0.433195592,0.459183673,0.5,0.733333333,0.333333333,0.857142857,0,1,1,0.951219512
1,0.178082192,0.212310274,0.533333333,0,0,0.397959184,0.25,0.733333333,0.333333333,0.785714286,0,1,1,0.951219512
0,0.068493151,0.114897691,0.6,0,0,0.397959184,0.5,1,0.666666667,0.214285714,0.6,1,1,0.951219512
0,0.273972603,0.096595326,0.666666667,0,0,0.397959184,0.5,0.533333333,0,0.714285714,0.8,1,0,0.951219512
0,0.082191781,0.064206777,0.6,0,0,0.193877551,0.5,1,0.666666667,0.071428571,0.6,0.5,1,0.951219512
0,0.452054795,0.102418283,0.533333333,0,0,0.397959184,0.5,0.733333333,0.333333333,0.214285714,0,1,1,0.951219512
1,0.246575342,0.118670063,0.733333333,0,0,0.806122449,0.625,0.466666667,0.333333333,0.214285714,0,1,1,0.951219512
1,0.287671233,0.272310341,0.533333333,0,0,0.397959184,0.25,0.733333333,0.333333333,1,0,1,1,0.951219512
0,0.191780822,0.101966356,0.733333333,0,0,0.397959184,0.5,0.466666667,0.666666667,0.714285714,0.4,0.25,0,0.731707317
1,0.616438356,0.104736776,0.8,0,0,0.397959184,0.5,0.6,0.333333333,0.285714286,0,1,1,0.951219512
0,0.164383562,0.257746522,0.8,0,0,0.397959184,0.5,0.6,0.666666667,0.714285714,0.2,1,1,0.951219512
0,0.383561644,0.16697077,0.866666667,0,0,0.448979592,0.875,0.8,0,0.714285714,0.2,1,0,0.951219512
0,0.136986301,0.132683181,0.8,0,0,0.295918367,0.875,0.6,0.666666667,0.714285714,0.2,1,1,0.951219512
0,0.095890411,0.202779892,0.6,0,0,0.397959184,0.125,1,0.666666667,0.285714286,0.6,1,1,0.951219512
0,0.534246575,0.108299422,0.533333333,0,0,0.397959184,0.5,0.733333333,0.333333333,0.5,0,1,1,0.951219512
0,0.095890411,0.164526441,0.4,0,0,0.397959184,0.5,0.066666667,0.333333333,0.857142857,0,1,1,0.951219512
1,0.369863014,0.124658771,0.8,0.07298073,0,0.397959184,0.5,0.6,0.333333333,0.214285714,0,1,1,0.951219512
0,0.082191781,0.071377396,0.666666667,0,0,0.5,0.25,0.533333333,0.666666667,0.714285714,0.2,1,0,0.951219512
0,0.561643836,0.125043721,0.4,0,0,0.397959184,0.5,0.066666667,0.333333333,0.214285714,0,1,1,0.951219512
0,0.479452055,0.094774764,0.533333333,0.021050211,0,0.397959184,0.5,0.733333333,0.333333333,0.5,0,1,1,0.951219512
0,0.616438356,0.070237431,0.533333333,0,0,0.193877551,0.5,0.733333333,1,0.071428571,0.2,1,0,0.268292683
1,0.232876712,0.135944091,0.8,0,0,0.397959184,0.5,0.6,0.333333333,0.714285714,0,1,1,0.487804878
0,0.150684932,0.149174455,0.6,0,0,0.397959184,0.5,1,0.666666667,0.071428571,0.2,1,0,0.951219512
1,0.424657534,0.017559527,0.533333333,0,0,0.397959184,0.625,0.733333333,0.333333333,0.357142857,0,1,1,0.951219512
0,0.438356164,0.118582113,0.6,0,0,0.397959184,0.5,1,0,0.571428571,0.2,1,1,0.951219512
0,0.273972603,0.10412451,0.533333333,0,0,0.397959184,0.5,0.733333333,0.333333333,0.428571429,0,1,1,0.951219512
0,0.698630137,0.124209551,0.533333333,0.024140241,0,0.397959184,0.75,0.733333333,0.333333333,0.357142857,0,1,1,0.951219512
0,0.068493151,0.12342612,0.8,0,0,0.091836735,0.5,0.6,0.666666667,0.071428571,0.6,1,0,0.951219512
0,0.534246575,0.144536792,0.266666667,0.025800258,0,0.397959184,0.5,0.4,0.333333333,0.214285714,0,1,1,0.951219512
1,0.397260274,0.063025543,0.8,0,0,0.5,0.5,0.6,0.333333333,0.285714286,0,1,1,0.951219512
0,0.109589041,0.093084774,0.8,0,0,0.397959184,0.5,0.6,1,0.285714286,0.2,1,0,0.951219512
0,0.315068493,0.219483599,0.666666667,0,0,0.602040816,0.5,0.533333333,0.833333333,0.214285714,0.2,1,0,0.951219512
0,0.506849315,0.057116665,0.533333333,0,0,0.193877551,0.5,0.733333333,0.333333333,0.642857143,0.4,0.5,0,0.951219512
0,0.287671233,0.186300119,0.866666667,0,0,0.397959184,0.25,0.8,0,0.714285714,0.2,0.5,1,0.56097561
0,0.246575342,0.208066355,0.6,0,0,0.602040816,0.75,1,0.333333333,0.357142857,0,1,1,0.951219512
0,0.232876712,0.235708318,0.6,0,0.373737374,0.479591837,0.5,1,0.333333333,0.285714286,0,1,1,0.951219512
0,0.671232877,0.093660507,0.266666667,0.014090141,0,0,0.625,0.4,0.333333333,0.285714286,0,1,1,0
0,0.123287671,0.102971014,0.8,0,0,0.091836735,0.5,0.6,0.666666667,0.285714286,0.2,1,1,0.951219512
0,0.342465753,0.051902592,0.8,0,0,0.5,0.5,0.6,0.333333333,0.428571429,0,1,1,0.951219512
0,0.273972603,0.027183271,0.533333333,0,0,0.397959184,0.25,0.733333333,0.666666667,0.571428571,0.2,1,1,0.951219512
1,0.410958904,0.252924164,0.733333333,0,0,0.397959184,0.5,0.466666667,0.333333333,0.714285714,0,1,1,0.951219512
0,0.273972603,0.083081492,0.6,0,0,0.56122449,0.5,1,0,0.571428571,0.8,1,0,0.951219512
0,0.561643836,0.103297105,0.533333333,0,0,0.397959184,0.25,0.733333333,0,0.071428571,0.2,0.5,1,0.951219512
1,0.301369863,0.096309151,0.8,0,0,0.448979592,0.5,0.6,0.333333333,0.285714286,0,1,1,0.951219512
0,0.452054795,0.087672475,0.533333333,0,0,0.397959184,0.25,0.733333333,0.333333333,1,0,1,1,0.951219512
1,0.547945205,0.099473992,0.866666667,0,0,0.5,0.5,0.8,0.333333333,0.285714286,0,1,1,0.951219512
0,0.315068493,0.084470423,0.533333333,0,0,0.602040816,0.5,0.733333333,0.333333333,0.857142857,0,1,1,0.951219512
0,0.068493151,0.139773292,0.466666667,0,0,0.397959184,0.5,0.133333333,0.666666667,0.428571429,0.6,0,1,0.951219512
1,0.630136986,0.066709965,0.866666667,0,0,0.704081633,0.625,0.8,0,0.714285714,0.2,1,1,0.951219512
0,0.095890411,0.169954976,0.4,0,0,0.397959184,0.5,0.066666667,0.666666667,0.214285714,0.2,1,1,0.951219512
0,0.219178082,0.234332241,0.8,0,0,0.091836735,0.5,0.6,0.666666667,0.071428571,0.6,1,0,0.951219512
0,0.424657534,0.167000538,0.6,0.054550546,0,0.397959184,0.125,1,0,0.071428571,0.8,0.5,1,0.951219512
0,0.465753425,0.018905836,0.533333333,0,0,0.602040816,0.5,0.733333333,0.333333333,0.285714286,1,1,0,0.951219512
0,0.109589041,0.104691448,0.333333333,0,0,0.397959184,0.5,0,0.666666667,0.5,0.2,1,0,0.097560976
0,0.616438356,0.119620598,0.6,0,0,0.142857143,0,1,0.333333333,0,0,1,1,0.951219512
1,0.465753425,0.109397442,0.533333333,0,0,0.479591837,0.5,0.733333333,0.333333333,0.857142857,0,1,1,0.951219512
0,0.301369863,0.129542018,1,0,0,0.806122449,0.5,0.666666667,0,0.714285714,0.8,1,0,0.951219512
1,0.383561644,0.234488521,0.533333333,0,0,0.397959184,0.5,0.733333333,0.333333333,1,0,1,1,0.951219512
0,0.095890411,0.284852667,0.533333333,0,0,0.397959184,0.5,0.733333333,0,0.5,0.2,1,1,0.951219512
0,0.369863014,0.109191098,0.533333333,0,0,0.397959184,0.5,0.733333333,0,1,0.2,1,1,0.951219512
0,0.04109589,0.284057059,0.533333333,0,0,0.071428571,0.5,0.733333333,0.666666667,0.857142857,0.6,1,0,0.634146341
0,0.520547945,0.171362851,0.6,0.023540235,0,0.397959184,0.5,1,1,0.285714286,0.2,1,0,0.951219512
1,0.328767123,0.336771496,0.8,0,0,0.397959184,0.5,0.6,0.333333333,0.714285714,0,1,1,0.951219512
0,0.410958904,0.119637511,0.4,0,0.340909091,0.581632653,0.5,0.066666667,0.333333333,0.071428571,0,1,1,0.951219512
0,0.438356164,0.12044665,0.8,0,0,0.397959184,0.5,0.6,0.5,0.071428571,0.2,0,1,0.731707317
0,0.082191781,0.079195462,0.6,0,0,0.244897959,0.5,1,0.666666667,0.571428571,0.2,1,1,0.951219512
1,0.438356164,0.278014228,0.866666667,0,0,0.5,0.5,0.8,0.333333333,0.857142857,0,1,1,0.951219512
0,0.246575342,0.184515413,0.533333333,0,0,0.397959184,0.5,0.733333333,0.666666667,0.214285714,0.2,1,1,0.951219512
1,0.410958904,0.069905251,0.533333333,0,0,0.5,0.5,0.733333333,0.333333333,0.214285714,0,1,1,0.951219512
1,0.164383562,0.072733177,0.2,0,0,0.397959184,0.5,0.333333333,0.333333333,0.214285714,0,1,1,0.780487805
0,0.054794521,0.126314258,0.533333333,0,0,0.326530612,0.5,0.733333333,0.666666667,0.857142857,0.2,1,0,0.951219512
0,0.219178082,0.152591645,0.6,0,0,0.397959184,0.5,1,0,0.928571429,0.2,1,0,0.951219512
0,0.191780822,0.10609391,0.8,0,0,0.397959184,0.5,0.6,0.666666667,0.857142857,0.6,0.25,1,0
0,0.534246575,0.110734956,0.6,0,0,0.397959184,0.75,1,0,0.571428571,0.2,1,0,0.951219512
0,0.246575342,0.213796626,0.733333333,0,0,0.397959184,0.5,0.466666667,0.166666667,0.071428571,1,1,0,0.951219512
0,0.602739726,0.208936382,0.533333333,0,0,0.397959184,0.25,0.733333333,0.333333333,0.785714286,0,1,1,0.951219512
0,0.082191781,0.150723049,0.6,0,0,0.5,0.5,1,0.666666667,0.285714286,0.6,1,1,0.951219512
0,0.232876712,0.124550526,0.666666667,0,0,0.397959184,0.5,0.533333333,0.333333333,0.285714286,0,1,1,0.951219512
0,0.369863014,0.247589667,0.533333333,0,0,0.37755102,0.5,0.733333333,0.333333333,0.071428571,1,1,0,0.951219512
1,0.205479452,0.011939531,0.8,0,0,0.5,0.5,0.6,0.333333333,0.428571429,0,1,1,0.951219512
0,0.493150685,0.128395964,0.6,0,0,0.295918367,0.625,1,0.333333333,0.285714286,1,0.5,0,0.951219512
1,0.534246575,0.130254412,0.533333333,0,0,0.551020408,0.5,0.733333333,0.333333333,0.857142857,0,1,1,0.951219512
0,0.260273973,0.045574262,0.6,0,0,0.397959184,0.5,1,0.333333333,0.857142857,0,1,1,0.951219512
0,0.369863014,0.06790473,0.533333333,0,0,0.193877551,0.5,0.733333333,0.333333333,0.071428571,1,1,0,0.951219512
0,0.123287671,0.073034236,0.666666667,0,0,0.397959184,0.25,0.533333333,0.666666667,0.071428571,0.8,1,1,0.951219512
0,0,0.137913491,0.266666667,0,0,0.142857143,0.5,0.4,0.666666667,0.857142857,0.6,1,0,0.951219512
1,0.219178082,0.136662574,0.533333333,0,0.424242424,0.479591837,0.5,0.733333333,0.333333333,0.5,0,1,1,0.951219512
0,0.424657534,0.119379074,0.866666667,0,0,0.5,0.25,0.8,0.666666667,0.714285714,0.2,1,0,0.951219512
0,0.260273973,0.084659177,0.666666667,0,0,0.367346939,0.875,0.533333333,0.333333333,0.928571429,0,0.25,1,0.414634146
0,0.082191781,0.079625063,0.6,0,0,0.397959184,0.5,1,0.666666667,0.428571429,0.4,1,1,0.951219512
0,0.383561644,0.101935912,0.533333333,0,0,0.346938776,0.5,0.733333333,0.833333333,0.571428571,0.2,1,0,0.951219512
0,0.246575342,0.034933682,0.533333333,0,0,0.397959184,0.5,0.733333333,0.333333333,0.5,0,1,1,0.951219512
1,0.205479452,0.19225906,0.666666667,0,0,0.397959184,0.5,0.533333333,0.333333333,0.214285714,0,1,1,0.951219512
0,0.301369863,0.077317394,0.533333333,0,0,0.397959184,0.5,0.733333333,0.666666667,0.214285714,0.2,1,1,0.756097561
0,0.123287671,0.055916488,0.733333333,0,0,0.397959184,0.5,0.466666667,0.666666667,0.857142857,0.2,1,1,0.951219512
0,0.493150685,0.27509091,0.533333333,0,0,0.397959184,0.5,0.733333333,0.333333333,0.214285714,0,0.75,1,0.634146341
0,0.315068493,0.071520822,0.333333333,0,0,0.397959184,0.5,0,0.333333333,0.214285714,0,0.5,1,0.951219512
0,0.301369863,0.131300339,0.666666667,0,0,0.397959184,0.625,0.533333333,0.333333333,0.214285714,0,1,1,0.951219512
1,0.465753425,0.146768012,0.866666667,0,0,0.173469388,0.5,0.8,0,0.571428571,0.2,0.5,0,0.951219512
1,0.315068493,0.12184167,0.6,0,0,0.5,0.5,1,0.333333333,0.214285714,0,1,1,0.951219512
0,0.315068493,0.214894646,0.533333333,0,0,0.295918367,0.5,0.733333333,0.833333333,0.428571429,0.2,0.5,1,0.951219512
0,0.410958904,0.026641364,0.6,0.039080391,0,0.397959184,0.125,1,0.333333333,0.214285714,0,1,1,0.951219512
0,0.191780822,0.120124618,0.533333333,0,0,0.448979592,0.75,0.733333333,0.666666667,0.214285714,0.2,1,1,0.951219512
0,0.082191781,0.023188994,0.533333333,0,0,0.602040816,0.5,0.733333333,0,0.214285714,0.2,1,1,0.951219512
0,0.547945205,0.121497989,0.533333333,0,0,0.397959184,0.5,0.733333333,0.333333333,0.928571429,0,1,1,0.951219512
1,0.479452055,0.090944209,0.8,0,0,0.5,0.5,0.6,0.333333333,0.714285714,0,1,1,0.951219512
0,0.02739726,0.180090859,0.6,0,0,0.397959184,0.5,1,0.666666667,0.285714286,0.2,1,1,0.951219512
0,0.547945205,0.1194677,0.133333333,0.06497065,0,0.397959184,0.5,0.266666667,0,1,0.8,1,1,0.951219512
0,0.561643836,0.16842059,0.6,0,0,0.397959184,0.75,1,0,0.714285714,0.2,1,0,0.951219512
0,0.342465753,0.028191988,0.533333333,0,0,0.397959184,0.5,0.733333333,0.333333333,0.428571429,0,1,1,0.951219512
0,0.150684932,0.153469114,0.6,0,0,0.5,0.5,1,0.666666667,0.285714286,0.2,1,1,0.951219512
1,0.287671233,0.086248364,0.866666667,0,0,0.479591837,0,0.8,0.333333333,0,1,1,0,0.951219512
0,0.068493151,0.136737669,0.6,0,0,0.295918367,0.5,1,0.666666667,0.857142857,0.6,1,0,0.951219512
1,0.301369863,0.043387693,0.866666667,0,0,0.397959184,0.5,0.8,0.333333333,0.714285714,0,1,1,0.951219512
0,0.205479452,0.117402908,0.8,0,0,0.397959184,0.5,0.6,0.666666667,0.714285714,0.2,0.5,0,0.951219512
0,0.205479452,0.101538108,0.866666667,0,0,0.346938776,0.5,0.8,0.833333333,0.714285714,0.2,1,0,0.487804878
0,0.479452055,0.042199017,0.866666667,0,0,0.397959184,0.5,0.8,0.333333333,0.285714286,0,1,1,0.951219512
1,0.452054795,0.057814175,0.533333333,0,0,0.448979592,0.5,0.733333333,0.333333333,0.5,0,1,1,0.951219512
0,0.547945205,0.058615872,0.6,0,0,0.153061224,0.5,1,1,0.928571429,0.2,1,0,0.951219512
0,0.547945205,0.094437172,0.533333333,0,0,0.5,0.5,0.733333333,0.333333333,0.571428571,1,0.5,0,0.951219512
0,0.383561644,0.215004922,0.733333333,0,0,0.397959184,0.5,0.466666667,0.666666667,0.357142857,0.2,1,1,0.951219512
0,0.657534247,0.121673889,0.533333333,0.022900229,0,0.397959184,0.5,0.733333333,0.333333333,0.214285714,0,1,1,0.292682927
0,0.520547945,0.08028604,0.533333333,0,0,0.448979592,0.5,0.733333333,0.333333333,0.214285714,0,1,1,0.951219512
1,0.506849315,0.090851524,0.533333333,0,0,0.397959184,0.625,0.733333333,0.333333333,0.214285714,0,1,1,0.951219512
0,0.493150685,0.140959939,0.8,0,0,0.193877551,0,0.6,0,0,0.4,0.75,0,0.951219512
0,0.095890411,0.103353934,0.666666667,0,0,0.448979592,0.5,0.533333333,0.666666667,0.214285714,0.2,1,1,0.951219512
1,0.205479452,0.118082152,0.8,0,0,0.397959184,0.5,0.6,0.333333333,0.214285714,0,1,1,0.951219512
0,0.232876712,0.084925057,0.6,0,0,0.448979592,0.5,1,0.833333333,0.857142857,0.2,1,1,0.951219512
0,0.301369863,0.011899615,0.533333333,0,0,0.540816327,0.75,0.733333333,0.333333333,0.357142857,0,1,1,0.951219512
0,0.068493151,0.014387243,0.6,0,0,0.397959184,0.5,1,0.666666667,0.571428571,0.2,1,1,0.951219512
1,0.726027397,0.081444948,0.866666667,0.093860939,0,0.030612245,0.5,0.8,0.333333333,0.857142857,0,1,1,0.951219512
0,0.068493151,0.17956316,0.6,0,0,0.193877551,0.125,1,0.666666667,0.928571429,0.6,1,1,0.951219512
0,0.246575342,0.193091877,0.6,0,0,0.397959184,0.5,1,0.333333333,1,0,0.25,1,0.951219512
0,0.054794521,0.21218782,0.6,0,0,0.346938776,0.5,1,0.666666667,0.928571429,0.6,1,1,0.951219512
0,0.219178082,0.144941361,0.533333333,0,0,0.602040816,0.5,0.733333333,0,0.285714286,0.2,1,1,0.951219512
0,0.342465753,0.070997182,0.866666667,0,0,0.448979592,0.25,0.8,0,0.714285714,0.8,1,0,0.951219512
0,0.273972603,0.011859023,0.533333333,0,0,0.5,0.75,0.733333333,0.666666667,0.357142857,0.8,1,1,0.951219512
0,0.260273973,0.15389195,0.666666667,0,0,0.397959184,0.5,0.533333333,0.666666667,0.5,0.2,1,1,0.951219512
0,0.246575342,0.128527212,0.733333333,0,0,0.37755102,0.5,0.466666667,0.666666667,0.285714286,0.2,1,1,0.951219512
1,0.520547945,0.268079277,0.266666667,1,0,0.367346939,0.5,0.4,0,0.214285714,0.8,1,0,0.951219512
0,0.246575342,0.121453338,0.666666667,0,0,0.397959184,0.5,0.533333333,0.333333333,0.928571429,0,1,1,0.951219512
0,0.273972603,0.269690789,0.533333333,0,0,0.346938776,0.75,0.733333333,0.666666667,0.214285714,0.6,1,1,0.951219512
0,0.109589041,0.165251012,0.6,0,0,0.448979592,0.5,1,0.666666667,0.571428571,0.2,1,0,0.951219512
0,0.164383562,0.050975059,0.4,0,0,0.397959184,0.5,0.066666667,0.333333333,0.5,0,1,1,0.951219512
0,0.397260274,0.109557781,0.666666667,0,0,0.397959184,0.5,0.533333333,0,0.785714286,0.2,0.5,1,0.951219512
0,0.136986301,0.133158787,0.866666667,0,0,0.346938776,0.25,0.8,0.666666667,0.714285714,0.6,1,1,0.951219512
0,0.109589041,0.170497559,0.666666667,0,0,0.357142857,0.5,0.533333333,0.666666667,0.714285714,0.6,1,0,0.951219512
0,0.082191781,0.136277624,0.733333333,0,0,0.357142857,0.5,0.466666667,0.666666667,0.857142857,0.6,0.5,0,0.951219512
0,0.150684932,0.162111879,0.933333333,0,0.536960514,0.397959184,0.5,0.933333333,0.666666667,0.714285714,0.2,1,1,0.048780488
0,0.232876712,0.237127693,0.533333333,0,0,0.346938776,0,0.733333333,0.666666667,0,0.8,0.5,0,0.951219512
0,0.109589041,0.194490956,0.6,0,0,0.397959184,0.5,1,0.833333333,0.071428571,0.4,0.5,0,0.56097561
1,0.287671233,0.081586345,0.533333333,0.07298073,0,0.5,0.5,0.733333333,0.333333333,0.214285714,0,1,1,0.951219512
0,0.410958904,0.146333675,0.6,0,0,0.397959184,0.5,1,0.333333333,0.214285714,0,1,1,0
1,0.452054795,0.012670868,0.533333333,0,0,0.397959184,0.5,0.733333333,0.333333333,0.714285714,1,1,0,0.951219512
0,0.602739726,0.010828657,0.533333333,0,0,0.826530612,0.5,0.733333333,0,0.357142857,0.2,1,0,0.951219512
0,0.561643836,0.088613538,0.533333333,0,0,0.397959184,0.5,0.733333333,0.333333333,0.571428571,0,1,1,0.951219512
0,0.547945205,0.07610098,0.533333333,0,0.399449036,0.397959184,0.5,0.733333333,0.333333333,0.214285714,0,1,1,0.951219512
0,0.01369863,0.078168478,0.466666667,0,0,0.244897959,0.5,0.133333333,0.666666667,0.857142857,0.6,1,0,0.951219512
0,0.643835616,0.11388762,0.733333333,0,0,0.295918367,0.5,0.466666667,0.666666667,0.714285714,0.4,1,0,0.951219512
0,0.150684932,0.089673672,0.6,0,0,0.397959184,0.5,1,0.333333333,0.428571429,0,1,1,0.951219512
0,0.150684932,0.037959157,0.533333333,0,0,0.459183673,0.5,0.733333333,0.666666667,0.571428571,0.2,1,0,0.951219512
0,0.095890411,0.070821959,0.8,0,0,0.448979592,0.5,0.6,0.666666667,0.285714286,0.2,1,1,0.951219512
0,0.397260274,0.075448798,0.533333333,0,0,0.142857143,0.5,0.733333333,0.666666667,0.5,0.2,0.5,0,0.951219512
0,0.397260274,0.011779192,0.533333333,0,0,0.397959184,0.875,0.733333333,0.333333333,1,0,1,1,0.951219512
0,0,0.146110418,0.333333333,0,0,0.091836735,0.5,0,0.666666667,0.428571429,0.6,1,1,0.951219512
0,0.520547945,0.125473322,0.533333333,0,0.361111111,0.43877551,0.625,0.733333333,0.333333333,0.857142857,0,1,1,0.951219512
0,0.01369863,0.230044347,0.6,0,0,0.193877551,0.875,1,0.666666667,0.571428571,0.6,1,0,0.951219512
0,0.260273973,0.261339612,0.6,0,0,0.397959184,0.5,1,0.666666667,0.928571429,0.8,1,0,0.951219512
1,0.506849315,0.039955619,0.866666667,0,0,0.5,0.75,0.8,0,0.714285714,0.2,1,1,0.951219512
1,0.191780822,0.067381767,0.533333333,0,0,0.5,0.5,0.733333333,0.333333333,1,0,1,1,0.951219512
1,0.410958904,0.155675303,0.933333333,0.150241502,0,0.397959184,0.75,0.933333333,0.333333333,0.714285714,0,1,1,0.951219512
0,0.150684932,0.110563116,0.533333333,0,0,0.397959184,0.75,0.733333333,0.666666667,0.857142857,0.6,1,0,0
0,0,0.071215027,0.333333333,0,0,0.112244898,0.5,0,0.666666667,0.857142857,0.4,0.5,0,0.951219512
1,0.479452055,0.255044432,0.6,0,0,0.346938776,0.5,1,0.333333333,0.071428571,1,1,0,0.951219512
0,0.315068493,0.100932607,0.533333333,0,0,0.755102041,0.25,0.733333333,0.333333333,0.785714286,1,0.5,0,0.951219512
1,0.589041096,0.071458581,0.666666667,0.076880769,0,0.397959184,0.5,0.533333333,0.333333333,0.714285714,0,1,1,0.951219512
1,0.342465753,0.063509267,0.8,0,0,0.397959184,0.5,0.6,0.333333333,0.714285714,0,1,1,0.951219512
0,0.493150685,0.186677627,0.6,0,0,0.397959184,0.5,1,0.5,0.857142857,0.2,1,0,0.951219512
1,0.479452055,0.06725796,0.6,0,0,0.193877551,0.5,1,0,0.857142857,0.4,1,0,0.951219512
0,0.109589041,0.129589376,0.333333333,0,0,0.346938776,0.5,0,0.666666667,0.357142857,0.2,0.5,1,0.341463415
0,0.424657534,0.225098182,0.8,0,0,0.448979592,0.5,0.6,0.666666667,0.714285714,0.2,1,0,0.634146341
1,0.287671233,0.058232952,1,0,0,0.5,0.625,0.666666667,0.333333333,0.714285714,0,1,1,0.951219512
0,0.219178082,0.036599994,0.533333333,0,0,0.37755102,0.5,0.733333333,0.333333333,0.428571429,0,1,1,0.951219512
0,0.068493151,0.13101484,0.8,0.010550106,0,0.295918367,0.5,0.6,0.666666667,0.071428571,0.6,1,0,0.951219512
0,0.150684932,0.065851439,0.733333333,0,0,0.397959184,0.5,0.466666667,0.333333333,1,0,1,1,0.951219512
1,0.287671233,0.315307672,0.533333333,0.076880769,0,0.397959184,0.5,0.733333333,0.333333333,0.285714286,1,1,0,0.951219512
1,0.575342466,0.115129743,0.8,0,0,0.602040816,0.5,0.6,0.333333333,0.285714286,0,1,1,0.951219512
0,0.273972603,0.223584092,0.533333333,0,0,0.397959184,0.5,0.733333333,0.333333333,0.214285714,0,1,1,0.951219512
1,0.520547945,0.076701745,0.533333333,0,0,0.051020408,0,0.733333333,0.333333333,0,1,1,0,0.951219512
0,0.219178082,0.25064288,0.8,0,0,0.397959184,0.5,0.6,0.666666667,0.285714286,0.6,1,1,0.951219512
0,0.246575342,0.107161486,0.4,0,0,0.316326531,0.25,0.066666667,0.333333333,0.714285714,1,0.5,0,0.951219512
1,0.246575342,0.184067545,0.533333333,0,0,0.5,0.5,0.733333333,0.333333333,0.285714286,0,1,1,0.951219512
0,0.205479452,0.025203722,0.6,0.036740367,0,0.397959184,0.5,1,0.666666667,0.571428571,0.2,1,0,0.951219512
1,0.232876712,0.121585262,0.8,0,0,0.397959184,0.5,0.6,0.333333333,0.285714286,0,1,1,0.951219512
0,0,0.215996049,0.466666667,0,0,0.295918367,0.5,0.133333333,0.666666667,0.071428571,0.6,1,0,0.951219512
1,0.205479452,0.234332241,0.866666667,0,0,0.5,0.5,0.8,0,0.857142857,0.2,1,0,0.951219512
0,0.178082192,0.279574323,0.533333333,0,0,0.704081633,0.5,0.733333333,0.666666667,0.785714286,0.6,1,1,0.951219512
0,0.205479452,0.197316853,0.133333333,0,0,0.479591837,0.5,0.266666667,0.333333333,0.5,0,1,1,0.951219512
0,0.438356164,0.027267838,0.533333333,0,0,0.397959184,0.25,0.733333333,1,0.785714286,0.2,0.5,1,0.951219512
0,0.068493151,0.202302257,0.6,0,0,0.602040816,0.5,1,0.666666667,0.571428571,0.2,1,1,0.951219512
0,0.602739726,0.129111064,0.8,0,0,0.112244898,0.5,0.6,0,0.642857143,0.2,1,0,0
1,0.342465753,0.128287041,0.933333333,1,0,0.5,0.75,0.933333333,0.333333333,0.714285714,0,1,1,0.951219512
1,0.616438356,0.073765573,0.8,0.03103031,0,0.397959184,0.5,0.6,0.333333333,0.714285714,0,1,1,0.951219512
0,0.479452055,0.113507406,0.6,0,0,0.602040816,0.5,1,0.333333333,0.285714286,0,1,1,0.951219512
0,0.150684932,0.013203303,0.533333333,0,0,0.602040816,0.5,0.733333333,0.666666667,0.428571429,0.4,1,1,0.951219512
0,0.246575342,0.208387033,0.533333333,0,0,0.316326531,0.5,0.733333333,0.333333333,0.214285714,0,1,1,0.951219512
0,0.232876712,0.15998011,0.4,0,0,0.397959184,0.5,0.066666667,0.666666667,0.5,0.2,1,1,0.951219512
0,0.465753425,0.111414876,0.533333333,0,0,0.479591837,0.5,0.733333333,0.333333333,0.5,0,1,1,0.951219512
0,0.232876712,0.171517101,0.533333333,0,0.470844812,0.551020408,0.5,0.733333333,0.333333333,1,0,1,1,0.951219512
0,0.575342466,0.097212328,0.533333333,0,0,0.397959184,0.5,0.733333333,1,0.071428571,0.2,1,0,0.951219512
0,0.178082192,0.071238706,0.866666667,0,0,0.193877551,0.5,0.8,0.666666667,0.714285714,0.2,0.5,0,0.951219512
0,0.205479452,0.151632315,0.533333333,0,0,0.397959184,0.5,0.733333333,0.666666667,0.071428571,0.2,1,0,0.951219512
1,0.328767123,0.123367262,0.8,0,0,0.602040816,0.5,0.6,0.333333333,0.285714286,0,1,1,0.951219512
0,0.082191781,0.108210119,0.533333333,0,0,0.5,0.5,0.733333333,0.666666667,0.928571429,0.6,1,1,0.951219512
1,0.328767123,0.22873863,0.866666667,0,0,0.602040816,0.125,0.8,0.333333333,0.214285714,0,1,1,0.463414634
0,0.02739726,0.162759325,0.666666667,0,0,0.397959184,0.5,0.533333333,0.666666667,0.714285714,0.6,1,0,0.951219512
0,0.178082192,0.088486349,0.933333333,0,0,0.397959184,0.5,0.933333333,0.666666667,0.714285714,0.2,1,1,0.951219512
1,0.246575342,0.229675634,0.8,0.150241502,0,0.448979592,0.5,0.6,0.333333333,0.285714286,0,1,1,0.951219512
0,0.643835616,0.199917462,0.066666667,0,0,0.193877551,0.625,0.2,0.333333333,0.857142857,0,1,1,0.951219512
1,0.246575342,0.082681659,0.6,0,0,0.448979592,0.75,1,0.666666667,0.285714286,0.6,1,1,0.951219512
0,0.589041096,0.192796907,0.6,0,0,0.142857143,0.5,1,1,0.857142857,0.2,1,0,0.951219512
1,0.260273973,0.112049468,1,0,0,0.397959184,0.75,0.666666667,0.666666667,0.714285714,0.2,1,1,0.951219512
1,0.150684932,0.119912862,0.733333333,0,0,0.397959184,0.5,0.466666667,0.333333333,0.714285714,0,1,1,0.951219512
0,0.315068493,0.128939223,0.733333333,0,0,0.448979592,0.5,0.466666667,0.666666667,0.071428571,0.6,1,0,0.951219512
0,0,0.079229965,0.4,0,0,0.255102041,0.5,0.066666667,0.666666667,0.857142857,0.4,1,0,0.951219512
0,0.02739726,0.065127544,0.533333333,0,0,0.193877551,0.625,0.733333333,0.666666667,0.071428571,0.6,1,0,0.951219512
0,0.287671233,0.130135341,0.6,0,0,0.397959184,0.5,1,1,0.071428571,0.8,0.5,0,0.951219512
0,0.219178082,0.073879908,0.8,0,0,0.397959184,0.5,0.6,0.666666667,0.857142857,0.2,1,0,0.951219512
0,0.054794521,0.246695284,0.133333333,0,0,0.397959184,0.5,0.266666667,0.666666667,0.642857143,0.2,1,0,0.634146341
1,0.150684932,0.143064647,0.6,0,0,0.397959184,0.5,1,0.333333333,0.071428571,0,1,1,0.951219512
0,0.260273973,0.058514392,0.6,0,0,0.295918367,0,1,0.666666667,0,0.2,1,1,0.951219512
0,0.191780822,0.120067789,0.533333333,0,0,0.5,0.5,0.733333333,0.333333333,1,0,1,1,0.951219512
0,0.452054795,0.087806429,0.533333333,0,0,0.551020408,0.5,0.733333333,0.5,0.285714286,0.2,1,0,0.951219512
0,0.260273973,0.152936003,0.6,0,0,0.397959184,0.5,1,0,0.071428571,0.2,1,1,0.951219512
1,0.547945205,0.068029213,0.866666667,0,0,0.551020408,0.5,0.8,0.333333333,0.714285714,0,1,1,0.951219512
0,0.232876712,0.120332992,0.533333333,0,0,0.316326531,0.5,0.733333333,0.833333333,0.071428571,0.8,1,0,0.951219512
0,0.438356164,0.057431932,0.533333333,0,0,0.469387755,0.25,0.733333333,1,0.571428571,0.2,1,0,0.951219512
0,0.534246575,0.062722454,0.533333333,0,0,0.397959184,0.25,0.733333333,0.333333333,1,0,1,1,0.951219512
1,0.465753425,0.028108774,0.533333333,0,0,0.459183673,0.5,0.733333333,0.333333333,0.714285714,0,1,1,0.951219512
1,0.287671233,0.011783251,0.8,0,0,0.448979592,0.5,0.6,0.333333333,0.285714286,0,1,1,0.951219512
0,0.164383562,0.068920889,0.8,0,0,0.397959184,0.5,0.6,0.666666667,0.928571429,0.2,1,0,0.951219512
0,0.219178082,0.044936964,0.4,0,0,0.397959184,0.5,0.066666667,0.666666667,0.571428571,0.2,0.5,1,0.951219512
0,0.068493151,0.149946384,0.666666667,0,0,0.397959184,0.5,0.533333333,0.666666667,0.857142857,0.6,1,0,0.951219512
0,0.095890411,0.014074006,0.4,0,0,0.397959184,0.5,0.066666667,0.666666667,0.428571429,0.2,1,1,0.951219512
0,0.164383562,0.116072836,0.533333333,0,0,0.244897959,0.5,0.733333333,0.666666667,0.857142857,0.2,1,0,0.951219512
0,0.123287671,0.374653528,0.8,0,0,0.397959184,0.25,0.6,0.666666667,0.785714286,0.8,0.5,0,0.951219512
0,0.150684932,0.132051972,0.6,0,0,0.397959184,0.5,1,0.333333333,1,0,1,1,0.195121951
0,0.109589041,0.25575209,0.266666667,0,0,0.397959184,0.5,0.4,0.333333333,0.214285714,0,1,1,0.634146341
0,0.150684932,0.120966907,0.533333333,0,0.399678604,0.520408163,0.5,0.733333333,0,0.571428571,0.2,1,0,0.951219512
0,0.273972603,0.127888561,0.6,0,0,0.397959184,0.5,1,0.833333333,0.571428571,0.8,1,0,0.951219512
1,0.534246575,0.080726466,0.6,0,0,0.397959184,0.5,1,0.333333333,0.857142857,0,1,1,0.951219512
1,0.383561644,0.127314857,0.6,0,0.554407713,0.397959184,0.5,1,0.333333333,0.857142857,0,1,1,0.951219512
0,0.589041096,0.145228213,0.533333333,0,0,0.367346939,0.5,0.733333333,0,0.071428571,0.8,1,0,0.951219512
0,0,0.184616217,0.4,0,0,0.397959184,0.5,0.066666667,0.666666667,0.642857143,0.6,1,0,0.951219512
0,0.01369863,0.177564669,0.533333333,0,0,0.193877551,0,0.733333333,0.666666667,0,0.8,1,0,0.951219512
1,0.219178082,0.052144116,0.533333333,0.051780518,0,0.551020408,0.5,0.733333333,0.333333333,1,0,0.5,1,0.951219512
1,0.315068493,0.01025563,0.8,0,0,0.5,0.25,0.6,0.666666667,0.714285714,0.2,1,1,0.951219512
1,0.191780822,0.232813414,0.666666667,1,0,0.397959184,0.5,0.533333333,0.333333333,0.857142857,0,1,1,0.951219512
0,0.178082192,0.131903133,0.666666667,0,0,0.397959184,0.5,0.533333333,0.333333333,0.214285714,0,1,1,0.219512195
1,0.369863014,0.143152596,0.533333333,1,0,0.5,0.625,0.733333333,0.333333333,0.214285714,0,1,1,0
1,0.465753425,0.038300809,0.666666667,0,0.561065197,0.387755102,0.875,0.533333333,0,0.928571429,0.2,1,1,0.951219512
0,0.452054795,0.110312121,0.533333333,0,0.383838384,0.602040816,0.625,0.733333333,0.333333333,0.214285714,0,1,1,0.951219512
1,0.575342466,0.112351204,0.533333333,0,0,0.5,0.75,0.733333333,0.333333333,0.285714286,0,1,1,0.951219512
1,0.520547945,0.204232418,0.933333333,0,0,0.397959184,0.5,0.933333333,0.333333333,0.714285714,0,1,1,0.951219512
0,0.082191781,0.089862426,0.8,0,0,0.428571429,0.25,0.6,0.666666667,0.714285714,0.6,1,0,0.951219512
0,0.205479452,0.153827003,0.6,0,0,0.704081633,0.5,1,0.833333333,0.5,0.8,0.5,0,0.951219512
1,0.410958904,0.076237641,0.666666667,0.150241502,0,0.5,0.5,0.533333333,0.333333333,0.285714286,0,1,1,0.951219512
0,0.246575342,0.091826414,0.8,0,0,0.397959184,0.5,0.6,0.666666667,0.857142857,0.6,0.5,0,0.951219512
0,0.315068493,0.065272323,0.533333333,0,0,0.397959184,0.25,0.733333333,0.333333333,0.071428571,1,0,0,0.951219512
0,0.136986301,0.110260027,0.6,0,0,0.397959184,0.125,1,0.666666667,0.5,0.6,1,1,0.951219512
0,0.02739726,0.116670218,0.533333333,0,0.395087236,0.397959184,0.5,0.733333333,0.666666667,0.571428571,0.6,1,0,0.951219512
0,0.273972603,0.220380688,0.866666667,0,0,0.397959184,0.5,0.8,0.666666667,0.714285714,0.2,1,0,0.951219512
0,0.095890411,0.146226106,0.533333333,0,0,0.397959184,0.5,0.733333333,0.666666667,0.428571429,0.4,0.5,1,0.951219512
0,0.424657534,0.123894961,0.533333333,0,0,0.346938776,0.25,0.733333333,0,0.571428571,0.2,1,0,0.951219512
0,0.109589041,0.01255315,0.6,0,0,0.397959184,0,1,0,0,0.8,1,0,0.268292683
1,0.630136986,0.171703825,0.2,0,0,0.602040816,0.5,0.333333333,0.333333333,1,0,1,1,0.951219512
1,0.369863014,0.060399901,0.866666667,0.074300743,0,0.448979592,0.5,0.8,0,0.285714286,0.8,1,1,0.951219512
1,0.465753425,0.133622215,0.533333333,0,0,0.020408163,0,0.733333333,0.333333333,0,1,1,0,0.951219512
0,0.493150685,0.093023209,0.533333333,0,0,0.397959184,0.5,0.733333333,0.333333333,0.5,0,1,1,0.951219512
0,0.561643836,0.077787588,0.333333333,0,0,0.5,0.5,0,0.333333333,0.214285714,0,1,1,0.951219512
1,0.301369863,0.151616079,0.533333333,0,0,0.37755102,0.25,0.733333333,0.333333333,0.5,0,1,1,0.951219512
0,0.301369863,0.179688996,0.8,0,0,0.295918367,0.5,0.6,0.333333333,0.857142857,1,1,0,0.951219512
1,0.561643836,0.167540415,1,0,0,0.428571429,0.875,0.666666667,0.666666667,0.285714286,0.2,1,0,0.951219512
0,0.095890411,0.191974237,0.2,0.026350264,0,0.37755102,0.5,0.333333333,0.333333333,0.214285714,0,1,1,0.951219512
1,0.410958904,0.161897417,0.8,0,0,0.397959184,0.25,0.6,0.333333333,0.285714286,0,0.5,1,0.951219512
1,0.287671233,0.08698173,0.8,0,0,0.5,0.625,0.6,0.333333333,0.214285714,0,1,1,0.951219512
0,0.342465753,0.130006799,0.533333333,0,0,0.397959184,0.5,0.733333333,0.333333333,0.428571429,0,0.5,1,0.951219512
0,0.643835616,0.09463878,0.333333333,0,0,0.397959184,0.25,0,0.333333333,0.5,1,1,1,0
1,0.273972603,0.064189187,0.333333333,0,0.587465565,0.5,0.625,0,0.666666667,1,0.2,1,1,0.951219512
0,0.452054795,0.035438379,0.533333333,0,0,0.602040816,0.75,0.733333333,0,0.714285714,0.2,0.25,0,0.975609756
0,0.068493151,0.057656542,0.533333333,0,0,0.5,0.5,0.733333333,0.666666667,0.571428571,0.6,1,1,0.951219512
0,0.410958904,0.067434537,0.533333333,0,0,0.295918367,0.5,0.733333333,0.333333333,0.571428571,1,0.5,0,0.951219512
0,0.369863014,0.111492002,0.533333333,0,0,0.397959184,0.5,0.733333333,0,0.071428571,0.2,1,0,0.951219512
0,0.397260274,0.23051454,0.533333333,0,0,0.397959184,0.875,0.733333333,0.333333333,1,0,1,1,0.951219512
1,0.191780822,0.009652835,0.8,0,0,0.244897959,0,0.6,0.333333333,0,1,1,0,0.951219512
1,0.383561644,0.11479418,0.6,0,0.433195592,0.469387755,0.25,1,0.333333333,0.714285714,0,1,1,0.951219512
1,0.219178082,0.121585262,0.866666667,0.07298073,0,0.602040816,0.5,0.8,0.333333333,0.285714286,0,1,1,0.048780488
0,0.054794521,0.135715421,0.4,0,0,0.56122449,0,0.066666667,0.333333333,0,1,1,0,0.951219512
0,0.068493151,0.122520913,0.533333333,0,0,0.397959184,0.5,0.733333333,0.666666667,0.428571429,0.2,0,0,0.951219512
0,0.438356164,0.187860214,0.6,0,0,0.5,0.5,1,0.833333333,0.857142857,0.2,1,1,0.951219512
0,0.342465753,0.251822761,0.4,0.015060151,0,0.5,0.5,0.066666667,0,0.857142857,0.8,1,1,0.634146341
0,0.068493151,0.092724179,0.6,0,0,0.346938776,0.875,1,0.666666667,0.428571429,0.6,1,1,0.951219512
1,0.410958904,0.072831952,0.533333333,0,0,0.397959184,0.5,0.733333333,0.333333333,0.214285714,0,1,1,0.951219512
0,0.301369863,0.086340373,0.533333333,0,0,0.816326531,0.5,0.733333333,0,0.571428571,0.8,1,0,0.951219512
0,0.232876712,0.060399225,0.533333333,0,0,0.397959184,0.875,0.733333333,0.666666667,0.571428571,0.6,1,0,0.951219512
1,0.205479452,0.0779141,0.6,0,0,0.37755102,0.5,1,0.333333333,0.714285714,0,1,1,0.951219512
1,0.342465753,0.133947629,0.866666667,0.046870469,0,0.346938776,0.5,0.8,0,0.928571429,0.8,0.5,0,0.951219512
0,0.205479452,0.250984531,0.8,0,0,0.397959184,0.5,0.6,0.666666667,0.285714286,0.8,1,0,0.951219512
1,0.328767123,0.279250261,0.533333333,0,0,0.5,0.5,0.733333333,0.333333333,1,0,1,1,0.951219512
0,0.109589041,0.133825853,0.133333333,0,0,0.244897959,0,0.266666667,0.666666667,0,0.8,1,0,0.195121951
0,0.068493151,0.119741698,0.533333333,0,0,0.397959184,0.5,0.733333333,0.666666667,0.5,0.8,0.5,0,0.951219512
0,0.164383562,0.12084716,0.866666667,0,0,0.397959184,0.5,0.8,0.666666667,0.285714286,0.2,1,1,0.951219512
0,0.054794521,0.148314576,0.6,0,0,0.193877551,0,1,0.666666667,0,0.6,1,0,0.951219512
0,0.136986301,0.132884113,0.533333333,0,0,0.397959184,0.5,0.733333333,0.666666667,0.785714286,0.6,1,1,0.585365854
0,0.02739726,0.106536366,0.6,0,0,0.397959184,0,1,0.666666667,0,0.6,1,1,0.951219512
0,0.438356164,0.13307016,0.533333333,0,0,0.153061224,0.5,0.733333333,0,0.071428571,0.8,1,0,0.951219512
0,0.02739726,0.159252832,0.533333333,0,0,0.448979592,0.5,0.733333333,0.666666667,0.214285714,0.2,1,1,0.951219512
0,0.04109589,0.071362512,0.6,0,0,0.397959184,0.5,1,0.666666667,0.428571429,0.6,1,1,0.951219512
0,0.068493151,0.091582861,0.6,0,0,0.397959184,0.5,1,0.666666667,0.071428571,0.6,1,0,0.951219512
1,0.301369863,0.214932532,0.6,0,0,0.397959184,0.5,1,0.333333333,0.214285714,0,1,1,0.951219512
0,0.068493151,0.079078421,0.6,0,0,0.153061224,0.5,1,0.666666667,0.571428571,0.6,1,1,0.951219512
0,0.205479452,0.098410476,0.6,0,0,0.397959184,0.5,1,0.333333333,0.714285714,0,1,1,0.951219512
0,0.150684932,0.11622438,0.533333333,0,0,0.397959184,0.5,0.733333333,0,0.071428571,0.2,1,0,0.951219512
1,0.342465753,0.128007631,0.6,0,0,0.724489796,0.25,1,0.333333333,0.785714286,0,1,1,0.951219512
0,0.520547945,0.05407563,0.533333333,0,0,0.397959184,0.5,0.733333333,0,0.071428571,0.2,1,0,0.951219512
0,0.452054795,0.192993103,0.533333333,0,0,0.520408163,0.875,0.733333333,0.333333333,0.714285714,0,1,1,0.951219512
0,0.506849315,0.141822524,0.933333333,0,0,0.653061224,0.5,0.933333333,0.666666667,0.714285714,0.4,1,0,0.951219512
0,0.082191781,0.176522801,0.8,0,0,0.224489796,0.5,0.6,0.666666667,0.071428571,0.2,1,0,0.951219512
0,0.191780822,0.023142313,0.666666667,0,0,0.397959184,0.875,0.533333333,0.666666667,0.214285714,0.6,1,1,0.951219512
0,0.287671233,0.013396116,0.6,0,0,0.520408163,0.5,1,0,0.071428571,0.6,1,1,0.951219512
0,0.273972603,0.115992328,0.533333333,0.031370314,0,0.295918367,0.75,0.733333333,0.333333333,0.714285714,0,1,1,0.951219512
0,0.369863014,0.090139806,0.866666667,0,0,0.397959184,0.25,0.8,0.666666667,0.714285714,0.2,1,0,0.951219512
0,0.150684932,0.076473076,0.533333333,0,0,0.397959184,0.5,0.733333333,0.666666667,0.5,0.2,1,0,0.951219512
0,0.630136986,0.138981067,0.133333333,0,0,0.020408163,0.75,0.266666667,0.666666667,0.857142857,0.2,1,0,0.951219512
1,0.232876712,0.108909659,0.533333333,0,0,0.397959184,0.875,0.733333333,0.333333333,0.928571429,0,1,1,0.951219512
1,0.328767123,0.017138721,0.733333333,0,0,0.602040816,0.75,0.466666667,0.333333333,0.214285714,0,1,1,0.951219512
1,0.438356164,0.237037714,0.6,0.150241502,0,0.5,0.625,1,0.333333333,0.285714286,0,1,1,0.951219512
0,0.02739726,0.169769605,0.4,0,0,0.295918367,0,0.066666667,0.666666667,0,0.8,1,0,0.951219512
0,0.452054795,0.058879722,0.533333333,0,0,0.5,0.5,0.733333333,0,1,0.2,1,1,0.951219512
0,0.136986301,0.007885043,0.533333333,0,0,0.397959184,0.5,0.733333333,0.666666667,0.428571429,0.4,0,1,0.951219512
0,0.191780822,0.101498868,0.8,0,0,0.346938776,0.5,0.6,0.666666667,0.714285714,0.2,0.25,1,0.731707317
0,0.123287671,0.260488528,0.866666667,0,0.43067034,0.397959184,0.5,0.8,0.666666667,0.714285714,0.2,1,0,0.951219512
0,0.328767123,0.032923013,0.533333333,0,0,0.551020408,0.625,0.733333333,0,0.214285714,0.2,1,1,0.951219512
0,0.301369863,0.235576393,0.533333333,0,0,0.397959184,0.5,0.733333333,0.666666667,1,0.2,1,1,0.951219512
0,0.136986301,0.172941212,0.333333333,0,0,0.397959184,0.5,0,0.666666667,0.428571429,0.8,1,1,0.634146341
0,0.863013699,0.049946046,1,0,0,0.295918367,0.5,0.666666667,0.333333333,0.714285714,0,1,1,0.951219512
0,0.150684932,0.027363906,0.2,0,0,0.397959184,0.5,0.333333333,0.666666667,0.214285714,0.6,1,1,0.951219512
0,0.643835616,0.126521279,0.133333333,0,0,0.448979592,0.25,0.266666667,0,0.571428571,0.2,1,0,0
0,0.506849315,0.144922418,0.6,0,0,0.5,0.75,1,0.333333333,0.857142857,0,1,1,0.951219512
0,0.095890411,0.071535706,0.6,0,0,0.295918367,0.5,1,0.666666667,0.428571429,0.6,1,1,0.951219512
0,0.178082192,0.024172003,0.866666667,0,0,0.397959184,0.5,0.8,0.666666667,0.071428571,0.2,1,0,0.243902439
1,0.410958904,0.117697879,0.733333333,0.150241502,0,0.397959184,0.125,0.466666667,0.333333333,0.285714286,0,1,1,0.951219512
0,0.479452055,0.111750439,0.533333333,0,0,0.244897959,0.5,0.733333333,0,0.857142857,0.8,1,0,0.951219512
0,0.246575342,0.087022999,0.8,0,0.365013774,0.397959184,0.5,0.6,0.666666667,0.857142857,0.6,0.25,1,0.853658537
0,0.465753425,0.070066267,0.533333333,0,0,0.397959184,0.75,0.733333333,0.333333333,0.214285714,0,1,1,0.951219512
0,0.04109589,0.086751031,0.6,0,0,0.244897959,0.5,1,0.666666667,0.071428571,0.6,0.5,0,0.951219512
0,0.095890411,0.089717647,0.6,0,0,0.397959184,0,1,0.666666667,0,0.8,1,1,0.951219512
0,0,0.01023601,0.4,0,0,0.193877551,0.5,0.066666667,0.666666667,0.428571429,0.6,0,1,0.951219512
0,0.178082192,0.115001877,0.533333333,0,0,0.397959184,0.875,0.733333333,0,0.785714286,0.2,1,1,0.951219512
0,0.438356164,0.106145327,0.2,0,0,0.397959184,0.5,0.333333333,0.333333333,0.5,1,1,0,0.414634146
0,0.04109589,0.117534157,0.533333333,0,0,0.37755102,0.5,0.733333333,0.666666667,0.571428571,0.2,1,0,0.951219512
0,0.068493151,0.039154599,0.6,0,0,0.397959184,0.5,1,0.666666667,0.428571429,0.2,1,1,0.951219512
1,0.575342466,0.131384906,0.6,0,0,0.397959184,0.5,1,0.333333333,0.214285714,0,1,1,0.951219512
0,0.342465753,0.164081956,0.6,0,0.307621671,0.397959184,0.25,1,0.666666667,0.714285714,0.2,1,0,0.951219512
0,0.095890411,0.184039807,0.8,0,0,0.397959184,0.5,0.6,0.666666667,0.857142857,0.2,1,0,0.951219512
0,0.328767123,0.133936805,0.6,0,0,0.367346939,0.5,1,0,0.071428571,0.8,0.5,0,0.951219512
0,0,0.150526177,0.533333333,0,0,0.397959184,0.5,0.733333333,0.666666667,0.357142857,0.6,0.5,1,0.951219512
1,0.479452055,0.097873305,0.533333333,0,0,0.397959184,0.5,0.733333333,0.333333333,0.428571429,0,1,1,0.951219512
0,0.452054795,0.127414308,0.733333333,0,0,0.397959184,0.5,0.466666667,0,0.214285714,0.2,1,1,0.951219512
0,0.383561644,0.117802065,0.6,0,0,0.37755102,0.5,1,0,0.071428571,0.2,1,1,0.951219512
1,0.328767123,0.084459599,0.8,0,0.453856749,0.448979592,0.5,0.6,0.333333333,0.714285714,0,1,1,0.951219512
0,0.657534247,0.066848655,0.533333333,0,0,0.153061224,0.5,0.733333333,0.333333333,1,0,1,1,0.951219512
1,0.657534247,0.126161361,0.866666667,0.200512005,0,0.397959184,0.5,0.8,0.333333333,0.857142857,0,1,1,0.951219512
0,0.150684932,0.242960122,0.8,0,0,0.469387755,0.5,0.6,0.666666667,0.714285714,0.2,1,1,0.951219512
0,0.328767123,0.011708155,0.533333333,0,0,0.295918367,0.5,0.733333333,0,0.857142857,0.2,1,1,0.951219512
0,0.178082192,0.076410158,0.533333333,0,0,0.5,0.5,0.733333333,0.333333333,0.857142857,0,1,1,0.951219512
0,0.04109589,0.10808496,0.6,0,0,0.091836735,0.5,1,0.666666667,0.357142857,0.6,1,1,0.951219512
0,0.424657534,0.100737764,0.533333333,0.024630246,0,0.397959184,0.5,0.733333333,0.666666667,0.071428571,0.2,1,0,0.951219512
0,0.301369863,0.098204808,0.866666667,0.034640346,0,0.397959184,0,0.8,0.333333333,0,1,0.25,0,0
1,0.369863014,0.125833917,0.8,0.150241502,0,0.602040816,0.5,0.6,0.333333333,0.285714286,0,1,1,0.951219512
0,0,0.119519794,0.4,0,0,0.397959184,0.5,0.066666667,0.666666667,1,0.2,1,1,0.951219512
1,0.328767123,0.054454491,0.8,0,0,0.602040816,0.5,0.6,0.333333333,0.285714286,0,1,1,0.951219512
1,0.342465753,0.11929383,0.8,0,0,0.602040816,0.625,0.6,0.333333333,0.857142857,0,1,1,0.951219512
0,0.452054795,0.069195563,0.2,0,0,0.193877551,0.5,0.333333333,0.333333333,0.5,0,1,1,0.951219512
0,0.657534247,0.127272235,0.533333333,0,0,0.397959184,0.5,0.733333333,0,0.071428571,0.2,1,0,0.951219512
0,0.424657534,0.158822554,0.533333333,0,0,0.397959184,0.125,0.733333333,0,0.071428571,0.2,1,1,0.951219512
0,0.109589041,0.134503743,0.133333333,0,0,0.193877551,0.5,0.266666667,0,0.571428571,0.8,0.75,0,0.390243902
0,0.095890411,0.325716876,0.066666667,0,0,0.397959184,0.5,0.2,0.666666667,0.357142857,0.6,1,0,0.634146341
0,0.397260274,0.118651796,0.533333333,0,0,0.551020408,0.5,0.733333333,0,0.285714286,0.8,1,0,0.951219512
0,0.109589041,0.147427636,0.8,0,0,0.397959184,0.875,0.6,0.333333333,0.571428571,1,1,0,0.951219512
0,0.082191781,0.128134144,0.8,0,0,0.397959184,0.5,0.6,0.333333333,0.071428571,0.4,1,0,0.951219512
0,0.479452055,0.126146477,0.533333333,0,0,0.397959184,0.5,0.733333333,1,0.857142857,0.2,1,0,0.951219512
0,0.123287671,0.060767261,0.333333333,0,0,0.397959184,0.5,0,0.333333333,0.071428571,1,1,0,0.951219512
0,0.753424658,0.110078039,0.6,0,0,0.346938776,0.5,1,1,0.571428571,0.2,1,0,0.951219512
0,0.095890411,0.097105435,0.6,0,0,0.397959184,0.5,1,0.666666667,0.857142857,0.6,1,0,0.951219512
0,0.109589041,0.125239241,0.666666667,0,0,0.397959184,0.5,0.533333333,0.666666667,0.214285714,0.6,1,1,0.951219512
0,0.369863014,0.131519537,0.6,0,0,0.397959184,0.5,1,0,0.071428571,0.8,1,0,0.951219512
0,0.534246575,0.071114223,0.6,0,0,0.346938776,0.5,1,0.666666667,0.714285714,0.2,1,0,0.951219512
0,0.410958904,0.084613849,0.6,0,0,0.397959184,0.5,1,0.333333333,0.214285714,0,0,1,0.951219512
0,0.520547945,0.052857186,0.8,0,0,0.551020408,0.5,0.6,0.5,0.214285714,0.8,1,0,0.512195122
0,0.452054795,0.169753368,0.133333333,0,0,0.336734694,0.5,0.266666667,0.5,0.571428571,0.8,1,0,0.634146341
0,0.232876712,0.138405334,0.533333333,0,0.865472911,0.448979592,0.5,0.733333333,0,0.571428571,0.8,1,0,0.951219512
0,0,0.069098142,0.4,0,0,0.295918367,0.5,0.066666667,0.666666667,0.857142857,0.6,1,0,0.951219512
1,0.424657534,0.151112058,0.6,0.03103031,0,0.397959184,0.5,1,0.333333333,0.857142857,0,1,1,0.951219512
0,0.315068493,0.052727291,0.6,0,0,0.397959184,0.5,1,0.666666667,0.857142857,0.2,1,0,0.951219512
1,0.315068493,0.069177297,0.666666667,0,0,0.5,0.5,0.533333333,0.333333333,0.285714286,0,1,1,0.951219512
0,0.698630137,0.087202958,0.266666667,0,0,0.010204082,0,0.4,0.333333333,0,0,1,1,0.951219512
0,0.095890411,0.177346823,0.533333333,0.018310183,0,0.397959184,0.5,0.733333333,0.666666667,0.928571429,0.8,1,0,0.951219512
0,0.547945205,0.147900535,0.133333333,0,0,0.397959184,0.5,0.266666667,0.833333333,0.5,0.2,1,0,0.951219512
0,0.328767123,0.162980553,0.6,0,0,0.397959184,0.5,1,0.333333333,0.214285714,0,1,1,0.951219512
0,0.109589041,0.119396664,0.733333333,0,0,0.448979592,0.5,0.466666667,0.666666667,0.285714286,0.2,1,1,0.951219512
0,0.424657534,0.119637511,0.866666667,0,0,0.397959184,0.5,0.8,0.666666667,0.5,0.2,1,1,0.951219512
1,0.246575342,0.024852599,0.866666667,0,0,0.602040816,0.5,0.8,0.333333333,0.285714286,0,1,1,0.951219512
0,0.191780822,0.185794745,0.6,0,0,0.37755102,0.875,1,0.333333333,0.071428571,0,1,1,0.951219512
0,0.178082192,0.152023354,0.6,0,0,0.295918367,0.5,1,0.666666667,0.071428571,0.8,1,0,0.951219512
1,0.602739726,0.049916279,0.733333333,0.150241502,0,0.397959184,0.5,0.466666667,0.333333333,0.857142857,0,1,1,0.951219512
0,0.684931507,0.140315199,0.6,0,0,0.173469388,0.5,1,1,0.857142857,0.2,1,1,0.951219512
1,0.575342466,0.166627089,0.6,0.03103031,0,0.346938776,0.5,1,0.333333333,1,0,1,1,0.951219512
0,0.671232877,0.049877716,0.333333333,0,0,0.102040816,0.5,0,1,1,0.2,1,0,0.951219512
0,0.452054795,0.109984676,0.533333333,0,0,0.397959184,0.625,0.733333333,0,0.285714286,0.8,1,0,0.951219512
1,0.273972603,0.128991993,0.533333333,0,0,0.397959184,0.5,0.733333333,0.333333333,1,0,1,1,0.951219512
0,0.109589041,0.195755405,0.733333333,0,0,0.397959184,0.5,0.466666667,0.666666667,0.285714286,0.2,1,1,0.951219512
0,0.493150685,0.17336946,0.533333333,0,0,0.397959184,0.5,0.733333333,0.333333333,0.214285714,0,0.5,1,0.56097561
0,0.178082192,0.23313274,1,0,0,0.193877551,0.5,0.666666667,0.666666667,0.714285714,0.6,1,1,0.951219512
0,0.287671233,0.129510897,0.8,0,0,0.602040816,0.5,0.6,0.333333333,0.357142857,0,1,1,0.951219512
0,0.671232877,0.168306931,0.866666667,0,0,0.397959184,0.25,0.8,1,0.714285714,0.2,1,0,0.951219512
0,0.01369863,0.134321754,0.6,0,0,0.295918367,0.5,1,0.666666667,0.428571429,0.6,0.75,1,0.951219512
1,0.383561644,0.152965771,0.666666667,0,0,0.397959184,0.5,0.533333333,0.333333333,0.5,0,1,1,0.951219512
0,0,0.07357479,0.466666667,0,0,0.142857143,0.5,0.133333333,0.666666667,0.857142857,0.6,1,0,0.951219512
0,0.452054795,0.126523308,0.666666667,0,0,0.153061224,0,0.533333333,0.666666667,0,0.8,0.5,0,0.951219512
0,0.589041096,0.054501849,0.133333333,0,0,0.397959184,0.75,0.266666667,0.333333333,0.357142857,0,1,1,0.951219512
0,0.246575342,0.159939518,0.533333333,0,0,0.397959184,0.5,0.733333333,0,0.214285714,0.2,1,1,0.951219512
0,0.095890411,0.097076344,0.533333333,0,0,0.397959184,0.875,0.733333333,0.333333333,0.928571429,0,1,1,0.951219512
0,0.136986301,0.113249646,0.666666667,0,0,0.397959184,0.5,0.533333333,0.5,0.928571429,0.6,1,0,0.951219512
0,0.109589041,0.120467623,0.533333333,0,0,0.397959184,0.5,0.733333333,0.666666667,0.071428571,0.8,0.5,0,0.951219512
0,0.054794521,0.0709938,0.6,0,0,0.397959184,0,1,0.666666667,0,0.6,1,1,0.951219512
0,0.506849315,0.097204886,0.533333333,0,0,0.56122449,0.75,0.733333333,0.333333333,0.357142857,0,1,1,0.951219512
1,0.630136986,0.175994425,0.666666667,0,0,0.397959184,0.625,0.533333333,0.333333333,0.285714286,0,1,1,0.951219512
1,0.465753425,0.219813749,0.6,0,0.436639118,0.5,0.5,1,0.333333333,0.857142857,0,1,1,0.951219512
1,0.452054795,0.020375275,0.933333333,0,0.554407713,0.295918367,0.75,0.933333333,0.333333333,0.714285714,0,1,1,0.951219512
0,0.109589041,0.283484032,0.333333333,0,0,0.5,0.5,0,0.333333333,0.785714286,1,0.5,0,0.951219512
0,0.150684932,0.182377555,0.8,0,0,0.397959184,0.125,0.6,0.666666667,0.714285714,0.2,1,0,0.951219512
1,0.246575342,0.16116405,0.533333333,0,0,0.602040816,0.125,0.733333333,0.333333333,0.071428571,0,0.5,1,0.951219512
0,0.109589041,0.14797969,0.866666667,0.046500465,0,0.367346939,0.5,0.8,0.666666667,0.714285714,0.2,1,0,0.951219512
0,0.191780822,0.125689814,0.533333333,0,0,0.234693878,0.5,0.733333333,0.666666667,0.571428571,0.6,1,1,0.951219512
1,0.260273973,0.155409423,0.8,0,0,0.5,0.5,0.6,0.333333333,0.214285714,0,1,1,0.951219512
0,0.068493151,0.040307419,0.6,0,0,0.346938776,0.5,1,0.666666667,0.214285714,0.6,1,0,0.951219512
0,0.452054795,0.133398957,0.533333333,0,0,0.346938776,0.5,0.733333333,0.833333333,0.571428571,0.8,1,0,0.951219512
1,0.397260274,0.104928236,0.533333333,0,0,0.397959184,0.125,0.733333333,0.333333333,0.071428571,1,1,0,0.951219512
0,0.068493151,0.054342186,0.533333333,0,0,0.5,0.5,0.733333333,0.666666667,0.214285714,0.8,1,1,0.951219512
0,0.219178082,0.195110665,0.533333333,0,0,0.397959184,0.25,0.733333333,0.666666667,0.571428571,0.2,0.5,1,0.951219512
1,0.369863014,0.070594643,0.866666667,0,0,0.5,0.5,0.8,0.333333333,0.285714286,0,1,1,0.951219512
0,0.232876712,0.084791102,0.266666667,0,0,0.346938776,0.5,0.4,0.666666667,0.857142857,0.8,0.5,0,0.951219512
0,0.082191781,0.155242995,0.533333333,0,0,0.397959184,0.5,0.733333333,0.333333333,0.214285714,0,1,1,0.951219512
1,0.328767123,0.145864835,0.6,0,0,0.459183673,0.5,1,0,0.214285714,0.2,1,1,0.951219512
0,0.534246575,0.155864057,0.6,0,0,0.397959184,0.25,1,1,0.071428571,0.8,1,0,0.951219512
0,0.643835616,0.253961295,0.066666667,0,0,0.397959184,0.5,0.2,0.333333333,1,0,1,1,0.951219512
0,0.315068493,0.129540665,0.4,0,0,0.397959184,0.5,0.066666667,0.333333333,0.428571429,0,1,1,0.951219512
0,0.424657534,0.088635864,0.533333333,0,0,0.397959184,0.5,0.733333333,0.666666667,0.5,0.2,0.5,1,0.951219512
0,0.328767123,0.124060712,0.6,0,0,0.540816327,0.5,1,0.333333333,1,0,1,1,0.951219512
0,0.02739726,0.175332095,0.6,0,0,0.244897959,0.5,1,0.666666667,0.571428571,0.6,1,0,0.951219512
0,0.191780822,0.144941361,0.8,0,0,0.510204082,0.25,0.6,0.333333333,0.214285714,0,1,1,0.951219512
0,0.136986301,0.090949622,0.533333333,0,0,0.346938776,0.5,0.733333333,0,0.857142857,0.6,1,0,0.951219512
0,0.04109589,0.123277959,0.6,0,0,0.397959184,0.5,1,0.833333333,0.857142857,0.8,0.5,0,0.951219512
0,0.095890411,0.128213299,0.8,0,0,0.846938776,0.5,0.6,0.666666667,1,0.6,1,0,0.951219512
1,0.479452055,0.110565822,0.733333333,0,0,0.551020408,0.5,0.466666667,0.333333333,0.285714286,0,1,1,0.951219512
1,0.383561644,0.019200806,0.933333333,0,0,0.551020408,0.625,0.933333333,0.333333333,0.714285714,0,1,1,0.951219512
0,0.452054795,0.085689544,0.8,0,0,0.602040816,0.5,0.6,0.333333333,0.857142857,0,1,1,0.951219512
0,0.205479452,0.172433133,0.8,0,0,0.295918367,0.75,0.6,0,0.285714286,0.8,0.5,0,0.951219512
0,0.369863014,0.029027511,0.933333333,0,0,0.397959184,0.5,0.933333333,0.666666667,0.714285714,0.2,0.5,0,0.951219512
0,0.575342466,0.098535635,0.533333333,0,0,0.397959184,0.5,0.733333333,0.333333333,0.214285714,0,1,1,0.951219512
1,0.246575342,0.221785856,0.6,0,0,0.5,0.625,1,0.333333333,0.857142857,0,1,1,0.951219512
1,0.301369863,0.10412451,0.533333333,0,0,0.397959184,0.5,0.733333333,0.333333333,0.214285714,0,1,1,0.951219512
0,0.095890411,0.328840449,0.8,0,0,0.397959184,0.5,0.6,0.666666667,1,0.8,0.5,0,0.951219512
1,0.424657534,0.103644845,0.8,0,0,0.653061224,0.5,0.6,0.833333333,0.857142857,0.2,1,1,0.951219512
1,0.082191781,0.211684477,0.533333333,0,0,0.397959184,0.5,0.733333333,0.333333333,0.857142857,0,1,1,0.951219512
0,0.438356164,0.187686344,0.533333333,0,0,0.448979592,0.625,0.733333333,0.833333333,0.571428571,0.2,1,1,0.951219512
0,0.109589041,0.086311282,0.066666667,0,0,0.397959184,0.5,0.2,0.666666667,0.357142857,0.2,1,1,0.634146341
0,0.315068493,0.089155445,0.666666667,0,0,0.397959184,0.5,0.533333333,0.333333333,0.214285714,0,1,1,0.951219512
0,0.246575342,0.046663487,0.8,0,0,0.428571429,0.5,0.6,0.666666667,0.071428571,0.2,1,0,0.951219512
0,0.02739726,0.09092256,0.6,0,0,0.295918367,0.5,1,0.666666667,0.285714286,0.6,0.5,1,0.951219512
0,0.273972603,0.234654273,0.533333333,0,0,0.479591837,0.5,0.733333333,0,0.214285714,0.8,1,0,0.951219512
0,0.02739726,0.198861388,0.533333333,0,0,0.244897959,0.5,0.733333333,0.666666667,0.428571429,0.6,1,1,0.951219512
0,0.397260274,0.100372434,0.8,0,0,0.37755102,0.5,0.6,1,0.928571429,0.8,1,0,0.951219512
1,0.369863014,0.135628825,0.8,0,0,0.602040816,0.625,0.6,0.333333333,0.285714286,0,1,1,0.951219512
0,0.02739726,0.030082233,0.6,0,0,0.295918367,0.5,1,0.666666667,0.285714286,0.2,1,0,0.951219512
0,0.04109589,0.137443974,0.6,0,0,0.37755102,0.875,1,0.666666667,0.214285714,0.6,1,1,0.951219512
0,0.068493151,0.224536656,0.533333333,0,0,0.193877551,0.5,0.733333333,0.666666667,0.857142857,0.8,1,1,0.951219512
0,0.438356164,0.481329937,0.533333333,0,0,0.428571429,0.5,0.733333333,0.333333333,0.214285714,0,1,1,0.951219512
1,0.123287671,0.087673151,0.666666667,0.03103031,0,0.448979592,0.5,0.533333333,0.333333333,0.857142857,0,1,1,0.951219512
1,0.150684932,0.323416649,0.8,0.03103031,0,0.397959184,0.5,0.6,0.333333333,0.714285714,0,1,1,0.951219512
0,0.150684932,0.120479124,0.533333333,0,0,0.448979592,0.5,0.733333333,0.333333333,0.5,0,1,1,0.951219512
0,0.02739726,0.179843923,0.6,0,0,0.112244898,0.5,1,0.666666667,0.571428571,0.6,1,1,0.951219512
0,0.150684932,0.009248266,0.666666667,0,0,0.397959184,0.5,0.533333333,0,0.214285714,0.2,0,1,0.951219512
1,0.534246575,0.157156243,0.533333333,0,0,0.397959184,0.5,0.733333333,0.333333333,1,0,1,1,0.951219512
0,0.123287671,0.136747141,0.4,0.06497065,0,0.479591837,0.5,0.066666667,0.666666667,0.5,0.8,1,1,0.951219512
0,0.150684932,0.119717343,0.4,0,0,0.397959184,0.5,0.066666667,0.333333333,0.428571429,0.6,1,1,0.951219512
0,0.02739726,0.262544525,0.6,0,0,0.397959184,0.5,1,0.5,0.071428571,0.6,1,1,0.951219512
0,0.095890411,0.143105239,0.6,0,0,0.397959184,0.5,1,0.333333333,0.214285714,0,1,1,0.951219512
0,0.438356164,0.166075711,0.533333333,0,0,0.397959184,0.625,0.733333333,0,0.285714286,0.8,1,0,0.951219512
0,0.109589041,0.086856571,0.8,0,0,0.397959184,0.5,0.6,0.666666667,0.714285714,0.2,1,0,0.951219512
0,0.246575342,0.206678777,0.6,0,0,0.397959184,0,1,0.666666667,0,0.8,0.5,0,0.951219512
0,0.547945205,0.098564049,0.533333333,0,0,0.479591837,0.5,0.733333333,0.666666667,0.571428571,0.2,0.5,1,0.951219512
0,0.01369863,0.087701566,0.533333333,0,0,0.214285714,0.5,0.733333333,0.666666667,0.428571429,0.6,1,1,0.951219512
0,0.232876712,0.203219641,0.866666667,0,0,0.448979592,0.5,0.8,0.333333333,0.714285714,0,1,1,0.951219512
0,0.109589041,0.068915477,0.533333333,0,0,0.397959184,0.5,0.733333333,0.666666667,0.428571429,0.4,1,1,0.951219512
0,0.232876712,0.032664576,0.4,0,0.202020202,0.602040816,0.5,0.066666667,0,1,0.8,1,1,0.951219512
0,0.082191781,0.299757461,0.533333333,0,0,0.397959184,0.5,0.733333333,0.666666667,0.571428571,0.2,1,1,0.317073171
1,0.301369863,0.186904267,0.6,0,0,0.520408163,0.5,1,0.333333333,0.214285714,0,0.5,1,0.951219512
0,0.410958904,0.113838233,0.6,0,0,0.5,0.5,1,0.333333333,1,0,1,1,0.951219512
0,0.260273973,0.125301482,0.8,0,0,0.397959184,0.25,0.6,0,0.714285714,0.8,0.5,0,0.951219512
1,0.315068493,0.126448889,0.866666667,0,0,0.5,0.5,0.8,0,0.285714286,0.2,1,0,0.219512195
0,0.136986301,0.092106501,0.533333333,0,0,0.602040816,0.5,0.733333333,0.333333333,1,0,1,1,0.951219512
0,0.232876712,0.204375167,0.666666667,0,0,0.397959184,0.5,0.533333333,0,0.214285714,0.2,1,1,0.951219512
1,0.602739726,0.046417904,0.866666667,0,0,0.448979592,0.5,0.8,0.333333333,0.714285714,0,0.25,1,0.463414634
1,0.328767123,0.109795246,0.533333333,0,0.433195592,0.448979592,0.5,0.733333333,0.333333333,1,0,1,1,0.951219512
0,0.01369863,0.07109528,0.4,0,0,0.142857143,0.625,0.066666667,0.666666667,0.857142857,0.6,1,1,0.951219512
0,0.205479452,0.066296601,0.733333333,0,0,0.346938776,0.5,0.466666667,0,0.714285714,0.8,0.5,0,0.951219512
0,0.589041096,0.104255082,0.4,0,0,0.295918367,0.5,0.066666667,0.333333333,0.5,1,0.25,0,0.414634146
0,0.232876712,0.08068858,0.533333333,0,0,0.397959184,0.5,0.733333333,0.666666667,0.571428571,0.6,1,0,0.951219512
0,0.054794521,0.290806872,0.533333333,0,0,0.397959184,0.5,0.733333333,0.666666667,0.428571429,0.6,1,0,0.951219512
0,0.205479452,0.172822142,0.6,0,0,0.397959184,0.5,1,0.666666667,0.071428571,0.6,0.5,0,0.951219512
0,0.02739726,0.130940421,0.533333333,0,0,0.397959184,0.5,0.733333333,0.666666667,0.571428571,0.6,1,0,0.195121951
0,0.260273973,0.090262936,0.533333333,0,0,0.397959184,0.5,0.733333333,0,0.5,0.8,1,0,0.951219512
1,0.301369863,0.139505384,0.8,0,0.424242424,0.397959184,0.5,0.6,0.333333333,0.857142857,0,1,1,0.951219512
0,0.479452055,0.146869493,0.533333333,0,0,0.397959184,0.5,0.733333333,0,0.071428571,0.2,1,0,0.951219512
1,0.219178082,0.190884336,0.666666667,0,0,0.765306122,0.75,0.533333333,0.333333333,0.357142857,0,1,1,0.951219512
0,0.164383562,0.018336192,0.533333333,0,0,0.397959184,0.5,0.733333333,0,0.857142857,0.2,1,1,0.951219512
0,0.465753425,0.063648634,0.733333333,0,0,0.397959184,0.25,0.466666667,0,0.071428571,0.8,1,0,0.951219512
0,0.479452055,0.144124104,0.133333333,0,0,0.397959184,0.5,0.266666667,0.333333333,0.214285714,0,1,1,0.634146341
1,0.287671233,0.187511121,0.866666667,0,0,0.397959184,0.5,0.8,0.666666667,0.714285714,0.8,0.25,0,0.073170732
0,0.315068493,0.088654807,0.6,0,0,0.397959184,0.5,1,0.833333333,0.428571429,0.2,1,1,0.951219512
0,0.219178082,0.121167839,0.8,0,0,0.397959184,0.5,0.6,0.666666667,0.714285714,0.2,1,1,0.048780488
0,0.219178082,0.137918903,0.533333333,0,0,0.397959184,0.5,0.733333333,0.333333333,0.214285714,0,1,1,0.951219512
0,0.643835616,0.090647209,0.6,0.034110341,0,0.142857143,0,1,0.333333333,0,0,1,1,0.951219512
0,0.109589041,0.105619657,0.8,0,0.399678604,0.397959184,0.5,0.6,0.666666667,0.714285714,0.2,1,1,0.951219512
1,0.356164384,0.122857153,0.6,0.076880769,0,0.397959184,0.5,1,0.333333333,0.857142857,0,1,1,0.951219512
1,0.452054795,0.058649023,0.8,0.150241502,0,0.397959184,0.5,0.6,0.333333333,0.071428571,0,1,1,0.951219512
0,0.315068493,0.200949182,0.533333333,0,0,0.397959184,0.5,0.733333333,0.333333333,0.357142857,0,1,1,0.951219512
1,0.369863014,0.02946929,0.8,0,0,0.448979592,0.75,0.6,0.333333333,0.857142857,0,1,1,0.951219512
0,0.068493151,0.1834864,0.533333333,0,0,0.346938776,0.5,0.733333333,0.666666667,1,0.2,1,1,0.951219512
0,0.328767123,0.014224198,0.533333333,0,0,0.397959184,0.5,0.733333333,0.666666667,0.071428571,0.2,1,0,0.951219512
0,0.287671233,0.113240851,0.533333333,0,0,0.397959184,0.5,0.733333333,0.333333333,0.785714286,0,1,1,0.829268293
0,0.301369863,0.027930168,0.666666667,0,0,0.397959184,0.5,0.533333333,0.333333333,0.214285714,0,1,1,0.951219512
0,0.02739726,0.103659052,0.6,0,0,0.193877551,0.5,1,0.666666667,0.857142857,0.6,1,0,0.951219512
0,0.616438356,0.044380173,0.533333333,0,0,0.397959184,0.5,0.733333333,0.333333333,0.857142857,0,0.25,1,0.731707317
0,0.232876712,0.110924387,0.533333333,0,0,0.397959184,0.5,0.733333333,0.333333333,0.5,0.4,1,0,0.634146341
0,0.191780822,0.168117501,0.6,0,0.362488522,0.448979592,0.5,1,0.333333333,1,0,1,1,0.195121951
1,0.424657534,0.153353426,0.866666667,0.095620956,0,0.397959184,0.25,0.8,0,0.285714286,0.8,0.5,0,0.951219512
0,0.02739726,0.23937515,0.333333333,0,0,0.397959184,0.5,0,0.666666667,0.571428571,0.4,1,1,0.951219512
0,0.273972603,0.048436691,0.6,0,0,0.397959184,0.5,1,0.666666667,0.214285714,0.2,1,1,0.951219512
0,0.150684932,0.121968859,0.533333333,0,0,0.397959184,0,0.733333333,0.666666667,0,0.6,0.5,1,0.951219512
0,0.342465753,0.25606668,0.8,0,0,0.397959184,0.5,0.6,0.333333333,0.071428571,1,0.5,0,0.951219512
0,0.123287671,0.101498868,0.6,0,0,0.193877551,0.5,1,0.666666667,0.071428571,0.2,0.25,1,0.731707317
0,0.315068493,0.102630715,0.533333333,0,0,0.234693878,0.5,0.733333333,0.333333333,0.857142857,0,1,1,0.951219512
0,0.232876712,0.119486643,0.8,0,0,0.397959184,0.5,0.6,0.333333333,0.285714286,1,1,0,0.951219512
0,0.589041096,0.010270513,0.6,0,0,0.397959184,0.125,1,1,0.285714286,0.2,1,0,0.219512195
1,0.328767123,0.157117004,0.533333333,0.076880769,0,0.418367347,0.5,0.733333333,0.333333333,0.214285714,0,1,1,0.951219512
1,0.684931507,0.093347947,1,0,0,0.193877551,0,0.666666667,0.333333333,0,0,1,1,0.048780488
0,0.178082192,0.362384524,0.6,0,0,0.397959184,0.125,1,0.666666667,0.071428571,0.8,0.5,0,0.951219512
0,0.205479452,0.254639862,0.6,0,0,0.153061224,0.5,1,0,0.428571429,0.2,1,1,0.951219512
0,0.698630137,0.333587035,0.8,0,0,0.704081633,0.625,0.6,0.833333333,0.857142857,0.8,1,1,0.048780488
0,0.410958904,0.200225963,0.533333333,0,0,0.397959184,0,0.733333333,0.333333333,0,0,1,1,0.951219512
0,0.054794521,0.07200184,0.533333333,0,0,0.346938776,0.5,0.733333333,0.666666667,0.214285714,0.8,1,1,0.951219512
0,0.328767123,0.011708155,0.666666667,0,0,0.418367347,0.5,0.533333333,0.666666667,0.214285714,0.2,1,1,0.951219512
1,0.219178082,0.109551693,0.8,0,0,0.551020408,0.5,0.6,0.666666667,0.285714286,0.2,1,0,0.951219512
0,0.164383562,0.071924715,0.533333333,0,0,0.397959184,0.5,0.733333333,0.666666667,0.5,0.8,0.5,0,0.951219512
0,0.123287671,0.065593678,0.8,0,0,0.5,0.625,0.6,0.666666667,0.285714286,0.2,1,1,0.951219512
0,0.150684932,0.113667746,0.533333333,0,0,0.479591837,0.5,0.733333333,0.333333333,0.214285714,0,1,1,0.951219512
0,0.205479452,0.041210596,0.466666667,0,0,0.397959184,0.5,0.133333333,0.666666667,0.357142857,0.6,0.25,1,0.731707317
1,0.493150685,0.179000281,0.6,0,0,0.397959184,0.125,1,0.333333333,0.285714286,0,1,1,0.951219512
1,0.575342466,0.10353051,0.8,1,0,0.428571429,0.75,0.6,0.333333333,0.714285714,0,1,1,0.951219512
0,0.397260274,0.05343089,0.6,0,0,0.397959184,0.5,1,0.5,0.214285714,0.2,0.25,1,0.731707317
0,0.205479452,0.09735846,0.533333333,0,0,0.193877551,0.5,0.733333333,0.666666667,0.571428571,0.6,1,1,0.951219512
0,0.424657534,0.030024051,0.533333333,0,0,0.397959184,0.5,0.733333333,0,0.571428571,0.2,1,0,0.951219512
0,0.02739726,0.030473948,0.6,0,0,0.295918367,0,1,0.666666667,0,0.6,1,0,0.585365854
1,0.424657534,0.103034608,0.6,0.07298073,0,0.602040816,0.75,1,0.333333333,0.357142857,0,1,1,0.951219512
0,0.369863014,0.153973811,0.8,0,0,0.397959184,0.5,0.6,0,0.714285714,0.8,0.5,1,0.951219512
0,0.273972603,0.093841142,0.4,0,0,0.448979592,0.75,0.066666667,0.333333333,1,0,1,1,0.951219512
1,0.383561644,0.060794999,0.666666667,0,0,0.397959184,0.5,0.533333333,0,0.285714286,0.2,1,1,0.951219512
1,0.356164384,0.124220375,0.533333333,0.07298073,0,0.397959184,0.125,0.733333333,0.333333333,0.357142857,0,1,1,0.951219512
0,0.054794521,0.163266728,0.6,0.010550106,0,0.316326531,0.5,1,0.666666667,0.714285714,0.6,1,0,0.951219512
0,0.04109589,0.064620141,0.733333333,0,0.506198347,0.173469388,0.5,0.466666667,0.666666667,0.571428571,0.6,1,0,0.951219512
0,0.547945205,0.081753449,0.6,0,0,0.397959184,0.5,1,0.666666667,0.214285714,0.2,0.5,0,0.951219512
0,0.273972603,0.162811419,0.666666667,0.054550546,0,0.397959184,0.875,0.533333333,0.666666667,0.714285714,0.8,0.5,0,0.951219512
0,0.068493151,0.082474638,0.6,0,0,0.091836735,0.875,1,0.666666667,0.928571429,0.6,1,0,0.951219512
1,0.452054795,0.132300937,0.6,0.07298073,0,0.448979592,0.625,1,0.333333333,0.285714286,0,1,1,0.951219512
0,0.02739726,0.118691036,0.6,0,0,0.244897959,0.5,1,0.666666667,0.571428571,0.6,1,0,0.951219512
0,0.246575342,0.152666065,0.8,0,0,0.397959184,0.5,0.6,0.333333333,0.285714286,0,1,1,0.951219512
1,0.479452055,0.146791014,0.933333333,0,0,0.397959184,0.625,0.933333333,0.333333333,0.714285714,0,1,1,0.951219512
0,0.232876712,0.066482649,0.533333333,0,0,0.346938776,0.5,0.733333333,0,0.857142857,0.6,1,0,0.951219512
0,0.136986301,0.122867977,0.8,0,0,0.520408163,0.5,0.6,0,0.285714286,0.2,1,1,0.951219512
0,0.616438356,0.129111064,0.266666667,0,0,0.397959184,0,0.4,0.666666667,0,0.8,1,0,0.146341463
0,0.410958904,0.013682291,0.6,0,0,0.397959184,0.5,1,0,0.571428571,0.8,1,0,0.951219512
1,0.876712329,0.052165089,0.933333333,0,0,0.234693878,0,0.933333333,0.333333333,0,0,1,1,0.951219512
0,0.123287671,0.068778816,0.8,0,0,0.479591837,0.25,0.6,0.666666667,0.785714286,0.2,1,0,0.951219512
1,0.561643836,0.072574191,0.533333333,0,0,0.5,0.5,0.733333333,0.333333333,0.285714286,0,1,1,0.951219512
0,0.438356164,0.127314857,0.4,0,0,0.602040816,0.5,0.066666667,0.666666667,0.571428571,0.2,1,1,0.951219512
0,0.136986301,0.020599886,0.6,0,0,0.244897959,0.5,1,0.666666667,0.571428571,0.2,1,1,0.951219512
0,0.232876712,0.060498676,0.533333333,0,0,0.397959184,0.5,0.733333333,0.833333333,1,0.2,0.25,1,0.951219512
0,0.04109589,0.136628747,0.4,0,0,0.316326531,0.5,0.066666667,0.666666667,0.857142857,0.4,1,0,0.634146341
0,0.506849315,0.124225111,0.666666667,0,0,0.397959184,0.625,0.533333333,0.333333333,0.214285714,0,1,1,0.951219512
0,0.109589041,0.216774067,0.666666667,0,0,0.142857143,0.5,0.533333333,0.666666667,0.571428571,0.6,1,0,0.951219512
0,0.369863014,0.104859906,0.8,0,0,0.397959184,0.75,0.6,0.333333333,0.857142857,0,1,1,0.951219512
0,0.246575342,0.120836335,0.8,0,0,0.244897959,0.75,0.6,0,0.285714286,0.2,1,1,0.951219512
0,0.287671233,0.106817805,0.533333333,0,0,0.602040816,0.5,0.733333333,0.666666667,0.714285714,0.2,1,1,0.951219512
0,0.643835616,0.133817058,0.533333333,0,0,0.397959184,0.5,0.733333333,1,0.071428571,0.2,1,0,0.951219512
0,0.315068493,0.005293228,0.6,0,0,0.846938776,0.5,1,0,0.428571429,0.2,0,0,0.951219512
0,0.383561644,0.144891974,0.533333333,0,0,0.397959184,0.875,0.733333333,0.333333333,0.571428571,0,1,1,0.951219512
0,0.109589041,0.368575517,0.533333333,0,0,0.37755102,0.5,0.733333333,0.666666667,0.071428571,0.2,1,0,0.951219512
0,0.534246575,0.064189863,0.533333333,0,0,0.173469388,0.5,0.733333333,0.333333333,0.428571429,0,1,1,0.951219512
0,0.328767123,0.088242119,0.6,0,0,0.357142857,0.5,1,0,0.928571429,0.8,0.5,0,0.951219512
1,0.342465753,0.005016524,0.8,0,0,0.5,0.25,0.6,0.333333333,0.714285714,1,1,0,0.951219512
0,0.493150685,0.258711264,0.6,0,0,0.040816327,0,1,0.333333333,0,1,1,0,0.951219512
1,0.315068493,0.084659177,0.866666667,0,0,0.346938776,0.5,0.8,0.5,0.285714286,0.2,0.25,1,0.463414634
1,0.561643836,0.099263589,0.8,0,0.433195592,0.397959184,0.5,0.6,0.333333333,0.714285714,0,1,1,0.951219512
1,0.589041096,0.057082839,0.533333333,0,0,0.071428571,0.625,0.733333333,0.333333333,0.071428571,1,1,0,0.951219512
0,0.369863014,0.136748494,0.6,0,0,0.397959184,0.5,1,0.833333333,0.714285714,0.8,0.5,0,0.951219512
0,0.082191781,0.150309685,0.2,0,0,0.397959184,0.5,0.333333333,0.666666667,0.5,0.6,0.5,0,0.146341463
0,0.082191781,0.080470735,0.8,0,0,0.5,0.5,0.6,0.666666667,0.785714286,0.6,1,1,0.951219512
0,0.205479452,0.188660558,0.6,0,0,0.5,0.5,1,0.333333333,0.857142857,0,1,1,0.951219512
0,0.342465753,0.107945593,0.933333333,0,0,0.602040816,0.5,0.933333333,0.333333333,0.714285714,0,1,1,0.951219512
0,0.232876712,0.076138866,0.666666667,0,0,0.397959184,0.5,0.533333333,0.666666667,1,0.6,1,1,0.951219512
0,0.328767123,0.171944673,0.533333333,0,0,0.397959184,0.5,0.733333333,0.333333333,0.5,0,1,1,0.951219512
0,0.328767123,0.125344104,0.8,0,0,0.397959184,0.875,0.6,0,0.285714286,0.2,1,1,0.951219512
0,0,0.223573267,0.4,0,0,0.142857143,0.5,0.066666667,0.666666667,0.571428571,0.6,1,1,0.951219512
0,0.054794521,0.22263694,0.533333333,0,0,0.193877551,0.5,0.733333333,0,0.214285714,0.2,1,1,0.951219512
1,0.493150685,0.18219489,0.533333333,0.150241502,0,0.397959184,0.875,0.733333333,0.333333333,0.285714286,1,1,0,0.951219512
0,0.04109589,0.1384784,0.533333333,0,0,0.295918367,0.5,0.733333333,0.666666667,0.857142857,0.2,1,1,0.951219512
0,0.01369863,0.156057546,0.4,0,0,0.397959184,0.25,0.066666667,0.666666667,0.714285714,0.6,0.5,0,0.951219512
0,0.205479452,0.130238175,0.4,0,0,0.397959184,0.5,0.066666667,0.333333333,0.357142857,0,1,1,0.951219512
0,0.164383562,0.069786857,0.533333333,0,0,0.346938776,0.5,0.733333333,0.833333333,0.214285714,0.8,1,1,0.951219512
0,0.109589041,0.117413733,0.6,0,0,0.397959184,0.5,1,0.666666667,0.571428571,0.2,1,0,0.951219512
0,0.616438356,0.121034561,0.533333333,0,0,0.397959184,0,0.733333333,0.333333333,0,0,1,1,0.951219512
1,0.369863014,0.102630715,0.933333333,0,0,0.316326531,0.75,0.933333333,0.333333333,0.714285714,0,1,1,0.951219512
1,0.356164384,0.069709055,0.8,0.03103031,0,0.397959184,0.5,0.6,0.333333333,0.285714286,0,1,1,0.951219512
0,0.01369863,0.080212974,0.6,0,0,0.142857143,0.5,1,0.666666667,0.857142857,0.6,1,0,0.951219512
0,0.095890411,0.233231514,0.6,0,0,0.397959184,0.5,1,0.666666667,0.285714286,0.6,1,1,0.951219512
1,0.219178082,0.085765992,0.866666667,0,0,0.5,0.5,0.8,0.333333333,0.928571429,0,0.25,1,0.951219512
0,0.712328767,0.119312773,0.533333333,0,0.32805326,0.295918367,0.5,0.733333333,1,0.071428571,0.2,1,0,0.951219512
0,0.095890411,0.124160163,0.6,0,0,0.397959184,0.5,1,0.666666667,0.5,0.6,1,1,0.951219512
0,0.109589041,0.024351962,0.8,0,0,0.397959184,0.5,0.6,0.666666667,0.714285714,0.2,1,0,0.951219512
0,0.342465753,0.058803273,0.533333333,0.033250333,0,0.397959184,0.5,0.733333333,0.833333333,0.214285714,0.2,1,1,0.951219512
1,0.301369863,0.077996638,0.8,0,0,0.295918367,0.5,0.6,0.333333333,0.714285714,1,1,0,0.951219512
1,0.315068493,0.277077223,0.533333333,0,0,0.5,0.5,0.733333333,0.333333333,0.285714286,0,1,1,0.951219512
1,0.328767123,0.037246087,0.4,0.076880769,0,0.397959184,0.5,0.066666667,0.333333333,0.428571429,0,1,1,0.951219512
1,0.506849315,0.22035295,0.8,0,0,0.5,0.5,0.6,0.333333333,0.285714286,0,0.25,1,0.585365854
1,0.356164384,0.228924001,0.933333333,0,0,0.5,0.5,0.933333333,0.833333333,0.928571429,0.2,1,1,0.097560976
0,0.136986301,0.009499261,0.666666667,0,0,0.397959184,0.5,0.533333333,0,0.571428571,0.8,0,0,0.951219512
1,0.369863014,0.06016379,0.8,0,0,0.43877551,0.5,0.6,0,0.857142857,0.8,1,1,0.951219512
0,0.602739726,0.041779564,0.8,0,0,0.295918367,0.5,0.6,0,0.857142857,0.2,0.25,0,0.853658537
0,0.397260274,0.071055364,0.266666667,0,0,0.397959184,0.5,0.4,0.833333333,0.5,0.2,1,0,0.512195122
0,0.383561644,0.010179857,0.533333333,0,0,0.397959184,0.5,0.733333333,0,0.857142857,0.2,1,0,0.951219512
0,0.273972603,0.157476245,0.6,0,0.345270891,0.397959184,0.5,1,0,0.428571429,0.6,1,1,0.951219512
1,0.452054795,0.173741556,0.8,0,0,0.397959184,0.5,0.6,0,0.285714286,0.8,1,0,0.951219512
1,0.136986301,0.007749735,0.533333333,0,0,0.37755102,0.875,0.733333333,0.666666667,1,0.2,0,1,0.951219512
1,0.342465753,0.154482567,0.8,0,0,0.397959184,0.5,0.6,0.333333333,0.285714286,1,1,0,0.951219512
1,0.315068493,0.045159544,0.666666667,0,0,0.5,0.5,0.533333333,0,1,0.2,1,1,0.951219512
0,0.232876712,0.266168735,0.6,0,0,0.397959184,0.5,1,0,0.5,0.2,1,0,0.951219512
0,0.082191781,0.109916346,0.6,0,0,0.295918367,0.5,1,0.666666667,0.857142857,0.2,1,0,0.951219512
0,0.397260274,0.068964187,0.666666667,0,0,0.397959184,0.5,0.533333333,0,0.285714286,0.2,1,1,0.951219512
0,0.068493151,0.058800567,0.533333333,0,0,0.479591837,0.5,0.733333333,0.333333333,0.285714286,0,1,1,0.951219512
1,0.438356164,0.031170782,0.6,0.150241502,0,0.5,0.625,1,0.333333333,0.285714286,0,1,1,0.951219512
1,0.246575342,0.085973689,0.533333333,0,0.436639118,0.397959184,0.5,0.733333333,0.333333333,0.857142857,0,1,1,0.951219512
0,0.191780822,0.13209527,0.533333333,0,0.383149679,0.5,0.5,0.733333333,0,0.214285714,0.6,1,1,0.951219512
0,0.02739726,0.129067089,0.6,0,0,0.244897959,0.5,1,0.666666667,0.928571429,0.2,1,0,0.951219512
0,0.315068493,0.105395047,0.533333333,0,0,0.275510204,0.5,0.733333333,0.666666667,0.214285714,0.6,1,1,0.951219512
0,0.520547945,0.092215423,0.333333333,0,0,0.397959184,0.5,0,1,0.214285714,0.8,0.5,0,0.951219512
1,0.493150685,0.108660693,0.933333333,0,0,0.602040816,0.125,0.933333333,0.333333333,0.714285714,0,1,1,0.951219512
1,0.315068493,0.179527303,0.8,0,0,0.397959184,0.5,0.6,0.333333333,0.714285714,0,1,1,0.951219512
0,0.273972603,0.1745419,0.533333333,0,0,0.112244898,0.875,0.733333333,0,0.071428571,0.8,1,0,0.804878049
0,0.726027397,0.109227631,0.8,0,0,0.051020408,0,0.6,0.333333333,0,0,1,1,0.951219512
0,0.452054795,0.140134563,1,0,0,0.642857143,0.75,0.666666667,0,0.857142857,0.2,1,1,0.951219512
0,0.04109589,0.120054935,0.6,0,0,0.316326531,0,1,0.666666667,0,0.6,1,0,0.951219512
1,0.246575342,0.064849487,0.8,0,0,0.397959184,0.5,0.6,0.333333333,0.285714286,0,1,1,0.951219512
0,0.068493151,0.188225544,0.533333333,0,0,0.397959184,0.5,0.733333333,0.666666667,0.571428571,0.4,1,1,0.951219512
1,0.260273973,0.173892424,0.8,0,0,0.5,0.5,0.6,0.333333333,0.285714286,0,1,1,0.951219512
0,0.410958904,0.122301715,0.6,0,0,0.602040816,0.5,1,0,0.285714286,0.2,1,1,0.951219512
0,0.054794521,0.12705642,0.066666667,0,0,0.397959184,0.5,0.2,0.333333333,0.571428571,0.4,1,1,0.219512195
0,0.191780822,0.128842478,0.533333333,0,0,0.5,0.5,0.733333333,0.333333333,1,0,1,1,0.951219512
1,0.164383562,0.092712001,0.6,0,0.340909091,0.397959184,0.5,1,0.333333333,0.214285714,0,1,1,0.951219512
1,0.575342466,0.074490145,0.6,0,0.453856749,0.479591837,0.625,1,0.333333333,0.285714286,0,1,1,0.951219512
0,0.520547945,0.250102326,0.8,0,0,0.397959184,0.5,0.6,0.333333333,0.214285714,0.4,1,1,0.951219512
0,0.520547945,0.088685251,0.533333333,0,0,0.397959184,0.5,0.733333333,0,0.857142857,0.8,0.5,0,0.951219512
0,0.547945205,0.098411829,0.6,0,0,0.397959184,0.5,1,0.333333333,0.214285714,0,1,1,0.951219512
0,0.178082192,0.1123715,0.6,0,0,0.397959184,0.25,1,0.833333333,0.428571429,0.2,0.5,1,0.951219512
1,0.356164384,0.027205596,0.533333333,0,0,0.397959184,0.5,0.733333333,0,0.285714286,0.8,1,0,0.951219512
1,0.534246575,0.209215115,0.6,0.150241502,0,0.397959184,0.625,1,0.333333333,0.285714286,0,1,1,0.951219512
0,0.02739726,0.116913772,0.533333333,0,0,0.367346939,0.5,0.733333333,0.666666667,0.428571429,0.2,1,0,0.951219512
0,0.150684932,0.120586017,0.866666667,0,0,0.397959184,0.5,0.8,0.666666667,0.714285714,0.6,1,1,0.951219512
0,0.452054795,0.128338458,0.533333333,0,0,0.397959184,0.5,0.733333333,0,0.5,0.8,1,1,0.951219512
0,0.219178082,0.09988668,0.533333333,0,0,0.397959184,0.5,0.733333333,0.333333333,0.214285714,0,1,1,0.951219512
1,0.849315068,0.115959178,0.8,0,0,0.193877551,0.625,0.6,0.333333333,0.857142857,0,1,1,0.951219512
0,0.095890411,0.087156953,0.2,0.025800258,0,0.397959184,0.5,0.333333333,0.333333333,0.857142857,0,1,1,0.951219512
1,0.506849315,0.112680001,0.533333333,0,0.424242424,0.397959184,0.5,0.733333333,0.333333333,0.285714286,0,1,1,0.219512195
0,0.315068493,0.187714082,0.8,0.046500465,0,0.479591837,0.5,0.6,0.666666667,0.285714286,0.2,1,0,0.951219512
1,0.273972603,0.024225449,0.8,0,0,0.908163265,0.5,0.6,0.666666667,0.214285714,0.2,1,1,0.951219512
0,0.191780822,0.014093626,0.866666667,0,0,0.448979592,0.75,0.8,0.666666667,0.714285714,0.2,1,1,0.219512195
0,0.260273973,0.066528653,0.8,0,0,0.071428571,0.75,0.6,0,0.857142857,0.8,0.25,0,0.853658537
0,0,0.089618873,0.333333333,0,0,0.193877551,0.5,0,0.666666667,0.428571429,0.6,0,1,0.951219512
0,0.150684932,0.121744249,0.6,0,0,0.346938776,0.5,1,0.666666667,0.857142857,0.6,1,1,0.951219512
0,0.479452055,0.109297314,0.333333333,0,0,0.602040816,0.75,0,0.333333333,0.285714286,0,1,1,0.951219512
1,0.315068493,0.145196416,0.8,0,0,0.397959184,0.5,0.6,0.333333333,0.285714286,0,1,1,0.951219512
0,0.356164384,0.146155746,0.533333333,0,0,0.397959184,0.5,0.733333333,0.333333333,0.285714286,0,1,1,0.951219512
1,0.452054795,0.126992825,0.8,0,0,0.397959184,0.25,0.6,0,0.785714286,0.2,1,1,0.951219512
0,0.136986301,0.159136468,0.8,0,0,0.346938776,0.25,0.6,0.666666667,0.714285714,0.6,1,1,0.951219512
0,0.671232877,0.132352354,0.2,0.01797018,0,0.193877551,0.5,0.333333333,0.333333333,0.571428571,0,0.5,1,0.951219512
0,0.643835616,0.029972634,0.6,0,0,0.704081633,0.625,1,1,0.285714286,0.8,1,0,0.951219512
0,0.04109589,0.091372457,0.6,0,0,0.193877551,0.5,1,0.666666667,0.428571429,0.6,1,1,0.951219512
0,0.054794521,0.101221488,0.4,0,0,0.397959184,0.5,0.066666667,0.333333333,0.428571429,0,1,1,0.951219512
0,0.287671233,0.119616539,0.666666667,0,0,0.428571429,0.5,0.533333333,0.333333333,0.214285714,0,1,1,0.951219512
0,0.164383562,0.095886991,0.533333333,0,0,0.091836735,0.5,0.733333333,0.666666667,0.857142857,0.2,1,0,0.951219512
1,0.506849315,0.179921725,0.6,0.105201052,0,0.295918367,0.75,1,0,0.357142857,0.8,1,0,0.951219512
0,0.479452055,0.176731175,0.533333333,0,0,0.397959184,0.5,0.733333333,0.833333333,0.214285714,0.2,1,1,0.951219512
0,0.465753425,0.194535608,0.666666667,0,0,0.397959184,0.5,0.533333333,0.666666667,0.714285714,0.6,1,0,0.951219512
0,0.301369863,0.220208171,0.6,0.046500465,0,0.397959184,0.5,1,0,0.857142857,0.2,1,1,0.951219512
0,0.109589041,0.16946787,0.8,0.068490685,0,0.5,0.5,0.6,0.666666667,0.857142857,0.2,1,0,0.951219512
1,0.465753425,0.081702033,0.6,0,0,0.397959184,0.25,1,0.333333333,0.285714286,0,0.5,1,0.951219512
1,0.602739726,0.113748254,0.533333333,0,0,0.397959184,0.5,0.733333333,0.333333333,1,0,1,1,0.951219512
0,0.246575342,0.285036685,0.533333333,0,0,0.37755102,0.25,0.733333333,0.666666667,0.857142857,0.6,0.5,1,0.951219512
1,0.561643836,0.210001252,0.8,0,0,0.397959184,0.5,0.6,0.333333333,0.5,0,1,1,0.951219512
0,0.602739726,0.105238767,0.533333333,0,0.45959596,0.37755102,0.5,0.733333333,0.333333333,0.428571429,0,1,1,0.951219512
0,0.123287671,0.10745375,0.6,0,0,0.37755102,0.5,1,0.666666667,0.357142857,0.2,1,0,0.951219512
0,0.095890411,0.00600021,0.6,0,0,0.295918367,0.5,1,0.666666667,0.071428571,0.6,1,0,0.951219512
0,0.767123288,0.012632982,0.6,0,0,0.244897959,0.75,1,0.333333333,0.857142857,0,1,1,0.951219512
1,0.315068493,0.09662374,0.533333333,0,0,0.551020408,0.125,0.733333333,0.333333333,0.071428571,0,1,1,0.951219512
0,0.068493151,0.079625063,0.6,0,0,0.244897959,0,1,0.666666667,0,0.2,1,1,0.951219512
1,0.493150685,0.023285739,0.866666667,0,0,0.5,0.75,0.8,0.333333333,0.714285714,0,1,1,0.951219512
1,0.178082192,0.096259763,0.8,0,0,0.357142857,0.5,0.6,0.333333333,0.214285714,0,0.25,1,0.975609756
1,0.589041096,0.090459809,0.8,0,0,0.397959184,0.5,0.6,0.333333333,0.857142857,0,1,1,0.951219512
0,0.123287671,0.08093281,0.8,0,0,0.397959184,0.5,0.6,0.666666667,0.5,0.2,0.5,0,0.951219512
1,0.123287671,0.057416372,0.733333333,0.051780518,0,0.397959184,0.5,0.466666667,0.333333333,0.5,0,1,1,0.951219512
0,0.164383562,0.043999959,0.533333333,0,0,0.316326531,0.5,0.733333333,0.666666667,0.571428571,0.2,1,0,0.951219512
0,0.342465753,0.077157731,0.533333333,0,0,0.397959184,0.875,0.733333333,0.333333333,0.857142857,1,1,0,0.951219512
0,0.054794521,0.139943103,0.333333333,0,0,0.244897959,0.5,0,0.666666667,0.571428571,0.6,0.5,1,0.951219512
0,0.301369863,0.077266654,0.533333333,0,0,0.397959184,0.5,0.733333333,0,0.714285714,0.8,1,0,0.951219512
0,0.205479452,0.133552531,0.8,0,0,0.5,0.625,0.6,0.333333333,0.214285714,0,1,1,0.048780488
0,0.109589041,0.028930767,0.533333333,0,0,0.357142857,0.75,0.733333333,0.666666667,0.214285714,0.6,1,1,0.951219512
1,0.410958904,0.299505789,0.533333333,0,0,0.397959184,0.5,0.733333333,0.333333333,0.285714286,1,1,0,0.951219512
0,0.082191781,0.287971504,0.533333333,0,0,0.397959184,0.5,0.733333333,0.333333333,0.5,0,1,1,0.951219512
0,0.095890411,0.070409271,0.533333333,0,0.536960514,0.397959184,0.5,0.733333333,0.666666667,0.071428571,0.6,0.25,1,0.731707317
0,0.273972603,0.123363202,0.533333333,0,0,0.5,0.5,0.733333333,0,0.214285714,0.2,1,1,0.951219512
1,0.438356164,0.173959401,1,0,0.518365473,0.5,0.875,0.666666667,0.666666667,0.285714286,0.2,1,0,0.951219512
1,0.465753425,0.610085142,0.6,0,0,0.43877551,0.125,1,0.333333333,0.071428571,0,1,1,0.951219512
0,0.205479452,0.253425478,0.666666667,0.046500465,0,0.397959184,0.125,0.533333333,0.666666667,0.928571429,0.6,0.5,1,0.951219512
0,0.109589041,0.065714779,0.533333333,0,0,0.397959184,0.5,0.733333333,0.666666667,0.071428571,0.6,1,0,0.951219512
1,0.178082192,0.089153415,0.533333333,0,0,0.397959184,0.875,0.733333333,0.333333333,0.785714286,0,1,1,0.951219512
1,0.575342466,0.087880172,0.533333333,0,0,0.397959184,0.5,0.733333333,0.333333333,0.571428571,0,1,1,0.951219512
0,0.095890411,0.24488487,0.533333333,0,0,0.551020408,0.5,0.733333333,0.833333333,0.571428571,0.2,1,0,0.951219512
0,0.246575342,0.154837749,0.666666667,0,0,0.397959184,0.5,0.533333333,0.666666667,0.928571429,0.2,1,1,0.951219512
0,0.082191781,0.200399157,0.6,0,0,0.142857143,0.5,1,0.666666667,0.214285714,0.6,1,1,0.951219512
0,0.616438356,0.074392723,0.866666667,0,0,0.316326531,0.75,0.8,0,0.714285714,0.8,1,0,0.951219512
0,0.082191781,0.077297775,0.333333333,0,0,0.397959184,0.5,0,0.333333333,0.428571429,0,1,1,0.951219512
0,0.068493151,0.118236402,0.533333333,0,0,0.397959184,0.5,0.733333333,0.666666667,0.071428571,0.6,1,0,0.951219512
1,0.616438356,0.111326927,1,0,0,0.5,0.5,0.666666667,0.666666667,0.285714286,0.2,1,1,0.951219512
1,0.342465753,0.023494112,0.6,0.076880769,0,0.397959184,0.5,1,0.333333333,0.214285714,0,1,1,0.951219512
0,0.315068493,0.090083654,0.133333333,0.040640406,0,0.397959184,0.5,0.266666667,0.333333333,0.571428571,0,0.75,1,0.634146341
0,0.136986301,0.136414284,0.533333333,0,0,0.397959184,0.5,0.733333333,0.666666667,0.571428571,0.6,1,1,0.634146341
0,0.136986301,0.166304381,0.133333333,0,0,0.397959184,0.5,0.266666667,0.666666667,1,0.2,1,1,0.634146341
0,0.082191781,0.037227144,0.8,0,0,0.397959184,0.5,0.6,0.666666667,0.285714286,0.6,1,0,0.048780488
0,0.438356164,0.171170714,0.533333333,0,0,0.397959184,0.5,0.733333333,0.666666667,0.214285714,0.2,1,1,0.951219512
0,0.520547945,0.116812968,0.533333333,0,0,0.397959184,0.5,0.733333333,0.333333333,0.285714286,0,1,1,0.951219512
0,0.191780822,0.053029027,0.333333333,0,0,0.397959184,0.5,0,0.666666667,0.571428571,0.2,1,0,0.951219512
0,0.342465753,0.151570074,0.533333333,0,0,0.397959184,0.5,0.733333333,0,0.214285714,0.8,1,0,0.951219512
0,0.082191781,0.119685545,0.6,0,0,0.397959184,0.5,1,0.666666667,0.5,0.6,1,1,0.951219512
0,0.520547945,0.109015198,0.6,0,0,0.397959184,0.5,1,0.333333333,0.5,0,1,1,0.951219512
0,0.287671233,0.056397506,0.533333333,0,0,0.295918367,0.5,0.733333333,0.666666667,0.071428571,0.6,0.25,1,0.951219512
1,0.465753425,0.12224218,0.8,0,0,0.397959184,0.625,0.6,0.333333333,0.785714286,0,0.5,1,0.951219512
0,0.04109589,0.109889285,0.6,0,0,0.153061224,0,1,0.666666667,0,0.6,1,1,0.951219512
0,0.397260274,0.174649469,0.533333333,0,0,0.397959184,0.5,0.733333333,0,0.285714286,0.8,1,0,0.951219512
0,0.383561644,0.05805164,0.533333333,0,0,0.602040816,0.5,0.733333333,0.333333333,0.857142857,0,1,1,0.951219512
0,0.397260274,0.115907761,0.866666667,0,0,0.397959184,0.25,0.8,0.833333333,0.714285714,0.8,1,0,0.951219512
0,0.726027397,0.145611133,0.333333333,0,0,0.397959184,0.5,0,1,1,0.8,1,0,0.292682927
0,0.068493151,0.12042703,0.6,0,0,0.653061224,0,1,0.666666667,0,0.6,1,1,0.951219512
0,0.136986301,0.186176989,0.533333333,0.033250333,0,0.397959184,0.5,0.733333333,0.666666667,0.214285714,0.2,0.5,1,0.951219512
0,0.178082192,0.094433112,0.266666667,0,0,0.397959184,0.5,0.4,0.333333333,0.214285714,0,1,1,0.951219512
1,0.232876712,0.154228189,0.866666667,0,0,0.397959184,0.25,0.8,0.333333333,0.285714286,0,1,1,0.951219512
0,0.575342466,0.120736884,0.533333333,0,0,0.397959184,0.5,0.733333333,0.333333333,0.071428571,1,1,0,0.951219512
0,0.164383562,0.245602,0.6,0,0,0.448979592,0.5,1,0.666666667,0.214285714,0.2,0.25,1,0.731707317
0,0.273972603,0.053738038,0.533333333,0,0,0.755102041,0.5,0.733333333,0,0.857142857,0.8,1,1,0.951219512
0,0.109589041,0.133861709,0.533333333,0,0,0.397959184,0.5,0.733333333,0.666666667,0.214285714,0.6,1,1,0.951219512
0,0.150684932,0.090491606,0.533333333,0,0,0.5,0.625,0.733333333,0.333333333,0.214285714,0,1,1,0.951219512
0,0.191780822,0.120753121,0.8,0,0.365013774,0.346938776,0.5,0.6,0.666666667,0.285714286,0.6,1,0,0
0,0.205479452,0.184590509,0.733333333,0,0,0.193877551,0,0.466666667,0.666666667,0,0.8,1,1,0.951219512
0,0.260273973,0.111121936,0.6,0,0,0.418367347,0.5,1,0.833333333,0.071428571,0.4,0,0,0.951219512
0,0.01369863,0.093947359,0.333333333,0,0,0.265306122,0.5,0,0.666666667,0.357142857,0.6,1,1,0.951219512
0,0.520547945,0.079477578,0.533333333,0,0,0.397959184,0.5,0.733333333,0,0.571428571,0.4,1,0,0.829268293
1,0.452054795,0.222927174,0.733333333,0,0,0.397959184,0.5,0.466666667,0.333333333,0.214285714,0,1,1,0.048780488
1,0.561643836,0.084266786,0.8,1,0,0.346938776,0.5,0.6,0.333333333,0.714285714,1,1,0,0.951219512
0,0.082191781,0.078201628,0.6,0,0,0.346938776,0.5,1,0.666666667,0.571428571,0.2,1,0,0.951219512
0,0.315068493,0.210744766,0.6,0,0,0.397959184,0.5,1,0.333333333,0.571428571,0,1,1,0.951219512
0,0.301369863,0.116617449,0.533333333,0,0,0.397959184,0.5,0.733333333,0.333333333,0.5,0,1,1,0.951219512
0,0.082191781,0.32717549,0.533333333,0,0,0.397959184,0.5,0.733333333,0.666666667,0.571428571,0.2,1,1,0.195121951
0,0.123287671,0.071856385,0.533333333,0,0,0.602040816,0.5,0.733333333,0.333333333,0.214285714,0,1,1,0.951219512
0,0.164383562,0.1218437,0.533333333,0,0,0.397959184,0.5,0.733333333,0.666666667,0.214285714,0.2,1,1,0.951219512
0,0.01369863,0.12787503,0.6,0,0,0.397959184,0,1,0.666666667,0,0.6,1,0,0.951219512
0,0.219178082,0.09176282,0.533333333,0,0,0.397959184,0.25,0.733333333,1,0.571428571,0.8,1,0,0.951219512
0,0.219178082,0.124941564,0.6,0,0,0.602040816,0.625,1,0.666666667,0.285714286,0.2,1,0,0.951219512
0,0.260273973,0.085110428,0.533333333,0,0,0.448979592,0.5,0.733333333,0.333333333,0.214285714,0,1,1,0.951219512
0,0.520547945,0.081591757,0.533333333,0.034110341,0,0.397959184,0.5,0.733333333,0.333333333,1,0,0.5,1,0.56097561
0,0.246575342,0.168463212,0.866666667,0,0,0.602040816,0.5,0.8,0.666666667,0.857142857,0.2,1,1,0.951219512
1,0.232876712,0.121759132,0.933333333,0,0,0.346938776,0.75,0.933333333,0.333333333,0.714285714,0,1,1,0.951219512
1,0.479452055,0.059495371,0.8,0,0,0.397959184,0.25,0.6,0.333333333,0.071428571,1,1,0,0.951219512
0,0.287671233,0.166196135,0.533333333,0,0,0.602040816,0.5,0.733333333,0.666666667,0.071428571,0.2,1,1,0.951219512
0,0.01369863,0.055273101,0.6,0,0,0.295918367,0.5,1,0.666666667,0.571428571,0.6,1,1,0.951219512
1,0.383561644,0.151112058,0.8,0,0,0.397959184,0.5,0.6,0.333333333,0.285714286,0,1,1,0.951219512
0,0.205479452,0.067136184,0.6,0,0,0.336734694,0.5,1,0.666666667,0.571428571,0.2,1,1,0.951219512
0,0.054794521,0.11653897,0.666666667,0,0,0.397959184,0.5,0.533333333,0.666666667,0.071428571,0.2,1,0,0.951219512
0,0.397260274,0.107922591,0.6,0,0,0.397959184,0.5,1,0,0.857142857,0.8,1,0,0.951219512
0,0.178082192,0.203470637,0.533333333,0,0,0.397959184,0.5,0.733333333,0.666666667,0.214285714,0.2,1,1,0.951219512
0,0.287671233,0.139301069,0.733333333,0,0,0.244897959,0.5,0.466666667,0.666666667,0.571428571,0.6,1,0,0.951219512
0,0.589041096,0.014499548,0.4,0,0,0.5,0.75,0.066666667,0.333333333,0.357142857,0,1,1,0.951219512
0,0.01369863,0.168249426,0.466666667,0,0,0.193877551,0.5,0.133333333,0.666666667,0.857142857,0.6,1,0,0.951219512
0,0.02739726,0.200930915,0.6,0,0,0.397959184,0,1,0.666666667,0,0.2,1,1,0.951219512
0,0.246575342,0.006885797,0.533333333,0,0,0.397959184,0.5,0.733333333,0.333333333,0.214285714,0,1,1,0.951219512
0,0.232876712,0.088827324,0.533333333,0,0,0.367346939,0,0.733333333,0.5,0,0.2,0.25,0,0.87804878
0,0.602739726,0.088999841,0.533333333,0,0,0.397959184,0.5,0.733333333,0.333333333,0.5,0,1,1,0.951219512
0,0.410958904,0.224523802,0.4,0,0,0.397959184,0.5,0.066666667,0,0.428571429,0.2,1,1,0.951219512
0,0.356164384,0.071162257,0.533333333,0,0,0.397959184,0.875,0.733333333,0.666666667,0.071428571,0.2,1,0,0.951219512
0,0,0.238592396,0.333333333,0,0,0.397959184,0.5,0,0.5,0.571428571,0.4,1,1,0.951219512
0,0.684931507,0.01876444,1,0,0,0.397959184,0,0.666666667,0.333333333,0,0,1,1,0.951219512
1,0.424657534,0.108609276,0.6,0.150201502,0,0.479591837,0.5,1,0,0.214285714,0.8,1,1,0.951219512
0,0.424657534,0.109943408,0.666666667,0,0,0.397959184,0.5,0.533333333,0,0.071428571,0.8,1,0,0.951219512
0,0.178082192,0.187517886,0.8,0,0,0.397959184,0.5,0.6,0.666666667,0.285714286,0.2,1,0,0.951219512
0,0.438356164,0.027267838,0.533333333,0,0,0.397959184,0,0.733333333,0.666666667,0,0.2,0.5,1,0.951219512
0,0.04109589,0.101753247,0.666666667,0,0,0.397959184,0.5,0.533333333,0.666666667,0.571428571,0.6,1,1,0.951219512
0,0.520547945,0.111366166,0.6,0,0,0.397959184,0.5,1,0,0.928571429,0.2,1,1,0.951219512
0,0.123287671,0.016677322,0.666666667,0,0.45959596,0.397959184,0.5,0.533333333,0.333333333,0.214285714,0,1,1,0.951219512
0,0.178082192,0.018110228,0.533333333,0,0,0.397959184,0.5,0.733333333,0.333333333,0.857142857,0,1,1,0.951219512
0,0.287671233,0.078194187,0.866666667,0,0,0.397959184,0.5,0.8,0.666666667,0.071428571,0.8,1,0,0.951219512
0,0.383561644,0.124721689,0.533333333,0,0,0.448979592,0.5,0.733333333,0,0.5,0.2,1,0,0.951219512
0,0.123287671,0.016180067,0.8,0,0,0.5,0.5,0.6,0.666666667,0.857142857,0.2,1,1,0.951219512
0,0.054794521,0.088842208,0.6,0,0,0.071428571,0.5,1,0.666666667,0.857142857,0.6,1,0,0.951219512
0,0.164383562,0.149175808,0.733333333,0,0,0.397959184,0.5,0.466666667,0.666666667,0.285714286,0.6,1,1,0.951219512
0,0.575342466,0.234763195,0.066666667,0,0,0.397959184,0.5,0.2,0.333333333,0.5,0,1,1,0.634146341
0,0.095890411,0.024394584,0.4,0,0,0.397959184,0.5,0.066666667,0.666666667,0.571428571,0.2,0.5,0,0.951219512
0,0.589041096,0.151669525,0.2,0,0,0.397959184,0.75,0.333333333,0.333333333,0.357142857,0,1,1,0.951219512
1,0.369863014,0.197474486,0.8,0,0,0.397959184,0.5,0.6,0,0.857142857,0.2,1,1,0.951219512
0,0.054794521,0.150071544,0.533333333,0,0,0.397959184,0.5,0.733333333,0.666666667,0.857142857,0.2,1,1,0.951219512
0,0.369863014,0.12110695,0.8,0,0,0.479591837,0.125,0.6,0.333333333,0.285714286,0,0.5,1,0.951219512
0,0.356164384,0.068843087,0.6,0,0,0.397959184,0.5,1,0,0.071428571,0.8,0.5,0,0.951219512
0,0.397260274,0.12681016,0.666666667,0,0,0.602040816,0.125,0.533333333,0,0.214285714,0.2,0,0,0.951219512
0,0.082191781,0.408007496,0.8,0,0,0.397959184,0.5,0.6,0.666666667,0.857142857,0.2,1,0,0.951219512
0,0.479452055,0.191058206,0.533333333,0,0,0.397959184,0,0.733333333,0.333333333,0,0,1,1,0.951219512
0,0.219178082,0.157583138,0.8,0,0,0.397959184,0.5,0.6,0.666666667,0.714285714,0.6,1,1,0.951219512
0,0.410958904,0.054910477,0.533333333,0,0,0.602040816,0.5,0.733333333,0.333333333,0.214285714,0,0.25,1,0.585365854
0,0.287671233,0.073957033,0.533333333,0,0,0.397959184,0.5,0.733333333,0.333333333,0.5,0,1,1,0.951219512
0,0.315068493,0.137070526,0.8,0,0,0.448979592,0.5,0.6,0.5,1,0.6,0.75,1,0
0,0.479452055,0.111683462,0.533333333,0,0,0.193877551,0.5,0.733333333,0.833333333,0.571428571,0.4,1,0,0.951219512
1,0.452054795,0.090473339,0.533333333,0,0,0.397959184,0,0.733333333,0.333333333,0,0,1,1,0.951219512
0,0.369863014,0.10077362,0.533333333,0,0,0.397959184,0.125,0.733333333,0,0.5,0.2,1,1,0.951219512
0,0.164383562,0.01422758,0.733333333,0,0,0.397959184,0.125,0.466666667,0,0.071428571,0.2,1,0,0.951219512
0,0.178082192,0.145505593,0.6,0,0,0.397959184,0.5,1,0.666666667,0.214285714,0.8,1,1,0.951219512
1,0.424657534,0.087719156,0.533333333,0.043860439,0,0.397959184,0.5,0.733333333,0.333333333,0.5,0,1,1,0.951219512
0,0.328767123,0.171151094,0.733333333,0,0,0.397959184,0.5,0.466666667,0.333333333,0.928571429,0,1,1,0.951219512
0,0,0.185963203,0.4,0,0,0.142857143,0.5,0.066666667,0.666666667,0.571428571,0.6,1,0,0.951219512
0,0.123287671,0.111413523,0.4,0,0,0.653061224,0,0.066666667,0.666666667,0,0.2,1,0,0.951219512
0,0.178082192,0.106788037,0.533333333,0,0,0.397959184,0.5,0.733333333,0,0.071428571,0.8,1,0,0.951219512
0,0.328767123,0.201369312,0.533333333,0,0,0.5,0.5,0.733333333,0.333333333,0.214285714,0,1,1,0.951219512
0,0.410958904,0.131813154,0.533333333,0,0,0.43877551,0.5,0.733333333,0.833333333,0.5,0.2,1,1,0.951219512
0,0.287671233,0.20561729,0.533333333,0,0,0.397959184,0.5,0.733333333,0,0.214285714,0.6,1,1,0.951219512
0,0.246575342,0.197526579,0.733333333,0,0,0.397959184,0.25,0.466666667,0,0.285714286,0.2,0.25,0,0.975609756
0,0.02739726,0.146907379,0.6,0,0,0.102040816,0.5,1,0.666666667,0.714285714,0.6,1,1,0.951219512
0,0.260273973,0.112330231,0.533333333,0,0,0.397959184,0.5,0.733333333,0,1,0.8,1,1,0.951219512
0,0.150684932,0.060791616,0.6,0,0,0.397959184,0.5,1,0.666666667,0.928571429,0.2,1,1,0.951219512
0,0.534246575,0.016987176,0.866666667,0,0,0.397959184,0.5,0.8,0.333333333,0.285714286,0,1,1,0.951219512
1,0.191780822,0.188895316,0.866666667,0,0,0.397959184,0.5,0.8,0.333333333,0.714285714,0,1,1,0.951219512
0,0.260273973,0.137073908,0.266666667,0,0,0.397959184,0,0.4,0,0,0.8,1,0,0.634146341
1,0.438356164,0.060507471,0.933333333,0,0,0.602040816,0.625,0.933333333,0.333333333,0.714285714,0,1,1,0.951219512
0,0.712328767,0.0135321,0.333333333,0,0,0.244897959,0.25,0,0.333333333,1,0,1,1,0.951219512
0,0.095890411,0.133108046,0.733333333,0,0,0.193877551,0.5,0.466666667,0.333333333,0.857142857,0.6,1,0,0.951219512
0,0.356164384,0.079349712,0.533333333,0,0,0.43877551,0.5,0.733333333,0.666666667,0.857142857,0.2,0.5,0,0.951219512
0,0.136986301,0.221681669,0.533333333,0,0,0.602040816,0.5,0.733333333,0.333333333,1,0,0.5,1,0.951219512
0,0.04109589,0.111968284,0.6,0,0,0.193877551,0.875,1,0.666666667,0.571428571,0.6,1,0,0.951219512
1,0.191780822,0.100336577,0.8,0,0.433195592,0.5,0.5,0.6,0.333333333,0.285714286,0,1,1,0.951219512
0,0.369863014,0.182518952,0.666666667,0,0,0.397959184,0.25,0.533333333,0.333333333,0.357142857,0,1,1,0.951219512
0,0.109589041,0.034352537,0.6,0,0,0.602040816,0.5,1,0.666666667,0.357142857,0.6,1,1,0.951219512
0,0.287671233,0.019826603,0.8,0,0,0.295918367,0.75,0.6,0.666666667,0.214285714,0.2,0,1,0.951219512
0,0.178082192,0.136510353,0.6,0,0,0.724489796,0.5,1,0.666666667,0.357142857,0.4,0.5,1,0.951219512
0,0.465753425,0.061929552,0.533333333,0,0,0.397959184,0.5,0.733333333,0.666666667,0.571428571,0.2,0.5,1,0.341463415
0,0.493150685,0.161956275,0.533333333,0,0,0.397959184,0.5,0.733333333,0.333333333,0.214285714,0,1,1,0.195121951
1,0.260273973,0.199092763,0.533333333,0,0,0.397959184,0.5,0.733333333,0.333333333,1,1,1,0,0.951219512
1,0.424657534,0.102441962,0.8,0.150241502,0,0.704081633,0.5,0.6,0.333333333,0.285714286,0,1,1,0.951219512
1,0.287671233,0.04664522,0.8,0,0,0.397959184,0.125,0.6,0.333333333,0.714285714,0,1,1,0.951219512
0,0.369863014,0.121458073,0.6,0,0,0.448979592,0.5,1,0.333333333,0.214285714,0,1,1,0.951219512
0,0.397260274,0.065227672,0.6,0,0,0.602040816,0.5,1,1,0.071428571,0.2,1,0,0.951219512
0,0.424657534,0.117108615,0.533333333,0,0,0.989795918,0.75,0.733333333,0.333333333,0.357142857,0,1,1,0.951219512
1,0.397260274,0.060910687,0.6,0,0.433195592,0.397959184,0.5,1,0.333333333,1,0,1,1,0.951219512
0,0.273972603,0.198207853,0.733333333,0,0,0.479591837,0.5,0.466666667,0,0.285714286,0.2,1,0,0.951219512
0,0.01369863,0.262720424,0.6,0,0,0.397959184,0.5,1,0.666666667,0.071428571,0.6,1,1,0.951219512
0,0.616438356,0.220169608,0.533333333,0,0,0.071428571,0,0.733333333,0.333333333,0,0,1,1,0.951219512
0,0.369863014,0.084364884,0.6,0,0,0.244897959,0.75,1,0.333333333,0.857142857,0,1,1,0.951219512
0,0.095890411,0.108689784,0.8,0,0,0.193877551,0.5,0.6,0.666666667,0.714285714,0.8,0.5,1,0.951219512
0,0.178082192,0.108614688,0.8,0.033250333,0,0.397959184,0.5,0.6,0.666666667,0.071428571,0.2,1,0,0.951219512
1,0.493150685,0.148554071,0.466666667,0,0,0.397959184,0.5,0.133333333,0.333333333,0.214285714,0,1,1,0.951219512
1,0.301369863,0.119981869,0.533333333,0,0,0.397959184,0.125,0.733333333,0.333333333,0.071428571,1,1,0,0.951219512
0,0.328767123,0.081568755,0.066666667,0,0,0.397959184,0.5,0.2,0.333333333,1,0,1,1,0.634146341
0,0.04109589,0.230977292,0.6,0,0,0.275510204,0.5,1,0.666666667,0.071428571,0.6,1,1,0.951219512
0,0.136986301,0.019616877,0.866666667,0,0,0.653061224,0.5,0.8,0.666666667,0.714285714,0.2,1,1,0.951219512
0,0.547945205,0.119101017,0.533333333,0,0,0.785714286,0.5,0.733333333,0.333333333,0.571428571,0,1,1,0.951219512
0,0.205479452,0.042091448,0.866666667,0,0,0.5,0.5,0.8,0.666666667,0.857142857,0.6,1,0,0.951219512
0,0.561643836,0.102684838,0.866666667,0,0,0.173469388,0.75,0.8,0,0.857142857,0.2,1,1,0.951219512
0,0.520547945,0.061814541,0.533333333,0,0,0.193877551,0,0.733333333,1,0,0.2,1,0,0.951219512
0,0.246575342,0.094730112,0.4,0,0,0.397959184,0.5,0.066666667,0.333333333,0.214285714,0,1,1,0.951219512
0,0.657534247,0.241941256,0.533333333,0,0,0.071428571,0,0.733333333,1,0,0.2,1,0,0.951219512
0,0.589041096,0.097213004,0.6,0,0,0.540816327,0,1,1,0,0.8,0.5,0,0.951219512
0,0.452054795,0.014644327,0.533333333,0,0,0.397959184,0.5,0.733333333,0,0.214285714,0.2,1,1,0.951219512
0,0.054794521,0.238411761,0.4,0,0,0.346938776,0.5,0.066666667,0.666666667,0.928571429,0.6,1,0,0.951219512
1,0.260273973,0.078797658,0.8,0.07298073,0,0.357142857,0.5,0.6,0.333333333,0.571428571,0,0.5,1,0.951219512
0,0.150684932,0.279303031,0.266666667,0,0,0.346938776,0.5,0.4,0.333333333,0.571428571,0.4,1,0,0.951219512
0,0.068493151,0.198318805,0.6,0,0,0.357142857,0,1,0.666666667,0,0.6,1,1,0.951219512
0,0.328767123,0.116427342,0.533333333,0,0,0.397959184,0.5,0.733333333,0.833333333,0.214285714,0.2,1,1,0.951219512
1,0.315068493,0.177984122,0.533333333,0,0,0.5,0.625,0.733333333,0.333333333,0.857142857,0,1,1,0.951219512
0,0.04109589,0.134844718,0.666666667,0,0,0.142857143,0,0.533333333,0.666666667,0,0.6,0.5,0,0.951219512
1,0.753424658,0.026962043,1,0,0.54912764,0.244897959,0.75,0.666666667,0.333333333,0.714285714,0,1,1,0.951219512
0,0.01369863,0.018223887,0.4,0,0,0.295918367,0.5,0.066666667,0.666666667,0.428571429,0.6,1,1,0.951219512
0,0.301369863,0.105196145,0.4,0,0,0.346938776,0.5,0.066666667,0.333333333,0.214285714,0,1,1,0.951219512
0,0.01369863,0.01632214,0.466666667,0,0,0.295918367,0.25,0.133333333,0.666666667,0.714285714,0.6,1,1,0.951219512
1,0.356164384,0.115330675,0.533333333,0,0,0.397959184,0.5,0.733333333,0.333333333,0.214285714,0,1,1,0.951219512
0,0.219178082,0.07561455,0.533333333,0,0,0.397959184,0.5,0.733333333,0.333333333,0.214285714,0,1,1,0.951219512
0,0.630136986,0.12809964,0.266666667,0,0,0.397959184,0.5,0.4,0.333333333,0.357142857,0,0.5,1,0.951219512
0,0.095890411,0.030129591,0.8,0,0,0.397959184,0.25,0.6,0.666666667,0.714285714,0.2,1,1,0.951219512
0,0.383561644,0.089746062,0.866666667,0,0,0.397959184,0.25,0.8,0,0.714285714,0.8,0.5,0,0.951219512
0,0.301369863,0.014613883,0.533333333,0,0,0.602040816,0.5,0.733333333,0.333333333,1,0,1,1,0.951219512
0,0.136986301,0.105440375,0.533333333,0,0,0.448979592,0.5,0.733333333,0.666666667,0.928571429,0.2,1,1,0.951219512
0,0.342465753,0.014015824,0.533333333,0,0,0.479591837,0.5,0.733333333,0.333333333,0.285714286,0,1,1,0.951219512
1,0.520547945,0.208101535,0.866666667,0.043860439,0,0.091836735,0.75,0.8,0.333333333,0.285714286,0,1,1,0
0,0.054794521,0.168005872,0.333333333,0,0,0.357142857,0.5,0,0.333333333,0.5,0,1,1,0.951219512
0,0.136986301,0.076973037,0.8,0,0,0.397959184,0.5,0.6,0.666666667,0.285714286,0.2,1,0,0.951219512
0,0.520547945,0.037309682,0.533333333,0,0,0.602040816,0.625,0.733333333,0.333333333,0.285714286,0,1,1,0.951219512
0,0.260273973,0.117114704,0.533333333,0,0,0.397959184,0.5,0.733333333,0.666666667,0.071428571,0.8,1,0,0.951219512
0,0.575342466,0.079998512,0.8,0,0,0.448979592,0.25,0.6,0,0.071428571,0.2,1,0,0.951219512
0,0.301369863,0.131053402,0.6,0,0,0.204081633,0.5,1,0.333333333,0.857142857,1,1,0,0.951219512
0,0.205479452,0.19054742,0.2,0,0,0.397959184,0,0.333333333,0.5,0,0.2,1,1,0
0,0.232876712,0.067182865,0.333333333,0,0,0.397959184,0.5,0,0.666666667,0.571428571,0.8,0.5,0,0.56097561
1,0.534246575,0.10391343,0.533333333,0,0,0.5,0.625,0.733333333,0.333333333,0.857142857,0,1,1,0.951219512
1,0.438356164,0.179983966,0.533333333,0,0,0.397959184,0.5,0.733333333,0.333333333,0.214285714,0,1,1,0.951219512
0,0.506849315,0.114308427,0.6,0,0,0.397959184,0.5,1,0.333333333,0.857142857,0,1,1,0.951219512
1,0.328767123,0.017989805,0.733333333,0,0.453856749,0.5,0.625,0.466666667,0.333333333,0.357142857,0,1,1,0.951219512
1,0.575342466,0.09974799,0.866666667,0.07298073,0,0.551020408,0.5,0.8,0.333333333,0.857142857,0,1,1,0.951219512
0,0.123287671,0.109586872,0.6,0,0,0.642857143,0.5,1,0.666666667,0.428571429,0.2,1,1,0.951219512
0,0.452054795,0.058791095,0.533333333,0,0,0.397959184,0.5,0.733333333,0.666666667,0.071428571,0.2,1,1,0.951219512
0,0.397260274,0.057009773,0.6,0,0,0.163265306,0.5,1,0,0.5,0.6,1,0,0.951219512
0,0.698630137,0.011470691,0.533333333,0,0,0.112244898,0,0.733333333,1,0,0.2,1,0,0.951219512
0,0.068493151,0.203976687,0.533333333,0,0,0.397959184,0,0.733333333,0,0,0.4,0.5,0,0.951219512
1,0.369863014,0.185685823,0.8,0,0.436639118,0.397959184,0.5,0.6,0.333333333,0.285714286,0,0.5,1,0.951219512
0,0.287671233,0.093207903,0.6,0,0,0.448979592,0.5,1,0.666666667,0.714285714,0.2,1,1,0.951219512
0,0.465753425,0.114961285,0.6,0,0,0.704081633,0.625,1,0,0.857142857,0.6,1,0,0.951219512
0,0.424657534,0.139415404,0.533333333,0,0,0.244897959,0.25,0.733333333,0.833333333,1,0.8,1,0,0.951219512
0,0.205479452,0.040628097,0.666666667,0,0,0.397959184,0.125,0.533333333,0.666666667,0.714285714,0.4,0.25,1,0.951219512
1,0.287671233,0.118682241,0.6,0,0,0.428571429,0.5,1,0.333333333,0.214285714,0,1,1,0.951219512
0,0.150684932,0.027644669,0.8,0,0,0.397959184,0.125,0.6,0.666666667,0.285714286,0.2,0.5,1,0.951219512
0,0.219178082,0.099756785,0.533333333,0,0,0.397959184,0.5,0.733333333,0.833333333,0.428571429,0.8,0.5,0,0.951219512
1,0.630136986,0.133619509,0.533333333,0,0,0.397959184,0.5,0.733333333,0.333333333,0.214285714,0,1,1,0.951219512
0,0.356164384,0.095272695,0.733333333,0,0,0.602040816,0.75,0.466666667,0,0.285714286,0.8,1,0,0.951219512
0,0.123287671,0.028108774,0.6,0,0,0.418367347,0.5,1,0.333333333,0.285714286,0,1,1,0.951219512
0,0.095890411,0.114095317,0.8,0,0,0.295918367,0.5,0.6,0.333333333,0.857142857,0,0.5,1,0.951219512
0,0.273972603,0.00988624,0.733333333,0,0,0.397959184,0.875,0.466666667,0.666666667,0.071428571,0.2,1,0,0.951219512
0,0.273972603,0.050305964,0.733333333,0,0,0.5,0.75,0.466666667,0.666666667,1,0.2,1,1,0.951219512
1,0.452054795,0.062387568,0.866666667,0,0,0.397959184,0.5,0.8,0.333333333,0.714285714,0,1,1,0.951219512
1,0.479452055,0.262306383,0.666666667,0,0,0.397959184,0.5,0.533333333,0.333333333,0.285714286,0,1,1,0.951219512
0,0.164383562,0.158775873,0.666666667,0,0,0.397959184,0.5,0.533333333,0.666666667,0.928571429,0.2,1,1,0.951219512
1,0.684931507,0.078232073,0.533333333,0.093860939,0,0.397959184,0.5,0.733333333,0.333333333,0.285714286,0,1,1,0.951219512
1,0.534246575,0.005149126,0.6,0,0,0.602040816,0.75,1,0.333333333,0.857142857,1,1,0,0.951219512
0,0.04109589,0.079124425,0.6,0,0,0.193877551,0.5,1,0.666666667,0.071428571,0.6,1,0,0.951219512
0,0.191780822,0.02959242,0.533333333,0,0,0.397959184,0.5,0.733333333,0.333333333,0.214285714,0,1,1,0.951219512
0,0.424657534,0.071627038,0.733333333,0,0,0.43877551,0.5,0.466666667,0.333333333,1,0,1,1,0.951219512
1,0.424657534,0.065131603,0.8,1,0,0.397959184,0.5,0.6,0.333333333,0.928571429,1,1,0,0.951219512
0,0.287671233,0.012342747,0.533333333,0.034110341,0,0.397959184,0.5,0.733333333,0.333333333,0.428571429,0,1,1,0.951219512
0,0.438356164,0.082161402,0.6,0,0,0.163265306,0.5,1,0.333333333,0.571428571,0,1,1,0.951219512
0,0.260273973,0.131407908,0.533333333,0,0,0.397959184,0.5,0.733333333,0.666666667,0.5,0.2,1,1,0.951219512
0,0.260273973,0.234141457,0.8,0,0,0.295918367,0.75,0.6,0.666666667,0.714285714,0.2,0.5,0,0.951219512
0,0.561643836,0.054025566,0.733333333,0,0,0.397959184,0.25,0.466666667,1,0.071428571,0.2,0.5,0,0.951219512
1,0.273972603,0.047585607,0.6,0,0,0.397959184,0.5,1,0.333333333,0.571428571,0,1,1,0.951219512
0,0.136986301,0.119005625,0.6,0,0,0.295918367,0.5,1,0.666666667,0.928571429,0.2,1,0,0.951219512
0,0.356164384,0.048076773,0.533333333,0,0,0.602040816,0.625,0.733333333,0.333333333,0.214285714,0,1,1,0.951219512
0,0.109589041,0.319012391,0.533333333,0,0,0.397959184,0.5,0.733333333,0.666666667,0.571428571,0.6,1,1,0.195121951
0,0.383561644,0.022471865,0.8,0,0,0.5,0.25,0.6,0.666666667,0.714285714,0.2,1,0,0.951219512
0,0.068493151,0.122133258,0.8,0,0,0.346938776,0.25,0.6,0.666666667,0.714285714,0.6,1,0,0.951219512
0,0.301369863,0.022543577,0.533333333,0,0,0.56122449,0.25,0.733333333,0.333333333,0.785714286,0,1,1,0.951219512
0,0.150684932,0.202393589,0.533333333,0,0,0.397959184,0.5,0.733333333,0,0.071428571,0.2,1,0,0.951219512
0,0.383561644,0.117778387,0.666666667,0,0,0.397959184,0.25,0.533333333,0.333333333,0.785714286,0,1,1,0.951219512
1,0.232876712,0.161852089,0.866666667,0,0,0.397959184,0.5,0.8,0.333333333,0.714285714,1,1,0,0.951219512
0,0.397260274,0.12210349,0.533333333,0,0,0.397959184,0.5,0.733333333,0.333333333,0.071428571,1,1,0,0.951219512
0,0.068493151,0.200859202,0.533333333,0,0,0.397959184,0.5,0.733333333,0.666666667,1,0.6,1,1,0.951219512
0,0.575342466,0.117785152,0.333333333,0,0,0.397959184,0.5,0,0.333333333,0.5,0,1,1,0.951219512
0,0.082191781,0.123973439,0.8,0,0,0.397959184,0.5,0.6,0.666666667,0.285714286,0.6,1,0,0.951219512
0,0.068493151,0.068033949,0.533333333,0,0,0.397959184,0.5,0.733333333,0.666666667,0.071428571,0.6,0.25,1,0.951219512
1,0.506849315,0.056678269,0.733333333,0,0,0.397959184,0.5,0.466666667,0.333333333,0.928571429,0,1,1,0.951219512
0,0.547945205,0.123512041,0.6,0,0,0.397959184,0.5,1,0.333333333,0.571428571,0,0.75,1,0.634146341
0,0.150684932,0.128243743,0.533333333,0,0,0.397959184,0,0.733333333,0.833333333,0,0.8,1,0,0.634146341
1,0.260273973,0.258023226,0.733333333,0,0,0.5,0.5,0.466666667,0.333333333,0.285714286,1,1,0,0.951219512
0,0.109589041,0.1146927,0.4,0,0,0.397959184,0.5,0.066666667,0.333333333,0.071428571,0.6,1,0,0.951219512
0,0.287671233,0.160091738,0.4,0,0,0.397959184,0.5,0.066666667,0.333333333,0.214285714,0,1,1,0.317073171
0,0.136986301,0.203096511,0.533333333,0,0,0.316326531,0.5,0.733333333,0.666666667,0.428571429,0.6,1,1,0.951219512
0,0.01369863,0.102188937,0.533333333,0,0,0.214285714,0.5,0.733333333,0.666666667,0.857142857,0.6,1,0,0.951219512
0,0.054794521,0.081027525,0.6,0,0.395087236,0.346938776,0.5,1,0.666666667,0.071428571,0.6,1,0,0.951219512
0,0.054794521,0.174382913,0.333333333,0,0,0.295918367,0,0,0.666666667,0,0.8,1,0,0.951219512
0,0.082191781,0.101478572,0.733333333,0,0,0.244897959,0.5,0.466666667,0.666666667,0.428571429,0.2,1,1,0.951219512
0,0.301369863,0.109569959,0.533333333,0,0,0.397959184,0.5,0.733333333,0.333333333,0.214285714,0,1,1,0.951219512
0,0.123287671,0.057785084,0.866666667,0,0,0.316326531,0.5,0.8,0.666666667,0.285714286,0.2,1,1,0.951219512
0,0.191780822,0.22746471,0.8,0,0,0.5,0.5,0.6,0.333333333,0.285714286,0,1,1,0.951219512
0,0.452054795,0.187471881,0.533333333,0,0,0.469387755,0.5,0.733333333,0.333333333,0.214285714,0,1,1,0.951219512
0,0.178082192,0.132454511,0.533333333,0,0,0.397959184,0.5,0.733333333,0.333333333,0.214285714,0,0.75,1,0.634146341
0,0.219178082,0.092983969,0.533333333,0,0,0.459183673,0.5,0.733333333,0.333333333,1,0,1,1,0.951219512
1,0.315068493,0.144087571,0.6,0,0,0.448979592,0.5,1,0.333333333,0.285714286,1,1,0,0.951219512
0,0.068493151,0.138253113,0.6,0,0.453168044,0.397959184,0,1,0.666666667,0,0.2,1,0,0.951219512
1,0.191780822,0.140194775,0.533333333,0,0,0.397959184,0.5,0.733333333,0.333333333,0.571428571,0,1,1,0.634146341
0,0.301369863,0.097679815,0.533333333,0,0,0.173469388,0.5,0.733333333,0.666666667,0.571428571,0.2,1,1,0.951219512
0,0.424657534,0.017951242,0.533333333,0,0,0.357142857,0.625,0.733333333,0.333333333,0.214285714,0,1,1,0.951219512
0,0.383561644,0.118498222,0.533333333,0,0,0.010204082,0,0.733333333,0.666666667,0,0.2,1,1,0.951219512
1,0.082191781,0.200499961,0.666666667,0,0.433195592,0.397959184,0.5,0.533333333,0.333333333,0.928571429,0,1,1,0.951219512
0,0.123287671,0.283858834,0.333333333,0,0,0.397959184,0,0,0.833333333,0,0.2,1,1,0.951219512
0,0.260273973,0.139505384,0.666666667,0,0,0.602040816,0.5,0.533333333,0.333333333,0.857142857,0,1,1,0.951219512
0,0.301369863,0.096959979,0.6,0,0.506198347,0.397959184,0.5,1,0.666666667,0.571428571,0.6,0.5,0,0.951219512
0,0.04109589,0.071377396,0.6,0,0,0.091836735,0.5,1,0.666666667,0.857142857,0.6,1,0,0.951219512
0,0.232876712,0.336292508,0.533333333,0,0,0.295918367,0.5,0.733333333,0,0.5,0.2,1,1,0.951219512
0,0.123287671,0.056724274,0.533333333,0,0,0.397959184,0.5,0.733333333,0.666666667,0.214285714,0.4,1,1,0.951219512
0,0.287671233,0.144796582,0.533333333,0,0,0.244897959,0.5,0.733333333,0.166666667,0.571428571,1,1,0,0.951219512
0,0.342465753,0.155829553,0.6,0,0,0.448979592,0.5,1,0.333333333,0.214285714,0,1,1,0.951219512
0,0.438356164,0.073298762,0.6,0,0,0.295918367,0.5,1,1,0.857142857,0.8,1,0,0.951219512
0,0.287671233,0.124077626,0.533333333,0,0,0.244897959,0.75,0.733333333,0.833333333,0.285714286,0.8,1,1,0.951219512
1,0.369863014,0.222310172,0.8,0,0.453856749,0.397959184,0.5,0.6,0.333333333,0.5,0,1,1,0.951219512
0,0.342465753,0.05827828,0.533333333,0,0,0.346938776,0.5,0.733333333,0.333333333,0.571428571,1,0.5,0,0.951219512
0,0.191780822,0.25780944,0.266666667,0,0,0.479591837,0.5,0.4,0.333333333,0.428571429,0,0.5,1,0.951219512
0,0.054794521,0.021992876,0.6,0,0,0.653061224,0.5,1,0.666666667,0.071428571,0.2,1,1,0.951219512
0,0.04109589,0.098129713,0.6,0,0,0.244897959,0.5,1,0.666666667,0.071428571,0.6,1,0,0.951219512
1,0.301369863,0.111368195,0.533333333,0,0,0.5,0.75,0.733333333,0.333333333,0.571428571,0,1,1,0.951219512
0,0.219178082,0.105192086,0.6,0,0,0.295918367,0.5,1,0.833333333,0.571428571,0.2,1,0,0.951219512
0,0.178082192,0.11973358,0.733333333,0,0,0.397959184,0.75,0.466666667,0,0.071428571,0.2,1,0,0.951219512
1,0.246575342,0.116617449,0.533333333,0,0.340909091,0.397959184,0.875,0.733333333,0.333333333,0.214285714,0,1,1,0.951219512
0,0.219178082,0.116182435,0.533333333,0,0,0.397959184,0.5,0.733333333,0.666666667,1,0.2,1,1,0.951219512
0,0.506849315,0.144922418,0.533333333,0,0,0.397959184,0.5,0.733333333,0.333333333,0.5,0,1,1,0.951219512
0,0.136986301,0.102547501,0.533333333,0,0,0.397959184,0.5,0.733333333,0.666666667,1,0.2,1,1,0.951219512
1,0.575342466,0.054749461,0.8,0,0,0.214285714,0.25,0.6,0.333333333,0.285714286,1,1,0,0.951219512
0,0.095890411,0.135093007,0.6,0,0,0.234693878,0.5,1,0.666666667,0.857142857,0.2,1,0,0.951219512
1,0.369863014,0.115235283,0.666666667,0,0,0.397959184,0.5,0.533333333,0.333333333,0.928571429,0,1,1,0.951219512
0,0.301369863,0.105255004,0.4,0,0,0.295918367,0.25,0.066666667,0.333333333,1,0,1,1,0.951219512
0,0.410958904,0.111796443,0.6,0,0,0.397959184,0.75,1,0.333333333,0.214285714,0,1,1,0.951219512
0,0.232876712,0.125432054,0.533333333,0,0,0.397959184,0,0.733333333,0.666666667,0,0.2,0.5,0,0.951219512
0,0.054794521,0.085570473,0.6,0,0,0.397959184,0.5,1,0.666666667,0.857142857,0.4,1,1,0.951219512
1,0.397260274,0.062476194,0.533333333,0,0,0.397959184,0.5,0.733333333,0.333333333,0.5,0,0.25,1,0.024390244
0,0.630136986,0.170700521,0.333333333,0,0,0.448979592,0.5,0,0.333333333,0.071428571,0,1,1,0.951219512
0,0.109589041,0.176976081,0.8,0,0,0.653061224,0.5,0.6,0.666666667,0.857142857,0.2,1,1,0.951219512
1,0.315068493,0.132595908,0.6,0,0,0.43877551,0.5,1,0,0.071428571,0.6,1,0,0.951219512
0,0.054794521,0.028541081,0.533333333,0,0,0.397959184,0.5,0.733333333,0.666666667,0.571428571,0.2,1,0,0.951219512
1,0.356164384,0.142283246,0.6,0,0,0.448979592,0.5,1,0.333333333,0.214285714,0,1,1,0.756097561
0,0.109589041,0.097924045,0.8,0,0,0.397959184,0.875,0.6,0.666666667,0.285714286,0.2,1,1,0.951219512
0,0.164383562,0.180197075,0.666666667,0,0,0.397959184,0.5,0.533333333,0.333333333,0.071428571,0,1,1,0.951219512
0,0.178082192,0.043962073,0.533333333,0,0,0.551020408,0.5,0.733333333,0,1,0.2,1,1,0.951219512
0,0.068493151,0.077347162,0.6,0,0,0.193877551,0.5,1,0.666666667,0.857142857,0.6,1,0,0.951219512
0,0.04109589,0.08120816,0.6,0,0,0.397959184,0.5,1,0.833333333,0.214285714,0.2,1,1,0.951219512
0,0.068493151,0.087099448,0.533333333,0,0,0.295918367,0.5,0.733333333,0.666666667,0.571428571,0.6,0.5,1,0.951219512
1,0.260273973,0.11810989,1,0,0,0.602040816,0.5,0.666666667,0.333333333,0.714285714,0,1,1,0.951219512
1,0.452054795,0.025826137,0.533333333,0,0,0.418367347,0.25,0.733333333,0.333333333,0.285714286,0,1,1,0.951219512
0,0.342465753,0.053649412,0.6,0,0,0.397959184,0.5,1,1,0.928571429,0.8,1,0,0.951219512
0,0.123287671,0.095313288,0.333333333,0,0,0.397959184,0.5,0,0.333333333,0.428571429,0,1,1,0.951219512
0,0.589041096,0.076818786,0.533333333,0,0,0.724489796,0.5,0.733333333,0,0.714285714,0.2,1,0,0.048780488
0,0.123287671,0.155157752,0.533333333,0,0,0.397959184,0.5,0.733333333,0,0.071428571,0.2,1,1,0.951219512
0,0.054794521,0.090800783,0.666666667,0,0.362488522,0.397959184,0.5,0.533333333,0.333333333,0.071428571,0.4,1,0,0.951219512
1,0.178082192,0.144065922,0.6,0.086140861,0,0.5,0.5,1,0,0.285714286,0.2,1,1,0.951219512
0,0.164383562,0.117285867,0.6,0,0,0.602040816,0.5,1,0.666666667,0.928571429,0.6,1,1,0.951219512
1,0.191780822,0.290683742,0.6,0,0,0.397959184,0.5,1,0.333333333,0.928571429,0,1,1,0.634146341
0,0.383561644,0.083051048,0.533333333,0,0,0.397959184,0.5,0.733333333,0,0.5,0.2,1,0,0.951219512
0,0.164383562,0.106391587,0.666666667,0,0,0.397959184,0.5,0.533333333,0.666666667,0.928571429,0.2,1,1,0.951219512
0,0.452054795,0.112470275,0.4,0,0,0.397959184,0.5,0.066666667,0,0.785714286,0.2,1,0,0.951219512
0,0.315068493,0.313261823,0.8,0,0,0.5,0.625,0.6,0.833333333,0.214285714,0.6,1,1,0.951219512
0,0.369863014,0.098064765,0.6,0,0,0.397959184,0.5,1,0.5,0.428571429,0.8,1,1,0.756097561
0,0.136986301,0.136937924,0.533333333,0,0,0.602040816,0.5,0.733333333,0.666666667,0.857142857,0.6,0.5,1,0.951219512
0,0.123287671,0.01093149,0.666666667,0,0,0.397959184,0.5,0.533333333,0.666666667,0.571428571,0.2,1,0,0.951219512
0,0.164383562,0.184785352,0.466666667,0,0,0.397959184,0.5,0.133333333,0.666666667,0.928571429,0.2,1,1,0.951219512
0,0.410958904,0.114583101,0.533333333,0,0,0.397959184,0.5,0.733333333,0,0.071428571,0.2,1,0,0.951219512
0,0.356164384,0.118224225,0.6,0,0,0.397959184,0.25,1,0,0.285714286,0.2,1,0,0.951219512
0,0.643835616,0.035055459,0.466666667,0,0,0.234693878,0,0.133333333,0.333333333,0,0,1,1,0.951219512
0,0.02739726,0.057489438,0.533333333,0,0,0.397959184,0.5,0.733333333,0.666666667,0.357142857,0.2,1,1,0.951219512
0,0.506849315,0.111220034,0.533333333,0,0,0.193877551,0.5,0.733333333,0.333333333,0.071428571,0,0.5,1,0.951219512
0,0.01369863,0.084734273,0.6,0,0,0.193877551,0.5,1,0.666666667,0.857142857,0.6,1,0,0.951219512
0,0.616438356,0.120490625,0.533333333,0,0,0.367346939,0.5,0.733333333,0.666666667,0.071428571,0.2,0.5,0,0.951219512
0,0.684931507,0.01876444,0.533333333,0,0,0.346938776,0.75,0.733333333,0.333333333,0.357142857,0,1,1,0.951219512
0,0.520547945,0.122980959,0.733333333,0,0,0.397959184,0.75,0.466666667,0,0.857142857,0.2,1,0,0.951219512
0,0.657534247,0.036175805,0.533333333,0,0,0.397959184,0.5,0.733333333,0.666666667,0.071428571,0.8,1,0,0.951219512
0,0.260273973,0.208304496,0.4,0,0,0.234693878,0,0.066666667,0.666666667,0,0.6,0.5,1,0.951219512
0,0.479452055,0.101982593,0.533333333,0,0,0.5,0.5,0.733333333,0,0.214285714,0.8,1,0,0.951219512
0,0.164383562,0.230135003,0.533333333,0,0,0.397959184,0.5,0.733333333,0.666666667,0.5,0.8,0.5,0,0.951219512
0,0.356164384,0.261599402,0.6,0,0,0.397959184,0.5,1,0.333333333,0.214285714,0,1,1,0.951219512
1,0.356164384,0.120244365,0.8,0,0,0.397959184,0.125,0.6,0.333333333,0.714285714,0,1,1,0.951219512
0,0.356164384,0.055917165,0.8,0,0,0.397959184,0.125,0.6,0,0.071428571,0.8,1,0,0.951219512
0,0.150684932,0.267998092,0.6,0,0,0.397959184,0.5,1,0.666666667,0.857142857,0.6,0.5,1,0.951219512
1,0.260273973,0.108226356,0.533333333,0,0,0.43877551,0.5,0.733333333,0.333333333,0.5,0,1,1,0.951219512
0,0.547945205,0.236137919,0.333333333,0,0,0.397959184,0.5,0,0.333333333,0.214285714,0,1,1,0.951219512
0,0.287671233,0.264597815,0.8,0,0,0.602040816,0.75,0.6,0.333333333,0.285714286,0,1,1,0.951219512
0,0.369863014,0.12042703,0.6,0,0,0.806122449,0.75,1,0.5,0.285714286,0.2,1,1,0.243902439
0,0.068493151,0.093631416,0.533333333,0,0,0.193877551,0.5,0.733333333,0.666666667,1,0.6,1,1,0.951219512
0,0.287671233,0.116614742,0.533333333,0,0.399449036,0.479591837,0.5,0.733333333,0.333333333,0.214285714,0,1,1,0.951219512
0,0.02739726,0.027694056,0.6,0,0.367768595,0.193877551,0.125,1,0.666666667,0.071428571,0.6,0.5,0,0.951219512
0,0.095890411,0.088951807,0.6,0,0,0.551020408,0.5,1,0.666666667,0.5,0.6,1,1,0.951219512
0,0.424657534,0.149864523,0.866666667,0,0,0.448979592,0.5,0.8,0.333333333,0.285714286,0,0.5,1,0.951219512
0,0.589041096,0.172312709,0.533333333,0,0,0.316326531,0.5,0.733333333,0.333333333,0.428571429,0,1,1,0.951219512
1,0.342465753,0.106664908,0.6,0,0,0.806122449,0.5,1,0.666666667,0.857142857,0.2,1,1,0.951219512
0,0.369863014,0.084364884,0.6,0,0,0.397959184,0.5,1,0,0.071428571,0.2,1,1,0.951219512
1,0.410958904,0.029153347,0.8,0,0,0.397959184,0.125,0.6,0.666666667,0.071428571,0.8,0.5,1,0.951219512
1,0.342465753,0.105416696,0.8,0,0,0.397959184,0.5,0.6,0.333333333,0.285714286,0,1,1,0.951219512
0,0.356164384,0.082063304,0.533333333,0,0,0.397959184,0.5,0.733333333,0,0.214285714,0.2,1,1,0.951219512
1,0.301369863,0.066590218,0.8,0,0,0.5,0.5,0.6,0.333333333,0.857142857,0,1,1,0.951219512
0,0.520547945,0.017308531,1,0,0,0.602040816,0.25,0.666666667,0.666666667,0.714285714,0.2,1,0,0.951219512
0,0.02739726,0.145203858,0.6,0,0,0.193877551,0.5,1,0.666666667,0.857142857,0.6,1,0,0.951219512
0,0.369863014,0.085710516,0.533333333,0,0,0.551020408,0.75,0.733333333,0.333333333,0.214285714,0,1,1,0.951219512
1,0.232876712,0.101586818,0.533333333,0,0,0.193877551,0.5,0.733333333,0.333333333,0.071428571,1,1,0,0.951219512
1,0.191780822,0.057801998,0.8,0.076880769,0,0.397959184,0.5,0.6,0.333333333,0.714285714,0,1,1,0.951219512
0,0.123287671,0.125753409,0.866666667,0,0,0.397959184,0.5,0.8,0.333333333,0.857142857,1,1,0,0.951219512
0,0.109589041,0.06307696,0.533333333,0,0,0.397959184,0.5,0.733333333,0.666666667,0.571428571,0.6,0.5,1,0.951219512
0,0.191780822,0.215707844,0.8,0,0,0.479591837,0.25,0.6,0.666666667,0.785714286,0.6,0.5,1,0.951219512
1,0.328767123,0.118194457,0.933333333,0,0,0.520408163,0.875,0.933333333,1,0.714285714,0.2,0.75,0,0.951219512
0,0.438356164,0.032789059,0.533333333,0,0,0.397959184,0.5,0.733333333,0.333333333,0.785714286,0,1,1,0.951219512
0,0.301369863,0.014674095,0.8,0,0,0.448979592,0.875,0.6,0.666666667,0.714285714,0.2,1,1,0.951219512
1,0.342465753,0.176079669,0.8,0,0.359044995,0.602040816,0.625,0.6,0,0.928571429,0.2,1,0,0.951219512
1,0.383561644,0.091042984,0.8,0,0,0.37755102,0.5,0.6,0.333333333,0.285714286,0,1,1,0.951219512
0,0.287671233,0.127607798,0.333333333,0,0,0.397959184,0.875,0,0.833333333,0.071428571,0.8,0.5,0,0.951219512
0,0.342465753,0.06612679,0.533333333,0,0,0.397959184,0.5,0.733333333,0.333333333,0.214285714,0,1,1,0.951219512
1,0.260273973,0.013396116,0.6,0.07298073,0,0.397959184,0.5,1,0.333333333,0.214285714,0,1,1,0.951219512
0,0.205479452,0.181943895,0.666666667,0,0.316804408,0.397959184,0.5,0.533333333,0,0.857142857,0.8,1,0,0.951219512
1,0.547945205,0.116043068,0.6,0,0,0.397959184,0.5,1,0.333333333,0.714285714,0,1,1,0.951219512
1,0.246575342,0.162856747,0.6,0.076880769,0,0.37755102,0.5,1,0.333333333,0.714285714,0,1,1,0.951219512
1,0.328767123,0.186248025,0.8,0.076880769,0,0.448979592,0.5,0.6,0.333333333,0.285714286,0,1,1,0.951219512
0,0.178082192,0.191274021,0.533333333,0,0,0.397959184,0.5,0.733333333,0.666666667,0.071428571,0.2,1,0,0.951219512
0,0.452054795,0.194535608,0.6,0,0.202020202,0.397959184,0.125,1,0,0.071428571,0.8,1,0,0.951219512
1,0.602739726,0.120643522,0.8,0,0,0.448979592,0.625,0.6,0.333333333,0.857142857,0,1,1,0.951219512
1,0.479452055,0.061255721,0.533333333,0.076880769,0,0.397959184,0.5,0.733333333,0.333333333,0.714285714,0,1,1,0.951219512
1,0.315068493,0.171866871,0.6,0,0.359044995,0.704081633,0.75,1,0,0.285714286,0.4,1,1,0.487804878
0,0.123287671,0.015343867,0.6,0,0,0.112244898,0.875,1,0.333333333,0.285714286,0,1,1,0.951219512
0,0.068493151,0.211187898,0.533333333,0,0,0.397959184,0.5,0.733333333,0.666666667,0.928571429,0.2,1,0,0.951219512
0,0.246575342,0.01759606,0.533333333,0,0,0.397959184,0.5,0.733333333,0.333333333,0.214285714,0,1,1,0.951219512
0,0.753424658,0.160524722,0.533333333,0,0,0.244897959,0.5,0.733333333,1,0.642857143,0.2,1,0,0.951219512
0,0,0.105892979,0.2,0,0,0.448979592,0.5,0.333333333,0.666666667,0.214285714,0.2,1,1,0.951219512
0,0.205479452,0.161913654,0.133333333,0,0,0.448979592,0,0.266666667,0.666666667,0,0.8,1,0,0.634146341
1,0.369863014,0.206858736,0.6,0,0,0.346938776,0.5,1,0.333333333,0.857142857,0,1,1,0.951219512
0,0.01369863,0.097819858,0.466666667,0,0,0.265306122,0.5,0.133333333,0.666666667,0.571428571,0.6,1,1,0.951219512
0,0.082191781,0.402426739,0.533333333,0,0,0.357142857,0.5,0.733333333,0.666666667,0.571428571,0.6,0.5,1,0.951219512
0,0.095890411,0.063459203,0.533333333,0,0.395087236,0.295918367,0.5,0.733333333,0.666666667,0.571428571,0.6,0.5,1,0.951219512
1,0.452054795,0.097650048,0.933333333,0.076880769,0,0.5,0.625,0.933333333,0.333333333,0.714285714,0,0.25,1,0.731707317
0,0.506849315,0.050686178,0.533333333,0,0,0.448979592,0.5,0.733333333,0.833333333,0.071428571,0.2,1,0,0.951219512
0,0.164383562,0.01735183,0.6,0.021740217,0,0.397959184,0.125,1,0.666666667,0.071428571,0.8,0.5,0,0.951219512
0,0.232876712,0.2279004,0.6,0,0,0.632653061,0.5,1,0.333333333,0.571428571,0,1,1,0.951219512
0,0.246575342,0.145678787,0.533333333,0,0,0.5,0.5,0.733333333,0.666666667,0.214285714,0.2,1,1,0.951219512
1,0.561643836,0.23522324,0.733333333,0,0,0.244897959,0.75,0.466666667,0.333333333,0.857142857,0,1,1,0.951219512
0,0.547945205,0.119471083,0.266666667,0,0,0.397959184,0,0.4,0,0,0.2,1,1,0.951219512
0,0.123287671,0.068033949,0.533333333,0,0,0.397959184,0.5,0.733333333,0.666666667,0.428571429,0.2,1,1,0.951219512
1,0.698630137,0.071003271,0.8,0.200512005,0,0.448979592,0.5,0.6,0.333333333,0.285714286,0,1,1,0.951219512
0,0.232876712,0.030227012,0.533333333,0,0,0.346938776,0.75,0.733333333,0.333333333,1,0,1,1,0.951219512
0,0,0.211679064,0.333333333,0,0,0.346938776,0.625,0,0.666666667,0.571428571,0.6,0.5,1,0.951219512
0,0.109589041,0.124990951,0.333333333,0,0,0.397959184,0.5,0,0.666666667,0.214285714,0.6,1,1,0.951219512
1,0.383561644,0.117708703,0.266666667,0.051780518,0,0.397959184,0.5,0.4,0.333333333,0.071428571,0,0.5,1,0.951219512
1,0.260273973,0.114185973,0.733333333,0,0,0.397959184,0.5,0.466666667,0.333333333,0.928571429,0,1,1,0.951219512
0,0.02739726,0.071882093,0.466666667,0,0,0.173469388,0.5,0.133333333,0.666666667,0.857142857,0.6,1,0,0.951219512
1,0.547945205,0.157173156,0.6,0,0,0.5,0.625,1,0.333333333,0.857142857,0,1,1,0.951219512
0,0.246575342,0.08313088,0.6,0,0,0.5,0.5,1,0.333333333,0.214285714,0,1,1,0.951219512
0,0.410958904,0.1607791,0.4,0,0,0.071428571,0.5,0.066666667,0,0.214285714,0.6,1,1,0.951219512
0,0.136986301,0.135894027,0.6,0,0,0.397959184,0.5,1,0.666666667,0.857142857,0.2,1,1,0.951219512
1,0.493150685,0.172005561,0.666666667,0,0,0.397959184,0.5,0.533333333,0.333333333,0.285714286,0,1,1,0.951219512
0,0.383561644,0.071053335,0.8,0,0,0.459183673,0.5,0.6,0,0.857142857,0.2,1,0,0.951219512
0,0.273972603,0.108680312,0.6,0,0.399678604,0.704081633,0.5,1,0,1,0.2,1,1,0.951219512
1,0.232876712,0.084983239,0.8,0,0,0.479591837,0.875,0.6,0.666666667,0.714285714,0.2,1,0,0.951219512
0,0.794520548,0.132696712,0.933333333,0,0,0.346938776,0.75,0.933333333,0.333333333,0.714285714,0,1,1,0.951219512
1,0.123287671,0.14984761,0.533333333,0,0,0.397959184,0.5,0.733333333,0.333333333,0.5,0,1,1,0.951219512
0,0.136986301,0.132373327,0.6,0,0,0.397959184,0.75,1,0.666666667,0.571428571,0.2,0.5,1,0.951219512
0,0.082191781,0.255773739,0.6,0,0,0.43877551,0.5,1,0.666666667,0.571428571,0.6,1,1,0.585365854
0,0.246575342,0.271537059,0.133333333,0,0,0.357142857,0.5,0.266666667,0.666666667,0.357142857,0.8,1,1,0.951219512
0,0.082191781,0.102552914,0.6,0,0,0.397959184,0.5,1,0.666666667,0.214285714,0.6,1,1,0.951219512
1,0.410958904,0.091299391,0.533333333,0,0,0.397959184,0.5,0.733333333,0.333333333,0.214285714,0,1,1,0.951219512
0,0.082191781,0.021141792,0.533333333,0,0,0.234693878,0.5,0.733333333,0,0.571428571,0.2,1,0,0.951219512
0,0.082191781,0.108210119,0.533333333,0,0,0.530612245,0.5,0.733333333,0.666666667,0.357142857,0.2,1,1,0.951219512
0,0.205479452,0.064174303,0.666666667,0.050130501,0,0.5,0.5,0.533333333,0.333333333,0.214285714,0,1,1,0.951219512
0,0.547945205,0.075251249,0.666666667,0,0,0.397959184,0.5,0.533333333,0.666666667,0.5,0.2,1,0,0.951219512
0,0.150684932,0.093378391,0.533333333,0,0,0.448979592,0.5,0.733333333,0.333333333,0.5,0,0,1,0.951219512
1,0.301369863,0.106817805,0.666666667,0.143441434,0,0.397959184,0.5,0.533333333,0.666666667,0.071428571,0.6,1,1,0.951219512
0,0.397260274,0.067061764,0.4,0,0,0.397959184,0.5,0.066666667,0.333333333,0.214285714,0,1,1,0.951219512
0,0.082191781,0.119603008,0.8,0,0,0.448979592,0.5,0.6,0.666666667,0.928571429,0.2,0.5,0,0.951219512
0,0.054794521,0.143666088,0.6,0,0,0.397959184,0.5,1,0.666666667,0.857142857,0.6,1,0,0.951219512
1,0.465753425,0.130446548,0.6,0,0,0.448979592,0.5,1,0,0.857142857,0.2,1,0,0.951219512
1,0.410958904,0.109259428,0.8,0.150241502,0,0.602040816,0.625,0.6,0.333333333,0.857142857,0,1,1,0.951219512
0,0.246575342,0.191353176,0.6,0,0,0.5,0.75,1,0,0.357142857,0.8,1,1,0.951219512
1,0.712328767,0.116874533,0.533333333,0.093860939,0,0.112244898,0.75,0.733333333,0.333333333,0.285714286,0,1,1,0.951219512
0,0.109589041,0.172612415,0.533333333,0,0,0.397959184,0.5,0.733333333,0.333333333,0.428571429,0,1,1,0.951219512
0,0.02739726,0.085915507,0.533333333,0,0,0.193877551,0.75,0.733333333,0.666666667,0.857142857,0.6,1,1,0.951219512
0,0.04109589,0.049222151,0.6,0,0,0.193877551,0.5,1,0.666666667,0.285714286,0.6,1,0,0.951219512
0,0.109589041,0.073618764,0.733333333,0,0.459366391,0.295918367,0.5,0.466666667,0.666666667,0.928571429,0.2,1,0,0.951219512
0,0.02739726,0.13982065,0.533333333,0,0,0.397959184,0.5,0.733333333,0.666666667,0.714285714,0.6,1,1,0.951219512
1,0.260273973,0.052037223,0.666666667,0,0,0.5,0.5,0.533333333,0.333333333,0.285714286,0,1,1,0.951219512
0,0.534246575,0.115609408,0.866666667,0,0,0.397959184,0.25,0.8,1,0.714285714,0.2,1,0,0.951219512
0,0.698630137,0.105884184,0,0,0,0.091836735,0.5,0.866666667,0.666666667,0.5,0.2,1,1,0.951219512
0,0.01369863,0.088738021,0.6,0,0,0.193877551,0.5,1,0.666666667,0.428571429,0.6,0.5,1,0.951219512
0,0.136986301,0.106903725,0.866666667,0,0,0.448979592,0.5,0.8,0.666666667,0.714285714,0.2,1,0,0.951219512
0,0.178082192,0.178164081,0.533333333,0,0,0.448979592,0.5,0.733333333,0.333333333,0.5,0,1,1,0.951219512
0,0.082191781,0.040999516,0.533333333,0,0,0,0.5,0.733333333,0.666666667,0.214285714,0.6,0.25,1,0.975609756
0,0.452054795,0.203662097,0.733333333,0,0,0.397959184,0.5,0.466666667,0,0.857142857,0.2,1,0,0.951219512
0,0.397260274,0.105489762,0.6,0.050130501,0,0.602040816,0.625,1,0.333333333,0.214285714,0,1,1,0.951219512
0,0.109589041,0.193449089,0.533333333,0,0,0.5,0.5,0.733333333,0,0.214285714,0.2,1,1,0.951219512
0,0.561643836,0.112558901,0.466666667,0,0,0.397959184,0,0.133333333,0.333333333,0,0,1,1,0.951219512
1,0.493150685,0.158671687,1,0,0,0.5,0.875,0.666666667,0.333333333,0.714285714,0,1,1,0.951219512
0,0.493150685,0.202273842,0.533333333,0,0,0.397959184,0.5,0.733333333,0,0.571428571,0.2,1,0,0.951219512
0,0.328767123,0.139955281,0.2,0,0,0.397959184,0.5,0.333333333,0.333333333,1,0,1,1,0.536585366
0,0.575342466,0.168421943,0.4,0,0,0.397959184,0.5,0.066666667,0,0.357142857,0.2,1,1,0.951219512
0,0.589041096,0.118285113,0.533333333,0,0,0.397959184,0.5,0.733333333,0.333333333,0.5,0,1,1,0.951219512
0,0.410958904,0.114938283,0.6,0,0,0.224489796,0.5,1,0,0.785714286,0.8,1,0,0.951219512
1,0.630136986,0.119725461,0.6,0,0,0.448979592,0.625,1,0.333333333,0.285714286,0,1,1,0.951219512
0,0.191780822,0.201397726,0.8,0,0,0.397959184,0.5,0.6,0.833333333,0.857142857,0.6,0.5,0,0.951219512
0,0.246575342,0.013695146,0.6,0,0,0.397959184,0.5,1,0.333333333,0.5,0,1,1,0.951219512
1,0.260273973,0.056187103,0.533333333,0,0,0.448979592,0.5,0.733333333,0.333333333,0.928571429,0,1,1,0.951219512
0,0.123287671,0.119679457,0.533333333,0,0,0.397959184,0.5,0.733333333,0,0.071428571,0.6,1,0,0.951219512
0,0.342465753,0.088574299,0.2,0,0,0.397959184,0.5,0.333333333,0,0.571428571,0.8,1,0,0
0,0.02739726,0.008892407,0.466666667,0,0,0.193877551,0.5,0.133333333,0.666666667,0.571428571,0.6,1,0,0.951219512
1,0.342465753,0.190882306,0.8,0,0,0.602040816,0.5,0.6,0.333333333,0.285714286,0,1,1,0.951219512
0,0.671232877,0.110972421,0.8,0.00401004,0,0.193877551,0.75,0.6,0,0.857142857,0.2,1,1,0.951219512
1,0.369863014,0.071560061,1,0,0,0.551020408,0.5,0.666666667,0.333333333,0.714285714,0,1,1,0.951219512
1,0.397260274,0.241694997,0.333333333,0,0,0.397959184,0.5,0,0.333333333,1,0,1,1,0.951219512
0,0.054794521,0.184587803,0.533333333,0,0,0.397959184,0.5,0.733333333,0.666666667,0.428571429,0.2,0.5,0,0.951219512
0,0.356164384,0.138098862,0.066666667,0,0,0.295918367,0.5,0.2,0.666666667,0.071428571,0.8,1,0,0.146341463
0,0.082191781,0.16227966,0.6,0,0,0.275510204,0.5,1,0.666666667,0.571428571,0.2,1,0,0.951219512
0,0.246575342,0.018213738,0.533333333,0,0,0.397959184,0.125,0.733333333,0.666666667,0.071428571,0.2,1,1,0.951219512
0,0,0.114229272,0.333333333,0,0,0.091836735,0.5,0,0.666666667,0.857142857,0.6,1,0,0.951219512
0,0.698630137,0.111075931,0.533333333,0,0,0.234693878,0.5,0.733333333,0,0.642857143,0.8,0.5,0,0.951219512
0,0.150684932,0.036660206,0.533333333,0,0,0.397959184,0.5,0.733333333,0,0.5,0.6,1,1,0.951219512
0,0.589041096,0.06577702,0.2,0,0,0.397959184,0.5,0.333333333,0.333333333,0.428571429,0,1,1,0.951219512
0,0.849315068,0.100447529,0.2,0,0,0.142857143,0.5,0.333333333,0.333333333,0.857142857,0,1,1,0.951219512
0,0.287671233,0.180655768,0.533333333,0,0,0.397959184,0.5,0.733333333,0.666666667,0.571428571,0.6,0.5,1,0.951219512
0,0.876712329,0.084386533,0.533333333,0,0,0.193877551,0.75,0.733333333,1,0.071428571,0.2,1,0,0.951219512
0,0.232876712,0.150063425,0.266666667,0,0,0.397959184,0.5,0.4,0,0.214285714,0.2,1,1,0.951219512
1,0.657534247,0.155803168,0.6,0.116781168,0,0.5,0.5,1,0,0.714285714,0.2,1,1,0.951219512
0,0.246575342,0.130955305,0.533333333,0,0,0.397959184,0.5,0.733333333,0.333333333,0.428571429,0,1,1,0.951219512
0,0.054794521,0.198561005,0.533333333,0,0,0.448979592,0.5,0.733333333,0.666666667,0.428571429,0.8,1,1,0.951219512
0,0.109589041,0.167139228,0.533333333,0,0,0.397959184,0.5,0.733333333,0.666666667,0.571428571,0.6,1,1,0.707317073
1,0.602739726,0.056419832,0.6,0,0,0.397959184,0.5,1,0.333333333,0.5,0,0.25,1,0.951219512
1,0.260273973,0.221773001,1,0,0,0.357142857,0.875,0.666666667,0.333333333,0.714285714,1,1,0,0.951219512
0,0.260273973,0.188161273,0.6,0,0,0.397959184,0.5,1,0.333333333,1,0,1,1,0.951219512
0,0.068493151,0.125808208,0.533333333,0,0,0.387755102,0.5,0.733333333,0.666666667,0.071428571,0.2,1,0,0.951219512
0,0.136986301,0.181537296,0.866666667,0,0,0.397959184,0.875,0.8,0.666666667,0.714285714,0.2,1,1,0.951219512
0,0.095890411,0.09922435,0.8,0,0,0.448979592,0.625,0.6,0.333333333,0.857142857,0,1,1,0.951219512
0,0.04109589,0.039208722,0.533333333,0,0,0.234693878,0.5,0.733333333,0.666666667,0.857142857,0.6,0.25,0,0.731707317
0,0.178082192,0.107978067,0.933333333,0,0,0.234693878,0.5,0.933333333,0.666666667,0.928571429,0.6,1,0,0.951219512
0,0.506849315,0.100710702,0.533333333,0.021740217,0,0.397959184,0.5,0.733333333,0.666666667,0.071428571,0.6,1,0,0.951219512
1,0.438356164,0.21606235,0.866666667,0.095620956,0,0.316326531,0.25,0.8,0,0.714285714,0.8,1,0,0.951219512
0,0.095890411,0.134259513,0.533333333,0,0.453168044,0.397959184,0.125,0.733333333,0.666666667,0.071428571,0.2,1,0,0.951219512
0,0.01369863,0.227521539,0.466666667,0,0,0.244897959,0,0.133333333,0.666666667,0,0.6,0.5,1,0.951219512
1,0.232876712,0.071495114,0.866666667,0,0,0.428571429,0.5,0.8,0.333333333,0.714285714,0,1,1,0.951219512
0,0.02739726,0.075758652,0.6,0,0,0.397959184,0.5,1,0.666666667,0.428571429,0.6,1,1,0.951219512
0,0.01369863,0.044581105,0.533333333,0,0,0.193877551,0,0.733333333,0.666666667,0,0.6,1,0,0.951219512
0,0.383561644,0.052937694,0.8,0,0,0.448979592,0.125,0.6,0.666666667,0.285714286,0.2,1,0,0.951219512
0,0.342465753,0.124220375,0.2,0,0,0.397959184,0.25,0.333333333,0.333333333,0.214285714,0,1,1,0.951219512
1,0.602739726,0.012034246,0.533333333,0,0.424242424,0.602040816,0.75,0.733333333,0.333333333,0.357142857,0,1,1,0.951219512
0,0.424657534,0.018740761,0.533333333,0,0,0.397959184,0.5,0.733333333,0.666666667,0.428571429,0.2,1,1,0.951219512
0,0.260273973,0.155893148,0.533333333,0,0,0.397959184,0.5,0.733333333,0,0.071428571,0.8,0.5,0,0
1,0.178082192,0.106359113,0.8,0,0,0.397959184,0.875,0.6,0.333333333,0.928571429,0,1,1,0.951219512
0,0.410958904,0.105420755,0.533333333,0,0,0.704081633,0.125,0.733333333,0.333333333,0.071428571,0,1,1,0.951219512
0,0.095890411,0.08872855,0.8,0,0,0.091836735,0.5,0.6,0.666666667,0.714285714,0.6,0.75,0,0
0,0.109589041,0.128102347,0.8,0,0,0.5,0.5,0.6,0.666666667,0.285714286,0.2,1,0,0.951219512
0,0.287671233,0.066379815,0.666666667,0,0,0.397959184,0.5,0.533333333,0.333333333,0.5,0,1,1,0.951219512
1,0.123287671,0.175595945,0.533333333,0,0,0.5,0.25,0.733333333,0.333333333,0.785714286,0,0.5,1,0.951219512
0,0.191780822,0.036891582,0.533333333,0,0,0.5,0.5,0.733333333,0.333333333,0.214285714,0,1,1,0.951219512
0,0.232876712,0.012440169,0.866666667,0,0,0.551020408,0.5,0.8,0.333333333,0.714285714,0,1,1,0.951219512
0,0.164383562,0.175252264,0.8,0.046500465,0,0.397959184,0.5,0.6,0.666666667,0.714285714,0.2,1,1,0.951219512
1,0.684931507,0.063520091,0.8,0,0,0.193877551,0,0.6,0.333333333,0,0,1,1,0.951219512
0,0.082191781,0.151252101,0.8,0,0,0.214285714,0.875,0.6,0.666666667,0.928571429,0.2,1,1,0.951219512
0,0.178082192,0.079888236,0.666666667,0,0,0.397959184,0.5,0.533333333,0.833333333,0.714285714,0.8,1,0,0.951219512
0,0.438356164,0.08874411,0.266666667,0,0,0.37755102,0.5,0.4,0.833333333,0.428571429,0.6,1,1,0.951219512
0,0.164383562,0.08021771,0.6,0,0,0.602040816,0.5,1,0.333333333,0.214285714,0,1,1,0.951219512
1,0.178082192,0.145361491,0.8,0,0,0.397959184,0.5,0.6,0.333333333,0.857142857,0,1,1,0.951219512
0,0.465753425,0.011942237,0.533333333,0,0,0.193877551,0,0.733333333,1,0,0.2,0,0,0.951219512
0,0.328767123,0.161705957,0.6,0,0,0.397959184,0.75,1,0.333333333,0.857142857,0,1,1,0.951219512
0,0.095890411,0.127550292,0.466666667,0,0,0.397959184,0.5,0.133333333,0.666666667,0.857142857,0.2,1,1,0.951219512
1,0.136986301,0.146766659,0.6,0,0,0.397959184,0.25,1,0.666666667,0.785714286,0.6,1,0,0.951219512
0,0.219178082,0.091992842,0.6,0,0,0.397959184,0.5,1,0.333333333,0.214285714,0,1,1,0.951219512
0,0.150684932,0.068920889,0.6,0,0,0.255102041,0.5,1,0.666666667,0.071428571,0.6,1,0,0.951219512
0,0.287671233,0.111526505,0.533333333,0,0,0.397959184,0.5,0.733333333,0.333333333,0.857142857,1,0.5,0,0.951219512
0,0.068493151,0.326769568,0.533333333,0,0,0.37755102,0.5,0.733333333,0.666666667,0.071428571,0.6,1,0,0.951219512
0,0.02739726,0.117589633,0.533333333,0,0,0.295918367,0.5,0.733333333,0.666666667,0.571428571,0.6,0.5,1,0.951219512
0,0.02739726,0.289647287,0.6,0,0,0.142857143,0,1,0.666666667,0,0.6,1,0,0.951219512
0,0.315068493,0.082335272,0.333333333,0,0,0.704081633,0.5,0,0.833333333,1,0.8,1,0,0.951219512
1,0.383561644,0.121432365,0.866666667,0.252362524,0,0.418367347,0.625,0.8,0,0.857142857,0.8,1,0,0.951219512
0,0.356164384,0.384480233,0.066666667,0,0,0.275510204,0.5,0.2,0.5,0.357142857,0.2,1,1,0.634146341
0,0.164383562,0.113249646,0.533333333,0,0,0.367346939,0.25,0.733333333,0.666666667,1,0.6,1,0,0.951219512
1,0.150684932,0.071580357,0.533333333,0.043860439,0,0.448979592,0.5,0.733333333,0.333333333,0.285714286,0,1,1,0.951219512
1,0.657534247,0.116824469,1,1,0,0.397959184,0.625,0.666666667,0.333333333,0.285714286,0,1,1,0.951219512
0,0.082191781,0.1374115,0.533333333,0,0,0.397959184,0.5,0.733333333,0.666666667,0.5,0.2,1,1,0.951219512
0,0.753424658,0.069328841,0.2,0,0,0.193877551,0,0.333333333,1,0,0.8,1,0,0.951219512
1,0.315068493,0.15309296,0.933333333,0,0,0.551020408,0.75,0.933333333,0.333333333,0.714285714,0,1,1,0.951219512
1,0.383561644,0.039556462,0.933333333,0.07298073,0,0.602040816,0.75,0.933333333,0.333333333,0.714285714,0,1,1,0.951219512
0,0.191780822,0.13002033,0.866666667,0,0,0.428571429,0.25,0.8,0.666666667,0.714285714,0.2,1,1,0.951219512
0,0.506849315,0.145083434,0.533333333,0,0,0.448979592,0.75,0.733333333,0.333333333,0.571428571,0,0.5,1,0.951219512
0,0.342465753,0.140311816,0.866666667,0,0,0.448979592,0.875,0.8,0,0.285714286,0.2,1,1,0.951219512
1,0.191780822,0.151934051,0.6,0,0,0.551020408,0.5,1,0.333333333,0.857142857,0,1,1,0.951219512
0,0.465753425,0.184047926,0.533333333,0,0,0.397959184,0.5,0.733333333,1,1,0.8,1,1,0.951219512
0,0.082191781,0.19956634,0.8,0,0,0.091836735,0.25,0.6,0.666666667,0.714285714,0.2,1,0,0.951219512
0,0.369863014,0.113724575,0.6,0,0,0.602040816,0.5,1,0.333333333,0.428571429,0,1,1,0.951219512
0,0.273972603,0.139342338,0.4,0,0,0.397959184,0.5,0.066666667,0.833333333,0.071428571,0.8,0.5,0,0.951219512
0,0.219178082,0.217449928,0.666666667,0,0,0.397959184,0.5,0.533333333,0.666666667,0.571428571,0.8,0.5,1,0.951219512
1,0.232876712,0.02938337,0.533333333,0,0.424242424,0.5,0.5,0.733333333,0.333333333,0.214285714,0,1,1,0.951219512
0,0.04109589,0.081027525,0.533333333,0,0.394628099,0.397959184,0.5,0.733333333,0.666666667,0.071428571,0.4,1,0,0.951219512
0,0.438356164,0.063016748,0.533333333,0,0,0.397959184,0.5,0.733333333,0,0.571428571,0.2,0.5,0,0.951219512
0,0.356164384,0.212087693,0.533333333,0,0,0.142857143,0.75,0.733333333,0.333333333,0.071428571,1,1,0,0.951219512
1,0.219178082,0.060252416,0.533333333,0,0,0.418367347,0.5,0.733333333,0.333333333,0.285714286,1,1,0,0.048780488
1,0.438356164,0.122909922,0.866666667,0,0.436639118,0.397959184,0.25,0.8,0.333333333,0.714285714,0,1,1,0.951219512
1,0.342465753,0.201842888,0.6,0,0,0.397959184,0.5,1,0.333333333,0.214285714,0,0.5,1,0.951219512
0,0,0.214804667,0.466666667,0,0,0.244897959,0.5,0.133333333,0.666666667,0.428571429,0.6,1,1,0.951219512
0,0.123287671,0.045187959,0.533333333,0,0,0.5,0.625,0.733333333,0.666666667,0.357142857,0.2,1,1,0.951219512
0,0.178082192,0.110712631,0.6,0,0,0.43877551,0.5,1,0.333333333,0.428571429,0,1,1,0.951219512
0,0.01369863,0.121978331,0.6,0,0,0.295918367,0.5,1,0.666666667,0.857142857,0.2,1,0,0.951219512
0,0.178082192,0.247908992,0.6,0,0,0.551020408,0.5,1,0,0.071428571,0.6,1,0,0.951219512
0,0.602739726,0.027386232,0.533333333,0,0,1,0.5,0.733333333,0,0.571428571,0.4,1,0,0.951219512
1,0.191780822,0.112416152,0.933333333,0,0,0.397959184,0.25,0.933333333,0.333333333,0.714285714,0,1,1,0.951219512
0,0.232876712,0.2279004,0.6,0,0,0.397959184,0.75,1,0.333333333,0.214285714,0,1,1,0.951219512
1,0.260273973,0.117779063,0.6,0,0,0.5,0.5,1,0.333333333,0.5,0,0.25,1,0.951219512
0,0.438356164,0.060760496,0.266666667,0.037810378,0,0.397959184,0.5,0.4,0.333333333,0.428571429,0,1,1,0.951219512
1,0.095890411,0.134525392,0.8,0,0,0.602040816,0.5,0.6,0.666666667,0.285714286,0.4,1,0,0.951219512
1,0.164383562,0.100279748,0.8,0,0,0.5,0.5,0.6,0.333333333,0.714285714,0,1,1,0
0,0.02739726,0.380204517,0.533333333,0,0,0.275510204,0.5,0.733333333,0.666666667,0.428571429,0.6,1,1,0.951219512
0,0.164383562,0.030668791,0.6,0,0,0.336734694,0.5,1,0.666666667,0.571428571,0.2,1,0,0.951219512
0,0.287671233,0.258207244,0.666666667,0,0,0.357142857,0.5,0.533333333,0,0.928571429,0.2,1,0,0.951219512
0,0,0.116025478,0.333333333,0,0,0.142857143,0.625,0,0.666666667,0.857142857,0.6,1,1,0.951219512
0,0.520547945,0.114575659,0.6,0,0,0.367346939,0.875,1,0,0.714285714,0.2,0.5,0,0.951219512
0,0.109589041,0.182074466,0.533333333,0,0,0.346938776,0.25,0.733333333,0.666666667,0.571428571,0.6,1,0,0.951219512
0,0,0.117913694,0.4,0,0,0.091836735,0,0.066666667,0.666666667,0,0.6,1,1,0.951219512
1,0.260273973,0.116480111,0.933333333,0.278282783,0,0.5,0.5,0.933333333,0.666666667,0.285714286,0.2,1,1,0.951219512
1,0.630136986,0.224504183,0.8,0,0,0.5,0.75,0.6,0.333333333,0.857142857,0,1,1,0.951219512
0,0.616438356,0.235263833,0.333333333,0,0,0.346938776,0.5,0,0,0.857142857,0.2,1,0,0.951219512
0,0.260273973,0.113614299,0.533333333,0,0,0.5,0.875,0.733333333,0.333333333,0.285714286,0,1,1,0.951219512
0,0.438356164,0.103408057,0.666666667,0,0,0.346938776,0.5,0.533333333,0.666666667,0.285714286,0.8,1,0,0.097560976
1,0.273972603,0.091826414,0.8,0.150241502,0,0.397959184,0.5,0.6,0.333333333,0.714285714,1,0.5,0,0.951219512
0,0.671232877,0.138399922,0.866666667,0,0,0.5,0.5,0.8,0.333333333,0.857142857,0,1,1,0.951219512
1,0.493150685,0.031545583,0.866666667,0,0,0.418367347,0.875,0.8,0.333333333,0.285714286,0,1,1,0.951219512
0,0.068493151,0.169495608,0.6,0,0,0.397959184,0.875,1,0.666666667,0.071428571,0.2,1,0,0.951219512
0,0.136986301,0.120078614,0.466666667,0,0,0.43877551,0.25,0.133333333,0.666666667,0.571428571,0.6,0.5,0,0.951219512
0,0.02739726,0.022919056,0.533333333,0,0,0.244897959,0.5,0.733333333,0.666666667,0.357142857,0.6,1,1,0.951219512
1,0.479452055,0.188626054,0.733333333,0.07298073,0,0.397959184,0.125,0.466666667,0.333333333,0.571428571,0,1,1,0.951219512
0,0.205479452,0.22136099,0.866666667,0,0,0.479591837,0.5,0.8,0.666666667,0.285714286,0.2,1,1,0.951219512
0,0.260273973,0.319149051,0.533333333,0,0,0.397959184,0.5,0.733333333,0,0.5,0.8,1,1,0.951219512
0,0.082191781,0.035689375,0.533333333,0,0,0.397959184,0.5,0.733333333,0.666666667,0.857142857,0.6,1,1,0.951219512
0,0.589041096,0.029742611,0.6,0,0,0.397959184,0.5,1,0.333333333,0.857142857,0,1,1,0.951219512
0,0.205479452,0.244215098,0.533333333,0,0,0.397959184,0.5,0.733333333,0.333333333,0.285714286,1,1,0,0.951219512
1,0.246575342,0.007997348,0.6,0,0,0.397959184,0.5,1,0.333333333,0.285714286,0,1,1,0.951219512
1,0.424657534,0.125643133,0.6,0,0,0.37755102,0.5,1,0.666666667,0.214285714,0.8,1,0,0.951219512
0,0.260273973,0.104365357,0.533333333,0,0,0.397959184,0.5,0.733333333,0.333333333,0.214285714,0,1,1,0.951219512
1,0.150684932,0.130989808,0.733333333,0,0,0.448979592,0.25,0.466666667,0.333333333,0.785714286,0,1,1,0.951219512
1,0.383561644,0.104778045,0.8,0,0,0.5,0.25,0.6,0.333333333,0.785714286,0,1,1,0.951219512
0,0.095890411,0.1207105,0.6,0,0,0.653061224,0.5,1,0.333333333,1,0,1,1,0.951219512
0,0.630136986,0.127316887,0.066666667,0,0,0.397959184,0.5,0.2,0,1,0.2,1,1,0.951219512
0,0.452054795,0.104506754,0.6,0,0,0.142857143,0.5,1,0,0.571428571,0.2,1,0,0.951219512
0,0.219178082,0.322326071,0.133333333,0,0,0.397959184,0.5,0.266666667,0.333333333,0.428571429,0.4,1,1,0.634146341
0,0.534246575,0.106919286,0.133333333,0,0,0.397959184,0.5,0.266666667,0.333333333,0.214285714,0,0.5,1,0.926829268
0,0.164383562,0.098541724,0.8,0,0,0.397959184,0.5,0.6,0.666666667,0.928571429,0.2,1,1,0.951219512
0,0.493150685,0.092639612,0.533333333,0,0,0.397959184,0.5,0.733333333,0.333333333,0.214285714,0,1,1,0.804878049
0,0.082191781,0.118548286,0.666666667,0,0,0.397959184,0.5,0.533333333,0.666666667,0.5,0.6,1,1,0.951219512
0,0.301369863,0.017495256,0.6,0,0,0.602040816,0.5,1,0.333333333,0.5,0,1,1,0.951219512
0,0.219178082,0.09475988,0.6,0.039080391,0,0.397959184,0.25,1,0.333333333,0.785714286,0,1,1,0.951219512
0,0.410958904,0.098886758,0.6,0,0,0.448979592,0.75,1,0,0.571428571,0.2,1,0,0.951219512
0,0.054794521,0.042945238,0.6,0,0,0.397959184,0.5,1,0.333333333,0.857142857,1,0,0,0.951219512
0,0.273972603,0.268520379,0.533333333,0,0,0.295918367,0.5,0.733333333,0.333333333,0.571428571,0,1,1,0.634146341
1,0.260273973,0.193726469,0.8,0,0,0.397959184,0.5,0.6,0.333333333,0.571428571,0,0.75,1,0.487804878
0,0.452054795,0.058879722,0.666666667,0,0,0.397959184,0.5,0.533333333,0.333333333,0.714285714,0,1,1,0.951219512
1,0.410958904,0.158719721,0.8,0.150241502,0,0.448979592,0.5,0.6,0.333333333,0.857142857,0,1,1,0.951219512
0,0.273972603,0.187369048,0.333333333,0,0,0.397959184,0.25,0,0.333333333,0.214285714,0,1,1,0.951219512
1,0.493150685,0.130382277,0.8,0,0,0.602040816,0.25,0.6,0.333333333,0.714285714,1,1,0,0.951219512
0,0.178082192,0.238158059,0.8,0,0,0.397959184,0.25,0.6,0.666666667,0.714285714,0.2,0.5,0,0.268292683
0,0.150684932,0.116733813,0.6,0,0,0.397959184,0.5,1,0.333333333,0.285714286,0,1,1,0.951219512
0,0.109589041,0.22587823,0.533333333,0,0,0.397959184,0.5,0.733333333,0.666666667,0.214285714,0.2,1,1,0.951219512
0,0.493150685,0.061768536,0.8,0,0,0.551020408,0.5,0.6,0.333333333,0.428571429,0,1,1,0.951219512
0,0.082191781,0.154165948,0.733333333,0,0,0.397959184,0.5,0.466666667,0.666666667,0.714285714,0.6,1,1,0.951219512
0,0.054794521,0.027378113,0.533333333,0,0.345270891,0.397959184,0.5,0.733333333,0.666666667,0.214285714,0.2,1,1,0.951219512
0,0.424657534,0.260589332,0.6,0,0,0.602040816,0.75,1,0.333333333,0.285714286,0,1,1,0.951219512
0,0.082191781,0.14566458,0.533333333,0,0,0.295918367,0.5,0.733333333,0.666666667,0.071428571,0.2,1,0,0.951219512
0,0.369863014,0.135719481,0.333333333,0,0,0.397959184,0.5,0,0.333333333,0.5,0,1,1,0.292682927
0,0.575342466,0.166832757,0.666666667,0,0,0.397959184,0.5,0.533333333,0.333333333,0.285714286,0,1,1,0.951219512
0,0.794520548,0.053535753,0.666666667,0,0,0.193877551,0,0.533333333,0.333333333,0,1,1,0,0.951219512
0,0.602739726,0.030527395,0.8,0,0,0.346938776,0.5,0.6,0,0.071428571,0.2,1,0,0.951219512
1,0.383561644,0.122108902,0.8,0.07298073,0,0.551020408,0.5,0.6,0.333333333,0.214285714,0,1,1,0.951219512
0,0.630136986,0.164142844,0.666666667,0,0,0.193877551,0.5,0.533333333,0,0.571428571,0.2,1,0,0.951219512
1,0.287671233,0.059596175,0.933333333,1,0,0.602040816,0.5,0.933333333,0.333333333,0.714285714,0,1,1,0.951219512
0,0.315068493,0.120650964,0.6,0,0,0.551020408,0.5,1,0,0.285714286,0.4,0.5,0,0.951219512
1,0.301369863,0.046243357,0.6,0,0,0.846938776,0.5,1,0.333333333,0.571428571,0,0.25,1,0.951219512
1,0.424657534,0.097080403,0.8,0,0.512167126,0.295918367,0.5,0.6,0,0.714285714,0.2,1,1,0.951219512
0,0.095890411,0.104289585,0.8,0,0,0.397959184,0,0.6,0.666666667,0,0.2,1,0,0.951219512
0,0.616438356,0.009858502,0.2,0,0,0.346938776,0.75,0.333333333,1,0.357142857,0.4,1,0,0.951219512
1,0.287671233,0.034654949,0.533333333,0,0,0.397959184,0.5,0.733333333,0.333333333,0.214285714,0,1,1,0.951219512
1,0.520547945,0.125741231,0.8,0.07298073,0,0.397959184,0.5,0.6,0.333333333,0.714285714,0,1,1,0.951219512
0,0.315068493,0.139784793,0.533333333,0,0,0.397959184,0.5,0.733333333,0,0.928571429,0.8,1,0,0.951219512
1,0.602739726,0.114928811,0.6,0,0.436639118,0.397959184,0.5,1,0.333333333,0.714285714,0,1,1,0.951219512
0,0.164383562,0.121269319,0.533333333,0,0,0.602040816,0.5,0.733333333,0,0.214285714,0.2,1,1,0.951219512
1,0.821917808,0.172864764,1,0,0,0.030612245,0.875,0.666666667,0.5,0.714285714,0.2,1,1,0.951219512
1,0.383561644,0.089501832,0.8,0,0,0.397959184,0.5,0.6,0.333333333,0.714285714,0,1,1,0.951219512
0,0.150684932,0.138371507,0.533333333,0,0,0.397959184,0.5,0.733333333,0.333333333,1,0,0.5,1,0.951219512
0,0.054794521,0.106725796,0.6,0,0,0.397959184,0,1,0.666666667,0,0.6,1,0,0.951219512
0,0.02739726,0.03716355,0.6,0.005940059,0,0.234693878,0.875,1,0.666666667,0.571428571,0.2,1,1,0.951219512
0,0.178082192,0.114582424,0.8,0,0,0.5,0.5,0.6,0.333333333,0.285714286,0,1,1,0.951219512
1,0.315068493,0.15732876,0.6,0.150241502,0,0.5,0.5,1,0.333333333,0.857142857,0,1,1,0.951219512
0,0.095890411,0.172963538,0.8,0,0,0.397959184,0.5,0.6,0.666666667,0.071428571,0.6,1,0,0.951219512
0,0.630136986,0.04787043,0.8,0,0.500229568,0.448979592,0,0.6,0.333333333,0,0,1,1,0.951219512
0,0.547945205,0.130857883,0.6,0,0,0.397959184,0.5,1,0.333333333,0.214285714,0,1,1,0.756097561
1,0.506849315,0.072582309,0.733333333,0,0,0.5,0.625,0.466666667,0.333333333,0.857142857,0,1,1,0.951219512
0,0.04109589,0.145637518,0.6,0,0,0.173469388,0.5,1,0.5,0.857142857,0.6,0.5,0,0.951219512
1,0.164383562,0.07503814,0.6,0,0.554407713,0.397959184,0.5,1,0.333333333,0.5,0,0.75,1,0.804878049
1,0.232876712,0.121554818,0.8,0,0,0.448979592,0.25,0.6,0.333333333,0.214285714,0,0.5,1,0.951219512
0,0.068493151,0.208485808,0.6,0,0,0.234693878,0.5,1,0.666666667,0.785714286,0.6,0.25,1,0.463414634
0,0.342465753,0.06787158,0.533333333,0,0,0.5,0.5,0.733333333,0.333333333,0.214285714,0,1,1,0.951219512
0,0.547945205,0.067983208,0.533333333,0,0,0.602040816,0.75,0.733333333,0.333333333,0.214285714,0,1,1,0.951219512
0,0.438356164,0.19794062,0.6,0,0,0.346938776,0.5,1,0,0.928571429,0.8,0.5,0,0.951219512
0,0.054794521,0.125641104,0.6,0,0,0.295918367,0.5,1,0.666666667,0.071428571,0.6,1,1,0.951219512
0,0.397260274,0.097001248,0.6,0,0,0.397959184,0.5,1,0.666666667,0.428571429,0.2,1,1,0.951219512
0,0.328767123,0.011823843,0.6,0,0,0.602040816,0.5,1,0.333333333,0.214285714,0,1,1,0.951219512
1,0.383561644,0.051919506,0.533333333,0.105201052,0,0.397959184,0.5,0.733333333,0,0.214285714,0.2,0.25,1,0.951219512
0,0.397260274,0.182233453,0.8,0,0,0.397959184,0.5,0.6,0,1,0.2,1,1,0.951219512
1,0.178082192,0.067538723,0.8,0,0,0.5,0.5,0.6,0.333333333,0.285714286,0,1,1,0.951219512
0,0.219178082,0.115089827,0.333333333,0,0,0.397959184,0.5,0,0.666666667,0.071428571,0.2,0.5,1,0.951219512
0,0.164383562,0.126399502,0.6,0,0,0.397959184,0.5,1,0.666666667,0.928571429,0.6,1,0,0.658536585
0,0.191780822,0.093388539,0.533333333,0,0,0.397959184,0.25,0.733333333,0.333333333,0.214285714,0,1,1,0.951219512
1,0.506849315,0.110312121,0.8,0,0.554407713,0.397959184,0.625,0.6,0.333333333,0.857142857,0,1,1,0.951219512
0,0.109589041,0.071403105,0.6,0,0,0.397959184,0.5,1,0.333333333,0.071428571,0,1,1,0.951219512
1,0.493150685,0.12044665,0.8,0,0.340909091,0.397959184,0.5,0.6,0.333333333,0.857142857,0,0.25,1,0.902439024
1,0.356164384,0.102257943,0.533333333,0,0,0.397959184,0.5,0.733333333,0.333333333,0.214285714,0,1,1,0.951219512
0,0.369863014,0.375818526,0.133333333,0,0,0.397959184,0.75,0.266666667,0.333333333,0.357142857,0,1,1,0.634146341
0,0.04109589,0.228047209,0.533333333,0,0,0.397959184,0.875,0.733333333,0.666666667,0.571428571,0.2,1,0,0.951219512
1,0.164383562,0.255441559,0.533333333,0,0,0.5,0.75,0.733333333,0.666666667,0.214285714,0.2,1,1,0.951219512
0,0.164383562,0.123965321,0.866666667,0,0,0.397959184,0.25,0.8,0.333333333,0.714285714,0,1,1,0.951219512
0,0,0.091947514,0.4,0,0,0.112244898,0.25,0.066666667,0.666666667,0.071428571,0.6,1,0,0.951219512
0,0.438356164,0.096882854,0.6,0,0,0.653061224,0.75,1,0.333333333,0.214285714,0,1,1,0.756097561
0,0.602739726,0.104572378,0.8,0,0,0.091836735,0,0.6,0.333333333,0,0,1,1,0.951219512
0,0.369863014,0.109534103,0.6,0,0,0.602040816,0.5,1,0.333333333,0.857142857,0,1,1,0.951219512
0,0.684931507,0.146074561,0.533333333,0,0,0.193877551,0.5,0.733333333,0.333333333,0.642857143,1,0.5,0,0.951219512
0,0.342465753,0.036850989,0.2,0,0,0.397959184,0.5,0.333333333,0.333333333,0.214285714,0,0.75,1,0.951219512
1,0.383561644,0.134888693,1,0,0,0.397959184,0.25,0.666666667,0.666666667,0.714285714,0.2,1,0,0.951219512
0,0.273972603,0.066870981,0.4,0,0,0.397959184,0.5,0.066666667,0.666666667,0.5,0.2,1,1,0.951219512
0,0.534246575,0.145252568,0.733333333,0,0,0.5,0.5,0.466666667,0.333333333,0.571428571,0,1,1,0.951219512
0,0.684931507,0.114290837,0.6,0,0,0.193877551,0.25,1,0,0.071428571,0.2,0.5,0,0.951219512
0,0.109589041,0.131287484,0.533333333,0,0,0.397959184,0.5,0.733333333,0.666666667,0.785714286,0.4,1,1,0.951219512
1,0.260273973,0.017350477,0.533333333,0,0,0.479591837,0.875,0.733333333,0.333333333,0.785714286,0,1,1,0.951219512
0,0.04109589,0.157229985,0.4,0,0,0.091836735,0.125,0.066666667,0.666666667,0.571428571,0.6,1,0,0.951219512
0,0.547945205,0.110812758,0.866666667,0,0,0.397959184,0.5,0.8,0,0.714285714,0.2,1,0,0.951219512
0,0.04109589,0.004820329,0.533333333,0,0,0.397959184,0.5,0.733333333,0.666666667,0.571428571,0.8,0,0,0.951219512
0,0.602739726,0.113893033,0.533333333,0,0,0.397959184,0.5,0.733333333,0.333333333,0.857142857,0,1,1,0.951219512
1,0.520547945,0.210642609,0.6,0,0,0.744897959,0.5,1,0.333333333,1,0,1,1,0.951219512
0,0.383561644,0.046102637,0.533333333,0,0,0.397959184,0.5,0.733333333,0,0.571428571,0.2,1,0,0.951219512
0,0.068493151,0.314738704,0.733333333,0,0,0.397959184,0.875,0.466666667,0.666666667,0.071428571,0.2,1,1,0.951219512
0,0.575342466,0.085301211,0.333333333,0,0,0.397959184,0.5,0,0.5,0.785714286,0.2,0.25,1,0.463414634
1,0.383561644,0.127726868,0.6,0,0,0.602040816,0.5,1,0.333333333,0.857142857,0,1,1,0.951219512
0,0.191780822,0.183508049,0.533333333,0,0,0.193877551,0,0.733333333,0,0,0.8,0.5,0,0.951219512
1,0.273972603,0.181803852,0.533333333,0,0,0.397959184,0.5,0.733333333,0.333333333,0.214285714,1,0.25,0,0.073170732
0,0.767123288,0.099262913,0.8,0,0,0.112244898,0.5,0.6,0,0.357142857,0.4,1,0,0.951219512
1,0.342465753,0.05205346,0.533333333,0.076880769,0,0.397959184,0.5,0.733333333,0.333333333,0.571428571,0,1,1,0.292682927
0,0.356164384,0.113870707,0.533333333,0,0,0.551020408,0.5,0.733333333,0.333333333,0.214285714,0,1,1,0.951219512
0,0.191780822,0.210256983,0.533333333,0,0,0.193877551,0.5,0.733333333,0.833333333,0.071428571,0.8,1,0,0
0,0.273972603,0.109628818,0.6,0,0,0.193877551,0.5,1,0.666666667,0.571428571,0.6,1,1,0.951219512
0,0.273972603,0.127400777,0.733333333,0,0.399449036,0.448979592,0.5,0.466666667,0.333333333,0.714285714,0,1,1,0.951219512
0,0,0.143981355,0.333333333,0,0.367768595,0.173469388,0.5,0,0.666666667,0.571428571,0.6,1,0,0.951219512
1,0.191780822,0.1248252,0.933333333,0,0,0.448979592,0.5,0.933333333,0,0.714285714,0.2,1,0,0.951219512
1,0.315068493,0.056723597,0.533333333,0,0,0.724489796,0.5,0.733333333,0.333333333,0.857142857,0,1,1,0.951219512
0,0.219178082,0.112454714,0.533333333,0,0,0.397959184,0.5,0.733333333,0,0.071428571,0.2,0.5,0,0.951219512
0,0.246575342,0.118156571,0.8,0,0,0.397959184,0.75,0.6,0.333333333,0.857142857,0,1,1,0.951219512
0,0.342465753,0.121852495,0.6,0,0,0.37755102,0.875,1,0,0.071428571,0.6,1,0,0.951219512
0,0.904109589,0.011783251,0.2,0,0,0.193877551,0,0.333333333,0.333333333,0,0,1,1,0.951219512
0,0.02739726,0.063525504,0.533333333,0,0,0.346938776,0.5,0.733333333,0.666666667,0.571428571,0.6,0,0,0.951219512
0,0.369863014,0.044711677,0.866666667,0,0,0.397959184,0.625,0.8,0,0.285714286,0.8,0.25,0,0.951219512
0,0.287671233,0.124373273,0.6,0,0,0.397959184,0.5,1,0.333333333,0.714285714,0,1,1,0.951219512
0,0.219178082,0.054629714,0.666666667,0,0,0.397959184,0.5,0.533333333,0.333333333,0.214285714,0,0.25,1,0.609756098
0,0.520547945,0.122513472,0.533333333,0,0,0.397959184,0.75,0.733333333,0,0.214285714,0.2,1,1,0.951219512
0,0.465753425,0.30110783,0.533333333,0,0,0.448979592,0.5,0.733333333,0.333333333,0.214285714,0,1,1,0.951219512
0,0.082191781,0.154150387,0.133333333,0,0,0.551020408,0.5,0.266666667,0.666666667,0.428571429,0.2,1,1,0.634146341
0,0.123287671,0.126416416,0.533333333,0,0,0.5,0.5,0.733333333,0.333333333,0.428571429,0,1,1,0.951219512
0,0.328767123,0.128905396,0.533333333,0,0,0.316326531,0,0.733333333,0.833333333,0,0.2,0.5,0,0.951219512
0,0.136986301,0.169991509,0.533333333,0,0,0.5,0.5,0.733333333,0.666666667,0.071428571,0.2,1,1,0.951219512
0,0.01369863,0.195913038,0.533333333,0,0,0.193877551,0.5,0.733333333,0.666666667,0.857142857,0.6,0,0,0.951219512
0,0.095890411,0.167149376,0.6,0,0,0.397959184,0.5,1,0.666666667,0.214285714,0.8,0,1,0.634146341
0,0.068493151,0.163899291,0.6,0,0,0.397959184,0.5,1,0.666666667,0.285714286,0.8,0.5,0,0.56097561
1,0.452054795,0.034310592,0.6,0,0,0.602040816,0.5,1,0.333333333,0.857142857,0,1,1,0.951219512
0,0.534246575,0.04451954,0.6,0,0,0.479591837,0.75,1,0,0.857142857,0.8,1,0,0.951219512
1,0.369863014,0.038186474,0.6,0,0.436639118,0.397959184,0.5,1,0.333333333,0.857142857,0,0.25,1,0.951219512
1,0.356164384,0.120762593,0.533333333,0,0,0.397959184,0.5,0.733333333,0.333333333,0.571428571,0,1,1,0.951219512
0,0.369863014,0.052591307,0.533333333,0,0,0.295918367,0.75,0.733333333,0.333333333,0.214285714,0,1,1,0.951219512
0,0.479452055,0.01557389,0.2,0,0,0.06122449,0.5,0.333333333,0.666666667,0.571428571,0.6,1,0,0.951219512
1,0.534246575,0.23522324,0.866666667,0,0,0.602040816,0.5,0.8,0.333333333,0.285714286,0,1,1,0.219512195
0,0.232876712,0.071108811,0.866666667,0,0,0.397959184,0.25,0.8,0.666666667,0.714285714,0.2,1,0,0.951219512
0,0.02739726,0.099440165,0.6,0,0,0.173469388,0.5,1,0.666666667,0.571428571,0.6,1,1,0.951219512
0,0.493150685,0.102515704,0.4,0,0.500229568,0.408163265,0.25,0.066666667,0.333333333,0.571428571,0,1,1,0.951219512
0,0.150684932,0.159743322,0.6,0,0,0.602040816,0.5,1,0.666666667,0.285714286,0.2,1,1,0.951219512
0,0.191780822,0.166865907,0.533333333,0,0,0.806122449,0.5,0.733333333,0.5,0.571428571,0.2,1,0,0.536585366
0,0.356164384,0.09662374,0.8,0,0,0.530612245,0.125,0.6,0.333333333,0.428571429,0,1,1,0.951219512
0,0.410958904,0.006508966,0.866666667,0,0,0.244897959,0.5,0.8,0.666666667,0.714285714,0.2,1,0,0.951219512
1,0.410958904,0.21373912,0.6,0.07298073,0,0.397959184,0.5,1,0.333333333,0.928571429,0,1,1,0.951219512
0,0.04109589,0.056634294,0.533333333,0,0,0.704081633,0.625,0.733333333,0.666666667,0.357142857,0.6,1,1,0.951219512
0,0.438356164,0.159568099,0.533333333,0,0,0.397959184,0.5,0.733333333,0.333333333,0.214285714,0.4,1,1,0.658536585
0,0.301369863,0.093316149,0.6,0,0,0.37755102,0.5,1,0,0.857142857,0.2,1,0,0.951219512
0,0.205479452,0.110362184,0.533333333,0,0,0.397959184,0.5,0.733333333,0.666666667,0.071428571,0.4,0.5,0,0.56097561
0,0.602739726,0.078847722,0.533333333,0,0,0.397959184,0.5,0.733333333,0.333333333,0.5,0,1,1,0.951219512
0,0.178082192,0.179397408,0.533333333,0,0,0.397959184,0.5,0.733333333,0.666666667,0.785714286,0.2,1,1,0.951219512
0,0.342465753,0.010510684,0.666666667,0,0,0.602040816,0.75,0.533333333,0.333333333,0.285714286,0,1,1,0.951219512
0,0.575342466,0.122865948,0.6,0,0,0.346938776,0.5,1,1,0.071428571,0.2,1,0,0.951219512
0,0.095890411,0.119063131,0.733333333,0,0,0.397959184,0.5,0.466666667,0.666666667,0.714285714,0.6,1,1,0.951219512
0,0.109589041,0.149315852,0.133333333,0,0,0.397959184,0.5,0.266666667,0.333333333,0.5,0,0.75,1,0.634146341
1,0.328767123,0.115202132,0.8,0,0,0.397959184,0.5,0.6,0.333333333,0.285714286,0,1,1,0
0,0.273972603,0.108210119,0.533333333,0,0,0.295918367,0.5,0.733333333,0.666666667,0.571428571,0.8,0.5,0,0.951219512
1,0.589041096,0.095014258,0.6,0,0.436639118,0.397959184,0.5,1,0.333333333,0.285714286,0,1,1,0.951219512
0,0.082191781,0.119563092,0.6,0,0,0.367346939,0.5,1,0.666666667,0.071428571,0.6,1,0,0.951219512
0,0.02739726,0.114155529,0.4,0,0,0.295918367,0.5,0.066666667,0.666666667,0.428571429,0.4,1,1,0.951219512
0,0.589041096,0.090120187,0.6,0,0,0.397959184,0.5,1,0,0.071428571,0.2,1,0,0.951219512
1,0.287671233,0.006738312,0.533333333,0,0,0.602040816,0.5,0.733333333,0.333333333,0.285714286,0,1,1,0.951219512
0,0.02739726,0.076192313,0.6,0,0.394628099,0.244897959,0.5,1,0.666666667,0.071428571,0.6,1,0,0.951219512
0,0.178082192,0.12935597,0.6,0,0,0.43877551,0.5,1,0.666666667,0.214285714,0.2,1,1,0.951219512
0,0.178082192,0.099476698,0.6,0,0,0.653061224,0.5,1,0,0.857142857,0.8,1,0,0.048780488
0,0.561643836,0.125741231,0.533333333,0,0,0.397959184,0.875,0.733333333,0.333333333,0.214285714,0,1,1,0.951219512
0,0.164383562,0.080345575,0.666666667,0,0,0.397959184,0.5,0.533333333,0.833333333,0.071428571,0.8,1,0,0.951219512
0,0,0.081421946,0.4,0,0,0.153061224,0.5,0.066666667,0.666666667,1,0.6,1,0,0.951219512
1,0.589041096,0.070645383,0.6,0.07298073,0,0.397959184,0.5,1,0.333333333,0.857142857,0,1,1,0.951219512
0,0.328767123,0.1204798,0.8,0,0,0.704081633,0.25,0.6,0.666666667,0.714285714,0.2,1,0,0.951219512
0,0.465753425,0.164916803,0.4,0,0.373737374,0.397959184,0.5,0.066666667,0.333333333,1,0,0.5,1,0.951219512
0,0.136986301,0.121062975,0.6,0,0,0.244897959,0.5,1,0.666666667,0.428571429,0.2,0.5,1,0.951219512
0,0.095890411,0.021955667,0.533333333,0,0,0.397959184,0.5,0.733333333,0.666666667,0.428571429,0.4,1,1,0.951219512
0,0.095890411,0.077716551,0.6,0,0,0.234693878,0.5,1,0.666666667,0.571428571,0.4,1,0,0
1,0.438356164,0.164583946,0.6,0,0,0.397959184,0.5,1,0.333333333,0.071428571,1,1,0,0.951219512
0,0.273972603,0.163665885,0.8,0,0,0.5,0.5,0.6,0.333333333,0.857142857,0,1,1,0.951219512
0,0.150684932,0.135977918,0.533333333,0,0,0.5,0.5,0.733333333,0.333333333,0.285714286,0,1,1,0.951219512
0,0.164383562,0.229763584,0.533333333,0,0,0.336734694,0.5,0.733333333,0,0.857142857,0.2,1,1,0.951219512
1,0.328767123,0.0462623,0.6,0,0,0.5,0.5,1,0.333333333,0.714285714,0,1,1,0.951219512
1,0.260273973,0.176345548,0.666666667,0,0,0.602040816,0.5,0.533333333,0.333333333,0.285714286,0,1,1,0.951219512
1,0.123287671,0.116761551,0.8,0,0,0.551020408,0.5,0.6,0.333333333,0.285714286,1,1,0,0.951219512
0,0.123287671,0.113373452,0.533333333,0,0,0.397959184,0.5,0.733333333,0.333333333,0.5,0,1,1,0.951219512
0,0.04109589,0.017816611,0.6,0,0,0.193877551,0.5,1,0.666666667,0.571428571,0.6,1,1,0.951219512
1,0.547945205,0.041354022,0.6,0,0,0.397959184,0.5,1,0.333333333,0.214285714,0,1,1,0.951219512
0,0.315068493,0.036032379,0.866666667,0,0,0.551020408,0,0.8,0,0,0.6,1,0,0.951219512
0,0.630136986,0.08849988,0.533333333,0.040640406,0,0.397959184,0.5,0.733333333,0.333333333,0.857142857,0,1,1,0.951219512
1,0.397260274,0.230852809,0.533333333,0,0,0.397959184,0.5,0.733333333,0.333333333,0.5,0,1,1,0.951219512
0,0.369863014,0.068356657,0.533333333,0,0,0.397959184,0.5,0.733333333,0.333333333,0.214285714,0,1,1,0.951219512
0,0.136986301,0.469341695,0.4,0,0,0.397959184,0.5,0.066666667,0.333333333,0.428571429,0,1,1,0.951219512
0,0.082191781,0.119691634,0.6,0,0,0.244897959,0.5,1,0.666666667,0.571428571,0.2,1,1,0.951219512
0,0.219178082,0.210758973,0.6,0,0,0.551020408,0.5,1,0.333333333,0.5,0,1,1,0.951219512
0,0.397260274,0.152522639,0.666666667,0,0,0.397959184,0.5,0.533333333,0.333333333,0.071428571,0,1,1,0.951219512
0,0.164383562,0.109689706,0.533333333,0,0,0.295918367,0.5,0.733333333,0.666666667,0.571428571,0.8,1,0,0.951219512
0,0.260273973,0.106048582,0.533333333,0,0,0.397959184,0.5,0.733333333,0.666666667,0.071428571,0.2,1,0,0.951219512
0,0.054794521,0.160638381,0.533333333,0,0,0.214285714,0.5,0.733333333,0.666666667,0.571428571,0.6,1,1,0.951219512
0,0.383561644,0.067446714,0.533333333,0,0,0.397959184,0.5,0.733333333,0.333333333,0.428571429,0,1,1,0.951219512
0,0.410958904,0.106286047,0.4,0,0,0.142857143,0.5,0.066666667,0,0.571428571,0.8,1,0,0.951219512
0,0.219178082,0.080947017,0.533333333,0,0,0.448979592,0.5,0.733333333,0,0.285714286,0.2,1,0,0.951219512
0,0.205479452,0.11805509,0.8,0.050130501,0,0.448979592,0.25,0.6,0.333333333,0.714285714,1,1,0,0.951219512
0,0.616438356,0.151349523,0.466666667,0,0,0.367346939,0.5,0.133333333,1,0.071428571,0.8,1,0,0.634146341
0,0.369863014,0.108070076,0.6,0,0,0.37755102,0.5,1,0.833333333,0.071428571,0.8,1,0,0.951219512
0,0.246575342,0.494290363,0.866666667,0,0,0.397959184,0.25,0.8,0.333333333,0.714285714,0,1,1,0.951219512
0,0.589041096,0.143298728,0.533333333,0,0,0.397959184,0.5,0.733333333,0.333333333,0.214285714,0,1,1,0.951219512
1,0.232876712,0.208232783,0.8,0,0,0.5,0.5,0.6,0,0.714285714,0.2,1,0,0.951219512
1,0.095890411,0.047737828,0.533333333,0,0,0.5,0.5,0.733333333,0.833333333,0.571428571,0.8,1,0,0.780487805
0,0.315068493,0.146862051,0.866666667,0,0,0.448979592,0.875,0.8,0,0.714285714,0.2,1,0,0.951219512
1,0.383561644,0.24103402,0.533333333,0,0,0.551020408,0.5,0.733333333,0.333333333,0.285714286,0,1,1,0.951219512
0,0.136986301,0.083761412,0.533333333,0,0,0.397959184,0.5,0.733333333,0.666666667,0.428571429,0.6,1,1,0.951219512
1,0.109589041,0.130606888,0.8,0,0,0.5,0.5,0.6,0.333333333,0.857142857,0,1,1,0.951219512
0,0.02739726,0.145594896,0.533333333,0,0,0.397959184,0.5,0.733333333,0.666666667,0.857142857,0.2,0.25,0,0.951219512
0,0.561643836,0.086225361,0.533333333,0,0.399678604,0.397959184,0.875,0.733333333,0.666666667,0.071428571,0.2,1,1,0.951219512
0,0.04109589,0.116683073,0.6,0,0,0.112244898,0.5,1,0.666666667,0.071428571,0.6,1,0,0.951219512
0,0.438356164,0.159396935,0.6,0,0,0.295918367,0.5,1,0.333333333,0.214285714,0,0.5,1,0.951219512
1,0.383561644,0.072961847,0.6,0,0.433195592,0.397959184,0.5,1,0.333333333,0.214285714,0,1,1,0.951219512
0,0.397260274,0.146882347,0.533333333,0,0,0.397959184,0.5,0.733333333,0,0.285714286,0.2,1,0,0.951219512
1,0.767123288,0.091512501,0.6,0,0.499081726,0.5,0.5,1,0.333333333,0.714285714,0,1,1,0.951219512
0,0.191780822,0.094337044,0.733333333,0,0,0.397959184,0.25,0.466666667,0.666666667,0.071428571,0.6,0,0,0.951219512
0,0.219178082,0.107978067,0.533333333,0,0,0.428571429,0.25,0.733333333,0,1,0.8,1,0,0.951219512
0,0.178082192,0.11926271,0.266666667,0,0,0.397959184,0.125,0.4,0.333333333,0.928571429,0,1,1,0.951219512
1,0.328767123,0.105395047,0.8,0.07298073,0,0.5,0.5,0.6,0.333333333,0.285714286,0,1,1,0.951219512
0,0.109589041,0.050460891,0.533333333,0,0,0.397959184,0.5,0.733333333,0.333333333,0.857142857,0,1,1,0.951219512
1,0.342465753,0.146155746,0.6,0,0,0.5,0.5,1,0.333333333,0.928571429,0,1,1,0.951219512
0,0.191780822,0.115495073,0.933333333,0,0,0.551020408,0.5,0.933333333,0.666666667,0.928571429,0.2,1,1,0.951219512
0,0,0.099460461,0.4,0,0,0.193877551,0.5,0.066666667,0.666666667,0.571428571,0.6,1,0,0.951219512
0,0.821917808,0.089521451,0.533333333,0,0,0.051020408,0.25,0.733333333,0.333333333,0.285714286,0,1,1,0.951219512
0,0.589041096,0.144514466,0,0,0,0.397959184,0,0.866666667,1,0,0.2,1,0,0.317073171
0,0.164383562,0.161282444,0.533333333,0,0,0.397959184,0.5,0.733333333,0.666666667,0.214285714,0.2,1,1,0.951219512
1,0.726027397,0.132366561,0.8,0,0.545684114,0.5,0.625,0.6,0.333333333,0.285714286,0,1,1,0.951219512
0,0.082191781,0.13722207,0.8,0,0,0.397959184,0.5,0.6,0.666666667,0.071428571,0.2,1,0,0.951219512
0,0.02739726,0.11422183,0.533333333,0,0,0.193877551,0,0.733333333,0.666666667,0,0.6,0.5,0,0.951219512
0,0.301369863,0.061280753,0.533333333,0,0,0.397959184,0.5,0.733333333,0.333333333,0.214285714,0,1,1,0.951219512
0,0.397260274,0.138258525,0.333333333,0,0,0.193877551,0.25,0,0,0.785714286,0.8,1,0,0.951219512
0,0.219178082,0.135944091,0.533333333,0,0,0.5,0.5,0.733333333,0,0.857142857,0.2,1,1,0.951219512
0,0.315068493,0.140838162,0.533333333,0,0,0.397959184,0.5,0.733333333,0.666666667,0.214285714,0.2,1,1,0.048780488
0,0.657534247,0.00718618,0.2,0,0,0.397959184,0.75,0.333333333,0.333333333,0.357142857,0,1,1,0.951219512
0,0.493150685,0.058550248,0.8,0,0,0.5,0.75,0.6,0.333333333,0.714285714,0,1,1,0.951219512
0,0.410958904,0.143953617,0.133333333,0,0,0.397959184,0.5,0.266666667,0.833333333,0.857142857,0.8,1,0,0.634146341
0,0.342465753,0.219608082,0.6,0,0,0.397959184,0.5,1,0,0.071428571,0.2,0.5,0,0.951219512
0,0.164383562,0.072311694,0.6,0,0,0.397959184,0.5,1,0.833333333,0.928571429,0.8,1,0,0.951219512
0,0.602739726,0.075087527,0.133333333,0,0.43067034,0.56122449,0.5,0.266666667,0,1,0.2,1,1,0.951219512
1,0.260273973,0.132309056,0.8,0.150241502,0,0.653061224,0.5,0.6,0.333333333,0.857142857,0,1,1,0.951219512
0,0.123287671,0.133080985,0.6,0,0,0.112244898,0,1,0.666666667,0,0.6,1,1,0.951219512
0,0.123287671,0.138700304,0.6,0,0,0.357142857,0,1,0.666666667,0,0.2,1,0,0.951219512
0,0.205479452,0.057728255,0.6,0,0,0.397959184,0.125,1,0.666666667,0.285714286,0.2,1,1,0.951219512
0,0.246575342,0.058658494,0.266666667,0,0,0.37755102,0,0.4,0,0,0.6,0,1,0.951219512
0,0.095890411,0.100892014,0.4,0,0,0.346938776,0.5,0.066666667,0.666666667,0.571428571,0.4,1,1,0.951219512
0,0.082191781,0.030732386,0.8,0,0,0.397959184,0.25,0.6,0.666666667,0.071428571,0.6,1,0,0.268292683
0,0.246575342,0.089995027,0.6,0,0,0.397959184,0.25,1,0.333333333,0.571428571,0,1,1,0.951219512
0,0.493150685,0.258762004,0.866666667,0,0,0.397959184,0.25,0.8,0.333333333,0.285714286,0,1,1,0.951219512
1,0.561643836,0.071725136,0.533333333,0,0,0.346938776,0.5,0.733333333,1,0.857142857,0.2,1,0,0.951219512
0,0.260273973,0.108417139,0.866666667,0,0,0.397959184,0.5,0.8,0.666666667,0.714285714,0.6,1,1,0.951219512
1,0.424657534,0.018039868,0.8,0.150241502,0,0.5,0.5,0.6,0.333333333,0.285714286,0,1,1,0.951219512
0,0.150684932,0.275658525,0.8,0,0,0.520408163,0.25,0.6,0.666666667,0.714285714,0.2,1,1,0.951219512
0,0.273972603,0.01494674,0.2,0.025800258,0,0.602040816,0.5,0.333333333,0.333333333,0.357142857,0,1,1,0.951219512
1,0.424657534,0.02703105,0.666666667,0,0,0.244897959,0.75,0.533333333,0.333333333,0.285714286,1,1,0,0.951219512
0,0.136986301,0.130140754,0.666666667,0,0,0.397959184,0.5,0.533333333,0.666666667,0.5,0.8,0.5,0,0.951219512
1,0.315068493,0.128462941,0.933333333,0.150241502,0,0.551020408,0.5,0.933333333,0.333333333,0.714285714,0,1,1,0.951219512
0,0.698630137,0.089148003,0.533333333,0.038180382,0,0.397959184,0.5,0.733333333,0.333333333,0.071428571,0,1,1,0.951219512
0,0.575342466,0.170536122,0.333333333,0,0,0.5,0.5,0,0.333333333,1,0,1,1,0.951219512
1,0.575342466,0.023847265,0.866666667,0,0,0.448979592,0.5,0.8,0,0.285714286,0.2,1,0,0.951219512
0,0.164383562,0.20343478,0.6,0,0.488751148,0.5,0.5,1,0.333333333,0.714285714,0,1,1,0.951219512
0,0.04109589,0.184955839,0.533333333,0,0,0.244897959,0.5,0.733333333,0.666666667,0.571428571,0.4,0.5,1,0.951219512
1,0.109589041,0.12555586,0.6,0,0,0.43877551,0.5,1,0.333333333,0.857142857,0,1,1,0.951219512
0,0.684931507,0.081388119,0.533333333,0,0,0.142857143,0.5,0.733333333,1,0.571428571,0.2,1,0,0.951219512
0,0.438356164,0.216539309,0.533333333,0,0,0.397959184,0.5,0.733333333,0.333333333,0.285714286,0,1,1,0.951219512
0,0.068493151,0.080702787,0.6,0,0,0.071428571,0,1,0.666666667,0,0.6,1,0,0.951219512
0,0.082191781,0.066075373,0.6,0,0,0.602040816,0.5,1,0.333333333,0.214285714,0,1,1,0.951219512
0,0.273972603,0.267870903,0.533333333,0,0,0.397959184,0.125,0.733333333,0,0.928571429,0.8,1,0,0.951219512
1,0.191780822,0.028436894,0.8,0,0,0.5,0.5,0.6,0.333333333,0.285714286,0,1,1,0.951219512
1,0.301369863,0.108417139,0.8,0,0,0.5,0.625,0.6,0.333333333,0.714285714,0,1,1,0.951219512
1,0.438356164,0.110730897,0.8,0,0,0.459183673,0.5,0.6,0.333333333,0.285714286,0,1,1,0.951219512
0,0.383561644,0.021787209,0.666666667,0,0,0.091836735,0.5,0.533333333,0,0.571428571,0.2,1,1,0.951219512
1,0.547945205,0.115384121,0.6,0.03103031,0,0.397959184,0,1,0.333333333,0,1,1,0,0.951219512
0,0.369863014,0.037908417,0.866666667,0,0,0.551020408,0.25,0.8,0.666666667,0.714285714,0.6,1,0,0.951219512
1,0.369863014,0.134675583,0.6,0.043860439,0,0.397959184,0.5,1,0.333333333,0.857142857,1,1,0,0.951219512
0,0.383561644,0.029082311,0.666666667,0,0,0.397959184,0.5,0.533333333,0.333333333,0.214285714,0,1,1,0.951219512
0,0.164383562,0.124101305,0.333333333,0,0,0.397959184,0.5,0,0.333333333,0.214285714,0,1,1,0.951219512
0,0.424657534,0.134048433,0.533333333,0.009140091,0,0.397959184,0.5,0.733333333,0.833333333,0.071428571,0.8,1,0,0.951219512
0,0.273972603,0.143616024,0.533333333,0,0,0.397959184,0.5,0.733333333,0.333333333,0.214285714,0,1,1,0.951219512
0,0.616438356,0.101456247,0.533333333,0,0,0.295918367,0.75,0.733333333,0.333333333,1,0,1,1,0.951219512
0,0.02739726,0.14300917,0.4,0,0,0.193877551,0.5,0.066666667,0.666666667,0.571428571,0.6,1,1,0.951219512
0,0.438356164,0.106811716,0.533333333,0,0,0.551020408,0.5,0.733333333,0,0.5,0.4,1,0,0.951219512
1,0.547945205,0.204224976,0.8,0,0.433195592,0.551020408,0.5,0.6,0.333333333,0.857142857,0,1,1,0.951219512
0,0.602739726,0.058514392,0.4,0,0,0.295918367,0.5,0.066666667,1,0.428571429,0.2,1,0,0.951219512
1,0.369863014,0.098065441,0.666666667,0.150241502,0,0.5,0.75,0.533333333,0.333333333,0.714285714,0,1,1,0.951219512
0,0.260273973,0.03750926,0.533333333,0.050130501,0,0.397959184,0.5,0.733333333,0.333333333,0.214285714,0,1,1,0.536585366
0,0.095890411,0.096596679,0.4,0,0,0.602040816,0.5,0.066666667,0.333333333,0.5,0,1,1,0.951219512
0,0.273972603,0.176025546,0.533333333,0,0,0.397959184,0.25,0.733333333,0,0.071428571,0.8,1,0,0.951219512
0,0.315068493,0.200262496,0.533333333,0,0,0.397959184,0.75,0.733333333,0,0.571428571,0.6,1,0,0.951219512
0,0.178082192,0.192256354,0.533333333,0,0,0.397959184,0.5,0.733333333,0.666666667,0.285714286,0.2,0.5,1,0.951219512
0,0.410958904,0.125532181,0.533333333,0,0,0.448979592,0.5,0.733333333,0.333333333,0.857142857,0,1,1,0.951219512
0,0.438356164,0.035133261,0.533333333,0,0,0.908163265,0.5,0.733333333,0,1,0.2,1,1,0.951219512
0,0.410958904,0.103102262,0.866666667,0,0,0.5,0.5,0.8,0,0.714285714,0.2,1,1,0
0,0.315068493,0.107663477,0.533333333,0,0,0.397959184,0.5,0.733333333,0,1,0.2,1,1,0.951219512
0,0.219178082,0.104991154,0.333333333,0,0,0.397959184,0.875,0,0.333333333,0.428571429,0,1,1,0.951219512
1,0.260273973,0.255352256,0.8,0.07298073,0,0.397959184,0.5,0.6,0.333333333,0.928571429,0,1,1,0.268292683
0,0.068493151,0.14081516,0.8,0,0,0.397959184,0.5,0.6,0.666666667,0.071428571,0.6,1,1,0.951219512
0,0,0.10815126,0.333333333,0,0,0.397959184,0,0,0.666666667,0,0.6,0.5,0,0.951219512
0,0.04109589,0.204035545,0.533333333,0,0,0.295918367,0.5,0.733333333,0.666666667,1,0.6,1,1,0.951219512
0,0.342465753,0.084466364,0.533333333,0,0,0.551020408,0.5,0.733333333,0.666666667,0.285714286,0.2,0.5,1,0.951219512
0,0,0.087381564,0.266666667,0,0,0.040816327,0,0.4,0.666666667,0,0.6,1,1,0.951219512
0,0.054794521,0.214205931,0.533333333,0.048650487,0,0.346938776,0.75,0.733333333,0.666666667,0.214285714,0.2,1,1,0.951219512
0,0.260273973,0.069061609,0.733333333,0,0,0.5,0.5,0.466666667,0.333333333,0.285714286,0,1,1,0.951219512
0,0.465753425,0.137785626,0.6,0,0,0.397959184,0.125,1,0.333333333,0.428571429,0,0.75,1,0
1,0.465753425,0.096106866,0.866666667,0.076880769,0,0.448979592,0.5,0.8,0.333333333,0.714285714,0,1,1,0.951219512
0,0.02739726,0.115217693,0.533333333,0,0,0.397959184,0.5,0.733333333,0.666666667,0.571428571,0.6,1,0,0.951219512
1,0.493150685,0.197697067,0.6,0,0.433195592,0.448979592,0.5,1,0.333333333,1,0,1,1,0.951219512
0,0.356164384,0.135254023,0.533333333,0,0,0.448979592,0.5,0.733333333,0,0.071428571,0.2,1,0,0.951219512
0,0.068493151,0.199296401,0.533333333,0,0,0.295918367,0.5,0.733333333,0.666666667,0.428571429,0.2,1,1,0.951219512
0,0.205479452,0.13776127,0.533333333,0,0,0.397959184,0.5,0.733333333,0.333333333,0.571428571,1,0.5,0,0.951219512
0,0.164383562,0.011803547,0.8,0,0,0.234693878,0.5,0.6,0.333333333,0.714285714,1,1,0,0.951219512
0,0.082191781,0.100589602,0.6,0,0,0.091836735,0.5,1,0.666666667,0.714285714,0.6,1,1,0.951219512
1,0.479452055,0.148101467,0.533333333,0,0,0.397959184,0.5,0.733333333,0.333333333,0.857142857,0,1,1,0.951219512
0,0.068493151,0.101478572,0.533333333,0,0,0.551020408,0.5,0.733333333,0.666666667,0.5,0.6,1,1,0.951219512
0,0.109589041,0.111722024,0.533333333,0.044160442,0,0.448979592,0.5,0.733333333,0.666666667,0.571428571,0.2,0.25,1,0.731707317
0,0.383561644,0.109174861,0.6,0,0,0.346938776,0.5,1,0.833333333,0.857142857,0.8,1,0,0.951219512
0,0.287671233,0.110239731,0.533333333,0,0,0.448979592,0.5,0.733333333,0,0.5,0.2,1,1,0.951219512
0,0.301369863,0.227773211,0.533333333,0,0,0.397959184,0.5,0.733333333,0.333333333,0.428571429,0,1,1,0.951219512
0,0.054794521,0.22345352,0.6,0,0,0.346938776,0.5,1,0.666666667,0.857142857,0.6,0.5,0,0.951219512
1,0.301369863,0.250707151,0.533333333,0,0,0.397959184,0.125,0.733333333,0.333333333,0.214285714,0,1,1,0.951219512
0,0.410958904,0.010655463,0.6,0,0,0.867346939,0.75,1,0.333333333,0.357142857,0,1,1,0.951219512
0,0.191780822,0.044906519,0.533333333,0,0,0.397959184,0.5,0.733333333,0.833333333,0.857142857,0.8,1,0,0.634146341
0,0.068493151,0.013980644,0.6,0,0.436639118,0.367346939,0.125,1,0.333333333,0.857142857,0,1,1,0.951219512
1,0.123287671,0.134724971,0.6,0,0,0.397959184,0.5,1,0.333333333,0.428571429,0,1,1,0.951219512
0,0.04109589,0.076087449,0.6,0,0,0.193877551,0.5,1,0.666666667,0.642857143,0.6,1,0,0.951219512
0,0.095890411,0.2016724,0.6,0,0,0.448979592,0.5,1,0.5,0.071428571,0.6,0.5,0,0.951219512
0,0.273972603,0.18421909,0.866666667,0,0,0.397959184,0.5,0.8,0.333333333,0.285714286,1,1,0,0.951219512
1,0.260273973,0.180140246,0.933333333,0.150241502,0,0.755102041,0.75,0.933333333,0.333333333,0.714285714,0,0.5,1,0.951219512
0,0.328767123,0.183068976,0.533333333,0,0,0.397959184,0.5,0.733333333,0.666666667,0.857142857,0.8,0.5,0,0.951219512
0,0.246575342,0.096965392,0.533333333,0.001140011,0,0.397959184,0.5,0.733333333,0.666666667,0.214285714,0.8,1,0,0.951219512
0,0.219178082,0.084659177,0.933333333,0,0,0.346938776,0.5,0.933333333,0.333333333,0.714285714,0,0.25,1,0.585365854
0,0.205479452,0.152639003,0.8,0,0,0.397959184,0.5,0.6,0.666666667,0.714285714,0.8,1,0,0.951219512
1,0.260273973,0.077389107,0.8,0,0,0.448979592,0.5,0.6,0.333333333,0.714285714,0,1,1,0.951219512
0,0.095890411,0.097105435,0.8,0,0,0.602040816,0.25,0.6,0.666666667,0.714285714,0.2,1,0,0.951219512
0,0.410958904,0.085282268,0.533333333,0,0,0.5,0.5,0.733333333,0.333333333,0.214285714,0,1,1,0.951219512
1,0.479452055,0.054585063,0.866666667,0.150241502,0,0.397959184,0,0.8,0.333333333,0,1,1,0,0.951219512
0,0.260273973,0.101398741,0.533333333,0,0,0.43877551,0.5,0.733333333,0.333333333,0.214285714,0,1,1,0.951219512
0,0.219178082,0.067167981,0.666666667,0,0,0.397959184,0.5,0.533333333,0.666666667,0.214285714,0.2,1,1,0.951219512
0,0.068493151,0.113769226,0.6,0,0,0.275510204,0.5,1,0.333333333,0.428571429,0,1,1,0.951219512
1,0.342465753,0.167403754,0.8,0.252362524,0,0.193877551,0.5,0.6,0,0.714285714,0.8,0.5,0,0.951219512
0,0.726027397,0.200528376,0.133333333,0,0,0.397959184,0,0.266666667,0.333333333,0,0,0.5,1,0.12195122
0,0.356164384,0.038882631,0.733333333,0,0,0.397959184,0.5,0.466666667,0.333333333,0.928571429,0,0.25,1,0.951219512
0,0.150684932,0.105204264,0.533333333,0,0,0.602040816,0.5,0.733333333,0.666666667,0.857142857,0.2,1,0,0.951219512
0,0.465753425,0.160647852,0.6,0,0,0.397959184,0.5,1,0.333333333,0.857142857,0,1,1,0.951219512
1,0.465753425,0.216629965,0.733333333,0,0,0.551020408,0.5,0.466666667,0.333333333,0.285714286,0,1,1,0.268292683
1,0.260273973,0.136876359,0.8,0,0,0.418367347,0.5,0.6,0.333333333,0.857142857,0,1,1,0.951219512
1,0.342465753,0.145531302,0.8,0,0,0.397959184,0.5,0.6,0.333333333,0.071428571,1,1,0,0.951219512
0,0.095890411,0.122348396,0.6,0,0,0.397959184,0.5,1,0.666666667,0.071428571,0.6,1,0,0.951219512
1,0.465753425,0.09578754,0.533333333,0,0,0.397959184,0.5,0.733333333,0.333333333,0.928571429,0,1,1,0.951219512
1,0.589041096,0.103981761,0.866666667,0,0,0.5,0.25,0.8,0.333333333,0.285714286,0,1,1,0.951219512
0,0.01369863,0.072093173,0.466666667,0,0,0.193877551,0.5,0.133333333,0.666666667,0.857142857,0.6,1,0,0.951219512
1,0.410958904,0.092489421,0.8,0,0.554407713,0.602040816,0.5,0.6,0.333333333,0.285714286,0,1,1,0.951219512
0,0.547945205,0.234313974,0.666666667,0,0,0.397959184,0.5,0.533333333,0,0.071428571,0.8,1,0,0.951219512
0,0.232876712,0.067538723,0.8,0,0,0.397959184,0.5,0.6,0.666666667,0.285714286,0.4,1,1,0.951219512
1,0.273972603,0.05876471,0.8,0,0,0.602040816,0.5,0.6,0.333333333,0.857142857,0,1,1,0.951219512
1,0.424657534,0.232075989,0.8,0,0,0.448979592,0.5,0.6,0.333333333,0.714285714,0,1,1,0.048780488
0,0.273972603,0.037101308,0.533333333,0,0,0.602040816,0.5,0.733333333,0,0.857142857,0.2,1,1,0.951219512
0,0.150684932,0.327607121,0.533333333,0,0,0.397959184,0.5,0.733333333,0.666666667,0.071428571,0.2,1,0,0.951219512
0,0.342465753,0.050487953,0.8,0,0,0.397959184,0.5,0.6,0,0.571428571,0.2,1,1,0.951219512
1,0.506849315,0.037703426,0.866666667,0,0,0.448979592,0.25,0.8,0.333333333,0.714285714,0,1,1,0.951219512
0,0.02739726,0.122106873,0.6,0,0,0.346938776,0,1,0.666666667,0,0.6,1,0,0.951219512
0,0.02739726,0.110637535,0.4,0,0,0.244897959,0.5,0.066666667,0.666666667,0.428571429,0.6,1,1,0.951219512
1,0.383561644,0.113220555,0.866666667,0,0,0.397959184,0.125,0.8,0,0.285714286,0.2,1,1,0.951219512
0,0.260273973,0.133756846,0.066666667,0,0,0.193877551,0.5,0.2,1,0.571428571,0.4,1,0,0.634146341
0,0.452054795,0.10171536,0.533333333,0,0,0.010204082,0.5,0.733333333,0.333333333,0.214285714,0,1,1,0.951219512
0,0.068493151,0.090438836,0.8,0,0,0.142857143,0.5,0.6,0.666666667,0.857142857,0.6,1,1,0.951219512
0,0.369863014,0.116179052,0.533333333,0,0,0.602040816,0.5,0.733333333,0,0.857142857,0.8,1,0,0.951219512
1,0.328767123,0.226888977,0.866666667,0,0,0.397959184,0.5,0.8,0.333333333,0.714285714,0,1,1,0
0,0.205479452,0.028750808,0.6,0,0,0.397959184,0.5,1,0.666666667,0.714285714,0.6,1,0,0.951219512
0,0.397260274,0.071053335,0.533333333,0,0,0.357142857,0.5,0.733333333,0.833333333,0.857142857,0.2,1,0,0.951219512
0,0.150684932,0.076191636,0.2,0,0,0.295918367,0.5,0.333333333,0.333333333,0.214285714,0,1,1,0.951219512
0,0.150684932,0.053204927,0.666666667,0,0,0.397959184,0.5,0.533333333,0.666666667,0.285714286,0.2,1,0,0.951219512
0,0.095890411,0.004890012,0.533333333,0,0,0.397959184,0.5,0.733333333,0.666666667,0.857142857,0.6,0,0,0.951219512
0,0.246575342,0.105340248,0.266666667,0,0,0.397959184,0.5,0.4,0.333333333,0.5,0,1,1,0.048780488
0,0.054794521,0.311596865,0.4,0,0,0.397959184,0.5,0.066666667,0.666666667,0.428571429,0.6,0.5,1,0.951219512
1,0.479452055,0.220910416,0.6,0.150241502,0,0.448979592,0.5,1,0.333333333,0.285714286,0,1,1,0.951219512
0,0.095890411,0.265291266,0.6,0,0,0.397959184,0.5,1,0.666666667,0.428571429,0.2,1,1,0.951219512
0,0.246575342,0.043880889,0.533333333,0.028290283,0,0.448979592,0.75,0.733333333,0.333333333,0.214285714,0,1,1,0.951219512
0,0.589041096,0.109455624,0.533333333,0,0,0.397959184,0,0.733333333,0.333333333,0,0,1,1,0.951219512
0,0.095890411,0.189975746,0.533333333,0,0,0.397959184,0.5,0.733333333,0.333333333,0.428571429,0,1,1,0.951219512
0,0.616438356,0.068435135,0.8,0,0,0.346938776,0.5,0.6,0.333333333,0.857142857,0,1,1,0.951219512
1,0.301369863,0.112049468,0.533333333,0,0.433195592,0.397959184,0.25,0.733333333,0.333333333,0.785714286,0,1,1,0.951219512
1,0.657534247,0.093233612,0.8,0,0,0.397959184,0.5,0.6,0.333333333,0.285714286,0,1,1,0.951219512
0,0.602739726,0.140758331,0.2,0,0,0.295918367,0.75,0.333333333,0.333333333,1,0,1,1,0.951219512
0,0.095890411,0.19483599,0.533333333,0,0,0.397959184,0.5,0.733333333,0.666666667,0.428571429,0.2,1,1,0.951219512
0,0.534246575,0.055388789,0.533333333,0,0,0.5,0.5,0.733333333,0.333333333,0.071428571,0,1,1,0.951219512
1,0.506849315,0.106509981,0.8,0.03103031,0,0.397959184,0.5,0.6,0.333333333,0.857142857,0,1,1,0.951219512
0,0.657534247,0.141221082,0.533333333,0,0,0.193877551,0.25,0.733333333,0.333333333,1,0,1,1,0.951219512
1,0.438356164,0.016450682,0.533333333,0,0,0.397959184,0.75,0.733333333,0.333333333,0.214285714,0,1,1,0.048780488
0,0.520547945,0.071558708,0.533333333,0,0,0.510204082,0.5,0.733333333,1,0.214285714,0.8,1,1,0.951219512
0,0.04109589,0.138369477,0.6,0,0,0.397959184,0.5,1,0.666666667,0.857142857,0.6,1,0,0.951219512
0,0.465753425,0.03477402,0.533333333,0,0,0.5,0.5,0.733333333,0.333333333,0.857142857,0,0.25,1,0.024390244
0,0.123287671,0.119715313,0.6,0,0,0.030612245,0.75,1,0.666666667,0.714285714,0.2,1,0,0.634146341
0,0.246575342,0.159723026,0.6,0,0,0.397959184,0.875,1,0,0.071428571,0.8,0.5,0,0.951219512
1,0.369863014,0.459786958,0.866666667,0,0,0.602040816,0.875,0.8,0.333333333,0.714285714,0,0.5,1,0.951219512
0,0.205479452,0.112186129,0.8,0,0,0.357142857,0.5,0.6,0.666666667,0.214285714,0.2,1,1,0.951219512
1,0.712328767,0.10270987,0.533333333,0,0,0.397959184,0,0.733333333,0,0,0.2,1,0,0.951219512
1,0.575342466,0.120042081,0.8,0,0,0.397959184,0.5,0.6,0.333333333,0.428571429,0,1,1,0.536585366
1,0.410958904,0.073633648,0.133333333,0,0,0.551020408,0.75,0.266666667,0.333333333,0.857142857,0,1,1,0.536585366
0,0.02739726,0.068506848,0.4,0,0,0.56122449,0.5,0.066666667,0.666666667,0.214285714,0.2,1,1,0.951219512
0,0.643835616,0.105924776,0.6,0,0,0.244897959,0.125,1,1,0.285714286,0.2,1,0,0.951219512
1,0.465753425,0.044047317,0.333333333,0,0,0.602040816,0.625,0,0.333333333,0.357142857,0,1,1,0.951219512
0,0.095890411,0.026887624,0.066666667,0,0,0.040816327,0.5,0.2,0.333333333,0.571428571,0.6,0.25,0,0.975609756
0,0.082191781,0.177346823,0.4,0,0,0.397959184,0.5,0.066666667,0.833333333,0.571428571,0.8,1,0,0.951219512
0,0.095890411,0.056333235,0.533333333,0,0,0.397959184,0.5,0.733333333,0.666666667,0.428571429,0.2,1,1,0.951219512
0,0.397260274,0.199380968,0.133333333,0,0,0.397959184,0.5,0.266666667,0.333333333,0.428571429,0,1,1,0.951219512
1,0.465753425,0.058423736,0.533333333,0.140841408,0,0.397959184,0.625,0.733333333,0,0.285714286,0.2,1,1,0.951219512
0,0.150684932,0.122150848,0.666666667,0,0,0.448979592,0.75,0.533333333,0.333333333,0.214285714,0,1,1,0.951219512
0,0.301369863,0.041883751,0.533333333,0,0,0.397959184,0.5,0.733333333,0.666666667,0.357142857,0.8,1,1,0.951219512
0,0.150684932,0.015389195,0.8,0,0,0.5,0.75,0.6,0.666666667,0.285714286,0.2,1,1,0.951219512
0,0.150684932,0.133518705,0.533333333,0,0,0.316326531,0.5,0.733333333,0.666666667,0.571428571,0.2,1,1,0.951219512
1,0.438356164,0.075820217,0.8,0,0,0.602040816,0.5,0.6,0.333333333,0.857142857,0,1,1,0.951219512
0,0.01369863,0.052414731,0.466666667,0,0,0.193877551,0.5,0.133333333,0.666666667,0.571428571,0.6,1,0,0.951219512
0,0.410958904,0.252924164,0.533333333,0,0,0.346938776,0.5,0.733333333,0.333333333,1,0,1,1,0.951219512
0,0,0.123790774,0.4,0,0,0.346938776,0.25,0.066666667,0.666666667,0.214285714,0.6,1,1,0.951219512
0,0.383561644,0.117387348,0.6,0.033250333,0,0.602040816,0.875,1,0.666666667,0.928571429,0.2,1,0,0.951219512
0,0.136986301,0.222728949,0.6,0,0,0.397959184,0.5,1,0.666666667,0.071428571,0.8,1,0,0.951219512
0,0.561643836,0.142827182,0.733333333,0,0,0.346938776,0.5,0.466666667,0.333333333,0.642857143,0.4,1,0,0.756097561
0,0.082191781,0.019719034,0.8,0,0,0.142857143,0.125,0.6,0.666666667,0.714285714,0.2,1,0,0.951219512
1,0.150684932,0.196977231,0.8,0,0,0.5,0.5,0.6,0.833333333,0.285714286,0.2,1,0,0.951219512
0,0.232876712,0.03316589,0.533333333,0,0,0.448979592,0.5,0.733333333,0.333333333,0.285714286,0,1,1,0.951219512
0,0.054794521,0.106773154,0.6,0,0,0.397959184,0.5,1,0.666666667,0.571428571,0.6,1,1,0.951219512
0,0.739726027,0.017014914,0.8,0,0,0.020408163,0.5,0.6,0,0.071428571,0.2,1,0,0.951219512
0,0.534246575,0.142003159,0.533333333,0,0,0.448979592,0.75,0.733333333,0.333333333,0.285714286,0,0.5,1,0.951219512
0,0.273972603,0.077389107,0.6,0,0,0.571428571,0.5,1,0.333333333,0.285714286,0,1,1,0.951219512
1,0.547945205,0.023606418,0.8,0,0,0.346938776,0.75,0.6,0.333333333,0.714285714,1,1,0,0.951219512
0,0.369863014,0.060420197,0.866666667,0,0.43067034,0.418367347,0.25,0.8,0.666666667,0.714285714,0.2,1,1,0.951219512
0,0.342465753,0.170207325,0.533333333,0,0,0.071428571,0.25,0.733333333,0.333333333,0.071428571,0,1,1,0.951219512
0,0.328767123,0.143773658,0.6,0,0,0.397959184,0.5,1,0.333333333,0.214285714,0,1,1,0.951219512
0,0.04109589,0.13408226,0.6,0,0,0.142857143,0,1,0.666666667,0,0.6,1,0,0.951219512
0,0.082191781,0.164376249,0.6,0,0,0.193877551,0.25,1,0.666666667,0.571428571,0.6,1,1,0.951219512
0,0.191780822,0.196462386,0.466666667,0,0,0.551020408,0.5,0.133333333,0.333333333,0.714285714,0,1,1,0.951219512
0,0.01369863,0.121860613,0.466666667,0,0,0.244897959,0.5,0.133333333,0.666666667,0.571428571,0.6,1,0,0.951219512
0,0.273972603,0.15494126,0.533333333,0,0,0.397959184,0.75,0.733333333,0,0.214285714,0.2,1,1,0.951219512
1,0.246575342,0.050309347,0.866666667,0,0.453856749,0.448979592,0.5,0.8,0.333333333,0.714285714,0,1,1,0.951219512
0,0.01369863,0.315330675,0.4,0,0,0.244897959,0.5,0.066666667,0.666666667,0.857142857,0.6,1,0,0.951219512
1,0.164383562,0.221036252,0.666666667,0,0,0.397959184,0.125,0.533333333,0.333333333,0.214285714,0,1,1,0.951219512
1,0.547945205,0.110720073,0.6,0,0,0.5,0.5,1,0.333333333,0.285714286,0,1,1,0.951219512
0,0.465753425,0.078469537,0.6,0,0,0.397959184,0.5,1,0.333333333,0.285714286,0,1,1,0.951219512
0,0.506849315,0.069165796,0.6,0,0,0.397959184,0.75,1,0.333333333,0.857142857,0,1,1,0.951219512
0,0.068493151,0.146253844,0.533333333,0,0,0.397959184,0.5,0.733333333,0.333333333,1,0,0.5,1,0.951219512
0,0.520547945,0.190857951,0.666666667,0.068490685,0,0.397959184,0.875,0.533333333,1,0.714285714,0.8,1,0,0.951219512
0,0.246575342,0.115402388,0.8,0,0,0.397959184,0.125,0.6,0.833333333,0.928571429,0.8,1,1,0.951219512
0,0.465753425,0.115758923,0.533333333,0,0,0.397959184,0.5,0.733333333,0.333333333,1,0,1,1,0.951219512
1,0.123287671,0.190380992,0.8,0,0,0.581632653,0.5,0.6,0.333333333,0.214285714,0,1,1,0.951219512
0,0.068493151,0.169495608,0.6,0,0,0.397959184,0.125,1,0.666666667,0.071428571,0.2,1,0,0.951219512
0,0.123287671,0.115026909,0.6,0,0,0.397959184,0.5,1,0.333333333,0.714285714,0,1,1,0.951219512
0,0.356164384,0.188331084,0.733333333,0,0,0.295918367,0.5,0.466666667,0.333333333,0.714285714,0,1,1,0.951219512
0,0.342465753,0.099874502,0.533333333,0,0,0.234693878,0.5,0.733333333,0.333333333,0.571428571,1,1,0,0.951219512
0,0.698630137,0.015684165,0.866666667,0,0,0.234693878,0.75,0.8,0.333333333,0.714285714,0,1,1,0.951219512
0,0.123287671,0.094609689,0.466666667,0,0,0.397959184,0.5,0.133333333,0.666666667,0.571428571,0.8,0.5,1,0.951219512
1,0.493150685,0.024394584,0.533333333,0,0.436639118,0.397959184,0.5,0.733333333,0.333333333,1,0,1,1,0.951219512
0,0.287671233,0.127099718,0.733333333,0,0,0.397959184,0.25,0.466666667,0.666666667,0.714285714,0.2,1,1,0.951219512
0,0.02739726,0.13000071,0.533333333,0,0,0.193877551,0,0.733333333,0.666666667,0,0.4,0.5,1,0.951219512
0,0.260273973,0.104951239,0.533333333,0,0,0.397959184,0.5,0.733333333,0,0.214285714,0.8,1,1,0.951219512
0,0.109589041,0.096738075,0.733333333,0,0,0.397959184,0.5,0.466666667,0.666666667,0.285714286,0.2,1,0,0.951219512
0,0.424657534,0.150339453,0.533333333,0,0,0.5,0.5,0.733333333,0.333333333,0.285714286,0,1,1,0.951219512
0,0.410958904,0.047884637,0.8,0,0,0.602040816,0.75,0.6,0.333333333,0.357142857,0,1,1,0.951219512
1,0.232876712,0.16796731,0.8,0,0,0.5,0.5,0.6,0.333333333,0.285714286,0,1,1,0.951219512
0,0.219178082,0.067667265,0.666666667,0,0,0.091836735,0.5,0.533333333,0.666666667,0.571428571,0.8,1,0,0.951219512
0,0.301369863,0.060117785,0.533333333,0.046500465,0,0.397959184,0.5,0.733333333,0,0.714285714,0.2,1,0,0.951219512
0,0.219178082,0.084659177,0.533333333,0,0,0.448979592,0.625,0.733333333,0.333333333,0.857142857,0,0.25,1,0.853658537
0,0.328767123,0.116566032,0.6,0,0,0.591836735,0.5,1,0,0.571428571,0.8,1,1,0.951219512
0,0.356164384,0.02422139,0.533333333,0,0,0.602040816,0.75,0.733333333,0.666666667,0.357142857,0.2,1,1,0.951219512
1,0.328767123,0.293006295,0.733333333,0.150241502,0,0.602040816,0.625,0.466666667,0.333333333,0.214285714,0,1,1,0.951219512
0,0.232876712,0.033947291,0.6,0,0.362488522,0.397959184,0.25,1,0.333333333,1,0,1,1,0.951219512
0,0.082191781,0.163546138,0.6,0,0,0.448979592,0.5,1,0.666666667,0.285714286,0.6,1,1,0.951219512
0,0.136986301,0.409694104,0.6,0,0,0.397959184,0.5,1,0.666666667,0.428571429,0.6,0.5,1,0.951219512
0,0.328767123,0.163826901,0.666666667,0,0,0.602040816,0.5,0.533333333,0.666666667,0.714285714,0.2,1,0,0.951219512
0,0.671232877,0.154256604,0.6,0,0,0.602040816,0.75,1,0.333333333,1,0,0.5,1,0.951219512
0,0,0.073837286,0.4,0,0,0.153061224,0.5,0.066666667,0.666666667,0.071428571,0.6,1,0,0.951219512
0,0.054794521,0.070985681,0.6,0,0,0.448979592,0.5,1,0.666666667,0.857142857,0.6,1,1,0.951219512
0,0.410958904,0.115030292,0.866666667,0,0,0.5,0.25,0.8,0.333333333,0.714285714,0,1,1,0.951219512
0,0.561643836,0.061230689,0.533333333,0,0,0.397959184,0.5,0.733333333,0,0.571428571,0.6,1,0,0.951219512
0,0.150684932,0.123403795,0.533333333,0,0,0.397959184,0.5,0.733333333,0.333333333,0.214285714,0,1,1,0.951219512
0,0,0.118795899,0.266666667,0,0,0.5,0.5,0.4,0.666666667,0.571428571,0.2,1,1,0.951219512
0,0.082191781,0.172970303,0.6,0,0,0.397959184,0.5,1,0.666666667,0.857142857,0.2,1,0,0.951219512
0,0.01369863,0.011702066,0.4,0,0,0.5,0.625,0.066666667,0.666666667,0.357142857,0.6,1,1,0.951219512
1,0.136986301,0.202393589,0.533333333,0.051780518,0,0.397959184,0.5,0.733333333,0.333333333,0.071428571,1,1,0,0.951219512
0,0.136986301,0.152343356,0.8,0,0,0.295918367,0.5,0.6,0.666666667,0.571428571,0.2,1,0,0.951219512
0,0.191780822,0.068602917,0.533333333,0,0,0.397959184,0.125,0.733333333,0.666666667,0.5,0.8,1,0,0.951219512
0,0.232876712,0.052853804,0.6,0,0,0.397959184,0.5,1,0.666666667,0.571428571,0.6,1,1,0.951219512
0,0.150684932,0.270142716,0.6,0,0,0.397959184,0.5,1,0.666666667,0.785714286,0.6,1,1,0.390243902
0,0.123287671,0.004425907,0.6,0,0,0.397959184,0.5,1,0.666666667,1,0.2,1,1,0.951219512
0,0.602739726,0.029580919,0.6,0,0,0.397959184,0.5,1,0.333333333,0.857142857,0,1,1,0.951219512
1,0.095890411,0.151640434,0.6,0,0,0.397959184,0.5,1,0.333333333,0.071428571,0,1,1,0.951219512
0,0.547945205,0.210419352,0.2,0,0,0.397959184,0.25,0.333333333,0,0.571428571,0.2,1,1,0.951219512
0,0.054794521,0.152468516,0.6,0,0,0.346938776,0.5,1,0.666666667,0.571428571,0.6,1,1,0.951219512
0,0.164383562,0.212463171,0.6,0.018310183,0,0.397959184,0.5,1,0,0.285714286,0.6,1,0,0.951219512
0,0.02739726,0.121574438,0.333333333,0,0,0.397959184,0.5,0,0.666666667,0.857142857,0.8,1,0,0.951219512
0,0.164383562,0.123524895,0.6,0,0,0.346938776,0.5,1,0.666666667,0.857142857,0.2,1,1,0.951219512
0,0.273972603,0.108859595,0.666666667,0,0,0.397959184,0.125,0.533333333,0.833333333,0.071428571,0.2,0.5,1,0.951219512
0,0.383561644,0.215308011,0.533333333,0.033250333,0,0.397959184,0.5,0.733333333,0.666666667,0.071428571,0.2,1,1,0.951219512
0,0.01369863,0.140123739,0.133333333,0,0,0.479591837,0.5,0.266666667,0.666666667,0.357142857,0.2,1,1,0.634146341
0,0.630136986,0.111478471,0.533333333,0,0,0.397959184,0.5,0.733333333,0.333333333,1,0,1,1,0.951219512
0,0.01369863,0.078649496,0.533333333,0,0,0.193877551,0,0.733333333,0.666666667,0,0.6,1,0,0.951219512
0,0.438356164,0.198477114,0.2,0,0,0.397959184,0.5,0.333333333,0.333333333,0.5,0,1,1,0.951219512
0,0.219178082,0.189645596,0.6,0,0,0.295918367,0.5,1,0,0.571428571,0.2,0.5,0,0.146341463
0,0.520547945,0.175510701,0.6,0,0,0.448979592,0.5,1,0.666666667,0.071428571,0.2,1,1,0.951219512
0,0.246575342,0.143834546,0.8,0,0,0.397959184,0.5,0.6,0.333333333,0.857142857,0,1,1,0.951219512
0,0.438356164,0.05571488,0.533333333,0,0,0.397959184,0.5,0.733333333,0.833333333,0.071428571,0.8,1,0,0.951219512
1,0.356164384,0.111243712,0.8,0,0,0.704081633,0.5,0.6,0.333333333,1,0,1,1,0.951219512
0,0.794520548,0.202216336,0.8,0,0,0.234693878,0.5,0.6,0.333333333,0.285714286,0,1,1,0.951219512
0,0.575342466,0.083977228,0.2,0,0,0.479591837,0.75,0.333333333,0.333333333,0.357142857,0,1,1,0.951219512
1,0.397260274,0.158719721,0.933333333,0,0,1,0.75,0.933333333,0.666666667,0.714285714,0.2,1,1,0.951219512
0,0.054794521,0.011856317,0.533333333,0,0,0.5,0.5,0.733333333,0.666666667,0.571428571,0.2,1,0,0.951219512
0,0.123287671,0.169220933,0.533333333,0,0,0.397959184,0.5,0.733333333,0.666666667,0.428571429,0.6,1,0,0.536585366
0,0.383561644,0.12974092,0.8,0,0,0.397959184,0.5,0.6,0,0.071428571,0.8,1,0,0.268292683
0,0.356164384,0.028431482,0.8,0,0,0.5,0.75,0.6,0,0.714285714,0.8,1,1,0.951219512
0,0.191780822,0.079505992,0.266666667,0,0,0.397959184,0.5,0.4,0.666666667,0.357142857,0.2,1,1,0.804878049
1,0.534246575,0.05252433,0.533333333,0.03103031,0,0.448979592,0.5,0.733333333,0.333333333,1,0,1,1,0.951219512
0,0.095890411,0.072302223,0.8,0,0,0.397959184,0,0.6,0.666666667,0,0.6,1,1,0.951219512
0,0.01369863,0.130983719,0.4,0,0,0.142857143,0.5,0.066666667,0.666666667,0.857142857,0.6,1,1,0.951219512
0,0.232876712,0.225571082,0.533333333,0,0.323232323,0.37755102,0.5,0.733333333,0,0.214285714,0.2,1,1,0.951219512
0,0.438356164,0.086839657,0.8,0.050130501,0,0.448979592,0.625,0.6,0.333333333,0.857142857,0,1,1,0.951219512
1,0.328767123,0.154141593,0.8,0,0,0.5,0.5,0.6,0.333333333,0.285714286,0,1,1,0.951219512
0,0.410958904,0.09920676,0.533333333,0,0,0.397959184,0.5,0.733333333,0.333333333,0.928571429,1,1,0,0.951219512
0,0.342465753,0.082063304,0.6,0,0,0.397959184,0.75,1,0.333333333,0.214285714,0,1,1,0.195121951
0,0.575342466,0.122514148,0.866666667,0,0,0.091836735,0.5,0.8,0.333333333,0.714285714,1,1,0,0.951219512
0,0.315068493,0.206029301,0.2,0.040640406,0,0.397959184,0.5,0.333333333,0.333333333,0.857142857,0,1,1,0.951219512
1,0.438356164,0.048141721,0.8,0,0,0.857142857,0.625,0.6,0.333333333,0.857142857,0,1,1,0.951219512
1,0.575342466,0.125741231,0.933333333,0,0,0.346938776,0.75,0.933333333,0.333333333,0.714285714,0,1,1,0.951219512
0,0,0.072055963,0.4,0,0,0.234693878,0.5,0.066666667,0.666666667,0.857142857,0.4,1,0,0.951219512
0,0,0.15593374,0.4,0,0,0.193877551,0.5,0.066666667,0.666666667,0.571428571,0.6,1,0,0.951219512
0,0.178082192,0.010058757,0.533333333,0,0,0.5,0.5,0.733333333,0.666666667,0.428571429,0.2,1,1,0.951219512
1,0.410958904,0.197110509,0.533333333,0,0,0.489795918,0.5,0.733333333,0.333333333,0.285714286,0,1,1,0.951219512
0,0.575342466,0.059867466,0.666666667,0,0,0.397959184,0.25,0.533333333,0,0.071428571,0.2,1,0,0.951219512
0,0.068493151,0.126607876,0.6,0,0,0.163265306,0.5,1,0.666666667,0.857142857,0.2,1,0,0.951219512
1,0.369863014,0.180566465,0.6,0,0,0.397959184,0.5,1,0.333333333,0.571428571,0.6,1,0,0.951219512
1,0.315068493,0.125279156,0.8,0,0,0.397959184,0.5,0.6,0.333333333,0.928571429,0,1,1,0.951219512
1,0.465753425,0.067419653,0.8,0,0,0.5,0.5,0.6,0.333333333,0.714285714,0,1,1,0.951219512
0,0.273972603,0.108522679,0.6,0,0,0.5,0.5,1,0.333333333,0.428571429,0,0.5,1,0.951219512
0,0.02739726,0.158558028,0.6,0,0,0.397959184,0.5,1,0.666666667,0.857142857,0.6,1,0,0.951219512
0,0.205479452,0.01473566,0.333333333,0,0,0.397959184,0.5,0,0.333333333,0.428571429,0,0,1,0.951219512
1,0.342465753,0.121008176,0.533333333,0,0,0.397959184,0.5,0.733333333,0.333333333,0.857142857,1,1,0,0.951219512
0,0.452054795,0.194118861,0.533333333,0,0,0.397959184,0.5,0.733333333,0.333333333,0.071428571,0,0.5,1,0.951219512
0,0.315068493,0.255787946,0.533333333,0,0,0.397959184,0.5,0.733333333,0,0.214285714,0.6,1,1,0.951219512
1,0.534246575,0.087880172,0.666666667,0,0,0.448979592,0.5,0.533333333,0.333333333,0.214285714,0,1,1,0.951219512
0,0.342465753,0.102630715,0.533333333,0,0,0.265306122,0.5,0.733333333,0.833333333,1,0.2,1,1,0.951219512
1,0.219178082,0.085502143,0.533333333,0,0,0.5,0.5,0.733333333,0.333333333,0.071428571,0,1,1,0.951219512
0,0.068493151,0.13696228,0.333333333,0,0,0.397959184,0.5,0,0.333333333,0.5,1,1,0,0.951219512
0,0.493150685,0.08450425,0.8,0,0,0.5,0.5,0.6,0,0.285714286,0.8,0.25,1,0.951219512
0,0.109589041,0.191884258,0.6,0,0,0.193877551,0.875,1,0.666666667,0.214285714,0.2,1,1,0.951219512
1,0.397260274,0.140504629,0.8,0,0,0.397959184,0.125,0.6,0.333333333,0.285714286,0,1,1,0.951219512
0,0.287671233,0.226288888,0.533333333,0,0,0.397959184,0.875,0.733333333,0,0.071428571,0.8,1,0,0.951219512
0,0.164383562,0.131292897,0.333333333,0.050130501,0,0.397959184,0.5,0,0.333333333,0.214285714,0,1,1,0.951219512
1,0.602739726,0.049565156,0.6,0.150241502,0,0.173469388,0.5,1,0.333333333,0.928571429,0,1,1,0.951219512
0,0.506849315,0.117123499,0.6,0,0,0.397959184,0.5,1,0.333333333,0.357142857,0,1,1,0.951219512
1,0.452054795,0.109849369,0.8,0,0.433195592,0.397959184,0.5,0.6,0.333333333,0.214285714,0,1,1,0.951219512
0,0.643835616,0.13546172,0.8,0,0,0.397959184,0.5,0.6,0,0.071428571,0.2,1,0,0.951219512
0,0.369863014,0.094373577,0.6,0,0,0.397959184,0.5,1,1,0.285714286,0.2,0.5,0,0.951219512
1,0.479452055,0.233615788,0.6,0,0,0.479591837,0.5,1,0.333333333,0.857142857,0,1,1,0.951219512
0,0.219178082,0.221936047,0.8,0,0,0.448979592,0.5,0.6,0.833333333,0.285714286,0.2,0.5,0,0.951219512
0,0.232876712,0.225793663,0.466666667,0,0,0.346938776,0.5,0.133333333,0.5,0.428571429,0.8,1,1,0.634146341
0,0.123287671,0.222626792,0.8,0,0,0.142857143,0.5,0.6,0.666666667,0.571428571,0.4,1,1,0.951219512
0,0.287671233,0.096309151,0.666666667,0,0,0.397959184,0.5,0.533333333,0.333333333,0.214285714,0,1,1,0.951219512
1,0.315068493,0.140438329,0.533333333,1,0,0.755102041,0.5,0.733333333,0.333333333,0.357142857,0,1,1,0.951219512
0,0.123287671,0.03792736,0.866666667,0,0,0.091836735,0.875,0.8,0.666666667,0.714285714,0.2,1,1,0
0,0.178082192,0.137139532,0.533333333,0,0,0.397959184,0.5,0.733333333,0.333333333,0.214285714,0,1,1,0.951219512
0,0.246575342,0.183231345,0.6,0,0,0.448979592,0.5,1,0.333333333,0.928571429,0,1,1,0.951219512
0,0.232876712,0.115815075,0.533333333,0,0,0.397959184,0.5,0.733333333,0,1,0.6,1,0,0.951219512
0,0.068493151,0.161549,0.266666667,0,0,0.5,0.5,0.4,0.666666667,0.571428571,0.6,1,1,0.951219512
0,0.219178082,0.113301739,0.533333333,0,0,0.193877551,0.5,0.733333333,0.333333333,0.857142857,1,1,0,0.951219512
1,0.273972603,0.246374605,0.6,0,0,0.397959184,0.5,1,0.333333333,0.285714286,0,1,1,0.951219512
1,0.273972603,0.179324342,0.533333333,0,0,0.397959184,0.5,0.733333333,0.333333333,0.214285714,0,1,1,0.951219512
0,0.136986301,0.103265984,0.533333333,0,0,0.397959184,0.5,0.733333333,0.666666667,0.214285714,0.2,1,1,0.951219512
0,0.109589041,0.265653214,0.8,0,0,0.37755102,0.5,0.6,0.666666667,0.285714286,0.2,0.5,0,0.951219512
1,0.547945205,0.013807451,1,0,0,0.397959184,0.875,0.666666667,0.333333333,0.714285714,0,1,1,0.951219512
1,0.260273973,0.016006874,0.2,0.07298073,0,0.448979592,0.75,0.333333333,0.333333333,0.5,0,1,1,0.951219512
1,0.232876712,0.409732666,0.8,0,0.433195592,0.397959184,0.5,0.6,0.333333333,0.857142857,0,1,1,0.951219512
0,0.095890411,0.035338928,0.2,0,0,0.397959184,0.5,0.333333333,0.666666667,0.857142857,0.6,1,1,0.951219512
0,0.342465753,0.088043894,0.666666667,0,0,0.397959184,0.5,0.533333333,0.666666667,0.071428571,0.2,1,0,0.951219512
1,0.342465753,0.084364884,0.533333333,0,0,0.346938776,0.5,0.733333333,0.333333333,0.285714286,0,1,1,0.951219512
0,0.109589041,0.10977495,0.533333333,0,0,0.459183673,0.5,0.733333333,0.666666667,0.071428571,0.8,1,0,0.951219512
0,0.068493151,0.106150739,0.533333333,0,0,0.397959184,0.5,0.733333333,0.666666667,0.071428571,0.6,1,0,0.951219512
0,0.342465753,0.070594643,0.6,0,0,0.602040816,0,1,0.333333333,0,0,1,1,0.951219512
0,0.232876712,0.150758906,0.533333333,0,0,0.346938776,0.5,0.733333333,0.666666667,0.571428571,0.8,0.5,0,0.951219512
0,0.219178082,0.130263207,0.533333333,0,0,0.448979592,0.5,0.733333333,0,1,0.2,1,1,0.951219512
0,0.589041096,0.182918785,0.2,0,0,0.397959184,0.75,0.333333333,0.333333333,0.214285714,0,1,1,0.951219512
0,0.232876712,0.121471604,0.666666667,0,0,0.479591837,0.5,0.533333333,0.333333333,0.214285714,0,1,1,0.951219512
0,0.356164384,0.106074967,0.533333333,0,0,0.397959184,0.5,0.733333333,0.333333333,0.5,0,0.5,1,0.951219512
0,0.506849315,0.194192603,0.133333333,0,0,0.397959184,0.5,0.266666667,0.5,0.5,0.8,1,1,0.634146341
1,0.438356164,0.072955081,1,0.076880769,0,0.448979592,0.5,0.666666667,0.333333333,0.714285714,0,1,1,0.951219512
0,0.643835616,0.230311579,0.666666667,0,0,0.551020408,0.75,0.533333333,0.333333333,0.357142857,0,1,1,0.951219512
0,0.561643836,0.087880172,0.533333333,0,0,0.244897959,0.5,0.733333333,0.333333333,0.214285714,0,1,1,0.951219512
1,0.684931507,0.109362262,0.8,0,0,0.071428571,0.75,0.6,0.333333333,0.285714286,0,1,1,0.951219512
0,0.054794521,0.272324548,0.2,0,0,0.397959184,0.5,0.333333333,0.666666667,0.214285714,0.6,1,1,0.951219512
0,0.520547945,0.020061362,0.8,0,0,0.071428571,0.75,0.6,0.333333333,0.714285714,1,1,0,0.951219512
0,0.123287671,0.091571359,0.8,0,0,0.397959184,0.5,0.6,0.666666667,0.071428571,0.4,0.25,0,0.414634146
0,0.534246575,0.106894254,0.8,0,0,0.397959184,0.625,0.6,0.333333333,0.285714286,0,1,1,0.951219512
0,0.150684932,0.235598719,0.6,0,0,0.448979592,0.5,1,0.666666667,0.857142857,0.2,1,1,0.951219512
0,0.369863014,0.118419068,0.8,0,0,0.397959184,0.5,0.6,0,1,0.2,1,1,0.951219512
0,0.082191781,0.149185956,0.533333333,0.029770298,0,0.551020408,0.5,0.733333333,0.666666667,0.571428571,0.2,0.5,0,0.951219512
0,0.205479452,0.06019897,0.533333333,0,0,0.397959184,0.5,0.733333333,0.333333333,0.571428571,0,1,1,0
1,0.369863014,0.113165755,0.533333333,0,0.453856749,0.448979592,0.75,0.733333333,0.333333333,0.285714286,0,1,1,0.951219512
0,0.698630137,0.238638401,0.533333333,0,0,0.397959184,0.75,0.733333333,0.333333333,0.857142857,0,1,1,0.951219512
1,0.232876712,0.226559503,1,0,0,0.5,0.5,0.666666667,0.666666667,0.714285714,0.2,1,1,0.951219512
1,0.232876712,0.106417972,0.866666667,0,0,0.5,0.5,0.8,0.666666667,0.285714286,0.2,1,0,0.951219512
0,0.068493151,0.046586362,0.533333333,0,0,0.244897959,0.5,0.733333333,0.666666667,0.571428571,0.2,1,0,0.951219512
0,0.123287671,0.256450953,0.8,0,0,0.448979592,0.5,0.6,0.666666667,0.857142857,0.2,1,0,0.951219512
0,0.246575342,0.053337528,0.8,0,0,0.397959184,0.25,0.6,0.666666667,0.285714286,0.2,1,1,0.951219512
1,0.150684932,0.140556046,0.8,0,0,0.397959184,0.5,0.6,0.333333333,0.857142857,0,1,1,0.951219512
0,0.04109589,0.125475352,0.6,0,0,0.397959184,0.5,1,0.666666667,0.214285714,0.8,1,1,0.951219512
0,0.082191781,0.116721635,0.6,0,0,0.193877551,0.5,1,0.333333333,0.571428571,0,1,1,0.951219512
0,0.164383562,0.114457265,0.533333333,0,0,0.346938776,0.75,0.733333333,0.333333333,0.857142857,0,1,1,0.951219512
1,0.287671233,0.067121976,0.933333333,0,0,0.5,0.5,0.933333333,0.666666667,0.714285714,0.2,1,0,0.951219512
1,0.424657534,0.127314857,0.8,0,0,0.448979592,0.5,0.6,0.333333333,1,0,1,1,0.951219512
1,0.273972603,0.137484566,0.533333333,0.043860439,0,0.448979592,0.5,0.733333333,0.333333333,0.285714286,0,1,1,0.951219512
1,0.328767123,0.010161591,0.866666667,0,0,0.397959184,0.875,0.8,0.333333333,0.714285714,0,1,1,0.951219512
1,0.219178082,0.140571606,1,0,0,0.479591837,0.875,0.666666667,0.333333333,0.714285714,1,1,0,0.951219512
1,0.232876712,0.144885885,0.933333333,0,0,0.551020408,0.5,0.933333333,0.333333333,0.714285714,0,1,1,0.951219512
0,0.01369863,0.072093173,0.533333333,0,0,0.234693878,0,0.733333333,0.666666667,0,0.6,1,0,0.951219512
1,0.616438356,0.123980881,0.8,0,0,0.193877551,0.5,0.6,0.333333333,0.857142857,0,1,1,0.951219512
0,0.835616438,0.189250498,0.2,0,0,0.193877551,0,0.333333333,0.333333333,0,0,1,1,0.951219512
0,0.260273973,0.123962615,0.533333333,0,0,0.397959184,0.5,0.733333333,0,0.5,0.2,1,1,0.951219512
0,0.095890411,0.06703335,0.6,0,0,0.397959184,0.5,1,0.666666667,0.071428571,0.6,1,0,0.951219512
0,0.150684932,0.234598796,0.533333333,0,0.250688705,0.602040816,0.5,0.733333333,0.666666667,0.928571429,0.2,1,1,0.951219512
0,0.315068493,0.072530216,0.6,0,0,0.397959184,0.5,1,0.666666667,0.285714286,0.6,1,0,0.951219512
0,0.164383562,0.238615399,0.8,0,0.373737374,0.469387755,0.5,0.6,0.333333333,0.285714286,0,1,1,0.951219512
0,0.02739726,0.210246835,0.533333333,0,0,0.295918367,0.5,0.733333333,0.666666667,0.857142857,0.2,0.25,1,0.951219512
1,0.493150685,0.544250616,0.8,0,0,0.724489796,0.5,0.6,0.333333333,0.714285714,0,1,1,0.951219512
0,0.356164384,0.110720749,0.6,0,0,0.132653061,0.75,1,0.666666667,0.214285714,0.2,1,0,0.951219512
0,0.246575342,0.222456981,0.266666667,0,0,0.397959184,0.5,0.4,0.666666667,0.428571429,0.2,0.5,1,0.951219512
0,0.219178082,0.050688884,0.533333333,0,0,0.448979592,0.5,0.733333333,0,0.214285714,0.2,1,1,0.951219512
0,0.616438356,0.107888764,0.2,0,0,0.397959184,0.5,0.333333333,1,1,0.2,0.5,1,0.951219512
0,0.260273973,0.11709576,0.6,0,0,0.5,0.625,1,0.666666667,0.857142857,0.2,1,1,0.951219512
0,0.109589041,0.071407164,0.8,0,0,0.346938776,0.25,0.6,0.666666667,0.714285714,0.2,1,0,0.951219512
1,0.506849315,0.203195286,0.933333333,0,0.433195592,0.5,0.5,0.933333333,0.333333333,0.714285714,1,1,0,0.951219512
0,0.410958904,0.117889339,0.6,0,0,0.091836735,0.5,1,0.333333333,0.571428571,0,1,1,0.951219512
0,0.397260274,0.070263816,0.8,0,0,0.397959184,0.5,0.6,0.333333333,0.357142857,0,1,1,0.951219512
0,0.273972603,0.113788169,0.533333333,0,0,0.469387755,0.75,0.733333333,0.333333333,0.214285714,0,1,1,0.951219512
0,0.02739726,0.074082869,0.6,0,0,0.295918367,0.5,1,0.666666667,0.857142857,0.2,1,0,0.951219512
0,0.095890411,0.020580943,0.666666667,0,0,0.602040816,0.5,0.533333333,0.666666667,0.785714286,0.2,1,1,0.951219512
0,0.383561644,0.071574945,0.6,0.03103031,0,0.418367347,0.75,1,0.333333333,0.571428571,0,1,1,0.951219512
0,0.315068493,0.060420197,0.8,0,0,0.5,0.5,0.6,0.333333333,0.714285714,0,1,1,0.951219512
0,0.054794521,0.018196825,0.733333333,0,0,0.397959184,0.5,0.466666667,0.666666667,0.428571429,0.6,1,1,0.951219512
0,0.095890411,0.154150387,0.066666667,0,0,0.551020408,0.5,0.2,0.666666667,0.428571429,0.2,1,1,0.634146341
0,0.301369863,0.211043119,0.533333333,0,0,0.397959184,0.5,0.733333333,1,0.5,0.8,0.5,0,0.951219512
0,0.410958904,0.217010855,0.8,0,0,0.040816327,0.75,0.6,0,0.285714286,0.2,1,0,0.951219512
0,0.342465753,0.131100084,0.866666667,0,0,0.653061224,0.75,0.8,0.333333333,0.714285714,0,1,1,0.951219512
0,0.328767123,0.065215494,0.6,0,0,0.397959184,0.5,1,0.333333333,0.071428571,1,1,0,0.951219512
0,0.150684932,0.113470197,0.6,0,0,0.397959184,0.5,1,0.666666667,0.428571429,0.6,1,1,0.951219512
0,0.095890411,0.123510688,0.8,0,0,0.397959184,0.5,0.6,0.666666667,0.928571429,0.6,1,1,0.951219512
0,0.273972603,0.118071327,0.533333333,0,0,0.397959184,0.5,0.733333333,0.666666667,0.857142857,0.8,1,1,0.951219512
0,0.534246575,0.057456964,0.8,0,0,0.602040816,0.125,0.6,0.666666667,0.071428571,0.2,1,0,0.951219512
0,0.205479452,0.129481806,0.733333333,0,0.202020202,0.357142857,0.5,0.466666667,0,0.714285714,0.8,1,0,0.951219512
0,0.054794521,0.273069416,0.6,0,0,0.397959184,0,1,0.666666667,0,0.6,1,1,0.951219512
0,0.410958904,0.19750696,0.6,0,0,0.397959184,0.75,1,0.333333333,0.857142857,0,1,1,0.951219512
0,0.136986301,0.024099613,0.8,0,0,0.479591837,0.5,0.6,0.666666667,0.714285714,0.2,1,0,0.951219512
0,0.287671233,0.131698819,0.6,0,0,0.397959184,0.5,1,0.666666667,0.214285714,0.6,1,1,0.951219512
0,0.246575342,0.009954571,0.8,0,0,0.418367347,0.5,0.6,0.833333333,0.285714286,0.8,1,0,0.951219512
1,0.287671233,0.110985952,0.6,0,0,0.397959184,0.5,1,0.333333333,0.714285714,0,1,1,0.951219512
1,0.397260274,0.069081905,0.866666667,0,0,0.397959184,0.875,0.8,0.333333333,0.714285714,0,1,1,0.951219512
0,0.383561644,0.241295163,0.8,0,0,0.397959184,0.125,0.6,0.666666667,0.785714286,0.2,0.5,0,0.951219512
0,0.424657534,0.025899203,0.6,0,0,0.397959184,0.125,1,0.5,0.285714286,0.2,1,0,0.951219512
0,0.424657534,0.096997866,0.666666667,0,0,0.397959184,0.5,0.533333333,0.333333333,0.214285714,0,1,1,0.951219512
0,0.589041096,0.14916566,0.4,0,0,0.193877551,0.25,0.066666667,0.333333333,1,0,1,1,0.951219512
1,0.575342466,0.043687399,0.133333333,1,0,0.397959184,0.625,0.266666667,0.333333333,0.285714286,0,0.25,1,0.073170732
1,0.260273973,0.100706643,0.866666667,0,0,0.5,0.5,0.8,0.333333333,0.714285714,0,1,1,0.951219512
0,0.02739726,0.140304374,0.6,0,0,0.193877551,0.5,1,0.666666667,0.714285714,0.2,1,0,0.951219512
0,0.657534247,0.090770339,0.866666667,0,0.378328742,0.030612245,0.25,0.8,0.333333333,0.714285714,0,1,1,0.292682927
1,0.260273973,0.248449546,0.533333333,0.150241502,0,0.397959184,0.5,0.733333333,0.333333333,0.214285714,0,1,1,0.951219512
1,0.369863014,0.095288256,0.8,0.076880769,0,0.520408163,0.625,0.6,0.333333333,0.285714286,0,1,1,0.951219512
0,0.123287671,0.131190063,0.4,0,0,0.397959184,0.5,0.066666667,0.666666667,1,0.2,0.5,1,0.951219512
0,0.424657534,0.107440896,0.733333333,0,0,0.397959184,0.5,0.466666667,0,0.285714286,0.8,1,0,0.219512195
1,0.205479452,0.235708318,0.8,0,0,0.397959184,0.5,0.6,0.333333333,0.714285714,0,1,1,0.951219512
1,0.301369863,0.087586554,0.533333333,0,0.433195592,0.397959184,0.5,0.733333333,0.333333333,1,0,1,1,0.951219512
1,0.219178082,0.111430437,0.6,0,0,0.397959184,0.5,1,0.333333333,0.214285714,0,1,1,0.951219512
0,0.054794521,0.137943259,0.6,0,0,0.346938776,0.5,1,0.666666667,0.857142857,0.6,1,1,0.951219512
0,0.369863014,0.111747733,0.6,0,0,0.5,0,1,0,0,0.8,0,1,0.951219512
0,0.136986301,0.118466425,0.533333333,0,0,0.397959184,0.5,0.733333333,0.666666667,0.571428571,0.2,1,0,0.951219512
0,0.246575342,0.026995193,0.6,0,0,0.295918367,0.5,1,0.666666667,0.571428571,0.2,1,1,0.951219512
0,0.095890411,0.095593374,0.6,0,0,0.397959184,0.5,1,0.666666667,0.857142857,0.6,1,0,0.951219512
0,0.383561644,0.116218968,0.533333333,0,0,0.397959184,0.5,0.733333333,0.666666667,0.5,0.6,0.5,0,0.951219512
0,0.205479452,0.18105966,0.6,0,0,0.397959184,0.5,1,0.666666667,0.928571429,0.2,0.5,0,0.951219512
1,0.219178082,0.227524245,0.533333333,0,0,0.397959184,0.5,0.733333333,0.666666667,0.214285714,0.2,1,1,0.951219512
1,0.246575342,0.064952998,0.8,0,0,0.316326531,0.5,0.6,1,0.714285714,0.8,1,0,0.951219512
0,0.424657534,0.014816844,0.533333333,0,0,0.704081633,0.5,0.733333333,0.333333333,0.357142857,0,1,1,0.951219512
0,0.643835616,0.132991682,0.4,0,0,0.142857143,0.5,0.066666667,0.333333333,1,0,1,1,0.951219512
0,0.205479452,0.160423242,0.533333333,0,0,0.397959184,0.125,0.733333333,0.666666667,0.571428571,0.6,0.5,1,0.951219512
0,0.191780822,0.43238246,0.533333333,0,0.365932048,0.295918367,0.5,0.733333333,0.666666667,0.857142857,0.6,1,0,0.951219512
0,0.02739726,0.095211807,0.533333333,0,0,0.397959184,0.5,0.733333333,0.666666667,0.285714286,0.6,1,1,0.951219512
0,0.068493151,0.026850414,0.6,0,0,0.295918367,0,1,0.666666667,0,0.6,1,0,0.951219512
0,0.232876712,0.128491356,0.533333333,0,0,0.397959184,0.5,0.733333333,0.666666667,0.571428571,0.8,0.5,0,0.951219512
0,0.109589041,0.106091204,0.866666667,0,0,0.397959184,0.5,0.8,0.333333333,0.285714286,0,1,1,0.951219512
0,0.397260274,0.143369765,0.6,0,0,0.5,0.5,1,0.333333333,0.857142857,0,1,1,0.951219512
1,0.465753425,0.081895522,0.866666667,0.150241502,0,0.397959184,0.25,0.8,0.333333333,0.714285714,0,1,1,0.951219512
0,0.109589041,0.119220764,0.2,0,0,0.397959184,0.5,0.333333333,0.666666667,0.5,0.4,1,0,0.146341463
0,0.452054795,0.234389746,0.533333333,0,0,0.397959184,0.5,0.733333333,0,0.071428571,0.8,1,0,0.219512195
0,0.356164384,0.142309631,0.4,0,0,0.806122449,0.5,0.066666667,0,0.357142857,0.2,1,1,0.951219512
0,0.219178082,0.064246016,0.666666667,0,0,0.448979592,0.5,0.533333333,0.666666667,0.071428571,0.2,1,1,0.951219512
0,0.315068493,0.10705527,0.6,0,0,0.37755102,0.875,1,0.666666667,0.071428571,0.2,1,0,0.951219512
0,0.191780822,0.267856696,0.533333333,0,0,0.295918367,0.5,0.733333333,0.666666667,0.5,0.2,0.5,1,0.951219512
0,0.178082192,0.242131363,0.533333333,0,0,0.397959184,0.5,0.733333333,0.333333333,0.928571429,0,1,1,0.951219512
0,0.342465753,0.192608153,0.6,0,0,0.397959184,0.5,1,0,0.857142857,0.8,1,1,0.951219512
0,0.178082192,0.123546544,0.933333333,0,0,0.551020408,0.5,0.933333333,0,0.857142857,0.6,1,1,0.951219512
0,0.164383562,0.288302331,0.533333333,0,0,0.397959184,0.5,0.733333333,0.666666667,0.071428571,0.8,1,0,0.951219512
0,0.369863014,0.031011795,0.8,0,0,0.448979592,0.25,0.6,0,0.714285714,0.8,1,1,0.951219512
1,0.287671233,0.112868079,0.733333333,0.105201052,0,0.5,0.5,0.466666667,0.666666667,0.5,0.2,0.5,0,0.951219512
1,0.356164384,0.097902396,0.933333333,0,0.554407713,0.551020408,0.125,0.933333333,0.333333333,0.714285714,0,0.25,1,0
0,0.630136986,0.059409451,0.266666667,0,0,0.397959184,0.5,0.4,0.333333333,1,0,1,1,0.951219512
1,0.136986301,0.129403328,0.6,0,0,0.397959184,0.5,1,0.333333333,0.714285714,1,1,0,0.951219512
0,0.136986301,0.166391654,0.533333333,0,0,0.346938776,0,0.733333333,0.666666667,0,0.2,1,1,0
0,0.589041096,0.105123756,0.8,0,0,0.346938776,0.5,0.6,0.333333333,0.714285714,0,1,1,0.951219512
0,0.02739726,0.140904463,0.4,0,0,0.346938776,0.25,0.066666667,0.666666667,0.428571429,0.4,1,1,0.951219512
0,0.246575342,0.13736279,0.8,0,0,0.397959184,0.5,0.6,0.333333333,0.571428571,0,1,1,0.951219512
1,0.602739726,0.088425461,0.6,0.150241502,0,0.448979592,0.5,1,0.333333333,0.285714286,0,1,1,0.951219512
1,0.410958904,0.212437463,0.8,0,0,0.602040816,0.75,0.6,0.333333333,0.357142857,0,1,1,0.951219512
0,0.232876712,0.061775302,0.533333333,0,0,0.397959184,0.5,0.733333333,0.333333333,0.428571429,0,1,1,0.951219512
0,0.109589041,0.111858685,0.533333333,0,0,0.397959184,0.5,0.733333333,0.666666667,0.5,0.2,1,1,0.951219512
0,0.342465753,0.095288256,0.8,0,0,0.448979592,0.5,0.6,0,0.857142857,0.8,1,1,0
0,0.260273973,0.131838186,0.6,0,0,0.397959184,0.5,1,0,0.571428571,0.8,1,0,0.634146341
0,0.02739726,0.010712292,0.6,0,0,0.030612245,0.5,1,0.666666667,0.571428571,0.6,1,0,0.951219512
0,0.301369863,0.047530131,0.6,0,0,0.602040816,0.5,1,0.333333333,0.285714286,0,1,1,0.951219512
1,0.191780822,0.107365124,0.8,0,0,0.602040816,0.5,0.6,0.333333333,0.285714286,0,1,1,0.951219512
1,0.315068493,0.107187871,0.333333333,0,0,0.5,0.5,0,0.333333333,0.214285714,0,1,1,0.951219512
0,0.589041096,0.042038001,0.133333333,0,0,0.43877551,0.5,0.266666667,0.333333333,0.357142857,0,1,1,0.634146341
0,0.01369863,0.032944663,0.4,0,0,0.030612245,0.75,0.066666667,0.666666667,0.571428571,0.6,1,0,0.951219512
0,0.287671233,0.160069413,0.533333333,0,0,0.418367347,0.5,0.733333333,0.333333333,0.071428571,0,1,1,0.951219512
0,0.273972603,0.193597251,0.866666667,0,0,0.397959184,0.75,0.8,0.333333333,0.714285714,0,1,1,0.951219512
0,0.397260274,0.111222063,0.733333333,0,0,0.397959184,0.5,0.466666667,0.666666667,0.071428571,0.2,1,0,0.951219512
0,0.136986301,0.028804254,0.6,0,0,0.316326531,0.5,1,0.666666667,0.857142857,0.2,1,1,0.951219512
1,0.383561644,0.043110989,0.8,0,0,0.5,0.125,0.6,0.333333333,0.285714286,0,1,1,0.951219512
1,0.287671233,0.268527821,0.6,0,0,0.397959184,0.25,1,0.333333333,0.928571429,0,1,1,0.951219512
0,0.246575342,0.018038515,0.6,0,0,0.5,0.25,1,0.333333333,0.785714286,0,1,1,0.951219512
1,0.369863014,0.008589995,0.6,0,0,0.397959184,0.25,1,0.333333333,0.285714286,0,1,1,0.951219512
0,0.082191781,0.094617131,0.533333333,0,0,0.397959184,0.5,0.733333333,0.666666667,0.857142857,0.2,1,0,0.951219512
0,0.383561644,0.105723168,0.6,0,0,0.397959184,0.5,1,0,0.5,0.2,1,1,0.951219512
0,0.287671233,0.131407232,0.533333333,0,0,0.397959184,0.5,0.733333333,0.333333333,0.214285714,0,1,1,0.951219512
1,0.520547945,0.131384906,0.6,0,0,0.397959184,0.5,1,0.333333333,0.714285714,0,1,1,0.951219512
1,0.232876712,0.124636446,0.533333333,0,0.567493113,0.346938776,0.75,0.733333333,0,0.285714286,0.8,1,0,0.951219512
1,0.150684932,0.021975286,0.8,0,0,0.5,0.5,0.6,0.666666667,0.285714286,0.6,1,1,0.951219512
0,0.219178082,0.124897589,0.8,0,0,0.397959184,0.5,0.6,0.666666667,0.714285714,0.2,1,0,0.951219512
0,0.136986301,0.095743565,0.6,0,0,0.448979592,0.5,1,0.666666667,0.214285714,0.8,0.75,1,0.170731707
0,0.452054795,0.148303752,0.533333333,0,0,0.397959184,0.5,0.733333333,0.333333333,0.571428571,0,1,1,0.951219512
0,0.465753425,0.153486028,0.666666667,0,0,0.397959184,0.5,0.533333333,0,0.571428571,0.2,1,1,0.951219512
1,0.123287671,0.011638472,0.933333333,0,0,0.397959184,0.5,0.933333333,0.666666667,0.714285714,0.2,1,1,0.951219512
0,0.328767123,0.013762123,0.533333333,0,0,0.397959184,0.5,0.733333333,0,0.571428571,0.2,1,1,0.951219512
0,0.123287671,0.09482821,0.8,0,0,0.5,0.5,0.6,0.333333333,0.928571429,0,1,1,0.951219512
0,0.438356164,0.138317384,0.933333333,0,0,0.397959184,0.875,0.933333333,0,0.285714286,0.2,1,0,0.951219512
0,0.123287671,0.037190611,0.8,0,0,0.551020408,0.5,0.6,1,0.285714286,0.2,1,0,0.951219512
0,0.205479452,0.134127588,0.8,0,0,0.295918367,0.5,0.6,0,0.857142857,0.8,1,0,0.951219512
0,0.232876712,0.14095385,0.666666667,0,0,0.5,0.5,0.533333333,0.666666667,0.571428571,0.2,1,1,0
1,0.178082192,0.111892512,0.6,0,0,0.397959184,0.5,1,0.666666667,0.214285714,0.2,1,1,0.951219512
0,0.095890411,0.0322458,0.533333333,0,0,0.397959184,0.125,0.733333333,0.666666667,0.714285714,0.8,0.5,0,0.951219512
0,0.315068493,0.105395047,0.666666667,0.033250333,0,0.397959184,0.5,0.533333333,0,0.928571429,0.2,1,1,0.951219512
1,0.205479452,0.159118878,0.733333333,0,0,0.479591837,0.875,0.466666667,0.333333333,0.714285714,0,1,1,0.951219512
0,0.356164384,0.254759609,0.733333333,0,0,0.602040816,0.5,0.466666667,0.333333333,0.428571429,0,1,1,0.951219512
0,0.397260274,0.117577455,0.6,0,0,0.448979592,0.5,1,0.666666667,0.5,0.2,1,0,0.951219512
0,0.150684932,0.162463002,0.666666667,0,0,0.397959184,0.5,0.533333333,0.666666667,1,0.6,0.5,1,0.024390244
0,0.164383562,0.017125866,0.6,0,0,0.357142857,0.5,1,0,0.071428571,0.2,1,1,0.951219512
0,0.287671233,0.028436218,0.6,0,0,0.602040816,0.5,1,0.333333333,0.5,0,1,1,0.951219512
0,0.123287671,0.209929539,0.533333333,0,0,0.397959184,0.5,0.733333333,0.666666667,0.857142857,0.6,1,1,0.951219512
1,0.383561644,0.107272438,0.666666667,0,0,0.397959184,0.5,0.533333333,0.333333333,0.285714286,1,1,0,0.951219512
1,0.506849315,0.168152004,0.6,0,0,0.448979592,0.75,1,0.333333333,0.357142857,0,1,1,0.951219512
1,0.219178082,0.115194691,0.8,0,0,0.397959184,0.5,0.6,0.333333333,0.285714286,0,1,1,0.951219512
1,0.493150685,0.048134956,0.8,0,0,0.204081633,0.5,0.6,0.666666667,0.571428571,0.2,0.25,0,0.585365854
0,0.123287671,0.09421865,0.6,0.02597026,0,0.479591837,0.5,1,0.833333333,0.857142857,0.6,0,1,0.951219512
0,0.123287671,0.110448105,0.533333333,0,0,0.397959184,0.5,0.733333333,0.333333333,0.214285714,0,1,1,0.951219512
0,0.02739726,0.241789712,0.533333333,0,0,0.295918367,0,0.733333333,0.666666667,0,0.2,0.75,1,0.951219512
0,0.273972603,0.061061555,0.666666667,0,0,0.397959184,0,0.533333333,0.333333333,0,1,0,0,0.951219512
1,0.369863014,0.110535378,0.4,0.051780518,0,0.357142857,0.5,0.066666667,0.333333333,0.714285714,1,1,0,0.951219512
0,0.04109589,0.024021135,0.466666667,0,0,0.091836735,0.5,0.133333333,0,0.571428571,0.2,1,0,0.951219512
0,0.520547945,0.073495635,0.866666667,0,0,0.346938776,0.625,0.8,0,0.714285714,0.2,1,0,0.951219512
0,0.465753425,0.039754011,0.6,0,0,0.448979592,0.5,1,0,0.285714286,0.8,1,1,0.829268293
0,0.054794521,0.041044168,0.6,0,0,0.397959184,0,1,0.666666667,0,0.6,1,1,0.951219512
0,0.164383562,0.359371226,0.6,0,0,0.397959184,0.5,1,0.666666667,0.071428571,0.6,0.5,0,0.951219512
0,0.164383562,0.136659867,0.866666667,0,0,0.193877551,0.875,0.8,0.666666667,0.714285714,0.8,0.25,0,0.87804878
0,0.465753425,0.182975614,0.8,0,0,0.397959184,0.5,0.6,0.333333333,0.357142857,0,1,1,0.048780488
0,0.301369863,0.120908725,0.533333333,0,0,0.397959184,0.5,0.733333333,0.666666667,0.857142857,0.2,1,0,0.756097561
0,0.246575342,0.172864087,0.533333333,0,0,0.397959184,0.5,0.733333333,0,0.214285714,0.8,1,1,0.951219512
0,0.068493151,0.198347896,0.533333333,0,0,0.397959184,0.5,0.733333333,0.666666667,0.428571429,0.2,1,1,0.951219512
0,0.232876712,0.02563603,0.6,0,0,0.37755102,0.875,1,0.333333333,0.285714286,0,1,1,0.951219512
0,0.657534247,0.07271694,0.533333333,0,0,0.193877551,0.5,0.733333333,1,0.642857143,0.8,0.5,0,0.951219512
0,0,0.24289788,0.333333333,0,0,0.244897959,0,0,0.666666667,0,0.6,1,1,0.951219512
0,0.342465753,0.03065729,0.533333333,0,0,0.448979592,0.5,0.733333333,0,0.714285714,0.2,1,0,0.951219512
0,0.191780822,0.204375167,0.6,0,0,0.295918367,0.25,1,0.333333333,0.785714286,0,1,1,0.951219512
0,0.630136986,0.019535692,0.533333333,0,0,0.551020408,0.25,0.733333333,0.333333333,0.285714286,0,1,1,0.951219512
0,0.205479452,0.084498838,0.6,0,0,0.397959184,0.5,1,0.333333333,0.214285714,0,1,1,0.951219512
0,0.424657534,0.197891233,0.6,0,0,0.397959184,0.5,1,1,0.071428571,0.2,1,0,0.951219512
0,0.328767123,0.271345599,0.533333333,0,0,0.397959184,0.5,0.733333333,0.333333333,1,0,0.5,1,0.951219512
0,0.150684932,0.056784486,0.8,0,0,0.142857143,0.5,0.6,0.333333333,0.571428571,1,1,0,0.951219512
0,0.397260274,0.016057614,0.8,0,0,0.397959184,0.5,0.6,0.333333333,0.071428571,0,1,1,0.951219512
1,0.164383562,0.016963497,0.8,0.07298073,0,0.397959184,0.5,0.6,0.333333333,0.5,0,1,1,0.951219512
0,0.493150685,0.111136143,0.866666667,0,0,0.5,0.25,0.8,0,0.714285714,0.8,1,0,0.951219512
0,0.369863014,0.11507765,0.6,0,0,0.346938776,0.5,1,0.333333333,0.071428571,1,1,0,0.951219512
0,0.191780822,0.102366189,0.533333333,0,0,0.448979592,0.5,0.733333333,0.666666667,0.857142857,0.2,1,0,0.951219512
1,0.273972603,0.115275198,0.6,0,0,0.448979592,0.5,1,0.333333333,0.285714286,1,1,0,0.951219512
1,0.424657534,0.104422863,0.8,0.076880769,0,0.397959184,0.125,0.6,0.333333333,0.071428571,1,1,0,0.951219512
1,0.342465753,0.08848026,0.533333333,0,0,0.602040816,0.5,0.733333333,0.333333333,0.214285714,0,1,1,0.951219512
0,0.273972603,0.071101369,0.533333333,0,0,0.397959184,0.5,0.733333333,0.666666667,0.785714286,0.2,1,1,0.951219512
0,0.630136986,0.177759511,0.8,0,0.399449036,0.346938776,0.5,0.6,0.333333333,0.857142857,0,1,1,0.951219512
0,0.342465753,0.089783271,0,0,0,0.244897959,0.5,0.866666667,0.666666667,0.428571429,0.2,1,1,0.951219512
0,0.287671233,0.115204162,0.6,0,0,0.37755102,0.5,1,0.333333333,0.5,0,1,1,0.951219512
0,0.452054795,0.12442063,0.8,0,0,0.397959184,0.5,0.6,0.333333333,0.214285714,0,1,1,0
0,0.178082192,0.145552951,0.533333333,0,0,0.448979592,0.75,0.733333333,0.666666667,0.285714286,0.2,1,1,1
0,0.082191781,0.071261708,0.8,0,0,0.234693878,0.25,0.6,0.666666667,0.714285714,0.6,1,1,0.951219512
0,0.01369863,0.13580743,0.6,0,0,0.295918367,0.75,1,0.666666667,0.357142857,0.6,1,1,0.951219512
1,0.410958904,0.060903922,0.8,0,0,0.5,0.5,0.6,0.333333333,0.714285714,0,1,1,0.951219512
0,0.232876712,0.127075363,0.533333333,0,0,0.397959184,0.5,0.733333333,0.333333333,0.214285714,0,1,1,0.951219512
0,0.369863014,0.26685948,0.866666667,0,0,0.397959184,0.5,0.8,0.333333333,0.214285714,0,0.5,1,0.951219512
0,0.273972603,0.153353426,0.533333333,0,0,0.397959184,0.5,0.733333333,0.333333333,0.071428571,1,1,0,0.951219512
0,0.726027397,0.111981138,0.666666667,0,0,0.397959184,0.75,0.533333333,0.333333333,0.357142857,0,1,1,0.951219512
0,0.123287671,0.143521309,0.866666667,0,0,0.37755102,0.5,0.8,0.666666667,0.285714286,0.6,1,1,0.951219512
1,0.095890411,0.100673493,0.6,0.07298073,0,0.397959184,0.5,1,0.333333333,0.071428571,0,1,1,0.951219512
1,0.397260274,0.058420353,0.8,0.07298073,0,0.5,0.5,0.6,0.333333333,0.285714286,0,1,1,0.951219512
0,0.260273973,0.148004046,0.533333333,0,0,0.346938776,0.5,0.733333333,0.833333333,0.571428571,0.8,0.5,0,0.951219512
0,0.260273973,0.086230097,0.6,0,0,0.397959184,0.5,1,1,0.714285714,0.6,1,0,0.951219512
0,0.287671233,0.118379828,0.533333333,0,0,0.551020408,0.5,0.733333333,0.333333333,0.285714286,1,1,0,0.951219512
0,0.095890411,0.211187898,0.533333333,0,0,0.397959184,0.5,0.733333333,0.666666667,0.5,0.2,1,0,0.951219512
1,0.301369863,0.076628003,0.533333333,0,0,0.397959184,0.5,0.733333333,0.333333333,0.071428571,1,1,0,0.951219512
0,0.178082192,0.124557967,0.6,0,0,0.397959184,0.5,1,0.666666667,0.5,0.2,1,1,0.951219512
0,0.150684932,0.065542938,0.533333333,0,0,0.397959184,0.5,0.733333333,0.333333333,0.928571429,0,1,1,0.951219512
1,0.684931507,0.143898817,0.533333333,0.158311583,0,0.153061224,0.5,0.733333333,1,0.071428571,0.2,1,0,0.268292683
0,0.301369863,0.050243723,0.466666667,0,0,0.397959184,0,0.133333333,0.333333333,0,0,1,1,0.951219512
0,0.068493151,0.025607615,0.133333333,0,0,0.397959184,0.5,0.266666667,0.333333333,0.571428571,0,1,1,0.195121951
0,0.383561644,0.12029037,0.533333333,0,0,0.295918367,0.5,0.733333333,0.5,0.071428571,0.8,1,0,0.951219512
0,0.465753425,0.014736336,0.533333333,0,0,0.397959184,0.75,0.733333333,0.333333333,0.214285714,0,1,1,0.951219512
0,0.342465753,0.186020032,0.533333333,0,0,0.551020408,0.5,0.733333333,0.333333333,0.214285714,0,1,1,0.951219512
0,0.328767123,0.105395047,0.533333333,0,0,0.448979592,0.25,0.733333333,0,0.285714286,0.6,1,1,0.951219512
0,0.178082192,0.130036567,0.6,0.031370314,0,0.704081633,0.25,1,0.333333333,0.214285714,0,1,1,0.268292683
0,0.109589041,0.169603177,0.6,0,0,0.295918367,0.5,1,0.666666667,0.857142857,0.2,1,1,0.951219512
1,0.575342466,0.190571099,0.6,0,0,0.397959184,0.125,1,0.333333333,0.928571429,0,1,1,0.951219512
0,0.178082192,0.070142039,0.4,0,0,0.397959184,0.5,0.066666667,0.333333333,0.214285714,0,1,1,0.951219512
0,0.219178082,0.146410124,0.066666667,0,0.597566575,0.316326531,0.5,0.2,0.333333333,0.214285714,0.2,1,1,0.634146341
0,0.424657534,0.207051549,0.533333333,0,0,0.397959184,0.5,0.733333333,0.666666667,0.857142857,0.6,1,1,0.951219512
0,0.424657534,0.132396329,0.6,0,0,0.397959184,0.5,1,0.666666667,0.571428571,0.8,0.5,0,0.951219512
0,0.260273973,0.173139438,0.8,0,0,0.520408163,0.25,0.6,0,0.714285714,0.8,1,0,0.951219512
0,0.136986301,0.094678696,0.6,0,0,0.448979592,0.5,1,0.333333333,0.5,0,1,1,0.951219512
0,0.109589041,0.093258644,0.533333333,0,0,0.397959184,0.5,0.733333333,0.666666667,0.071428571,0.2,1,0,0.951219512
1,0.246575342,0.069331547,0.866666667,0,0,0.37755102,0.5,0.8,0.666666667,0.714285714,0.2,1,0,0.951219512
0,0,0.132162924,0.4,0,0,0.091836735,0.5,0.066666667,0.666666667,0.428571429,0.6,1,1,0.951219512
0,0.273972603,0.072867808,0.133333333,0,0.597566575,0.602040816,0.5,0.266666667,0.333333333,0.214285714,0,1,1,0.951219512
0,0.109589041,0.164033922,0.666666667,0,0,0.397959184,0.5,0.533333333,0.666666667,0.071428571,0.2,1,0,0.951219512
1,0.164383562,0.161477287,0.666666667,0,0.433195592,0.479591837,0.5,0.533333333,0.333333333,0.5,0,1,1,0.951219512
1,0.534246575,0.11790084,0.6,0,0,0.5,0.5,1,0.333333333,0.214285714,0,1,1,0.951219512
0,0.205479452,0.020712191,0.8,0,0,0.5,0.5,0.6,0.666666667,0.285714286,0.2,1,1,0.951219512
0,0.287671233,0.067039439,0.6,0,0,0.551020408,0.5,1,0.333333333,0.285714286,0,1,1,0.951219512
0,0.575342466,0.058226187,0.533333333,0,0,0.397959184,0.5,0.733333333,0,0.571428571,0.2,0.25,1,0.073170732
1,0.328767123,0.08114186,0.933333333,0,0.554407713,0.397959184,0.5,0.933333333,0.333333333,0.714285714,0,1,1,0.951219512
1,0.356164384,0.11742997,0.8,0,0,0.397959184,0.5,0.6,0.333333333,0.714285714,0,1,1,0.951219512
0,0.219178082,0.186716189,0.466666667,0.014710147,0,0.397959184,0.5,0.133333333,0.833333333,0.071428571,0.8,1,0,0.951219512
0,0.369863014,0.173544684,0.533333333,0,0,0.295918367,0,0.733333333,0.333333333,0,0,0.5,1,0.951219512
0,0.739726027,0.183750249,0.533333333,0,0.416896235,0.397959184,0,0.733333333,0.5,0,0.2,0.5,1,0.951219512
0,0.178082192,0.02863309,0.8,0,0,0.397959184,0.5,0.6,0.333333333,0.071428571,0,1,1,0.951219512
0,0.534246575,0.109547633,0.133333333,0,0,0.397959184,0.5,0.266666667,0.333333333,0.5,0,0.5,1,0.951219512
1,0.260273973,0.177965179,0.8,0,0,0.397959184,0.5,0.6,0.333333333,0.285714286,1,1,0,0.951219512
0,0.123287671,0.099078218,0.866666667,0,0,0.397959184,0.875,0.8,0.666666667,0.714285714,0.2,1,0,0.951219512
0,0.424657534,0.238973963,0.533333333,0,0,0.346938776,0.5,0.733333333,0,0.571428571,0.2,1,0,0.951219512
1,0.397260274,0.076859378,0.866666667,0.150241502,0,0.397959184,0.125,0.8,0.333333333,0.285714286,0.4,1,1,0.951219512
0,0.164383562,0.088827324,0.533333333,0,0,0.346938776,0.5,0.733333333,0.333333333,0.071428571,1,0.25,0,0.975609756
0,0.054794521,0.180030647,0.6,0,0,0.153061224,0,1,0.666666667,0,0.6,1,1,0.951219512
0,0.054794521,0.124340122,0.266666667,0,0,0.397959184,0.5,0.4,0.666666667,0.571428571,0.4,1,1,0.951219512
0,0.328767123,0.151960436,0.533333333,0,0,0.397959184,0.5,0.733333333,0,0.214285714,0.2,1,1,0.951219512
0,0.136986301,0.135535462,0.866666667,0,0,0.397959184,0.5,0.8,0.666666667,0.285714286,0.6,1,0,0.951219512
0,0.082191781,0.013833159,0.6,0,0,0.244897959,0.5,1,0.333333333,0.857142857,0,1,1,0.951219512
1,1,0.05079916,0.933333333,0.200512005,0,0.724489796,0.5,0.933333333,0.333333333,0.714285714,0,1,1,0.951219512
1,0.342465753,0.085102986,0.866666667,0,0,0.37755102,0.25,0.8,0.333333333,0.714285714,1,1,0,0.951219512
0,0.164383562,0.170406903,0.666666667,0,0,0.448979592,0.5,0.533333333,0,0.571428571,0.8,1,0,0.097560976
0,0.136986301,0.095597433,0.266666667,0,0,0.397959184,0.5,0.4,0.833333333,0.214285714,0.2,1,1,0.951219512
0,0.095890411,0.072672965,0.533333333,0,0,0.397959184,0.5,0.733333333,0.333333333,0.071428571,1,1,0,0.951219512
0,0.054794521,0.274256739,0.533333333,0,0,0.357142857,0.5,0.733333333,0.666666667,0.428571429,0.6,1,1,0.951219512
0,0.301369863,0.205180246,0.533333333,0,0,0.397959184,0.5,0.733333333,0.333333333,1,0,0.5,1,0.12195122
0,0.04109589,0.070985681,0.6,0,0,0.397959184,0,1,0.666666667,0,0.6,1,1,0.951219512
0,0.082191781,0.344012475,0.466666667,0,0,0.295918367,0.5,0.133333333,0.666666667,0.642857143,0.6,1,1,0.951219512
0,0.04109589,0.187482029,0.6,0,0.367768595,0.142857143,0.5,1,0.666666667,0.857142857,0.6,1,1,0.951219512
1,0.602739726,0.069506094,0.6,0,0,0.397959184,0.5,1,0.333333333,0.071428571,0,1,1,0.951219512
0,0.068493151,0.156656958,0.266666667,0,0,0.397959184,0.5,0.4,0.666666667,0.214285714,0.6,1,1,0.951219512
0,0.04109589,0.109889285,0.533333333,0,0,0.397959184,0.5,0.733333333,0.666666667,0.428571429,0.6,1,1,0.951219512
0,0.452054795,0.056678269,0.533333333,0,0,0.397959184,0.25,0.733333333,0.333333333,0.785714286,0,1,1,0.951219512
0,0.547945205,0.513864618,0.733333333,0,0,0.397959184,0.75,0.466666667,0,0.714285714,0.8,1,1,0.951219512
1,0.671232877,0.115663531,0.8,0,0,0.193877551,0.75,0.6,0.333333333,0.714285714,0,1,1,0.951219512
1,0.547945205,0.152397479,0.866666667,0,0,0.602040816,0.25,0.8,0.333333333,0.285714286,0,1,1,0.951219512
0,0.465753425,0.161109251,0.6,0,0,0.397959184,0.5,1,0.5,1,0.8,1,1,0.951219512
0,0.150684932,0.029141846,0.6,0,0,0.5,0.5,1,0.666666667,0.857142857,0.2,0.5,1,0.951219512
0,0.260273973,0.084659177,0.466666667,0,0,0.448979592,0.5,0.133333333,0.666666667,1,0.2,0.25,1,0
1,0.356164384,0.393683171,0.533333333,0,0,0.397959184,0.125,0.733333333,0.333333333,0.214285714,0,0.5,1,0.951219512
0,0.136986301,0.053427507,0.533333333,0,0,0.397959184,0.5,0.733333333,0.333333333,0.571428571,0,1,1,0.195121951
0,0.136986301,0.011662151,0.333333333,0,0,0.397959184,0.5,0,0.333333333,0.428571429,0,1,1,0.951219512
1,0.616438356,0.056838609,0.8,0,0,0.397959184,0.75,0.6,0.333333333,0.857142857,0,1,1,0.951219512
0,0.095890411,0.027045934,0.533333333,0,0,0.397959184,0.5,0.733333333,0.666666667,0.5,0.2,1,1,0.951219512
0,0.191780822,0.180598939,0.666666667,0,0,0.397959184,0.25,0.533333333,0,1,0.2,1,1,0.951219512
0,0.506849315,0.111892512,0.533333333,0,0,0.418367347,0.5,0.733333333,0,0.071428571,0.8,1,0,0.951219512
0,0.054794521,0.128938547,0.533333333,0,0,0.43877551,0.5,0.733333333,0.666666667,0.857142857,0.6,1,1,0.951219512
1,0.630136986,0.111230182,0.533333333,0,0,0.397959184,0.5,0.733333333,0.333333333,0.214285714,0,1,1,0.951219512
1,0.164383562,0.076344533,0.533333333,0,0,0.397959184,0.5,0.733333333,0.333333333,0.5,1,1,0,0.951219512
0,0.301369863,0.089691939,0.8,0,0,0.397959184,0.875,0.6,0.333333333,0.285714286,0,1,1,0.951219512
0,0.04109589,0.198334365,0.533333333,0,0,0.295918367,0.5,0.733333333,0.666666667,0.571428571,0.6,1,1,0.951219512
0,0.01369863,0.126058527,0.4,0,0,0.071428571,0.5,0.066666667,0.666666667,0.857142857,0.6,0.5,0,0.951219512
1,0.479452055,0.085387132,0.8,0,0,0.448979592,0.5,0.6,0.333333333,0.857142857,0,1,1,0.951219512
0,0.753424658,0.152183017,0.666666667,0,0,0.295918367,0,0.533333333,1,0,0.2,1,0,0.951219512
0,0.02739726,0.053441715,0.6,0,0,0.244897959,0,1,0.666666667,0,0.6,1,1,0.951219512
1,0.356164384,0.141051948,0.866666667,0,0,0.346938776,0.5,0.8,0.333333333,0.285714286,0,1,1,0.951219512
0,0.547945205,0.051818702,0.6,0,0,0.397959184,0.5,1,0.333333333,0.857142857,0,1,1,0.951219512
0,0.150684932,0.076363476,0.6,0,0,0.397959184,0.25,1,0.666666667,0.071428571,0.4,0.5,1,0.341463415
0,0.054794521,0.092160623,0.6,0,0,0.295918367,0,1,0.666666667,0,0.2,1,0,0.951219512
0,0.342465753,0.082689101,0.6,0,0,0.397959184,0.5,1,0.666666667,1,0.8,0.5,0,0.951219512
0,0.342465753,0.142939487,0.933333333,0,0,0.142857143,0.625,0.933333333,0.666666667,0.285714286,0.2,1,1,0.951219512
0,0.671232877,0.11360821,0.8,0,0,0.295918367,0.5,0.6,0.333333333,0.214285714,0,0.25,1,0.731707317
0,0.410958904,0.08998285,0.533333333,0,0,0.448979592,0.5,0.733333333,0.333333333,0.5,0,1,1,0.951219512
0,0.205479452,0.088842208,0.333333333,0,0,0.367346939,0.5,0,0.5,0.571428571,0.2,0.5,0,0.951219512
0,0.136986301,0.119514381,0.6,0.039080391,0,0.397959184,0.5,1,0.333333333,0.928571429,0,1,1,0.951219512
1,0.178082192,0.111430437,0.533333333,0,0,0.5,0.25,0.733333333,0.333333333,1,0,1,1,0.951219512
0,0.150684932,0.24605325,0.6,0,0,0.397959184,0.5,1,0.666666667,0.071428571,0.8,0.5,0,0.951219512
0,0.095890411,0.129650941,0.8,0,0,0.448979592,0.25,0.6,0.333333333,0.785714286,0,1,1,0.951219512
0,0.671232877,0.082266265,0.533333333,0,0,0.397959184,0.5,0.733333333,1,0.214285714,0.2,1,1,0.951219512
1,0.164383562,0.229742611,0.8,0,0,0.5,0.5,0.6,0.666666667,0.857142857,0.2,1,1,0.951219512
0,0.273972603,0.039208722,0.533333333,0,0,0.397959184,0.5,0.733333333,0.666666667,0.571428571,0.6,0.25,0,0.731707317
0,0.465753425,0.074300038,0.8,0,0,0.5,0.5,0.6,0,0.285714286,0.8,1,0,0.951219512
0,0.054794521,0.100753324,0.533333333,0,0,0.5,0.5,0.733333333,0.333333333,0.5,0,1,1,0.951219512
1,0.534246575,0.23855654,1,0.076880769,0,0.653061224,0.5,0.666666667,0.333333333,0.714285714,0,1,1,0.951219512
1,0.246575342,0.262033739,0.533333333,0,0,0.5,0.5,0.733333333,0.333333333,0.714285714,0,1,1,0.951219512
0,0.260273973,0.047667468,0.733333333,0,0,0.551020408,0.5,0.466666667,0.666666667,1,0.2,1,1,0.487804878
0,0.410958904,0.069732734,0.533333333,0,0,0.397959184,0.5,0.733333333,0,0.285714286,0.8,0.5,0,0.951219512
0,0.02739726,0.162684906,0.533333333,0,0,0.346938776,0,0.733333333,0.666666667,0,0.6,0.5,1,0.951219512
0,0.01369863,0.056580171,0.533333333,0,0,0.244897959,0.5,0.733333333,0.666666667,0.571428571,0.6,1,1,0.048780488
0,0.095890411,0.125340045,0.533333333,0,0,0.397959184,0.25,0.733333333,0.666666667,0.928571429,0.2,1,0,0.951219512
0,0.01369863,0.020963863,0.6,0,0,0.193877551,0.5,1,0.666666667,0.571428571,0.6,1,1,0.951219512
0,0.205479452,0.126252693,0.333333333,0,0,0.397959184,0.5,0,0.333333333,0.214285714,0,1,1,0.951219512
0,0.602739726,0.060824767,0.866666667,0,0,1,0.625,0.8,1,0.285714286,0.8,1,0,0.951219512
0,0.821917808,0.095275401,0.933333333,0.014550146,0,0.244897959,0,0.933333333,0.333333333,0,0,1,1,0.951219512
0,0.191780822,0.084634822,0.6,0,0,0.5,0.5,1,0.666666667,0.928571429,0.2,0.5,0,0.951219512
0,0.369863014,0.288482966,0.8,0,0,0.448979592,0.5,0.6,0.666666667,0.857142857,0.2,1,1,0.951219512
0,0.123287671,0.160139773,0.533333333,0,0,0.397959184,0.5,0.733333333,0.333333333,0.214285714,0,1,1,0.634146341
0,0.123287671,0.12557345,0.533333333,0,0,0.193877551,0.25,0.733333333,0.666666667,0.071428571,0.6,0.5,0,0.219512195
1,0.520547945,0.058233629,0.8,0.150241502,0,0.551020408,0.5,0.6,0.333333333,0.285714286,0,1,1,0.951219512
1,0.246575342,0.085349245,0.8,0,0,0.397959184,0.5,0.6,0.333333333,0.285714286,0,1,1,0.951219512
0,0.452054795,0.068256529,0.533333333,0,0,0.397959184,0.5,0.733333333,0,0.071428571,0.2,1,0,0.951219512
1,0.232876712,0.095614347,0.533333333,0,0,0.448979592,0.5,0.733333333,0.333333333,0.857142857,0,1,1,0.951219512
0,0.04109589,0.085301888,0.6,0,0,0.316326531,0.875,1,0.666666667,0.357142857,0.6,1,1,0.951219512
0,0.465753425,0.013589606,0.8,0,0.383838384,0.704081633,0.75,0.6,0.333333333,0.285714286,0,1,1,0.951219512
0,0.109589041,0.259267378,0.466666667,0,0,0.397959184,0.5,0.133333333,0.333333333,0.5,0.4,0.75,1,0.634146341
1,0.109589041,0.111252507,0.533333333,0,0,0.397959184,0.5,0.733333333,0.333333333,0.214285714,0,1,1,0.951219512
1,0.369863014,0.030015256,0.6,0.076880769,0,0.448979592,0.625,1,0.333333333,0.285714286,0,1,1,0.951219512
1,0.205479452,0.253377444,0.133333333,0,0,0.448979592,0.5,0.266666667,0.333333333,0.214285714,0,0.75,1,0.634146341
0,0.739726027,0.090710127,0.6,0,0,0.234693878,0.625,1,1,0.285714286,0.2,1,0,0.951219512
0,0.191780822,0.014098362,0.8,0,0,0.5,0.25,0.6,0.666666667,0.714285714,0.2,1,0,0.951219512
0,0.465753425,0.110749164,0.533333333,0,0,0.397959184,0,0.733333333,0.333333333,0,0,1,1,0.951219512
0,0.123287671,0.255440882,0.533333333,0,0,0.397959184,0.5,0.733333333,0.666666667,1,0.2,1,1,0.951219512
0,0.794520548,0.14847018,1,0.049310493,0,0.020408163,0.75,0.666666667,0.333333333,0.714285714,0,1,1,0.951219512
0,0.232876712,0.124119571,0.733333333,0,0,0.37755102,0.5,0.466666667,0.666666667,0.071428571,0.6,0.5,0,0.951219512
0,0.452054795,0.042748365,0.533333333,0.043860439,0,0.397959184,0.5,0.733333333,0.333333333,0.214285714,0,1,1,0
1,0.356164384,0.067583375,0.666666667,0,0.436639118,0.316326531,0.5,0.533333333,0.333333333,0.928571429,1,1,0,0.951219512
0,0.109589041,0.029328571,0.533333333,0,0,0.397959184,0.125,0.733333333,0.666666667,0.428571429,0.2,0,1,0.951219512
0,0.520547945,0.050942586,0.533333333,0,0,0.091836735,0.625,0.733333333,0.333333333,0.071428571,1,1,0,0.951219512
0,0.136986301,0.141037064,0.533333333,0,0,0.704081633,0.5,0.733333333,0.666666667,0.071428571,0.2,1,0,0.951219512
0,0.369863014,0.098320496,0.533333333,0,0,0.37755102,0.5,0.733333333,0,0.857142857,0.6,1,1,0.951219512
0,0.452054795,0.012446258,0.2,0,0,0.5,0.5,0.333333333,0.666666667,0.5,0.2,1,1,0.951219512
0,0.082191781,0.065722221,0.533333333,0,0,0.397959184,0.5,0.733333333,0.666666667,0.571428571,0.2,1,0,0.951219512
1,0.369863014,0.056853492,0.6,0,0,0.397959184,0.5,1,0.333333333,0.714285714,0,1,1,0.951219512
0,0.328767123,0.103868779,0.6,0,0,0.602040816,0.5,1,0.333333333,0.285714286,0,1,1,0.951219512
0,0.109589041,0.092017874,0.8,0,0,0.397959184,0.5,0.6,0.333333333,0.071428571,1,1,0,0.951219512
1,0.520547945,0.166317235,0.933333333,0,0.436639118,0.397959184,0.25,0.933333333,0.333333333,0.714285714,0,1,1,0.951219512
0,0.671232877,0.11709779,0.333333333,0,0,0.295918367,0.625,0,0.333333333,0.857142857,0,1,1,0.951219512
0,0.369863014,0.119101694,0.6,0,0,0.37755102,0.5,1,0.833333333,0.928571429,0.2,1,0,0.951219512
0,0.547945205,0.125216238,0.533333333,0,0,0.397959184,0.5,0.733333333,0.333333333,0.785714286,0,1,1,0.951219512
0,0.397260274,0.119370956,0.733333333,0,0,0.5,0.5,0.466666667,0.666666667,0.214285714,0.2,0.5,0,0.951219512
0,0.356164384,0.219440301,0.533333333,0,0,0.5,0.5,0.733333333,0.666666667,0.285714286,0.2,1,0,0.951219512
1,0.383561644,0.126156625,0.533333333,0,0.424242424,0.397959184,0.25,0.733333333,0.333333333,0.285714286,0,1,1,0.951219512
0,0.04109589,0.14658873,0.6,0,0,0.397959184,0.5,1,0.666666667,0.571428571,0.6,1,0,0.951219512
0,0.698630137,0.154851957,0.2,0,0,0.153061224,0.75,0.333333333,0.333333333,0.285714286,0,1,1,0.951219512
0,0.575342466,0.055049844,0.6,0,0,0.397959184,0,1,0.333333333,0,0,1,1,0.951219512
0,0.095890411,0.209151521,0.8,0,0,0.397959184,0.5,0.6,0.666666667,0.071428571,0.2,1,1,0.951219512
0,0.191780822,0.132948384,0.533333333,0,0,0.397959184,0.5,0.733333333,0.333333333,0.214285714,0,1,1,0.951219512
0,0.04109589,0.015168644,0.6,0,0,0.469387755,0.5,1,0.666666667,0.285714286,0.2,0.5,1,0.951219512
0,0.150684932,0.099080247,0.466666667,0,0,0.397959184,0.5,0.133333333,0.333333333,0.5,0.4,0.75,1,0.170731707
0,0.369863014,0.163021822,0.866666667,0,0,0.540816327,0.75,0.8,0.333333333,0.714285714,0,1,1,0.951219512
1,0.410958904,0.075363554,0.866666667,0.076880769,0,0.602040816,0.25,0.8,0.333333333,0.714285714,0,1,1,0.951219512
0,0.397260274,0.066645017,0.6,0,0,0.397959184,0.5,1,0.666666667,0.071428571,0.2,1,0,0.951219512
0,0.273972603,0.157307111,0.533333333,0,0,0.397959184,0.5,0.733333333,0.333333333,0.071428571,0,1,1,0.097560976
0,0.164383562,0.13551246,0.533333333,0,0,0.397959184,0.5,0.733333333,0.333333333,0.214285714,0,1,1,0.951219512
1,0.369863014,0.097181207,0.866666667,0.076880769,0,0.551020408,0.5,0.8,0.333333333,0.714285714,0,1,1,0.951219512
0,0.150684932,0.095786864,0.4,0,0,0.397959184,0.5,0.066666667,0.333333333,0.214285714,0,1,1,0.951219512
0,0.287671233,0.193886132,0.533333333,0,0,0.397959184,0.5,0.733333333,0.333333333,1,0,0.25,1,0.073170732
1,0.178082192,0.139606864,0.6,0,0,0.397959184,0.875,1,0.333333333,0.714285714,1,0.5,0,0.951219512
0,0.191780822,0.245277262,0.066666667,0,0,0.397959184,0.5,0.2,0.333333333,0.428571429,0,1,1,0.634146341
0,0.356164384,0.09390609,0.533333333,0,0,0.5,0.625,0.733333333,0.333333333,0.857142857,0,1,1,0.951219512
1,0.273972603,0.266584806,0.8,0,0,0.5,0.5,0.6,0.333333333,0.071428571,0,0.5,1,0.951219512
0,0.602739726,0.123964644,0.866666667,0,0,0.244897959,0.25,0.8,0.666666667,0.714285714,0.8,1,0,0.951219512
0,0.191780822,0.145008338,0.266666667,0,0,0.602040816,0.75,0.4,0.333333333,0.214285714,0,1,1,0.951219512
1,0.328767123,0.013931934,0.8,0,0,0.448979592,0.5,0.6,0.333333333,0.714285714,0,1,1,0.951219512
0,0.493150685,0.214419717,0.8,0,0.399449036,0.397959184,0.5,0.6,0.333333333,0.214285714,0,0.25,1,0.609756098
0,0.178082192,0.168723002,0.266666667,0,0,0.397959184,0.5,0.4,0.666666667,0.428571429,0.8,0.5,1,0.951219512
1,0.315068493,0.154529925,0.8,0,0,0.5,0.5,0.6,0.333333333,0.285714286,0,1,1,0.951219512
0,0.178082192,0.124521434,0.6,0,0,0.244897959,0.75,1,0.666666667,0.857142857,0.6,1,1,0.951219512
0,0.219178082,0.15160796,0.8,0,0,0.448979592,0.5,0.6,0.333333333,0.857142857,0,1,1,0.951219512
1,0.287671233,0.279556733,0.266666667,0,0,0.397959184,0.5,0.4,0.333333333,0.214285714,0,1,1,0.951219512
0,0.493150685,0.101677474,0.2,0,0,1,0.75,0.333333333,0.333333333,0.928571429,0,1,1,0.951219512
0,0.01369863,0.196584163,0.533333333,0,0,0.193877551,0.5,0.733333333,0.666666667,0.857142857,0.6,1,1,0.951219512
0,0.068493151,0.068179404,0.8,0,0,0.397959184,0.5,0.6,0.666666667,0.714285714,0.6,1,0,0.951219512
0,0.082191781,0.134471269,0.6,0.04101041,0,0.397959184,0.5,1,0.666666667,0.928571429,0.2,1,0,0.951219512
0,0.068493151,0.085855972,0.533333333,0,0,0.5,0.5,0.733333333,0.666666667,0.214285714,0.6,1,1,0.951219512
0,0.205479452,0.033565047,0.4,0,0,0.142857143,0.5,0.066666667,0,0.571428571,0.8,1,0,0.951219512
0,0.328767123,0.159792032,0.533333333,0,0,0.397959184,0.5,0.733333333,0.333333333,0.214285714,0,1,1,0.951219512
0,0.410958904,0.069410702,0.666666667,0,0,0.397959184,0.5,0.533333333,0.333333333,1,0,1,1,0.951219512
0,0.095890411,0.076230875,0.533333333,0,0,0.295918367,0.5,0.733333333,0.666666667,0.5,0.6,1,1,0.951219512
0,0.356164384,0.078525013,0.533333333,0,0,0.397959184,0.5,0.733333333,0,0.285714286,0.2,1,0,0.951219512
0,0.082191781,0.080501179,0.533333333,0,0,0.397959184,0.5,0.733333333,0.666666667,0.214285714,0.6,0,1,0.951219512
0,0.191780822,0.297757617,0,0,0,0.346938776,0.5,0.866666667,0.666666667,0.571428571,0.4,1,0,0.634146341
0,0.136986301,0.111474412,0.533333333,0,0,0.397959184,0.5,0.733333333,0.666666667,0.5,0.2,1,1,0.951219512
0,0.301369863,0.084057059,0.533333333,0,0,0.469387755,0.5,0.733333333,0.666666667,0.571428571,0.2,1,0,0.951219512
0,0.02739726,0.179568572,0.533333333,0,0,0.397959184,0.5,0.733333333,0.666666667,0.428571429,0.6,0.5,1,0.951219512
0,0.04109589,0.28420725,0.6,0,0,0.397959184,0,1,0.666666667,0,0.6,1,1,0.268292683
0,0.315068493,0.143050439,0.866666667,0,0,0.37755102,0.5,0.8,0,0.285714286,0.8,1,0,0.951219512
1,0.452054795,0.058540777,0.666666667,0,0,0.459183673,0.5,0.533333333,0.333333333,0.071428571,0,1,1,0.951219512
0,0.095890411,0.086841687,0.533333333,0,0,0.357142857,0.25,0.733333333,0.666666667,0.571428571,0.6,0.5,1,0.951219512
0,0.383561644,0.138244318,0.533333333,0,0,0.397959184,0.5,0.733333333,1,0.5,0.8,0.75,1,0.097560976
0,0.109589041,0.075654465,0.8,0,0,0.357142857,0.5,0.6,0.666666667,0.857142857,0.6,1,0,0
0,0.02739726,0.083904838,0.4,0,0,0.234693878,0.5,0.066666667,0.666666667,0.357142857,0.6,1,1,0.951219512
0,0.397260274,0.062437632,0.666666667,0,0,0.397959184,0.125,0.533333333,0,0.928571429,0.2,1,0,0.951219512
0,0.02739726,0.080979491,0.6,0,0,0.397959184,0,1,0.666666667,0,0.6,1,1,0.951219512
0,0.04109589,0.101927117,0.6,0,0,0.397959184,0,1,0.666666667,0,0.6,1,1,0.951219512
0,0.315068493,0.195172906,0.733333333,0,0,0.397959184,0.5,0.466666667,0,0.928571429,0.2,1,0,0.951219512
1,0.246575342,0.012604567,0.533333333,0,0,0.5,0.5,0.733333333,0.333333333,1,0,1,1,0.951219512
0,0.02739726,0.116651952,0.6,0,0,0.295918367,0.5,1,0.666666667,0.928571429,0.6,1,1,0.951219512
0,0.410958904,0.170459673,0.533333333,0,0,0.397959184,0.5,0.733333333,0.5,0.214285714,0.2,0.5,0,0.951219512
0,0.219178082,0.150858357,0.6,0,0,0.346938776,0.75,1,0.666666667,0.571428571,0.2,1,1,0.951219512
0,0.712328767,0.185843456,0.6,0,0,0.397959184,0.25,1,0.333333333,0.571428571,0,1,1,0.951219512
1,0.424657534,0.107922591,0.8,0,0,0.56122449,0.5,0.6,0,0.571428571,0.8,1,0,0.951219512
0,0.095890411,0.051781492,0.8,0,0,0.397959184,0.5,0.6,0.666666667,0.928571429,0.2,1,1,0.951219512
1,0.287671233,0.04664522,0.8,0,0,0.397959184,0.5,0.6,0.333333333,0.285714286,0,1,1,0
0,0.123287671,0.082179668,0.533333333,0,0,0.397959184,0.5,0.733333333,0,0.357142857,0.2,0.25,1,0.731707317
1,0.438356164,0.192518173,0.6,0,0,0.397959184,0.5,1,0.333333333,0.285714286,0,1,1,0.951219512
0,0.178082192,0.141323916,0.533333333,0,0,0.275510204,0.5,0.733333333,0.833333333,0.571428571,0.4,1,1,0.951219512
0,0.602739726,0.101746481,0.133333333,0,0,0.397959184,0.875,0.266666667,0.333333333,1,0,1,1,0.951219512
0,0.438356164,0.03803493,0.266666667,0,0,0.367346939,0.5,0.4,0,0.571428571,0.2,0.5,1,0.951219512
0,0.876712329,0.122133934,0.2,0,0,0.244897959,0.5,0.333333333,0.333333333,0.428571429,0,1,1,0.780487805
0,0.054794521,0.146159805,0.533333333,0,0,0.397959184,0.5,0.733333333,0.666666667,0.071428571,0.6,1,1,0.951219512
0,0.136986301,0.438791975,0.8,0,0,0.602040816,0.5,0.6,0.666666667,0.714285714,0.2,1,0,0.951219512
0,0.136986301,0.017635976,0.866666667,0,0,0.397959184,0.875,0.8,0.666666667,0.714285714,0.2,1,1,0.951219512
0,0.342465753,0.124290735,0.533333333,0,0,0.397959184,0.5,0.733333333,0.833333333,0.071428571,0.8,1,0,0.951219512
0,0.246575342,0.117599104,0.533333333,0,0,0.448979592,0.5,0.733333333,0,1,0.2,1,1,0.951219512
1,0.219178082,0.071495114,0.733333333,0,0.433195592,0.602040816,0.625,0.466666667,0.333333333,0.285714286,0,1,1,0.951219512
0,0.438356164,0.043431668,0.533333333,0,0,0.397959184,0.5,0.733333333,0.333333333,0.214285714,0,1,1,0.951219512
0,0.561643836,0.123432886,0.6,0,0,0.448979592,0.75,1,0.333333333,0.714285714,0,1,1,0.951219512
0,0.301369863,0.06921383,0.6,0,0,0.397959184,0.5,1,0.833333333,0.714285714,0.8,1,0,0.951219512
0,0.356164384,0.089636463,0.533333333,0,0,0.397959184,0.25,0.733333333,0.333333333,0.285714286,0,1,1,0
0,0.068493151,0.078046701,0.533333333,0,0,0.357142857,0.5,0.733333333,0.666666667,0.571428571,0.6,1,0,0.951219512
1,0.397260274,0.168304902,0.6,0,0,0.397959184,0.5,1,0.333333333,0.714285714,0,1,1,0.951219512
1,0.602739726,0.061761094,0.933333333,1,0,0.397959184,0.625,0.933333333,0.333333333,0.285714286,0,1,1,0.951219512
0,0.178082192,0.11599977,0.533333333,0,0,0.397959184,0,0.733333333,0.666666667,0,0.2,0.5,0,0.951219512
0,0.424657534,0.034043359,0.533333333,0,0,0.346938776,0.5,0.733333333,0,0.071428571,0.2,1,0,0.951219512
0,0.328767123,0.017690775,0.866666667,0,0,0.295918367,0.75,0.8,0.666666667,0.857142857,0.2,1,0,0.951219512
1,0.424657534,0.130857207,0.866666667,0.105201052,0,0.5,0.125,0.8,0.5,0.285714286,0.2,1,0,0.951219512
0,0.246575342,0.182460093,0.533333333,0,0,0.397959184,0.5,0.733333333,0.333333333,0.071428571,0,1,1,0.951219512
0,0.465753425,0.117179651,0.533333333,0,0,0.397959184,0.5,0.733333333,0,0.857142857,0.2,1,0,0.951219512
0,0.260273973,0.157501277,0.8,0,0,0.5,0.75,0.6,0.666666667,0.357142857,0.2,1,1,0.634146341
0,0.219178082,0.082250704,0.533333333,0,0,0.62244898,0.5,0.733333333,0.333333333,0.214285714,0,1,1,0.951219512
0,0.150684932,0.204241213,0.333333333,0,0,0.397959184,0.5,0,0.666666667,0.428571429,0.4,0.5,1,0.951219512
0,0.082191781,0.152320354,0.8,0,0,0.397959184,0.5,0.6,0.666666667,0.714285714,0.2,1,1,0
1,0.410958904,0.011323882,1,0,0,0.397959184,0.875,0.666666667,0.333333333,0.714285714,0,0.25,1,0.463414634
0,0.02739726,0.066059136,0.4,0,0,0.346938776,0.5,0.066666667,0.666666667,0.857142857,0.6,0.5,0,0.951219512
0,0.315068493,0.15875896,0.533333333,0,0,0.397959184,0.5,0.733333333,0,0.5,0.6,1,1,0.951219512
0,0.712328767,0.093223464,0.533333333,0,0,0.397959184,0.75,0.733333333,0.333333333,0.357142857,0,1,1,0.951219512
1,0.465753425,0.099768962,0.666666667,0,0,0.37755102,0.75,0.533333333,0.333333333,0.928571429,0,1,1,0.951219512
0,0.260273973,0.015194352,0.733333333,0,0,0.367346939,0.5,0.466666667,0,0.571428571,0.8,1,0,0.951219512
0,0.219178082,0.133377308,0.533333333,0,0,0.193877551,0,0.733333333,0.833333333,0,0.8,1,0,0.951219512
0,0.342465753,0.128939223,0.6,0,0,0.112244898,0.5,1,0,0.071428571,0.8,1,0,0.951219512
0,0.095890411,0.0388028,0.6,0,0,0.397959184,0.25,1,0.666666667,0.785714286,0.2,1,1,0.951219512
0,0.068493151,0.20151815,0.6,0,0,0.397959184,0.5,1,0.666666667,1,0.2,1,1,0.951219512
0,0.02739726,0.076890499,0.466666667,0,0,0.397959184,0.5,0.133333333,0.666666667,0.571428571,0.6,1,1,0.195121951
1,0.506849315,0.18720262,0.333333333,0.143441434,0,0.683673469,0.5,0,0,0.714285714,0.8,1,1,0.951219512
0,0.506849315,0.186908326,0.533333333,0,0,0.459183673,0.5,0.733333333,1,0.857142857,0.2,1,0,0.951219512
0,0.164383562,0.131656874,0.533333333,0,0,0.397959184,0.5,0.733333333,0.666666667,0.428571429,0.2,1,1,0.951219512
1,0.356164384,0.088057424,0.6,0,0,0.551020408,0.5,1,0,0.857142857,0.8,1,0,0.951219512
0,0.150684932,0.193117586,0.933333333,0,0,0.908163265,0.875,0.933333333,0.666666667,0.714285714,0.2,1,1,0.951219512
0,0.383561644,0.129556902,0.266666667,0,0,0.397959184,0.5,0.4,0.333333333,0.428571429,0,1,1,0.951219512
0,0.479452055,0.085040068,0.533333333,0,0,0.397959184,0.5,0.733333333,0,0.214285714,0.8,1,0,0.951219512
0,0.452054795,0.091898127,0.6,0,0,0.397959184,0.5,1,1,0.285714286,0.8,0.25,0,0.951219512
0,0.01369863,0.073037619,0.4,0,0,0.265306122,0,0.066666667,0.666666667,0,0.6,1,1,0.951219512
0,0.465753425,0.181182114,0.533333333,0,0,0.397959184,0.5,0.733333333,0.833333333,0.071428571,0.4,1,0,0.951219512
0,0.082191781,0.124842113,0.533333333,0,0,0.295918367,0,0.733333333,0.666666667,0,0.2,1,1,0.951219512
1,0.109589041,0.044229306,0.8,0,0.561065197,0.397959184,0.875,0.6,0.666666667,0.285714286,0.2,1,0,0.951219512
0,0.397260274,0.060764555,0.533333333,0,0,0.397959184,0.5,0.733333333,0.666666667,0.285714286,0.2,1,1,0.951219512
0,0.178082192,0.129955382,0.8,0,0.399678604,0.479591837,0.5,0.6,0.666666667,0.857142857,0.2,1,1,0.951219512
0,0.301369863,0.047585607,0.8,0,0,0.448979592,0.125,0.6,0.666666667,0.071428571,0.2,1,1,0.951219512
0,0.301369863,0.130607564,0.8,0,0,0.602040816,0.5,0.6,0.333333333,0.857142857,0,1,1,0.951219512
0,0.150684932,0.169704658,0.6,0,0,0.602040816,0.5,1,0.666666667,0.071428571,0.2,1,0,0.951219512
0,0.821917808,0.04018023,0.6,0,0.446280992,0,0.75,1,1,0.071428571,0.2,1,0,0.951219512
0,0.589041096,0.234493257,0.8,0,0.536960514,0.397959184,0.875,0.6,0,0.714285714,0.2,1,0,0.951219512
0,0.643835616,0.050528545,0.6,0,0,0.397959184,0.5,1,0,0.285714286,0.8,1,0,0.951219512
0,0.02739726,0.114085846,0.533333333,0,0,0.397959184,0.5,0.733333333,0.666666667,0.571428571,0.8,1,0,0.951219512
0,0.369863014,0.268734165,0.8,0,0,0.397959184,0.25,0.6,0,0.785714286,0.2,1,1,0.951219512
1,0.219178082,0.216038671,1,0,0.424242424,0.397959184,0.125,0.666666667,0.333333333,0.714285714,0,1,1,0.951219512
0,0.054794521,0.088558062,0.6,0,0,0.397959184,0.5,1,0.666666667,0.571428571,0.6,1,0,0.951219512
1,0.493150685,0.219813749,0.733333333,0,0,0.448979592,0.5,0.466666667,0.333333333,0.285714286,0,1,1,0.951219512
0,0.04109589,0.229048484,0.6,0,0,0.091836735,0.25,1,0.666666667,0.071428571,0.6,1,0,0.951219512
0,0.178082192,0.232546182,0.4,0,0,0.397959184,0.5,0.066666667,0.5,0.428571429,0.2,0,1,0.634146341
0,0.164383562,0.172771401,0.666666667,0,0,0.755102041,0.75,0.533333333,0.666666667,0.357142857,0.2,1,1,0.951219512
0,0.342465753,0.223493436,0.666666667,0,0,0.397959184,0.75,0.533333333,0,0.214285714,0.2,1,1,0.024390244
0,0.287671233,0.123630435,0.533333333,0,0,0.316326531,0.5,0.733333333,0.833333333,0.571428571,0.8,0.5,0,0.951219512
0,0.178082192,0.110884471,0.733333333,0,0,0.602040816,0.75,0.466666667,0.333333333,0.857142857,0,1,1,0.487804878
0,0.575342466,0.100179621,0.533333333,0,0,0.602040816,0.5,0.733333333,0.333333333,0.857142857,0,1,1,0.951219512
1,0.191780822,0.285162521,0.6,0,0,0.397959184,0.5,1,0.333333333,1,0,1,1,0.951219512
0,0.246575342,0.013695146,0.533333333,0,0,0.5,0.75,0.733333333,0.333333333,1,0,1,1,0.951219512
0,0.342465753,0.11919235,0.533333333,0,0,0.244897959,0.5,0.733333333,0,0.571428571,0.2,1,0,0.951219512
0,0.04109589,0.0322458,0.266666667,0.001140011,0,0.193877551,0.5,0.4,0.666666667,0.071428571,0.8,0.5,0,0.951219512
0,0.369863014,0.479581088,0.6,0,0,0.397959184,0.5,1,0.833333333,0.5,0.2,0.5,1,0.951219512
0,0.561643836,0.093190313,0.6,0,0,0.397959184,0,1,0.666666667,0,0.2,1,0,0.951219512
0,0.150684932,0.144521231,0.933333333,0,0,0.397959184,0.875,0.933333333,0.666666667,0.714285714,0.8,1,1,0.951219512
0,0.054794521,0.059322177,0.6,0,0,0.142857143,0.5,1,0.666666667,0.857142857,0.6,1,1,0.951219512
0,0.369863014,0.109128857,0.8,0,0,0.020408163,0.5,0.6,0.333333333,0.714285714,0,1,1,0.951219512
0,0.123287671,0.117837922,0.6,0,0,0.397959184,0.5,1,0.333333333,1,0,1,1,0.951219512
0,0.287671233,0.197796518,0.533333333,0,0,0.602040816,0.5,0.733333333,0,1,0.2,1,1,0.951219512
0,0.150684932,0.01403815,0.466666667,0,0,0.295918367,0.75,0.133333333,0,0.571428571,0.8,1,0,0.951219512
0,0.232876712,0.067920967,0.533333333,0,0,0.193877551,0.25,0.733333333,0,0.571428571,0.8,1,0,0.951219512
0,0.164383562,0.103051522,0.666666667,0,0,0.5,0.75,0.533333333,0.333333333,0.357142857,0,1,1,0.951219512
0,0.150684932,0.219648674,0.533333333,0,0,0.397959184,0.5,0.733333333,0.333333333,0.214285714,0,1,1,0.951219512
0,0.191780822,0.088380133,0.8,0,0,0.397959184,0.5,0.6,0.666666667,0.928571429,0.2,1,0,0.951219512
0,0.575342466,0.098111446,0,0,0,0.397959184,0.5,0.866666667,0.666666667,0.5,0.2,1,1,0.146341463
0,0.356164384,0.319715313,0.6,0.040640406,0,0.37755102,0.5,1,0.333333333,0.214285714,0,1,1,0.951219512
0,0.534246575,0.096206993,0.6,0,0,0.37755102,0.5,1,0.666666667,0.071428571,0.2,1,0,0.951219512
0,0.082191781,0.129855255,0.6,0,0,0.397959184,0.5,1,0.666666667,0.071428571,0.2,1,0,0.951219512
0,0.095890411,0.051288296,0.6,0,0,0.234693878,0.5,1,0.666666667,0.5,0.2,1,0,0.634146341
0,0.534246575,0.058272191,0.533333333,0,0,0.295918367,0.5,0.733333333,0,1,0.2,1,1,0.951219512
1,0.260273973,0.135796606,0.733333333,0,0,0.397959184,0.625,0.466666667,0.333333333,0.285714286,0,1,1,0.951219512
0,0.328767123,0.099047097,0.8,0,0,0.5,0.25,0.6,0.333333333,0.785714286,0,1,1,0.951219512
0,0.438356164,0.10821959,0.4,0,0,0.397959184,0.5,0.066666667,0.333333333,1,0,1,1,0.951219512
0,0.136986301,0.075443386,0.8,0,0,0.418367347,0.5,0.6,0,0.285714286,0.8,1,1,0.951219512
0,0.369863014,0.020425339,0.533333333,0,0,0.295918367,0.5,0.733333333,0.666666667,0.071428571,0.4,1,0,0.951219512
1,0.205479452,0.056558522,0.4,0.135501355,0,0.602040816,0.5,0.066666667,0.666666667,0.214285714,0.2,0,1,0.951219512
0,0.232876712,0.137176065,0.6,0,0,0.448979592,0.5,1,0.666666667,0.285714286,0.2,1,1,0.951219512
1,0.191780822,0.086543334,0.533333333,0,0,0.397959184,0.5,0.733333333,0.333333333,0.5,0,1,1,0.951219512
0,0.246575342,0.077816002,0.6,0,0,0.397959184,0,1,0,0,0.8,1,0,0.951219512
0,0.465753425,0.072582309,0.8,0,0,0.5,0.625,0.6,0.333333333,0.214285714,0,1,1,0.951219512
0,0.178082192,0.109310169,0.533333333,0.02597026,0,0.397959184,0.5,0.733333333,0.666666667,0.214285714,0.2,0.25,1,0
0,0.575342466,0.060734787,0.066666667,0,0,0.448979592,0,0.2,0.333333333,0,0,1,1,0.780487805
0,0.260273973,0.110040829,0.8,0,0,0.193877551,0.5,0.6,0,0.928571429,0.8,1,1,0.951219512
1,0.287671233,0.039237136,0.866666667,0.150241502,0,0.010204082,0,0.8,0.333333333,0,1,0.5,0,0.951219512
0,0.273972603,0.103248394,0.6,0,0,0.520408163,0.5,1,0.333333333,0.214285714,0,1,1,0.951219512
1,0.273972603,0.074827737,1,0.07298073,0,0.397959184,0.5,0.666666667,0.333333333,0.714285714,0,0.25,1,0.87804878
0,0.095890411,0.197617235,0.533333333,0,0,0.295918367,0.5,0.733333333,0.666666667,0.571428571,0.6,1,0,0.951219512
1,0.232876712,0.015870213,0.8,0,0,0.397959184,0.5,0.6,0.333333333,0.285714286,0,1,1,0.951219512
1,0.506849315,0.11760384,0.8,0,0,0.448979592,0.5,0.6,0.333333333,0.214285714,0,1,1,0.951219512
1,0.424657534,0.099220291,0.533333333,0,0,0.602040816,0.5,0.733333333,1,0.214285714,0.2,1,0,0.951219512
0,0.054794521,0.195795997,0.533333333,0,0,0.346938776,0.5,0.733333333,0.666666667,0.214285714,0.2,1,1,0.634146341
0,0.054794521,0.260085988,0.6,0,0,0.244897959,0.5,1,0.666666667,0.571428571,0.6,1,0,0.951219512
0,0.356164384,0.122594656,0.333333333,0,0,0.397959184,0.5,0,0.333333333,0.071428571,0,1,1,0.951219512
0,0.452054795,0.092785744,0.533333333,0,0,0.448979592,0.25,0.733333333,0.333333333,0.214285714,0,1,1,0.951219512
0,0.068493151,0.207446647,0.533333333,0,0,0.397959184,0.5,0.733333333,0.666666667,0.571428571,0.8,1,0,0.951219512
0,0.02739726,0.016945231,0.533333333,0,0,0.193877551,0.875,0.733333333,0.666666667,0.071428571,0.2,1,0,0.951219512
1,0.301369863,0.088516793,0.666666667,0,0.554407713,0.397959184,0.625,0.533333333,0.333333333,0.214285714,0,1,1,0.951219512
0,0.315068493,0.156536535,0.8,0,0,0.397959184,0.875,0.6,0.333333333,0.714285714,1,0.5,0,0.951219512
0,0.342465753,0.13505715,0.6,0,0,0.397959184,0.875,1,0.833333333,0.928571429,0.8,1,0,0.951219512
0,0.315068493,0.111492002,0.866666667,0,0,0.346938776,0.875,0.8,0.666666667,0.285714286,0.2,1,0,0.951219512
0,0,0.133727078,0.4,0,0.367768595,0.112244898,0.5,0.066666667,0.666666667,0.857142857,0.6,1,0,0.951219512
0,0.301369863,0.121016294,0.533333333,0,0,0.551020408,0.5,0.733333333,0.833333333,0.214285714,0.8,1,1,0.951219512
0,0.04109589,0.202346232,0.6,0,0,0.244897959,0.5,1,0.666666667,0.285714286,0.6,1,0,0.951219512
1,0.397260274,0.176905045,0.8,1,0,0.397959184,0.5,0.6,0.333333333,0.857142857,0,1,1,0.951219512
1,0.273972603,0.054758933,0.6,0.076880769,0,0.397959184,0.125,1,0.333333333,0.071428571,0,1,1,0.951219512
0,0.123287671,0.123658849,0.8,0,0,0.397959184,0.5,0.6,0.333333333,0.857142857,0,1,1,0.951219512
1,0.342465753,0.105311833,1,0,0,0.397959184,0.5,0.666666667,0.333333333,0.714285714,0,0.25,1,0.853658537
1,0.273972603,0.047530131,0.266666667,0,0,0.704081633,0.75,0.4,0.333333333,1,0,1,1,0.951219512
1,0.164383562,0.076973037,0.533333333,0,0,0.397959184,0.5,0.733333333,0.333333333,0.857142857,1,1,0,0.951219512
0,0.260273973,0.154819483,0.6,0,0,0.397959184,0.5,1,0,0.928571429,0.8,1,1,0.951219512
0,0.150684932,0.192248235,0.8,0,0,0.397959184,0.5,0.6,0.333333333,0.714285714,0,1,1,0.951219512
0,0,0.081421946,0.4,0,0,0.142857143,0.5,0.066666667,0.666666667,0.857142857,0.6,1,0,0.951219512
0,0.095890411,0.151895489,0.6,0,0,0.397959184,0.5,1,0,0.857142857,0.2,1,1,0.951219512
0,0.205479452,0.106711589,0.533333333,0,0,0.5,0.5,0.733333333,0.333333333,0.214285714,0,1,1,0.951219512
0,0.260273973,0.117114704,0.333333333,0,0,0.336734694,0.5,0,0.666666667,0.428571429,0.2,1,0,0.951219512
0,0.232876712,0.057728255,0.533333333,0,0,0.397959184,0.5,0.733333333,0.666666667,0.214285714,0.2,1,1,0.951219512
0,0.164383562,0.213568633,0.266666667,0,0,0.397959184,0.5,0.4,0,0.5,0.8,0.5,0,0.951219512
0,0.205479452,0.213727619,0.666666667,0,0,0.642857143,0.5,0.533333333,0.666666667,0.928571429,0.2,1,0,0.951219512
0,0.273972603,0.167104048,0.533333333,0,0,0.5,0.5,0.733333333,0.666666667,1,0.2,0.5,1,0.951219512
0,0.068493151,0.076262672,0.8,0,0,0.193877551,0.875,0.6,0.666666667,0.714285714,0.6,1,0,0.951219512
0,0.082191781,0.057065925,0.6,0,0,0.295918367,0.5,1,0.666666667,0.5,0.6,0.25,1,0.951219512
0,0,0.113371422,0.333333333,0,0,0.091836735,0,0,0.666666667,0,0.6,1,1,0.756097561
0,0.054794521,0.104569672,0.533333333,0,0,0.397959184,0.5,0.733333333,0.666666667,0.5,0.4,1,1,0.951219512
1,0.424657534,0.076859378,0.6,0,0,0.37755102,0.625,1,0.333333333,0.857142857,0,1,1,0.951219512
0,0.534246575,0.081685119,0.533333333,0,0,0.5,0.5,0.733333333,0.333333333,1,0,1,1,0.951219512
1,0.438356164,0.058488683,0.533333333,0,0,0.397959184,0.25,0.733333333,0.333333333,0.214285714,0,1,1,0.951219512
0,0.095890411,0.218121053,0.533333333,0,0,0.397959184,0.875,0.733333333,0.333333333,0.071428571,1,1,0,0.951219512
0,0.356164384,0.101289818,0.6,0,0,0.397959184,0.5,1,0,0.5,0.2,1,1,0.951219512
0,0.178082192,0.237293445,0.533333333,0,0,0.397959184,0.25,0.733333333,0.333333333,0.785714286,0,0.5,1,0.951219512
1,0.493150685,0.084925733,0.6,0,0,0.397959184,0.625,1,1,0.285714286,0.2,1,1,0.951219512
0,0.082191781,0.096406572,0.6,0,0,0.397959184,0.5,1,0.666666667,0.071428571,0.4,0.25,0,0.951219512
0,0.123287671,0.029480115,0.6,0,0,0.397959184,0.5,1,0.666666667,0.071428571,0.2,0.5,0,0.951219512
0,0.342465753,0.109330465,0.533333333,0,0,0.520408163,0.5,0.733333333,0.5,0.071428571,0.2,1,1,0.951219512
0,0.561643836,0.124207521,0.133333333,0,0,0.397959184,0.5,0.266666667,0.333333333,0.357142857,0,1,1,0.634146341
1,0.260273973,0.104138041,0.533333333,0,0,0.397959184,0.75,0.733333333,0.333333333,1,0,1,1,0.951219512
0,0.260273973,0.114208976,1,0,0,0.397959184,0.5,0.666666667,0.333333333,0.285714286,0,1,1,0.951219512
0,0.465753425,0.08198009,0.6,0,0,0.397959184,0.5,1,0.333333333,0.285714286,0,1,1,0.951219512
0,0.109589041,0.113991807,0.533333333,0,0,0.755102041,0.5,0.733333333,0.666666667,0.214285714,0.2,1,1,0.951219512
0,0.438356164,0.058910166,0.933333333,0,0,0.448979592,0.5,0.933333333,0.333333333,0.714285714,0,1,1,0.951219512
0,0.068493151,0.01531207,0.8,0,0,0.142857143,0.5,0.6,0.666666667,0.714285714,0.2,1,0,0.268292683
0,0.616438356,0.056947531,0.533333333,0,0,0.397959184,0.5,0.733333333,0.833333333,0.714285714,0.2,1,0,0.951219512
0,0.328767123,0.068694249,0.866666667,0,0,0.397959184,0.5,0.8,0.333333333,0.714285714,0,1,1,0.219512195
0,0.082191781,0.137443974,0.6,0,0,0.704081633,0.5,1,0.666666667,0.571428571,0.2,1,1,0.951219512
0,0.369863014,0.121593381,0.8,0,0,0.37755102,0.5,0.6,0.833333333,0.285714286,0.2,1,1,0.951219512
0,0.109589041,0.070786103,0.6,0,0,0.397959184,0.5,1,0.666666667,0.214285714,0.4,1,1,0.951219512
0,0.397260274,0.041441972,0.333333333,0,0,0.397959184,0.5,0,0,0.214285714,0.2,1,1,0.951219512
0,0.465753425,0.019296875,0.8,0,0,0.428571429,0.125,0.6,0.666666667,0.714285714,0.2,0,0,0.951219512
0,0.369863014,0.071476847,0.533333333,0,0,0.397959184,0.5,0.733333333,0.333333333,0.214285714,0,0.5,1,0.951219512
1,0.123287671,0.139985049,0.533333333,0,0,0.5,0.5,0.733333333,0.333333333,1,0,1,1,0.951219512
0,0.260273973,0.404332545,0.8,0,0,0.479591837,0.75,0.6,0.333333333,1,0,0.5,1,0
0,0.260273973,0.026759082,0.6,0,0,0.397959184,0.5,1,0,0.071428571,0.8,1,0,0.951219512
0,0.397260274,0.007299161,0.533333333,0,0,0.397959184,0.5,0.733333333,1,0.071428571,0.2,1,0,0.219512195
0,0.232876712,0.071892918,0.8,0,0,0.346938776,0.5,0.6,0.666666667,0.571428571,0.2,1,0,0.951219512
0,0.616438356,0.125205414,0.533333333,0,0.399449036,0.397959184,0.75,0.733333333,0.333333333,0.214285714,0,1,1,0.951219512
0,0.232876712,0.156076489,0.8,0,0,0.397959184,0.5,0.6,0.666666667,0.857142857,0.2,1,1,0.951219512
0,0.383561644,0.138496666,0.533333333,0,0,0.397959184,0.75,0.733333333,0.333333333,0.285714286,0,1,1,0.951219512
0,0.315068493,0.204084256,0.6,0,0,0.397959184,0.5,1,0.333333333,0.214285714,0,1,1,0.951219512
1,0.479452055,0.085689544,0.4,0,0,0.397959184,0.5,0.066666667,0.333333333,0.214285714,0,1,1,0.951219512
0,0.01369863,0.020021446,0.533333333,0,0,0.244897959,0.5,0.733333333,0.666666667,0.428571429,0.8,1,1,0.951219512
0,0.232876712,0.099656657,0.533333333,0,0.470844812,0.397959184,0.5,0.733333333,0.333333333,0.5,0,1,1,0.951219512
0,0.246575342,0.118599703,0.8,0,0,0.06122449,0.75,0.6,0.333333333,0.214285714,0,1,1,0.951219512
1,0.191780822,0.138012266,0.733333333,0,0,0.346938776,0.75,0.466666667,0.333333333,0.571428571,1,1,0,0.951219512
0,0.383561644,0.169400216,0.8,0,0,0.397959184,0.5,0.6,0.333333333,0.857142857,0,1,1,0.951219512
0,0.068493151,0.170793883,0.533333333,0,0,0.418367347,0.5,0.733333333,0.666666667,0.285714286,0.4,1,0,0.268292683
0,0.246575342,0.094063723,0.6,0,0,0.397959184,0.5,1,0.666666667,0.214285714,0.2,1,1,0.951219512
0,0.246575342,0.095018994,0.6,0,0,0.397959184,0.5,1,0.333333333,0.785714286,0,0.5,1,0
0,0.273972603,0.135461043,0.533333333,0.034640346,0,0.5,0.5,0.733333333,0.333333333,0.5,0,1,1,0.951219512
0,0.479452055,0.090854906,0.533333333,0,0,0.397959184,0.75,0.733333333,0,0.857142857,0.8,0.5,1,0.951219512
1,0.876712329,0.016143534,0.933333333,0.106051061,0,0.010204082,0.5,0.933333333,0.333333333,0.357142857,0,1,1,0.951219512
0,0.246575342,0.11925865,0.533333333,0,0,0.5,0.75,0.733333333,0,0.357142857,0.6,1,1,0.951219512
1,0.246575342,0.124542407,0.8,0,0,0.448979592,0.625,0.6,0.333333333,0.285714286,0,1,1,0.951219512
0,0.109589041,0.115884082,0.4,0,0,0.397959184,0.5,0.066666667,0.666666667,0.214285714,0.6,1,1,0.951219512
0,0.178082192,0.174501307,0.8,0,0,0.397959184,0.875,0.6,0.666666667,0.071428571,0.6,0.5,0,0.951219512
0,0.123287671,0.068033949,0.666666667,0,0,0.397959184,0.5,0.533333333,0.666666667,0.928571429,0.6,1,1,0.951219512
1,0.260273973,0.147514909,0.8,0,0,0.5,0.5,0.6,0.333333333,0.285714286,0,1,1,0.951219512
1,0.356164384,0.102257943,0.8,0,0,0.551020408,0.25,0.6,0.333333333,0.785714286,0,1,1,0.951219512
0,0.04109589,0.16944825,0.6,0,0,0.397959184,0.5,1,0.666666667,0.5,0.6,1,1,0.951219512
0,0.123287671,0.1161892,0.6,0,0,0.5,0.5,1,0.666666667,0.714285714,0.2,0.75,1,0.951219512
1,0.342465753,0.118676152,0.933333333,0,0.554407713,0.602040816,0.625,0.933333333,0.333333333,0.714285714,0,1,1,0.951219512
0,0.671232877,0.039773631,0.6,0,0,0.551020408,0.875,1,0,0.285714286,0.2,1,0,0.951219512
0,0.082191781,0.091310893,0.733333333,0,0,0.397959184,0.5,0.466666667,0.666666667,0.857142857,0.2,1,1,0.951219512
0,0.534246575,0.072368523,0.333333333,0,0,0.397959184,0,0,0,0,0.2,1,0,0.951219512
0,0.479452055,0.084663913,0.533333333,0,0,0.448979592,0.5,0.733333333,0,1,0.2,1,1,0.951219512
0,0.273972603,0.140922729,0.533333333,0,0,0.397959184,0.5,0.733333333,0.666666667,0.071428571,0.2,1,1,0.951219512
0,0.315068493,0.009732666,0.8,0,0,0.397959184,0.25,0.6,0,0.714285714,0.8,0,0,0.951219512
0,0.205479452,0.095596757,0.533333333,0,0,0.397959184,0.5,0.733333333,0,0.214285714,0.2,1,1,0.951219512
0,0.547945205,0.126396796,0.333333333,0,0,0.295918367,0,0,0.833333333,0,0.2,1,1,0.951219512
0,0.068493151,0.130787523,0.133333333,0,0,0.295918367,0.5,0.266666667,0.666666667,0.5,0.2,1,1,0.634146341
0,0.753424658,0.043687399,0.533333333,0,0,0,0,0.733333333,0.333333333,0,0,0.25,1,0.951219512
0,0.452054795,0.012426638,0.866666667,0.024070241,0,0.989795918,0.75,0.8,0.333333333,0.357142857,0,1,1,0.951219512
0,0.643835616,0.140701502,0.533333333,0,0,0.234693878,0,0.733333333,0,0,0.2,1,0,0.951219512
0,0.232876712,0.285619184,0.8,0,0,0.387755102,0.5,0.6,0.666666667,0.5,0.2,1,0,0.951219512
1,0.150684932,0.036944351,0.8,0,0.359044995,0.5,0.5,0.6,0.666666667,0.714285714,0.2,1,1,0.951219512
0,0.01369863,0.102021832,0.533333333,0,0,0.193877551,0,0.733333333,0.833333333,0,0.6,1,1,0.951219512
0,0.520547945,0.280071578,0.533333333,0,0,0.397959184,0.5,0.733333333,0.333333333,0.071428571,0,1,1,0.951219512
0,0.082191781,0.096127838,0.8,0,0,0.5,0,0.6,0.666666667,0,0.2,1,0,0.951219512
1,0.452054795,0.00793443,0.866666667,0,0,0.551020408,0.25,0.8,0.333333333,0.285714286,0,1,1,0.951219512
0,0.232876712,0.063058693,0.866666667,0,0,0.397959184,0.5,0.8,0,0.714285714,0.8,1,0,0.951219512
0,0.534246575,0.106846896,0.533333333,0,0,0.397959184,0.25,0.733333333,0.333333333,0.214285714,0,1,1,0.951219512
1,0.369863014,0.133202762,0.8,0,0,0.704081633,0.5,0.6,0.333333333,0.285714286,0,1,1,0.951219512
0,0.164383562,0.041703792,0.8,0,0,0.142857143,0.875,0.6,0.666666667,0.714285714,0.6,0.25,0,0.951219512
0,0.369863014,0.21239687,0.2,0,0,0.479591837,0.5,0.333333333,0,0.428571429,0.2,1,1,0.951219512
0,0.356164384,0.069870748,0.533333333,0,0,0.397959184,0.125,0.733333333,0.333333333,0.5,0,1,1,0.951219512
0,0.397260274,0.137113824,0.733333333,0,0,0.397959184,0.5,0.466666667,0,0.714285714,0.8,1,0,0.951219512
0,0.095890411,0.040496172,0.8,0,0,0.193877551,0.5,0.6,0.666666667,0.857142857,0.2,1,0,0.951219512
0,0.520547945,0.062722454,0.533333333,0,0,0.142857143,0.25,0.733333333,0.333333333,0.214285714,0,1,1,0.951219512
0,0.232876712,0.069472267,0.533333333,0,0,0.295918367,0.5,0.733333333,0.833333333,0.285714286,0.8,1,0,0.951219512
0,0.671232877,0.012485497,0.6,0,0,0.193877551,0.25,1,1,0.071428571,0.2,1,0,0.951219512
0,0.054794521,0.064620141,0.6,0,0,0.051020408,0,1,0.666666667,0,0.6,1,0,0.951219512
0,0.315068493,0.149924735,0.533333333,0,0,0.346938776,0.25,0.733333333,0.666666667,0.071428571,0.8,0.5,0,0.951219512
0,0.465753425,0.157150831,0.533333333,0,0,0.367346939,0.5,0.733333333,0.833333333,0.571428571,0.2,0.5,0,0.951219512
0,0.095890411,0.031703217,0.533333333,0,0,0.479591837,0.5,0.733333333,0.833333333,0.857142857,0.8,1,0,0.951219512
0,0.547945205,0.110812758,0.533333333,0,0,0.397959184,0.5,0.733333333,0,0.071428571,0.2,1,0,0.951219512
0,0.205479452,0.108333925,0.533333333,0,0,0.397959184,0.5,0.733333333,0.666666667,0.571428571,0.8,0.5,0,0.951219512
0,0.232876712,0.141857027,0.8,0,0,0.448979592,0.875,0.6,0.666666667,0.714285714,0.2,1,1,0.951219512
1,1,0.110414954,0.533333333,0.093860939,0,0.5,0.5,0.733333333,0.333333333,0.214285714,0,1,1,0.170731707
1,0.287671233,0.117068022,0.533333333,0,0,0.397959184,0.75,0.733333333,0.333333333,0.428571429,0,1,1,0.951219512
1,0.342465753,0.25700436,0.8,0,0,0.397959184,0.875,0.6,0.333333333,0.071428571,0,1,1,0.951219512
1,0.123287671,0.256450953,0.8,0,0,0.397959184,0.5,0.6,0.333333333,0.071428571,1,1,0,0.951219512
1,0.410958904,0.097855038,0.8,0,0,0.448979592,0.5,0.6,0.333333333,0.285714286,0,1,1,0.048780488
0,0.315068493,0.063358399,0.933333333,0,0,0.397959184,0.875,0.933333333,0.666666667,0.714285714,0.6,1,0,0.951219512
0,0.123287671,0.156619072,0.8,0,0,0.37755102,0.5,0.6,0.666666667,0.571428571,0.2,1,0,0.951219512
0,0.04109589,0.023852001,0.6,0,0,0.295918367,0.5,1,0.666666667,0.857142857,0.6,1,1,0.951219512
0,0.410958904,0.093904737,0.533333333,0,0,0.397959184,0.5,0.733333333,0.833333333,0.714285714,0.4,0.75,0,0.804878049
0,0.219178082,0.107807579,0.533333333,0,0,0.193877551,0,0.733333333,0.333333333,0,0.6,1,0,0.951219512
0,0.054794521,0.018233358,0.6,0,0,0.071428571,0.875,1,0.666666667,0.714285714,0.2,1,0,0.951219512
0,0.04109589,0.120885723,0.2,0,0,0.193877551,0.75,0.333333333,0.666666667,0.214285714,0.6,1,1,0.951219512
0,0.342465753,0.103981084,0.6,0,0,0.602040816,0.625,1,0.333333333,0.357142857,0,1,1,0.951219512
0,0.095890411,0.124472047,0.4,0,0,0.397959184,0.5,0.066666667,0.333333333,0.428571429,0,0.75,1,0.951219512
0,0.301369863,0.239813546,0.533333333,0,0,0.346938776,0.5,0.733333333,0.333333333,0.214285714,0,1,1,0.951219512
0,0.616438356,0.162628077,0.866666667,0,0,0.704081633,0.5,0.8,0.666666667,0.714285714,0.2,1,1,0.951219512
0,0.273972603,0.222116682,0.4,0,0,0.397959184,0.5,0.066666667,0.833333333,0.571428571,0.8,0.5,0,0.951219512
1,0.260273973,0.144594974,0.533333333,0.051780518,0,0.397959184,0.5,0.733333333,0.333333333,0.5,0,0.5,1,0.951219512
1,0.561643836,0.121122511,0.866666667,0.150241502,0,0.397959184,0.875,0.8,0.333333333,0.285714286,0,1,1,0.951219512
1,0.287671233,0.10609391,0.8,0,0,0.397959184,0.25,0.6,0.333333333,0.785714286,0,0.25,1,0.731707317
0,0.164383562,0.271252237,0.8,0,0,0.346938776,0.5,0.6,0.666666667,0.571428571,0.2,1,1,0.951219512
0,0.109589041,0.08928534,0.533333333,0,0,0.397959184,0.125,0.733333333,0.666666667,0.071428571,0.6,0.5,1,0.951219512
0,0.452054795,0.089765005,0.533333333,0,0,0.142857143,0.5,0.733333333,0.666666667,0.928571429,0.6,1,1,0.951219512
1,0.178082192,0.272631696,0.533333333,0,0,0.397959184,0.5,0.733333333,0.333333333,0.928571429,0,1,1,0.951219512
0,0.082191781,0.135868995,0.533333333,0,0,0.397959184,0.5,0.733333333,0.666666667,0.071428571,0.6,0.5,0,0.951219512
0,0.397260274,0.105393694,0.533333333,0,0,0.448979592,0.5,0.733333333,0.333333333,1,0,1,1,0.951219512
1,0.438356164,0.076859378,0.8,0,0,0.397959184,0.125,0.6,0.333333333,0.285714286,0,1,1,0.951219512
0,0.369863014,0.169385332,0.533333333,0,0,0.316326531,0.5,0.733333333,0.666666667,0.571428571,0.8,0.5,1,0.951219512
0,0.616438356,0.085222056,0.866666667,0.046500465,0,0.397959184,0.5,0.8,0.666666667,0.428571429,0.2,1,1,0.951219512
0,0.01369863,0.081260254,0.466666667,0,0,0.173469388,0.5,0.133333333,0.666666667,0.571428571,0.6,0.5,0,0.951219512
1,0.150684932,0.059903323,0.8,0,0,0.5,0.5,0.6,0.333333333,0.285714286,1,1,0,0.951219512
0,0.356164384,0.136631453,0.533333333,0,0,0.397959184,0.5,0.733333333,0.333333333,0.5,0,1,1,0.756097561
0,0.260273973,0.067797161,0.8,0,0,0.397959184,0.5,0.6,0.333333333,0.928571429,0,1,1,0.951219512
0,0.684931507,0.12551865,0.533333333,0,0,0.234693878,0.25,0.733333333,0.333333333,0.714285714,0,1,1,0.951219512
0,0.054794521,0.151822422,0.6,0,0,0.571428571,0.5,1,0.666666667,0.571428571,0.2,1,1,0.951219512
0,0.424657534,0.060757789,0.533333333,0,0,0.397959184,0.5,0.733333333,0.333333333,0.214285714,0,1,1,0.951219512
0,0.547945205,0.076155779,0.6,0,0,0.397959184,0.5,1,0.666666667,0.428571429,0.6,0.5,1,0.951219512
0,0.191780822,0.053704211,0.533333333,0,0,0.5,0.5,0.733333333,0.666666667,1,0.2,1,1,0.951219512
0,0.547945205,0.063282627,0.4,0,0,1,0.75,0.066666667,0.333333333,0.357142857,0,1,1,0.951219512
0,0.095890411,0.109718121,0.733333333,0,0,0.214285714,0.5,0.466666667,0,0.571428571,0.2,1,0,0.951219512
0,0.109589041,0.106107441,0.8,0,0,0.397959184,0.5,0.6,0.666666667,0.071428571,0.6,1,1,0.951219512
0,0.219178082,0.106927404,0.533333333,0,0,0.183673469,0.5,0.733333333,0.333333333,0.071428571,1,0.75,0,0.951219512
0,0.273972603,0.031816198,0.6,0,0,0.397959184,0.5,1,0.833333333,0.571428571,0.2,0.5,1,0
0,0.287671233,0.112966177,0.6,0,0,0.295918367,0.5,1,0,0.071428571,0.8,1,0,0.951219512
1,0.191780822,0.13880855,0.8,0,0,0.397959184,0.5,0.6,0.333333333,0.285714286,0,1,1,0.951219512
0,0.397260274,0.061062231,0.2,0,0,0.520408163,0.5,0.333333333,0.666666667,0.571428571,0.6,1,1,0.951219512
1,0.602739726,0.143714122,0.8,0,0,0.632653061,0.25,0.6,0.666666667,0.714285714,0.2,1,0,0.951219512
0,0.109589041,0.171689618,0.933333333,0,0,0.653061224,0.5,0.933333333,0.666666667,0.714285714,0.2,1,1,0.951219512
0,0.095890411,0.141849585,0.8,0,0,0.397959184,0.5,0.6,0.333333333,0.857142857,0.4,1,1,0.951219512
0,0.287671233,0.124116865,0.8,0,0,0.479591837,0.5,0.6,0.666666667,0.571428571,0.2,1,1,0.951219512
0,0.301369863,0.06019491,0.533333333,0,0,0.397959184,0.5,0.733333333,0.666666667,0.5,0.6,1,1,0.951219512
0,0.232876712,0.067450773,0.533333333,0,0,0.448979592,0.5,0.733333333,0.333333333,0.214285714,0,1,1,0.951219512
0,0.054794521,0.056580848,0.6,0,0,0.428571429,0.5,1,0.666666667,0.071428571,0.6,1,1,0.268292683
0,0.232876712,0.063916542,0.6,0,0,0.397959184,0.75,1,0.333333333,0.214285714,0,1,1,0.951219512
1,0.219178082,0.011405743,0.8,0,0,0.551020408,0.5,0.6,0.333333333,0.285714286,0,1,1,0.951219512
1,0.219178082,0.163678739,1,0,0,0.602040816,0.5,0.666666667,0.666666667,0.714285714,0.2,1,0,0.951219512
0,0.547945205,0.057163347,0.133333333,0,0,0.397959184,0.5,0.266666667,0.333333333,0.214285714,0,1,1,0.951219512
0,0.301369863,0.093861438,0.6,0.001140011,0,0.448979592,0.5,1,0,0.071428571,0.8,1,0,0.951219512
0,0.219178082,0.19166709,0.133333333,0,0,0.397959184,0.5,0.266666667,0.5,0.214285714,0.2,1,1,0.634146341
0,0.232876712,0.076138866,0.333333333,0,0,0.806122449,0.5,0,0.333333333,1,0,1,1,0.951219512
1,0.301369863,0.114009397,0.533333333,0,0,0.397959184,0.625,0.733333333,0.333333333,0.285714286,0,1,1,0.951219512
0,0.232876712,0.071929451,0.733333333,0,0,0.551020408,0.5,0.466666667,0.333333333,0.714285714,0,1,1,0.951219512
0,0.082191781,0.205120035,0.533333333,0,0,0.295918367,0.5,0.733333333,0.666666667,1,0.6,1,1,0.951219512
0,0.123287671,0.125325161,0.866666667,0,0,0.397959184,0.25,0.8,0.5,0.714285714,0.2,1,0,0.951219512
0,0.301369863,0.050923643,0.866666667,0.068490685,0,0.397959184,0.5,0.8,0.666666667,0.714285714,0.2,1,1,0.951219512
1,0.315068493,0.126928554,0.733333333,0,0.424242424,0.551020408,0.5,0.466666667,0.333333333,0.285714286,0,1,1,0.951219512
0,0.424657534,0.091084929,0.6,0,0,0.448979592,0.5,1,0,0.071428571,0.8,1,0,0.951219512
1,0.438356164,0.007299161,0.6,0,0,0.397959184,0.5,1,1,0.285714286,0.2,1,0,0.951219512
1,0.205479452,0.140752242,0.533333333,0.07298073,0,0.459183673,0.5,0.733333333,0.333333333,0.214285714,0,1,1,0.951219512
0,0.054794521,0.116028861,0.533333333,0,0,0.397959184,0.5,0.733333333,0.666666667,0.571428571,0.6,1,1,0.951219512
0,0.356164384,0.159533595,0.533333333,0,0,0.397959184,0.5,0.733333333,0,0.214285714,0.8,1,1,0.951219512
0,0.232876712,0.057944071,0.266666667,0,0,0.37755102,0.5,0.4,0.833333333,0.071428571,0.8,1,0,0.951219512
0,0.260273973,0.0832168,0.533333333,0,0,0.448979592,0.5,0.733333333,0.333333333,0.5,0,1,1,0.951219512
0,0.178082192,0.0235435,0.333333333,0,0,0.397959184,0.25,0,0.333333333,0.214285714,0,1,1,0.951219512
1,0.342465753,0.090085007,0.533333333,0,0,0.5,0.5,0.733333333,0.333333333,0.285714286,0,1,1,0.951219512
0,0.273972603,0.013114676,0.533333333,0,0,0.602040816,0.75,0.733333333,0.333333333,0.357142857,0,1,1,0.951219512
0,0.260273973,0.126658616,0.6,0,0,0.37755102,0.5,1,0,0.285714286,0.8,0.5,0,0.951219512
0,0.493150685,0.040005006,1,0,0,0.397959184,0.875,0.666666667,0.333333333,0.714285714,0,1,1,0.951219512
0,0.328767123,0.136028658,0.533333333,0,0,0.397959184,0.5,0.733333333,0.333333333,0.285714286,0,1,1,0.951219512
0,0.397260274,0.111343163,0.533333333,0,0,0.397959184,0.75,0.733333333,0.333333333,0.285714286,0,1,1,0.951219512
0,0.095890411,0.166436982,0.666666667,0,0,0.448979592,0.5,0.533333333,0.666666667,0.928571429,0.2,1,1,0.951219512
0,0.04109589,0.056580848,0.266666667,0,0,0.397959184,0.5,0.4,0.333333333,0.5,0,1,1,0.951219512
1,0.246575342,0.196103821,0.8,0.07298073,0,0.397959184,0.25,0.6,0.333333333,0.857142857,0,0.25,1,0.731707317
0,0.02739726,0.112003464,0.533333333,0,0,0.142857143,0.5,0.733333333,0.666666667,0.571428571,0.6,1,0,0.951219512
0,0.493150685,0.056678269,0.266666667,0,0,0.5,0.5,0.4,0,0.214285714,0.2,1,1,0.951219512
0,0.506849315,0.126820985,0.533333333,0,0.459366391,0.346938776,0.75,0.733333333,1,0.214285714,0.2,1,1,0.951219512
0,0.767123288,0.080979491,0.8,0,0,0.040816327,0,0.6,0.333333333,0,0,0.25,1,0.975609756
0,0.301369863,0.200701569,0.8,0,0,0.5,0.5,0.6,0.666666667,0.071428571,0.6,1,0,0.951219512
0,0.02739726,0.075893283,0.6,0,0,0.397959184,0.5,1,0.666666667,0.5,0.6,1,1,0.951219512
0,0.082191781,0.030858898,0.6,0,0,0.295918367,0.5,1,0.666666667,0.357142857,0.2,1,1,0.951219512
0,0.02739726,0.21609753,0.533333333,0,0,0.397959184,0,0.733333333,0.666666667,0,0.6,1,1,0.951219512
0,0.315068493,0.122177909,0.533333333,0,0,0.397959184,0.75,0.733333333,0.333333333,0.571428571,0,1,1,0.951219512
0,0.205479452,0.15776648,0.533333333,0,0,0.397959184,0.5,0.733333333,0.333333333,0.5,0,0.25,1,0
0,0.219178082,0.162289808,0.533333333,0,0,0.397959184,0.5,0.733333333,0.333333333,1,0,0.5,1,0.951219512
1,0.232876712,0.222306789,0.533333333,0,0,0.602040816,0.5,0.733333333,0.333333333,0.714285714,0,1,1,0.731707317
1,0.164383562,0.14046336,0.8,0,0,0.244897959,0.25,0.6,0.333333333,0.714285714,1,1,0,0.951219512
0,0.164383562,0.030537543,0.533333333,0,0,0.448979592,0.5,0.733333333,0.333333333,0.428571429,0,1,1,0.951219512
0,0.397260274,0.094065753,0.333333333,0,0,0.397959184,0.5,0,0.333333333,0.214285714,0,1,1,0.951219512
0,0.561643836,0.014504961,0.866666667,0,0,0.193877551,0.5,0.8,0,0.714285714,0.2,1,1,0.951219512
0,0.232876712,0.113044655,0.533333333,0,0,0.397959184,0.5,0.733333333,0.333333333,0.285714286,1,0.5,0,0.951219512
0,0.328767123,0.281530869,0.6,0,0,0.397959184,0.5,1,0.333333333,0.071428571,0,1,1,0.951219512
0,0.068493151,0.061887607,0.8,0,0,0.397959184,0.5,0.6,0.666666667,0.285714286,0.6,1,0,0.951219512
0,0.342465753,0.097584423,0.6,0,0,0.326530612,0.5,1,0.666666667,0.928571429,0.2,1,1,0.951219512
0,0.191780822,0.144885885,0.8,0,0,0.397959184,0.5,0.6,0.666666667,0.714285714,0.2,1,1,0.951219512
0,0.136986301,0.141037064,1,0,0,0.397959184,0.5,0.666666667,0.666666667,0.071428571,0.6,1,0,0.951219512
0,0.493150685,0.113507406,0.2,0,0,0.397959184,0.5,0.333333333,0.333333333,0.214285714,0,1,1,0.951219512
0,0.068493151,0.342131702,0.533333333,0,0,0.397959184,0,0.733333333,0.666666667,0,0.6,1,1,0.634146341
0,0.191780822,0.165127206,0.8,0.039080391,0,0.5,0.625,0.6,0.333333333,0.857142857,0,1,1,0.951219512
0,0.301369863,0.120898577,0.666666667,0,0,0.5,0.5,0.533333333,0,0.071428571,0.8,1,0,0.951219512
0,0.219178082,0.173674579,0.666666667,0,0,0.244897959,0.5,0.533333333,0,0.857142857,0.2,1,1,0.951219512
0,0.205479452,0.106010696,0.533333333,0,0,0.346938776,0.5,0.733333333,0.666666667,0.071428571,0.4,1,0,0.951219512
0,0.04109589,0.019914553,0.6,0,0,0.602040816,0.5,1,0.666666667,0.571428571,0.6,1,1,0.951219512
0,0.328767123,0.10761409,0.6,0,0,0.397959184,0.5,1,0.333333333,0.214285714,0,1,1,0.951219512
0,0.246575342,0.117808831,0.8,0,0,0.551020408,0.5,0.6,0.666666667,0.285714286,0.2,1,0,0.951219512
0,0.123287671,0.251401278,0.733333333,0.050130501,0,0.5,0.5,0.466666667,0.333333333,0.214285714,0,1,1,0.951219512
0,0.712328767,0.097490385,0.533333333,0,0,0.397959184,0,0.733333333,0.333333333,0,0,1,1,0.951219512
0,0.342465753,0.084846578,0.133333333,0,0,0.346938776,0.5,0.266666667,0.5,0.357142857,0.2,1,1,0.634146341
1,0.232876712,0.112681354,0.8,0,0,0.397959184,0.5,0.6,0.333333333,0.285714286,1,1,0,0.951219512
1,0.383561644,0.108609276,0.533333333,0,0,0.520408163,0.5,0.733333333,0.333333333,0.5,0,1,1,0.951219512
0,0.452054795,0.167980164,0.533333333,0,0,0.397959184,0,0.733333333,0.333333333,0,0,0.5,1,0.951219512
0,0.04109589,0.025784191,0.6,0,0,0.346938776,0.5,1,0.333333333,0.857142857,0,0.5,1,0.951219512
0,0.150684932,0.117285867,0.6,0,0,0.448979592,0.5,1,0.333333333,0.214285714,0,1,1,0.951219512
1,0.287671233,0.104765191,0.933333333,1,0,0.704081633,0.5,0.933333333,0.333333333,0.714285714,0,1,1,0.951219512
0,0.205479452,0.072549835,0.8,0,0,0.5,0,0.6,0,0,0.2,1,1,0.951219512
0,0.150684932,0.1167169,0.866666667,0,0,0.581632653,0.5,0.8,0.666666667,0.285714286,0.2,1,1,0.951219512
1,0.232876712,0.093273527,0.533333333,0,0,0.5,0.5,0.733333333,0.333333333,0.214285714,0,1,1,0.951219512
0,0.02739726,0.164828853,0.6,0,0,0.193877551,0.125,1,0.666666667,0.428571429,0.6,1,1,0.219512195
0,0.205479452,0.147619772,0.2,0,0,0.346938776,0.5,0.333333333,0.833333333,0.857142857,0.8,1,0,0.951219512
1,0.095890411,0.204091698,0.8,0,0,0.397959184,0.5,0.6,0.333333333,0.714285714,0,1,1,0.951219512
1,0.273972603,0.053173129,0.6,0.086140861,0,0.551020408,0.125,1,0.833333333,0.285714286,0.2,1,1,0.951219512
0,0.342465753,0.211171661,0.533333333,0,0,0.193877551,0.5,0.733333333,0,0.857142857,0.2,1,1,0.951219512
0,0.383561644,0.240002977,0.533333333,0,0,0.397959184,0.5,0.733333333,0,0.071428571,0.8,1,0,0.951219512
1,0.383561644,0.060903922,0.866666667,0.150241502,0,0.602040816,0.5,0.8,0.333333333,0.285714286,0,1,1,0.951219512
0,0.410958904,0.057363602,0.533333333,0,0,0.397959184,0,0.733333333,0,0,0.8,1,0,0.951219512
1,0.342465753,0.119101694,0.6,0.150241502,0,0.397959184,0.5,1,0.333333333,0.071428571,1,1,0,0.951219512
0,0.602739726,0.099976659,0.533333333,0,0,0.397959184,0.5,0.733333333,0.333333333,0.071428571,0,1,1,0.951219512
0,0.054794521,0.106904402,0.533333333,0,0,0.5,0.5,0.733333333,0.666666667,0.357142857,0.4,1,1,0.951219512
1,0.410958904,0.044228629,0.6,0.150241502,0,0.5,0.625,1,0.333333333,0.285714286,0,1,1,0.951219512
0,0.616438356,0.089127707,0.533333333,0,0,0.397959184,0,0.733333333,0.333333333,0,1,1,0,0.951219512
0,0.287671233,0.243738816,0.6,0,0,0.397959184,0.5,1,0.333333333,0.214285714,0,0.5,1,0.951219512
1,0.232876712,0.214464368,0.533333333,0.043860439,0,0.551020408,0.5,0.733333333,0.333333333,0.5,0,1,1,0.951219512
0,0.452054795,0.122315246,0,0,0,0.397959184,0.5,0.866666667,0.666666667,0.571428571,0.2,0.5,0,0.341463415
0,0.150684932,0.132819841,0.533333333,0,0,0.295918367,0.5,0.733333333,0.333333333,0.071428571,1,1,0,0.951219512
0,0.273972603,0.142184471,0.533333333,0,0.536960514,0.397959184,0.5,0.733333333,0.666666667,0.857142857,0.2,1,1,0.195121951
0,0.219178082,0.058662553,0.333333333,0,0,0.357142857,0.5,0,0,0.428571429,0.2,1,0,0.951219512
0,0.068493151,0.109227631,0.533333333,0,0,0.397959184,0.5,0.733333333,0.333333333,0.214285714,0,1,1,0.951219512
1,0.260273973,0.098029585,0.533333333,0,0,0.397959184,0.5,0.733333333,0.333333333,0.214285714,0,0.75,1,0.951219512
0,0.219178082,0.120249101,0.533333333,0,0,0.193877551,0,0.733333333,0.666666667,0,0.8,0.5,0,0.951219512
0,0.095890411,0.01787547,0.8,0,0,0.193877551,0.25,0.6,0.666666667,1,0.6,1,1,0.951219512
0,0.054794521,0.118927147,0.533333333,0,0,0.397959184,0.5,0.733333333,0.666666667,0.5,0.6,0.5,0,0.951219512
0,0.342465753,0.219440301,0.666666667,0,0,0.397959184,0.5,0.533333333,0.833333333,0.714285714,0.8,1,0,0.951219512
1,0.534246575,0.055516655,0.8,0,0,0.397959184,0.5,0.6,0.333333333,0.857142857,0,1,1,0.951219512
0,0.397260274,0.157930202,0.8,0.038180382,0,0.43877551,0.5,0.6,0.333333333,0.285714286,0,1,1,0.951219512
1,0.315068493,0.11917273,0.6,0.07298073,0,0.397959184,0.25,1,0.333333333,0.785714286,0,1,1,0.951219512
0,0.260273973,0.101492103,0.6,0,0,0.346938776,0.5,1,0.666666667,0.071428571,0.2,1,0,0.951219512
0,0.02739726,0.170248594,0.533333333,0,0,0.193877551,0.5,0.733333333,0.666666667,0.571428571,0.6,1,0,0.951219512
0,0.191780822,0.053704211,0.533333333,0,0,0.602040816,0.5,0.733333333,0.666666667,0.285714286,0.6,1,1,0.951219512
0,0.397260274,0.075307402,0.8,0,0,0.397959184,0.5,0.6,0.333333333,0.857142857,0,1,1,0.951219512
1,0.178082192,0.244181271,0.666666667,0,0,0.397959184,0.5,0.533333333,0,0.857142857,0.2,1,0,0.951219512
0,0.232876712,0.118082152,0.8,0,0,0.397959184,0.5,0.6,0.333333333,0.714285714,0,1,1,0.951219512
0,0.150684932,0.118705919,0.8,0,0.383149679,0.397959184,0.875,0.6,0.666666667,0.714285714,0.2,1,0,0.951219512
0,0.246575342,0.154726121,0.733333333,0,0,0.551020408,0.5,0.466666667,0.666666667,0.5,0.2,1,1,0.951219512
0,0.479452055,0.082473285,0.333333333,0,0,0.397959184,0.5,0,0,1,0.8,1,1,0.951219512
0,0.301369863,0.114779973,0.8,0,0,0.346938776,0.5,0.6,0.666666667,0.285714286,0.2,1,0,0.951219512
1,0.643835616,0.090919177,0.533333333,0,0,0.397959184,0.5,0.733333333,0.333333333,0.571428571,0,0.5,1,0
1,0.589041096,0.150576241,1,0,0.436639118,0.397959184,0.875,0.666666667,0.333333333,0.714285714,0,1,1,0.951219512
0,0.054794521,0.112357969,0.6,0,0,0.193877551,0.5,1,0.666666667,0.071428571,0.6,0.5,0,0.951219512
1,0.273972603,0.075147062,0.8,0,0,0.5,0.5,0.6,0.333333333,0.714285714,0,0.5,1,0.951219512
0,0.232876712,0.011939531,0.533333333,0,0,0.397959184,0.5,0.733333333,0.666666667,0.571428571,0.2,1,1,0.951219512
0,0.123287671,0.120257896,0.8,0,0,0.397959184,0.5,0.6,0.666666667,0.071428571,0.6,1,0,0.951219512
1,0.342465753,0.293006295,0.8,0,0,0.448979592,0.25,0.6,0.833333333,0.285714286,0.2,1,1,0.951219512
0,0.095890411,0.058183565,0.533333333,0,0,0.5,0.5,0.733333333,0.333333333,0.857142857,0,1,1,0.951219512
0,0.369863014,0.056132304,0.6,0,0,0.397959184,0.5,1,0,0.071428571,0.8,1,0,0.951219512
0,0.178082192,0.088789438,0.8,0,0,0.397959184,0.5,0.6,0.666666667,0.857142857,0.6,1,1,0.951219512
0,0.095890411,0.248141045,0.6,0,0.506198347,0.234693878,0.5,1,0.666666667,0.071428571,0.2,1,1,0.951219512
0,0.315068493,0.155829553,0.8,0.046500465,0,0.397959184,0.5,0.6,0.666666667,0.714285714,0.2,1,1,0.951219512
0,0.082191781,0.135093007,0.6,0,0,0.193877551,0.5,1,0.666666667,0.571428571,0.6,1,0,0.951219512
0,0.575342466,0.096727251,0.6,0,0,0.193877551,0.625,1,0.333333333,0.285714286,1,1,0,0.951219512
0,0.191780822,0.090321795,0.666666667,0,0,0.397959184,0.5,0.533333333,0,0.928571429,0.8,1,0,0.951219512
1,0.232876712,0.074643042,0.6,0,0,0.846938776,0.5,1,0.333333333,0.928571429,0,1,1,0.951219512
1,0.424657534,0.143498984,0.666666667,0,0,0.397959184,0.5,0.533333333,0.333333333,0.071428571,0,1,1,0.951219512
0,0.164383562,0.101027322,0.533333333,0,0,0.397959184,0.5,0.733333333,0.666666667,0.428571429,0.2,1,1,0.951219512
0,0.068493151,0.113054126,0.533333333,0,0,0.193877551,0.5,0.733333333,0.666666667,0.571428571,0.6,1,0,0.951219512
0,0.342465753,0.121389066,0.8,0,0.365013774,0.397959184,0.5,0.6,0,0.857142857,0.2,1,1,0.951219512
0,0.109589041,0.11507562,0.533333333,0,0,0.397959184,0.25,0.733333333,0.666666667,0.214285714,0.6,1,1,0.951219512
0,0.301369863,0.071101369,0.533333333,0,0,0.62244898,0.5,0.733333333,0.666666667,0.928571429,0.2,1,1,0.219512195
1,0.273972603,0.009750933,0.6,0,0.340909091,0.43877551,0.625,1,0.333333333,0.857142857,0,1,1,0.951219512
0,0.150684932,0.014996803,0.666666667,0,0,0.5,0.5,0.533333333,0.333333333,0.214285714,0,1,1,0.951219512
0,0.493150685,0.110884471,0.533333333,0,0,0.397959184,0.5,0.733333333,0.333333333,0.214285714,0,1,1,0.951219512
0,0.232876712,0.014093626,0.6,0,0,0.397959184,0.5,1,0.333333333,0.571428571,0,1,1,0.951219512
0,0.068493151,0.12914895,0.6,0,0,0.428571429,0.5,1,0.833333333,0.857142857,0.8,1,0,0.951219512
1,0.178082192,0.119122666,0.533333333,0.051780518,0,0.397959184,0.5,0.733333333,0.333333333,0.285714286,0,1,1,0.951219512
0,0.232876712,0.145505593,0.6,0,0,0.418367347,0.5,1,0.333333333,0.571428571,0,1,1,0.951219512
1,0.410958904,0.073633648,0.533333333,0,0,0.397959184,0.5,0.733333333,0.333333333,0.214285714,0,1,1,0.951219512
0,0.219178082,0.013162034,0.533333333,0,0,0.397959184,0.5,0.733333333,0.333333333,1,0,1,1,0.951219512
0,0.589041096,0.119620598,0.533333333,0,0,0.397959184,0.625,0.733333333,0.333333333,0.571428571,0,1,1,0.951219512
1,0.547945205,0.112351204,0.533333333,0,0,0.5,0.5,0.733333333,0.333333333,0.214285714,0,1,1,0.951219512
0,0.287671233,0.056761483,0.533333333,0,0,0.316326531,0.5,0.733333333,0,0.571428571,0.8,0.5,0,0.951219512
1,0.260273973,0.118156571,0.533333333,0,0,0.5,0.5,0.733333333,0.333333333,0.285714286,0,1,1,0.951219512
0,0,0.157162332,0.4,0,0,0.397959184,0.5,0.066666667,0.666666667,0.857142857,0.6,1,0,0.951219512
0,0.150684932,0.134348139,0.4,0,0,0.397959184,0.5,0.066666667,0,0.857142857,0.6,1,1,0.951219512
1,0.493150685,0.094123935,0.8,0,0,0.448979592,0.5,0.6,0.333333333,0.714285714,0,1,1,0.951219512
0,0.493150685,0.121289615,0.066666667,0,0,0.397959184,0.5,0.2,0,0.571428571,0.8,0.5,0,0.146341463
0,0.356164384,0.122771232,0.8,0,0,0.397959184,0.25,0.6,0.333333333,0.714285714,0,1,1,0.951219512
0,0.397260274,0.084291818,0.8,0,0,0.397959184,0.875,0.6,0.666666667,0.714285714,0.2,1,1,0.951219512
0,0.479452055,0.006676747,0.6,0,0,0.397959184,0.5,1,0.333333333,0.857142857,0,1,1,0.951219512
0,0.424657534,0.179792506,0.533333333,0,0,0.602040816,0.5,0.733333333,0,0.857142857,0.2,1,1,0.951219512
0,0.191780822,0.39422846,0.533333333,0,0,0.346938776,0.5,0.733333333,0.666666667,0.428571429,0.4,0.5,0,0.951219512
1,0.205479452,0.109542221,0.533333333,0,0,0.37755102,0.5,0.733333333,0.333333333,0.428571429,0,1,1,0.951219512
0,0.205479452,0.118950826,0.533333333,0,0,0.551020408,0.5,0.733333333,0.333333333,0.214285714,0,1,1,0.951219512
0,0.02739726,0.083971815,0.666666667,0,0,0.193877551,0.5,0.533333333,0.666666667,0.571428571,0.6,1,0,0.951219512
0,0.287671233,0.159163529,0.533333333,0,0,0.397959184,0.5,0.733333333,0.666666667,0.571428571,0.8,0.5,0,0.951219512
0,0.205479452,0.296225936,0.6,0,0.323232323,0.397959184,0.25,1,0,0.785714286,0.2,1,1,0.951219512
1,0.506849315,0.066872334,0.6,0,0,0.5,0.5,1,0.333333333,0.714285714,0,0.25,1,0.951219512
0,0.164383562,0.109143064,0.6,0,0,0.397959184,0.5,1,0.666666667,0.857142857,0.6,1,0,0.951219512
0,0.109589041,0.177869787,0.533333333,0,0,0.397959184,0.75,0.733333333,0.666666667,0.357142857,0.6,1,1,0.951219512
1,0.493150685,0.056678269,0.8,0,0.436639118,0.479591837,0.625,0.6,0.333333333,0.285714286,0,1,1,0.951219512
0,0.589041096,0.075573957,0.6,0,0,0.448979592,0.5,1,0.333333333,0.214285714,0,1,1,0.951219512
0,0.602739726,0.443860593,0.066666667,0,0,0.397959184,0.5,0.2,1,0.428571429,0.2,1,0,0.951219512
0,0.602739726,0.174759068,0.066666667,0,0,0.173469388,0,0.2,1,0,0.2,1,0,0.634146341
1,0.452054795,0.030827777,1,0,0,0.551020408,0.5,0.666666667,0.333333333,0.714285714,0,1,1,0.951219512
0,0.109589041,0.12555586,0.8,0,0,0.5,0.5,0.6,0.666666667,0.285714286,0.2,1,1,0.951219512
1,0.260273973,0.063720347,0.8,0,0,0.397959184,0.5,0.6,0.333333333,0.714285714,0,1,1,0.951219512
0,0.04109589,0.137479154,0.6,0,0,0.397959184,0.5,1,0.666666667,0.071428571,0.6,1,0,0.634146341
0,0.287671233,0.145678787,0.066666667,0,0,0.397959184,0.5,0.2,0.333333333,0.428571429,0,1,1,0.634146341
1,0.082191781,0.249140967,0.6,0,0,0.397959184,0.5,1,0.333333333,0.071428571,0,1,1,0.951219512
0,0.328767123,0.096579765,0.533333333,0.034180342,0,0.397959184,0,0.733333333,0.666666667,0,0.6,1,0,0.951219512
1,0.356164384,0.035414024,0.533333333,0.150241502,0,0.5,0.5,0.733333333,0.333333333,0.285714286,0,1,1,0.951219512
0,0.04109589,0.165223274,0.6,0,0,0.295918367,0,1,0.666666667,0,0.6,1,0,0.951219512
0,0.328767123,0.106844867,0.533333333,0,0.500229568,0.397959184,0.75,0.733333333,0.333333333,0.428571429,0,1,1,0.951219512
1,0.328767123,0.070121066,0.6,1,0,0.5,0.5,1,0.333333333,0.285714286,0,1,1,0.951219512
0,0.054794521,0.194951002,0.533333333,0,0,0.397959184,0.5,0.733333333,0.666666667,0.571428571,0.6,0.5,0,0.951219512
0,0.397260274,0.060507471,0.6,0.031370314,0,0.397959184,0.75,1,0.333333333,0.285714286,0,1,1,0.951219512
1,0.575342466,0.07739046,0.6,0,0,0.5,0.5,1,0.333333333,0.285714286,0,1,1,0.951219512
0,0.287671233,0.088516793,0.533333333,0,0,0.397959184,0.5,0.733333333,0.333333333,0.214285714,0,1,1,0.951219512
0,0.01369863,0.100653873,0.533333333,0,0,0.397959184,0.5,0.733333333,0.666666667,0.071428571,0.6,1,1,0.951219512
0,0.054794521,0.142211533,0.6,0,0,0.397959184,0.5,1,0.666666667,0.428571429,0.6,1,0,0.951219512
1,0.479452055,0.116529499,0.533333333,0,0,0.397959184,0.875,0.733333333,0.333333333,0.785714286,0,1,1,0.951219512
1,0.273972603,0.078769243,0.8,0,0,0.602040816,0.5,0.6,0.333333333,0.285714286,0,1,1,0.951219512
0,0.191780822,0.158413926,0.733333333,0,0,0.448979592,0.5,0.466666667,0.666666667,0.928571429,0.6,1,1,0.951219512
0,0.342465753,0.206203847,0.533333333,0,0,0.397959184,0.5,0.733333333,0,0.5,0.2,0.5,1,0.951219512
0,0.917808219,0.098431448,0.6,0,0,0.051020408,0,1,1,0,0.2,1,0,0.951219512
0,0.205479452,0.156863302,0.533333333,0,0,0.091836735,0.5,0.733333333,0.666666667,0.214285714,0.8,1,1,0.951219512
0,0.767123288,0.160175629,0.866666667,0,0,0.193877551,0.25,0.8,0.333333333,0.285714286,0,1,1,0.12195122
0,0.397260274,0.061099441,0.8,0,0,0.397959184,0.5,0.6,0,0.714285714,0.8,1,0,0.951219512
0,0.123287671,0.215123992,0.533333333,0,0,0.397959184,0.5,0.733333333,0.833333333,0.571428571,0.2,1,1,0.951219512
0,0.109589041,0.08862301,0.333333333,0,0,0.234693878,0.5,0,0.666666667,0.642857143,0.6,1,0,0.951219512
1,0.369863014,0.073060621,0.933333333,1,0,0.602040816,0.5,0.933333333,0.333333333,0.714285714,0,1,1,0.951219512
0,0.493150685,0.061111619,0.4,0,0,0.397959184,0.5,0.066666667,0,1,0.2,1,1,0.048780488
1,0.657534247,0.22452042,0.866666667,0.055560556,0,0.5,0.5,0.8,0.333333333,0.714285714,0,1,1,0.951219512
1,0.424657534,0.242088065,0.8,0,0.554407713,0.5,0.5,0.6,0.333333333,0.857142857,0,1,1,0.951219512
0,0.383561644,0.067456862,0.6,0.046500465,0,0.397959184,0.5,1,0,0.857142857,0.2,1,1,0.951219512
0,0.657534247,0.098177747,0.533333333,0,0,0.5,0.625,0.733333333,0.333333333,0.857142857,0,1,1,0.951219512
1,0.410958904,0.1724629,0.666666667,0,0,0.602040816,0.5,0.533333333,0.333333333,0.214285714,0,1,1,0
0,0.260273973,0.023695721,0.533333333,0,0,0.397959184,0.5,0.733333333,0.666666667,0.571428571,0.2,0.5,0,0.951219512
0,0.136986301,0.134459768,0.533333333,0,0,0.397959184,0.5,0.733333333,0.333333333,0.214285714,0,1,1,0.951219512
1,0.369863014,0.093130778,0.933333333,0,0,0.602040816,0.75,0.933333333,0.333333333,0.714285714,0,0.25,1,0.87804878
0,0.301369863,0.148090642,0.533333333,0,0,0.5,0.75,0.733333333,0.333333333,0.571428571,0,1,1,0.951219512
0,0.082191781,0.040396722,0.8,0,0,0.520408163,0.875,0.6,0.666666667,0.071428571,0.6,0.25,0,0.951219512
1,0.164383562,0.222842607,0.533333333,0,0.359044995,0.5,0.75,0.733333333,0.5,1,0.4,0.25,1,0.463414634
0,0.082191781,0.11795361,0.8,0,0,0.153061224,0.875,0.6,0.666666667,0.071428571,0.2,1,1,0.951219512
0,0.506849315,0.085962188,0.533333333,0,0,0.397959184,0.5,0.733333333,1,0.071428571,0.8,1,0,0.951219512
0,0.273972603,0.113119074,0.333333333,0,0,0.397959184,0.5,0,0.333333333,0.357142857,0,1,1,0.951219512
0,0.726027397,0.131212389,0.333333333,0,0,0.5,0.5,0,0.333333333,0.5,0,1,1,0.951219512
0,0.410958904,0.087407272,0.266666667,0,0,0.397959184,0.875,0.4,0,0.571428571,0.2,1,0,0.951219512
1,0.575342466,0.066662607,0.533333333,0,0,0.37755102,0.5,0.733333333,0,0.214285714,0.2,1,1,0.951219512
0,0.301369863,0.026995193,0.533333333,0,0,0.397959184,0.75,0.733333333,0.333333333,0.285714286,0,1,1,0.951219512
1,0.178082192,0.140627082,0.533333333,0,0.424242424,0.5,0.5,0.733333333,0.333333333,0.214285714,0,1,1,0.951219512
0,0.397260274,0.108894098,0.533333333,0,0,0.397959184,0.5,0.733333333,0.333333333,0.214285714,0,1,1,0.951219512
1,0.205479452,0.205873021,0.866666667,0,0,0.397959184,0.875,0.8,0.333333333,0.285714286,0,1,1,0.951219512
1,0.356164384,0.123367262,0.8,0,0,0.479591837,0.5,0.6,0.333333333,0.214285714,0,1,1,0.951219512
0,0.150684932,0.013187742,0.8,0,0,0.397959184,0.5,0.6,0.666666667,0.428571429,0.6,1,1,0.951219512
0,0.356164384,0.134787889,0.6,0,0.383149679,0.448979592,0.5,1,0.666666667,0.071428571,0.2,1,1,0.951219512
0,0.904109589,0.175874678,0.533333333,0,0,0.193877551,0.625,0.733333333,0,0.857142857,0.2,1,1,0.951219512
0,0.082191781,0.142712847,0.533333333,0,0,0.397959184,0.5,0.733333333,0.333333333,0.5,0,0.75,1,0.634146341
0,0.589041096,0.080101345,0.6,0,0,0.551020408,0.5,1,0.333333333,0.214285714,0,1,1,0.951219512
0,0.01369863,0.104769927,0.466666667,0,0,0.234693878,0.5,0.133333333,0.666666667,0.857142857,0.6,1,1,0.951219512
1,0.260273973,0.078550722,0.8,0.047870479,0,0.397959184,0.5,0.6,0,0.285714286,0.2,1,1,0.951219512
0,0.164383562,0.014554348,0.6,0,0,0.193877551,0.875,1,0,0.071428571,0.6,1,1,0.951219512
0,0.410958904,0.06656045,0.8,0,0,0.5,0.5,0.6,0.833333333,0.714285714,0.8,1,0,0.951219512
1,0.547945205,0.18833176,1,0,0,0.602040816,0.875,0.666666667,0,0.714285714,0.2,1,1,0.951219512
0,0.04109589,0.046586362,0.6,0,0,0.244897959,0.5,1,0.666666667,0.857142857,0.2,1,0,0.951219512
0,0.191780822,0.080699404,0.266666667,0,0,0.397959184,0.5,0.4,0.666666667,0.5,0.2,1,1,0.951219512
1,0.191780822,0.118942707,0.8,0,0,0.724489796,0.5,0.6,0.666666667,0.714285714,0.2,1,0,0.951219512
0,0.02739726,0.239214134,0.6,0,0,0.316326531,0.5,1,0.666666667,1,0.6,1,1,0.951219512
0,0.164383562,0.241408145,0.533333333,0,0,0.397959184,0.5,0.733333333,0,0.071428571,0.2,1,0,0.951219512
1,0.561643836,0.146952707,0.6,0,0,0.193877551,0.625,1,1,0.857142857,0.2,1,0,0.951219512
0,0.02739726,0.269436411,0.533333333,0,0,0.397959184,0.5,0.733333333,0.666666667,0.071428571,0.2,1,0,0.951219512
1,0.191780822,0.181746346,0.8,0,0,0.397959184,0.5,0.6,0.666666667,0.285714286,0.2,1,0,0.951219512
1,0.383561644,0.014752573,0.8,0,0,0.37755102,0.625,0.6,0.333333333,0.285714286,0,1,1,0.951219512
0,0.342465753,0.125199325,0.533333333,0,0,0.448979592,0.5,0.733333333,0.333333333,0.571428571,0,1,1,0.951219512
0,0.342465753,0.134787889,0.4,0,0,0.397959184,0.5,0.066666667,0.333333333,0.5,0,1,1,0.951219512
0,0.383561644,0.154298549,0.6,0,0,0.551020408,0.5,1,0,0.857142857,0.2,1,0,0.951219512
0,0.315068493,0.110352036,0.666666667,0,0,0.193877551,0.5,0.533333333,0,0.714285714,0.2,1,0,0.951219512
0,0.520547945,0.128790385,0.8,0,0,0.346938776,0.5,0.6,0.666666667,0.285714286,0.2,1,0,0.951219512
0,0.136986301,0.175438312,0.2,0,0,0.234693878,0.5,0.333333333,0.666666667,0.571428571,0.2,1,1,0
1,0.602739726,0.072659434,0.933333333,0.150241502,0,0.193877551,0.5,0.933333333,0.333333333,0.714285714,0,1,1,0.951219512
0,0.109589041,0.102971014,0.733333333,0,0,0.448979592,0.5,0.466666667,0.666666667,0.285714286,0.6,1,1,0.951219512
1,0.356164384,0.192965365,0.933333333,0,0,0.602040816,0.75,0.933333333,0.333333333,0.714285714,0,1,1,0.951219512
1,0.328767123,0.124168958,1,0,0.436639118,0.397959184,0.5,0.666666667,0.333333333,0.285714286,1,1,0,0.951219512
0,0.150684932,0.114666991,0.8,0,0,0.5,0.5,0.6,0.666666667,0.571428571,0.2,1,0,0.951219512
0,0.561643836,0.069058903,0.6,0,0,0.295918367,0,1,0.333333333,0,0,0.5,1,0.951219512
0,0.178082192,0.102849914,0.533333333,0,0,0.346938776,0.5,0.733333333,0.666666667,0.857142857,0.2,1,0,0.951219512
0,0.287671233,0.131698819,0.533333333,0,0,0.653061224,0.625,0.733333333,0.333333333,0.285714286,0,1,1,0.951219512
0,0.150684932,0.105338218,0.533333333,0,0,0.397959184,0.5,0.733333333,0.666666667,0.571428571,0.6,1,0,0.951219512
0,0.054794521,0.343644439,0.6,0,0,0.397959184,0,1,0.666666667,0,0.6,1,0,0.951219512
0,0.02739726,0.052100141,0.6,0,0,0.346938776,0.5,1,0.666666667,0.5,0.6,1,0,0.951219512
0,0.657534247,0.090570761,0.2,0,0.38292011,0.306122449,0.5,0.333333333,1,0.642857143,0.2,0.5,0,0.951219512
0,0.753424658,0.064003816,0.666666667,0,0,0.397959184,0.5,0.533333333,1,0.071428571,0.2,1,0,0.951219512
0,0.520547945,0.064286608,0.666666667,0,0,0.397959184,0.5,0.533333333,0.333333333,0.5,0,1,1,0.951219512
0,0.328767123,0.213895401,0.066666667,0,0,0.346938776,0.5,0.2,0.333333333,0.214285714,0,1,1,0.634146341
0,0.164383562,0.098116858,0.666666667,0,0,0.397959184,0.125,0.533333333,0.666666667,0.714285714,0.2,1,0,0.951219512
0,0.136986301,0.181032599,0.6,0,0,0.397959184,0.5,1,0,0.571428571,0.2,1,1,0.951219512
0,0.136986301,0.265294649,0.6,0,0,0.397959184,0.5,1,0.666666667,0.428571429,0.2,0.5,1,0.951219512
1,0.205479452,0.269485121,0.533333333,0,0.433195592,0.602040816,0.75,0.733333333,0.333333333,1,0,1,1,0.951219512
1,0.452054795,0.073848111,0.4,0,0.561065197,0.397959184,0.625,0.066666667,0.666666667,0.285714286,0.4,1,1,0.951219512
1,0.438356164,0.198904686,0.533333333,0,0,0.397959184,0.625,0.733333333,0.333333333,0.285714286,0,1,1,0.951219512
1,0.698630137,0.117761473,0.533333333,0,0,0.091836735,0.5,0.733333333,1,0.285714286,0.2,1,0,0.951219512
1,0.438356164,0.222222222,0.866666667,0.051780518,0,0.397959184,0.75,0.8,0.333333333,0.285714286,0,1,1,0.951219512
0,0.301369863,0.180774162,0.6,0,0,0.397959184,0.5,1,0,0.285714286,0.8,1,0,0.634146341
0,0.04109589,0.016203069,0.733333333,0,0,0.397959184,0.5,0.466666667,0.666666667,0.071428571,0.2,1,0,0.951219512
0,0.068493151,0.17335593,0.8,0,0,0.5,0.5,0.6,0.666666667,0.714285714,0.2,1,1,0.951219512
1,0.506849315,0.090835963,0.533333333,0,0,0.540816327,0.5,0.733333333,0.333333333,0.071428571,0,1,1,0.951219512
0,0.465753425,0.077289656,0.533333333,0,0,0.602040816,0.5,0.733333333,0.833333333,0.214285714,0.2,1,1,0.951219512
1,0.287671233,0.118877083,0.8,0,0,0.448979592,0.5,0.6,0.333333333,0.928571429,0,1,1,0.951219512
0,0.02739726,0.086714498,0.4,0,0,0.244897959,0.5,0.066666667,0.666666667,0.214285714,0.4,1,1,0.951219512
0,0.643835616,0.223398721,0.533333333,0,0,0.397959184,0.5,0.733333333,0.333333333,0.5,0,1,1,0.951219512
0,0.082191781,0.230513187,0.4,0,0,0.346938776,0.5,0.066666667,0.666666667,0.214285714,0.8,1,1,0.951219512
0,0.287671233,0.113114338,0.8,0,0,0.5,0.75,0.6,0.333333333,0.714285714,0,1,1,0.951219512
1,0.506849315,0.11062671,0.8,0,0,0.397959184,0.75,0.6,0.333333333,0.285714286,0,1,1,0.951219512
1,0.424657534,0.152383272,0.8,0.076880769,0,0.653061224,0.5,0.6,0.333333333,0.285714286,0,1,1,0.951219512
1,0.342465753,0.147714488,0.333333333,0,0,0.397959184,0.5,0,0.666666667,1,0.8,1,1,0.951219512
0,0.02739726,0.058398704,0.6,0,0,0.193877551,0.5,1,0.666666667,0.571428571,0.6,1,0,0.951219512
1,0.356164384,0.136362191,0.533333333,0,0,0.418367347,0.5,0.733333333,0.166666667,0.214285714,1,0.5,0,0.951219512
0,0.04109589,0.167445023,0.533333333,0,0,0.397959184,0.5,0.733333333,0.666666667,0.428571429,0.6,0.5,1,0.951219512
0,0.109589041,0.110811405,0.866666667,0,0,0.367346939,0.875,0.8,0.666666667,0.714285714,0.2,1,0,0.951219512
0,0.109589041,0.182886311,0.666666667,0,0,0.397959184,0.5,0.533333333,0.666666667,0.928571429,0.8,0.5,0,0.951219512
0,0.164383562,0.090949622,0.533333333,0,0,0.448979592,0.5,0.733333333,0.666666667,1,0.2,1,0,0.951219512
0,0.04109589,0.075743092,0.6,0,0,0.397959184,0,1,0.666666667,0,0.6,1,0,0.951219512
0,0.342465753,0.119257297,0.8,0,0,0.397959184,0.5,0.6,0.333333333,0.714285714,0,1,1,0.951219512
0,0.219178082,0.14142269,0.666666667,0,0,0.397959184,0.5,0.533333333,0.666666667,0.5,0.8,0.5,0,0.951219512
1,0.602739726,0.128420996,0.533333333,0,0.436639118,0.397959184,0,0.733333333,0.333333333,0,0,1,1,0.951219512
0,0.095890411,0.117403585,0.6,0,0,0.397959184,0.5,1,0.666666667,0.857142857,0.6,1,0,0.951219512
1,0.452054795,0.079417366,0.8,0,0,0.5,0.5,0.6,0,0.285714286,0.2,1,0,0.951219512
0,0.095890411,0.28420725,0.8,0,0,0.397959184,0.5,0.6,0.666666667,0.857142857,0.4,1,1,0.951219512
0,0.356164384,0.058791095,0.8,0,0,0.397959184,0.875,0.6,0,0.714285714,0.2,1,0,0.951219512
0,0.054794521,0.184265771,0.6,0,0,0.193877551,0.5,1,0.666666667,0.857142857,0.6,1,0,0.951219512
1,0.273972603,0.061453946,0.8,0,0.424242424,0.397959184,0.5,0.6,0.333333333,0.285714286,1,1,0,0.951219512
1,0.438356164,0.092187685,0.8,0,0,0.551020408,0.5,0.6,0.333333333,0.714285714,0,1,1,0.951219512
1,0.315068493,0.140030377,0.533333333,0.076880769,0,0.5,0.5,0.733333333,0.333333333,0.285714286,0,1,1,0.951219512
0,0.178082192,0.159093846,0.6,0,0,0.397959184,0.5,1,0.333333333,0.5,0,1,1,0.658536585
0,0.315068493,0.264705385,0.6,0,0,0.5,0.75,1,0.333333333,0.214285714,0,1,1,0.951219512
1,0.315068493,0.128692964,0.933333333,0.076880769,0,0.479591837,0.5,0.933333333,0.333333333,0.714285714,0,1,1,0
0,0.506849315,0.199375556,0.6,0,0,0.397959184,0.5,1,0,0.071428571,0.2,1,0,0.951219512
0,0.109589041,0.199584606,0.8,0,0,0.397959184,0.25,0.6,0,0.714285714,0.8,1,0,0.951219512
0,0.301369863,0.020133075,0.4,0,0,0.397959184,0.5,0.066666667,0.333333333,1,0,1,1,0.951219512
0,0.232876712,0.071183907,0.8,0,0,0.193877551,0.875,0.6,0.333333333,0.071428571,0,1,1,0.536585366
1,0.342465753,0.15136576,0.533333333,0,0,0.397959184,0.5,0.733333333,0.333333333,0.214285714,0,1,1,0
0,0.205479452,0.106149386,0.533333333,0,0,0.040816327,0,0.733333333,0.333333333,0,0,1,1,0.951219512
0,0.054794521,0.285374954,0.6,0,0,0.397959184,0.5,1,0.666666667,0.071428571,0.2,1,0,0.951219512
0,0.095890411,0.269366051,0.6,0,0,0.142857143,0.5,1,0.666666667,0.214285714,0.6,1,1,0.951219512
0,0.068493151,0.063972018,0.333333333,0,0,0.295918367,0.5,0,0.666666667,0.214285714,0.4,1,1,0.951219512
0,0.410958904,0.055024812,0.6,0,0,0.326530612,0.25,1,0,0.071428571,0.2,1,0,0.951219512
0,0.082191781,0.098129036,0.8,0,0,0.397959184,0.25,0.6,0.666666667,0.714285714,0.2,1,0,0.951219512
0,0.287671233,0.078307845,0.6,0,0,0.602040816,0.5,1,0.333333333,0.857142857,0,1,1,0.951219512
0,0.287671233,0.013313578,0.266666667,0,0,0.397959184,0.5,0.4,0.333333333,0.071428571,0,1,1,0.951219512
0,0.232876712,0.016090764,0.533333333,0.039080391,0,0.459183673,0.5,0.733333333,0.333333333,0.214285714,0,1,1,0.951219512
0,0.219178082,0.119460259,0.533333333,0,0,0.397959184,0.5,0.733333333,0.333333333,0.5,0,1,1,0.951219512
0,0.698630137,0.121102215,0.2,0,0,0.142857143,0,0.333333333,1,0,0.2,1,0,0.951219512
0,0.136986301,0.209247589,0.533333333,0,0,0.397959184,0.5,0.733333333,0.666666667,0.071428571,0.6,0.5,0,0.951219512
1,0.369863014,0.503054904,0.533333333,0,0,0.704081633,0.5,0.733333333,0.333333333,0.214285714,0,1,1,0.951219512
1,0.328767123,0.245746102,0.8,0,0,0.397959184,0.75,0.6,0.333333333,0.071428571,1,1,0,0.951219512
0,0.219178082,0.180559699,0.533333333,0,0,0.602040816,0.5,0.733333333,0.333333333,0.714285714,0,1,1,0.951219512
1,0.342465753,0.181061014,0.8,0,0,0.397959184,0.5,0.6,0.333333333,0.928571429,0,1,1,0.951219512
0,0.246575342,0.151967201,0.8,0,0,0.602040816,0.5,0.6,0.333333333,0.285714286,0,1,1,0.951219512
0,0.315068493,0.115560021,0.8,0,0,0.397959184,0.5,0.6,0.666666667,0.857142857,0.6,1,0,0.951219512
1,0.260273973,0.118479279,0.866666667,0,0,0.5,0.25,0.8,0.666666667,0.714285714,0.2,1,1,0.951219512
0,0.739726027,0.14669021,0.533333333,0,0,0.326530612,0.25,0.733333333,1,0.285714286,0.4,1,0,0.951219512
0,0.493150685,0.108723611,0.6,0,0,0.244897959,0.5,1,0.333333333,0.857142857,0,1,1,0.951219512
0,0.383561644,0.021910339,0.6,0,0,0.397959184,0.75,1,0.333333333,0.428571429,0,1,1,0.951219512
0,0.178082192,0.092852045,0.6,0,0,0.397959184,0.5,1,0.333333333,0.857142857,0,1,1,0.951219512
0,0.479452055,0.132612821,0.533333333,0,0,0.295918367,0.5,0.733333333,0,0.571428571,0.4,1,1,0.951219512
0,0.054794521,0.152750632,0.533333333,0,0,0.397959184,0.5,0.733333333,0.333333333,0.5,0,1,1,0.951219512
0,0.712328767,0.064887373,0.8,0,0,0.244897959,0.5,0.6,0.333333333,1,0,1,1,0
0,0.589041096,0.087472896,0.866666667,0,0,0.397959184,0,0.8,0.333333333,0,0,1,1,0.951219512
0,0.397260274,0.118451541,0.8,0,0.345270891,0.397959184,0.5,0.6,0.666666667,0.857142857,0.2,1,1,0.951219512
1,0.219178082,0.092617286,0.933333333,0,0.453856749,0.5,0.5,0.933333333,0.333333333,0.714285714,0,1,1,0.951219512
1,0.438356164,0.139738789,0.933333333,0,0,0.602040816,0.625,0.933333333,0.333333333,0.714285714,0,1,1,0.951219512
1,0.246575342,0.080003924,0.866666667,0,0.359044995,0.397959184,0.5,0.8,0.666666667,0.714285714,0.6,1,1,0.951219512
1,0.602739726,0.056419832,0.733333333,0.03103031,0,0.397959184,0.125,0.466666667,0.333333333,0.285714286,0,0.25,1,0.951219512
0,0.068493151,0.150432138,0.533333333,0,0,0.397959184,0.5,0.733333333,0.666666667,1,0.6,1,1,0.951219512
0,0.753424658,0.093163928,0.2,0,0,0.346938776,0.5,0.333333333,0.333333333,0.357142857,0,1,1,0.951219512
1,0.342465753,0.135719481,0.8,0,0,0.704081633,0.5,0.6,0.333333333,0.857142857,0,1,1,0.951219512
0,0.136986301,0.018230652,0.533333333,0,0,0.397959184,0.5,0.733333333,0.333333333,0.214285714,0,1,1,0.951219512
0,0.561643836,0.118246551,0.8,0,0,0.62244898,0.5,0.6,0.666666667,0.714285714,0.2,1,0,0.048780488
0,0.246575342,0.140460654,0.666666667,0,0,0.397959184,0.5,0.533333333,0.666666667,0.071428571,0.2,0.5,0,0.951219512
0,0.369863014,0.276814727,0.533333333,0,0,0.397959184,0.5,0.733333333,0,0.071428571,0.8,1,0,0.951219512
0,0.410958904,0.101310791,0.8,0,0,0.704081633,0.5,0.6,0.333333333,0.857142857,0,1,1,0.951219512
1,0.410958904,0.126089648,0.8,0,0,0.397959184,0.25,0.6,0.333333333,0.714285714,0,1,1,0.951219512
1,0.397260274,0.137749769,0.866666667,0.047870479,0,0.602040816,0.5,0.8,0.666666667,0.285714286,0.2,1,1,0.951219512
0,0.082191781,0.275532689,0.533333333,0,0,0.540816327,0.5,0.733333333,0.333333333,0.285714286,0,1,1,0.951219512
1,0.424657534,0.005419741,0.533333333,0,0,0.367346939,0.5,0.733333333,0,0.071428571,0.2,1,0,0.951219512
0,0.178082192,0.066269539,0.333333333,0,0,0.551020408,0.5,0,0.333333333,1,0,1,1,0.951219512
0,0.712328767,0.135959651,0.666666667,0,0,0.244897959,0.5,0.533333333,1,0.857142857,0.2,1,0,0.951219512
1,0.410958904,0.101447452,0.8,0,0,0.346938776,0.25,0.6,0,0.714285714,0.2,1,0,0.951219512
0,0.191780822,0.120670584,0.866666667,0,0,0.397959184,0.75,0.8,0.333333333,0.857142857,0,0.25,1,0
0,0.260273973,0.131407232,0.8,0,0,0.397959184,0.75,0.6,0.666666667,0.214285714,0.6,1,1,0.951219512
0,0.602739726,0.137678056,0.533333333,0,0,0.397959184,0.5,0.733333333,0,0.857142857,0.2,1,1,0.951219512
0,0.342465753,0.134122852,0.133333333,0,0,0.397959184,0.5,0.266666667,0.833333333,0.071428571,0.4,1,1,0.195121951
1,0.410958904,0.061120413,0.866666667,0.150241502,0,0.551020408,0.5,0.8,0.333333333,0.285714286,0,1,1,0.951219512
1,0.602739726,0.056685711,0.933333333,0,0,0.5,0.75,0.933333333,0.333333333,0.714285714,0,1,1,0.219512195
0,0.164383562,0.115171012,0.533333333,0,0,0.397959184,0.5,0.733333333,0.666666667,0.214285714,0.2,0,1,0.951219512
0,0.123287671,0.267998092,0.6,0,0,0.37755102,0,1,0.166666667,0,0,0.5,1,0.951219512
0,0.424657534,0.073670858,0.6,0,0,0.520408163,0.25,1,0,0.285714286,0.2,1,0,0.951219512
0,0.616438356,0.111454792,0.533333333,0,0,0.397959184,0.5,0.733333333,0.333333333,0.785714286,0,0.5,1,0.951219512
0,0.260273973,0.098827223,0.533333333,0,0,0.5,0.5,0.733333333,0.666666667,0.5,0.2,1,1,0.951219512
0,0.301369863,0.0132351,0.6,0.028290283,0,0.908163265,0.75,1,0.333333333,0.357142857,0,1,1,0.951219512
0,0.164383562,0.027644669,0.533333333,0,0,0.367346939,0.5,0.733333333,0.666666667,0.071428571,0.2,0.5,1,0.951219512
1,0.328767123,0.245778576,0.6,0,0,0.602040816,0.75,1,0.333333333,0.857142857,0,1,1,0.634146341
0,0.246575342,0.073076858,0.6,0,0,0.448979592,0.75,1,0.333333333,0.285714286,0,1,1,0.951219512
0,0.205479452,0.040825646,1,0.033250333,0,0.448979592,0.5,0.666666667,0.666666667,0.714285714,0.2,1,1,0.951219512
0,0.123287671,0.157098737,0.266666667,0,0,0.346938776,0.5,0.4,0.666666667,0.571428571,0.2,1,1,0.951219512
0,0.410958904,0.106145327,0.866666667,0,0,0.346938776,0.5,0.8,0.666666667,0.714285714,0.2,1,0,0.951219512
0,0.02739726,0.253165011,0.6,0,0,0.153061224,0.5,1,0.666666667,0.428571429,0.6,1,1,0.951219512
0,0.054794521,0.063399668,0.533333333,0,0,0.193877551,0.5,0.733333333,0.666666667,0.571428571,0.4,1,0,0.951219512
0,0.246575342,0.033189569,0.533333333,0,0,0.397959184,0,0.733333333,0.333333333,0,0,1,1,0.951219512
0,0.520547945,0.108487499,0.533333333,0,0,0.397959184,0.5,0.733333333,0.333333333,1,0,1,1,0.951219512
1,0.315068493,0.12042703,0.8,0,0,0.397959184,0.625,0.6,0.333333333,0.857142857,0,1,1,0
0,0.054794521,0.079119013,0.6,0,0,0.397959184,0.5,1,0.666666667,0.071428571,0.6,1,1,0.951219512
1,0.616438356,0.062623003,0.866666667,0,0,0.397959184,0.5,0.8,0.333333333,0.071428571,0,0.25,1,0.073170732
0,0.287671233,0.125043045,0.6,0,0,0.193877551,0.5,1,0,0.071428571,0.8,0.5,0,0.951219512
1,0.424657534,0.088243472,0.866666667,0,0,0.397959184,0.25,0.8,0.333333333,0.714285714,0,1,1,0.951219512
0,0.369863014,0.205454921,0.866666667,0,0,0.551020408,0.5,0.8,0,0.571428571,0.2,1,0,0.951219512
0,0.191780822,0.089752151,0.8,0,0,0.602040816,0.75,0.6,0,0.214285714,0.2,1,1,0.951219512
0,0.246575342,0.118682241,0.533333333,0,0,0.397959184,0.5,0.733333333,0.666666667,0.5,0.2,1,1,0.951219512
0,0.246575342,0.168273105,0.6,0,0,0.397959184,0.5,1,0.5,0.071428571,0.2,0.5,0,0.951219512
0,0.054794521,0.040819557,0.6,0,0,0.448979592,0,1,0.666666667,0,0.6,1,1,0.951219512
0,0.191780822,0.201158232,0.866666667,0,0,0.051020408,0.5,0.8,0.333333333,0.714285714,0,0.25,1,0.853658537
0,0.136986301,0.12084716,0.533333333,0,0,0.448979592,0.625,0.733333333,0.666666667,0.857142857,0.6,1,1,0.951219512
1,0.465753425,0.190046783,1,0.150241502,0,0.602040816,0.5,0.666666667,0.333333333,0.714285714,0,1,1,0.487804878
0,0.01369863,0.011702066,0.4,0,0,0.397959184,0.75,0.066666667,0.666666667,0.214285714,0.6,1,1,0.951219512
0,0.054794521,0.109448859,0.666666667,0,0,0.193877551,0.5,0.533333333,0.666666667,0.571428571,0.6,1,0,0.951219512
0,0.191780822,0.187809474,0.666666667,0,0,0.397959184,0.5,0.533333333,0.666666667,0.928571429,0.2,1,1,0.951219512
0,0.150684932,0.050287021,0.533333333,0,0,0.295918367,0.25,0.733333333,0.666666667,0.571428571,0.6,0.5,1,0.951219512
0,0.164383562,0.145864835,0.6,0,0,0.397959184,0.5,1,0,0.5,0.2,0.5,1,0.951219512
0,0.054794521,0.156974931,0.266666667,0,0,0.295918367,0.5,0.4,0.666666667,0.214285714,0.6,1,1,0.195121951
0,0.273972603,0.266812122,0.2,0,0,0.448979592,0.5,0.333333333,0.333333333,0.214285714,0,1,1,0.634146341
0,0.328767123,0.171992707,0.533333333,0,0,0.397959184,0.5,0.733333333,0.666666667,0.571428571,0.6,1,1,0.951219512
1,0.575342466,0.065090335,0.866666667,0,0,0.448979592,0.5,0.8,0.333333333,0.285714286,0,1,1,0.951219512
0,0.369863014,0.125948928,0.533333333,0,0,0.397959184,0.5,0.733333333,0.333333333,0.214285714,0,1,1,0.951219512
1,0.657534247,0.123245485,0.8,0,0,0.397959184,0.5,0.6,0.333333333,0.214285714,0,1,1,0.219512195
0,0.178082192,0.207334341,0.666666667,0,0,0.346938776,0.5,0.533333333,0.333333333,0.928571429,1,1,0,0.268292683
1,0.328767123,0.038595103,0.533333333,0,0,0.448979592,0.5,0.733333333,0.333333333,0.214285714,0,1,1,0.951219512
0,0.328767123,0.144571295,0.8,0,0,0.397959184,0.5,0.6,0.666666667,0.714285714,0.2,0.5,1,0.951219512
0,0.246575342,0.106478183,0.4,0,0,0.653061224,0.5,0.066666667,0.333333333,0.857142857,0,1,1,0.951219512
0,0.369863014,0.182602166,0.733333333,0,0,0.602040816,0.5,0.466666667,0.333333333,0.714285714,0,0.5,1,0.951219512
0,0.246575342,0.120977055,0.533333333,0,0,0.397959184,0.5,0.733333333,0.333333333,0.857142857,0,1,1,0.951219512
0,0.328767123,0.135828403,0.733333333,0,0,0.5,0.5,0.466666667,0.666666667,0.071428571,0.2,0.75,0,0.951219512
0,0.424657534,0.132914557,0.133333333,0,0,0.397959184,0.5,0.266666667,0,0.5,0.8,0.75,0,0.146341463
0,0.191780822,0.102566444,0.6,0,0,0.397959184,0,1,0.666666667,0,0.8,0.5,0,0.951219512
1,0.534246575,0.182487831,0.933333333,0,0,0.448979592,0.5,0.933333333,0.333333333,0.714285714,0,1,1,0.951219512
0,0.260273973,0.114946401,0.6,0,0,0.397959184,0.5,1,0.666666667,0.214285714,0.2,1,1,0.951219512
0,0.342465753,0.128161882,0.6,0,0,0.397959184,0.25,1,0.666666667,0.214285714,0.2,1,1,0.951219512
0,0.273972603,0.253799603,0.6,0,0,0.367346939,0.5,1,0.333333333,0.071428571,0,1,1,0.951219512
0,0.02739726,0.328207886,0.2,0,0,0.346938776,0,0.333333333,0.666666667,0,0.2,1,0,0.634146341
0,0.164383562,0.129589376,0.8,0,0,0.397959184,0.5,0.6,0.666666667,0.714285714,0.2,0.5,1,0.951219512
1,0.191780822,0.059926325,0.866666667,0,0,0.5,0.875,0.8,0,0.285714286,0.8,1,0,0.951219512
1,0.328767123,0.136631453,0.6,0,0.436639118,0.724489796,0.25,1,0.333333333,0.785714286,0,1,1,0.951219512
0,0.109589041,0.061006755,0.8,0,0,0.397959184,0.5,0.6,0.333333333,0.285714286,0,1,1,0.951219512
1,0.465753425,0.103505478,0.666666667,0,0,0.459183673,0.5,0.533333333,0,0.857142857,0.2,1,1,0.951219512
0,0.246575342,0.149708243,0.533333333,0,0,0.5,0.5,0.733333333,0,0.571428571,0.6,1,0,0.951219512
0,0.602739726,0.145255274,0.6,0,0,0.397959184,0,1,0.5,0,0.2,1,1,0.951219512
0,0.493150685,0.068490611,0.533333333,0,0,0.397959184,0.5,0.733333333,0.333333333,0.785714286,0,1,1,0.951219512
0,0.328767123,0.070431597,0.6,0,0,0.397959184,0.5,1,0.333333333,0.214285714,0,1,1,0.951219512
0,0.01369863,0.131298309,0.333333333,0,0,0.397959184,0.375,0,0.666666667,0,0.6,1,1,0.951219512
0,0.136986301,0.152885263,0.6,0,0,0.091836735,0.5,1,0.666666667,0.571428571,0.8,1,0,0.951219512
0,0.397260274,0.056690447,0.266666667,0,0,0.397959184,0.5,0.4,0.833333333,0.214285714,0.8,1,0,0.951219512
0,0.054794521,0.195461111,0.6,0,0,0.397959184,0.5,1,0.666666667,0.5,0.6,1,0,0.951219512
0,0.342465753,0.087790192,0.6,0,0,0.316326531,0.25,1,0,0.928571429,0.8,1,0,0.951219512
0,0.438356164,0.19752252,0.866666667,0,0,0.704081633,0.25,0.8,0.833333333,0.714285714,0.8,1,0,0.951219512
0,0.01369863,0.049538094,0.466666667,0,0,0.112244898,0.5,0.133333333,0.666666667,0.857142857,0.6,1,0,0.951219512
0,0.369863014,0.070096711,0.666666667,0,0,0.397959184,0.75,0.533333333,1,0.714285714,0.8,1,0,0.951219512
0,0.082191781,0.092295931,0.533333333,0,0,0.346938776,0.5,0.733333333,0.333333333,0.071428571,0.4,1,0,0.951219512
0,0.520547945,0.185832631,0.333333333,0,0,0.448979592,0.25,0,0.333333333,0.214285714,0,1,1,0.951219512
1,0.438356164,0.10363402,0.533333333,0.076880769,0,0.551020408,0.5,0.733333333,0.333333333,0.285714286,0,1,1,0.951219512
0,0.150684932,0.028386154,0.533333333,0,0,0.602040816,0.5,0.733333333,0,1,0.2,1,1,0.951219512
0,0.301369863,0.077996638,0.533333333,0,0,0.397959184,0.5,0.733333333,0.666666667,0.071428571,0.2,1,0,0.951219512
0,0.328767123,0.210196771,0.533333333,0.023540235,0,0.397959184,0.5,0.733333333,0.833333333,0.071428571,0.2,0.5,1,0.951219512
1,0.136986301,0.150447699,0.6,0,0,0.397959184,0.5,1,0.333333333,0.714285714,0,1,1,0.951219512
0,0.095890411,0.070859169,0.8,0,0,0.397959184,0.25,0.6,0.666666667,0.714285714,0.6,1,0,0.951219512
1,0.657534247,0.05343089,0.533333333,0,0,0.479591837,0,0.733333333,0.333333333,0,0,0.25,1,0.951219512
0,0.136986301,0.039069355,0.6,0,0,0.397959184,0.5,1,0.666666667,0.571428571,0.2,1,1,0.951219512
1,0.410958904,0.112343086,0.333333333,0,0,0.459183673,0.5,0,0.333333333,0.5,0,1,1,0.951219512
0,0.082191781,0.072989585,0.533333333,0,0,0.479591837,0.875,0.733333333,0.666666667,0.928571429,0.2,1,1,0.951219512
0,0.109589041,0.017221935,0.8,0,0,0.397959184,0.75,0.6,0.333333333,0.285714286,1,1,0,0.951219512
0,0.02739726,0.063036367,0.6,0,0,0.193877551,0.5,1,0.666666667,0.571428571,0.6,1,1,0.951219512
0,0.520547945,0.24610602,0.266666667,0,0,0.448979592,0,0.4,0.666666667,0,0.6,1,0,0.951219512
1,0.424657534,0.065994189,0.866666667,0,0.436639118,0.397959184,0.5,0.8,0.333333333,0.714285714,0,1,1,0.951219512
0,0.123287671,0.137827571,0.533333333,0,0,0.397959184,0.5,0.733333333,0.833333333,0.285714286,0.6,1,0,0.951219512
0,0.150684932,0.15533974,0.533333333,0,0.373737374,0.397959184,0.5,0.733333333,0.333333333,0.857142857,0,1,1,0.951219512
0,0.671232877,0.102455492,0.533333333,0,0,0.091836735,0.75,0.733333333,0.333333333,0.357142857,0,1,1,0.951219512
0,0.273972603,0.12290451,0.533333333,0,0,0.397959184,0.5,0.733333333,0,0.571428571,0.2,0.5,0,0
0,0.136986301,0.108114727,0.533333333,0,0,0.397959184,0.25,0.733333333,0.666666667,0.214285714,0.8,0.5,1,0.951219512
0,0.575342466,0.025666474,0.533333333,0,0,0.397959184,0.5,0.733333333,0.333333333,0.214285714,0,1,1,0.951219512
1,0.397260274,0.111310013,0.933333333,1,0,0.5,0.5,0.933333333,0.333333333,0.714285714,0,1,1,0.951219512
0,0.767123288,0.113873413,0.533333333,0,0,0.071428571,0,0.733333333,1,0,0.2,1,0,0.951219512
0,0.438356164,0.129052205,0.4,0,0,0.397959184,0.875,0.066666667,0.333333333,0.071428571,0,1,1,0.951219512
1,0.301369863,0.016713179,0.666666667,0,0,0.704081633,0.75,0.533333333,0.333333333,1,0,1,1,0.951219512
0,0.164383562,0.110777578,0.8,0,0,0.397959184,0.5,0.6,0.666666667,0.714285714,0.2,1,0,0.951219512
0,0.547945205,0.128343194,0.8,0,0,0.397959184,0.5,0.6,0.333333333,0.714285714,0,1,1,0.951219512
0,0.356164384,0.201369312,0.8,0,0,0.397959184,0.5,0.6,0.333333333,0.214285714,0,1,1,0.951219512
0,0.260273973,0.106650024,0.533333333,0,0,0.397959184,0.5,0.733333333,0,0.857142857,0.2,1,0,0.951219512
0,0.219178082,0.118082152,0.6,0,0,0.397959184,0,1,0.666666667,0,0.6,1,1,0.951219512
0,0.273972603,0.28496159,0.533333333,0,0,0.397959184,0.5,0.733333333,0.666666667,0.571428571,0.6,1,1,0.951219512
0,0.287671233,0.10304205,0.8,0,0,0.295918367,0.75,0.6,0.666666667,0.285714286,0.2,1,1,0
1,0.410958904,0.110655801,0.133333333,0,0,0.397959184,0.5,0.266666667,0.333333333,1,1,1,0,0.634146341
1,0.342465753,0.08951198,0.533333333,0,0,0.397959184,0.5,0.733333333,0.333333333,0.214285714,0,1,1,0.951219512
0,0.068493151,0.263447025,0.6,0,0,0.193877551,0.5,1,0.666666667,0.857142857,0.6,1,0,0.634146341
0,0.095890411,0.285021801,0.6,0,0,0.397959184,0.5,1,0.333333333,0.071428571,0,1,1,0.951219512
0,0.602739726,0.054050598,0.4,0,0,0.397959184,0.75,0.066666667,0.333333333,0.571428571,0,1,1,0.951219512
0,0.054794521,0.120155062,0.733333333,0,0,0.479591837,0,0.466666667,0.666666667,0,0.2,1,1,0.951219512
0,0.616438356,0.11357506,0.266666667,0,0,0.234693878,0.25,0.4,0,0.785714286,0.2,0.5,1,0.951219512
0,0.931506849,0.119099664,0.866666667,0,0,0.040816327,0.5,0.8,1,0.714285714,0.2,1,0,0.951219512
0,0.246575342,0.120029903,0.266666667,0,0,0.316326531,0.5,0.4,0.333333333,0.571428571,0,1,1,0.951219512
0,0.02739726,0.163696329,0.466666667,0,0,0.37755102,0.5,0.133333333,0.666666667,0.071428571,0.6,1,1,0
0,0.438356164,0.110130132,0.6,0,0,0.397959184,0.5,1,0,0.571428571,0.8,1,0,0.951219512
0,0.178082192,0.096272617,0.533333333,0,0,0.397959184,0.5,0.733333333,0.666666667,0.571428571,0.2,1,1,0.804878049
1,0.602739726,0.124813022,0.2,0,0,0.295918367,0.75,0.333333333,0.333333333,0.857142857,0,1,1,0.951219512
0,0.164383562,0.174638644,0.866666667,0,0,0.5,0.25,0.8,0.666666667,0.714285714,0.2,1,1,0.951219512
0,0.260273973,0.064824455,0.533333333,0,0,0.5,0.5,0.733333333,0.333333333,0.571428571,0,1,1,0.951219512
0,0.616438356,0.169871086,0.666666667,0,0,0.397959184,0,0.533333333,0.333333333,0,0,1,1,0.048780488
0,0.397260274,0.063878656,0.6,0.015060151,0,0.5,0.875,1,0,0.714285714,0.8,1,0,0.951219512
0,0.205479452,0.124116865,0.533333333,0,0,0.397959184,0.5,0.733333333,0.666666667,0.214285714,0.2,1,1,0.951219512
0,0.397260274,0.258826275,0.533333333,0,0,0.397959184,0.5,0.733333333,0.333333333,0.571428571,0,1,1,0.951219512
1,0.575342466,0.118879789,0.8,0,0,0.5,0.75,0.6,1,0.714285714,0.2,1,0,0.951219512
0,0.260273973,0.113653538,0.8,0,0,0.397959184,0.5,0.6,0.666666667,0.714285714,0.2,0.5,1,0.951219512
0,0.232876712,0.018485706,0.666666667,0,0,0.397959184,0.5,0.533333333,0,0.071428571,0.8,1,0,0.951219512
1,0.547945205,0.027049316,0.866666667,0,0,0.5,0.25,0.8,0.333333333,0.285714286,0,1,1,0.951219512
1,0.246575342,0.128367549,0.866666667,0.076880769,0,0.551020408,0.75,0.8,0.333333333,0.285714286,0,1,1,0.951219512
1,0.164383562,0.13814622,0.866666667,0,0,0.397959184,0.5,0.8,0.333333333,0.285714286,1,1,0,0.951219512
0,0.04109589,0.106429473,0.6,0.021760218,0,0.112244898,0.5,1,0.666666667,0.714285714,0.6,1,0,0.951219512
0,0.054794521,0.010064846,0.6,0,0,0.153061224,0.5,1,0.666666667,0.571428571,0.6,1,0,0.951219512
1,0.410958904,0.030612638,0.6,0,0,0.397959184,0.5,1,0.333333333,0.214285714,0,1,1,0.951219512
0,0.191780822,0.277753084,0.133333333,0,0,0.397959184,0.5,0.266666667,0.333333333,0.214285714,0,1,1,0.195121951
0,0.493150685,0.053335498,0.866666667,0,0,0.397959184,0.875,0.8,0.666666667,0.071428571,0.2,1,0,0.951219512
0,0.232876712,0.151632315,0.6,0,0,0.173469388,0.25,1,0.666666667,0.071428571,0.8,1,0,0.951219512
0,0.753424658,0.118883849,0.2,0,0,0.295918367,0,0.333333333,0,0,0.2,1,1,0.951219512
1,0.506849315,0.13781404,0.6,0.076880769,0,0.397959184,0.5,1,0.333333333,0.928571429,0,1,1,0.951219512
1,0.315068493,0.23316792,0.533333333,0,0.436639118,0.448979592,0.5,0.733333333,0.333333333,0.214285714,0,1,1,0.951219512
0,0.232876712,0.081373912,0.466666667,0,0,0.397959184,0.5,0.133333333,0.333333333,0.214285714,0,1,1,0.951219512
0,0.246575342,0.063275185,0.6,0,0,0.397959184,0.5,1,0.333333333,0.428571429,0,1,1,0.951219512
0,0.301369863,0.013114676,0.533333333,0,0,0.653061224,0.5,0.733333333,0.333333333,0.357142857,0,1,1,0.951219512
1,0.342465753,0.251136075,0.866666667,0,0,0.5,0.5,0.8,0.333333333,0.714285714,0,1,1,0.951219512
0,0.219178082,0.23625496,0.533333333,0,0,0.704081633,0.5,0.733333333,0.666666667,1,0.2,1,1,0.951219512
0,0.082191781,0.114680522,0.533333333,0,0,0.5,0.5,0.733333333,0.333333333,0.857142857,0,1,1,0.951219512
0,0.369863014,0.093285029,0.533333333,0,0,0.397959184,0.25,0.733333333,0,0.071428571,0.8,1,0,0.951219512
0,0.164383562,0.105496528,0.533333333,0,0,0.397959184,0.5,0.733333333,0.333333333,0.5,0,1,1,0.951219512
0,0.479452055,0.020713544,0.266666667,0,0,0.397959184,0.5,0.4,0.833333333,0.571428571,0.2,0.5,1,0.951219512
1,0.260273973,0.139505384,0.8,0,0,0.448979592,0.5,0.6,0.333333333,0.714285714,0,1,1,0.268292683
0,0.178082192,0.113679923,0.666666667,0,0,0.397959184,0.5,0.533333333,0,0.5,0.2,1,1,0.951219512
0,0.164383562,0.13476421,0.8,0,0,0.397959184,0.5,0.6,0.333333333,0.857142857,0,1,1,0.951219512
0,0.082191781,0.152576762,0.6,0,0,0.397959184,0.5,1,0.666666667,0.071428571,0.8,0.5,0,0.926829268
1,0.410958904,0.12635891,0.933333333,0,0,0.397959184,0.75,0.933333333,0.666666667,0.714285714,0.2,1,1,0.951219512
1,0.547945205,0.113992484,0.8,0.07298073,0,0.397959184,0.5,0.6,0.333333333,0.714285714,0,1,1,0.951219512
0,0.02739726,0.377316379,0.6,0,0,0.244897959,0.5,1,0.666666667,0.857142857,0.6,1,0,0.951219512
0,0.315068493,0.187417082,0.6,0,0,0.479591837,0.5,1,0,0.571428571,0.2,1,0,0.951219512
0,0.219178082,0.055002486,0.866666667,0,0,0.397959184,0.25,0.8,0.666666667,0.714285714,0.2,1,0,0.951219512
1,0.178082192,0.061811158,0.8,0,0,0.397959184,0.5,0.6,0.333333333,0.071428571,1,0.5,0,0.951219512
0,0.01369863,0.084619938,0.466666667,0,0,0.193877551,0.5,0.133333333,0.666666667,0.571428571,0.6,1,0,0.951219512
0,0.082191781,0.152057857,0.533333333,0,0,0.112244898,0.5,0.733333333,0.666666667,0.571428571,0.6,0.5,1,0.951219512
0,0.520547945,0.109766831,0.866666667,0,0,0.397959184,0.5,0.8,0.666666667,0.714285714,0.2,1,0,0.951219512
0,0.054794521,0.070497898,0.6,0,0,0.602040816,0.5,1,0.666666667,0.857142857,0.6,1,0,0.951219512
1,0.438356164,0.103181417,0.533333333,0,0,0.397959184,0.5,0.733333333,0.333333333,0.5,0,1,1,0.951219512
0,0.068493151,0.102315449,0.6,0,0,0.244897959,0.5,1,0.666666667,0.428571429,0.6,1,1,0.951219512
0,0.109589041,0.14821039,0.533333333,0,0,0.397959184,0.5,0.733333333,0.666666667,0.071428571,0.2,1,0,0.951219512
0,0,0.09756751,0.466666667,0,0,0.153061224,0.5,0.133333333,0.666666667,0.571428571,0.6,1,0,0.951219512
1,0.301369863,0.070409271,0.8,0.076880769,0,0.397959184,0.625,0.6,0.333333333,0.857142857,0,0.25,1,0
0,0.178082192,0.134337315,0.6,0,0,0.397959184,0.5,1,0.333333333,0.214285714,0,1,1,0.951219512
0,0.397260274,0.093134837,0.2,0,0,0.397959184,0.5,0.333333333,0.333333333,1,0,1,1,0.951219512
0,0.109589041,0.100615987,0.533333333,0,0,0.397959184,0.625,0.733333333,0.333333333,0.285714286,0,1,1,0.951219512
0,0.02739726,0.13132537,0.533333333,0,0,0.397959184,0.5,0.733333333,0.666666667,0.5,0.6,0.5,0,0.951219512
0,0.178082192,0.061250985,0.6,0,0,0.397959184,0.5,1,0.333333333,0.214285714,0.2,1,1,0.634146341
0,0.246575342,0.087267229,0.533333333,0,0,0.397959184,0.5,0.733333333,0.666666667,0.5,0.8,0.5,0,0.951219512
0,0.02739726,0.246528856,0.533333333,0,0,0.346938776,0.5,0.733333333,0.666666667,0.857142857,0.6,0.5,0,0.951219512
0,0.287671233,0.10979254,0.333333333,0,0,0.448979592,0.5,0,0.333333333,0.214285714,0,0.5,1,0.951219512
0,0.01369863,0.057224235,0.466666667,0,0,0.397959184,0.5,0.133333333,0.666666667,0.642857143,0.6,1,1,0.951219512
0,0.342465753,0.110720749,0.8,0,0,0.346938776,0.5,0.6,0.666666667,0.071428571,0.6,1,0,0.951219512
0,0.136986301,0.045667624,0.866666667,0,0,0.244897959,0.5,0.8,0.666666667,0.285714286,0.2,1,0,0.951219512
0,0.136986301,0.030286547,0.533333333,0.028850289,0,0.397959184,0.5,0.733333333,0.333333333,0.214285714,0,1,1,0.951219512
0,0.04109589,0.072698674,0.533333333,0,0,0.346938776,0.5,0.733333333,0.666666667,0.714285714,0.6,1,0,0.951219512
1,0.657534247,0.016185479,0.333333333,0,0,0.214285714,0.5,0,0.333333333,0.428571429,0,1,1,0.951219512
0,0.643835616,0.046076929,0.533333333,0,0,0.030612245,0,0.733333333,1,0,0.2,1,0,0.951219512
1,0.068493151,0.078128562,0.6,0,0,0.316326531,0.5,1,0.666666667,0.571428571,0.6,1,1,0.951219512
0,0.328767123,0.159302219,0.533333333,0,0,0.397959184,0.5,0.733333333,0.333333333,0.857142857,0,1,1,0.951219512
1,0.410958904,0.388584109,0.866666667,0,0,0.397959184,0.5,0.8,0.333333333,0.285714286,0,1,1,0.585365854
0,0.328767123,0.13167514,0.8,0,0,0.295918367,0,0.6,0.5,0,0.2,1,1,0.951219512
0,0.671232877,0.129893817,0.2,0,0,0.397959184,0.5,0.333333333,0.333333333,1,0,0.5,1,0.951219512
0,0.383561644,0.339198912,0.8,0,0,0.397959184,0.5,0.6,0.666666667,0.714285714,0.2,1,1,0.951219512
0,0.342465753,0.136105107,0.6,0,0,0.397959184,0.5,1,0.333333333,0.214285714,0,1,1,0.951219512
0,0.547945205,0.008686063,0.533333333,0,0,0.602040816,0.75,0.733333333,0.333333333,0.571428571,0,1,1,0.951219512
0,0.328767123,0.120630668,0.533333333,0,0,0.193877551,0.5,0.733333333,0.833333333,0.571428571,0.8,0.5,0,0.951219512
0,0.178082192,0.06650971,0.533333333,0,0,0.397959184,0.5,0.733333333,0,0.071428571,0.6,1,0,0.951219512
0,0.04109589,0.133022803,0.6,0,0,0.397959184,0.5,1,0.666666667,0.285714286,0.8,1,0,0.951219512
1,0.424657534,0.115184542,0.8,0.150241502,0,0.448979592,0.5,0.6,0.333333333,0.714285714,0,1,1,0.951219512
1,0.315068493,0.074196527,0.8,0.135501355,0,0.397959184,0.5,0.6,0.5,0.714285714,0.2,0.25,1,0.024390244
0,0.164383562,0.155736868,0.533333333,0,0,0.316326531,0.5,0.733333333,0.666666667,0.571428571,0.2,1,1,0.951219512
0,0.410958904,0.091930601,0.533333333,0,0,0.397959184,0.75,0.733333333,0.333333333,0.214285714,0,1,1,0.951219512
0,0.150684932,0.134400909,0.733333333,0,0,0.346938776,0.5,0.466666667,0.333333333,0.071428571,1,0.5,0,0.341463415
0,0.397260274,0.068431076,0.8,0,0,0.397959184,0.75,0.6,0.333333333,0.214285714,0,1,1,0.951219512
0,0.630136986,0.014757309,0.333333333,0,0,0.56122449,0.5,0,1,0.357142857,0.8,1,0,0.951219512
0,0.109589041,0.168098558,0.8,0,0,0.397959184,0.875,0.6,0.666666667,0.785714286,0.2,0.5,1,0.951219512
0,0.630136986,0.087731333,0.333333333,0,0,0.193877551,0.75,0,0,0.214285714,0.2,1,1,0.951219512
0,0.150684932,0.09967966,0.533333333,0,0,0.397959184,0.5,0.733333333,0.333333333,0.214285714,0,1,1,0.951219512
0,0.232876712,0.008169865,0.8,0,0,0.397959184,0.5,0.6,0.666666667,0.714285714,0.2,1,0,0.951219512
0,0.260273973,0.089464622,0.533333333,0,0,0.397959184,0.5,0.733333333,0,0.5,0.8,0.5,0,0.951219512
1,0.219178082,0.14656911,0.8,0.07298073,0,0.397959184,0.5,0.6,0.333333333,0.714285714,0,1,1,0.951219512
0,0.232876712,0.195726314,0.533333333,0,0,0.346938776,0.5,0.733333333,0.666666667,0.285714286,0.8,1,0,0.951219512
0,0.602739726,0.01285421,0.2,0,0,0.397959184,0,0.333333333,0.833333333,0,0.2,1,1,0.951219512
0,0.136986301,0.141156811,0.533333333,0,0,0.316326531,0.5,0.733333333,0,0.071428571,0.8,1,0,0.951219512
1,0.219178082,0.061666379,0.933333333,0.076880769,0,0.5,0.75,0.933333333,0.333333333,0.714285714,0,1,1,0.951219512
0,0.589041096,0.026388339,0.2,0,0,0.397959184,0.5,0.333333333,0,0.571428571,0.2,1,0,0.951219512
1,0.397260274,0.111864097,0.533333333,0,0,0.5,0.5,0.733333333,0.333333333,0.5,0,1,1,0.951219512
0,0.246575342,0.089744032,0.533333333,0,0,0.418367347,0.5,0.733333333,0.333333333,0.214285714,0,1,1,0.951219512
0,0.232876712,0.146529871,0.8,0,0,0.397959184,0.5,0.6,0.666666667,0.285714286,0.6,1,1,0.951219512
0,0.068493151,0.151814304,0.666666667,0,0,0.357142857,0.5,0.533333333,0.666666667,0.571428571,0.6,0.5,0,0.951219512
0,0.219178082,0.095114386,0.8,0,0,0.397959184,0,0.6,0.333333333,0,1,0.25,0,0.073170732
0,0.191780822,0.050584021,0.533333333,0,0,0.5,0.5,0.733333333,0.333333333,0.214285714,0,1,1,0.951219512
0,0.123287671,0.244411294,0.6,0,0,0.418367347,0.5,1,0.333333333,0.071428571,1,1,0,0.951219512
0,0.123287671,0.056724274,0.533333333,0,0,0.397959184,0,0.733333333,0.666666667,0,0.2,1,1,0.219512195
0,0.136986301,0.214272908,0.533333333,0,0,0.397959184,0.5,0.733333333,0.666666667,0.214285714,0.6,1,1,0.951219512
0,0.315068493,0.140907845,0.466666667,0,0,0.397959184,0.5,0.133333333,0,0.214285714,0.2,1,1,0.951219512
0,0.150684932,0.157203601,0.533333333,0,0.367768595,0.244897959,0.5,0.733333333,0.666666667,0.5,0.6,0.5,0,0.951219512
0,0.410958904,0.021910339,0.533333333,0,0,0.37755102,0.5,0.733333333,0.333333333,0.071428571,0,1,1,0.951219512
0,0.054794521,0.013071378,0.6,0,0,0.244897959,0.5,1,0.666666667,0.571428571,0.6,1,0,0.268292683
1,0.452054795,0.085181464,0.8,0,0,0.5,0.5,0.6,0,0.714285714,0.4,1,0,0.951219512
0,0.328767123,0.131437676,0.6,0,0,0.448979592,0.5,1,0.666666667,0.214285714,0.2,0.5,1,0.951219512
0,0.698630137,0.246714227,0.133333333,0,0,0.051020408,0.75,0.266666667,0.333333333,0.214285714,0,0.5,1,0.951219512
1,0.219178082,0.107522757,0.8,0,0,0.5,0.5,0.6,0.333333333,0.285714286,0,1,1,0.951219512
0,0.287671233,0.245378743,0.8,0,0,0.5,0.5,0.6,0.333333333,0.714285714,0,1,1,0.951219512
0,0.232876712,0.156076489,0.533333333,0,0,0.479591837,0.5,0.733333333,0.666666667,0.071428571,0.2,1,1,0.951219512
1,0.273972603,0.067797161,0.8,0.049340493,0,0.5,0.5,0.6,0.5,0.285714286,0.8,1,1,0.951219512
0,0.397260274,0.092147093,0.533333333,0,0,0.397959184,0,0.733333333,0.5,0,0.2,0.25,1,0.731707317
0,0,0.262455898,0.4,0,0,0.193877551,0.5,0.066666667,0.666666667,0.857142857,0.6,1,0,0.951219512
1,0.246575342,0.119478525,0.8,0,0,0.397959184,0.5,0.6,0.666666667,0.857142857,0.2,1,1,0.951219512
0,0.068493151,0.133048511,0.6,0,0,0.397959184,0.5,1,0.666666667,0.857142857,0.6,1,1,0.951219512
0,0.315068493,0.013081526,0.533333333,0,0,0.397959184,0.5,0.733333333,0.5,0.071428571,0.8,1,0,0.951219512
0,0.260273973,0.15092601,0.533333333,0,0,0.397959184,0.5,0.733333333,0.666666667,0.857142857,0.2,1,0,0.951219512
0,0.410958904,0.060958045,0.533333333,0,0,0.602040816,0.75,0.733333333,0.666666667,1,0.6,1,1,0.951219512
0,0.109589041,0.134724971,0.8,0,0,0.397959184,0.5,0.6,0.666666667,0.285714286,0.6,1,1,0.951219512
0,0.191780822,0.060783498,0.866666667,0,0,0.448979592,0.25,0.8,0.333333333,0.714285714,0,1,1,0.951219512
1,0.726027397,0.118398771,0.8,0.064180642,0,0.397959184,0.5,0.6,0.333333333,0.428571429,0,1,1,0.951219512
0,0.547945205,0.099141136,0.533333333,0,0,0.397959184,0.5,0.733333333,0.833333333,0.214285714,0.8,1,1,0.951219512
0,0.506849315,0.108723611,0.533333333,0,0,0.397959184,0,0.733333333,0.333333333,0,0,1,1,0.951219512
1,0.465753425,0.041860748,0.866666667,0,0,0.602040816,0.75,0.8,0,0.714285714,0.8,1,1,0.951219512
1,0.589041096,0.056703301,0.6,0,0,0.397959184,0.5,1,0.333333333,0.857142857,0,1,1,0.951219512
0,0.287671233,0.14662188,0.533333333,0,0,0.448979592,0.5,0.733333333,0.333333333,0.571428571,0,1,1,0.951219512
1,0.369863014,0.091319011,0.6,0,0,0.397959184,0.5,1,0.333333333,0.285714286,0,1,1,0.951219512
0,0.315068493,0.009683279,0.8,0,0,0.397959184,0.875,0.6,0,0.714285714,0.2,1,1,0.951219512
0,0.123287671,0.064637731,0.533333333,0,0,0.244897959,0.5,0.733333333,0.666666667,0.571428571,0.8,1,1,0.951219512
0,0.150684932,0.067255254,0.533333333,0,0.453168044,0.397959184,0.5,0.733333333,0.833333333,0.214285714,0.2,1,1,0.951219512
1,0.424657534,0.115201456,0.8,0,0,0.397959184,0.5,0.6,0.333333333,0.857142857,0,0.5,1,0.951219512
0,0.452054795,0.011275848,0.6,0,0,0.387755102,0.5,1,0.333333333,0.857142857,1,1,0,0.951219512
0,0.246575342,0.075640258,0.666666667,0,0,1,0.5,0.533333333,0.333333333,1,0,1,1,0.951219512
1,0.534246575,0.174934968,0.8,0,0.436639118,0.479591837,0.875,0.6,0.333333333,0.714285714,0,1,1,0.951219512
1,0.493150685,0.253355118,0.533333333,0.07298073,0,0.397959184,0.5,0.733333333,0.333333333,0.214285714,0,1,1,0.951219512
0,0.164383562,0.105169084,0.533333333,0,0,0.5,0.5,0.733333333,0.666666667,1,0.4,1,1,0.951219512
0,0.287671233,0.036162951,0.666666667,0,0,0.397959184,0.5,0.533333333,0,0.928571429,0.2,1,0,0.951219512
1,0.493150685,0.063520768,0.866666667,0.07298073,0,0.602040816,0.5,0.8,0.333333333,0.857142857,0,1,1,0.951219512
0,0.02739726,0.234316004,0.533333333,0,0,0.244897959,0.5,0.733333333,0.666666667,0.071428571,0.2,1,1,0.951219512
0,0.273972603,0.041210596,0.8,0.031370314,0,0.775510204,0.75,0.6,0.333333333,0.857142857,0,0.25,1,0.975609756
1,0.589041096,0.220591767,0.533333333,0,0,0.448979592,0.5,0.733333333,0.333333333,0.214285714,0,1,1,0.951219512
0,0.383561644,0.109694442,0.533333333,0,0,0.397959184,0.5,0.733333333,0.333333333,0.214285714,0,1,1,0.951219512
1,0.232876712,0.06483325,0.8,0,0,0.5,0.5,0.6,0.333333333,0.714285714,0,1,1,0.951219512
0,0.520547945,0.18796846,0.133333333,0,0,0.397959184,0.5,0.266666667,0.333333333,0.5,0,1,1,0.634146341
1,0.465753425,0.048705953,0.8,0,0,0.551020408,0.5,0.6,0.333333333,0.714285714,0,1,1,0.951219512
0,0.671232877,0.125246682,0.2,0,0,0.193877551,0.5,0.333333333,0.5,0.571428571,0.2,1,0,0.951219512
0,0.01369863,0.267334409,0.533333333,0,0,0.295918367,0.5,0.733333333,0.666666667,0.214285714,0.6,1,1,0.951219512
0,0.109589041,0.03252318,0.6,0,0,0.397959184,0.5,1,0.666666667,0.857142857,0.6,1,1,0.951219512
0,0.164383562,0.19698129,0.8,0,0,0.244897959,0.875,0.6,0.333333333,0.714285714,0,1,1,0.658536585
0,0.328767123,0.217023033,0.6,0,0,0.346938776,0.125,1,0.333333333,0.214285714,0,0.5,1,0.951219512
0,0.205479452,0.063903688,0.533333333,0,0,0.397959184,0.5,0.733333333,0.333333333,1,0,1,1,0.951219512
0,0.109589041,0.125407022,0.533333333,0,0,0.397959184,0.5,0.733333333,0.666666667,0.857142857,0.8,1,0,0.951219512
1,0.287671233,0.155897883,0.866666667,0,0,0.346938776,0.5,0.8,0.333333333,0.714285714,0,1,1,0.951219512
0,0.04109589,0.108210119,0.533333333,0,0,0.479591837,0.5,0.733333333,0.666666667,0.071428571,0.6,1,1,0.951219512
0,0.205479452,0.055310987,0.666666667,0,0,0.43877551,0.5,0.533333333,0.666666667,0.214285714,0.2,1,1,0.512195122
0,0.123287671,0.026842296,0.466666667,0,0,0.510204082,0.5,0.133333333,0.666666667,0.857142857,0.4,0.5,1,0.951219512
1,0.493150685,0.15194217,0.866666667,0,0,0.397959184,0.25,0.8,0.333333333,0.285714286,0,0.5,1,0.951219512
1,0.383561644,0.104796988,0.8,0,0,0.397959184,0.5,0.6,0.666666667,0.714285714,0.2,1,0,0.951219512
1,0.191780822,0.160881934,0.933333333,0,0,0.5,0.5,0.933333333,0.333333333,0.714285714,0,1,1,0.951219512
0,0.219178082,0.093108452,0.533333333,0,0,0.397959184,0.5,0.733333333,0.333333333,0.5,1,0.5,0,0.951219512
1,0.438356164,0.23252115,0.933333333,1,0,0.346938776,0.75,0.933333333,0.333333333,0.714285714,0,1,1,0.951219512
0,0.424657534,0.009376808,0.333333333,0,0,0.806122449,0.625,0,0.333333333,0.357142857,0,1,1,0.951219512
1,0.575342466,0.175765756,0.533333333,0,0,0.397959184,0.5,0.733333333,0.333333333,1,0,1,1,0.951219512
1,0.273972603,0.214932532,0.8,0.150241502,0,0.5,0.625,0.6,0.333333333,0.857142857,0,1,1,0.951219512
1,0.219178082,0.150658778,0.8,0,0,0.397959184,0.75,0.6,0.333333333,0.857142857,1,1,0,0.951219512
0,0.315068493,0.092030052,0.533333333,0,0,0.397959184,0.5,0.733333333,0.333333333,0.214285714,0,1,1,0.951219512
0,0.02739726,0.073043031,0.533333333,0,0,0.132653061,0.5,0.733333333,0.666666667,0.071428571,0.6,1,0,0.951219512
1,0.397260274,0.061736062,0.933333333,0,0,0.653061224,0.75,0.933333333,0.333333333,0.714285714,0,1,1,0.951219512
0,0.397260274,0.091572713,0.133333333,0,0.436639118,0.397959184,0.5,0.266666667,0.333333333,1,0,0,1,0.951219512
0,0.534246575,0.140138623,0.333333333,0,0,0.397959184,0.5,0,0.666666667,0.428571429,0.2,1,1,0.951219512
1,0.260273973,0.122219178,0.866666667,0,0.453856749,0.602040816,0.5,0.8,0.333333333,0.714285714,0,1,1,0.951219512
1,0.191780822,0.075906137,0.866666667,0,0,0.602040816,0.5,0.8,0.666666667,0.071428571,0.2,0.25,1,0.463414634
1,0.643835616,0.099892769,0.533333333,0.086140861,0,0.397959184,0,0.733333333,0,0,0.2,1,1,0.951219512
0,0.219178082,0.077212531,0.8,0,0,0.397959184,0.5,0.6,0.333333333,0.571428571,1,1,0,0
0,0.506849315,0.112353234,0.266666667,0,0,0.397959184,0.25,0.4,0.333333333,0.571428571,0,1,1,0.951219512
0,0.684931507,0.122257064,0.533333333,0,0,0.346938776,0.5,0.733333333,1,0.285714286,0.2,1,0,0.951219512
1,0.219178082,0.048120748,0.6,0,0,0.5,0.25,1,0.333333333,0.785714286,0,1,1,0.951219512
0,0.260273973,0.05740487,0.8,0,0,0.397959184,0.875,0.6,0.666666667,0.714285714,0.8,0.5,0,0.951219512
0,0.630136986,0.096332153,0.533333333,0,0,0.397959184,0.125,0.733333333,1,0.285714286,0.2,1,0,0.951219512
1,0.260273973,0.027228599,1,0,0.433195592,0.5,0.25,0.666666667,0.333333333,0.714285714,0,1,1,0.951219512
1,0.547945205,0.01489194,0.2,0,0,0.397959184,0.75,0.333333333,0.333333333,0.214285714,0,1,1,0.951219512
0,0.369863014,0.293006295,0.6,0,0,0.397959184,0.75,1,0,0.571428571,0.8,1,1,0.951219512
0,0.287671233,0.149708243,0.8,0,0,0.397959184,0.25,0.6,0.666666667,0.714285714,0.2,1,0,0.951219512
0,0.246575342,0.107642504,0.533333333,0,0,0.5,0.5,0.733333333,0.333333333,1,0,1,1,0.951219512
0,0.164383562,0.104136011,0.533333333,0,0,0.5,0.5,0.733333333,0,0.428571429,0.6,1,1,0.951219512
0,0.068493151,0.111757204,0.8,0,0,0.397959184,0.25,0.6,0.666666667,0.714285714,0.2,1,0,0.951219512
0,0.643835616,0.161697162,0.133333333,0,0,0.193877551,0.5,0.266666667,0.833333333,0.571428571,0.4,1,0,0.12195122
0,0.643835616,0.068356657,0.533333333,0,0,0.397959184,0.25,0.733333333,1,0.285714286,0.2,1,1,0.951219512
0,0.068493151,0.164861327,0.466666667,0,0,0.479591837,0,0.133333333,0.666666667,0,0.2,1,1,0.951219512
1,0.219178082,0.122376811,0.666666667,0.076880769,0,0.5,0,0.533333333,0.333333333,0,0.6,1,0,0.951219512
0,0.328767123,0.155829553,0.733333333,0,0,0.806122449,0.5,0.466666667,0,0.714285714,0.2,1,1,0.951219512
1,0.328767123,0.318592261,0.8,0,0,0.397959184,0.5,0.6,0.333333333,0.857142857,0,1,1,0.951219512
0,0.205479452,0.101696417,0.533333333,0,0,0.397959184,0.5,0.733333333,0.666666667,0.5,0.4,0.5,1,0.951219512
0,0.534246575,0.129874198,0.333333333,0,0,0.448979592,0.5,0,0,0.571428571,0.8,0.5,0,0.951219512
0,0.506849315,0.088977515,0.333333333,0,0,0.397959184,0.5,0,0.333333333,0.5,0,1,1,0.951219512
1,0.438356164,0.193597927,0.933333333,0,0.453856749,0.602040816,0.25,0.933333333,0.333333333,0.714285714,1,1,0,0.951219512
0,0.698630137,0.233370205,0.533333333,0,0,0.091836735,0.5,0.733333333,1,0.428571429,0.4,1,0,0.951219512
0,0.369863014,0.061640671,0.533333333,0,0,0.397959184,0.5,0.733333333,0,0.428571429,0.4,1,0,0.951219512
0,0.109589041,0.103903282,0.666666667,0,0,0.193877551,0.5,0.533333333,0.666666667,0.357142857,0.2,1,1,0.951219512
0,0.191780822,0.222842607,0.8,0,0,0.602040816,0.5,0.6,0.333333333,0.071428571,0,0.25,1,0.463414634
0,0.287671233,0.110532672,0.6,0,0,0.397959184,0.5,1,0.333333333,0.714285714,1,1,0,0.951219512
0,0.287671233,0.168262957,0.6,0,0,0.397959184,0.5,1,0.333333333,0.5,0,0.5,1,0.951219512
0,0.315068493,0.017395128,0.6,0,0,0.5,0.625,1,0.333333333,0.357142857,0,1,1,0.951219512
0,0.493150685,0.218654164,0.533333333,0,0,0.316326531,0.5,0.733333333,0.333333333,0.071428571,1,0.5,0,0.951219512
0,0.356164384,0.070858492,0.533333333,0,0,0.397959184,0.25,0.733333333,0.5,0.357142857,0.8,0.5,1,0.951219512
0,0.424657534,0.04481654,0.866666667,0,0,0.602040816,0.875,0.8,0.833333333,0.714285714,0.2,1,1,0.951219512
0,0.273972603,0.184242092,0.6,0,0,0.479591837,0.75,1,0.666666667,0.857142857,0.6,1,1,0.951219512
0,0.178082192,0.207693583,0.6,0,0,0.397959184,0.125,1,0.666666667,0.214285714,0.2,1,1,0.951219512
1,0.178082192,0.080699404,0.8,0,0,0.397959184,0.25,0.6,0.333333333,0.714285714,0,1,1,0.951219512
0,0.328767123,0.27158577,0.533333333,0,0,0.142857143,0.5,0.733333333,0.333333333,1,1,1,0,0.951219512
0,0.260273973,0.081586345,0.066666667,0,0,0.397959184,0.5,0.2,0.333333333,0.428571429,0,1,1,0.536585366
0,0.479452055,0.109397442,0.333333333,0,0,0.397959184,0.5,0,0.333333333,0.214285714,0,1,1,0.951219512
0,0.520547945,0.058233629,0.533333333,0,0,0.346938776,0.75,0.733333333,0.666666667,0.214285714,0.6,1,1,0.951219512
0,0.04109589,0.142904984,0.733333333,0,0.394628099,0.193877551,0.875,0.466666667,0.666666667,0.571428571,0.6,1,1,0.951219512
0,0.082191781,0.026160346,0.6,0,0,0.397959184,0.5,1,0.666666667,0.928571429,0.2,1,0,0.951219512
0,0.068493151,0.137943259,0.4,0,0,0.448979592,0.5,0.066666667,0.666666667,0.214285714,0.6,1,1,0.951219512
1,0.191780822,0.068504819,0.6,0,0,0.397959184,0.5,1,0.333333333,0.571428571,0,1,1,0.951219512
0,0.369863014,0.197032031,0.6,0,0,0.397959184,0.5,1,0,0.214285714,0.2,1,1,0.951219512
0,0.123287671,0.104193517,0.8,0,0,0.408163265,0.25,0.6,0.333333333,0.071428571,0,1,1,0.951219512
0,0.356164384,0.124396952,0.6,0,0,0.37755102,0.5,1,0,0.071428571,0.8,1,0,0.951219512
1,0.479452055,0.01691614,0.866666667,0,0,0.397959184,0.125,0.8,0.666666667,0.071428571,0.2,1,0,0.951219512
0,0.328767123,0.017294324,0.533333333,0,0,0.244897959,0.25,0.733333333,0.666666667,0.571428571,0.8,1,0,0.951219512
0,0.589041096,0.05479073,0.533333333,0,0,0.397959184,0.25,0.733333333,0.333333333,0.571428571,0,1,1,0.951219512
0,0.068493151,0.247294696,0.6,0,0,0.193877551,0.5,1,0.666666667,0.071428571,0.6,0.5,0,0.951219512
1,0.602739726,0.046577567,0.133333333,0.07298073,0,0.397959184,0.5,0.266666667,0.333333333,0.428571429,0,0.25,1,0.731707317
0,0.01369863,0.137218687,0.533333333,0,0,0.397959184,0.5,0.733333333,0.666666667,0.428571429,0.6,0.5,1,0.951219512
0,0.589041096,0.112485158,0.6,0,0,0.255102041,0.5,1,0.333333333,0.571428571,0,1,1,0.951219512
0,0.232876712,0.084280993,0.066666667,0,0,0.397959184,0.5,0.2,0.666666667,0.571428571,0.4,1,0,0.317073171
1,0.410958904,0.103667171,0.866666667,0,0,0.397959184,0.5,0.8,0.333333333,0.714285714,1,1,0,0.951219512
1,0.424657534,0.064330583,0.333333333,0,0,0.397959184,0.5,0,0.333333333,1,0,1,1,0.951219512
1,0.342465753,0.077821414,0.8,0,0,0.448979592,0.5,0.6,0.333333333,0.928571429,0,1,1,0.951219512
0,0.04109589,0.133990251,0.6,0,0,0.142857143,0.5,1,0.666666667,0.571428571,0.6,1,0,0.951219512
1,0.438356164,0.388584109,0.8,0.07298073,0,0.397959184,0.125,0.6,0.333333333,0.285714286,0,1,1,0.951219512
1,0.328767123,0.186061978,0.733333333,0.150241502,0,0.602040816,0.5,0.466666667,0.333333333,0.714285714,0,1,1,0.951219512
0,0.191780822,0.125137083,0.2,0,0,0.397959184,0.5,0.333333333,0.333333333,0.571428571,0,1,1,0.634146341
0,0.356164384,0.161365658,0.6,0,0,0.346938776,0.5,1,0,0.214285714,0.8,1,1,0.951219512
0,0.260273973,0.11244186,0.533333333,0,0,0.602040816,0.5,0.733333333,0,1,0.6,1,1,0.951219512
0,0.109589041,0.078758419,0.8,0,0,0.448979592,0.5,0.6,0.666666667,0.071428571,0.2,1,0,0.951219512
0,0.301369863,0.120717265,0.6,0,0,0.448979592,0.5,1,0,0.857142857,0.2,1,1,0.951219512
0,0.616438356,0.111769382,0.6,0,0,0.316326531,0.75,1,0.333333333,1,0,1,1,0.951219512
1,0.561643836,0.26249649,0.533333333,0,0,0.397959184,0.875,0.733333333,0.333333333,0.071428571,0,0.5,1,0.951219512
0,0.383561644,0.013578781,0.8,0,0,0.510204082,0.625,0.6,0.333333333,0.285714286,0,1,1,0.951219512
0,0.589041096,0.140758331,0.4,0,0,0.346938776,0.75,0.066666667,0.333333333,0.357142857,0,1,1,0.951219512
0,0.123287671,0.125072136,0.533333333,0,0,0.295918367,0.875,0.733333333,0,0.071428571,0.6,1,0,0.951219512
0,0.561643836,0.055516655,0.533333333,0,0,0.397959184,0.5,0.733333333,0.333333333,0.857142857,0,1,1,0.951219512
0,0.260273973,0.15080694,0.6,0,0,0.316326531,0.875,1,0.833333333,0.714285714,0.8,1,0,0.951219512
0,0.328767123,0.08951198,0.2,0,0.500229568,0.397959184,0.75,0.333333333,0.333333333,0.214285714,0,1,1,0.951219512
0,0.191780822,0.069033194,0.666666667,0,0,0.397959184,0.5,0.533333333,0.666666667,0.571428571,0.2,0.5,0,0.951219512
1,0.547945205,0.060319393,0.866666667,0,0,0.397959184,0.25,0.8,0.333333333,0.285714286,0,1,1,0.951219512
1,0.383561644,0.112328202,0.8,0,0,0.397959184,0.5,0.6,0.333333333,0.5,0,1,1,0.951219512
0,0.863013699,0.006847234,0.8,0,0,0.397959184,0.5,0.6,0.666666667,0.642857143,0.2,1,0,0.951219512
0,0.095890411,0.08986175,0.533333333,0,0,0.448979592,0.5,0.733333333,0.666666667,0.5,0.2,1,1,0.951219512
1,0.191780822,0.214699127,0.8,0,0,0.5,0.5,0.6,0.333333333,0.071428571,0,1,1,0.951219512
1,0.315068493,0.04549443,0.8,0,0,0.755102041,0.5,0.6,0.333333333,0.285714286,0,1,1,0.951219512
0,0.095890411,0.050916877,0.6,0,0,0.397959184,0.5,1,0.333333333,0.071428571,1,1,0,0.951219512
0,0.301369863,0.113240851,0.6,0,0,0.704081633,0.875,1,0.333333333,0.785714286,0,1,1,0.951219512
0,0.369863014,0.066829712,0.6,0,0,0.397959184,0.5,1,0.333333333,0.214285714,0,1,1,0.951219512
0,0.095890411,0.100589602,0.533333333,0,0,0.397959184,0.5,0.733333333,0.666666667,0.5,0.2,1,1,0.951219512
1,0.301369863,0.064748683,0.6,0,0,0.448979592,0.5,1,0.333333333,0.285714286,0,1,1,0.951219512
0,0.452054795,0.089166946,0.8,0,0,0.397959184,0.5,0.6,0,0.071428571,0.2,1,0,0.951219512
0,0.123287671,0.108337985,0.6,0,0,0.397959184,0.5,1,0.333333333,0.857142857,0,1,1,0.951219512
0,0.575342466,0.079998512,0.6,0,0,0.397959184,0.25,1,1,0.571428571,0.2,1,0,0.756097561
0,0.082191781,0.068346509,0.6,0,0,0.397959184,0.5,1,0.666666667,1,0.2,1,1,0.951219512
0,0.493150685,0.200117717,0,0,0,0.142857143,0.5,0.866666667,0.666666667,0.571428571,0.2,1,0,0.195121951
0,0.328767123,0.158291473,0.6,0,0,0.397959184,0.5,1,0,0.071428571,0.8,1,0,0.951219512
1,0.630136986,0.014343945,0.2,0,0,0.704081633,0.75,0.333333333,0.333333333,0.357142857,0,1,1,0.951219512
0,0.273972603,0.178524675,0.533333333,0,0,0.397959184,0.5,0.733333333,0.666666667,0.071428571,0.2,1,1,0.951219512
0,0.589041096,0.099988161,0.866666667,0,0,0.244897959,0.625,0.8,1,0.071428571,0.2,1,0,0.951219512
0,0.506849315,0.091027423,0.533333333,0,0,0.448979592,0.5,0.733333333,0,1,0.2,1,1,0.951219512
1,0.191780822,0.244648082,0.8,0,0,0.397959184,0.5,0.6,0.333333333,0.071428571,0,1,1,0.951219512
1,0.287671233,0.100706643,0.6,0,0,0.479591837,0.5,1,0.333333333,0.214285714,0,1,1,0.951219512
1,0.369863014,0.108260859,0.8,0.076880769,0,0.5,0.5,0.6,0.333333333,0.285714286,0,1,1,0.951219512
0,0.068493151,0.134289957,0.8,0,0,0.397959184,0.5,0.6,0.666666667,0.071428571,0.6,1,0,0.951219512
0,0.397260274,0.057910244,0.8,0,0,0.346938776,0.5,0.6,0.666666667,0.857142857,0.2,1,0,0.951219512
1,0.315068493,0.059074565,0.866666667,0.150241502,0,0.234693878,0.5,0.8,0.333333333,0.714285714,1,1,0,0.951219512
0,0.04109589,0.224889809,0.6,0,0,0.295918367,0.5,1,0.666666667,0.5,0.6,1,1,0.951219512
0,0.630136986,0.066520535,0.333333333,0,0,0.5,0.625,0,0.333333333,0.357142857,0,1,1,0.951219512
1,0.575342466,0.122037866,0.4,0.07298073,0,0.397959184,0.5,0.066666667,0.333333333,0.071428571,0,1,1,0.951219512
0,0.232876712,0.078049408,0.333333333,0,0,0.43877551,0.5,0,0.666666667,0.357142857,0.2,1,1,0
0,0.178082192,0.097542478,0.6,0,0,0.397959184,0.5,1,0.666666667,0.928571429,0.4,1,1,0.951219512
1,0.301369863,0.093210609,0.866666667,0.150201502,0,0.602040816,0.5,0.8,0,0.285714286,0.8,0.5,0,0.951219512
1,0.246575342,0.135429246,0.533333333,0,0,0.397959184,0.5,0.733333333,0.333333333,0.214285714,0,1,1,0.951219512
0,0.315068493,0.133000477,0.866666667,0,0,0.5,0.25,0.8,0,0.714285714,0.2,1,0,0.951219512
0,0.260273973,0.159426702,0.533333333,0,0,0.010204082,0.5,0.733333333,0.333333333,0.571428571,1,0.25,0,0.87804878
0,0.328767123,0.042544728,0.8,0,0,0.397959184,0.5,0.6,0,0.285714286,0.8,1,0,0.951219512
0,0.178082192,0.273075505,0.533333333,0,0,0.316326531,0.5,0.733333333,0.333333333,0.214285714,0,0.75,1,0.951219512
1,0.328767123,0.055143206,0.866666667,0,0,0.37755102,0.5,0.8,0.333333333,0.714285714,0,1,1,0.951219512
1,0.232876712,0.041184888,0.533333333,0,0,0.397959184,0.5,0.733333333,0.333333333,0.857142857,0,1,1,0.951219512
0,0.191780822,0.069447912,0.8,0,0,0.346938776,0.5,0.6,0.333333333,0.714285714,0,1,1,0.951219512
0,0.136986301,0.064237898,0.533333333,0,0,0.397959184,0.5,0.733333333,0.333333333,0.571428571,0,1,1,0.951219512
1,0.315068493,0.134341374,0.6,0,0.436639118,0.5,0.5,1,0.333333333,0.285714286,0,1,1,0.951219512
1,0.260273973,0.070033793,0.533333333,0,0,0.397959184,0.5,0.733333333,0.333333333,0.214285714,0,1,1,0.951219512
1,0.342465753,0.128167971,0.6,0,0,0.397959184,0.5,1,0.333333333,0.857142857,0,1,1,0.951219512
1,0.397260274,0.211329971,0.866666667,0,0.436639118,0.397959184,0.5,0.8,0.333333333,0.928571429,0,1,1,0
0,0.452054795,0.165464798,0.533333333,0,0,0.806122449,0.5,0.733333333,0.333333333,0.857142857,0,1,1,0.951219512
0,0.410958904,0.177547079,0.133333333,0,0,0.397959184,0.5,0.266666667,0.333333333,0.571428571,0,0.5,1,0.56097561
0,0.315068493,0.144848676,0.533333333,0,0,0.397959184,0.5,0.733333333,0.333333333,0.214285714,0,0.5,1,0.951219512
0,0.082191781,0.122321335,0.8,0,0,0.295918367,0.5,0.6,0.666666667,0.071428571,0.6,1,0,0.951219512
1,0.630136986,0.011889467,0.533333333,0,0.340909091,0.397959184,0,0.733333333,0.333333333,0,0,1,1,0.951219512
0,0.808219178,0.109615287,0.866666667,0,0,0.091836735,0.75,0.8,0.333333333,0.214285714,0,1,1,0.951219512
0,0.095890411,0.034278118,0.533333333,0,0,0.397959184,0.5,0.733333333,0.666666667,0.214285714,0.6,1,1,0.951219512
1,0.383561644,0.112328202,1,0.076880769,0,0.5,0.5,0.666666667,0.333333333,0.714285714,0,1,1,0.951219512
0,0.671232877,0.120118529,0.2,0,0,0.193877551,0.25,0.333333333,1,0.571428571,0.2,1,0,0.951219512
0,0.273972603,0.18922479,0.533333333,0,0,0.397959184,0.5,0.733333333,0,0.5,0.2,1,1,0.951219512
0,0.054794521,0.169130954,0.6,0.037810378,0,0.397959184,0,1,0.333333333,0,1,1,0,0.951219512
0,0.232876712,0.06019897,0.8,0,0,0.62244898,0.75,0.6,0.666666667,0.857142857,0.2,1,1,0.951219512
0,0.575342466,0.117125528,0.6,0,0,0.704081633,0.75,1,0.333333333,0.857142857,0,1,1,0.951219512
0,0.260273973,0.055928666,0.666666667,0,0,0.193877551,0,0.533333333,1,0,0.2,1,0,0.951219512
0,0.356164384,0.03065729,0.533333333,0,0,0.397959184,0.5,0.733333333,0.333333333,0.071428571,1,1,0,0.951219512
0,0.602739726,0.22650741,0.533333333,0,0,0.153061224,0,0.733333333,0.333333333,0,0,1,1,0.951219512
0,0.068493151,0.20998975,0.6,0,0,0.397959184,0.5,1,0.666666667,0.285714286,0.6,1,1,0.951219512
0,0.260273973,0.11833856,0.666666667,0,0,0.5,0,0.533333333,0,0,0.6,1,1,0.951219512
1,0.602739726,0.032984578,0.6,0.076880769,0,0.357142857,0.625,1,0.333333333,0.857142857,0,1,1,0.951219512
0,0.369863014,0.067795131,0.6,0,0,0.397959184,0.5,1,0.333333333,0.214285714,0,1,1,0.951219512
0,0.219178082,0.056802076,0.733333333,0,0,0.5,0.5,0.466666667,0.333333333,0.714285714,0,1,1,0.951219512
0,0.02739726,0.097625692,0.6,0,0,0.37755102,0.5,1,0.666666667,0.071428571,0.6,1,0,0.951219512
0,0.273972603,0.014254642,0.733333333,0,0,0.295918367,0,0.466666667,0.333333333,0,0,1,1,0.951219512
0,0.452054795,0.057616627,0.6,0,0,0.479591837,0.25,1,0.333333333,0.785714286,0,1,1,0.951219512
1,0.328767123,0.204339311,0.533333333,0,0,0.397959184,0.5,0.733333333,0.333333333,0.071428571,0,1,1,0.951219512
0,0.260273973,0.036937586,0.6,0,0,0.602040816,0.75,1,0.333333333,0.214285714,0,1,1,0.951219512
0,0.246575342,0.120744326,0.4,0,0,0.397959184,0.5,0.066666667,0.833333333,0.214285714,0.8,1,1,0.951219512
1,0.273972603,0.126871725,0.933333333,0,0,0.5,0.625,0.933333333,0.333333333,0.714285714,0,1,1,0.951219512
0,0.438356164,0.103682055,0.6,0,0,0.908163265,0.5,1,0.666666667,0.642857143,0.2,0.5,0,0.56097561
0,0.150684932,0.163245756,0.6,0,0,0.397959184,0.5,1,0.666666667,0.071428571,0.2,1,0,0.951219512
0,0.410958904,0.054983543,0.533333333,0,0,0.397959184,0.5,0.733333333,0.333333333,0.357142857,0,1,1,0.951219512
0,0.342465753,0.22504,0.6,0,0,0.5,0.75,1,0.333333333,0.357142857,1,1,0,0.951219512
0,0.246575342,0.181772731,0.8,0,0,0.397959184,0.5,0.6,0.666666667,0.857142857,0.2,1,1,0.951219512
0,0.082191781,0.211966593,0.8,0,0,0.397959184,0.5,0.6,0.666666667,0.928571429,0.2,1,1,0.951219512
1,0.301369863,0.116102604,0.733333333,0.076880769,0,0.602040816,0.5,0.466666667,0.333333333,0.214285714,0,1,1,0.268292683
0,0.02739726,0.092462359,0.6,0,0,0.346938776,0.625,1,0.666666667,0.571428571,0.6,0.25,0,0.853658537
0,0.191780822,0.1373452,0.533333333,0,0,0.448979592,0.5,0.733333333,0.333333333,0.214285714,0,1,1,0.951219512
1,0.205479452,0.008283523,0.6,0,0,0.5,0.75,1,0.666666667,0.214285714,0.2,1,1,0.951219512
1,0.397260274,0.109364292,0.866666667,0.150241502,0,0.5,0.5,0.8,0.333333333,0.714285714,0,1,1,0.951219512
0,0.150684932,0.125597129,0.6,0,0,0.153061224,0.25,1,0.666666667,0.071428571,0.6,1,0,0.951219512
0,0.232876712,0.155655007,0.6,0,0,0.5,0.5,1,0.333333333,0.714285714,0,0.5,1,0.951219512
0,0.410958904,0.050878991,0.866666667,0,0,0.418367347,0.5,0.8,0,0.285714286,0.8,1,1,0.951219512
0,0.04109589,0.182207068,0.6,0,0,0.5,0.5,1,0.666666667,0.857142857,0.2,1,0,0.951219512
0,0.328767123,0.066048312,0.8,0,0,0.397959184,0.5,0.6,0.666666667,0.571428571,0.2,1,0,0
0,0.342465753,0.59004137,0.6,0,0,0.397959184,0.875,1,0.833333333,0.714285714,0.8,0.5,0,0.951219512
0,0.273972603,0.066116642,0.666666667,0,0,0.397959184,0.5,0.533333333,0,0.857142857,0.2,1,0,0.951219512
0,0.369863014,0.065660656,0.4,0,0,0.459183673,0.5,0.066666667,0,0.5,0.8,0.75,0,0.804878049
0,0.260273973,0.636826634,0.4,0,0,0.397959184,0.5,0.066666667,1,0.071428571,0.8,1,0,0.951219512
0,0.684931507,0.081415181,0.533333333,0,0,0.704081633,0.75,0.733333333,0.333333333,0.357142857,0,1,1,0.951219512
1,0.232876712,0.099122869,0.8,0,0,0.5,0.5,0.6,0.333333333,0.285714286,0,1,1,0.951219512
0,0.095890411,0.211966593,0.666666667,0,0,0.448979592,0.5,0.533333333,0.333333333,0.5,0,1,1,0.951219512
1,0.356164384,0.225627911,0.8,0.150241502,0,0.5,0.5,0.6,0.333333333,0.714285714,1,1,0,0.951219512
0,0.506849315,0.058284369,0.866666667,0,0,0.397959184,0.5,0.8,0.333333333,0.571428571,0,1,1,0.951219512
0,0.150684932,0.116889417,0.4,0,0,0.397959184,0.5,0.066666667,0.666666667,0.428571429,0.4,1,1,0.951219512
0,0.671232877,0.188275608,0.2,0,0,0.397959184,0.5,0.333333333,0.833333333,0.5,0.2,1,0,0.951219512
0,0.315068493,0.120428383,0.533333333,0,0,0.397959184,0.5,0.733333333,0,0.5,0.8,1,1,0.951219512
1,0.232876712,0.075085497,0.533333333,0,0,0.397959184,0.5,0.733333333,0.333333333,0.214285714,0,1,1,0.951219512
0,0.315068493,0.121039973,0.866666667,0,0,0.397959184,0.5,0.8,0.666666667,0.285714286,0.2,1,1,0.951219512
0,0.739726027,0.079933564,0.066666667,0,0,0.275510204,0.75,0.2,0,0.214285714,0.2,1,0,0.951219512
0,0.082191781,0.1309641,0.8,0,0,0.275510204,0.5,0.6,0.666666667,0.285714286,0.6,1,1,0.951219512
1,0.287671233,0.250964235,0.333333333,0.03103031,0,0.397959184,0.5,0,0.333333333,0.214285714,0,1,1,0.951219512
0,0.479452055,0.127714691,0.4,0,0,0.173469388,0.5,0.066666667,0.833333333,0.642857143,0.2,0.5,0,0.951219512
1,0.410958904,0.110730897,0.933333333,0,0,0.448979592,0.5,0.933333333,0.333333333,0.857142857,0,1,1,0.951219512
0,0.397260274,0.149667651,0.8,0,0,0.479591837,0.5,0.6,0,0.214285714,0.2,1,1,0.951219512
0,0.452054795,0.173618426,0.866666667,0,0,0.397959184,0.5,0.8,0.333333333,0.857142857,0,1,1,0.487804878
0,0.808219178,0.054691279,0.533333333,0.014240142,0,0.234693878,0.5,0.733333333,0.333333333,0.857142857,0,1,1,0.951219512
0,0.287671233,0.062754928,0.533333333,0,0,0.397959184,0.625,0.733333333,0,0.214285714,0.2,1,1,0.951219512
0,0.410958904,0.17103676,0.533333333,0,0,0.397959184,0.5,0.733333333,0.333333333,0.5,0,1,1,0.951219512
0,0.643835616,0.083377816,0.666666667,0,0,0.397959184,0.5,0.533333333,0,0.928571429,0.2,1,0,0.951219512
0,0.068493151,0.026284152,0.6,0,0,0.602040816,0.5,1,0.666666667,0.928571429,0.2,1,0,0.951219512
0,0.205479452,0.064927966,0.533333333,0,0,0.397959184,0.5,0.733333333,0.333333333,0.214285714,0,1,1,0.951219512
1,0.575342466,0.107616796,1,0,0,0.397959184,0.5,0.666666667,0.333333333,0.285714286,0,1,1,0.951219512
0,0.328767123,0.244354465,0.733333333,0,0,0.397959184,0.5,0.466666667,0.333333333,0.5,0,1,1,0.951219512
0,0.095890411,0.179854071,0.533333333,0,0,0.397959184,0.5,0.733333333,0.666666667,0.214285714,0.6,1,1,0.951219512
0,0.698630137,0.064502424,0.6,0,0,0.142857143,0.5,1,0.333333333,0.714285714,0,1,1,0.951219512
1,0.109589041,0.08400226,0.733333333,0,0,0.346938776,0.75,0.466666667,0.333333333,0.071428571,1,1,0,0.951219512
1,0.178082192,0.253861168,0.8,0.07298073,0,0.397959184,0.5,0.6,0.333333333,0.285714286,0,1,1,0.951219512
0,0.219178082,0.036528281,0.866666667,0,0,0.448979592,0.25,0.8,0.666666667,0.714285714,0.2,1,0,0.951219512
0,0.273972603,0.154623964,0.533333333,0,0,0.295918367,0.5,0.733333333,0,0.571428571,0.2,1,0,0.951219512
0,0.136986301,0.14137398,0.533333333,0,0,0.071428571,0.5,0.733333333,0.666666667,0.071428571,0.2,0,0,0.951219512
0,0.232876712,0.184250887,0.533333333,0,0,0.397959184,0.5,0.733333333,0.333333333,0.5,0,1,1,0.951219512
0,0.315068493,0.15533974,0.6,0,0,0.397959184,0.5,1,0.333333333,0.071428571,0,1,1,0.951219512
0,0.123287671,0.104907264,0.533333333,0,0,0.346938776,0.5,0.733333333,0.666666667,0.214285714,0.6,1,1,0.951219512
1,0.506849315,0.087264523,0.533333333,0,0,0.397959184,0.5,0.733333333,0.333333333,0.071428571,1,1,0,0.951219512
0,0.150684932,0.132079033,0.533333333,0,0,0.479591837,0.5,0.733333333,0.666666667,0.857142857,0.6,1,1,0.951219512
0,0.397260274,0.013896077,0.533333333,0,0,0.602040816,0.5,0.733333333,0.333333333,1,0,1,1,0.951219512
0,0.383561644,0.131804359,0.733333333,0,0.477502296,0.397959184,0.125,0.466666667,0,0.071428571,0.8,0.25,1,0.731707317
0,0.369863014,0.115260315,0.6,0,0,0.193877551,0.75,1,0.666666667,0.214285714,0.2,1,1,0.951219512
0,0.369863014,0.185685823,0.6,0,0,0.397959184,0.5,1,0.333333333,1,0,0.5,1,0.951219512
0,0.397260274,0.119097634,0.533333333,0,0,0.397959184,0.5,0.733333333,0.333333333,0.571428571,0,1,1,0.951219512
0,0.01369863,0.113116368,0.466666667,0,0,0.397959184,0,0.133333333,0.666666667,0,0.6,0.75,1,0.951219512
0,0.452054795,0.220380688,0.6,0,0,0.316326531,0.5,1,0.666666667,0.571428571,0.2,1,1,0.951219512
0,0.04109589,0.153325012,0.4,0,0,0.316326531,0.5,0.066666667,0.666666667,0.428571429,0.2,1,1,0.634146341
0,0.287671233,0.014674095,0.8,0,0,0.448979592,0.5,0.6,0.333333333,0.928571429,0,1,1,0.951219512
0,0.219178082,0.076770752,0.6,0,0,0.357142857,0.5,1,0.666666667,0.071428571,0.2,1,1,0.951219512
0,0.479452055,0.121845053,0.866666667,0.050130501,0,0.397959184,0.125,0.8,0.333333333,0.285714286,0,1,1,0.951219512
1,0.424657534,0.104541257,0.8,0,0,0.5,0.5,0.6,0.5,0.285714286,0.2,1,0,0.951219512
0,0.02739726,0.106784655,0.6,0,0,0.244897959,0,1,0.666666667,0,0.6,1,1,0.951219512
0,0.479452055,0.123472125,0.6,0,0,0.397959184,0.75,1,0.333333333,0.214285714,0,1,1,0.951219512
0,0.02739726,0.049972431,0.4,0,0,0.183673469,0.5,0.066666667,0.666666667,0.857142857,0.6,0.25,0,0.731707317
0,0.493150685,0.150486261,0.4,0,0,0.397959184,0.5,0.066666667,0.333333333,0.428571429,0,0.5,1,0.951219512
0,0.219178082,0.161852089,0.8,0,0,0.5,0.25,0.6,0.666666667,0.285714286,0.2,1,0,0.951219512
1,0.479452055,0.069269982,0.8,0,0,0.520408163,0.5,0.6,0.333333333,0.714285714,0,1,1,0.951219512
1,0.424657534,0.206394631,0.866666667,0,0,0.397959184,0.25,0.8,0.333333333,0.714285714,1,1,0,0.951219512
0,0.04109589,0.073565318,0.6,0,0,0.142857143,0.5,1,0.666666667,0.071428571,0.6,1,0,0.951219512
0,0.232876712,0.057519882,0.8,0,0,0.244897959,0.5,0.6,0,0.214285714,0.8,1,0,0.951219512
1,0.219178082,0.206597592,0.6,0,0,0.397959184,0.5,1,0.333333333,0.214285714,0,1,1,0.951219512
0,0.328767123,0.066484002,0.866666667,0,0,0.397959184,0.875,0.8,0.333333333,0.285714286,1,0.5,0,0.951219512
0,0.04109589,0.184039807,0.6,0,0,0.346938776,0.5,1,0.666666667,0.571428571,0.6,1,0,0.951219512
0,0.123287671,0.070837519,0.533333333,0,0,0.397959184,0.5,0.733333333,0.666666667,0.357142857,0.2,1,1,0.951219512
0,0.123287671,0.164336334,0.4,0.034110341,0,0.397959184,0.5,0.066666667,0.333333333,0.285714286,0,1,1,0.951219512
0,0.191780822,0.05956776,0.4,0,0,0.357142857,0.5,0.066666667,0.666666667,0.5,0.2,1,0,0.951219512
0,0.493150685,0.101078739,0.866666667,0.048650487,0,0.397959184,0.5,0.8,0,0.285714286,0.2,1,0,0.951219512
0,0.232876712,0.097588483,0.2,0,0,0.5,0.75,0.333333333,0,0.357142857,0.2,1,1,0.951219512
0,0.465753425,0.096106866,0.2,0,0,0.397959184,0.5,0.333333333,0.333333333,0.785714286,0,1,1,0.951219512
0,0.273972603,0.055507183,0.466666667,0,0,0.397959184,0.5,0.133333333,0,0.5,0.8,1,0,0.951219512
1,0.246575342,0.014652446,0.6,0,0,0.397959184,0.25,1,0.333333333,0.785714286,0,0.75,1,0.951219512
0,0.287671233,0.113614299,0.533333333,0,0,0.602040816,0.75,0.733333333,0.333333333,0.214285714,0,1,1,0.951219512
0,0.328767123,0.11688671,0.666666667,0,0,0.397959184,0.5,0.533333333,0.666666667,0.214285714,0.2,1,0,0
0,0.643835616,0.05348569,0.6,0,0,0.397959184,0.5,1,1,0.928571429,0.8,1,0,0.951219512
0,0.082191781,0.222120742,0.8,0,0,0.112244898,0.875,0.6,0.666666667,0.071428571,0.2,1,0,0.951219512
0,0.095890411,0.041423705,0.6,0,0,0.5,0.5,1,0.666666667,0.857142857,0.2,0.25,0,0.731707317
0,0.246575342,0.308790588,0.533333333,0,0,0.397959184,0.75,0.733333333,0.333333333,0.285714286,0,1,1,0.951219512
1,0.397260274,0.145175443,0.8,0,0,0.5,0.25,0.6,0,0.785714286,0.2,0.5,1,0.951219512
0,0.191780822,0.122416727,0.8,0.033250333,0,0.602040816,0.5,0.6,0.666666667,0.928571429,0.2,1,1,0.951219512
0,0.150684932,0.092106501,0.533333333,0.028850289,0,0.397959184,0.5,0.733333333,0.333333333,0.5,0,1,1,0.951219512
0,0.082191781,0.111088109,0.6,0,0,0.244897959,0.5,1,0.666666667,0.571428571,0.4,1,0,0.951219512
0,0.164383562,0.159094522,0.533333333,0,0,0.448979592,0.5,0.733333333,0,0.857142857,0.2,1,1,0.951219512
1,0.342465753,0.064264959,0.6,0,0.561065197,0.397959184,0.5,1,0.666666667,0.285714286,0.2,1,0,0.951219512
1,0.602739726,0.278064968,1,0,0,0.397959184,0.5,0.666666667,0.333333333,0.714285714,0,1,1,0.951219512
0,0.054794521,0.12342612,0.6,0,0,0.397959184,0.5,1,0.666666667,0.071428571,0.4,1,0,0.634146341
0,0.452054795,0.099222997,0.2,0.034110341,0,0.397959184,0.5,0.333333333,0.333333333,0.214285714,0,1,1,0.951219512
0,0.410958904,0.156780765,0.533333333,0,0,0.56122449,0.5,0.733333333,0.666666667,0.5,0.8,0,1,0.804878049
0,0.205479452,0.106592518,0.6,0,0,0.551020408,0.5,1,0,0.857142857,0.2,1,0,0.951219512
1,0.547945205,0.131194799,0.4,0,0,0.397959184,0.5,0.066666667,0.333333333,0.214285714,0,1,1,0.951219512
0,0.301369863,0.10210234,0.533333333,0,0,0.397959184,0.75,0.733333333,0.333333333,0.857142857,0,1,1,0.951219512
1,0.575342466,0.082448253,0.8,0.07298073,0,0.37755102,0.125,0.6,0.333333333,0.071428571,0,0.5,1,0.951219512
0,0.219178082,0.012965162,0.733333333,0,0,0.397959184,0.5,0.466666667,0,0.5,0.8,0,0,0.951219512
0,0.452054795,0.182136708,0.6,0,0,0.397959184,0,1,0.333333333,0,0,1,1,0.951219512
0,0,0.023761345,0.4,0,0,0.091836735,0,0.066666667,0.666666667,0,0.6,1,1,0.951219512
0,0.04109589,0.120387115,0.266666667,0,0,0.102040816,0.5,0.4,0.666666667,0.5,0.6,1,0,0.658536585
0,0.136986301,0.048191108,0.533333333,0,0,0.602040816,0.5,0.733333333,0.666666667,1,0.6,1,1,0.951219512
0,0.479452055,0.132612821,0.533333333,0,0,0.357142857,0.5,0.733333333,0.333333333,0.857142857,0,1,1,0.951219512
0,0.383561644,0.122565565,0.6,0,0,0.448979592,0.75,1,0.333333333,1,0,1,1,0.951219512
0,0.273972603,0.212510529,0.533333333,0,0,0.295918367,0.75,0.733333333,0.333333333,1,0,1,1,0.951219512
0,0.356164384,0.113870707,0.533333333,0,0,0.346938776,0.75,0.733333333,0.666666667,0.214285714,0.2,1,1,0.951219512
1,0.465753425,0.040190378,0.8,0,0,0.602040816,0.875,0.6,0,0.285714286,0.2,1,1,0.951219512
0,0.273972603,0.074559828,0.533333333,0,0,0.448979592,0.5,0.733333333,0.333333333,1,0,1,1,0.951219512
0,0.04109589,0.205503631,0.4,0.005940059,0,0.193877551,0.5,0.066666667,0.666666667,0.571428571,0.6,0.5,1,0.951219512
0,0.082191781,0.188568548,0.533333333,0,0,0.397959184,0.5,0.733333333,0.666666667,0.214285714,0.2,1,1,0.951219512
0,0.04109589,0.218080461,0.533333333,0,0,0.397959184,0.5,0.733333333,0,0.071428571,0.2,1,0,0.951219512
1,0.178082192,0.125566008,0.6,0,0,0.448979592,0.5,1,0.666666667,0.857142857,0.2,1,1,0.951219512
0,0.150684932,0.085711193,0.533333333,0,0,0.479591837,0.5,0.733333333,0.666666667,0.214285714,0.2,0.5,1,0.951219512
1,0.369863014,0.091319011,0.866666667,0,0,0.397959184,0.5,0.8,0.333333333,0.714285714,0,1,1,0.951219512
0,0.04109589,0.071261708,0.6,0,0,0.397959184,0.5,1,0.666666667,0.285714286,0.6,1,1,0.951219512
0,0.150684932,0.255344138,0.533333333,0,0,0.397959184,0.5,0.733333333,0,0.785714286,0.2,1,1,0.951219512
1,0.397260274,0.21373912,0.8,0.150241502,0,0.397959184,0.5,0.6,0.333333333,0.285714286,0,1,1,0.951219512
0,0.219178082,0.024514331,0.533333333,0,0,0.397959184,0.5,0.733333333,0.833333333,0.428571429,0.2,1,1,0.951219512
0,0.397260274,0.03172216,0.533333333,0,0,0.326530612,0.25,0.733333333,1,0.714285714,0.8,0,0,0.951219512
1,0.150684932,0.114147411,0.8,0,0,0.5,0.5,0.6,0.333333333,0.285714286,0,1,1,0.219512195
0,0.123287671,0.252343695,0.533333333,0,0,0.602040816,0.5,0.733333333,0.333333333,0.285714286,0,0.5,1,0.951219512
1,0.753424658,0.139081871,0.533333333,0,0,0.397959184,0.125,0.733333333,0.333333333,0.071428571,0,1,1,0.951219512
0,0.02739726,0.241644256,0.533333333,0,0,0.397959184,0.5,0.733333333,0.666666667,0.071428571,0.6,1,0,0.951219512
0,0.191780822,0.078049408,0.333333333,0,0.399678604,0.397959184,0.25,0,0.666666667,1,0.4,1,1,0.951219512
1,0.136986301,0.106471418,0.8,0,0,0.418367347,0.5,0.6,0.333333333,0.714285714,0,1,1,0.951219512
1,0.219178082,0.055442236,0.933333333,0,0,0.418367347,0.5,0.933333333,0.666666667,0.714285714,0.6,1,1,0.951219512
0,0.02739726,0.101707919,0.6,0,0,0.132653061,0.5,1,0.666666667,0.928571429,0.6,1,1,0.951219512
0,0.726027397,0.057875064,0.533333333,0,0,0.030612245,0,0.733333333,1,0,0.8,1,0,0.951219512
0,0.410958904,0.067323584,0.6,0,0,0.346938776,0.5,1,0.666666667,0.571428571,0.2,0.5,0,0.682926829
1,0.328767123,0.132726479,0.533333333,0,0,0.397959184,0.5,0.733333333,0.333333333,0.285714286,0,1,1,0.951219512
0,0.493150685,0.084254608,0.4,0,0,0.295918367,0.625,0.066666667,1,0.285714286,0.2,1,0,0.951219512
1,0.246575342,0.154373645,0.6,0,0,0.397959184,0.5,1,0.833333333,1,0.2,0.5,0,0.951219512
1,0.465753425,0.447515247,0.666666667,0,0,0.5,0.5,0.533333333,0.333333333,0.285714286,0,1,1,0.951219512
0,0.136986301,0.13863265,0.6,0,0,0.397959184,0.5,1,0.666666667,0.071428571,0.2,1,1,0.951219512
1,0.479452055,0.180529932,0.6,0,0,0.367346939,0.5,1,0.666666667,0.714285714,0.2,1,1,0.951219512
0,0.273972603,0.014808049,0.8,0,0,0.397959184,0.5,0.6,0.666666667,0.928571429,0.2,1,0,0.951219512
0,0.082191781,0.203832584,0.8,0,0,0.244897959,0.5,0.6,0.666666667,0.857142857,0.6,0.5,0,0.951219512
0,0.342465753,0.124008619,0.733333333,0,0,0.397959184,0.5,0.466666667,0.833333333,0.071428571,0.8,0.5,0,0.951219512
0,0.136986301,0.147966836,0.8,0,0,0.448979592,0.25,0.6,0.666666667,0.714285714,0.2,1,0,0.951219512
1,0.150684932,0.104897792,0.533333333,0,0,0.448979592,0.5,0.733333333,0.333333333,0.285714286,1,1,0,0.951219512
0,0.232876712,0.208198956,0.533333333,0,0,0.5,0.5,0.733333333,0.333333333,0.571428571,0,1,1,0.951219512
0,0.356164384,0.244309814,0.666666667,0,0,0.397959184,0.5,0.533333333,0.333333333,0.214285714,0,1,1,0.951219512
0,0.602739726,0.093071243,0.2,0,0.472222222,0.704081633,0,0.333333333,0.333333333,0,0,1,1,0.951219512
1,0.328767123,0.128731526,0.533333333,0,0,0.397959184,0.5,0.733333333,0.333333333,0.071428571,0,1,1,0.951219512
1,0.246575342,0.177982769,0.8,0.074300743,0,0.397959184,0.5,0.6,0,0.928571429,0.8,1,1,0.268292683
0,0.219178082,0.046451054,0.533333333,0,0,0.397959184,0.5,0.733333333,0.333333333,0.5,0,1,1,0.951219512
1,0.397260274,0.021934017,0.8,0,0,0.5,0.125,0.6,0,0.714285714,0.8,1,0,0.951219512
0,0.493150685,0.168405029,0.533333333,0,0,0.397959184,0.5,0.733333333,0.333333333,0.571428571,0,1,1,0.707317073
1,0.397260274,0.160075502,0.8,0,0,0.397959184,0.875,0.6,0.333333333,0.285714286,0,1,1,0.951219512
0,0.438356164,0.030701265,0.8,0,0,0.397959184,0,0.6,0,0,0.6,1,0,0.951219512
0,0.328767123,0.006677424,0.866666667,0,0,0.602040816,0.25,0.8,0,0.714285714,0.8,1,0,0.951219512
0,0.219178082,0.093554967,0.8,0,0,0.397959184,0.5,0.6,0.333333333,0.857142857,0,1,1,0.951219512
0,0.479452055,0.200579116,0.6,0,0,0.397959184,0.5,1,0,0.285714286,0.8,1,0,0.951219512
0,0.205479452,0.17235939,0.333333333,0,0,0.397959184,0.5,0,0.666666667,0.357142857,0.8,0.5,0,0.951219512
0,0.452054795,0.184148053,0.133333333,0,0,0.397959184,0,0.266666667,0.333333333,0,0,1,1,0.951219512
0,0.342465753,0.124637799,0.8,0,0,0.397959184,0.625,0.6,0.666666667,0.714285714,0.2,1,1,0.951219512
0,0.452054795,0.131980259,0.6,0,0,0.397959184,0.5,1,0.5,0.571428571,0.2,1,0,0.12195122
0,0.178082192,0.256291966,0.533333333,0,0,0.602040816,0.5,0.733333333,0.333333333,0.428571429,0,1,1,0.951219512
0,0.246575342,0.061335552,0.6,0,0.383149679,0.448979592,0.5,1,0.666666667,0.857142857,0.2,0.25,0,0.951219512
0,0.424657534,0.328824212,0.733333333,0,0,0.5,0.5,0.466666667,0.333333333,1,0,1,1,0.951219512
0,0.630136986,0.11882296,0.4,0,0,0.295918367,0.5,0.066666667,0.333333333,0.571428571,0,1,1,0.951219512
1,0.232876712,0.125566008,0.8,0,0,0.602040816,0.5,0.6,0.333333333,0.857142857,0,1,1,0.951219512
0,0.452054795,0.077332954,0.533333333,0,0,0.397959184,0.5,0.733333333,0.833333333,0.214285714,0.2,0.5,1,0.951219512
0,0.082191781,0.102414224,0.6,0,0,0.142857143,0.5,1,0.666666667,0.857142857,0.6,1,0,0.951219512
1,0.369863014,0.045487665,0.8,0.150241502,0,0.551020408,0.625,0.6,0.333333333,0.357142857,0,1,1,0.951219512
1,0.219178082,0.233092824,0.8,0.105201052,0,0.448979592,0.5,0.6,0.666666667,0.714285714,0.2,1,0,0.951219512
0,0.04109589,0.073952974,0.6,0.029070291,0,0.346938776,0.5,1,0.666666667,0.571428571,0.6,1,0,0.951219512
0,0.328767123,0.077507501,0.933333333,0,0,0.397959184,0.5,0.933333333,0.333333333,0.071428571,0,0.25,1,0.731707317
0,0.410958904,0.128928399,0.6,0,0,0.357142857,0.5,1,0,0.071428571,0.2,1,0,0.951219512
0,0.410958904,0.04600251,1,0,0,0.448979592,0.875,0.666666667,0.333333333,0.714285714,0,1,1,0.951219512
0,0.547945205,0.180282319,0.666666667,0,0,0.469387755,0.5,0.533333333,0.5,0.285714286,0.2,1,0,0.951219512
0,0.465753425,0.161369041,0.6,0,0,0.397959184,0.875,1,0.666666667,0.285714286,0.2,1,1,0.951219512
0,0.424657534,0.097855038,0.8,0,0,0.397959184,0.5,0.6,0,0.071428571,0.2,1,1,0.951219512
1,0.287671233,0.123300961,0.666666667,0,0,0.479591837,0.5,0.533333333,0.333333333,0.5,0,1,1,0.951219512
1,0.397260274,0.10363402,0.6,0,0,0.5,0.5,1,0.333333333,0.214285714,0,1,1,0.951219512
0,0.465753425,0.028112156,0.8,0,0,0.397959184,0.5,0.6,0.333333333,0.428571429,0,1,1,0.951219512
0,0.205479452,0.09121956,0.533333333,0,0,0.397959184,0.5,0.733333333,0,0.571428571,0.2,1,0,0.951219512
1,0.397260274,0.125191206,0.866666667,0.076880769,0,0.459183673,0.5,0.8,0.333333333,0.714285714,0,1,1,0.951219512
0,0.424657534,0.110498845,0.6,0,0,0.397959184,0.5,1,0.333333333,0.428571429,1,1,0,0.585365854
0,0.808219178,0.080034368,0.6,0,0,0.112244898,0.75,1,0.333333333,0.571428571,1,1,0,0.951219512
1,0.534246575,0.110839143,0.533333333,0.03103031,0,0.397959184,0.5,0.733333333,0.333333333,0.214285714,0,1,1,0.951219512
0,0.301369863,0.254355717,0.8,0,0,0.397959184,0.125,0.6,0.666666667,0.928571429,0.6,0.5,1,0.951219512
1,0.410958904,0.216897197,0.8,0,0,0.448979592,0,0.6,0.333333333,0,0,1,1,0.951219512
1,0.164383562,0.134578839,0.4,0,0,1,0.5,0.066666667,0.333333333,1,0,1,1,0.951219512
0,0.082191781,0.215332366,0.8,0,0,0.244897959,0.5,0.6,0.666666667,0.071428571,0.6,1,0,0.951219512
0,0.082191781,0.289673672,0.8,0,0,0.397959184,0.5,0.6,0.666666667,0.571428571,0.2,1,1,0.951219512
0,0.082191781,0.208073797,0.6,0,0,0.244897959,0.5,1,0.666666667,0.428571429,0.6,1,1,0.951219512
0,0.109589041,0.179389966,0.8,0,0,0.5,0.5,0.6,0.333333333,0.857142857,0,1,1,0.951219512
1,0.424657534,0.123459271,0.733333333,0,0.436639118,0.397959184,0.5,0.466666667,0.333333333,0.857142857,0,1,1,0.951219512
0,0.123287671,0.043714461,0.8,0,0,0.397959184,0.125,0.6,0.666666667,0.928571429,0.2,1,1,0.951219512
0,0.054794521,0.276517727,0.4,0,0,0.602040816,0.5,0.066666667,0.333333333,0.214285714,0,1,1,0.951219512
0,0.191780822,0.15270598,0.8,0,0,0.551020408,0.5,0.6,0.333333333,1,0,1,1,0.634146341
0,0.164383562,0.172042094,0.533333333,0.028290283,0,0.37755102,0.5,0.733333333,0.333333333,0.857142857,0,0.5,1,0.951219512
0,0.082191781,0.120557602,0.8,0,0,0.193877551,0.5,0.6,0.666666667,0.857142857,0.6,1,0,0.951219512
1,0.369863014,0.107775105,0.666666667,0.076880769,0,0.397959184,0.25,0.533333333,0.333333333,0.214285714,0,1,1,0.951219512
0,0.616438356,0.111326927,0.866666667,0,0,0.091836735,0.25,0.8,0.333333333,0.714285714,0,1,1,0.951219512
0,0.219178082,0.167115549,0.6,0,0,0.408163265,0.5,1,0.333333333,1,0,1,1,0.951219512
0,0.246575342,0.086912723,0.533333333,0,0,0.397959184,0.875,0.733333333,0.333333333,0.214285714,0,1,1,0.951219512
1,0.671232877,0.014838494,0.533333333,0,0,0.5,0.75,0.733333333,0.333333333,1,0,1,1,0.951219512
0,0.095890411,0.021141792,0.8,0,0,0.316326531,0.5,0.6,0.666666667,0.571428571,0.2,1,0,0.951219512
0,0.04109589,0.199189508,0.533333333,0,0,0.397959184,0.75,0.733333333,0.666666667,0.357142857,0.6,1,1,0.951219512
0,0.397260274,0.11835412,0.266666667,0,0,0.244897959,0.5,0.4,0,0.571428571,0.2,1,1,0.951219512
1,0.452054795,0.093761987,0.533333333,0,0.433195592,0.551020408,0.5,0.733333333,0.333333333,0.285714286,0,0.5,1,0.951219512
1,0.410958904,0.075042876,0.533333333,0,0,0.193877551,0.5,0.733333333,0.333333333,0.071428571,1,1,0,0.951219512
0,0.465753425,0.01190841,0.533333333,0,0,0.43877551,0.5,0.733333333,0,0.285714286,0.2,1,1,0.951219512
0,0.109589041,0.016059644,0.533333333,0,0,0.551020408,0.5,0.733333333,0.5,1,0.2,1,1,0.951219512
0,0.397260274,0.126509778,0.8,0,0,0.397959184,0.25,0.6,0.833333333,0.714285714,0.8,1,1,0.951219512
0,0.301369863,0.053927468,0.533333333,0,0,0.397959184,0.5,0.733333333,0,0.571428571,0.8,1,0,0.951219512
0,0.273972603,0.120301871,0.533333333,0,0,0.551020408,0.5,0.733333333,0.666666667,0.071428571,0.6,1,0,0.951219512
1,0.287671233,0.060680664,0.6,0,0.518365473,0.551020408,0.5,1,0.833333333,0.5,0.2,1,1,0.951219512
0,0.219178082,0.06239298,0.533333333,0,0,0.397959184,0.5,0.733333333,0,0.071428571,0.6,1,0,0.951219512
0,0.082191781,0.171023229,0.666666667,0,0,0.397959184,0.5,0.533333333,0.666666667,0.571428571,0.2,1,0,0.951219512
0,0.054794521,0.059226785,0.6,0,0,0.244897959,0.5,1,0.666666667,0.857142857,0.2,1,0,0.951219512
0,0.068493151,0.084967002,0.6,0,0,0.193877551,0.5,1,0.666666667,0.785714286,0.2,1,1,0.951219512
0,0.506849315,0.1042632,0.6,0,0,0.346938776,0.25,1,0,0.285714286,0.8,0.5,0,0.951219512
0,0.356164384,0.210692673,0.533333333,0,0,0.397959184,0.5,0.733333333,0.333333333,0.5,0,1,1,0.951219512
0,0.068493151,0.012923216,0.8,0.028850289,0,0.244897959,0.5,0.6,0.333333333,0.071428571,0.6,0,0,0.951219512
1,0.328767123,0.079723837,0.6,0,0,0.602040816,0.625,1,0.333333333,0.357142857,0,1,1,0.951219512
0,0.054794521,0.111226122,0.6,0,0,0.234693878,0.5,1,0.666666667,0.571428571,0.6,1,1,0.951219512
0,0.01369863,0.007406731,0.333333333,0,0,0.397959184,0,0,0.666666667,0,0.6,1,1,0.951219512
0,0.095890411,0.127099718,0.666666667,0,0,0.397959184,0.5,0.533333333,0.666666667,0.071428571,0.6,1,0,0.951219512
0,0.01369863,0.031835818,0.4,0,0,0.040816327,0.875,0.066666667,0.666666667,0.071428571,0.6,1,0,0.951219512
1,0.150684932,0.110357449,0.866666667,0,0,0.295918367,0.75,0.8,0.333333333,0.285714286,1,1,0,0.951219512
0,0.438356164,0.115503868,0.533333333,0,0,0.397959184,0.5,0.733333333,0.333333333,0.357142857,0,1,1,0.951219512
0,0.712328767,0.064448977,0.266666667,0,0,0.397959184,0.75,0.4,0.333333333,0.071428571,0,1,1,0.951219512
0,0.561643836,0.147688779,0.333333333,0,0,0.397959184,0,0,1,0,0.8,0.5,0,0.951219512
0,0.342465753,0.012271711,0.4,0,0,0.37755102,0.5,0.066666667,0.833333333,0.571428571,0.8,1,0,0.951219512
0,0.273972603,0.213796626,0.8,0,0,0.357142857,0.25,0.6,0,0.714285714,0.2,1,0,0.951219512
0,0.082191781,0.254733901,0.533333333,0,0,0.397959184,0.5,0.733333333,0.666666667,0.071428571,0.6,1,0,0.951219512
0,0.630136986,0.093004266,0.333333333,0,0.399449036,0.397959184,0.5,0,0.333333333,0.214285714,0,1,1,0.951219512
0,0.054794521,0.056677593,0.6,0,0,0.091836735,0.5,1,0.666666667,0.571428571,0.6,1,0,0.951219512
0,0.082191781,0.18728651,0.533333333,0,0,0.5,0.75,0.733333333,0,0.571428571,0.8,1,0,0.951219512
0,0.465753425,0.059333678,0.333333333,0,0,0.397959184,0.5,0,0.833333333,0.5,0.8,0.5,0,0.951219512
0,0.136986301,0.28282982,0.6,0,0,0.448979592,0.5,1,0.666666667,0.857142857,0.2,1,0,0.951219512
0,0.246575342,0.10609391,0.6,0,0,0.397959184,0.5,1,0.5,0.214285714,0.2,1,1,0.951219512
1,0.164383562,0.13036807,0.533333333,0,0,0.397959184,0.5,0.733333333,0.333333333,0.214285714,0,1,1,0.951219512
1,0.178082192,0.130204348,0.8,0,0,0.5,0.625,0.6,0.333333333,0.285714286,0,1,1,0.951219512
0,0.479452055,0.054247471,0.6,0,0,0.316326531,0.75,1,0,0.714285714,0.2,1,0,0.951219512
0,0.328767123,0.047197951,0.533333333,0,0,0.397959184,0.625,0.733333333,0.333333333,0.214285714,0,1,1,0.951219512
0,0.260273973,0.109273636,0.6,0,0,0.346938776,0.5,1,0.666666667,0.857142857,0.2,1,0,0.951219512
0,0.205479452,0.111906042,0.8,0,0,0.448979592,0.5,0.6,0.333333333,0.214285714,0,0.25,1,0.463414634
0,0.150684932,0.096459342,0.533333333,0,0.43067034,0.397959184,0.25,0.733333333,0.666666667,0.785714286,0.4,0.5,1,0.951219512
1,0.342465753,0.110517111,0.8,1,0,0.397959184,0.25,0.6,0.666666667,0.071428571,0.2,1,0,0.951219512
1,0.383561644,0.144218143,0.8,0,0,0.5,0.75,0.6,0.333333333,0.285714286,0,1,1,0.951219512
0,0.287671233,0.147328861,0.6,0,0,0.397959184,0.25,1,0.333333333,0.357142857,0,1,1,0.951219512
1,0.479452055,0.043194203,0.6,0,0,0.397959184,0.125,1,0.333333333,0.285714286,1,0.25,0,0.951219512
0,0.301369863,0.215948015,0.8,0,0.383149679,0.602040816,0.75,0.6,0,0.214285714,0.2,0.5,1,0
0,0.520547945,0.094166557,0.8,0,0.365013774,0.37755102,0.5,0.6,0.666666667,0.928571429,0.4,1,0,0.951219512
0,0.205479452,0.014296587,0.6,0,0,0.5,0.75,1,0.333333333,0.214285714,0,1,1,0.951219512
0,0.575342466,0.065814906,0.533333333,0,0,0.551020408,0.5,0.733333333,0.333333333,1,0,1,1,0.951219512
1,0.465753425,0.126992825,0.266666667,0,0,0.5,0.5,0.4,0.333333333,0.214285714,0,1,1,0.951219512
0,0.150684932,0.098327261,0.8,0,0,0.397959184,0.5,0.6,0.666666667,0.071428571,0.2,1,0,0.951219512
0,0.369863014,0.00720377,0.533333333,0,0,0.397959184,0.75,0.733333333,0.333333333,0.285714286,0,1,1,0.951219512
1,0.602739726,0.22556567,0.533333333,0.03103031,0,0.397959184,0.5,0.733333333,0.333333333,0.714285714,0,1,1,0.951219512
0,0.095890411,0.007545421,0.533333333,0,0,0.397959184,0.5,0.733333333,0.333333333,0.214285714,0,1,1,0.951219512
0,0.123287671,0.026842296,0.6,0,0,0.551020408,0.5,1,0.666666667,0.785714286,0.2,0.5,1,0.731707317
0,0.671232877,0.064879932,0.266666667,0,0,0.397959184,0,0.4,0.333333333,0,0,0.5,1,0.951219512
0,0.191780822,0.099384689,0.533333333,0,0,0.397959184,0.5,0.733333333,0,1,0.6,1,1,0.951219512
1,0.273972603,0.041210596,0.533333333,0,0,0.397959184,0.5,0.733333333,0.333333333,0.428571429,0,0.25,1,0.951219512
0,0.356164384,0.138157045,0.8,0,0,0.397959184,0.5,0.6,0,0.071428571,0.8,1,0,0.268292683
0,0.260273973,0.086203036,0.866666667,0,0,0.397959184,0.25,0.8,0.666666667,0.714285714,0.2,0.5,0,0.951219512
0,0.136986301,0.082946861,0.666666667,0,0,0.397959184,0.5,0.533333333,0.333333333,0.214285714,0,1,1,0.951219512
0,0.465753425,0.056046383,0.533333333,0,0,0.397959184,0.5,0.733333333,0,0.214285714,0.2,1,1,0.951219512
1,0.315068493,0.035650135,0.6,0,0,0.551020408,0.5,1,0.333333333,0.071428571,0,0.5,1,0.951219512
0,0.136986301,0.030163418,0.533333333,0,0,0.397959184,0.5,0.733333333,0.333333333,0.5,0,1,1,0.951219512
1,0.301369863,0.126212101,0.8,0,0,0.602040816,0.75,0.6,0.333333333,0.714285714,0,1,1,0.048780488
0,0.287671233,0.118435304,0.533333333,0,0,0.397959184,0.5,0.733333333,0.666666667,0.857142857,0.6,1,0,0.951219512
0,0.547945205,0.058912196,0.266666667,0,0,0.397959184,0.5,0.4,0.333333333,0.5,0,1,1,0.804878049
1,0.123287671,0.048936652,0.8,0,0,0.397959184,0.5,0.6,0.333333333,0.214285714,0,1,1,0.951219512
0,0.068493151,0.159771736,0.133333333,0,0,0.5,0.5,0.266666667,0.666666667,0.642857143,0.2,1,1,0.317073171
0,0.219178082,0.123437622,0.466666667,0,0,0.397959184,0.5,0.133333333,0.333333333,1,0,1,1,0.951219512
0,0.178082192,0.021839302,0.8,0,0,0.397959184,0.25,0.6,0.333333333,0.714285714,0,1,1,0.951219512
1,0.383561644,0.133411135,0.866666667,0,0,0.448979592,0.25,0.8,0.333333333,0.714285714,1,1,0,0.951219512
1,0.273972603,0.062739367,0.8,0,0,0.5,0.5,0.6,0.333333333,0.857142857,0,1,1,0.951219512
0,0.602739726,0.131284778,0.333333333,0,0,0.397959184,0.5,0,0.666666667,1,0.2,1,1,0.951219512
1,0.342465753,0.067111152,0.8,0,0,0.5,0.5,0.6,0.333333333,0.928571429,0,1,1,0.951219512
1,0.219178082,0.122019599,1,0,0.453856749,0.908163265,0.5,0.666666667,0.333333333,0.714285714,0,1,1,0.951219512
0,0.123287671,0.101617263,0.8,0,0,0.193877551,0.875,0.6,0.666666667,0.714285714,0.2,1,1,0
0,0.164383562,0.06180101,0.533333333,0,0,0.346938776,0.5,0.733333333,0.666666667,0.785714286,0.8,1,1,0.951219512
0,0.493150685,0.167660162,0.533333333,0,0,0.295918367,0.5,0.733333333,1,0.857142857,0.2,1,0,0.951219512
0,0.356164384,0.06110553,0.533333333,0,0,0.479591837,0.5,0.733333333,0.333333333,0.857142857,0,1,1,0.951219512
1,0.123287671,0.11176194,0.733333333,0,0,0.448979592,0.25,0.466666667,0.333333333,0.785714286,0,1,1,0.951219512
0,0.136986301,0.13814622,0.6,0,0,0.397959184,0.5,1,1,0.071428571,0.8,1,0,0.951219512
0,0.506849315,0.030710736,0.533333333,0,0,0.397959184,0.125,0.733333333,0.666666667,0.071428571,0.8,0.5,1,0.951219512
0,0.561643836,0.233745683,0.533333333,0,0,0.397959184,0.5,0.733333333,0.333333333,0.214285714,0,0.5,1,0.951219512
0,0.232876712,0.134599811,0.8,0.06497065,0,0.397959184,0.25,0.6,0,0.714285714,0.8,1,0,0.951219512
1,0.808219178,0.108484117,0.6,0,0,0.193877551,0,1,0.333333333,0,0,1,1,0.951219512
0,0.397260274,0.120560308,0.533333333,0,0,0.275510204,0.5,0.733333333,0,0.642857143,0.8,1,0,0.170731707
0,0.068493151,0.292446122,0.8,0,0,0.5,0.5,0.6,0.666666667,0.285714286,0.2,1,1,0.951219512
0,0.315068493,0.062805668,0.8,0,0,0.397959184,0.125,0.6,0.333333333,0.785714286,0,1,1,0.951219512
1,0.438356164,0.074486762,0.866666667,0,0,0.397959184,0.5,0.8,0.333333333,0.285714286,0,1,1,0.951219512
0,0.095890411,0.136737669,0.8,0,0,0.551020408,0.5,0.6,0.666666667,0.714285714,0.6,1,0,0.951219512
0,0.561643836,0.065441458,0.6,0,0,0.397959184,0.5,1,0,0.071428571,0.8,1,0,0.951219512
1,0.630136986,0.128078668,0.6,0,0.436639118,0.602040816,0.75,1,0.333333333,0.857142857,0,1,1,0.951219512
0,0.342465753,0.07198425,0.6,0,0,0.193877551,0.5,1,0,0.714285714,0.8,1,0,0.951219512
1,0.780821918,0.119357425,0.933333333,1,0,0.5,0.5,0.933333333,0.333333333,0.714285714,0,1,1,0.951219512
0,0.260273973,0.195741874,0.533333333,0,0,0.397959184,0.5,0.733333333,0.333333333,0.214285714,0,1,1,0.951219512
1,0.301369863,0.298624261,0.8,0,0,0.397959184,0.5,0.6,0,0.714285714,0.2,1,1,0.951219512
0,0.178082192,0.088951807,0.533333333,0,0,0.295918367,0.5,0.733333333,0.666666667,0.571428571,0.2,1,1,0.951219512
0,0.342465753,0.150185879,0.533333333,0,0,0.346938776,0,0.733333333,0.5,0,0.2,1,1,0.951219512
0,0.602739726,0.045694685,0.533333333,0,0,0.5,0.5,0.733333333,0.333333333,0.285714286,0,1,1,0.951219512
0,0.506849315,0.053850343,0.533333333,0,0,0.428571429,0.5,0.733333333,0.333333333,0.214285714,0,1,1,0.951219512
0,0.315068493,0.143769598,0.533333333,0,0.394628099,0.397959184,0.5,0.733333333,0.666666667,1,0.6,0.5,1,0.951219512
1,0.369863014,0.179622695,0.4,0,0,0.602040816,0.625,0.066666667,0.333333333,0.857142857,0,1,1,0.780487805
0,0.328767123,0.096750253,0.666666667,0,0,0.448979592,0.5,0.533333333,0.333333333,0.214285714,0,1,1,0.951219512
0,0.164383562,0.122436346,0.8,0,0,0.295918367,0.5,0.6,0.333333333,0.214285714,0.4,0.25,1,0.463414634
1,0.424657534,0.135885909,0.733333333,0,0,0.602040816,0.5,0.466666667,0.333333333,0.857142857,0,1,1,0.951219512
0,0.123287671,0.132629058,0.533333333,0.039420394,0,0.448979592,0.5,0.733333333,0.333333333,0.285714286,0,1,1,0.951219512
1,0.287671233,0.205792513,0.8,0,0,0.397959184,0.25,0.6,0.333333333,0.714285714,0,1,1,0.951219512
0,0.342465753,0.023494112,0.8,0,0,0.397959184,0.5,0.6,0.333333333,1,0,1,1,0.951219512
0,0.301369863,0.112799748,0.533333333,0,0,0.397959184,0.5,0.733333333,0.666666667,0.5,0.2,0.5,1,0.951219512
1,0.356164384,0.112048115,0.6,0,0,0.397959184,0.5,1,0.333333333,0.714285714,0,1,1,0.951219512
0,0.273972603,0.112753744,0.8,0,0,0.448979592,0.5,0.6,0.666666667,0.714285714,0.2,1,0,0.951219512
0,0.424657534,0.079487726,0.533333333,0,0,0.397959184,0.5,0.733333333,1,0.071428571,0.8,1,0,0.951219512
0,0.054794521,0.075567869,0.6,0,0,0.091836735,0,1,0.666666667,0,0.4,0.25,1,0.975609756
1,0.356164384,0.083431262,0.866666667,0,0,0.5,0.5,0.8,0,0.285714286,0.2,1,0,0.951219512
1,0.465753425,0.198002185,0.866666667,0,0,0.5,0.625,0.8,0.333333333,0.285714286,0,1,1,0.951219512
1,0.219178082,0.182358612,1,0,0,0.397959184,0.625,0.666666667,0.333333333,0.714285714,0,1,1,0.12195122
0,0.479452055,0.021394817,0.533333333,0,0,0.397959184,0.25,0.733333333,0,0.071428571,0.8,0.5,0,0.951219512
0,0.328767123,0.066603072,0.6,0,0,0.397959184,0.5,1,0,0.928571429,0.2,1,0,0.951219512
0,0.643835616,0.173653606,0.533333333,0,0,0.214285714,0.5,0.733333333,0,0.071428571,0.2,1,0,0.951219512
0,0.452054795,0.174485071,0.8,0,0,0.602040816,0.5,0.6,0.333333333,0.285714286,0,1,1,0.951219512
0,0.369863014,0.050378354,0.6,0.045080451,0,0.724489796,0.75,1,0.333333333,0.357142857,0,1,1,0.951219512
0,0.506849315,0.055016017,0.533333333,0,0,0.397959184,0.5,0.733333333,0,1,0.2,1,1,0.951219512
0,0.342465753,0.135019941,0.533333333,0,0,0.397959184,0.5,0.733333333,0.833333333,0.071428571,0.2,1,1,0.951219512
0,0.342465753,0.135719481,0.666666667,0.024070241,0,0.397959184,0.5,0.533333333,0.333333333,0.071428571,0,1,1,0.951219512
1,0.452054795,0.084925733,0.533333333,0,0,0.602040816,0.5,0.733333333,0.333333333,1,0,1,1,0.951219512
1,0.602739726,0.053744803,0.866666667,0,0,0.397959184,0.125,0.8,0.333333333,0.928571429,1,1,0,0.951219512
0,0.315068493,0.103808567,0.666666667,0,0,0.397959184,0.25,0.533333333,0,0.285714286,0.8,1,0,0.951219512
0,0.534246575,0.125356958,0.533333333,0,0,0.397959184,0.5,0.733333333,0,0.571428571,0.2,1,0,0.951219512
0,0.109589041,0.16294402,0.8,0,0,0.397959184,0.125,0.6,0.666666667,0.285714286,0.2,1,0,0
0,0.02739726,0.175382836,0.533333333,0,0,0.234693878,0.5,0.733333333,0.666666667,0.571428571,0.4,0.25,1,0.951219512
0,0.575342466,0.12648204,0.533333333,0,0,0.193877551,0.75,0.733333333,0,0.714285714,0.2,1,1,0.219512195
1,0.123287671,0.087647443,0.8,0,0,0.397959184,0.875,0.6,0.333333333,0.285714286,0,0.5,1,0.951219512
0,0.150684932,0.125976666,0.733333333,0,0,0.397959184,0.5,0.466666667,0.666666667,0.214285714,0.2,1,1,0.951219512
0,0.136986301,0.390104965,0.533333333,0,0,0.397959184,0.5,0.733333333,0.333333333,0.214285714,0,1,1,0.951219512
1,0.205479452,0.173917456,0.6,0.051780518,0,0.5,0.5,1,0.333333333,1,0,1,1,0.951219512
1,0.438356164,0.060903922,0.8,0,0,0.418367347,0.875,0.6,0.333333333,0.714285714,0,1,1,0.951219512
1,0.383561644,0.207017045,0.6,0.076880769,0,0.5,0.25,1,0.333333333,0.714285714,0,1,1,0.951219512
0,0.342465753,0.204371108,0.533333333,0,0,0.448979592,0.5,0.733333333,0,0.214285714,0.8,0.5,1,0.951219512
0,0.04109589,0.117668788,0.6,0,0,0.37755102,0.25,1,0.666666667,0.714285714,0.6,1,1,0.951219512
0,0.356164384,0.069493916,0.533333333,0,0,0.397959184,0.875,0.733333333,0,0.928571429,0.2,1,0,0.951219512
0,0.424657534,0.057910244,0.533333333,0,0,0.244897959,0.75,0.733333333,0.833333333,0.571428571,0.4,1,0,0.951219512
0,0.095890411,0.147138754,0.533333333,0,0,0.397959184,0.5,0.733333333,0.666666667,0.5,0.6,1,1,0.951219512
0,0.02739726,0.126116709,0.6,0,0,0.193877551,0.5,1,0.666666667,0.5,0.6,0.5,1,0.951219512
0,0.342465753,0.11216245,0.533333333,0,0,0.397959184,0.5,0.733333333,0,0.071428571,0.2,1,0,0.951219512
0,0.342465753,0.158124368,0.8,0,0,0.551020408,0.5,0.6,0.333333333,0.714285714,1,1,0,0.951219512
1,0.287671233,0.160091738,0.8,0.278282783,0,0.346938776,0.75,0.6,0,0.714285714,0.2,1,1,0.951219512
0,0.438356164,0.109007757,0.533333333,0,0,0.397959184,0.75,0.733333333,0,0.857142857,0.2,1,1,0.951219512
0,0.328767123,0.091214148,0.533333333,0,0,0.244897959,0.75,0.733333333,0.333333333,0.5,0,1,1,0.951219512
0,0.452054795,0.11134587,1,0.037810378,0,0.397959184,0.75,0.666666667,0.333333333,0.714285714,0,1,1,0.951219512
0,0.246575342,0.15389195,0.6,0,0,0.5,0.5,1,0.666666667,0.857142857,0.8,1,1,0.951219512
0,0.369863014,0.239423184,0.8,0,0,0.5,0.25,0.6,0.666666667,0.714285714,0.2,1,1,0.951219512
0,0.205479452,0.078296344,0.533333333,0,0,0.193877551,0.5,0.733333333,0.5,0.571428571,0.8,1,0,0.951219512
0,0.506849315,0.160788572,0.6,0,0,0.397959184,0.25,1,0,0.285714286,0.4,0.5,0,0.951219512
0,0.04109589,0.285786289,0.6,0,0,0.193877551,0.5,1,0.666666667,0.071428571,0.2,1,0,0.951219512
0,0.835616438,0.135561171,0.4,0,0,0.091836735,0.625,0.066666667,0.333333333,0.285714286,0,1,1,0.951219512
1,0.424657534,0.10457779,0.866666667,0,0,0.397959184,0.5,0.8,0.333333333,0.285714286,0,1,1,0.951219512
0,0.931506849,0.104012205,0.533333333,0,0,0.5,0.75,0.733333333,1,0.857142857,0.2,1,0,0.951219512
0,0.616438356,0.132031675,0.4,0,0,0.5,0.5,0.066666667,0.666666667,0.5,0.4,1,1,0.951219512
0,0.178082192,0.014222845,0.533333333,0,0,0.397959184,0.75,0.733333333,0.666666667,0.214285714,0.2,1,1,0.951219512
0,0.054794521,0.225265287,0.6,0.021740217,0,0.397959184,0.5,1,0.666666667,0.071428571,0.2,0.75,1,0.951219512
0,0.01369863,0.156249683,0.6,0,0,0.142857143,0.25,1,0.666666667,0.571428571,0.6,1,1,0.951219512
0,0.150684932,0.082946861,0.533333333,0,0,0.397959184,0.5,0.733333333,0.666666667,1,0.6,1,1,0.951219512
1,0.205479452,0.158899003,0.533333333,0.03103031,0,0.37755102,0.25,0.733333333,0.333333333,0.571428571,0,0.5,1,0.951219512
0,0.301369863,0.082593032,0.533333333,0,0,0.428571429,0.5,0.733333333,0.666666667,0.214285714,0.2,1,0,0.951219512
1,0.369863014,0.203459812,0.666666667,0,0,0.397959184,0.5,0.533333333,0.333333333,0.285714286,0,0.5,1,0.951219512
0,0.109589041,0.12552271,0.8,0,0,0.397959184,0.25,0.6,0.666666667,0.714285714,0.6,1,0,0.951219512
0,0.082191781,0.193886132,0.6,0,0,0.397959184,0.875,1,0.333333333,0.071428571,0,0.25,1,0.975609756
1,0.465753425,0.187503002,0.8,0,0,0.602040816,0.5,0.6,0.333333333,0.285714286,0,1,1,0.951219512
0,0.191780822,0.071892918,0.266666667,0,0,0.397959184,0.5,0.4,0,0.071428571,0.2,1,0,0.951219512
0,0.068493151,0.212431374,0.6,0,0,0.193877551,0.25,1,0.666666667,0.285714286,0.6,0.25,1,0.951219512
0,0.136986301,0.056450276,0.4,0,0.399449036,0.397959184,0.5,0.066666667,0.333333333,0.214285714,0,1,1,0.951219512
0,0.178082192,0.162057756,0.733333333,0,0,0.397959184,0.5,0.466666667,0.666666667,0.5,0.8,0.5,0,0.951219512
0,0.178082192,0.093025238,0.6,0,0,0.397959184,0.5,1,0.333333333,0.428571429,0,1,1,0.951219512
0,0.164383562,0.015579979,0.6,0,0,0.193877551,0.5,1,0,0.071428571,0.8,1,0,0.951219512
0,0.273972603,0.139819973,0.533333333,0,0,0.397959184,0.5,0.733333333,0.333333333,0.571428571,0,1,1,0.951219512
0,0.02739726,0.207383729,0.4,0,0,0.346938776,0.5,0.066666667,0.666666667,0.642857143,0.2,1,0,0.951219512
0,0.082191781,0.018196825,0.533333333,0,0,0.397959184,0.5,0.733333333,0.333333333,0.857142857,0,1,1,0.951219512
0,0.273972603,0.067639527,0.533333333,0,0,0.397959184,0.5,0.733333333,0.333333333,0.857142857,0,1,1,0.951219512
0,0.452054795,0.150250826,0.866666667,0,0.340909091,0.397959184,0.5,0.8,0.333333333,0.285714286,1,1,0,0.951219512
0,0,0.190918839,0.333333333,0,0,0.295918367,0.5,0,0.666666667,0.571428571,0.6,1,1,0.951219512
0,0.123287671,0.02272083,0.8,0,0,0.397959184,0.5,0.6,0.666666667,0.428571429,0.6,1,1,0.951219512
0,0.561643836,0.238902251,0.6,0,0,1,0,1,0.833333333,0,0.4,1,0,0.951219512
0,0.136986301,0.095165802,0.533333333,0,0,0.397959184,0.5,0.733333333,0.333333333,0.214285714,0,1,1,0.951219512
0,0.328767123,0.070236754,0.533333333,0.009140091,0,0.397959184,0.5,0.733333333,1,0.285714286,0.4,1,1,0.951219512
0,0.054794521,0.195945512,0.4,0,0,0.295918367,0.5,0.066666667,0.833333333,0.857142857,0.2,0.75,0,0.634146341
0,0,0.130870061,0.4,0,0,0.142857143,0.5,0.066666667,0.666666667,0.857142857,0.6,1,0,0.951219512
0,0.01369863,0.156224651,0.6,0,0,0.397959184,0,1,0.666666667,0,0.6,1,1,0.804878049
0,0.205479452,0.169045034,0.533333333,0,0,0.346938776,0.5,0.733333333,0,0.214285714,0.8,1,1,0.951219512
0,0.109589041,0.044254337,0.533333333,0,0,0.397959184,0.5,0.733333333,0.666666667,0.5,0.2,0.25,0,0.731707317
0,0.561643836,0.171362851,0.533333333,0,0,0.397959184,0.5,0.733333333,0,0.071428571,0.2,1,0,0.951219512
1,0.136986301,0.241458209,0.8,0,0,0.908163265,0.5,0.6,0.333333333,0.714285714,1,1,0,0.951219512
0,0.109589041,0.068033949,0.533333333,0,0,0.397959184,0.5,0.733333333,0.333333333,1,0.6,0.75,1,0.951219512
0,0.04109589,0.221432703,0.533333333,0,0,0.397959184,0.5,0.733333333,0.333333333,0.571428571,1,1,0,0.707317073
0,0.506849315,0.03815603,0.533333333,0,0,0.43877551,0.5,0.733333333,0.333333333,0.214285714,0,1,1,0.951219512
0,0.178082192,0.097830683,0.333333333,0,0,0.397959184,0,0,0,0,0.8,1,1,0.951219512
0,0.164383562,0.131292897,0.8,0,0,0.397959184,0.5,0.6,0.666666667,0.714285714,0.2,1,1,0.951219512
1,0.342465753,0.044976203,0.6,0,0,0.908163265,0.625,1,0,0.285714286,0.8,1,1,0.951219512
0,0.095890411,0.183694097,0.6,0,0,0.397959184,0.5,1,0.666666667,0.571428571,0.2,1,0,0.951219512
0,0.109589041,0.110868911,0.666666667,0,0,0.295918367,0.25,0.533333333,0.666666667,0.785714286,0.6,1,1,0.951219512
0,0.671232877,0.169134337,0.8,0,0,1,0.5,0.6,0.333333333,0.714285714,0,1,1,0.951219512
0,0.342465753,0.014552318,0.533333333,0,0,0.448979592,0.75,0.733333333,0.333333333,0.214285714,0,1,1,0.951219512
0,0.136986301,0.079934917,0.533333333,0,0,0.397959184,0.5,0.733333333,0.666666667,0.5,0.2,1,1,0.951219512
0,0.01369863,0.051658362,0.6,0,0,0.142857143,0.5,1,0.666666667,0.857142857,0.6,1,1,0.951219512
0,0.575342466,0.058754562,0.533333333,0,0,0.397959184,0.125,0.733333333,0.666666667,0.285714286,0.4,1,0,0.951219512
0,0.01369863,0.109125474,0.4,0,0,0.142857143,0.5,0.066666667,0.666666667,0.571428571,0.6,1,1,0.707317073
0,0.219178082,0.233857988,0.533333333,0,0,0.346938776,0.5,0.733333333,0.333333333,0.428571429,0,1,1,0.463414634
0,0.232876712,0.141471401,0.6,0,0,0.397959184,0.5,1,0.333333333,0.071428571,0,1,1,0.951219512
0,0.561643836,0.239520606,0.6,0,0,0.295918367,0.5,1,0.333333333,0.571428571,1,1,0,0.951219512
0,0.095890411,0.07123803,0.8,0,0,0.479591837,0.5,0.6,0.666666667,0.285714286,0.6,1,1,0.951219512
1,0.315068493,0.139551388,0.8,0,0,0.448979592,0.625,0.6,0.333333333,0.285714286,0,1,1,0.951219512
0,0.095890411,0.17956316,0.6,0,0,0.448979592,0.75,1,0.833333333,0.428571429,0.6,1,1,0.951219512
0,0.136986301,0.179848659,0.533333333,0,0,0.397959184,0.5,0.733333333,0.666666667,1,0.6,1,1,0.951219512
0,0.02739726,0.082515231,0.533333333,0,0,0.346938776,0.5,0.733333333,0.666666667,0.571428571,0.6,1,1,0.951219512
0,0.452054795,0.19813208,0.8,0,0,0.397959184,0.5,0.6,0.333333333,0.214285714,0,1,1,0.951219512
1,0.520547945,0.015856682,0.866666667,0,0,0.602040816,0.125,0.8,0.333333333,0.285714286,0,1,1,0.951219512
0,0.383561644,0.091988106,0.866666667,0,0,0.346938776,0.25,0.8,0,0.714285714,0.2,1,0,0.951219512
0,0.232876712,0.098206838,0.533333333,0,0,0.448979592,0.5,0.733333333,0,0.214285714,0.8,1,1,0.951219512
0,0.191780822,0.118346678,0.533333333,0,0,0.397959184,0.5,0.733333333,0.666666667,0.642857143,0.2,1,0,0.195121951
0,0.397260274,0.061737416,0.6,0,0,0.397959184,0.75,1,0.333333333,0.285714286,0,1,1,0.951219512
0,0.369863014,0.264862342,0.666666667,0,0,0.448979592,0.5,0.533333333,0,0.857142857,0.2,1,1,0.951219512
0,0.616438356,0.099731076,0.8,0,0,0.37755102,0.875,0.6,0.333333333,0.071428571,0,1,1,0.951219512
0,0.328767123,0.221811564,0.6,0,0,0.448979592,0.5,1,0.666666667,0.714285714,0.2,1,0,0.951219512
1,0.328767123,0.206858736,0.6,0,0,0.479591837,0.5,1,0.333333333,1,0,1,1,0.951219512
0,0.178082192,0.067167981,0.533333333,0,0,0.397959184,0.5,0.733333333,0.333333333,0.928571429,0,1,1,0.951219512
0,0.150684932,0.13371693,0.133333333,0,0,0.244897959,0.75,0.266666667,0.333333333,0.428571429,0,1,1,0.634146341
1,0.369863014,0.128161882,0.8,0.150241502,0,0.448979592,0.5,0.6,0.333333333,0.285714286,0,1,1,0.951219512
1,0.232876712,0.490509872,0.933333333,0,0,0.653061224,0.5,0.933333333,0.333333333,0.714285714,0,1,1,0.951219512
1,0.452054795,0.038603221,0.533333333,0,0.436639118,0.43877551,0.5,0.733333333,0.333333333,0.5,0,1,1,0.951219512
0,0.205479452,0.147443873,0.733333333,0,0,0.346938776,0.875,0.466666667,0.333333333,0.571428571,0,1,1,0.951219512
0,0.123287671,0.188078059,0.533333333,0,0,0.397959184,0.5,0.733333333,0.666666667,0.214285714,0.2,0.5,1,0.951219512
0,0.191780822,0.067354705,0.733333333,0,0,0.397959184,0.875,0.466666667,0.833333333,0.571428571,0.8,0.5,0,0.951219512
0,0.109589041,0.109806747,0.533333333,0,0,0.244897959,0.5,0.733333333,0.666666667,0.571428571,0.6,1,0,0.951219512
0,0.561643836,0.025443217,0.6,0,0,0.448979592,0.5,1,0.333333333,0.857142857,0,1,1,0.951219512
0,0.424657534,0.164502762,0.6,0,0,0.397959184,0.5,1,0.666666667,0.428571429,0.2,1,1,0.951219512
0,0.438356164,0.055039019,0.8,0,0,0.428571429,0.5,0.6,0.333333333,0.285714286,1,1,0,0.951219512
0,0.301369863,0.187498943,0.133333333,0,0,0.5,0.75,0.266666667,0.333333333,0.357142857,0,1,1,0.634146341
1,0.232876712,0.280185236,0.6,0,0,0.479591837,0.5,1,0.333333333,0.214285714,0,1,1,0.951219512
0,0.054794521,0.128494062,0.733333333,0,0,0.091836735,0.5,0.466666667,0.666666667,0.071428571,0.2,1,0,0.951219512
0,0.054794521,0.117963081,0.333333333,0,0,0.397959184,0.5,0,0.833333333,0.5,0.6,1,1,0.951219512
1,0.205479452,0.106804274,0.733333333,0.252362524,0,0.5,0.5,0.466666667,0.833333333,0.285714286,0.8,1,0,0.951219512
0,0,0.133062718,0.4,0,0,0.234693878,0.5,0.066666667,0.666666667,0.857142857,0.6,1,0,0.951219512
0,0.342465753,0.044034463,0.6,0,0,0.37755102,0.5,1,0.333333333,0.428571429,0,1,1,0.951219512
0,0.315068493,0.013085585,0.8,0,0,0.193877551,0.875,0.6,0.333333333,0.285714286,1,1,0,0.951219512
0,0.095890411,0.096596679,0.666666667,0,0,0.397959184,0.5,0.533333333,0.666666667,0.857142857,0.2,1,1,0.951219512
1,0.205479452,0.151934051,0.733333333,0,0,0.448979592,0.5,0.466666667,0.333333333,0.285714286,0,1,1,0.951219512
0,0.136986301,0.157271931,0.533333333,0,0,0.397959184,0.5,0.733333333,0.666666667,0.071428571,0.6,0.75,1,0.951219512
1,0.315068493,0.128939223,0.866666667,0,0,0.397959184,0.25,0.8,0.333333333,0.714285714,1,1,0,0.951219512
0,0.01369863,0.0103747,0.533333333,0,0,0.244897959,0.5,0.733333333,0.666666667,0.071428571,0.2,1,0,0.951219512
1,0.273972603,0.312751714,0.6,0,0,0.448979592,0.5,1,0.333333333,1,0,1,1,0
1,0.397260274,0.010915254,0.933333333,1,0,0.5,0.5,0.933333333,0.333333333,0.714285714,0,1,1,0.951219512
0,0.383561644,0.207935107,0.533333333,0,0,0.397959184,0.5,0.733333333,0,0.571428571,0.8,1,0,0.951219512
0,0.849315068,0.089470711,0.533333333,0,0,0.295918367,0,0.733333333,1,0,0.2,0.5,0,0.951219512
0,0.205479452,0.163092182,0.866666667,0,0,0.5,0.875,0.8,0.333333333,0.714285714,0,1,1,0.951219512
1,0.191780822,0.131867953,0.6,0,0,0.397959184,0.5,1,0.333333333,0.214285714,0,1,1,0.951219512
1,0.383561644,0.138100892,0.8,0.076880769,0,0.5,0.5,0.6,0.333333333,0.071428571,0,1,1,0.951219512
0,0.068493151,0.106150739,0.533333333,0,0,0.193877551,0.5,0.733333333,0.666666667,0.285714286,0.6,1,0,0.951219512
0,0.219178082,0.142322485,0.6,0,0,0.663265306,0.25,1,0.333333333,0.428571429,0,1,1,0
0,0.534246575,0.141745399,0.6,0,0,0.397959184,0.75,1,0.333333333,0.571428571,0,1,1,0.951219512
1,0.397260274,0.191650176,1,0.252362524,0,0.653061224,0.5,0.666666667,0,0.714285714,0.8,1,0,0.951219512
0,0,0.193706173,0.4,0,0,0.142857143,0.5,0.066666667,0.666666667,0.071428571,0.6,1,0,0.951219512
0,0.068493151,0.134471269,0.6,0,0,0.112244898,0.875,1,0.666666667,0.857142857,0.6,1,0,0.951219512
0,0,0.022157951,0.333333333,0,0,0.244897959,0,0,0.666666667,0,0.6,1,0,0.951219512
1,0.410958904,0.143611289,0.533333333,0,0,0.397959184,0.125,0.733333333,0.333333333,1,0,0.5,1,0.951219512
0,0.369863014,0.048185019,0.933333333,0.023540235,0,1,0.5,0.933333333,0,0.714285714,0.2,1,0,0.951219512
0,0.657534247,0.13549487,0.4,0,0,0.193877551,0.5,0.066666667,0.333333333,0.428571429,0,1,1,0.951219512
1,0.876712329,0.029110725,0.8,0,0,0.030612245,0.5,0.6,0.333333333,0.071428571,0,1,1,0.951219512
0,0.465753425,0.132015439,0.533333333,0,0,0.602040816,0.5,0.733333333,0,0.214285714,0.2,1,1,0.951219512
0,0.273972603,0.217849085,0.8,0,0,0.5,0.75,0.6,0,1,0.2,1,1,0.951219512
0,0.136986301,0.070052736,0.6,0,0,0.397959184,0.5,1,0.333333333,0.571428571,0,1,1,0.951219512
1,0.369863014,0.089636463,0.6,0,0,0.448979592,0.5,1,0.833333333,0.285714286,0.2,1,1,0.951219512
1,0.547945205,0.089118235,0.8,0,0,0.397959184,0.5,0.6,0.333333333,0.285714286,0,1,1,0.951219512
0,0.287671233,0.149807018,0.6,0,0,0.602040816,0.5,1,0,0.285714286,0.8,0.5,1,0.951219512
0,0.438356164,0.092489421,0.533333333,0,0,0.397959184,0.5,0.733333333,0,0.071428571,0.2,1,1,0.951219512
0,0.301369863,0.149223166,0.533333333,0,0,0.397959184,0.5,0.733333333,0,1,0.2,1,1,0.951219512
0,0.02739726,0.137747063,0.6,0,0,0.091836735,0.125,1,0.666666667,0.071428571,0.6,1,0,0.951219512
0,0.068493151,0.235079138,0.6,0,0,0.193877551,0.5,1,0.666666667,0.857142857,0.2,0.25,1,0.731707317
0,0.246575342,0.328750469,0.8,0,0,0.397959184,0.5,0.6,0,0.285714286,0.8,1,0,0.951219512
0,0.04109589,0.12042703,0.6,0,0.367768595,0.397959184,0.5,1,0.666666667,1,0.6,1,1,0.951219512
0,0.383561644,0.062982921,0.6,0,0,0.397959184,0.5,1,0,0.5,0.2,1,0,0.951219512
0,0.02739726,0.032728171,0.533333333,0,0,0.520408163,0.5,0.733333333,0.666666667,0.428571429,0.6,1,1,0.951219512
1,0.191780822,0.249552978,0.6,0.150241502,0,0.56122449,0.25,1,0.333333333,0.785714286,0,1,1,0.951219512
1,0.246575342,0.085722018,0.866666667,0.07298073,0,0.397959184,0.5,0.8,0.333333333,0.714285714,0.4,1,1,0.951219512
0,0.150684932,0.113302416,0.6,0,0,0.397959184,0.25,1,0.5,0.071428571,0.8,1,0,0.951219512
0,0.191780822,0.071892918,0.533333333,0,0,0.397959184,0.5,0.733333333,0.666666667,0.928571429,0.2,1,0,0.951219512
0,0.150684932,0.056789221,0.533333333,0,0,0.448979592,0.5,0.733333333,0.333333333,0.214285714,0,1,1,0.951219512
0,0.287671233,0.078131269,0.533333333,0,0,0.5,0.75,0.733333333,0,0.357142857,0.6,1,1,0.951219512
0,0.01369863,0.014775576,0.333333333,0,0,0.275510204,0.5,0,0.666666667,0.571428571,0.6,1,0,0.951219512
0,0.410958904,0.094404698,0.333333333,0,0,0.37755102,0.5,0,0,0.928571429,0.8,0.5,0,0.951219512
0,0.328767123,0.012498351,0.2,0,0,0.602040816,0.5,0.333333333,0.333333333,0.285714286,0,1,1,0.951219512
0,0.068493151,0.085946628,0.266666667,0,0,0.357142857,0,0.4,0.666666667,0,0.8,0.5,0,0.951219512
0,0.232876712,0.133229147,0.8,0,0,0.142857143,0.25,0.6,0.666666667,0.714285714,0.4,0.5,1,0.951219512
0,0.684931507,0.061164388,0.533333333,0.010860109,0,0.346938776,0,0.733333333,1,0,0.2,1,1,0.951219512
0,0.178082192,0.079652801,0.2,0.028290283,0,0.397959184,0.5,0.333333333,0.333333333,0.214285714,0,1,1,0.951219512
1,0.315068493,0.129540665,0.533333333,0,0,0.397959184,0.5,0.733333333,0.333333333,0.5,0,1,1,0.951219512
1,0.205479452,0.090572114,0.866666667,0,0,0.397959184,0.5,0.8,0.333333333,0.285714286,0,1,1,0.951219512
1,0.410958904,0.116285945,0.866666667,0,0,0.397959184,0.5,0.8,0,0.714285714,0.8,1,0,0.951219512
0,0.479452055,0.104277407,0.6,0,0,0.367346939,0.5,1,0,0.071428571,0.2,0.5,0,0.951219512
0,0.561643836,0.08664955,0.533333333,0.033250333,0,0.295918367,0.5,0.733333333,0,0.5,0.2,1,1,0.951219512
1,0.410958904,0.070794221,0.533333333,0,0,0.418367347,0.625,0.733333333,0.333333333,0.285714286,0,1,1,0.951219512
0,0.410958904,0.180375005,0.533333333,0,0,0.397959184,0.5,0.733333333,0.333333333,0.214285714,0,1,1,0.951219512
0,0.123287671,0.108004452,0.666666667,0,0,0.5,0.125,0.533333333,0.666666667,0.214285714,0.6,1,1,0.585365854
1,0.356164384,0.091214148,0.6,0,0,0.397959184,0.5,1,0.333333333,0.714285714,0,1,1,0.951219512
1,0.369863014,0.068541352,0.6,0,0,0.551020408,0.125,1,0.333333333,0.285714286,0,1,1,0.951219512
0,0.109589041,0.126231721,0.8,0,0,0.346938776,0.5,0.6,0.666666667,0.071428571,0.6,0.5,1,0.951219512
0,0.260273973,0.135693772,0.4,0,0,0.224489796,0.25,0.066666667,0.666666667,0.571428571,0.8,1,0,0.951219512
0,0.328767123,0.058918284,0.533333333,0,0,0.397959184,0.5,0.733333333,0,0.428571429,0.2,1,0,0.951219512
0,0.328767123,0.13746833,0.6,0,0,0.428571429,0.5,1,0.666666667,1,0.2,0.5,1,0.951219512
0,0.068493151,0.048054448,0.533333333,0,0,0.397959184,0.5,0.733333333,0.666666667,0.071428571,0.8,1,1,0.951219512
0,0.191780822,0.051150283,0.6,0,0,0.397959184,0.5,1,0.333333333,0.071428571,0,1,1,0.951219512
0,0.356164384,0.045493077,0.533333333,0,0,0.346938776,0.125,0.733333333,0.333333333,0.071428571,1,1,0,0.951219512
0,0.260273973,0.228546493,0.533333333,0,0,0.397959184,0.75,0.733333333,0.333333333,0.214285714,0,1,1,0.951219512
0,0.356164384,0.035329457,0.6,0,0,0.295918367,0.5,1,0,0.571428571,0.2,1,1,0.951219512
0,0.328767123,0.062035092,0.6,0,0,0.520408163,0.5,1,0.333333333,0.714285714,0,1,1,0.951219512
0,0.287671233,0.021261539,0.533333333,0,0,0.551020408,0.5,0.733333333,0.333333333,0.071428571,0,1,1,0.951219512
0,0.753424658,0.081501101,0.6,0,0,0.142857143,0.5,1,0.333333333,0.071428571,0,1,1,0.951219512
0,0.438356164,0.048526671,0.533333333,0,0,0.346938776,0.5,0.733333333,0,0.571428571,0.8,1,0,0.951219512
1,0.328767123,0.044736032,0.533333333,0,0,0.397959184,0.5,0.733333333,0.333333333,0.071428571,1,1,0,0.951219512
0,0.082191781,0.11795361,0.466666667,0,0,0.397959184,0.875,0.133333333,0.666666667,0.285714286,0.2,1,1,0.951219512
1,0.397260274,0.071417988,0.6,0.150241502,0,0.397959184,0.5,1,0.333333333,0.857142857,0,1,1,0.951219512
1,0.150684932,0.026504027,0.8,0,0.433195592,0.397959184,0.5,0.6,0.333333333,0.071428571,0,1,1,0.951219512
0,0,0.299252088,0.4,0,0,0.071428571,0,0.066666667,0.666666667,0,0.6,1,0,0.951219512
0,0.068493151,0.16372745,0.466666667,0,0,0.397959184,0.5,0.133333333,0.666666667,0.428571429,0.2,1,1,0.951219512
1,0.493150685,0.138288293,1,0.105201052,0,0.397959184,0.25,0.666666667,0,0.714285714,0.2,1,0,0.951219512
0,0.164383562,0.130051451,0.866666667,0,0,0.142857143,0.875,0.8,0.333333333,0.714285714,0,1,1,0.951219512
0,0.164383562,0.147108987,0.8,0,0,0.397959184,0.5,0.6,0.333333333,0.571428571,0,1,1,0.951219512
0,0.424657534,0.062415306,0.866666667,0,0,0.397959184,0.875,0.8,1,0.714285714,0.8,1,0,0.951219512
0,0.02739726,0.131066933,0.6,0,0,0.142857143,0.5,1,0.666666667,0.071428571,0.6,1,0,0.951219512
0,0.479452055,0.159546449,0,0,0,0.397959184,0,0.866666667,0.5,0,0.4,1,1,0.634146341
0,0.602739726,0.20355994,0.533333333,0,0,0.397959184,0.5,0.733333333,1,0.214285714,0.2,1,1,0.951219512
0,0.054794521,0.116134401,0.6,0,0,0.346938776,0,1,0.666666667,0,0.6,1,0,0.951219512
0,0.315068493,0.085858002,0.533333333,0,0.454545455,0.479591837,0.5,0.733333333,0,0.5,0.2,1,1,0.951219512
1,0.301369863,0.209630509,0.466666667,0.150241502,0,0.704081633,0.5,0.133333333,0.333333333,1,0,1,1,0.951219512
0,0.095890411,0.109499599,0.733333333,0,0,0.397959184,0.5,0.466666667,0.333333333,0.214285714,0,1,1,0.951219512
1,0.493150685,0.132491044,0.6,0,0,0.602040816,0.5,1,0.333333333,1,0,0.75,1,0.951219512
0,0,0.154859399,0.466666667,0,0,0.193877551,0.5,0.133333333,0.666666667,0.714285714,0.6,1,1,0.951219512
1,0.452054795,0.062387568,0.533333333,0,0,0.397959184,0.5,0.733333333,0.333333333,0.214285714,0,1,1,0.951219512
0,0.109589041,0.114592572,0.733333333,0,0,0.397959184,0.5,0.466666667,0.666666667,0.928571429,0.6,1,0,0.951219512
0,0.273972603,0.140739388,0.533333333,0,0,0.397959184,0.5,0.733333333,0,0.071428571,0.8,1,0,0.634146341
0,0.095890411,0.134289957,0.8,0,0,0.397959184,0.5,0.6,0.666666667,0.642857143,0.2,1,0,0.243902439
0,0.178082192,0.106205539,0.4,0,0.395087236,0.37755102,0.5,0.066666667,0.666666667,0.428571429,0.4,1,1,0.804878049
0,0.178082192,0.124003207,0.6,0.033250333,0,0.5,0.5,1,0.666666667,0.714285714,0.6,1,1,0.951219512
1,0.452054795,0.01637491,0.6,0,0,0.397959184,0.125,1,0.333333333,0.071428571,0,1,1,0.951219512
0,0.260273973,0.058232952,0.533333333,0,0,0.397959184,0.5,0.733333333,0.333333333,0.285714286,0,1,1,0.951219512
0,0.438356164,0.091141082,0.533333333,0,0,0.397959184,0.5,0.733333333,0.666666667,0.214285714,0.8,1,0,0.804878049
0,0.109589041,0.063733877,0.533333333,0,0,0.479591837,0.5,0.733333333,0.333333333,0.214285714,0,1,1,0.951219512
1,0.232876712,0.058057729,0.8,0.076880769,0,0.448979592,0.875,0.6,0.333333333,0.285714286,0,1,1,0
0,0.178082192,0.227524245,0.533333333,0,0,0.43877551,0.5,0.733333333,0.333333333,0.5,0,1,1,0.951219512
0,0.123287671,0.014427159,0.533333333,0,0,0.397959184,0.5,0.733333333,0,0.571428571,0.4,1,1,0.951219512
0,0.465753425,0.090063358,0.533333333,0,0,0.397959184,0.5,0.733333333,0.333333333,0.214285714,0,1,1,0.951219512
0,0.178082192,0.071858414,0.8,0,0,0.397959184,0.25,0.6,0.666666667,0.714285714,0.2,1,0,0.951219512
0,0.328767123,0.118743805,0.6,0,0,0.5,0.5,1,0,0.928571429,0.2,1,1,0.951219512
0,0.287671233,0.13514713,0.933333333,0,0,0.295918367,0,0.933333333,0,0,0.2,1,0,0.951219512
0,0.04109589,0.176482885,0.533333333,0,0,0.397959184,0.5,0.733333333,0.666666667,0.5,0.6,0.5,1,0.951219512
0,0.397260274,0.10966738,0.533333333,0,0,0.234693878,0.5,0.733333333,0.666666667,0.571428571,0.8,1,0,0.951219512
1,0.534246575,0.124065448,0.333333333,0,0,0.346938776,0.5,0,0.333333333,0.571428571,0,1,1,0.12195122
0,0.273972603,0.251040684,0.6,0,0,0.37755102,0.5,1,0,0.071428571,0.8,1,0,0.951219512
0,0.068493151,0.228049238,0.533333333,0,0,0.397959184,0.5,0.733333333,0.666666667,0.071428571,0.4,1,0,0.951219512
0,0.315068493,0.106855691,0.8,0,0,0.397959184,0.5,0.6,0.5,0.571428571,0.2,1,0,0
0,0.164383562,0.120756504,0.8,0,0,0.551020408,0.5,0.6,0.333333333,0.857142857,0,1,1,0.951219512
0,0.123287671,0.133119548,0.6,0,0,0.244897959,0.5,1,0.666666667,0.428571429,0.2,1,1,0.951219512
0,0.424657534,0.049425112,0.533333333,0,0,0.397959184,0.5,0.733333333,0.333333333,0.214285714,0,1,1,0.951219512
0,0.520547945,0.16667377,0.333333333,0,0,0.397959184,0.625,0,1,1,0.2,1,1,0.951219512
0,0.479452055,0.257231,0.8,0,0,0.602040816,0.625,0.6,0.333333333,0.285714286,0,1,1,0.951219512
0,0.136986301,0.06180101,0.533333333,0,0,0.37755102,0.5,0.733333333,0,0.071428571,0.2,1,1,0.951219512
0,0.589041096,0.111885746,0.533333333,0,0,0.346938776,0.5,0.733333333,0.333333333,0.214285714,0,1,1,0.951219512
0,0.657534247,0.085217997,0.6,0,0,0.214285714,0.5,1,1,0.857142857,0.2,1,0,0.951219512
0,0.109589041,0.125054546,0.533333333,0,0,0.295918367,0.5,0.733333333,0.666666667,0.857142857,0.6,1,0,0.951219512
0,0.01369863,0.070041911,0.4,0,0,0.193877551,0.5,0.066666667,0.666666667,0.571428571,0.6,1,1,0.951219512
0,0.109589041,0.165768563,0.533333333,0,0,0.397959184,0.5,0.733333333,0.666666667,0.5,0.2,1,1,0.951219512
1,0.506849315,0.173723289,0.933333333,1,0,0.5,0.75,0.933333333,0.333333333,0.714285714,0,0.25,1,0.731707317
0,0.082191781,0.128121966,0.533333333,0,0,0.397959184,0.5,0.733333333,0.333333333,0.071428571,0.4,1,1,0.951219512
0,0.328767123,0.178608566,0.8,0,0,0.602040816,0.5,0.6,0.666666667,0.714285714,0.2,0.5,1,0
0,0.191780822,0.071395663,0.2,0,0,0.704081633,0.5,0.333333333,0,0.428571429,0.4,1,1,0.951219512
1,0.383561644,0.051562294,0.8,0.07298073,0,0.397959184,0.625,0.6,0.333333333,0.857142857,0,1,1,0.951219512
1,0.520547945,0.096060861,0.866666667,0.086140861,0,0.397959184,0.125,0.8,0.666666667,0.285714286,0.2,1,0,0.951219512
0,0.287671233,0.111620544,0.533333333,0,0,0.346938776,0,0.733333333,0.333333333,0,1,1,0,0.951219512
0,0.191780822,0.233857988,0.733333333,0,0,0.193877551,0.25,0.466666667,0.666666667,0.928571429,0.2,1,1,0.951219512
0,0.876712329,0.063665547,0.133333333,0,0,0.051020408,0.5,0.266666667,1,0.571428571,0.2,0.25,0,0.951219512
0,0.164383562,0.113308504,0.6,0,0,0.5,0.5,1,0.333333333,0.214285714,0,1,1,0.951219512
1,0.260273973,0.226094045,0.8,0,0.554407713,0.448979592,0.5,0.6,0.333333333,0.857142857,0,1,1,0.951219512
0,0.205479452,0.151718912,0.466666667,0,0,0.540816327,0.5,0.133333333,0,0.785714286,0.6,1,1,0.634146341
1,0.410958904,0.08815011,0.6,0,0,0.397959184,0.125,1,0.333333333,0.071428571,0,0.5,1,0.951219512
0,0.616438356,0.013051758,0.533333333,0,0,0.173469388,0,0.733333333,0.333333333,0,0,1,1,0.951219512
0,0.452054795,0.067698386,0.533333333,0,0,0.37755102,0.5,0.733333333,0,0.285714286,0.8,1,1,0.951219512
1,0.273972603,0.106817805,0.533333333,0,0,0.459183673,0.5,0.733333333,0.333333333,0.285714286,0,1,1,0.951219512
0,0.246575342,0.129510897,0.666666667,0,0,0.5,0.5,0.533333333,0.666666667,0.214285714,0.2,1,1,0.951219512
0,0.397260274,0.123629082,0.533333333,0,0,0.397959184,0.5,0.733333333,0.5,0.5,0.2,1,0,0.097560976
0,0.205479452,0.215429787,0.6,0,0,0.397959184,0.5,1,0.333333333,0.214285714,0,1,1,0.951219512
1,0.506849315,0.038359668,0.866666667,0,0,0.551020408,0.5,0.8,0.333333333,0.857142857,0,1,1,0.951219512
0,0.246575342,0.112966177,0.533333333,0,0,0.397959184,0.125,0.733333333,0.666666667,0.071428571,0.8,1,0,0.951219512
0,0.054794521,0.122348396,0.6,0,0,0.397959184,0.25,1,0.666666667,0.071428571,0.2,1,0,0.951219512
0,0.315068493,0.056392094,0.533333333,0,0,0.397959184,0.5,0.733333333,0.666666667,0.214285714,0.2,0,1,0.951219512
0,0.068493151,0.161632214,0.6,0,0,0.193877551,0.5,1,0.666666667,0.785714286,0.6,0.5,0,0.951219512
1,0.178082192,0.120576545,0.533333333,0,0,0.397959184,0.5,0.733333333,0.333333333,0.5,0,1,1,0.951219512
1,0.356164384,0.008441833,0.866666667,0,0.433195592,0.448979592,0.875,0.8,0.333333333,0.714285714,0,1,1,0.951219512
0,0.219178082,0.120576545,0.2,0.021760218,0,0.346938776,0.5,0.333333333,0,0.428571429,0.2,1,1,0.951219512
0,0.219178082,0.136279653,0.533333333,0,0,0.346938776,0.5,0.733333333,0.333333333,1,0,1,1,0.292682927
0,0.178082192,0.112681354,0.8,0,0,0.397959184,0.5,0.6,0.666666667,0.285714286,0.2,1,0,0.951219512
0,0.232876712,0.105198851,0.533333333,0,0,0.5,0.5,0.733333333,0.333333333,0.571428571,0,1,1,0.951219512
0,0.219178082,0.11390927,0.133333333,0,0,0.397959184,0.5,0.266666667,0.666666667,0.5,0.4,1,1,0.317073171
0,0.315068493,0.102109782,0.8,0,0,0.397959184,0.125,0.6,0.666666667,0.714285714,0.2,1,0,0
0,0.452054795,0.058134854,0.533333333,0,0,0.397959184,0.5,0.733333333,0,0.571428571,0.2,1,1,0.951219512
0,0.232876712,0.150259621,0.733333333,0,0,0.5,0.5,0.466666667,0,0.214285714,0.2,1,1,0.951219512
0,0.136986301,0.119492732,0.533333333,0,0,0.397959184,0.5,0.733333333,0.666666667,0.428571429,0.8,0.5,0,0.951219512
0,0.342465753,0.174834164,0.266666667,0,0,0.397959184,0.5,0.4,0,0.571428571,0.8,1,0,0.951219512
1,0.520547945,0.063902335,0.533333333,0,0,0.397959184,0.5,0.733333333,0.333333333,0.285714286,0,1,1,0.951219512
1,0.452054795,0.110102394,0.666666667,0,0,0.397959184,0.5,0.533333333,0.333333333,0.714285714,0,1,1,0.951219512
1,0.520547945,0.122513472,0.6,0,0,0.397959184,0.5,1,0.333333333,0.928571429,0,1,1,0.951219512
1,0.547945205,0.121122511,0.866666667,0,0,0.397959184,0.5,0.8,0.333333333,0.714285714,0,1,1,0.951219512
0,0.054794521,0.197077359,0.6,0,0,0.295918367,0,1,0.666666667,0,0.6,1,0,0.951219512
0,0.328767123,0.073637707,0.533333333,0,0,0.397959184,0.5,0.733333333,0.666666667,0.071428571,0.2,1,0,0.951219512
1,0.410958904,0.115848226,0.6,0,0,0.397959184,0.5,1,0.333333333,0.285714286,1,0.5,0,0.951219512
0,0.342465753,0.218181941,0.533333333,0,0,0.397959184,0.5,0.733333333,0.333333333,0.714285714,1,1,0,0.951219512
0,0.109589041,0.037118898,0.8,0,0,0.602040816,0.5,0.6,0.666666667,0.285714286,0.2,1,0,0.951219512
0,0.383561644,0.127758666,0.533333333,0,0,0.397959184,0.5,0.733333333,0.333333333,0.5,0,1,1,0.951219512
0,0.315068493,0.123943672,0.533333333,0,0,0.448979592,0.5,0.733333333,0.666666667,0.071428571,0.6,1,0,0.951219512
0,0.342465753,0.083059167,0.533333333,0,0,0.397959184,0.5,0.733333333,0.666666667,0.857142857,0.6,1,0,0.951219512
0,0.164383562,0.023477199,0.533333333,0,0,0.551020408,0.5,0.733333333,0.666666667,0.071428571,0.2,1,0,0.951219512
0,0.178082192,0.034926241,0.533333333,0,0,0.397959184,0.5,0.733333333,0.333333333,0.857142857,0.6,0.25,0,0.951219512
0,0.643835616,0.171418327,0.533333333,0,0,0.397959184,0.5,0.733333333,0.333333333,1,0,1,1,0.951219512
0,0.232876712,0.185644554,0.866666667,0.046500465,0,0.295918367,0,0.8,0.666666667,0,0.2,1,1,0.951219512
1,0.273972603,0.078131269,0.8,0,0,0.5,0.5,0.6,0.333333333,0.285714286,0,1,1,0.951219512
0,0.150684932,0.130285533,0.6,0,0,0.397959184,0.5,1,0.666666667,0.285714286,0.6,1,0,0.951219512
0,0.054794521,0.109090971,0.6,0,0,0.397959184,0.875,1,0.666666667,0.714285714,0.6,1,0,0.170731707
0,0.02739726,0.213185036,0.533333333,0,0,0.295918367,0.5,0.733333333,0.666666667,0.714285714,0.6,1,1,0.951219512
0,0.054794521,0.232729524,0.533333333,0,0,0.397959184,0.5,0.733333333,0.666666667,0.571428571,0.2,0.5,1,0.951219512
0,0.150684932,0.124001177,0.533333333,0,0,0.5,0.5,0.733333333,0.333333333,1,0,1,1,0.951219512
0,0.123287671,0.06101758,0.8,0,0,0.397959184,0.5,0.6,0.333333333,0.285714286,0,1,1,0.951219512
1,0.493150685,0.062387568,1,0,0,0.397959184,0.875,0.666666667,0.333333333,0.714285714,0,1,1,0
1,0.739726027,0.157229309,0.2,0.065140651,0,0.397959184,0.5,0.333333333,0.333333333,1,0,1,1,0.951219512
0,0.123287671,0.014765428,0.6,0,0,0.43877551,0.5,1,0.666666667,0.785714286,0.2,1,1,0.951219512
0,0.02739726,0.247702648,0.533333333,0,0,0.397959184,0.875,0.733333333,0.666666667,0.928571429,0.6,1,0,0.951219512
0,0.095890411,0.067088826,0.333333333,0,0,0.653061224,0.25,0,0.666666667,0.214285714,0.8,0.5,1,0.341463415
0,0.369863014,0.062035092,0.6,0.033250333,0,0.346938776,0.5,1,0,0.714285714,0.6,1,1,0.951219512
0,0.082191781,0.24204612,0.533333333,0,0,0.397959184,0.5,0.733333333,0,0.071428571,0.2,1,0,0.951219512
0,0.054794521,0.158844204,0.533333333,0,0,0.244897959,0,0.733333333,0.666666667,0,0.8,0.5,0,0.951219512
0,0.273972603,0.069223301,0.533333333,0,0,0.397959184,0.5,0.733333333,0.333333333,0.357142857,0,1,1,0.951219512
0,0.068493151,0.13033492,0.533333333,0,0,0.397959184,0.5,0.733333333,0.666666667,0.5,0.6,1,1,0.951219512
0,0.506849315,0.166146748,0.6,0,0,0.275510204,0.5,1,0.833333333,0.571428571,0.2,1,1,0.097560976
1,0.232876712,0.083835831,0.8,0,0.436639118,0.316326531,0.75,0.6,0.333333333,0.714285714,0,1,1,0.951219512
0,0.191780822,0.198500793,0.6,0,0,0.397959184,0.5,1,0.333333333,0.857142857,1,0.5,0,0.951219512
0,0.328767123,0.155807227,0.6,0,0,0.397959184,0.25,1,0.333333333,0.285714286,0,1,1,0.951219512
0,0.602739726,0.03466645,0.466666667,0,0,0.520408163,0,0.133333333,0.666666667,0,0.2,0.5,1,0.951219512
1,0.561643836,0.093548202,0.8,0.140841408,0,0.397959184,0.5,0.6,0,0.071428571,0.2,1,0,0.951219512
0,0.534246575,0.132700094,0.6,0,0,0.316326531,0.5,1,1,0.285714286,0.2,0.5,0,0.951219512
0,0.315068493,0.213304107,0.666666667,0,0,0.397959184,0.5,0.533333333,0.333333333,0.214285714,0,1,1,0.951219512
0,0.260273973,0.121811902,0.533333333,0,0,0.397959184,0.25,0.733333333,0.666666667,0.571428571,0.2,1,1,0.951219512
0,0.616438356,0.127619975,0.2,0,0,0.397959184,0.5,0.333333333,1,0.5,0.2,1,0,0.951219512
0,0.547945205,0.29831779,0.333333333,0,0,0.551020408,0.5,0,0.833333333,0.285714286,0.2,1,1,0.951219512
0,0.369863014,0.015179468,0.6,0,0,0.551020408,0.5,1,0.333333333,0.857142857,0,1,1,0.951219512
0,0.547945205,0.110094275,0.133333333,0,0,0.397959184,0.5,0.266666667,0.333333333,0.571428571,0,1,1,0.536585366
0,0.178082192,0.042406037,0.666666667,0,0,0.234693878,0.5,0.533333333,0.333333333,0.071428571,1,1,0,0.951219512
0,0.301369863,0.205230987,0.8,0,0,0.602040816,0.75,0.6,0.666666667,0.857142857,0.6,0.25,1,0.487804878
0,0.232876712,0.119417637,0.8,0,0,0.397959184,0.5,0.6,0.666666667,0.714285714,0.6,1,0,0.951219512
1,0.575342466,0.05742652,0.333333333,0,0,0.397959184,0.5,0,0.333333333,0.214285714,0,1,1,0.951219512
1,0.479452055,0.163722038,1,0,0.433195592,0.704081633,0.875,0.666666667,0.333333333,0.714285714,0,1,1,0.268292683
1,0.493150685,0.015567124,0.8,0,0,0.602040816,0.75,0.6,0.666666667,0.857142857,0.8,1,1,0.951219512
0,0.205479452,0.096682599,0.533333333,0,0,0.551020408,0.5,0.733333333,0.833333333,0.714285714,0.2,1,1,0.951219512
0,0.164383562,0.025715185,0.6,0,0,0.479591837,0.5,1,0.333333333,0.285714286,0,1,1,0.951219512
0,0.109589041,0.260488528,0.733333333,0,0,0.397959184,0.5,0.466666667,0.666666667,0.714285714,0.2,1,0,0.951219512
0,0.767123288,0.014348004,0.533333333,0,0,0.020408163,0.5,0.733333333,1,0.857142857,0.2,1,0,0.951219512
1,0.164383562,0.116660747,0.6,0,0,0.397959184,0.125,1,0.666666667,0.571428571,0.2,1,0,0.951219512
1,0.205479452,0.168480802,0.6,0,0,0.5,0.5,1,0.333333333,0.214285714,0,1,1,0.951219512
0,0.136986301,0.112081942,0.8,0,0,0.397959184,0.5,0.6,0.666666667,0.928571429,0.6,1,0,0.634146341
0,0.684931507,0.21899108,0.533333333,0.009910099,0,0.173469388,0.5,0.733333333,1,0.857142857,0.2,1,0,0.951219512
1,0.342465753,0.202714268,0.8,0,0.340909091,0.163265306,0.5,0.6,0.333333333,0.285714286,1,1,0,0.951219512
1,0.383561644,0.156589981,0.6,0,0,0.5,0.5,1,0.333333333,0.857142857,0,1,1,0.951219512
0,0.191780822,0.072156767,0.533333333,0,0,0.346938776,0.5,0.733333333,0.666666667,0.071428571,0.6,1,0,0.951219512
0,0.095890411,0.124134455,0.6,0,0,0.397959184,0.5,1,0.666666667,0.285714286,0.6,1,1,0.951219512
0,0.534246575,0.148739442,0.533333333,0,0,0.397959184,0.5,0.733333333,0,1,0.2,1,1,0.951219512
0,0.02739726,0.065434692,0.6,0,0,0.397959184,0.5,1,0.666666667,0.714285714,0.6,1,0,0.951219512
0,0.438356164,0.064084324,0.533333333,0,0,0.397959184,0.5,0.733333333,0,0.571428571,0.2,1,1,0.780487805
0,0.068493151,0.204476648,0.8,0,0,0.397959184,0.5,0.6,0.666666667,0.714285714,0.2,1,1,0.951219512
0,0.465753425,0.089018784,0.333333333,0,0,0.234693878,0.25,0,1,0.571428571,0.2,1,0,0.951219512
1,0.191780822,0.12935597,0.6,0,0,0.43877551,0.5,1,0.333333333,0.857142857,0,1,1,0.951219512
0,0.287671233,0.149455218,0.6,0,0,0.397959184,0.5,1,0,0.071428571,0.2,0.5,1,0.951219512
0,0.164383562,0.091650514,0.6,0,0.383838384,0.397959184,0.5,1,0.333333333,0.214285714,0,1,1,0.951219512
0,0.506849315,0.147554148,0.533333333,0,0,0.346938776,0.125,0.733333333,1,0.071428571,0.8,1,0,0.951219512
1,0.589041096,0.09409552,0.866666667,0,0,0.602040816,0.5,0.8,0.333333333,0.285714286,0,1,1,0.951219512
0,0.698630137,0.205379148,0.4,0,0,0.193877551,0.75,0.066666667,0.666666667,0.357142857,0.8,1,1,0.951219512
1,0.410958904,0.092489421,0.533333333,0,0,0.397959184,0.5,0.733333333,0.333333333,0.214285714,0,1,1,0.951219512
0,0.178082192,0.197147719,0.533333333,0,0,0.755102041,0.75,0.733333333,0.333333333,0.285714286,0,1,1,0.951219512
0,0.315068493,0.125588334,0.733333333,0,0,0.397959184,0.5,0.466666667,0,0.857142857,0.8,1,0,0.951219512
0,0.315068493,0.127331771,0.8,0,0,0.397959184,0.5,0.6,0.833333333,0.857142857,0.2,1,1,0.951219512
0,0.890410959,0.074188409,0.2,0,0,0.397959184,0.75,0.333333333,0.333333333,0.285714286,0,1,1,0.951219512
1,0.315068493,0.126331848,0.8,0,0,0.397959184,0.5,0.6,0.333333333,0.071428571,0,1,1,0.951219512
0,0.657534247,0.135891998,0.533333333,0,0,0.397959184,0.5,0.733333333,0.333333333,0.928571429,0,1,1,0.951219512
0,0.342465753,0.177193926,0.133333333,0,0,0.37755102,0.5,0.266666667,0.333333333,0.5,1,1,0,0.634146341
0,0.054794521,0.09777453,0.533333333,0,0,0.091836735,0.5,0.733333333,0.666666667,0.571428571,0.6,0.5,1,0.951219512
0,0.191780822,0.071629068,0.533333333,0,0,0.397959184,0.5,0.733333333,0.333333333,0.571428571,0,1,1,0.951219512
0,0.671232877,0.117075464,0.533333333,0,0,0.346938776,0.5,0.733333333,1,0.857142857,0.4,1,0,0.951219512
0,0.506849315,0.126584873,0.133333333,0,0,0.397959184,0.5,0.266666667,0,0.5,0.4,1,0,0.658536585
0,0.561643836,0.133381367,0.6,0,0,0.397959184,0.5,1,0,0.571428571,0.8,0.5,0,0.951219512
0,0.136986301,0.12581768,0.8,0,0,0.346938776,0.5,0.6,0.666666667,0.857142857,0.6,1,1,0.951219512
0,0.315068493,0.110952801,0.533333333,0,0,0.397959184,0.5,0.733333333,0.333333333,0.214285714,0,1,1,0.951219512
0,0.452054795,0.054585063,0.8,0,0,0.316326531,0.5,0.6,0.666666667,0.857142857,0.8,1,0,0.951219512
0,0.397260274,0.092601726,0.6,0,0,0.602040816,0.5,1,0.333333333,0.285714286,0,0.25,1,0
0,0.780821918,0.165338286,0.533333333,0,0,0.244897959,0,0.733333333,1,0,0.2,1,0,0.951219512
0,0.547945205,0.125639074,0.533333333,0,0,0.316326531,0.5,0.733333333,0.666666667,0.571428571,0.4,0.5,0,0.951219512
0,0.164383562,0.119370956,0.8,0,0,0.448979592,0.5,0.6,0.666666667,0.071428571,0.2,1,0,0.951219512
0,0.479452055,0.01888554,0.6,0,0,0.346938776,0.75,1,1,0.214285714,0.2,0.5,1,0.951219512
0,0.301369863,0.120723354,0.533333333,0,0,0.397959184,0.5,0.733333333,0.666666667,0.071428571,0.2,1,0,0.951219512
1,0.479452055,0.248557792,0.666666667,0,0,0.193877551,0.5,0.533333333,0.333333333,0.571428571,1,1,0,0.951219512
0,0.04109589,0.098271109,0.6,0,0,0.397959184,0.5,1,0.666666667,0.214285714,0.6,1,1,0.951219512
0,0.246575342,0.051059627,0.8,0,0,0.397959184,0.5,0.6,0.666666667,0.285714286,0.2,1,1,0.951219512
0,0.219178082,0.06239298,0.8,0,0,0.397959184,0.5,0.6,0.666666667,0.714285714,0.8,1,0,0.951219512
1,0.205479452,0.221557863,0.6,0,0,0.397959184,0.5,1,0.333333333,0.285714286,0,1,1,0.951219512
0,0.150684932,0.033311346,0.533333333,0,0,0.551020408,0.5,0.733333333,0,0.285714286,0.2,1,1,0.951219512
0,0.219178082,0.223374365,0.733333333,0,0,0.56122449,0.25,0.466666667,0,0.785714286,0.2,1,1,0.951219512
0,0.232876712,0.082944155,0.6,0,0,0.397959184,0.5,1,0.666666667,0.071428571,0.2,1,0,0.951219512
0,0.232876712,0.060368781,0.6,0,0,0.346938776,0.25,1,0,0.071428571,0.8,1,0,0.951219512
0,0.246575342,0.115683827,0.533333333,0,0,0.397959184,0.5,0.733333333,0.333333333,0.214285714,0,1,1,0.951219512
0,0.397260274,0.057159287,0.533333333,0,0,0.397959184,0.5,0.733333333,0.333333333,0.214285714,0,1,1,0.951219512
1,0.465753425,0.057032775,0.6,0,0,0.397959184,0.5,1,0.333333333,0.928571429,0,1,1,0.951219512
0,0.465753425,0.12837905,0.8,0,0,0.551020408,0.25,0.6,0.666666667,0.714285714,0.2,1,0,0.951219512
0,0.410958904,0.151342081,0.533333333,0,0,0.5,0.5,0.733333333,0.666666667,0.285714286,0.6,1,0,0.12195122
0,0.369863014,0.068033949,0.2,0,0,0.397959184,0.5,0.333333333,0.333333333,0.214285714,0,0.25,1,0.731707317
0,0.04109589,0.139824709,0.533333333,0,0,0.397959184,0.5,0.733333333,0.666666667,0.5,0.2,1,1,0.951219512
0,0.287671233,0.064504453,0.8,0,0,0.397959184,0.5,0.6,0.333333333,0.285714286,0,1,1,0.951219512
0,0.287671233,0.064189187,0.6,0,0,0.397959184,0.875,1,0.833333333,0.285714286,0.6,1,1,0.951219512
1,0.315068493,0.064473333,0.8,0,0,0.397959184,0.125,0.6,0.333333333,0.214285714,0,1,1,0.951219512
0,0.301369863,0.06801027,0.533333333,0,0,0.397959184,0.875,0.733333333,0.333333333,0.785714286,0.4,1,0,0.951219512
0,0.136986301,0.011803547,0.8,0.048650487,0,0.357142857,0.5,0.6,0.666666667,0.714285714,0.2,1,0,0.951219512
0,0.410958904,0.136067221,0.266666667,0,0,0.397959184,0.5,0.4,0,0.5,0.8,1,0,0.12195122
0,0.082191781,0.092760712,0.533333333,0,0,0.397959184,0.5,0.733333333,0.666666667,0.071428571,0.6,0.5,0,0.951219512
0,0.273972603,0.078230043,0.6,0,0,0.193877551,0.5,1,0.666666667,1,0.8,1,0,0.804878049
0,0.219178082,0.088016156,0.733333333,0,0,0.357142857,0.5,0.466666667,0.666666667,0.857142857,0.2,0.75,1,0.951219512
0,0.328767123,0.143072765,0.533333333,0,0,0.397959184,0.5,0.733333333,0,0.214285714,0.2,1,1,0.951219512
0,0.410958904,0.096997866,0.533333333,0,0,0.602040816,0.5,0.733333333,0.333333333,0.285714286,0,1,1,0.951219512
0,0.136986301,0.134098497,0.6,0,0,0.806122449,0.5,1,0.333333333,0.285714286,0,1,1,0.951219512
0,0.082191781,0.109889285,0.333333333,0,0,0.602040816,0.75,0,0.666666667,0.214285714,0.2,1,1,0.951219512
0,0.178082192,0.015803236,0.533333333,0,0,0.091836735,0.5,0.733333333,0.666666667,0.571428571,0.6,1,1,0.951219512
0,0.02739726,0.189636801,0.533333333,0,0,0.244897959,0.5,0.733333333,0.333333333,0.857142857,0.4,1,0,0.951219512
0,0.561643836,0.063771087,0.533333333,0.021740217,0,0.397959184,0.5,0.733333333,0,0.071428571,0.8,1,0,0.951219512
0,0.356164384,0.136996107,0.866666667,0,0,0.448979592,0.5,0.8,0.333333333,0.285714286,0,1,1,0.951219512
0,0.712328767,0.137770742,0.2,0,0,0.346938776,0.75,0.333333333,0.333333333,0.571428571,0,1,1,0.951219512
0,0.068493151,0.059226785,0.6,0,0,0.295918367,0.5,1,0.666666667,0.5,0.6,1,0,0.951219512
0,0.342465753,0.182008842,0.8,0,0,0.5,0.25,0.6,0.666666667,0.714285714,0.2,1,1,0.951219512
0,0.02739726,0.126647115,0.6,0,0,0.244897959,0.5,1,0.666666667,0.571428571,0.6,1,0,0.951219512
1,0.219178082,0.227455915,0.6,0,0,0.397959184,0.125,1,0.333333333,0.285714286,1,0.5,0,0.951219512
1,0.780821918,0.099940803,0.733333333,0,0,0.295918367,0.75,0.466666667,0.333333333,0.285714286,0,1,1,0.951219512
0,0.452054795,0.130269296,0.533333333,0,0,0.37755102,0.5,0.733333333,0,0.285714286,0.8,1,0,0.951219512
0,0.068493151,0.205152508,0.6,0,0,0.295918367,0.5,1,0.666666667,0.071428571,0.6,0.5,1,0.146341463
0,0.054794521,0.110335799,0.533333333,0,0,0.397959184,0.5,0.733333333,0.666666667,0.071428571,0.6,1,1,0.951219512
0,0.082191781,0.079356478,0.533333333,0,0,0.153061224,0.5,0.733333333,0.666666667,0.428571429,0.6,0.5,0,0.951219512
0,0.04109589,0.070702212,0.533333333,0,0,0.397959184,0.5,0.733333333,0.666666667,0.5,0.4,1,0,0.951219512
0,0.589041096,0.280737967,0.533333333,0,0,0.397959184,0.5,0.733333333,0,0.071428571,0.2,1,0,0.951219512
0,0.589041096,0.06858262,0.6,0,0,0.346938776,0.25,1,0.333333333,0.071428571,1,1,0,0.951219512
0,0.02739726,0.114583101,0.6,0,0,0.234693878,0.5,1,0.666666667,0.071428571,0.6,1,0,0.951219512
0,0.068493151,0.091293303,0.8,0,0,0.295918367,0.5,0.6,0.666666667,0.571428571,0.2,1,1,0.951219512
0,0.356164384,0.106160887,0.666666667,0,0,0.346938776,0.25,0.533333333,0.666666667,0.071428571,0.2,1,0,0.951219512
1,0.315068493,0.107775105,0.8,0,0,0.397959184,0.5,0.6,0.333333333,0.071428571,0,1,1,0.951219512
0,0.095890411,0.146461541,0.133333333,0,0,0.397959184,0.5,0.266666667,0.666666667,0.5,0.4,1,0,0.634146341
0,0.095890411,0.095008846,0.6,0,0,0.142857143,0,1,0.666666667,0,0.6,0.5,0,0.341463415
0,0.616438356,0.11549372,0.2,0,0,0.091836735,0.75,0.333333333,0.333333333,0.214285714,0,1,1,0.951219512
1,0.369863014,0.022378502,0.6,0,0,0.43877551,0.5,1,0.333333333,0.928571429,0,1,1,0.951219512
0,0.136986301,0.091369751,0.6,0,0,0.397959184,0.5,1,0.666666667,0.285714286,0.6,1,0,0.951219512
1,0.150684932,0.11559723,0.4,0.076880769,0,0.397959184,0.5,0.066666667,0.333333333,0.428571429,0,1,1,0.951219512
0,0.315068493,0.078759095,0.6,0,0,0.397959184,0.5,1,0,0.071428571,0.8,1,0,0.951219512
0,0.561643836,0.153655162,0.133333333,0,0,0.397959184,0.25,0.266666667,0,0.571428571,0.4,0.5,0,0.341463415
1,0.219178082,0.133604625,0.8,0,0,0.397959184,0.5,0.6,0.333333333,0.714285714,0,1,1,0.951219512
0,0.493150685,0.032172734,0.6,0,0,0.602040816,0.625,1,0.333333333,0.285714286,0,1,1,0.951219512
0,0.191780822,0.132852992,0.6,0,0,0.397959184,0.5,1,0,0.071428571,0.8,1,0,0.951219512
1,0.315068493,0.122857153,0.533333333,0,0,0.448979592,0.5,0.733333333,0.333333333,0.285714286,0,1,1,0.951219512
1,0.287671233,0.046333337,0.8,0,0,0.397959184,0.5,0.6,0.333333333,0.714285714,1,1,0,0.951219512
1,0.369863014,0.137034669,0.533333333,0,0,0.448979592,0.5,0.733333333,0.333333333,0.5,0,1,1,0.951219512
0,0.273972603,0.12175372,0.333333333,0.026350264,0,0.397959184,0.75,0,0.333333333,0.571428571,1,1,0,0.951219512
0,0.520547945,0.062013443,0.666666667,0,0,0.602040816,0.625,0.533333333,0.333333333,0.285714286,0,1,1,0.951219512
0,0.136986301,0.209165728,0.6,0,0,0.397959184,0.5,1,0.333333333,0.785714286,0,1,1,0.951219512
1,0.205479452,0.100820302,0.933333333,0.150241502,0,0.5,0,0.933333333,0.333333333,0,1,1,0,0.951219512
1,0.849315068,0.049180206,0.666666667,0,0,0.193877551,0.75,0.533333333,0.333333333,0.857142857,0,1,1,0.951219512
0,0.136986301,0.308264918,0.6,0,0,0.479591837,0.5,1,0.333333333,0.071428571,0,1,1,0.634146341
0,0.493150685,0.185235925,0.6,0,0,0.397959184,0.5,1,1,0.857142857,0.2,1,0,0.951219512
1,0.424657534,0.060938425,1,0,0,0.602040816,0.5,0.666666667,0.333333333,0.714285714,0,1,1,0.951219512
0,0.164383562,0.145989994,0.533333333,0,0,0.346938776,0.5,0.733333333,0.666666667,0.071428571,0.8,1,1,0.634146341
0,0.383561644,0.233577902,0.8,0,0.45959596,0.551020408,0.5,0.6,0.333333333,0.857142857,0,1,1,0.951219512
1,0.178082192,0.131273277,0.533333333,0,0,0.734693878,0.5,0.733333333,0.333333333,1,0,1,1,0.951219512
1,0.383561644,0.124992304,0.8,0,0,0.5,0.5,0.6,0,0.714285714,0.2,1,1,0.951219512
0,0.424657534,0.092023286,0.866666667,0,0,0.397959184,0.875,0.8,0,0.714285714,0.8,1,0,0.951219512
1,0.452054795,0.112282197,0.866666667,0,0,0.397959184,0.5,0.8,0.333333333,0.071428571,1,1,0,0.951219512
0,0.246575342,0.134323107,0.533333333,0,0,0.397959184,0.75,0.733333333,0.666666667,0.571428571,0.2,1,0,0.951219512
0,0.178082192,0.032247829,0.6,0,0,0.397959184,0.125,1,0.333333333,0.071428571,0.6,1,1,0.951219512
0,0.260273973,0.064355615,0.533333333,0,0,0.397959184,0.5,0.733333333,0.333333333,0.857142857,0,1,1,0.951219512
0,0.191780822,0.134141795,0.533333333,0,0,0.653061224,0.5,0.733333333,0.333333333,1,0,1,1,0.951219512
0,0.178082192,0.024723381,0.533333333,0,0.367768595,0.295918367,0.5,0.733333333,0.666666667,0.857142857,0.2,1,0,0.951219512
0,0.328767123,0.014811432,0.8,0,0,0.397959184,0.125,0.6,0,0.714285714,0.2,1,1,0.951219512
1,0.534246575,0.130785494,1,1,0,0.704081633,0.625,0.666666667,0.333333333,0.714285714,0,1,1,0.951219512
0,0,0.087381564,0.333333333,0,0,0.295918367,0.5,0,0.666666667,0.571428571,0.6,1,1,0.951219512
0,0.287671233,0.072867808,0.6,0,0,0.397959184,0.5,1,0.333333333,0.714285714,0,1,1,0.951219512
1,0.493150685,0.295708385,0.533333333,0,0,0.397959184,0.5,0.733333333,0.333333333,0.785714286,0,0.5,1,0.951219512
0,0.287671233,0.020990248,0.133333333,0,0,0.397959184,0.5,0.266666667,0.333333333,0.571428571,1,1,0,0.195121951
1,0.726027397,0.058651729,0.6,0,0,0.193877551,0,1,0.333333333,0,0,0.5,1,0.951219512
0,0.287671233,0.224742324,0.533333333,0.040640406,0,0.397959184,0.75,0.733333333,0.333333333,0.214285714,0,1,1,0.951219512
0,0.684931507,0.120460857,0.4,0,0,0.397959184,0,0.066666667,0.333333333,0,0,1,1,0.951219512
1,0.479452055,0.128978462,0.8,0,0,0.397959184,0.5,0.6,0,0.285714286,0.2,1,1,0.951219512
1,0.315068493,0.110538761,0.8,0,0,0.5,0.5,0.6,0.333333333,0.857142857,0,1,1,0.951219512
1,0.561643836,0.177305555,0.6,0,0.453856749,0.5,0.625,1,0.333333333,0.857142857,0,1,1,0.951219512
0,0.136986301,0.160459775,0.666666667,0,0,0.193877551,0,0.533333333,0.333333333,0,0,1,1,0.951219512
0,0.02739726,0.170695785,0.6,0,0,0.397959184,0.5,1,0.666666667,0.857142857,0.4,1,1,0.951219512
0,0.205479452,0.050982501,0.8,0,0,0.397959184,0.5,0.6,0.333333333,0.857142857,0,1,1,0.951219512
1,0.301369863,0.117199947,0.6,0.086140861,0,0.397959184,0.5,1,0,0.285714286,0.2,1,0,0.951219512
0,1,0.110383157,0.2,0,0,0.142857143,0,0.333333333,0.833333333,0,0.2,1,0,0.951219512
0,0.287671233,0.187498943,0.533333333,0,0,0.56122449,0.25,0.733333333,0,0.785714286,0.2,1,1,0.951219512
0,0.616438356,0.117826421,0.6,0,0,0.428571429,0.5,1,0,0.928571429,0.8,1,0,0.951219512
0,0.465753425,0.057048335,0.6,0,0,0.397959184,0.5,1,0.333333333,0.214285714,0,1,1,0.951219512
0,0.630136986,0.205898729,0.333333333,0,0,0.091836735,0,0,0.333333333,0,0,1,1,0.951219512
0,0.205479452,0.164208468,0.6,0,0,0.397959184,0.25,1,0.666666667,0.214285714,0.2,1,1,0.951219512
0,0.054794521,0.222665354,0.6,0,0,0.142857143,0.875,1,0.666666667,0.071428571,0.2,1,0,0.951219512
0,0.315068493,0.116427342,0.8,0,0,0.397959184,0.875,0.6,0.333333333,0.071428571,0,1,1,0.951219512
1,0.205479452,0.060498676,0.8,0,0,0.397959184,0.5,0.6,0.333333333,0.714285714,0,0.25,1,0.951219512
1,0.424657534,0.158719721,0.6,0,0,0.5,0.5,1,1,0.857142857,0.8,1,1,0.951219512
0,0.136986301,0.024767356,0.733333333,0,0,0.418367347,0.5,0.466666667,0.666666667,0.714285714,0.2,1,0,0.951219512
0,0.287671233,0.100064609,0.533333333,0,0.470844812,0.43877551,0.5,0.733333333,0.333333333,0.214285714,0,1,1,0.951219512
0,0.232876712,0.045566143,0.8,0,0,0.397959184,0.5,0.6,0.666666667,0.285714286,0.6,0,0,0.951219512
0,0,0.095002757,0.4,0,0,0.193877551,0.5,0.066666667,0.666666667,0.571428571,0.6,1,0,0.951219512
0,0.178082192,0.071348982,0.533333333,0,0.361111111,0.346938776,0.5,0.733333333,0.333333333,0.857142857,1,0.25,0,0
0,0.328767123,0.009731313,0.6,0,0,0.397959184,0.25,1,0,0.285714286,0.2,1,0,0.951219512
0,0.479452055,0.07883622,0.6,0,0,0.5,0.5,1,0,0.571428571,0.8,1,0,0.951219512
0,0.452054795,0.124045152,0.333333333,0,0,0.397959184,0.5,0,0.833333333,0.071428571,0.8,1,0,0.951219512
0,0.054794521,0.154982528,0.6,0,0,0.091836735,0.5,1,0.666666667,0.071428571,0.6,1,1,0.951219512
0,0.438356164,0.122428904,0.733333333,0,0,0.397959184,0.25,0.466666667,0.333333333,0.071428571,0,1,1,0.951219512
1,0.301369863,0.073948915,0.6,0.047870479,0,0.397959184,0.5,1,0.666666667,0.714285714,0.2,0.5,1,0.951219512
0,0.04109589,0.200223934,0.6,0,0,0.153061224,0.5,1,0.666666667,0.571428571,0.6,1,1,0.951219512
0,0.01369863,0.113192817,0.533333333,0,0,0.193877551,0.5,0.733333333,0.666666667,0.571428571,0.2,1,1,0.951219512
0,0.02739726,0.179559777,0,0,0,0.5,0.5,0.866666667,0.666666667,0.357142857,0.2,1,1,0.634146341
0,0.260273973,0.287950532,0.533333333,0,0,0.397959184,0.5,0.733333333,0.333333333,0.5,0,1,1,0.951219512
0,0.397260274,0.333154051,0.133333333,0,0,0.5,0.5,0.266666667,0.833333333,0.428571429,0.2,1,1,0.634146341
0,0.301369863,0.089575574,0.533333333,0,0,0.5,0.5,0.733333333,0.333333333,0.071428571,1,0.5,0,0.951219512
1,0.575342466,0.122155583,0.533333333,0,0,0.397959184,0.5,0.733333333,0.333333333,0.428571429,0,1,1,0.951219512
0,0.493150685,0.006855353,0.533333333,0,0,0.397959184,0.5,0.733333333,0.333333333,0.214285714,0,1,1,0.951219512
1,0.260273973,0.18393765,0.533333333,0,0,0.602040816,0.5,0.733333333,0.666666667,0.857142857,0.8,1,1,0.951219512
0,0.164383562,0.039454982,0.533333333,0.034640346,0,0.397959184,0.75,0.733333333,0.333333333,0.357142857,0,1,1,0.951219512
0,0.260273973,0.08187049,0.666666667,0,0,0.397959184,0.5,0.533333333,0.333333333,0.214285714,0,1,1,0.951219512
0,0.04109589,0.303136765,0.466666667,0,0,0.295918367,0.5,0.133333333,0.666666667,0.571428571,0.2,1,1,0.634146341
0,0.410958904,0.103343786,0.6,0,0,0.397959184,0.75,1,0.666666667,0.571428571,0.8,0.5,0,0.951219512
1,0.164383562,0.241296516,0.6,0,0,0.397959184,0.5,1,0.333333333,0.428571429,0,1,1,0
1,0.410958904,0.012756788,0.866666667,0,0,0.397959184,0.5,0.8,0.333333333,0.928571429,0,1,1,0.951219512
1,0.315068493,0.070594643,0.533333333,0,0,0.602040816,0.5,0.733333333,0,0.857142857,0.2,1,1,0.951219512
1,0.164383562,0.292276988,0.8,0,0,0.397959184,0.5,0.6,0.333333333,0.714285714,0,1,1,0.951219512
0,0.150684932,0.036865873,0.666666667,0.031370314,0,0.397959184,0.5,0.533333333,0.333333333,0.571428571,0.4,1,0,0.951219512
0,0.424657534,0.121692832,0.8,0,0,0.428571429,0.5,0.6,0,0.428571429,0.2,1,1,0.951219512
1,0.232876712,0.099263589,0.666666667,0,0,0.357142857,0.5,0.533333333,0.333333333,0.714285714,1,1,0,0.951219512
1,0.205479452,0.105029717,0.933333333,0.150241502,0,0.5,0.5,0.933333333,0.333333333,0.714285714,1,0.25,0,0.951219512
1,0.246575342,0.061355848,0.866666667,0,0,0.397959184,0.5,0.8,0.666666667,0.285714286,0.2,1,1,0.951219512
0,0.383561644,0.079213052,0.266666667,0,0,0.397959184,0.5,0.4,0.833333333,0.571428571,0.8,0.75,0,0.926829268
0,0.301369863,0.226740815,0.266666667,0,0,0.428571429,0.5,0.4,0.333333333,0.428571429,0,1,1,0.634146341
0,0.493150685,0.132612821,0.333333333,0,0,0.336734694,0.5,0,0.333333333,0.571428571,0,1,1,0.951219512
1,0.123287671,0.050460891,0.533333333,0,0,0.397959184,0.5,0.733333333,0.333333333,1,0,1,1,0.951219512
0,0.520547945,0.06720722,0.533333333,0,0,0.397959184,0.75,0.733333333,0.333333333,0.857142857,0,1,1,0.951219512
0,0.095890411,0.025954002,0.6,0,0,0.448979592,0.5,1,0.666666667,0.214285714,0.6,1,1,0.951219512
0,0.01369863,0.169021355,0.6,0,0,0.214285714,0.5,1,0.666666667,0.071428571,0.6,0.25,0,0.268292683
0,0.150684932,0.024015723,0.6,0,0,0.295918367,0.5,1,0,0.571428571,0.2,1,0,0.951219512
1,0.493150685,0.125094462,0.533333333,0,0,0.724489796,0.625,0.733333333,0.333333333,0.857142857,0,1,1,0.951219512
0,0.205479452,0.127313504,0.6,0.038870389,0,0.397959184,0.875,1,0.666666667,0.785714286,0.8,0.5,0,0.951219512
0,0.616438356,0.144955568,0.933333333,0,0,0.153061224,0.75,0.933333333,0.333333333,0.714285714,0,1,1,0.951219512
0,0.136986301,0.324279234,0.6,0,0,0.316326531,0.125,1,0.333333333,0.071428571,0,0.5,1,0.951219512
1,0.452054795,0.065049066,0.866666667,1,0,0.602040816,0.5,0.8,0.333333333,0.285714286,0,1,1,0.951219512
0,0.369863014,0.209414694,0.533333333,0,0,0.37755102,0.875,0.733333333,0.333333333,0.785714286,0,1,1,0.951219512
1,0.452054795,0.059362093,0.8,0,0,0.653061224,0.625,0.6,1,0.857142857,0.8,1,1,0.951219512
0,0.095890411,0.108167497,0.6,0,0,0.295918367,0.5,1,0.666666667,0.428571429,0.8,1,1,0.951219512
0,0.178082192,0.147100192,0.6,0,0,0.397959184,0.25,1,0.833333333,0.071428571,0.8,0.5,0,0.951219512
0,0.178082192,0.170311512,0.533333333,0.015060151,0,0.806122449,0.5,0.733333333,0.833333333,1,0.8,0.5,1,0.951219512
0,0.520547945,0.056917087,0.533333333,0,0,0.346938776,0.5,0.733333333,1,0.571428571,0.8,0.5,0,0.951219512
1,0.273972603,0.236637203,0.933333333,1,0,0.5,0.75,0.933333333,0.333333333,0.714285714,0,1,1,0.951219512
1,0.123287671,0.122372075,0.6,0,0,0.520408163,0.5,1,0.333333333,1,0,1,1,0.951219512
0,0.123287671,0.136214029,0.733333333,0,0,0.397959184,0.5,0.466666667,0.333333333,0.857142857,0,1,1,0.951219512
0,0.589041096,0.090919177,0.533333333,0,0,0.5,0.75,0.733333333,0,0.214285714,0.2,0.5,1,0
0,0.424657534,0.065227672,0.533333333,0,0,0.397959184,0.5,0.733333333,0.666666667,0.071428571,0.2,1,0,0.951219512
0,0.328767123,0.086803124,0.6,0,0,0.326530612,0.5,1,0.666666667,0.857142857,0.2,0.5,1,0.951219512
0,0.246575342,0.033307963,0.533333333,0,0,0.602040816,0.125,0.733333333,0.333333333,0.714285714,0,1,1,0.951219512
0,0.232876712,0.091969163,0.533333333,0,0,0.479591837,0.5,0.733333333,0.666666667,0.5,0.8,0.5,0,0.951219512
0,0.02739726,0.134007841,0.4,0,0,0.193877551,0.5,0.066666667,0.666666667,0.571428571,0.6,1,1,0.951219512
0,0.191780822,0.082250704,0.666666667,0,0,0.397959184,0.625,0.533333333,0,0.857142857,0.2,1,1,0.951219512
1,0.246575342,0.102996722,0.533333333,0,0,0.397959184,0.5,0.733333333,0.333333333,0.571428571,0,1,1,1
0,0.232876712,0.079652801,0.533333333,0,0,0.479591837,0.5,0.733333333,0.333333333,1,0,1,1,0.951219512
0,0.164383562,0.081455773,0.533333333,0,0,0.397959184,0.5,0.733333333,0,0.5,0.8,1,1,0.951219512
0,0.054794521,0.091582861,0.533333333,0,0,0.397959184,0.5,0.733333333,0.666666667,0.071428571,0.6,1,0,0.951219512
0,0.479452055,0.105027011,0.4,0,0,0.397959184,0.5,0.066666667,1,0.571428571,0.8,0.5,0,0.951219512
0,0.054794521,0.509994148,0.333333333,0,0,0.346938776,0.5,0,0.333333333,0.428571429,0,1,1,0.951219512
1,0.479452055,0.25310074,0.8,0,0,0.448979592,0.5,0.6,0.333333333,0.285714286,0,1,1,0.951219512
1,0.356164384,0.115114183,0.8,0,0,0.448979592,0.5,0.6,0.666666667,0.714285714,0.2,1,1,0.951219512
0,0.315068493,0.132916586,0.8,0,0,0.397959184,0.25,0.6,0,0.714285714,0.8,1,0,0.951219512
0,0.109589041,0.199323463,0.533333333,0,0,0.397959184,0.5,0.733333333,0.333333333,0.5,0,1,1,0.951219512
1,0.534246575,0.307292058,0.666666667,0,0,0.602040816,0.875,0.533333333,0.333333333,0.214285714,0,0.5,1,0.951219512
0,0.643835616,0.092463036,0.533333333,0,0,0.295918367,0.5,0.733333333,0.333333333,0.714285714,0,1,1,0.951219512
0,0.232876712,0.159158793,0.533333333,0,0.453168044,0.295918367,0.75,0.733333333,0.666666667,0.357142857,0.2,1,1,0.951219512
1,0.438356164,0.12633929,0.8,0,0.554407713,0.551020408,0.5,0.6,0.333333333,0.857142857,0,1,1,0.951219512
0,0.342465753,0.145577983,0.533333333,0,0,0.397959184,0.5,0.733333333,0.666666667,0.571428571,0.4,0.5,1,0.951219512
0,0.397260274,0.067161892,0.6,0,0,0.397959184,0.25,1,0,0.5,0.6,1,0,0.951219512
0,0.01369863,0.227008047,0.4,0,0,0.030612245,0.5,0.066666667,0.666666667,0.571428571,0.6,1,0,0.951219512
0,0.02739726,0.106536366,0.6,0,0,0.346938776,0.5,1,0.666666667,0.857142857,0.6,1,1,0.951219512
0,0.164383562,0.161477287,0.666666667,0,0,0.397959184,0.5,0.533333333,0.333333333,0.5,0,1,1,0.951219512
1,0.452054795,0.102774818,0.733333333,0.150241502,0,0.448979592,0.5,0.466666667,0.333333333,0.428571429,0,0.5,1,0.951219512
0,0.260273973,0.12203313,0.4,0,0,0.397959184,0.5,0.066666667,0.666666667,0.214285714,0.6,1,1,0.951219512
0,1,0.145241067,0.2,0,0,0.397959184,0.5,0.333333333,0.333333333,0.5,0,1,1,0.951219512
0,0.287671233,0.082064657,0.533333333,0,0,0.448979592,0.5,0.733333333,0.333333333,0.785714286,0.6,1,1,0.951219512
0,0.616438356,0.099893445,0.533333333,0,0,0.346938776,0.75,0.733333333,0.333333333,0.357142857,0,1,1,0.951219512
0,0.109589041,0.115262344,0.666666667,0,0,0.397959184,0.5,0.533333333,0,0.071428571,0.8,1,0,0.951219512
1,0.616438356,0.112280844,0.8,0,0,0.346938776,0.5,0.6,0.333333333,0.285714286,0,1,1,0.951219512
0,0.630136986,0.278940407,0.533333333,0,0,0.397959184,0,0.733333333,0.333333333,0,0,1,1,0.951219512
0,0.095890411,0.11500526,0.533333333,0,0,0.244897959,0.5,0.733333333,0.333333333,0.571428571,1,1,0,0.951219512
0,0.287671233,0.239719508,0.533333333,0,0,0.397959184,0.5,0.733333333,0,0.214285714,0.2,1,1,0.951219512
0,0.342465753,0.067101004,0.533333333,0.033250333,0,0.397959184,0.5,0.733333333,0,0.071428571,0.8,1,0,0.951219512
0,0.630136986,0.110608444,0.333333333,0,0,0.397959184,0.5,0,0.833333333,0.5,0.2,0.5,1,0.951219512
0,0.315068493,0.112394502,0.533333333,0,0,0.346938776,0.5,0.733333333,0.333333333,0.214285714,0,1,1,0.951219512
1,0.164383562,0.180197075,0.8,0.03103031,0,0.448979592,0.5,0.6,0.333333333,0.857142857,0,1,1,0.951219512
0,0.397260274,0.104541257,0.533333333,0,0,0.397959184,0.5,0.733333333,0,0.071428571,0.8,1,0,0.951219512
0,0.178082192,0.126287873,0.8,0,0,0.397959184,0.5,0.6,0.666666667,0.285714286,0.2,0.5,0,0.951219512
0,0.479452055,0.233615788,0.533333333,0,0,0.397959184,0.5,0.733333333,0,0.071428571,0.8,1,1,0.951219512
0,0.808219178,0.077619806,0.2,0,0,0.397959184,0.5,0.333333333,1,0.642857143,0.2,1,0,0.951219512
1,0.273972603,0.22212683,0.866666667,0,0,0.5,0.5,0.8,0.333333333,0.714285714,0,1,1,0.951219512
0,0.246575342,0.165727971,0.533333333,0,0,0.397959184,0,0.733333333,0.666666667,0,0.6,1,1,0.951219512
0,0.164383562,0.032769439,0.533333333,0,0,0.397959184,0.5,0.733333333,0.666666667,0.285714286,0.2,0.25,0,0.951219512
0,0.493150685,0.044094675,0.6,0,0,0.602040816,0.5,1,0.833333333,0.714285714,0.2,1,1,0.951219512
1,0.397260274,0.121170545,0.533333333,0,0,0.275510204,0.5,0.733333333,0.333333333,0.285714286,1,1,0,0.951219512
0,0.178082192,0.069281484,0.533333333,0,0,0.397959184,0.5,0.733333333,0.666666667,0.357142857,0.6,1,1,0.951219512
0,0.164383562,0.093130778,0.6,0,0.365013774,0.397959184,0.5,1,0.666666667,0.571428571,0.2,0.75,1,0
0,0.232876712,0.129576521,0.533333333,0,0,0.346938776,0.5,0.733333333,0.333333333,0.571428571,1,1,0,0.951219512
0,0.01369863,0.07289284,0.6,0,0,0.193877551,0.5,1,0.666666667,0.071428571,0.4,1,0,0.951219512
0,0.164383562,0.115570169,0.666666667,0,0,0.602040816,0.5,0.533333333,0.666666667,1,0.6,1,1,0.951219512
0,0.191780822,0.151616079,0.6,0,0,0.397959184,0.5,1,0.666666667,0.857142857,0.2,1,0,0.951219512
1,0.438356164,0.136398048,0.8,0,0,0.5,0.5,0.6,0.333333333,0.857142857,0,0.25,1,0.585365854
0,0.150684932,0.196277692,0.933333333,0,0,0.448979592,0.5,0.933333333,0.666666667,0.714285714,0.2,1,1,0.951219512
0,0.315068493,0.063358399,0.533333333,0.050130501,0,0.193877551,0.5,0.733333333,0.333333333,0.857142857,1,1,0,0.951219512
1,0.219178082,0.107140513,0.8,0,0.453856749,0.37755102,0.5,0.6,0.333333333,0.285714286,1,1,0,0.951219512
0,0,0.077454055,0.466666667,0,0,0.06122449,0.5,0.133333333,0.666666667,0.714285714,0.6,1,1,0.951219512
0,0.178082192,0.187406257,0.466666667,0.039080391,0,0.397959184,0.5,0.133333333,0.333333333,0.214285714,0,1,1,0.146341463
1,0.369863014,0.345845215,0.8,0,0,0.397959184,0.5,0.6,0.333333333,0.285714286,0,0.5,1,0.951219512
1,0.219178082,0.231570615,0.866666667,0.150241502,0,0.43877551,0.5,0.8,0.333333333,0.714285714,0,1,1,0.951219512
0,0.109589041,0.126960352,0.533333333,0,0,0.397959184,0.5,0.733333333,0.333333333,0.071428571,1,1,0,0.951219512
0,0.082191781,0.196214097,0.533333333,0,0,0.397959184,0.5,0.733333333,0,0.785714286,0.2,0.5,1,0.951219512
0,0.383561644,0.088243472,0.533333333,0,0,0.397959184,0.625,0.733333333,0.333333333,0.857142857,0,1,1,0.951219512
1,0.287671233,0.076887116,0.8,0,0,0.397959184,0.5,0.6,0.333333333,0.285714286,0,1,1,0
1,0.506849315,0.01691614,0.866666667,0,0,0.551020408,0.5,0.8,0.333333333,0.285714286,1,1,0,0.951219512
0,0.438356164,0.090545052,0.133333333,0,0,0.193877551,0.5,0.266666667,0.5,0.5,0.8,0.25,0,0.975609756
1,0.287671233,0.055661434,0.8,0.076880769,0,0.5,0,0.6,0.333333333,0,1,0.75,0,0
0,0.164383562,0.162077376,0.8,0,0,0.397959184,0.5,0.6,0.666666667,0.071428571,0.2,0.5,0,0.951219512
0,0.424657534,0.118856787,0.866666667,0,0,0.806122449,0.25,0.8,0,0.714285714,0.8,1,0,0.951219512
1,0.438356164,0.157646732,0.333333333,0,0,0.418367347,0.5,0,0.333333333,1,0,0.5,1,0.951219512
0,0.150684932,0.052947166,0.533333333,0,0,0.224489796,0.5,0.733333333,0.333333333,0.571428571,1,0.5,0,0.951219512
1,0.397260274,0.117802065,0.933333333,0,0,0.5,0.5,0.933333333,0.666666667,0.285714286,0.2,1,1,0.951219512
0,0.095890411,0.225138775,0.533333333,0,0,0.5,0.5,0.733333333,0.666666667,0.428571429,0.2,0.5,0,0.951219512
0,0.273972603,0.011344855,0.666666667,0,0,0.846938776,0.75,0.533333333,0.666666667,0.357142857,0.6,1,1,0.951219512
0,0.260273973,0.077389107,0.8,0,0,0.346938776,0.5,0.6,0.333333333,0.214285714,0,1,1,0.951219512
0,0.602739726,0.139179969,0.933333333,0,0,0.346938776,0.625,0.933333333,0,0.714285714,0.2,1,1,0.951219512
0,0.164383562,0.105671074,0.8,0,0,0.397959184,0,0.6,0.666666667,0,0.2,1,1,0.951219512
0,0.369863014,0.128169324,0.533333333,0,0,0.448979592,0.5,0.733333333,0.333333333,0.214285714,0,1,1,0.951219512
1,0.260273973,0.115992328,0.866666667,0,0,0.397959184,0.875,0.8,0.333333333,0.714285714,0,1,1,0.951219512
0,0.739726027,0.139154261,0.266666667,0,0,0.12244898,0.5,0.4,1,0.857142857,0.8,1,0,0.951219512
0,0.150684932,0.193767738,0.8,0,0,0.397959184,0.5,0.6,0.666666667,0.071428571,0.6,1,0,0.951219512
0,0.04109589,0.160793308,0.6,0,0,0.091836735,0.5,1,0.666666667,0.071428571,0.6,1,0,0.951219512
0,0.397260274,0.086485828,0.533333333,0,0,0.5,0.75,0.733333333,0,0.214285714,0.6,1,1,0.951219512
0,0.164383562,0.105154876,0.533333333,0,0,1,0.5,0.733333333,0,0.571428571,0.8,1,0,0.951219512
0,0.123287671,0.149263758,0.6,0,0,0.397959184,0.875,1,0.666666667,0.071428571,0.2,1,0,0.951219512
1,0.383561644,0.250485923,1,0,0,0.5,0.5,0.666666667,0.333333333,0.714285714,0,1,1,0.951219512
1,0.356164384,0.10719396,0.8,0,0.453856749,0.5,0.5,0.6,0.333333333,0.285714286,0,1,1,0.951219512
0,0.123287671,0.103662435,0.8,0,0,0.397959184,0.5,0.6,0.666666667,0.357142857,0.6,1,1,0.951219512
0,0.397260274,0.171222131,0.6,0,0,0.397959184,0.5,1,0.333333333,0.214285714,0,1,1,0.951219512
0,0.397260274,0.205463716,0.533333333,0,0,0.5,0.75,0.733333333,0.333333333,0.285714286,0,1,1,0.951219512
0,0.520547945,0.100837215,0.533333333,0,0,0.244897959,0.75,0.733333333,1,0.571428571,0.2,1,0,0.658536585
0,0.342465753,0.074035511,0.533333333,0,0,0.234693878,0.75,0.733333333,0.333333333,0.214285714,0,1,1,0.951219512
0,0.712328767,0.023716693,0.866666667,0,0,0.040816327,0.125,0.8,0,0.714285714,0.2,1,0,0.951219512
1,0.287671233,0.06954195,0.866666667,0,0,0.704081633,0.25,0.8,0.333333333,0.285714286,0,1,1,0.951219512
0,0.397260274,0.217937035,0.8,0,0,0.397959184,0.5,0.6,0,0.857142857,0.8,0.25,0,0.073170732
0,0.260273973,0.227773211,0.6,0,0,0.397959184,0.5,1,0.333333333,0.214285714,0,1,1,0.951219512
0,0.301369863,0.069776032,0.533333333,0,0,0.295918367,0.5,0.733333333,0.333333333,0.357142857,0,1,1,0.951219512
0,0.178082192,0.045438278,0.6,0,0,0.091836735,0.5,1,0,0.071428571,0.8,1,0,0.951219512
1,0.383561644,0.014776929,0.8,0,0,0.5,0.5,0.6,0.333333333,0.714285714,0,1,1,0.951219512
0,0.219178082,0.099463168,0.533333333,0,0,0.397959184,0.5,0.733333333,0,0.571428571,0.8,1,0,0.951219512
0,0.164383562,0.291975252,0.533333333,0,0,0.397959184,0.5,0.733333333,0.333333333,0.214285714,0,1,1,0.951219512
0,0.205479452,0.11603698,0.533333333,0,0,0.397959184,0.5,0.733333333,0,0.214285714,0.6,1,1,0.951219512
1,0.506849315,0.091565271,0.866666667,0.07298073,0,0.346938776,0.125,0.8,0.333333333,0.714285714,0,1,1,0.951219512
0,0.02739726,0.08543246,0.533333333,0,0,0.071428571,0,0.733333333,0.666666667,0,0.6,1,0,0.951219512
0,0.164383562,0.101191044,0.533333333,0,0,0.397959184,0.5,0.733333333,0.5,0.571428571,0.2,0.75,0,0.097560976
1,0.232876712,0.069281484,0.533333333,0,0,0.397959184,0.75,0.733333333,0.333333333,0.714285714,0,1,1,0.951219512
0,0.109589041,0.100137675,0.8,0,0,0.346938776,0.5,0.6,0.666666667,0.285714286,0.2,1,1,0.951219512
0,0.150684932,0.13706376,0.533333333,0,0,0.397959184,0.25,0.733333333,0.333333333,0.214285714,0,1,1,0.951219512
0,0.273972603,0.133229823,0.133333333,0,0,0.397959184,0.5,0.266666667,0.666666667,0.5,0.8,1,0,0.634146341
0,0.191780822,0.120067789,0.533333333,0,0.459366391,0.397959184,0.5,0.733333333,0.666666667,0.357142857,0.2,1,1,0.951219512
1,0.301369863,0.067121976,0.733333333,0,0,0.193877551,0.25,0.466666667,0.333333333,0.071428571,1,1,0,0.951219512
0,0.410958904,0.130311241,0.533333333,0,0,0.397959184,0.125,0.733333333,0.333333333,0.714285714,1,0.5,0,0.951219512
0,0.657534247,0.130587945,0.533333333,0,0,0.193877551,0.5,0.733333333,0.333333333,0.071428571,0,1,1,0.951219512
0,0.356164384,0.157478275,0,0,0,0.397959184,0.75,0.866666667,0.333333333,1,0,0.5,1,0.341463415
0,0.095890411,0.136834414,0.6,0,0,0.602040816,0,1,0.666666667,0,0.2,1,1,0.951219512
0,0.136986301,0.080524858,0.6,0,0,0.397959184,0.25,1,0.333333333,0.071428571,0.6,1,0,0.951219512
1,0.342465753,0.240338539,0.333333333,0,0,0.428571429,0.5,0,0.333333333,0.214285714,0.6,0.75,1,0.951219512
1,0.205479452,0.017504051,0.666666667,0.07298073,0,0.704081633,0.75,0.533333333,0.333333333,0.357142857,0,1,1,0.951219512
0,0.260273973,0.092427179,0.6,0,0,0.602040816,0.5,1,0.666666667,0.285714286,0.2,1,0,0.951219512
0,0.164383562,0.234670509,0.533333333,0,0,0.295918367,0.5,0.733333333,0.833333333,1,0.8,1,0,0.951219512
0,0.136986301,0.080184559,0.733333333,0,0,0.397959184,0.5,0.466666667,0.333333333,0.928571429,0,1,1,0.951219512
0,0.01369863,0.15757502,0.333333333,0,0,0.397959184,0.5,0,0.666666667,1,0.6,1,1,0.951219512
0,0.246575342,0.058656464,0.2,0,0,0.295918367,0.5,0.333333333,0.666666667,0.5,0.6,1,0,0.951219512
1,0.547945205,0.014872997,0.533333333,0,0.149908173,0.418367347,0.5,0.733333333,1,1,0.8,1,1,0.951219512
0,0.150684932,0.121757779,0.6,0,0,0.040816327,0,1,0.333333333,0,0,1,1,0.951219512
0,0.342465753,0.094979755,0.533333333,0,0,0.397959184,0.5,0.733333333,0,0.285714286,0.6,1,1,0.951219512
0,0.356164384,0.049867568,0.533333333,0,0,0.448979592,0.5,0.733333333,0.333333333,0.857142857,0,1,1,0.951219512
0,0.328767123,0.205362235,0.8,0,0.43067034,0.397959184,0.5,0.6,0.666666667,0.714285714,0.2,1,0,0.951219512
0,0.410958904,0.099965158,0.6,0,0,0.346938776,0.75,1,1,0.571428571,0.8,1,0,0.951219512
0,0.082191781,0.069711085,0.6,0,0,0.193877551,0.5,1,0.666666667,0.857142857,0.6,1,0,0.951219512
1,0.342465753,0.169105922,0.4,0,0,0.346938776,0.5,0.066666667,0.333333333,0.214285714,0,1,1,0.951219512
0,0.876712329,0.08374044,0.533333333,0,0,0.295918367,0.75,0.733333333,0.333333333,0.285714286,0,1,1,0.951219512
0,0.301369863,0.133353629,0.533333333,0,0,0.397959184,0.5,0.733333333,0,0.071428571,0.8,1,0,0.951219512
1,0.328767123,0.115501162,0.533333333,0,0,0.397959184,0.25,0.733333333,0.333333333,1,0,0.5,1,0.951219512
0,0.054794521,0.131516154,0.4,0,0,0.397959184,0,0.066666667,0.333333333,0,1,1,0,0.951219512
0,0.561643836,0.166921383,0.6,0,0,0.193877551,0.5,1,0.666666667,1,0.2,1,1,0.951219512
0,0.410958904,0.032272185,0.533333333,0,0.45959596,0.418367347,0.75,0.733333333,0.333333333,1,0,1,1,0.951219512
0,0.246575342,0.082300768,0.6,0,0,0.397959184,0.75,1,0.5,0.214285714,0.2,1,1,0.951219512
0,0.232876712,0.026559503,0.6,0,0,0.479591837,0.25,1,0.666666667,0.571428571,0.2,1,1,0.951219512
1,0.109589041,0.040999516,0.4,0,0,0.397959184,0.5,0.066666667,0.333333333,0.214285714,0,0.25,1,0.731707317
0,0.246575342,0.043677251,0.266666667,0,0,0.397959184,0.125,0.4,0.333333333,0.357142857,0,0.5,1,0.951219512
0,0.219178082,0.15390954,0,0,0,0.397959184,0.5,0.866666667,0.333333333,0.357142857,0,1,1,0.634146341
0,0.109589041,0.122815207,0.866666667,0,0,0.346938776,0.5,0.8,0.666666667,0.714285714,0.6,1,0,0.951219512
0,0.452054795,0.128338458,0.2,0,0,0.397959184,0.5,0.333333333,0.333333333,0.214285714,0,1,1,0.951219512
0,0.219178082,0.013477977,0.533333333,0,0,0.755102041,0,0.733333333,0,0,0.2,1,1,0.951219512
0,0.232876712,0.046442936,0.533333333,0,0.383838384,0.397959184,0.5,0.733333333,0.333333333,0.214285714,0,1,1,0.951219512
1,0.438356164,0.060903922,0.933333333,0.150241502,0,0.346938776,0.75,0.933333333,0.333333333,0.714285714,0,1,1,0.951219512
1,0.260273973,0.090176339,0.866666667,0,0.453856749,0.397959184,0.5,0.8,0.333333333,0.071428571,0,1,1,0.585365854
1,0.246575342,0.094410787,0.866666667,1,0,0.5,0.5,0.8,0.333333333,0.714285714,0,1,1,0.951219512
0,0,0.080294158,0.266666667,0,0,0.193877551,0,0.4,0.666666667,0,0.6,0.5,1,0.951219512
0,0.424657534,0.318632853,0.6,0,0,0.397959184,0.125,1,0.666666667,0.071428571,0.2,0.5,1,0.951219512
1,0.328767123,0.224839745,0.8,0,0,0.5,0.5,0.6,0,0.285714286,0.2,1,1,0.951219512
0,0.397260274,0.034512876,0.533333333,0,0,0.5,0.5,0.733333333,0.333333333,0.571428571,0,1,1,0.951219512
0,0,0.181572476,0.333333333,0,0,0.397959184,0,0,0.666666667,0,0.6,1,0,0.951219512
0,0.178082192,0.143545665,0.533333333,0,0,0.397959184,0.5,0.733333333,0.666666667,0.428571429,0.6,1,1,0.951219512
0,0.082191781,0.102429107,0.6,0,0,0.5,0.5,1,0.333333333,0.285714286,0,1,1,0.951219512
0,0.383561644,0.120156415,0.533333333,0,0,0.397959184,0.25,0.733333333,0.666666667,0.071428571,0.8,1,0,0.951219512
0,0.479452055,0.108703991,0.8,0,0,0.397959184,0.5,0.6,0.333333333,0.285714286,0,1,1,0.951219512
0,0.095890411,0.092724179,0.8,0,0,0.397959184,0.5,0.6,0.666666667,0.857142857,0.2,1,0,0.951219512
0,0.232876712,0.111342487,0.8,0,0,0.397959184,0.5,0.6,0.666666667,0.714285714,0.2,1,1,0.951219512
0,0,0.202705473,0.4,0,0,0.244897959,0.5,0.066666667,0.666666667,0.571428571,0.6,1,1,0.951219512
0,0.315068493,0.156479706,0.8,0,0,0.479591837,0.25,0.6,0.333333333,0.714285714,0,1,1,0.951219512
0,0.082191781,0.15753984,0.6,0,0,0.397959184,0.5,1,0.666666667,0.428571429,0.6,0.5,1,0.951219512
0,0,0.061004049,0.4,0,0,0.193877551,0.5,0.066666667,0.666666667,0.428571429,0.6,1,1,0.951219512
1,0.301369863,0.079063537,0.8,0,0,0.5,0.5,0.6,0.333333333,0.928571429,0,1,1,0.951219512
0,0.109589041,0.336632129,0.533333333,0,0,0.785714286,0.5,0.733333333,0.666666667,1,0.2,1,1,0.951219512
0,0.150684932,0.054107427,0.8,0,0,0.397959184,0.5,0.6,0.333333333,0.857142857,0,1,1,0.951219512
0,0.452054795,0.088795527,0.866666667,0,0,0.397959184,0.75,0.8,0.333333333,0.714285714,0,1,1,0.951219512
0,0.602739726,0.137782919,0.266666667,0,0,0.244897959,0.5,0.4,0,0.857142857,0.2,1,1,0.951219512
0,0.273972603,0.227878751,0.533333333,0,0,0.43877551,0.5,0.733333333,0.666666667,0.857142857,0.2,0.5,1,0.951219512
0,0.356164384,0.12184167,0.8,0,0,0.397959184,0.25,0.6,0.666666667,0.571428571,0.6,1,1,0.951219512
0,0.698630137,0.078952585,0.2,0,0,0.295918367,0.75,0.333333333,0.333333333,0.357142857,0,1,1,0.951219512
1,0.287671233,0.112872138,0.6,0,0,0.5,0.5,1,0.666666667,0.285714286,0.2,1,0,0.951219512
0,0.068493151,0.084255285,0.4,0,0,0.397959184,0.5,0.066666667,0.666666667,0.071428571,0.2,1,1,0.951219512
0,0.315068493,0.156880216,0.533333333,0,0,0.397959184,0.5,0.733333333,0.333333333,0.428571429,0,1,1,0.951219512
0,0.178082192,0.1123715,0.6,0,0,0.704081633,0.625,1,0.333333333,0.214285714,0,0.5,1,0.951219512
1,0.273972603,0.138140808,0.533333333,0,0,0.479591837,0.25,0.733333333,0.333333333,0.785714286,0,1,1,0.951219512
0,0.01369863,0.47613413,0.333333333,0,0,0.295918367,0.5,0,0.666666667,0.5,0.6,1,1,0.951219512
1,0.479452055,0.122160996,0.533333333,0,0,0.397959184,0.25,0.733333333,0.333333333,1,0,0.75,1,0.56097561
0,0.287671233,0.024225449,0.533333333,0,0,0.397959184,0.5,0.733333333,0.333333333,0.5,0,1,1,0.951219512
0,0.178082192,0.071558032,0.6,0,0,0.448979592,0.5,1,0.5,0.285714286,0.8,1,0,0.951219512
0,0.301369863,0.204126201,0.333333333,0,0.470844812,0.397959184,0.5,0,0.333333333,0.214285714,0,1,1,0.951219512
0,0.287671233,0.167569506,0.533333333,0,0,0.397959184,0.5,0.733333333,0.333333333,0.5,0,1,1,0.951219512
1,0.520547945,0.063880009,0.733333333,0,0,0.193877551,0,0.466666667,0.333333333,0,0,0.5,1,0.951219512
1,0.383561644,0.101414301,0.533333333,0,0,0.397959184,0.25,0.733333333,0.333333333,0.785714286,0,1,1,0.951219512
0,0.424657534,0.097967344,0.6,0,0,0.397959184,0.5,1,0.333333333,1,0,0.5,1,0.951219512
1,0.410958904,0.105093311,0.866666667,0,0,0.397959184,0.5,0.8,0,0.714285714,0.8,1,0,0.951219512
1,0.287671233,0.067840459,0.8,0,0,0.551020408,0.5,0.6,0.333333333,0.285714286,0,1,1,0.951219512
1,0.315068493,0.172190932,0.733333333,0,0,0.397959184,0.5,0.466666667,0,0.285714286,0.2,1,0,0.951219512
0,0.04109589,0.075512392,0.533333333,0,0,0.397959184,0.5,0.733333333,0.666666667,0.214285714,0.6,1,0,0.951219512
0,0.356164384,0.116238588,0.733333333,0,0,0.397959184,0.5,0.466666667,0.333333333,1,0,1,1,0.951219512
0,0.205479452,0.120121235,0.6,0,0,0.397959184,0.875,1,0,0.714285714,0.4,1,0,0.951219512
0,0.04109589,0.141564087,0.4,0,0,0.397959184,0.5,0.066666667,0.666666667,0.214285714,0.2,1,1,0.951219512
0,0.123287671,0.189780903,0.6,0,0,0.234693878,0.5,1,0.666666667,0.571428571,0.6,1,0,0.951219512
1,0.424657534,0.116518674,0.8,0,0,0.806122449,0,0.6,0.333333333,0,0,1,1,0.951219512
1,0.328767123,0.12738454,0.933333333,0,0.453856749,0.602040816,0.75,0.933333333,0.333333333,0.714285714,0,1,1,0.951219512
0,0.342465753,0.128007631,0.8,0,0,0.397959184,0.5,0.6,0.333333333,0.285714286,0,1,1,0.951219512
0,0.123287671,0.065121455,0.533333333,0,0,0.346938776,0.5,0.733333333,0.666666667,0.214285714,0.6,1,1,0.951219512
0,0.383561644,0.160141802,0.533333333,0,0,0.397959184,0.5,0.733333333,0.5,0.357142857,0.4,0.5,1,0.951219512
0,0.287671233,0.110264086,0.8,0,0,0.5,0.5,0.6,0.333333333,0.071428571,0,1,1,0.951219512
1,0.150684932,0.043588625,0.933333333,0,0,0.551020408,0.5,0.933333333,0.666666667,0.714285714,0.2,1,1,0.951219512
0,0.547945205,0.116896858,0.6,0,0,0.397959184,0.5,1,0.666666667,0.071428571,0.4,0.5,0,0.56097561
0,0.109589041,0,0.6,0,0,0.193877551,0,1,0.666666667,0,0.2,0,0,0.951219512
0,0.383561644,0.127314857,0.533333333,0,0,0.346938776,0.5,0.733333333,0.333333333,0.071428571,0,1,1,0.951219512
0,0.164383562,0.027298958,0.533333333,0,0,0.397959184,0.5,0.733333333,0.333333333,1,0,1,1,0.951219512
0,0.219178082,0.191715124,0.8,0,0,0.397959184,0.875,0.6,0.666666667,0.071428571,0.8,1,0,0.951219512
0,0.616438356,0.099872473,0.6,0,0,0.153061224,1,1,0.333333333,0.071428571,1,1,0,0.951219512
0,0.328767123,0.067387179,0.533333333,0,0,0.397959184,0.5,0.733333333,0.833333333,0.5,0.4,0.5,0,0.951219512
0,0.356164384,0.044976203,0.6,0,0,0.397959184,0.875,1,0,0.285714286,0.8,1,1,0.951219512
0,0.123287671,0.073054532,0.533333333,0,0,0.5,0.5,0.733333333,0.333333333,0.571428571,0,1,1,0.951219512
0,0.438356164,0.013462417,0.533333333,0,0,0.357142857,0.5,0.733333333,0,0.857142857,0.2,1,0,0.951219512
0,0.04109589,0.094446643,0.6,0,0,0.397959184,0.5,1,0.666666667,0.214285714,0.6,1,1,0.951219512
0,0.767123288,0.127590208,0.533333333,0,0,0.142857143,0,0.733333333,1,0,0.2,1,0,0.951219512
0,0.123287671,0.074615304,0.8,0,0,0.602040816,0.5,0.6,0.666666667,0.285714286,0.8,0.25,1,0.975609756
0,0.410958904,0.00585949,0.8,0,0,0.397959184,0.75,0.6,0,0.571428571,0.2,1,0,0.951219512
0,0.219178082,0.210629078,0.6,0,0,0.397959184,0.5,1,0.666666667,0.071428571,0.8,1,0,0.951219512
1,0.589041096,0.072759562,0.6,0.07298073,0,0.397959184,0.125,1,0.333333333,0.071428571,0,1,1,0.951219512
0,0.534246575,0.110121337,0.8,0,0,0.397959184,0.875,0.6,0.333333333,0.285714286,0,1,1,0.951219512
0,0.575342466,0.018342957,0.533333333,0,0,0.418367347,0.75,0.733333333,0.333333333,0.857142857,1,1,0,0.951219512
0,0.150684932,0.187026043,0.8,0,0,0.193877551,0.875,0.6,0.333333333,0.714285714,0,1,1,0.951219512
0,0.232876712,0.017157664,0.733333333,0,0,0.653061224,0.5,0.466666667,0.333333333,0.214285714,0,1,1,0.951219512
0,0.123287671,0.066823623,0.8,0,0,0.5,0.5,0.6,0.666666667,0.857142857,0.6,1,1,0.951219512
0,0.191780822,0.056961062,0.533333333,0,0,0.5,0.5,0.733333333,0.666666667,0.071428571,0.2,1,0,0.951219512
0,0.164383562,0.220326565,0.8,0,0,0.357142857,0.5,0.6,0.666666667,0.428571429,0.2,1,1,0.951219512
0,0.493150685,0.188080765,0.6,0,0.365013774,0.5,0.5,1,0,0.714285714,0.2,1,1,0.951219512
0,0.219178082,0.012986811,0.8,0,0,0.234693878,0.5,0.6,0.5,0.571428571,0.8,1,0,0.951219512
0,0.643835616,0.041743031,0.2,0,0,0.193877551,0.75,0.333333333,0.333333333,0.214285714,0,1,1,0.951219512
0,0.808219178,0.2055997,0.2,0,0,0.112244898,0.5,0.333333333,1,0.785714286,0.2,1,0,0.951219512
1,0.342465753,0.007594132,0.866666667,0,0.505280073,0.602040816,0.625,0.8,0,0.285714286,0.8,0.25,1,0.463414634
1,0.493150685,0.109475244,0.933333333,0.252362524,0,0.602040816,0.75,0.933333333,0,0.714285714,0.8,1,1,0.951219512
0,0.04109589,0.269370786,0.533333333,0,0,0.193877551,0.125,0.733333333,0.666666667,0.071428571,0.4,1,1,0.951219512
0,0.301369863,0.072481505,0.533333333,0,0.143480257,0.346938776,0.875,0.733333333,0.833333333,0.071428571,0.8,1,0,0.951219512
1,0.410958904,0.130446548,0.6,0,0,0.448979592,0.5,1,0.333333333,0.857142857,0,1,1,0.951219512
0,0.109589041,0.1508225,0.8,0,0,0.397959184,0.5,0.6,0.666666667,0.285714286,0.6,1,0,0.951219512
0,0.082191781,0.111615131,0.533333333,0,0,0.448979592,0.25,0.733333333,0.666666667,0.571428571,0.6,1,0,0.951219512
0,0.328767123,0.146935117,0.533333333,0,0,0.397959184,0.5,0.733333333,0.666666667,0.571428571,0.2,1,0,0.951219512
0,0.520547945,0.057446139,0.6,0,0,0.5,0.5,1,0,0.857142857,0.2,1,0,0.951219512
0,0.095890411,0.126695149,0.666666667,0,0,0.040816327,0.5,0.533333333,0.666666667,0.857142857,0.8,1,1,0.951219512
0,0.493150685,0.190960785,0.6,0,0,0.479591837,0.25,1,0,0.785714286,0.2,1,1,0.951219512
0,0,0.060997284,0.466666667,0,0,0.346938776,0.5,0.133333333,0.666666667,0.428571429,0.6,1,1,0.951219512
0,0.068493151,0.140008051,0.533333333,0,0.367768595,0.295918367,0,0.733333333,0.666666667,0,0.6,0.5,1,0.951219512
0,0.684931507,0.075897342,0.533333333,0,0,0.602040816,0.75,0.733333333,0.333333333,0.357142857,0,1,1,0.951219512
1,0.465753425,0.088242119,1,0.047870479,0,0.602040816,0.5,0.666666667,0,0.214285714,0.2,1,0,0.951219512
0,0.520547945,0.109854105,0.533333333,0,0,0.316326531,0.5,0.733333333,0.333333333,1,0,1,1,0.951219512
1,0.465753425,0.447515247,0.866666667,0.278282783,0,0.397959184,0.5,0.8,0.666666667,0.714285714,0.2,1,1,0.951219512
0,0.082191781,0.040307419,0.6,0,0,0.346938776,0.5,1,0.666666667,0.285714286,0.2,1,0,0.951219512
0,0.178082192,0.173326839,0.6,0,0,0.397959184,0.25,1,0.666666667,0.214285714,0.6,1,1,0.951219512
1,0.369863014,0.165826069,0.6,0,0,0.397959184,0.125,1,0.333333333,0.714285714,0,1,1,0.951219512
0,0.219178082,0.036528281,0.866666667,0,0,0.397959184,0.5,0.8,0.666666667,0.714285714,0.2,1,0,0.951219512
0,0.123287671,0.038363727,0.533333333,0,0,0.397959184,0.5,0.733333333,0.666666667,0.571428571,0.8,0.5,1,0.951219512
0,0.246575342,0.117854835,0.533333333,0,0,0.5,0.625,0.733333333,0.333333333,0.571428571,0,1,1,0.804878049
0,0.054794521,0.079078421,0.6,0,0,0.153061224,0.5,1,0.666666667,0.571428571,0.4,1,1,0.951219512
1,0.506849315,0.071299594,0.866666667,0,0,0.397959184,0.5,0.8,0.333333333,0.714285714,0,1,1,0.951219512
1,0.232876712,0.138257172,0.533333333,0,0,0.397959184,0.5,0.733333333,0.333333333,0.5,0,1,1,0.951219512
1,0.547945205,0.11430572,0.8,0,0,0.397959184,0.5,0.6,0.333333333,0.285714286,0,1,1,0.951219512
0,0.698630137,0.102198408,0.533333333,0,0,0.316326531,0.5,0.733333333,1,0.5,0.2,1,0,0.951219512
1,0.150684932,0.146766659,0.666666667,0.076880769,0,0.357142857,0.25,0.533333333,0.333333333,0.714285714,1,1,0,0.951219512
1,0.191780822,0.06239298,0.8,0,0,0.653061224,0.5,0.6,0.666666667,0.857142857,0.2,1,0,0.951219512
1,0.315068493,0.030112677,0.866666667,0.140841408,0,0.551020408,0.125,0.8,0.666666667,0.285714286,0.2,1,0,0.951219512
0,0.328767123,0.096006738,0.533333333,0,0,0.397959184,0.5,0.733333333,0.666666667,0.857142857,0.6,1,0,0.951219512
0,0.136986301,0.080516739,0.333333333,0,0,0.479591837,0.75,0,0.333333333,0.214285714,0,1,1,0.951219512
0,0.232876712,0.014093626,0.533333333,0,0,0.397959184,0.5,0.733333333,0,0.5,0.2,1,1,0.951219512
0,0.123287671,0.129214574,0.933333333,0.024630246,0,0.5,0.875,0.933333333,0.666666667,0.714285714,0.2,0.25,1,0.463414634
1,0.383561644,0.237473404,0.8,0,0,0.448979592,0.625,0.6,0.333333333,0.285714286,0,0.5,1,0.951219512
0,0.273972603,0.061692764,0.533333333,0,0,0.397959184,0.875,0.733333333,0.666666667,0.571428571,0.6,1,0,0.951219512
0,0.068493151,0.186523376,0.6,0,0,0.142857143,0,1,0.666666667,0,0.2,1,1,0.951219512
1,0.287671233,0.113240851,0.8,0,0,0.5,0.5,0.6,0.333333333,0.714285714,0,1,1,0.951219512
0,0.164383562,0.235513475,0.6,0,0.394628099,0.479591837,0.5,1,0.666666667,0.428571429,0.6,1,1,0.951219512
0,0.191780822,0.244162328,0.6,0,0,0.418367347,0.5,1,0.666666667,0.214285714,0.8,1,1,0.634146341
1,0.342465753,0.014366947,0.733333333,0,0,0.448979592,0.5,0.466666667,0.333333333,0.857142857,0,1,1,0.951219512
1,0.424657534,0.012756788,0.6,0,0.436639118,0.397959184,0.875,1,0.333333333,0.785714286,0,1,1,0.951219512
1,0.369863014,0.216570429,0.933333333,1,0,0.653061224,0.5,0.933333333,0.333333333,0.714285714,0,1,1,0.951219512
1,0.589041096,0.152242552,0.666666667,0.049340493,0,0.397959184,0.125,0.533333333,0,0.714285714,0.8,1,1,0.951219512
0,0.123287671,0.03717911,0.533333333,0,0,0.397959184,0.5,0.733333333,0.333333333,0.214285714,0,1,1,0.951219512
1,0.328767123,0.130482405,0.866666667,0,0,0.5,0.875,0.8,0.333333333,0.285714286,0,1,1,0.951219512
1,0.328767123,0.070500604,0.533333333,0.135501355,0,0.43877551,0.5,0.733333333,0,0.214285714,0.2,1,1,0.951219512
0,0.109589041,0.034984423,0.533333333,0,0,0.397959184,0.25,0.733333333,0,0.071428571,0.2,1,0,0.951219512
1,0.465753425,0.126785128,0.8,0,0.453856749,0.602040816,0.5,0.6,0.333333333,0.285714286,0,1,1,0
0,0.520547945,0.122865948,0.533333333,0,0,0.397959184,0,0.733333333,0,0,0.2,1,0,0.219512195
0,0.123287671,0.074083546,0.666666667,0,0,0.397959184,0.875,0.533333333,0,0.285714286,0.8,1,0,0.951219512
0,0.383561644,0.120556926,0.666666667,0,0,0.765306122,0.5,0.533333333,0.333333333,0.214285714,0,1,1,0.951219512
0,0.082191781,0.074258769,0.533333333,0,0,0.397959184,0.5,0.733333333,0.666666667,0.5,0.4,1,0,0.951219512
0,0.136986301,0.039490838,0.6,0,0,0.346938776,0.75,1,0.666666667,0.214285714,0.2,1,1,0.951219512
0,0.630136986,0.116387426,0.6,0,0,0.234693878,0.5,1,0.333333333,0.571428571,0,1,1,0.951219512
0,0.479452055,0.132501192,0.666666667,0,0,0.397959184,0.5,0.533333333,0.333333333,0.071428571,0,1,1,0.951219512
0,0.397260274,0.013896077,0.533333333,0,0,0.397959184,0.75,0.733333333,0.833333333,0.214285714,0.8,1,1,0.951219512
1,0.452054795,0.140134563,0.533333333,0,0,0.5,0.625,0.733333333,0.333333333,0.857142857,0,1,1,0.951219512
1,0.232876712,0.222347382,0.8,0.07298073,0,0.602040816,0.5,0.6,0.333333333,0.857142857,0,1,1,0.951219512
0,0.465753425,0.042282908,0.8,0,0,0.602040816,0.5,0.6,0,0.857142857,0.2,1,0,0.951219512
1,0.191780822,0.068383718,0.533333333,0,0,0.397959184,0.5,0.733333333,0.333333333,0.214285714,0,1,1,0.951219512
0,0.109589041,0.135325059,0.6,0,0,0.397959184,0.5,1,0.666666667,0.071428571,0.8,0.5,0,0.951219512
0,0.04109589,0.064582932,0.4,0,0,0.397959184,0.5,0.066666667,0.666666667,1,0.4,1,1,0.317073171
0,0.630136986,0.049944017,0.533333333,0,0,0.051020408,0.5,0.733333333,1,0.357142857,0.2,1,1,0.951219512
0,0.123287671,0.054721047,0.733333333,0,0,0.397959184,0.5,0.466666667,0.333333333,0.071428571,1,1,0,0.951219512
0,0.04109589,0.005258048,0.6,0,0,0.397959184,0.5,1,0.666666667,0.785714286,0.2,0,0,0.951219512
0,0.301369863,0.069686053,0.6,0,0.316804408,0.704081633,0.5,1,0,0.857142857,0.6,1,1,0.951219512
1,0.712328767,0.147574444,1,0,0,0.397959184,0.5,0.666666667,0.333333333,0.714285714,0,1,1,0.073170732
0,0.890410959,0.027491772,0.6,0,0,0.020408163,0,1,1,0,0.2,0,1,0.951219512
1,0.260273973,0.013862927,0.8,0,0.453856749,0.397959184,0.5,0.6,0.333333333,0.285714286,0,1,1,0.951219512
0,0.123287671,0.073034236,0.8,0.033250333,0,0.397959184,0.5,0.6,0.666666667,0.214285714,0.2,1,1,0.951219512
0,0.219178082,0.119324951,0.533333333,0,0,0.5,0.5,0.733333333,0.333333333,0.214285714,0,1,1,0.951219512
0,0.246575342,0.124410482,0.533333333,0,0,0.397959184,0.5,0.733333333,0.333333333,0.214285714,0,1,1,0.951219512
0,0.506849315,0.126527368,0.6,0,0,0.479591837,0.5,1,0,0.214285714,0.8,1,0,0.951219512
0,0.273972603,0.190235536,0.733333333,0,0,0.397959184,0.5,0.466666667,0.666666667,0.714285714,0.2,1,0,0.951219512
0,0.246575342,0.061997882,0.866666667,0,0,0.346938776,0.5,0.8,0.666666667,0.714285714,0.2,1,0,0.951219512
0,0.315068493,0.032923013,0.666666667,0,0,0.397959184,0.75,0.533333333,0.333333333,0.214285714,0,1,1,0.951219512
0,0.260273973,0.01295772,0.4,0,0,0.428571429,0.5,0.066666667,0.333333333,1,0,1,1,0.951219512
0,0.506849315,0.276301912,0.066666667,0,0,0.397959184,0.5,0.2,0.333333333,0.571428571,0,1,1,0.634146341
0,0.369863014,0.126456331,0.866666667,0,0,0.5,0.5,0.8,0.333333333,0.071428571,0,1,1,0.951219512
0,0.054794521,0.117017959,0.533333333,0,0,0.397959184,0.5,0.733333333,0.666666667,0.857142857,0.6,1,1,0.951219512
0,0.02739726,0.052043312,0.533333333,0,0,0.397959184,0.5,0.733333333,0.666666667,0.857142857,0.6,1,0,0.951219512
0,0.068493151,0.217082568,0.533333333,0,0,0.479591837,0.5,0.733333333,0.666666667,0.5,0.2,1,0,0.951219512
0,0.191780822,0.133388133,0.333333333,0.021050211,0,0.397959184,0.5,0,0.333333333,0.357142857,0,1,1,0.634146341
1,0.164383562,0.150656072,0.6,0,0,0.5,0.5,1,0.333333333,0.857142857,0,1,1,0.951219512
1,0.191780822,0.116379307,0.6,0,0,0.5,0.5,1,0.333333333,0.285714286,0,1,1,0.56097561
0,0.04109589,0.273197958,0.6,0,0,0.397959184,0.5,1,0.666666667,0.428571429,0.6,1,1,0.951219512
0,0.246575342,0.108624836,0.666666667,0,0,0.295918367,0.5,0.533333333,0.666666667,0.571428571,0.8,1,0,0.951219512
0,0.287671233,0.159135791,0.533333333,0,0,0.397959184,0.5,0.733333333,0.333333333,0.214285714,0,1,1,0.951219512
0,0.561643836,0.118195134,0.533333333,0,0,0.397959184,0.5,0.733333333,0.333333333,0.5,0,1,1,0.951219512
0,0.205479452,0.16235002,0.733333333,0,0,0.448979592,0.5,0.466666667,0.666666667,0.071428571,0.2,1,0,0.951219512
1,0.369863014,0.144673452,0.666666667,0,0,0.5,0.5,0.533333333,0.333333333,0.714285714,0,1,1,0.951219512
0,0.547945205,0.072065435,0.066666667,0,0.367768595,0.448979592,0.75,0.2,1,0.214285714,0.4,1,0,0.097560976
1,0.493150685,0.093023209,0.8,0.076880769,0,0.397959184,0.5,0.6,0.333333333,0.714285714,0,1,1,0.951219512
0,0.082191781,0.183211049,0.533333333,0,0,0.397959184,0.5,0.733333333,0.666666667,0.857142857,0.4,0.5,1,0.56097561
0,0.054794521,0.015775498,0.533333333,0,0,0.102040816,0.5,0.733333333,0.666666667,0.785714286,0.2,0.5,1,0.951219512
1,0.520547945,0.115129743,0.533333333,0.150241502,0,0.346938776,0.5,0.733333333,0.333333333,0.214285714,0,1,1,0.951219512
0,0.616438356,0.09409552,0.533333333,0,0,0.397959184,0.25,0.733333333,0.666666667,0.214285714,0.2,1,1,0.951219512
0,0.205479452,0.075863515,0.533333333,0,0,0.397959184,0.5,0.733333333,0.666666667,0.5,0.2,1,1,0.951219512
0,0.356164384,0.021455029,0.8,0,0,0.5,0.25,0.6,0,0.714285714,0.8,1,0,0.951219512
1,0.301369863,0.087100124,0.533333333,0,0,0.397959184,0.5,0.733333333,0.333333333,0.071428571,1,1,0,0.951219512
0,0.246575342,0.104152925,0.6,0,0,0.295918367,0.5,1,0.666666667,0.5,0.2,0.5,0,0.951219512
0,0.712328767,0.220168931,0.533333333,0,0,0.234693878,0,0.733333333,0.333333333,0,0,1,1,0.951219512
1,0.602739726,0.117281132,0.533333333,0,0,0.295918367,0.75,0.733333333,0.333333333,0.285714286,0,1,1,0.951219512
0,0.315068493,0.080202826,0.6,0,0,0.397959184,0.5,1,0.666666667,0.071428571,0.2,1,0,0.951219512
0,0.136986301,0.091445524,0.333333333,0,0,0.479591837,0.75,0,0.666666667,0.857142857,0.6,1,0,0.951219512
0,0.369863014,0.127127456,0.6,0,0,0.397959184,0.5,1,0.333333333,0.214285714,0,1,1,0.951219512
0,0.356164384,0.158010033,0.533333333,0,0,0.43877551,0.5,0.733333333,0.333333333,0.5,0,1,1,0.634146341
1,0.273972603,0.044336875,0.8,0,0,0.448979592,0.5,0.6,0.333333333,0.285714286,0,1,1,0.951219512
1,0.479452055,0.090851524,0.933333333,0,0,0.397959184,0.625,0.933333333,0.333333333,0.714285714,0,1,1,0.951219512
0,0.150684932,0.162111879,0.8,0,0,0.5,0.5,0.6,0.333333333,0.714285714,0,1,1,0.951219512
0,0.246575342,0.032462968,0.533333333,0,0,0.602040816,0.75,0.733333333,0.333333333,0.285714286,0,1,1,0.951219512
0,0.082191781,0.020580943,0.6,0,0,0.448979592,0.5,1,0.666666667,0.714285714,0.2,1,1,0.951219512
0,0.315068493,0.186519993,0.8,0,0.518365473,0.479591837,0.5,0.6,0.666666667,0.928571429,0.2,0.25,0,0.731707317
0,0.383561644,0.112736154,0.266666667,0,0,0.142857143,0.5,0.4,0.666666667,0.571428571,0.2,1,0,0.951219512
0,0.342465753,0.112475687,0.533333333,0,0,0.234693878,0.5,0.733333333,0.666666667,0.571428571,0.2,1,0,0.951219512
0,0.506849315,0.043338306,0.8,0,0,0.5,0.5,0.6,0.666666667,0.571428571,0.2,1,0,0.951219512
0,0.315068493,0.179432588,0.533333333,0,0.383149679,0.397959184,0.5,0.733333333,0.5,0.428571429,0.2,1,1,0.951219512
1,0.136986301,0.40034774,0.8,0.278282783,0,0.397959184,0.5,0.6,0.666666667,0.857142857,0.2,1,1,0.951219512
0,0.205479452,0.258723442,0.533333333,0,0,0.397959184,0.5,0.733333333,0.666666667,0.571428571,0.8,0.5,1,0.951219512
0,0.287671233,0.14417958,0.533333333,0,0,0.397959184,0.5,0.733333333,0.333333333,1,0,1,1,0.951219512
1,0.328767123,0.132195398,0.8,0,0,0.397959184,0.125,0.6,0.666666667,0.285714286,0.2,1,1,0.951219512
0,0.383561644,0.184728522,0.2,0,0,0.091836735,0.75,0.333333333,0.333333333,0.214285714,0,1,1,0.951219512
0,0.356164384,0.137566428,0.6,0,0,0.397959184,0.5,1,0.333333333,0.428571429,0,0.25,1,0.975609756
0,0.684931507,0.127579383,0.333333333,0,0,0.346938776,0,0,0.666666667,0,0.2,0.5,0,0.951219512
0,0.054794521,0.085439901,0.533333333,0,0,0.602040816,0,0.733333333,0.666666667,0,0.4,1,1,0.951219512
0,0.369863014,0.0475714,0.8,0,0,0.397959184,0.5,0.6,0.333333333,1,0,1,1,0.951219512
0,0.356164384,0.061301049,0.6,0,0,0.397959184,0.5,1,0,0.714285714,0.2,1,1,0.951219512
0,0.178082192,0.108966488,0.666666667,0,0,0.397959184,0.5,0.533333333,0.5,0.071428571,0.2,1,0,0.951219512
0,0.260273973,0.08823806,0.533333333,0,0,0.397959184,0.5,0.733333333,0.833333333,0.5,0.2,1,1,0.804878049
0,0.219178082,0.152830463,0.6,0,0,0.989795918,0.75,1,0.666666667,0.357142857,0.6,1,1,0.951219512
0,0.219178082,0.137547484,0.266666667,0,0,0.397959184,0.5,0.4,0.333333333,0.214285714,0,0.75,1,0.634146341
0,0.465753425,0.154299902,0.6,0,0,0.193877551,0.75,1,0.333333333,0.214285714,0,1,1,0.951219512
0,0.383561644,0.037501142,0.6,0,0,0.602040816,0.75,1,0.333333333,0.285714286,0,1,1,0.951219512
0,0.04109589,0.073934031,0.533333333,0,0,0.5,0.5,0.733333333,0.333333333,0.428571429,0,1,1,0.951219512
0,0.04109589,0.167760289,0.533333333,0,0,0.397959184,0.5,0.733333333,0.666666667,0.214285714,0.6,1,1,0.951219512
1,0.561643836,0.120954053,0.533333333,0,0,0.397959184,0.5,0.733333333,0.333333333,0.857142857,0,1,1,0.951219512
0,0.191780822,0.25358717,0.6,0,0,0.357142857,0.5,1,0.666666667,0.071428571,0.2,0.5,0,0.56097561
1,0.356164384,0.156065665,0.866666667,0,0,0.397959184,0.5,0.8,0.333333333,0.285714286,0,0.25,1,0.463414634
1,0.342465753,0.135628825,0.6,0,0,0.602040816,0.5,1,0.333333333,0.857142857,0,1,1,0.951219512
0,0.547945205,0.164480436,0.533333333,0,0.454545455,0.43877551,0.5,0.733333333,0,0.214285714,0.2,1,0,0.951219512
0,0.01369863,0.126222249,0.6,0,0,0.316326531,0.5,1,0.666666667,0.571428571,0.6,1,0,0.951219512
1,0.246575342,0.187498943,0.866666667,0,0,0.448979592,0.625,0.8,0.333333333,0.857142857,0,1,1,0.634146341
1,0.561643836,0.088382162,0.866666667,0,0,0.234693878,0.5,0.8,0.666666667,0.071428571,0.2,1,0,0.951219512
1,0.356164384,0.125013277,0.8,0,0,0.397959184,0.125,0.6,0.333333333,0.714285714,0,1,1,0.731707317
0,0.260273973,0.110827642,0.6,0,0,0.397959184,0.5,1,0.333333333,0.428571429,0,1,1,0.951219512
1,0.534246575,0.192614242,0.933333333,0,0,0.551020408,0.75,0.933333333,0.333333333,0.714285714,0,1,1,0.219512195
0,0.410958904,0.145472443,0.6,0,0,0.397959184,0.5,1,0,0.071428571,0.8,0.5,0,0.951219512
0,0.506849315,0.115185896,0.6,0,0,0.397959184,0.25,1,1,0.071428571,0.8,1,0,0.634146341
0,0.342465753,0.095123857,0.333333333,0,0,0.448979592,0.5,0,0.333333333,0.214285714,0,1,1,0.951219512
0,0.095890411,0.205120035,0.733333333,0,0,0.397959184,0.5,0.466666667,0.666666667,0.214285714,0.6,1,1,0.951219512
0,0.246575342,0.13786681,0.733333333,0,0,0.397959184,0.5,0.466666667,0,0.928571429,0.8,1,0,0.951219512
0,0.082191781,0.116354952,0.8,0,0,0.357142857,0.5,0.6,0.666666667,0.714285714,0.2,1,0,0.951219512
0,0.095890411,0.137908079,0.533333333,0,0,0.397959184,0.5,0.733333333,0.666666667,0.071428571,0.6,1,1,0.951219512
0,0.095890411,0.086404644,0.8,0,0,0.397959184,0.5,0.6,0.666666667,0.071428571,0.2,1,1,0.951219512
1,0.246575342,0.273632295,0.8,0,0,0.397959184,0.5,0.6,0.333333333,0.714285714,0,1,1,0
0,0,0.045596588,0.333333333,0,0,0.295918367,0.5,0,0.666666667,0.642857143,0.4,1,1,0.951219512
1,0.424657534,0.090644503,0.8,0.076880769,0,0.397959184,0.5,0.6,0.333333333,0.071428571,0,1,1,0.951219512
0,0.369863014,0.101539461,0.266666667,0,0,0.448979592,0.5,0.4,0.333333333,0.214285714,0,1,1,0.804878049
0,0.205479452,0.130642744,0.533333333,0,0,0.489795918,0.5,0.733333333,0.333333333,0.857142857,0,1,1,0.951219512
0,0,0.044865927,0.4,0,0,0.193877551,0.5,0.066666667,0.666666667,0.571428571,0.4,1,0,0.951219512
0,0.287671233,0.195829147,0.533333333,0,0,0.346938776,0.5,0.733333333,0,0.571428571,0.2,1,0,0.951219512
0,0.01369863,0.077017012,0.533333333,0,0,0.193877551,0.5,0.733333333,0.666666667,0.571428571,0.6,1,1,0.951219512
0,0.397260274,0.127636889,0.533333333,0,0,0.346938776,0.5,0.733333333,0.333333333,0.428571429,0,1,1,0.536585366
0,0.150684932,0.168755476,0.533333333,0,0,0.397959184,0.5,0.733333333,0.666666667,0.571428571,0.8,1,0,0.634146341
0,0.493150685,0.127758666,0.533333333,0,0,0.397959184,0.5,0.733333333,0.333333333,0.214285714,0,1,1,0.951219512
1,0.424657534,0.156514209,0.6,0.076880769,0,0.397959184,0.75,1,0.333333333,0.214285714,0,0,1,0.951219512
0,0.383561644,0.101906821,0.6,0,0,0.5,0.5,1,0,1,0.2,1,1,0.951219512
1,0.260273973,0.097679815,0.8,0,0.436639118,0.5,0.5,0.6,0.333333333,0.714285714,0,1,1,0.951219512
1,0.260273973,0.208729361,0.6,0,0,0.397959184,0.5,1,0.333333333,0.214285714,0,1,1,0.951219512
0,0.643835616,0.065197228,0.6,0,0.326216713,0.346938776,0.75,1,0.333333333,0.285714286,0,1,1,0.951219512
0,0.109589041,0.015928395,0.6,0,0,0.5,0,1,0,0,0.8,1,0,0.951219512
0,0.136986301,0.069468208,0.8,0,0,0.397959184,0.5,0.6,0.666666667,0.928571429,0.2,1,1,0.951219512
1,0.479452055,0.108703991,0.6,0,0,0.397959184,0.5,1,0.333333333,0.214285714,0,1,1,0.951219512
0,0.369863014,0.186824435,0.6,0,0,0.397959184,0.5,1,0.666666667,0.071428571,0.6,0.5,0,0.951219512
0,0.342465753,0.077148936,0.6,0,0,0.397959184,0.125,1,0.333333333,1,0,0.5,1,0.951219512
0,0.136986301,0.121436424,0.533333333,0,0,0.295918367,0.5,0.733333333,0.666666667,0.571428571,0.4,0.5,0,0.951219512
0,0.671232877,0.012485497,0.533333333,0,0,0.142857143,0.5,0.733333333,0.666666667,0.928571429,0.2,1,0,0.951219512
0,0.095890411,0.049222151,0.533333333,0,0,0.244897959,0.5,0.733333333,0.833333333,0.571428571,0.8,1,0,0.951219512
0,0.575342466,0.024994672,0.533333333,0,0,0.397959184,0.875,0.733333333,1,0.071428571,0.2,1,0,0.951219512
0,0.164383562,0.176981493,0.533333333,0,0,0.295918367,0.5,0.733333333,0.5,1,0.6,1,1,0.951219512
1,0.136986301,0.268558942,0.533333333,0,0,0.397959184,0.5,0.733333333,0.333333333,0.357142857,0,1,1,0.951219512
0,0.04109589,0.170032102,0.6,0,0,0.397959184,0.5,1,0.666666667,0.071428571,0.6,0.5,0,0.341463415
1,0.547945205,0.048674156,0.866666667,0,0.453856749,0.5,0.625,0.8,0.333333333,0.857142857,0,1,1,0.951219512
0,0.02739726,0.300576748,0.533333333,0,0,0.346938776,0.5,0.733333333,0.666666667,0.357142857,0.4,1,1,0.951219512
0,0.520547945,0.189984541,0.6,0,0,0.397959184,0.25,1,0.333333333,0.714285714,0,1,1,0.951219512
0,0.191780822,0.052853804,0.6,0,0,0.346938776,0.25,1,0.333333333,0.285714286,0,1,1,0.951219512
0,0.04109589,0.050916877,0.6,0,0,0.397959184,0.5,1,0.666666667,0.857142857,0.6,1,0,0.951219512
0,0.02739726,0.090591057,0.4,0,0,0.428571429,0.5,0.066666667,0.666666667,0.857142857,0.8,0,1,0.951219512
1,0.589041096,0.246725052,0.533333333,0,0,0.418367347,0.75,0.733333333,0.333333333,0.214285714,0,1,1,0.951219512
0,0.602739726,0.011348237,0.533333333,0,0,0.112244898,0,0.733333333,1,0,0.2,1,0,0.951219512
0,0.315068493,0.055252805,0.6,0,0,0.397959184,0.5,1,0.333333333,0.714285714,1,1,0,0.951219512
0,0.02739726,0.159699347,0.533333333,0,0,0.346938776,0.5,0.733333333,0.666666667,0.214285714,0.6,1,1,0.951219512
0,0.178082192,0.111839065,0.6,0,0,0.357142857,0.5,1,0.666666667,0.571428571,0.8,1,0,0.951219512
1,0.301369863,0.12980925,0.6,0.051780518,0,0.602040816,0.5,1,0.333333333,0.857142857,0,1,1,0.951219512
0,0.383561644,0.182412059,0.533333333,0,0,0.479591837,0.625,0.733333333,0.333333333,0.214285714,0,1,1,0.951219512
0,0.328767123,0.114155529,0.533333333,0,0,0.397959184,0.5,0.733333333,0,0.428571429,0.8,1,0,0.951219512
0,0.04109589,0.090940827,0.6,0,0,0.295918367,0.5,1,0.333333333,0.857142857,0.4,1,0,0.951219512
0,0.01369863,0.214306059,0.4,0,0,0.142857143,0.5,0.066666667,0.666666667,0.071428571,0.6,1,0,0.951219512
1,0.232876712,0.088958572,0.866666667,0,0,0.448979592,0.5,0.8,0.666666667,0.714285714,0.2,0.5,1,0
0,0.684931507,0.093518434,0.2,0,0,0.234693878,0.5,0.333333333,0.333333333,0.214285714,0,1,1,0.951219512
0,0.397260274,0.178272327,0.8,0,0,0.397959184,0.5,0.6,0.666666667,0.285714286,0.8,0.5,0,0.951219512
1,0.301369863,0.147056217,0.8,0,0,0.5,0.25,0.6,0.333333333,0.714285714,0,1,1,0.951219512
0,0.219178082,0.201137936,0.533333333,0,0,0.397959184,0.5,0.733333333,0.666666667,0.571428571,0.2,0.5,1,0.56097561
0,0,0.091417785,0.133333333,0,0,0.295918367,0.5,0.266666667,0.666666667,0.571428571,0.2,1,1,0.951219512
0,0.671232877,0.115074267,0.2,0,0,0.295918367,0,0.333333333,0.333333333,0,0,1,1,0.951219512
0,0,0.058978496,0.4,0,0,0.193877551,0.5,0.066666667,0.666666667,0.571428571,0.6,0,0,0.951219512
0,0.04109589,0.114656843,0.533333333,0,0,0.397959184,0.5,0.733333333,0.666666667,0.071428571,0.6,1,0,0.951219512
1,0.342465753,0.132454511,0.8,0.07298073,0,0.397959184,0.5,0.6,0.333333333,0.071428571,0,0.75,1,0.634146341
0,0.082191781,0.088139962,0.533333333,0,0,0.397959184,0.5,0.733333333,0.666666667,0.214285714,0.6,1,1,0.951219512
0,0.136986301,0.13340437,0.8,0,0,0.5,0.5,0.6,0.666666667,0.285714286,0.2,1,1,0.951219512
0,0.342465753,0.237671629,0.533333333,0,0,0.397959184,0.5,0.733333333,0,0.214285714,0.8,1,1,0.951219512
0,0.068493151,0.141478166,0.6,0,0,0.193877551,0.5,1,0.666666667,0.571428571,0.2,1,0,0.951219512
0,0.397260274,0.111512974,0.733333333,0,0,0.265306122,0.5,0.466666667,1,0.714285714,0.8,1,0,0.951219512
1,0.356164384,0.06797712,0.533333333,0.086140861,0,0.428571429,0.5,0.733333333,0.666666667,0.071428571,0.8,1,0,0.951219512
1,0.493150685,0.074910274,0.866666667,0,0,0.602040816,0.875,0.8,0.333333333,0.285714286,0,1,1,0.951219512
0,0.260273973,0.016473684,0.6,0,0,0.244897959,0,1,0.666666667,0,0.8,1,0,0.951219512
0,0.109589041,0.14242126,0.6,0,0,0.397959184,0.875,1,0.333333333,0.785714286,0,1,1,0.951219512
0,0.109589041,0.172615798,0.8,0,0,0.551020408,0.5,0.6,0.666666667,0.714285714,0.6,0.5,0,0.951219512
0,0.054794521,0.146378326,0.6,0,0,0.193877551,0,1,0.666666667,0,0.6,1,1,0.951219512
0,0.136986301,0.056245962,0.6,0,0,0.602040816,0.75,1,0.333333333,0.214285714,0,1,1,0.951219512
0,0.575342466,0.031921738,0.866666667,0,0,0.397959184,0.5,0.8,0.333333333,0.928571429,0,1,1,0.487804878
0,0.02739726,0.041423705,0.533333333,0,0,0.295918367,0.75,0.733333333,0.666666667,0.071428571,0.6,0.25,0,0.951219512
0,0.01369863,0.037553235,0.533333333,0,0,0.602040816,0,0.733333333,0.666666667,0,0.6,1,0,0.951219512
0,0.04109589,0.12042703,0.6,0,0,0.346938776,0,1,0.666666667,0,0.6,1,1,0.951219512
0,0.287671233,0.118232343,0.4,0,0,0.448979592,0.5,0.066666667,0.333333333,0.214285714,0,1,1,0.951219512
0,0.561643836,0.112849136,0.8,0,0,0.397959184,0.875,0.6,0.333333333,0.071428571,1,1,0,0.951219512
0,0.273972603,0.15324721,0.533333333,0,0,0.397959184,0.5,0.733333333,0,0.928571429,0.2,1,1,0.951219512
0,0.054794521,0.034918799,0.4,0,0,0.397959184,0.5,0.066666667,0.666666667,0.071428571,0.4,1,0,0.951219512
1,0.383561644,0.20758669,0.8,0.140841408,0,0.448979592,0.75,0.6,0.666666667,0.857142857,0.2,1,1,0.951219512
0,0.04109589,0.167247474,0.6,0,0,0.193877551,0.5,1,0.666666667,0.857142857,0.6,1,0,0.951219512
0,0.178082192,0.084784337,0.533333333,0.050130501,0,0.397959184,0.5,0.733333333,0.333333333,1,0,1,1,0.951219512
0,0.02739726,0.132453158,0.6,0,0,0.397959184,0,1,0.666666667,0,0.6,1,0,0.951219512
0,0.164383562,0.085454785,0.733333333,0,0,0.397959184,0.625,0.466666667,0.666666667,0.714285714,0.4,0.5,0,0.951219512
1,0.780821918,0.12641168,0.8,0.158311583,0,0.071428571,0.75,0.6,1,0.214285714,0.2,1,1,0.268292683
0,0.589041096,0.088380809,0.533333333,0,0,0.5,0.5,0.733333333,0.333333333,0.214285714,0,1,1,0.951219512
1,0.479452055,0.064810925,0.866666667,0,0,0.5,0.25,0.8,0.333333333,0.714285714,0,1,1,0.951219512
0,0.123287671,0.081920554,0.8,0,0,0.43877551,0,0.6,0.666666667,0,0.6,1,1,0.951219512
0,0.109589041,0.232768763,0.8,0,0,0.397959184,0.5,0.6,0.666666667,0.071428571,0.6,1,0,0.951219512
0,0.191780822,0.032099667,0.533333333,0,0,0.397959184,0.125,0.733333333,0.333333333,0.357142857,0,0,1,0.951219512
0,0.191780822,0.025814636,0.6,0,0,0.316326531,0.25,1,0.666666667,0.285714286,0.6,0,0,0.951219512
0,0.04109589,0.249140967,0.733333333,0,0,0.193877551,0.5,0.466666667,0.666666667,1,0.6,1,1,0.951219512
0,0.04109589,0.054514026,0.533333333,0,0,0.397959184,0.5,0.733333333,0,0.5,0.2,1,1,0.951219512
0,0.835616438,0.299053863,0.066666667,0,0,0.193877551,0.5,0.2,1,0.428571429,0.4,1,1,0.658536585
0,0.397260274,0.26977062,0.333333333,0,0,0.346938776,0.5,0,0,0.857142857,0.8,1,0,0.951219512
0,0.068493151,0.310643624,0.8,0,0,0.071428571,0.125,0.6,0.666666667,0.928571429,0.6,1,1,0.951219512
0,0.164383562,0.078694148,0.533333333,0,0,0.397959184,0.5,0.733333333,0.333333333,0.214285714,0,0.25,1,0.951219512
0,0.082191781,0.126546987,0.666666667,0,0,0.5,0.5,0.533333333,0.666666667,0.214285714,0.8,1,1,0.951219512
0,0.657534247,0.045319207,0.6,0,0,0.051020408,0,1,1,0,0.2,0.25,0,0.951219512
0,0.068493151,0.080512003,0.533333333,0,0,0.193877551,0.5,0.733333333,0.666666667,0.571428571,0.2,1,1,0.951219512
1,0.328767123,0.075234336,0.666666667,0,0,0.397959184,0.5,0.533333333,0.333333333,0.928571429,0,1,1,0.951219512
0,0.328767123,0.11688671,0.533333333,0,0,0.397959184,0.5,0.733333333,0.666666667,0.285714286,0.8,1,0,0.951219512
0,0.698630137,0.110011738,0.533333333,0,0,0.397959184,0.5,0.733333333,0.333333333,0.571428571,0,1,1,0.951219512
1,0.095890411,0.235294277,0.4,0,0,0.397959184,0.5,0.066666667,0.666666667,0.714285714,0.6,1,1,0.951219512
0,0.232876712,0.120124618,0.533333333,0,0,0.397959184,0.875,0.733333333,0.333333333,0.071428571,0,1,1,0.951219512
1,0.301369863,0.105162995,0.8,0,0,0.397959184,0.5,0.6,0.333333333,0.285714286,0,1,1,0.951219512
1,0.260273973,0.006738312,0.533333333,0,0,0.397959184,0.5,0.733333333,0.333333333,0.857142857,0,1,1,0.951219512
0,0.109589041,0.152072065,0.6,0,0,0.37755102,0.5,1,0,0.571428571,0.6,0.5,1,0.951219512
0,0.219178082,0.183556083,0.133333333,0,0,0.591836735,0.5,0.266666667,0.333333333,0.571428571,0,1,1,0.634146341
0,0.164383562,0.082894768,0.533333333,0,0,0.5,0.5,0.733333333,0.333333333,0.214285714,0,1,1,0.951219512
1,0.424657534,0.078824043,0.733333333,0,0,0.397959184,0.5,0.466666667,0.333333333,0.285714286,0,1,1,0.951219512
0,0.328767123,0.219440301,0.6,0,0,0.806122449,0.5,1,0,0.285714286,0.2,1,0,0.951219512
0,0.109589041,0.042942532,0.6,0.033250333,0,0.397959184,0.5,1,0.666666667,0.071428571,0.2,1,1,0.951219512
1,0.342465753,0.222819605,0.8,0,0,0.397959184,0.875,0.6,0.333333333,0.714285714,0,1,1,0.951219512
0,0.547945205,0.152495577,0.533333333,0,0,0.397959184,0.5,0.733333333,0.333333333,0.571428571,0,1,1,0.634146341
0,0.068493151,0.087107566,0.533333333,0,0,0.346938776,0.5,0.733333333,0.666666667,0.857142857,0.6,0.5,0,0.951219512
1,0.287671233,0.076887116,0.866666667,0,0,0.397959184,0.125,0.8,0.333333333,0.714285714,0,1,1,0.487804878
0,0.232876712,0.066429879,0.533333333,0,0,0.397959184,0.5,0.733333333,0.333333333,0.071428571,0,1,1,0.951219512
0,0.561643836,0.080121641,0.866666667,0,0,0.5,0.75,0.8,0.333333333,0.285714286,0,1,1,0.951219512
0,0.04109589,0.040436637,0.6,0,0,0.397959184,0.5,1,0.666666667,0.071428571,0.2,1,0,0.951219512
0,0.273972603,0.12597599,0.533333333,0,0,0.397959184,0.5,0.733333333,0.666666667,0.428571429,0.6,1,1,0.951219512
0,0.273972603,0.160091738,0.066666667,0,0,0.663265306,0.5,0.2,0.333333333,0.071428571,0,1,1,0.634146341
1,0.232876712,0.13002033,0.866666667,0,0,0.5,0.5,0.8,0.333333333,0.285714286,0,1,1,0.951219512
0,0.424657534,0.068542028,0.6,0,0,0.397959184,0.5,1,0.833333333,0.071428571,0.4,0.5,0,0.951219512
0,0.164383562,0.134410381,0.733333333,0,0,0.397959184,0.5,0.466666667,0.333333333,0.071428571,0,1,1,0.951219512
1,0.260273973,0.0064359,0.8,0.150241502,0,0.397959184,0.875,0.6,0.333333333,0.785714286,0,1,1,0.268292683
0,0.328767123,0.146715919,0.533333333,0,0,0.602040816,0.75,0.733333333,0.666666667,0.571428571,0.2,0.5,1,0.56097561
0,0.287671233,0.130058893,0.533333333,0,0,0.5,0.5,0.733333333,0.333333333,0.214285714,0,1,1,0.951219512
0,0.328767123,0.11245742,0.8,0,0,0.448979592,0.75,0.6,0,0.857142857,0.2,1,1,0.951219512
0,0.589041096,0.143668794,0.333333333,0,0,0.397959184,0.5,0,0.333333333,0.857142857,0,1,1,0.951219512
0,0.671232877,0.041429117,0.6,0,0,0.397959184,0.5,1,0.333333333,0.857142857,0,1,1,0
0,0.260273973,0.103248394,0.533333333,0,0,0.397959184,0.5,0.733333333,0.333333333,0.285714286,0,1,1,0.951219512
0,0.123287671,0.114592572,0.533333333,0,0,0.397959184,0.5,0.733333333,0.666666667,0.428571429,0.6,1,0,0.951219512
0,0.369863014,0.100153236,0.533333333,0,0,0.397959184,0.5,0.733333333,0.666666667,0.214285714,0.2,0.5,1,0.951219512
0,0.342465753,0.013081526,0.733333333,0,0,0.397959184,0.125,0.466666667,0,0.071428571,0.2,1,0,0.951219512
0,0.191780822,0.112528457,0.8,0,0,0.397959184,0.5,0.6,0.333333333,0.714285714,0,1,1,0.951219512
0,0.109589041,0.133344834,0.533333333,0,0,0.316326531,0.75,0.733333333,0.666666667,0.571428571,0.4,1,1,0.951219512
1,0.342465753,0.158806318,0.533333333,0,0,0.397959184,0.5,0.733333333,0.333333333,0.214285714,0,0.5,1,0.951219512
0,0.589041096,0.030502363,0.2,0,0,0.397959184,0.5,0.333333333,0.333333333,0.214285714,0,1,1,0.951219512
0,0.383561644,0.187524651,0.4,0,0,0.397959184,0.5,0.066666667,1,0.571428571,0.8,1,0,0.951219512
1,0.630136986,0.159460529,0.933333333,0,0,0.295918367,0,0.933333333,0.333333333,0,0,1,1,0.951219512
0,0.178082192,0.120067789,0.8,0,0,0.397959184,0.5,0.6,0.666666667,0.857142857,0.2,1,1,0.951219512
0,0.410958904,0.137608373,0.533333333,0,0,0.5,0.5,0.733333333,0.333333333,0.214285714,0,0.5,1,0.951219512
0,0.328767123,0.009683279,0.533333333,0,0,0.397959184,0.75,0.733333333,0,0.214285714,0.2,1,1,0.951219512
0,0.01369863,0.12813685,0.4,0,0,0.030612245,0.125,0.066666667,0.666666667,0.5,0.6,1,1,0.951219512
0,0.150684932,0.22864865,0.066666667,0,0,0.397959184,0.5,0.2,0.666666667,0.642857143,0.2,1,0,0.634146341
0,0.301369863,0.224013693,0.533333333,0,0,0.357142857,0.5,0.733333333,0.333333333,0.857142857,1,1,0,0.951219512
0,0.123287671,0.142047811,0.533333333,0,0,0.704081633,0.5,0.733333333,0.666666667,0.214285714,0.2,1,1,0.951219512
0,0.01369863,0.093626003,0.333333333,0,0,0.397959184,0.5,0,0.666666667,0.857142857,0.6,1,1,0.951219512
1,0.520547945,0.039343353,0.866666667,0,0,0.244897959,0.5,0.8,0.333333333,0.714285714,0,1,1,0.951219512
0,0.219178082,0.084830341,0.533333333,0,0,0.397959184,0.75,0.733333333,0.333333333,0.571428571,0,0.5,1,0.951219512
0,0.191780822,0.072173681,0.533333333,0,0,0.173469388,0.5,0.733333333,0.666666667,0.214285714,0.6,1,1,0.951219512
0,0.315068493,0.063308335,0.8,0.054550546,0,0.397959184,0.25,0.6,0,0.714285714,0.8,1,0,0.951219512
1,0.301369863,0.068462873,0.8,0,0,0.448979592,0.5,0.6,0.333333333,0.285714286,0,1,1,0.951219512
1,0.369863014,0.073060621,0.866666667,0,0,0.37755102,0.5,0.8,0.333333333,0.285714286,0,1,1,0.951219512
0,0.383561644,0.159049871,0.6,0,0,0.5,0.5,1,0.333333333,0.285714286,0,1,1,0.951219512
0,0.068493151,0.077488558,0.8,0,0,0.602040816,0.5,0.6,0.666666667,0.071428571,0.6,1,0,0.951219512
0,0.301369863,0.147514909,0.533333333,0,0,0.346938776,0.5,0.733333333,0.333333333,0.214285714,0,1,1,0.951219512
1,0.520547945,0.126463097,0.6,0.051780518,0,0.397959184,0.5,1,0.333333333,0.071428571,1,1,0,0.951219512
0,0.150684932,0.082727663,0.8,0,0,0.448979592,0.5,0.6,0.333333333,0.285714286,0,1,1,0.951219512
0,0.164383562,0.089794096,0.6,0,0,0.397959184,0.5,1,0.666666667,0.214285714,0.6,1,1,0.951219512
0,0.260273973,0.118076063,0.866666667,0,0,0.5,0,0.8,0.333333333,0,0,1,1,0.951219512
0,0.657534247,0.194307615,0.4,0.01797018,0,0.397959184,0,0.066666667,0.333333333,0,0,1,1,0.951219512
0,0.178082192,0.226559503,0.533333333,0,0,0.602040816,0.5,0.733333333,0.666666667,0.285714286,0.2,1,1,0.951219512
0,0.561643836,0.094461527,0.533333333,0,0,0.397959184,0.5,0.733333333,1,0.071428571,0.8,1,0,0.951219512
1,0.219178082,0.126089648,0.533333333,1,0,0.56122449,0.5,0.733333333,0.333333333,0.5,0,1,1,0.951219512
1,0.082191781,0.018968754,0.6,0,0,0.397959184,0.75,1,0.333333333,0.214285714,0,1,1,0.951219512
0,0.301369863,0.091477997,0.533333333,0,0,0.397959184,0.5,0.733333333,0.333333333,0.714285714,1,0.5,0,0.951219512
0,0.452054795,0.111171323,0.6,0,0,0.448979592,0.5,1,0,0.571428571,0.2,1,1,0.951219512
0,0.123287671,0.091626159,0.8,0,0,0.193877551,0.875,0.6,0.666666667,0.714285714,0.2,0.25,1,0.463414634
0,0.04109589,0.081085707,0.333333333,0,0,0.295918367,0.5,0,0.666666667,0.428571429,0.6,1,1,0.951219512
1,0.369863014,0.052970845,0.8,0,0,0.5,0.5,0.6,0.333333333,0.214285714,0,1,1,0.951219512
0,0.506849315,0.153554358,0.6,0,0,0.397959184,0.875,1,0.333333333,0.071428571,0,1,1,0.951219512
1,0.575342466,0.014504961,0.266666667,0,0,0.397959184,0.5,0.4,0.333333333,0.285714286,0,1,1,0.951219512
1,0.520547945,0.012415137,0.533333333,0.043860439,0,0.397959184,0.25,0.733333333,0.333333333,0.214285714,0,1,1,0.951219512
0,0.219178082,0.091613305,0.533333333,0,0,0.397959184,0.5,0.733333333,0.333333333,0.214285714,0,0.75,1,0.951219512
0,0.452054795,0.015121963,0.266666667,0,0.45959596,0.397959184,0.875,0.4,0.333333333,0.714285714,0,1,1,0.951219512
0,0.397260274,0.106051965,0.333333333,0,0,0.244897959,0.5,0,0.666666667,0.571428571,0.2,1,0,0.170731707
0,0.136986301,0.113407955,0.8,0,0,1,0.5,0.6,0.666666667,0.285714286,0.6,1,0,0.951219512
0,0.191780822,0.119866181,0.733333333,0,0,0.408163265,0.5,0.466666667,0,0.071428571,0.8,1,0,0.951219512
0,0.219178082,0.120576545,0.533333333,0,0,0.295918367,0.5,0.733333333,0.666666667,0.214285714,0.2,1,1,0.951219512
1,0.369863014,0.218452556,0.466666667,0,0,0.397959184,0.75,0.133333333,0.333333333,0.428571429,0,0.5,1,0.951219512
1,0.808219178,0.213746562,0.8,0.055560556,0,0.12244898,0.5,0.6,0.333333333,0.071428571,0,1,1,0.951219512
1,0.630136986,0.123842191,0.8,0.150241502,0,0.448979592,0.5,0.6,0.333333333,0.285714286,0,1,1,0.951219512
0,0.260273973,0.239991476,0.2,0,0,0.346938776,0.75,0.333333333,0.333333333,0.214285714,0,1,1,0.951219512
1,0.410958904,0.106394969,0.533333333,0,0,0.397959184,0.5,0.733333333,0.333333333,0.214285714,0,1,1,0.951219512
0,0.068493151,0.036033732,0.6,0,0,0.397959184,0.125,1,0.666666667,0.285714286,0.2,0.5,1,0.951219512
1,0.205479452,0.111971667,0.8,0,0,0.479591837,0.5,0.6,0,0.285714286,0.2,1,0,0.951219512
0,0.068493151,0.153926454,0.666666667,0,0,0.397959184,0.5,0.533333333,0.666666667,0.571428571,0.4,1,0,0.634146341
0,0.397260274,0.08232377,0.866666667,0,0,0.397959184,0.25,0.8,0,0.714285714,0.2,0,1,0.951219512
0,0.369863014,0.11805915,0.866666667,0,0,0.479591837,0.5,0.8,0.333333333,0.285714286,0,1,1,0.951219512
1,0.575342466,0.06322918,0.666666667,0,0,0.448979592,0.5,0.533333333,0.333333333,0.5,0,1,1,0.951219512
0,0.438356164,0.210733265,0.4,0,0,0.397959184,0.5,0.066666667,0.333333333,0.642857143,0.4,1,0,0.951219512
0,0.260273973,0.130646804,0.533333333,0,0,0.030612245,0,0.733333333,1,0,0.2,1,0,0.951219512
1,0.438356164,0.359672285,0.533333333,0,0,0.418367347,0.5,0.733333333,0.333333333,0.214285714,0,1,1,0.951219512
1,0.506849315,0.257084868,0.733333333,0,0,0.5,0.75,0.466666667,0.333333333,0.857142857,0,1,1,0.951219512
0,0.273972603,0.014312148,0.533333333,0,0,0.397959184,0.5,0.733333333,0.833333333,0.571428571,0.8,1,0,0.951219512
0,0.02739726,0.100483386,0.533333333,0,0,0.37755102,0.5,0.733333333,0.666666667,0.857142857,0.6,1,1,0.951219512
0,0.219178082,0.153429199,0.8,0,0,0.459183673,0.5,0.6,0.666666667,0.5,0.2,1,1,0.951219512
0,0.164383562,0.048343329,0.533333333,0,0,0.448979592,0.5,0.733333333,0,0.571428571,0.8,1,0,0.951219512
1,0.246575342,0.172910092,0.533333333,0,0.433195592,0.5,0.5,0.733333333,0.333333333,0.857142857,0,0.25,1,0.487804878
1,0.520547945,0.076255907,0.866666667,0,0,0.397959184,0.5,0.8,0,0.285714286,0.8,1,1,0.951219512
0,0.671232877,0.1938611,0.666666667,0,0,0.5,0.75,0.533333333,0.333333333,0.714285714,0,1,1,0.951219512
0,0.287671233,0.126229691,0.4,0,0,0.397959184,0.75,0.066666667,0.333333333,0.214285714,0,1,1,0.951219512
1,0.328767123,0.083059167,0.866666667,0.105201052,0,0.37755102,0.5,0.8,1,0.714285714,0.2,1,0,0.951219512
0,0.260273973,0.10389584,0.8,0,0,0.397959184,0.75,0.6,0.333333333,0.857142857,0,1,1,0.268292683
1,0.424657534,0.180932471,0.533333333,0.03103031,0,0.479591837,0.5,0.733333333,0.333333333,0.5,0,1,1,0.951219512
0,0.136986301,0.159274481,0.8,0,0.518365473,0.551020408,0.5,0.6,0.666666667,0.857142857,0.2,1,0,0.951219512
0,0.178082192,0.036286081,0.533333333,0,0,0.397959184,0.5,0.733333333,0.666666667,0.285714286,0.2,0.5,1,0.951219512
0,0.150684932,0.201121699,0.533333333,0,0,0.193877551,0.5,0.733333333,0.666666667,0.071428571,0.8,1,0,0.951219512
0,0.410958904,0.015000863,0.2,0,0,0.091836735,0,0.333333333,0.333333333,0,0,1,1,0.951219512
0,0.054794521,0.125361017,0.6,0,0,0.397959184,0,1,0.666666667,0,0.6,1,0,0.951219512
0,0.068493151,0.110065861,0.666666667,0,0,0.357142857,0.5,0.533333333,0.666666667,0.928571429,0.6,1,0,0.951219512
0,0.301369863,0.206444695,0.533333333,0,0,0.397959184,0.5,0.733333333,0.666666667,0.285714286,0.6,1,1,0.951219512
0,0.342465753,0.037181139,0.533333333,0,0,0.5,0.5,0.733333333,0.333333333,0.214285714,0,1,1,0.780487805
0,0.232876712,0.117172886,0.733333333,0,0,0.397959184,0.5,0.466666667,0.666666667,0.071428571,0.6,1,0,0.951219512
0,0.123287671,0.17207998,0.8,0,0,0.397959184,0.625,0.6,0.666666667,0.071428571,0.2,1,0,0.951219512
0,0.04109589,0.161249294,0.6,0,0,0.193877551,0.5,1,0.666666667,0.857142857,0.2,1,0,0.951219512
1,0.356164384,0.106282664,0.8,0,0,0.448979592,0.5,0.6,0.333333333,0.285714286,0,1,1,0.951219512
0,0.205479452,0.12660111,0.8,0,0,0.397959184,0.5,0.6,0.333333333,0.714285714,0,1,1,0.951219512
0,0.123287671,0.102092192,0.6,0,0,0.397959184,0.5,1,0,0.214285714,0.6,1,1,0.951219512
0,0.369863014,0.182514216,0.2,0,0,0.397959184,0.5,0.333333333,0.333333333,0.214285714,0,1,1,0.951219512
0,0.178082192,0.096246233,0.866666667,0,0,0.653061224,0.25,0.8,0,0.714285714,0.8,1,0,0.951219512
0,0.068493151,0.025554845,0.6,0,0,0.346938776,0.5,1,0.666666667,0.071428571,0.2,1,0,0.951219512
0,0.219178082,0.12042703,0.666666667,0,0,0.56122449,0.25,0.533333333,0.666666667,0.785714286,0.2,1,1,0.951219512
0,0.068493151,0.132387534,0.6,0,0,0.346938776,0.5,1,0.666666667,0.285714286,0.6,0.5,1,0.951219512
0,0.178082192,0.197007675,0.6,0,0,0.397959184,0.25,1,0.666666667,1,0.8,0.5,0,0.951219512
0,0.01369863,0.057528,0.533333333,0,0,0.346938776,0,0.733333333,0.666666667,0,0.6,1,0,0.951219512
1,0.493150685,0.109475244,0.533333333,0,0,0.397959184,0.5,0.733333333,0.333333333,0.214285714,0,1,1,0.951219512
0,0.123287671,0.234786874,0.6,0,0,0.5,0.5,1,0.333333333,0.857142857,0,1,1,0
1,0.479452055,0.105711667,0.533333333,0,0,0.397959184,0.125,0.733333333,0.333333333,0.5,0,1,1,0.951219512
0,0.205479452,0.016877577,0.6,0,0,0.397959184,0.5,1,0.333333333,0.071428571,0,1,1,0.951219512
1,0.287671233,0.013735061,0.8,0,0,0.5,0.25,0.6,0.333333333,0.285714286,0,0,1,0.951219512
0,0.219178082,0.019839458,0.533333333,0,0,0.397959184,0.5,0.733333333,0.833333333,0.214285714,0.2,1,1,0.951219512
1,0.205479452,0.061953908,0.8,0,0,0.5,0.5,0.6,0.333333333,0.285714286,0,1,1,0.951219512
0,0.068493151,0.023852001,0.6,0,0,0.193877551,0.75,1,0.666666667,0.857142857,0.6,1,1,0.951219512
0,0.301369863,0.243448581,0.866666667,0.050130501,0,0.56122449,0.875,0.8,0.333333333,0.714285714,0,0.5,1,0.951219512
1,0.232876712,0.16796731,0.533333333,0,0,0.551020408,0.5,0.733333333,0.333333333,0.214285714,0,1,1,0.951219512
0,0.109589041,0.112682707,0.8,0,0,0.142857143,0.5,0.6,0.666666667,0.714285714,0.6,1,0,0.951219512
0,0.383561644,0.124255555,0.533333333,0,0,0.397959184,0.5,0.733333333,0.333333333,0.214285714,0,1,1,0.951219512
1,0.356164384,0.109795246,0.8,0,0.359044995,0.448979592,0.5,0.6,0,0.285714286,0.2,1,1,0.951219512
0,0.589041096,0.073635678,0.333333333,0,0,0.397959184,0.5,0,1,0.857142857,0.2,1,0,0.951219512
0,0.273972603,0.164625892,0.533333333,0,0,0.5,0.5,0.733333333,0.833333333,0.214285714,0.2,1,1,0.951219512
1,0.369863014,0.131682582,0.8,0.076880769,0,0.397959184,0.125,0.6,0.333333333,0.285714286,0,1,1,0.951219512
0,0.219178082,0.099476022,0.533333333,0,0,0.397959184,0.5,0.733333333,0,0.571428571,0.8,1,1,0.951219512
0,0.712328767,0.358194051,0.6,0.020500205,0,0.234693878,0.5,1,1,0.071428571,0.2,1,0,0.951219512
0,0.191780822,0.058421706,0.533333333,0,0,0.397959184,0.5,0.733333333,0.666666667,0.214285714,0.8,1,1,0.951219512
0,0.109589041,0.093225493,0.8,0,0,0.193877551,0.875,0.6,0.666666667,0.714285714,0.2,1,1,0.951219512
0,0.232876712,0.013735061,0.6,0,0,0.397959184,0.25,1,0.333333333,0.285714286,0,0,1,0.951219512
0,0.123287671,0.073576819,0.733333333,0,0,0.397959184,0.5,0.466666667,0.666666667,0.285714286,0.6,0.5,0,0.951219512
0,0.095890411,0.138201696,0.533333333,0,0,0.397959184,0.5,0.733333333,0.333333333,0.5,1,1,0,0.951219512
1,0.643835616,0.013220216,0.533333333,0,0,0.448979592,0.75,0.733333333,0.333333333,0.285714286,0,1,1,0.951219512
1,0.315068493,0.119074632,0.933333333,0,0,0.397959184,0.5,0.933333333,0.333333333,0.714285714,0,1,1,0.951219512
1,0.465753425,0.108068046,0.866666667,0,0,0.397959184,0.875,0.8,0.666666667,0.714285714,0.2,1,1,0.951219512
1,0.438356164,0.173061636,0.8,0,0,0.255102041,0.5,0.6,0.333333333,0.857142857,0,1,1,0.951219512
0,0.410958904,0.107922591,0.533333333,0,0,0.397959184,0.25,0.733333333,0,0.071428571,0.2,1,0,0.951219512
1,0.232876712,0.130014241,1,0,0,0.602040816,0.5,0.666666667,0.333333333,0.714285714,0,1,1,0.951219512
1,0.547945205,0.279326033,0.866666667,0.150241502,0,0.397959184,0.125,0.8,0.333333333,0.857142857,0,1,1,0.951219512
0,0.465753425,0.084254608,0.533333333,0,0,0.316326531,0.25,0.733333333,0.333333333,0.285714286,1,1,0,0.951219512
1,0.109589041,0.160848784,0.533333333,0,0,0.397959184,0.5,0.733333333,0.333333333,0.071428571,0,1,1,0.951219512
0,0.424657534,0.116633009,0.533333333,0,0,0.173469388,0,0.733333333,0.666666667,0,0.6,1,0,0.951219512
0,0.095890411,0.199057583,0.533333333,0,0,0.397959184,0.125,0.733333333,0.666666667,0.071428571,0.2,1,0,0.951219512
1,0.328767123,0.071663572,0.8,0.03103031,0,0.397959184,0.5,0.6,0.333333333,0.214285714,0,1,1,0.951219512
1,0.287671233,0.140922729,0.533333333,0,0,0.551020408,0.5,0.733333333,0.333333333,0.285714286,0,1,1,0.951219512
0,0.479452055,0.011990271,0.866666667,0,0,0.448979592,0.75,0.8,0.333333333,0.357142857,0,1,1,0.951219512
0,0.616438356,0.202961881,0.933333333,0,0,0.346938776,0.875,0.933333333,0,0.714285714,0.2,1,0,0.951219512
0,0.109589041,0.132487662,0.8,0,0,0.397959184,0.5,0.6,0.666666667,0.714285714,0.4,1,1,0.951219512
0,0.109589041,0.081920554,0.533333333,0,0,0.602040816,0.5,0.733333333,0.333333333,1,0,1,1,0.951219512
0,0.123287671,0.142934075,0.533333333,0,0,0.397959184,0.5,0.733333333,0.666666667,0.928571429,0.8,0,0,0.951219512
1,0.438356164,0.13495364,0.533333333,0,0,0.397959184,0.75,0.733333333,0.333333333,0.214285714,0,1,1,0.951219512
0,0.917808219,0.077733465,0.133333333,0,0,0.193877551,0,0.266666667,0.333333333,0,0,1,1,0.951219512
0,0.356164384,0.056723597,0.4,0,0,0.602040816,0.75,0.066666667,0.333333333,0.428571429,0,1,1,0.951219512
0,0.657534247,0.120615108,0.533333333,0,0.185950413,0.357142857,0.5,0.733333333,1,0.071428571,0.2,1,0,0.951219512
1,0.493150685,0.124557291,0.8,0,0,0.397959184,0.25,0.6,0.333333333,0.714285714,0,0.5,1,0.951219512
0,0.164383562,0.117946844,0.533333333,0,0,0.397959184,0.5,0.733333333,0.333333333,0.571428571,1,1,0,0.12195122
0,0.178082192,0.153819561,0.6,0,0,0.397959184,0.5,1,0.666666667,0.5,0.8,0.25,1,0.024390244
0,0.397260274,0.076075272,0.6,0,0,0.397959184,0.5,1,0.333333333,0.214285714,0,0.25,1,0.975609756
0,0,0.139257771,0.4,0,0,0.193877551,0.5,0.066666667,0.666666667,0.857142857,0.6,1,0,0.951219512
0,0.342465753,0.100971169,0.8,0,0,0.602040816,0.625,0.6,0.333333333,0.214285714,0,0.5,1,0.951219512
0,0.150684932,0.117979318,0.533333333,0,0,0.397959184,0.5,0.733333333,0.666666667,0.071428571,0.2,0.5,1,0.56097561
0,0.356164384,0.100184356,0.6,0,0,0.653061224,0.75,1,0.666666667,0.857142857,0.2,1,1,0.951219512
1,0.424657534,0.092205951,0.533333333,0,0,0.397959184,0.5,0.733333333,0.333333333,0.5,0,1,1,0.951219512
0,0.397260274,0.074953573,0.533333333,0,0,0.704081633,0.625,0.733333333,0.333333333,0.785714286,0,1,1,0.951219512
0,0.109589041,0.116376601,0.2,0,0,0.397959184,0.5,0.333333333,0.666666667,0.642857143,0.4,1,0,0.317073171
0,0.232876712,0.033887079,0.533333333,0,0,0.479591837,0.5,0.733333333,0.666666667,0.214285714,0.2,1,1,0.951219512
0,0.191780822,0.041614489,0.6,0,0,0.295918367,0.5,1,1,0.285714286,0.8,1,0,0.951219512
0,0,0.202014052,0.2,0,0,0.357142857,0.5,0.333333333,0.666666667,0.571428571,0.6,1,1,0.634146341
1,0.452054795,0.06561871,0.533333333,0,0,0.397959184,0.5,0.733333333,0.333333333,0.5,0,1,1,0.951219512
0,0.178082192,0.1761595,0.6,0,0,0.397959184,0.5,1,0.666666667,0.928571429,0.2,0.25,1,0.951219512
0,0.328767123,0.070236754,0.6,0,0,0.5,0.5,1,0.666666667,0.285714286,0.2,1,1,0.951219512
0,0.02739726,0.171360821,0.533333333,0,0,0.5,0.5,0.733333333,0.666666667,0.428571429,0.6,1,1,0.951219512
1,0.534246575,0.073794664,0.8,0.150241502,0,0.397959184,0.75,0.6,0.333333333,0.285714286,1,1,0,0.951219512
1,0.260273973,0.067153097,0.8,0,0.436639118,0.397959184,0.5,0.6,0.333333333,0.714285714,0,1,1,0.951219512
0,0.054794521,0.165070377,0.533333333,0,0,0.346938776,0.5,0.733333333,0.666666667,0.571428571,0.4,0.75,0,0.195121951
0,0,0.082864324,0.4,0,0,0.193877551,0.5,0.066666667,0.666666667,0.857142857,0.6,1,0,0.951219512
0,0.219178082,0.264230456,0.533333333,0,0,0.316326531,0.5,0.733333333,0.5,0.071428571,0.4,1,0,0.951219512
0,0.04109589,0.112462156,0.6,0,0,0.397959184,0.125,1,0.666666667,0.928571429,0.2,1,1,0.951219512
0,0.232876712,0.072250129,0.4,0,0,0.397959184,0.5,0.066666667,0.333333333,0.5,0.6,0.5,1,0.951219512
0,0.219178082,0.131467443,0.533333333,0,0.43067034,0.5,0.625,0.733333333,0.666666667,0.214285714,0.6,1,1,0.951219512
1,0.561643836,0.134216891,0.6,0,0,0.397959184,0.5,1,0.333333333,0.071428571,1,1,0,0.951219512
0,0.01369863,0.116182435,0.533333333,0.03103031,0,0.397959184,0.5,0.733333333,0.333333333,0.642857143,0.2,1,0,0.951219512
0,0.383561644,0.111109081,0.733333333,0,0,0.5,0.5,0.466666667,0,0.714285714,0.8,1,0,0.951219512
1,0.328767123,0.062274586,0.6,0,0,0.5,0.5,1,0.333333333,0.857142857,0,1,1,0.951219512
0,0.534246575,0.096996512,0.2,0,0,0.193877551,0.5,0.333333333,0,0.5,0.2,1,0,1
0,0.561643836,0.172125985,0.066666667,0,0.500229568,0.173469388,0.75,0.2,0.333333333,1,0,1,1,0.951219512
0,0.246575342,0.108031513,0.533333333,0,0,0.704081633,0.75,0.733333333,0.833333333,1,0.2,1,1,0.951219512
0,0.068493151,0.129188189,0.333333333,0,0,0.397959184,0.5,0,0.666666667,0.071428571,0.2,1,0,0.951219512
0,0.095890411,0.016083322,0.8,0,0,0.5,0.5,0.6,0.666666667,0.857142857,0.2,1,1,0.951219512
0,0.123287671,0.173790943,0.6,0,0,0.397959184,0.5,1,0.333333333,0.285714286,0,0.25,1,0.951219512
1,0.369863014,0.099561942,0.6,0,0,0.806122449,0.25,1,0.333333333,0.785714286,0,1,1,0.951219512
0,0.01369863,0.122456642,0.6,0,0.395087236,0.193877551,0.5,1,0.666666667,0.571428571,0.6,1,1,0.951219512
0,0.452054795,0.123865193,0.2,0,0,0.357142857,0.75,0.333333333,0.333333333,0.214285714,0,1,1,0.951219512
1,0.246575342,0.304811872,0.533333333,0,0,0.397959184,0.75,0.733333333,0.333333333,0.214285714,1,0.5,0,0.951219512
0,0,0.086422234,0.4,0,0,0.244897959,0.5,0.066666667,0.666666667,0.571428571,0.6,1,0,0.951219512
0,0.356164384,0.100101142,0.6,0,0,0.397959184,0.5,1,0,0.714285714,0.8,0.5,0,0.951219512
1,0.328767123,0.070725214,0.866666667,0,0,0.551020408,0.5,0.8,0.333333333,0.714285714,0,1,1,0.951219512
0,0.246575342,0.299455726,0.266666667,0,0,0.397959184,0.75,0.4,0.333333333,0.214285714,0,1,1,0.951219512
0,0.301369863,0.31206097,0.333333333,0,0,0.397959184,0.25,0,0,0.428571429,0.6,0.5,1,0.951219512
0,0.219178082,0.118122744,0.533333333,0,0,0.397959184,0.5,0.733333333,0.5,0.071428571,0.2,0.5,1,0.951219512
0,0.630136986,0.181956072,0.6,0,0,0.397959184,0.5,1,1,0.285714286,0.2,1,0,0.951219512
0,0.205479452,0.024472385,0.533333333,0,0.383149679,0.448979592,0.5,0.733333333,0.666666667,0.857142857,0.6,0.5,0,0.951219512
0,0.136986301,0.169909648,0.6,0,0,0.397959184,0.25,1,0.666666667,0.285714286,0.8,1,1,0.951219512
0,0.02739726,0.115893554,0.6,0,0,0.244897959,0.5,1,0.666666667,1,0.6,1,1,0.951219512
1,0.397260274,0.191493219,1,0,0,0.602040816,0.5,0.666666667,0.333333333,0.714285714,0,1,1,0.951219512
1,0.452054795,0.112042026,1,0,0,0.397959184,0.5,0.666666667,0.333333333,0.714285714,0,1,1,0.951219512
0,0.465753425,0.059973683,0.533333333,0,0,0.397959184,0.5,0.733333333,0.666666667,0.285714286,0.4,1,0,0.951219512
0,0.082191781,0.125478058,0.6,0,0,0.346938776,0.5,1,0.333333333,0.857142857,1,1,0,0.951219512
0,0.369863014,0.100184356,0.533333333,0,0,0.602040816,0.5,0.733333333,0.333333333,0.214285714,0,1,1,0.951219512
0,0.739726027,0.072112792,0.8,0,0,0.132653061,0.5,0.6,0.666666667,0.285714286,0.2,1,0,0.951219512
0,0.178082192,0.060783498,0.6,0,0,0.397959184,0.25,1,0.333333333,0.214285714,0,1,1,0.951219512
0,0.082191781,0.092029375,0.6,0,0,0.397959184,0.5,1,0.833333333,0.214285714,0.6,1,1,0.951219512
0,0.150684932,0.278770596,0.6,0,0,0.397959184,0.5,1,0.666666667,0.071428571,0.6,0.5,1,0.951219512
0,0.424657534,0.03949828,0.333333333,0,0,0.397959184,0.5,0,0.666666667,0.642857143,0.4,1,0,0.951219512
0,0.205479452,0.207693583,0.733333333,0,0,0.806122449,0.75,0.466666667,0.666666667,0.857142857,0.2,1,1,0.951219512
0,0.095890411,0.182880899,0.6,0,0,0.234693878,0.5,1,0.333333333,0.785714286,0.4,1,1,0.951219512
0,0.369863014,0.070431597,0.8,0,0,0.397959184,0.5,0.6,0.666666667,0.714285714,0.2,1,1,0.951219512
0,0.082191781,0.023633479,0.6,0,0,0.397959184,0.5,1,0.666666667,0.071428571,0.4,1,0,0.951219512
0,0.260273973,0.163665885,0.933333333,0,0,0.234693878,0.25,0.933333333,0,0.714285714,0.8,1,0,0.268292683
0,0.123287671,0.215416257,0.6,0,0,0.397959184,0.5,1,0.333333333,0.5,0,1,1,0.951219512
0,0.657534247,0.053190719,0.133333333,0,0,0.397959184,0.5,0.266666667,0.333333333,0.571428571,0,0.25,1,0.951219512
0,0.219178082,0.072307635,0.866666667,0,0,0.5,0.5,0.8,0.666666667,0.714285714,0.2,1,1,0.951219512
0,0.589041096,0.123599991,0.533333333,0,0,0.193877551,0.5,0.733333333,0.833333333,0.071428571,0.8,0.5,0,0.951219512
0,0.616438356,0.021465177,0.533333333,0,0,0.397959184,0.5,0.733333333,0.333333333,0.214285714,0,1,1,0.951219512
0,0.342465753,0.094393197,0.533333333,0,0,0.5,0.75,0.733333333,0,0.357142857,0.8,1,1,0.951219512
0,0.082191781,0.008192867,0.533333333,0,0,0.295918367,0.5,0.733333333,0.666666667,0.428571429,0.6,1,0,0.951219512
0,0.479452055,0.196992115,0.6,0,0,0.397959184,0.875,1,0.833333333,0.785714286,0.8,1,1,0.951219512
1,0.520547945,0.087357208,0.333333333,0.076880769,0,0.5,0.75,0,0.333333333,0.857142857,0,1,1,0.951219512
1,0.260273973,0.014281027,0.8,0,0.433195592,0.346938776,0.5,0.6,0.333333333,0.857142857,0,1,1,0.951219512
0,0.287671233,0.238491592,0.6,0,0,0.653061224,0.875,1,0.333333333,1,0,0.5,1,0.951219512
0,0.273972603,0.104497282,0.533333333,0,0,0.193877551,0.875,0.733333333,0.5,0.571428571,0.8,1,0,0.951219512
0,0.054794521,0.11783048,0.6,0,0,0.346938776,0.5,1,0.666666667,0.571428571,0.6,1,1,0.951219512
0,0.082191781,0.184504589,0.8,0,0,0.5,0.5,0.6,0.666666667,0.857142857,0.2,0.25,1,0.87804878
0,0.178082192,0.237185875,0.8,0,0,0.397959184,0.5,0.6,0.333333333,0.928571429,0,1,1,0.195121951
0,0.547945205,0.056870406,0.533333333,0,0,0.571428571,0.5,0.733333333,1,0.714285714,0.2,1,0,0.951219512
1,0.301369863,0.214932532,0.8,0,0.554407713,0.602040816,0.625,0.6,0.333333333,0.857142857,0,1,1,0.951219512
0,0.150684932,0.109310169,0.533333333,0,0,0.346938776,0.5,0.733333333,0.666666667,0.214285714,0.4,0.25,1,0.073170732
0,0.191780822,0.051150283,0.733333333,0,0,0.602040816,0.5,0.466666667,0.333333333,0.857142857,0,1,1,0.951219512
1,0.164383562,0.120661112,0.6,0,0.340909091,0.602040816,0.75,1,0.333333333,0.214285714,0,0,1,0.951219512
0,0.04109589,0.073427981,0.6,0,0,0.295918367,0,1,0.666666667,0,0.6,1,0,0.951219512
1,0.219178082,0.097542478,0.8,0,0,0.5,0.5,0.6,0.666666667,0.857142857,0.2,1,1,0.951219512
1,0.219178082,0.130481728,0.666666667,0,0,0.551020408,0.5,0.533333333,0.666666667,0.285714286,0.2,1,1,0.951219512
0,0.136986301,0.019493747,0.6,0,0,0.5,0.5,1,0.666666667,0.857142857,0.2,1,1,0.951219512
0,0.123287671,0.106091204,0.533333333,0,0,0.397959184,0.5,0.733333333,0,0.5,0.2,1,1,0.951219512
0,0,0.058826275,0.4,0,0,0.295918367,0.5,0.066666667,0.666666667,0.428571429,0.6,1,1,0.951219512
1,0.602739726,0.115735244,0.533333333,0,0,0.397959184,0.5,0.733333333,0.333333333,0.071428571,0,1,1,0.951219512
0,0.520547945,0.228415922,0.733333333,0,0,0.602040816,0.75,0.466666667,0.333333333,0.857142857,0,1,1,0.951219512
0,0.383561644,0.182588635,0.733333333,0,0,0.397959184,0.5,0.466666667,0.666666667,0.285714286,0.2,1,0,0.951219512
0,0.561643836,0.056249345,0.866666667,0,0,0.397959184,0.5,0.8,0,0.714285714,0.2,1,0,0.951219512
1,0.452054795,0.108088342,0.533333333,0,0,0.346938776,0.5,0.733333333,0.333333333,0.714285714,0,0.25,1,0.853658537
0,0.301369863,0.129073178,0.666666667,0,0,0.489795918,0.5,0.533333333,0.333333333,0.428571429,0,1,1,0.951219512
0,0.328767123,0.237671629,0.666666667,0,0,0.397959184,0.875,0.533333333,0.333333333,0.285714286,0,1,1,0.951219512
0,0.109589041,0.117042314,0.6,0,0,0.397959184,0.5,1,0.666666667,0.071428571,0.2,1,1,0.951219512
0,0.383561644,0.129204426,0.533333333,0,0,0.397959184,0.5,0.733333333,0,0.714285714,0.2,1,0,0.951219512
0,0.753424658,0.135963711,0.533333333,0,0,0.071428571,0,0.733333333,1,0,0.2,1,0,0.951219512
0,0.315068493,0.066528653,0.933333333,0,0,0.397959184,0.5,0.933333333,0.333333333,0.071428571,0.4,0.25,0,0.731707317
0,0.479452055,0.073491575,0.6,0,0,0.397959184,0.5,1,0.333333333,0.214285714,0,1,1,0.951219512
1,0.561643836,0.181036658,0.866666667,0,0,0.397959184,0.875,0.8,0.333333333,0.285714286,0,1,1,0.951219512
0,0.301369863,0.212510529,0.866666667,0,0,0.397959184,0.75,0.8,0.666666667,0.714285714,0.2,1,1,0.951219512
1,0.561643836,0.129716565,0.8,0.150241502,0,0.5,0.625,0.6,0.333333333,0.214285714,0,1,1,0.951219512
0,0.301369863,0.093130778,0.866666667,0,0,0.397959184,0.5,0.8,0.666666667,0.857142857,0.2,0.25,1,0.073170732
0,0.136986301,0.226794262,0.6,0,0,0.397959184,0.5,1,0.666666667,0.071428571,0.2,1,0,0.951219512
0,0.095890411,0.184894274,0.8,0,0,0.244897959,0.75,0.6,0.666666667,0.714285714,0.6,1,1,0.951219512
0,0.136986301,0.111221387,0.666666667,0,0,0.602040816,0.5,0.533333333,0.333333333,0.571428571,0,1,1,0.951219512
1,0.452054795,0.090269702,0.533333333,0,0,0.602040816,0.625,0.733333333,0.333333333,0.285714286,0,1,1,0.951219512
0,0.109589041,0.257876417,0.533333333,0,0,0.397959184,0.5,0.733333333,0.666666667,0.5,0.8,0.5,0,0.951219512
0,0.315068493,0.061692764,0.533333333,0,0,0.295918367,0.5,0.733333333,0.333333333,0.857142857,1,1,0,0.951219512
0,0.575342466,0.130864649,0.6,0,0,0.234693878,0.25,1,0.333333333,0.714285714,1,1,0,0.048780488
0,0.04109589,0.138813286,0.6,0,0,0.397959184,0.5,1,0.666666667,0.214285714,0.6,1,1,0.951219512
0,0.123287671,0.083429233,0.866666667,0,0,0.479591837,0.5,0.8,0.666666667,0.285714286,0.2,1,1,0.951219512
0,0.684931507,0.260836268,0.6,0,0.353305785,0.397959184,0.5,1,0.333333333,0.285714286,0,1,1,0.951219512
0,0.726027397,0.170360899,0.333333333,0.025380254,0,0.397959184,0.5,0,1,1,0.2,1,0,0.951219512
1,0.424657534,0.133123607,0.8,0,0,0.5,0.75,0.6,0.5,0.857142857,0.6,1,1,0.951219512
0,0.520547945,0.120578575,0.2,0,0,0.755102041,0.5,0.333333333,0.333333333,0.071428571,0,1,1,0.951219512
0,0.356164384,0.154771449,0.866666667,0,0,0.448979592,0.75,0.8,0.333333333,0.857142857,0,1,1,0.951219512
1,0.369863014,0.263925337,0.866666667,0,0.436639118,0.602040816,0.75,0.8,0.333333333,0.285714286,1,1,0,0.951219512
0,0.164383562,0.099057245,0.6,0,0,0.397959184,0.25,1,0.333333333,0.571428571,0,1,1,0.951219512
0,0.02739726,0.1157711,0.533333333,0,0,0.397959184,0,0.733333333,0.666666667,0,0.6,1,1,0.951219512
0,0.493150685,0.191619055,0.266666667,0,0,0.244897959,0.5,0.4,1,0.857142857,0.8,0.5,0,0.951219512
0,0.260273973,0.056952943,0.866666667,0,0,0.397959184,0.875,0.8,0.666666667,0.714285714,0.6,1,0,0.951219512
0,0.315068493,0.149200164,0.666666667,0,0,0.397959184,0.5,0.533333333,0,0.285714286,0.8,0,0,0.951219512
0,0.136986301,0.077168556,0.6,0,0,0.489795918,0.5,1,0.666666667,0.857142857,0.2,1,1,0.951219512
0,0.452054795,0.141430809,0.6,0,0,0.397959184,0.75,1,0,0.285714286,0.8,0.25,0,0
1,0.589041096,0.085991956,0.6,0,0,0.5,0.5,1,0.5,0.5,0.2,1,1,0.951219512
0,0.04109589,0.227223863,0.4,0,0,0.397959184,0,0.066666667,0.666666667,0,0.6,0.5,1,0.951219512
0,0.205479452,0.158307709,1,0.029610296,0,1,0.875,0.666666667,0.333333333,0.714285714,0,1,1,0
0,0.287671233,0.140152153,0.266666667,0,0,0.540816327,0.5,0.4,0.5,0.285714286,0.2,1,1,0.634146341
0,0.178082192,0.144854088,0.533333333,0,0,0.295918367,0.5,0.733333333,0.333333333,0.571428571,1,1,0,0.951219512
0,0.328767123,0.073060621,0.8,0,0,0.397959184,0.5,0.6,0.666666667,0.214285714,0.2,1,1,0.951219512
0,0.164383562,0.159094522,0.533333333,0,0,0.397959184,0.5,0.733333333,0.833333333,0.214285714,0.2,1,1,0.951219512
0,0.342465753,0.134116764,0.866666667,0,0,0.397959184,0.5,0.8,0.666666667,0.285714286,0.2,1,1,0.951219512
1,0.520547945,0.069787533,0.933333333,1,0,0.397959184,0.5,0.933333333,0.333333333,0.285714286,0,1,1,0.951219512
0,0.02739726,0.098813692,0.6,0,0,0.397959184,0.5,1,0.666666667,0.928571429,0.6,1,0,0
0,0.123287671,0.195528088,0.6,0,0,0.5,0.5,1,0.666666667,0.214285714,0.6,1,1,0.951219512
0,0.150684932,0.084364207,0.533333333,0,0,0.346938776,0.5,0.733333333,0.333333333,0.571428571,0,1,1,0.951219512
0,0.452054795,0.052399171,0.6,0,0,0.479591837,0.75,1,0.333333333,0.214285714,0,1,1,0.951219512
0,0.315068493,0.144040213,0.533333333,0,0,0.632653061,0.5,0.733333333,0.333333333,0.428571429,0,1,1,0.951219512
0,0.794520548,0.012390105,0.866666667,0,0,0.5,0.75,0.8,0.5,0.714285714,0.2,1,0,0.951219512
1,0.246575342,0.083034811,0.6,0,0,0.755102041,0.75,1,0.333333333,0.857142857,0,1,1,0.951219512
0,0.452054795,0.237545793,0.6,0,0,0.397959184,0.25,1,1,0.071428571,0.8,1,0,0.951219512
0,0.219178082,0.057665337,0.533333333,0,0,0.397959184,0.5,0.733333333,0.666666667,0.071428571,0.6,1,1,0.951219512
0,0.01369863,0.026725931,0.6,0,0,0.071428571,0.5,1,0.666666667,0.571428571,0.6,1,1,0.951219512
0,0.054794521,0.086404644,0.6,0,0,0.091836735,0.5,1,0.666666667,0.071428571,0.6,1,1,0.951219512
1,0.219178082,0.096029064,0.6,0,0,0.397959184,0.5,1,0.333333333,0.5,0,1,1,0.951219512
0,0.328767123,0.127320269,0.666666667,0,0,0.653061224,0.75,0.533333333,0.333333333,0.214285714,0,1,1,0.951219512
0,0.01369863,0.03906056,0.4,0,0,0.142857143,0.5,0.066666667,0.666666667,0.571428571,0.6,1,1,0.951219512
0,0.780821918,0.121863319,0.933333333,0,0,0.397959184,0.75,0.933333333,0,0.714285714,0.4,1,1,0.951219512
1,0.287671233,0.066590218,0.733333333,0,0,0.5,0.5,0.466666667,0.333333333,0.214285714,0,1,1,0.951219512
0,0.684931507,0.076882381,0.6,0,0,0.071428571,0,1,0.333333333,0,0,1,1,0.951219512
0,0.095890411,0.158256969,0.8,0,0,0.397959184,0.5,0.6,0.666666667,0.5,0.6,0.5,0,0.951219512
0,0.054794521,0.12660314,0.533333333,0,0,0.5,0.75,0.733333333,0.666666667,0.571428571,0.6,1,0,0.951219512
0,0.287671233,0.068867443,0.533333333,0,0,0.43877551,0.5,0.733333333,0.333333333,0.857142857,0,1,1,0.951219512
0,0.684931507,0.046767674,0.533333333,0,0,0.397959184,0.625,0.733333333,0.333333333,1,0,1,1,0.951219512
0,0.150684932,0.270388299,0.533333333,0,0,0.397959184,0.5,0.733333333,0,0.071428571,0.2,1,1,0.951219512
0,0.260273973,0.190271393,0.666666667,0,0,0.020408163,0.5,0.533333333,0.666666667,0.928571429,0.2,1,0,0.951219512
0,0.589041096,0.029318422,0.733333333,0,0,0.397959184,0.125,0.466666667,0.333333333,0.571428571,0,0.5,1,0.951219512
0,0.191780822,0.098504514,0.6,0,0,0.397959184,0.5,1,0.333333333,0.571428571,1,1,0,0.951219512
0,0.205479452,0.156251712,0.533333333,0,0,0.775510204,0.5,0.733333333,0.333333333,0.071428571,0,1,1,0.951219512
0,0.369863014,0.100184356,0.6,0,0,0.010204082,0.5,1,0.333333333,0.642857143,0,1,1,0.951219512
0,0.082191781,0.110374362,0.533333333,0.021740217,0,0.397959184,0.5,0.733333333,0.666666667,0.5,0.2,1,1,0.951219512
1,0.191780822,0.067167981,0.8,0,0,0.397959184,0.5,0.6,0.666666667,0.857142857,0.2,1,1,0.951219512
1,0.260273973,0.142849508,0.666666667,0,0,0.530612245,0.25,0.533333333,0.333333333,0.785714286,0,1,1,0.951219512
1,0.657534247,0.133274475,0.866666667,0.065140651,0,0.346938776,0.875,0.8,0.333333333,0.714285714,0,1,1,0.951219512
0,0.136986301,0.056784486,0.8,0,0,0.448979592,0.5,0.6,0.666666667,0.071428571,0.2,1,0,0.951219512
1,0.506849315,0.011093859,0.533333333,0.043860439,0,0.408163265,0.125,0.733333333,0.333333333,0.071428571,0,1,1,0.951219512
0,0.082191781,0.198444641,0.733333333,0,0,0.520408163,0.5,0.466666667,0.666666667,0.714285714,0.2,1,0,0.951219512
1,0.273972603,0.115995034,0.866666667,0,0,0.071428571,0.5,0.8,0.333333333,0.714285714,1,1,0,0.951219512
1,0.424657534,0.251062333,0.533333333,0,0,0.397959184,0.75,0.733333333,0.333333333,0.214285714,0,1,1,0.951219512
0,0.589041096,0.009790172,0.533333333,0,0,0.5,0.5,0.733333333,1,0.857142857,0.2,1,0,0.951219512
1,0.438356164,0.076034003,0.533333333,0,0,0.397959184,0.5,0.733333333,0.333333333,0.214285714,0,1,1,0.951219512
1,0.356164384,0.17755452,0.8,0,0,0.397959184,0.5,0.6,0.333333333,0.714285714,0,1,1,0.951219512
0,0.136986301,0.04481654,0.533333333,0,0,0.142857143,0.5,0.733333333,0.666666667,1,0.6,1,0,0.951219512
1,0.383561644,0.198014363,0.533333333,0,0,0.785714286,0.25,0.733333333,0.333333333,0.785714286,0,1,1,0.951219512
0,0.315068493,0.072348904,0.666666667,0,0,0.397959184,0.5,0.533333333,0.333333333,0.714285714,0,1,1,0.951219512
0,0.520547945,0.096267882,0.333333333,0.025800258,0,0.397959184,0.5,0,0.333333333,0.571428571,0,0.5,1,0.951219512
1,0.232876712,0.068616447,0.466666667,0,0,0.591836735,0.5,0.133333333,0.333333333,0.214285714,0,1,1,0.951219512
0,0.616438356,0.100922459,0.8,0,0,0.295918367,0.5,0.6,0.666666667,0.357142857,0.2,1,1,0.951219512
0,0.123287671,0.060966163,0.533333333,0,0,0.397959184,0,0.733333333,0.333333333,0,0.6,1,1,0.951219512
0,0.780821918,0.130270649,0.133333333,0,0,0.56122449,0,0.266666667,0.333333333,0,0,1,1,0.634146341
1,0.356164384,0.226888977,0.6,0,0,0.479591837,0.5,1,0.333333333,0.714285714,0,1,1,0.951219512
1,0.589041096,0.046438877,0.2,0,0,0.5,0.5,0.333333333,0.333333333,1,0,1,1,0.951219512
0,0.205479452,0.001066899,0.533333333,0,0,0.37755102,0,0.733333333,0.666666667,0,0.2,0,0,0.951219512
0,0.01369863,0.237001181,0.133333333,0,0,0.397959184,0.5,0.266666667,0.666666667,0.428571429,0.6,1,1,0.951219512
0,0.246575342,0.13248022,0.533333333,0,0,0.397959184,0.5,0.733333333,0.333333333,0.857142857,0,1,1,0.170731707
0,0.397260274,0.107511256,0.8,0,0,0.397959184,0.5,0.6,0,0.5,0.8,0.75,0,0.804878049
0,0.164383562,0.164332275,0.6,0,0,0.397959184,0.5,1,0.666666667,0.928571429,0.8,0.5,0,0.951219512
0,0.095890411,0.10363808,0.533333333,0,0,0.387755102,0.5,0.733333333,0.333333333,0.571428571,0,1,1,0.951219512
0,0.575342466,0.058233629,0.4,0,0,0.397959184,0.5,0.066666667,0.333333333,0.5,0,1,1,0.951219512
0,0.328767123,0.097070932,0.6,0,0,0.5,0.75,1,0.333333333,0.285714286,0,1,1,0.951219512
0,0.219178082,0.11124033,0.733333333,0,0,0.5,0.5,0.466666667,0.666666667,0.071428571,0.2,1,1,0.951219512
0,0.671232877,0.148181975,0.733333333,0,0,0.020408163,0,0.466666667,1,0,0.8,1,0,0.951219512
0,0.082191781,0.103360699,0.6,0,0,0.397959184,0.5,1,0.333333333,0.857142857,0,1,1,0.951219512
0,0.315068493,0.142221004,0.666666667,0,0,0.357142857,0.5,0.533333333,0.666666667,0.714285714,0.6,1,0,0.951219512
0,0.178082192,0.099557206,0.533333333,0,0,0.397959184,0.5,0.733333333,0.833333333,0.071428571,0.2,1,0,0.951219512
0,0.219178082,0.019210954,0.733333333,0,0,0.397959184,0.5,0.466666667,0.666666667,0.071428571,0.2,1,0,0.951219512
0,0.095890411,0.092029375,0.533333333,0,0,0.448979592,0.5,0.733333333,0.666666667,0.428571429,0.8,1,1,0.951219512
0,0.068493151,0.116683073,0.6,0,0,0.295918367,0.5,1,0.666666667,0.857142857,0.6,1,0,0.951219512
0,0.095890411,0.136834414,0.4,0,0,0.397959184,0.5,0.066666667,0.666666667,1,0.6,1,1,0.951219512
1,0.671232877,0.043249003,0.533333333,0,0,0.5,0.625,0.733333333,0.333333333,1,0,1,1,0.951219512
1,0.273972603,0.209495202,0.933333333,0,0,0.397959184,0.5,0.933333333,0.333333333,0.714285714,0,1,1,0.951219512
0,0.164383562,0.126399502,0.6,0,0,0.397959184,0.5,1,0.666666667,0.071428571,0.2,1,0,0.317073171
0,0.191780822,0.167271153,0.666666667,0,0,0.397959184,0.5,0.533333333,0.666666667,0.071428571,0.2,1,0,0.951219512
1,0.287671233,0.11828173,0.866666667,0,0,0.5,0.875,0.8,0,0.285714286,0.2,1,0,0.951219512
0,0.493150685,0.006174756,0.6,0,0,0.397959184,0.875,1,0.333333333,0.571428571,0,1,1,0.951219512
0,0.767123288,0.089700057,0.533333333,0,0,0.244897959,0,0.733333333,0.333333333,0,0,1,1,0.048780488
0,0.191780822,0.061775302,0.533333333,0,0,0.653061224,0.5,0.733333333,0.333333333,1,0,1,1,0.951219512
0,0.520547945,0.120185507,0.533333333,0,0,0.448979592,0.625,0.733333333,0.333333333,0.285714286,0,1,1,0.951219512
0,0.109589041,0.218332132,0.8,0,0,0.346938776,0.25,0.6,0.666666667,0.714285714,0.2,1,1,0.536585366
0,0.342465753,0.234347125,0.533333333,0,0,0.346938776,0.5,0.733333333,0,0.571428571,0.8,0.5,1,0.951219512
1,0.328767123,0.10794424,0.866666667,0,0,0.5,0.5,0.8,0.333333333,0.571428571,1,1,0,0.951219512
0,0.191780822,0.054827263,0.6,0,0,0.397959184,0.5,1,0.833333333,0.071428571,0.6,1,0,0.951219512
0,0.136986301,0.068734165,0.333333333,0.045080451,0,0.397959184,0.5,0,0.333333333,0.214285714,0,1,1,0.951219512
0,0.02739726,0.130939744,0.533333333,0,0,0.346938776,0.5,0.733333333,0.666666667,0.857142857,0.6,1,0,0.951219512
1,0.547945205,0.109268223,0.533333333,0,0.433195592,0.397959184,0.5,0.733333333,0.333333333,1,0,1,1,0.951219512
1,0.547945205,0.008245637,0.666666667,0,0,0.397959184,0.75,0.533333333,0.333333333,0.214285714,0,1,1,0.951219512
0,0.054794521,0.024366169,0.6,0,0,0.397959184,0.5,1,0.666666667,0.428571429,0.6,1,1,0.951219512
0,0.589041096,0.098302906,0.533333333,0,0,1,0.75,0.733333333,0,0.071428571,0.8,1,0,0.951219512
0,0.452054795,0.198248445,0.2,0,0,0.397959184,0.5,0.333333333,0.333333333,0.214285714,0,1,1,0.951219512
0,0.109589041,0.133238618,0.8,0,0,0.204081633,0.5,0.6,0.666666667,0.714285714,0.6,1,0,0.951219512
1,0.410958904,0.121094773,0.6,0,0,0.5,0.5,1,0.333333333,0.857142857,0,1,1,0.951219512
0,0.082191781,0.223704516,0.4,0,0,0.37755102,0.5,0.066666667,0.666666667,1,0.6,1,0,0.951219512
0,0.02739726,0.034604209,0.6,0,0,0.346938776,0.5,1,0.666666667,0.5,0.2,1,0,0.951219512
0,0.657534247,0.055830568,0.533333333,0,0,0.397959184,0,0.733333333,1,0,0.2,1,0,0.951219512
0,0.342465753,0.204084256,0.866666667,0,0,0.397959184,0.5,0.8,0.333333333,0.857142857,0,1,1,0.170731707
0,0.301369863,0.17793947,0.533333333,0,0,0.397959184,0.875,0.733333333,0.333333333,0.214285714,0,1,1,0.634146341
0,0.356164384,0.113740812,0.8,0,0,0.418367347,0.25,0.6,0,0.285714286,0.8,1,1,0.268292683
0,0.054794521,0.101442039,0.533333333,0,0,0.295918367,0.5,0.733333333,0.666666667,0.857142857,0.6,1,1,0.951219512
1,0.356164384,0.196784418,0.8,0,0,0.5,0.5,0.6,0.333333333,0.285714286,0,1,1,0.951219512
1,0.246575342,0.140593256,0.533333333,0,0,0.397959184,0.5,0.733333333,0.333333333,0.571428571,1,1,0,0.951219512
0,0.095890411,0.209151521,0.8,0,0,0.5,0.5,0.6,0.666666667,0.285714286,0.2,1,1,0.951219512
1,0.493150685,0.087343001,0.533333333,0,0,0.397959184,0.5,0.733333333,0.333333333,1,0,1,1,0.951219512
0,0.369863014,0.03065729,0.6,0,0,0.37755102,0.5,1,0.333333333,0.071428571,1,1,0,0.951219512
0,0.260273973,0.010231274,0.666666667,0,0,0.602040816,0.625,0.533333333,0.333333333,0.857142857,0,1,1,0.951219512
0,0.726027397,0.080788031,0.8,0,0,0.551020408,0.625,0.6,0,0.285714286,0.8,1,0,0.951219512
0,0.095890411,0.12705642,0.533333333,0,0,0.397959184,0.5,0.733333333,0.333333333,0.571428571,0,1,1,0.317073171
1,0.561643836,0.015740318,0.8,0,0,0.704081633,0.75,0.6,0.333333333,0.285714286,0,1,1,0.951219512
0,0.095890411,0.059226785,0.6,0,0,0.397959184,0,1,0.666666667,0,0.6,1,0,0.951219512
0,0.082191781,0.025039324,0.533333333,0,0,0.397959184,0.5,0.733333333,0.666666667,0.428571429,0.4,0.5,1,0.951219512
0,0.356164384,0.1136806,0.4,0,0,0.397959184,0,0.066666667,0.833333333,0,0.4,1,1,0.951219512
1,0.561643836,0.165197566,0.866666667,0.076880769,0,0.397959184,0.125,0.8,0.333333333,0.928571429,0,0.25,1,0.073170732
0,0.273972603,0.042445277,0.533333333,0,0,0.244897959,0.5,0.733333333,0,0.857142857,0.8,1,0,0.048780488
0,0.232876712,0.067900671,0.2,0,0,0.397959184,0.75,0.333333333,0.666666667,0.214285714,0.6,1,1,0.951219512
0,0.246575342,0.268527821,0.733333333,0,0,0.397959184,0.5,0.466666667,0.666666667,0.785714286,0.2,1,1,0.951219512
0,0.068493151,0.142551831,0.533333333,0,0,0.397959184,0.5,0.733333333,0.666666667,0.428571429,0.6,1,1,0.951219512
1,0.479452055,0.10041032,1,0,0,0.653061224,0.5,0.666666667,0.333333333,0.714285714,0,1,1,0.951219512
1,0.835616438,0.047716179,0.6,0,0,0.020408163,0.75,1,0.333333333,0.214285714,0,1,1,0.951219512
1,0.315068493,0.041673347,0.6,0,0,0.397959184,0.125,1,0.333333333,0.928571429,0,1,1,0.951219512
0,0.383561644,0.067667265,0.6,0,0,0.397959184,0.5,1,0,0.571428571,0.8,0.5,0,0.951219512
0,0.602739726,0.05658829,0.266666667,0,0,0.397959184,0.5,0.4,0,0.571428571,0.2,1,1,0.951219512
0,0.246575342,0.155051535,0.266666667,0.026350264,0,0.295918367,0.75,0.4,0.333333333,0.214285714,0,1,1,0.951219512
0,0.260273973,0.033868136,0.533333333,0,0,0.397959184,0.5,0.733333333,0.333333333,0.214285714,0,0.5,1,0.951219512
1,0.287671233,0.08698173,0.8,0,0,0.397959184,0.5,0.6,0.333333333,0.928571429,0,1,1,0.951219512
0,0.287671233,0.122512118,0.6,0,0,0.397959184,0.5,1,0.666666667,0.285714286,0.6,1,0,0.951219512
0,0.164383562,0.118020587,0.533333333,0,0,0.5,0.5,0.733333333,0.333333333,0.214285714,0,1,1,0.951219512
0,0.534246575,0.130892387,0.533333333,0,0,0.397959184,0.25,0.733333333,0.333333333,0.214285714,0,1,1,0.951219512
1,0.109589041,0.100629518,0.8,0.051780518,0,0.397959184,0.5,0.6,0.333333333,0.928571429,0,1,1,0.951219512
0,0.054794521,0.091329159,0.533333333,0,0,0.193877551,0.5,0.733333333,0.666666667,0.571428571,0.6,0.75,1,0.951219512
0,0.397260274,0.115503868,0.8,0,0,0.5,0.5,0.6,0,0.214285714,0.2,1,1,0.951219512
0,0.534246575,0.108101196,0.533333333,0,0,0.397959184,0.5,0.733333333,0,0.571428571,0.8,0.5,0,0.56097561
0,0.095890411,0.095565636,0.6,0,0,0.346938776,0.5,1,0.666666667,0.857142857,0.4,1,1,0.951219512
0,0.01369863,0.070004025,0.533333333,0,0,0.346938776,0.5,0.733333333,0.666666667,0.857142857,0.2,1,0,0.951219512
0,0.136986301,0.101073327,0.4,0,0,0.418367347,0.5,0.066666667,0.333333333,0.5,0,1,1,0.951219512
0,0.397260274,0.074243885,0.533333333,0,0,0.5,0.5,0.733333333,0.333333333,0.214285714,0,1,1,0.951219512
0,0.150684932,0.098455127,0.4,0,0,0.581632653,0,0.066666667,0,0,0.8,1,0,0.048780488
0,0.315068493,0.196876427,0.6,0,0,0.346938776,0.5,1,0.333333333,0.571428571,1,1,0,0.951219512
0,0.123287671,0.219278608,0.533333333,0,0,0.397959184,0.5,0.733333333,0.333333333,0.785714286,0,1,1,0.951219512
0,0.506849315,0.087529049,0.533333333,0,0,0.142857143,0.5,0.733333333,0.666666667,0.571428571,0.2,1,1,0.951219512
1,0.520547945,0.06033563,0.533333333,0.03103031,0,0.397959184,0.5,0.733333333,0.333333333,0.214285714,0,1,1,0.951219512
0,0.082191781,0.146103652,0.6,0,0,0.43877551,0.5,1,0.666666667,0.214285714,0.2,1,1,0.951219512
0,0.479452055,0.090063358,0.533333333,0,0,0.397959184,0.5,0.733333333,0.333333333,0.214285714,0,1,1,0.951219512
1,0.191780822,0.065071392,0.933333333,0,0,0.602040816,0.75,0.933333333,0.333333333,0.714285714,0,1,1,0.951219512
1,0.547945205,0.056149217,0.6,1,0,0.448979592,0.75,1,0.333333333,0.857142857,0,1,1,0.951219512
0,0.287671233,0.142239948,0.933333333,0,0,0.448979592,0.625,0.933333333,0.666666667,0.857142857,0.2,1,0,0.951219512
0,0.301369863,0.150931423,0.733333333,0,0,0.397959184,0.875,0.466666667,0,0.714285714,0.2,1,0,0.951219512
0,0.164383562,0.064840016,0.266666667,0,0,0.397959184,0,0.4,0.833333333,0,0.6,1,0,0.951219512
0,0.917808219,0.25444502,0.2,0,0,0.091836735,0.5,0.333333333,0.333333333,0.714285714,0,0.5,1,0.951219512
1,0.232876712,0.064921877,0.6,0,0,0.448979592,0.25,1,0.333333333,0.285714286,0,1,1,0.951219512
0,0.01369863,0.173929633,0.466666667,0,0,0.193877551,0,0.133333333,0.666666667,0,0.6,1,0,0.951219512
0,0.575342466,0.035056136,0.2,0,0,0.193877551,0.75,0.333333333,0.333333333,0.214285714,0,1,1,0.951219512
0,0.301369863,0.213210745,0.533333333,0,0,0.397959184,0.25,0.733333333,0,0.214285714,0.8,1,0,0.951219512
0,0.301369863,0.046135788,0.8,0,0,0.551020408,0.5,0.6,0,1,0.2,1,1,0.951219512
0,0.082191781,0.120670584,0.8,0,0,0.346938776,0,0.6,0.666666667,0,0.2,0.25,1,0.951219512
0,0,0.081502454,0.4,0,0,0.142857143,0.5,0.066666667,0.666666667,0.857142857,0.6,1,1,0.951219512
0,0.616438356,0.132588466,0.666666667,0,0,0.397959184,0.25,0.533333333,0,0.071428571,0.2,0.5,0,0.951219512
0,0.232876712,0.113657598,0.6,0,0,0.5,0.5,1,0.333333333,0.428571429,0,1,1,0.951219512
0,0.068493151,0.037175051,0.533333333,0,0,0.602040816,0.5,0.733333333,0.666666667,0.857142857,0.2,1,1,0.951219512
0,0.123287671,0.063733877,0.6,0,0,0.397959184,0.875,1,0.666666667,0.285714286,0.6,1,1,0.951219512
0,0.383561644,0.182184066,0.6,0.068490685,0,0.428571429,0.5,1,0.666666667,0.285714286,0.2,1,0,0.951219512
0,0.109589041,0.136050307,0.6,0,0,0.397959184,0.5,1,0.666666667,0.428571429,0.6,1,1,0.951219512
0,0,0.144723516,0.466666667,0,0,0.448979592,0.75,0.133333333,0.666666667,0.857142857,0.6,1,1,0.951219512
0,0.301369863,0.257892654,0.533333333,0,0,0.397959184,0.5,0.733333333,0.833333333,0.428571429,0.2,0.5,1,0.951219512
0,0.01369863,0.113491846,0.466666667,0,0,0.193877551,0.5,0.133333333,0.666666667,0.857142857,0.6,1,0,0.951219512
1,0.328767123,0.140616258,0.533333333,0.07298073,0,0.397959184,0.5,0.733333333,0.333333333,0.285714286,0,1,1,0.951219512
1,0.410958904,0.22790243,0.666666667,0,0,0.448979592,0.5,0.533333333,0.333333333,0.5,0,1,1,0.951219512
0,0.260273973,0.119264063,0.533333333,0,0,0.397959184,0.5,0.733333333,0.333333333,0.214285714,0,1,1,0.951219512
0,0.191780822,0.029472673,0.6,0,0,0.448979592,0.5,1,0.333333333,0.214285714,0,1,1,0.951219512
0,0.191780822,0.102769406,0.333333333,0,0,0.397959184,0.5,0,0.333333333,1,0,1,1,0.951219512
0,0.493150685,0.154829631,0.6,0,0,0.397959184,0.5,1,0,0.071428571,0.8,1,0,0
0,0.534246575,0.106800215,0.533333333,0,0,0.397959184,0.5,0.733333333,0,0.214285714,0.8,0.5,1,0.951219512
1,0.164383562,0.141864469,0.6,0,0,0.397959184,0.5,1,0.333333333,0.071428571,1,1,0,0.951219512
0,0.315068493,0.131088582,0.6,0,0,0.397959184,0.5,1,0.333333333,1,0,1,1,0.951219512
1,0.465753425,0.090063358,0.6,0,0,0.5,0.5,1,0.333333333,0.214285714,0,1,1,0
0,0.452054795,0.101965679,0.533333333,0,0,0.397959184,0.5,0.733333333,0.833333333,0.071428571,0.4,1,0,0.951219512
0,0.205479452,0.22136099,0.133333333,0,0,0.602040816,0.5,0.266666667,0.833333333,0.357142857,0.4,1,1,0.634146341
1,0.191780822,0.114938283,0.533333333,0,0.436639118,0.397959184,0.75,0.733333333,0.333333333,0.214285714,0,1,1,0.951219512
0,0.342465753,0.071336127,0.533333333,0,0,0.5,0.5,0.733333333,0,0.214285714,0.2,1,1,0.951219512
0,0.109589041,0.120303224,0.8,0,0,0.397959184,0.5,0.6,0.666666667,0.214285714,0.6,1,1,0.951219512
0,0.219178082,0.072482182,0.533333333,0,0,0.397959184,0.5,0.733333333,0.333333333,0.285714286,0,1,1,0.951219512
0,0.410958904,0.086552129,0.533333333,0,0,0.397959184,0.5,0.733333333,0.666666667,0.071428571,0.4,1,0,0.951219512
0,0.082191781,0.159702729,0.6,0,0,0.295918367,0.25,1,0.666666667,0.571428571,0.2,0.5,1,0.951219512
0,0.246575342,0.239124831,0.6,0,0,0.397959184,0,1,0.666666667,0,0.6,1,1,0.951219512
0,0.493150685,0.145584072,0.8,0,0,0.397959184,0.5,0.6,0,0.857142857,0.2,1,0,0.951219512
0,0.232876712,0.069309898,0.733333333,0,0,0.357142857,0.625,0.466666667,0.333333333,0.071428571,1,1,0,0.951219512
0,0.191780822,0.18333012,0.8,0,0,0.357142857,0.5,0.6,0.666666667,0.714285714,0.8,1,0,0.951219512
0,0.671232877,0.060429669,0.533333333,0,0,0.091836735,0.5,0.733333333,0,0.5,0.2,1,1,0.951219512
0,0.534246575,0.129194954,0.6,0,0,0.397959184,0.25,1,0.333333333,0.785714286,0,1,1,0.951219512
0,0.04109589,0.187846683,0.6,0,0,0.244897959,0.5,1,0.666666667,0.571428571,0.6,1,0,0.951219512
1,0.232876712,0.105976869,0.8,0,0,0.397959184,0.125,0.6,0.333333333,0.285714286,1,0.75,0,0.951219512
0,0.02739726,0.099796701,0.6,0,0,0.112244898,0.5,1,0.666666667,0.571428571,0.6,1,0,0.951219512
0,0.068493151,0.080128407,0.6,0,0,0.244897959,0.5,1,0.666666667,0.857142857,0.6,0.5,1,0.951219512
1,0.712328767,0.031072007,0.8,0.200512005,0,0.448979592,0.75,0.6,0.333333333,0.714285714,0,1,1,0.951219512
0,0.438356164,0.096882854,0.8,0,0,0.397959184,0.5,0.6,0.333333333,0.214285714,0,1,1,0.951219512
0,0.260273973,0.281416534,0.8,0,0,0.397959184,0.5,0.6,0.666666667,0.928571429,0.6,1,1,0.951219512
0,0.054794521,0.15187181,0.2,0,0,0.397959184,0.75,0.333333333,0.666666667,0.214285714,0.2,1,1,0.951219512
0,0.753424658,0.070855109,0.533333333,0,0,0.071428571,0,0.733333333,0.333333333,0,0,1,1,0.951219512
0,0.452054795,0.086905281,0.4,0,0,0.397959184,0.5,0.066666667,0.666666667,0.5,0.4,1,0,0.951219512
0,0.534246575,0.015719345,0.533333333,0,0,0.418367347,0.5,0.733333333,0,0.214285714,0.2,1,1,0.951219512
0,0.356164384,0.156880216,0.533333333,0,0,0.346938776,0.5,0.733333333,0.333333333,0.5,0,1,1,0
0,0.273972603,0.028329325,0.533333333,0,0,0.448979592,0.5,0.733333333,0.666666667,0.357142857,0.2,1,1,0.951219512
0,0.219178082,0.15755743,0.733333333,0,0,0.397959184,0.75,0.466666667,0.333333333,0.714285714,0,1,1,0.951219512
0,0.136986301,0.060791616,0.733333333,0,0,0.397959184,0.5,0.466666667,0.666666667,0.928571429,0.2,1,1,0.951219512
0,0.150684932,0.102486613,0.533333333,0,0,0.397959184,0.5,0.733333333,0.333333333,0.571428571,0,0.75,1,0.951219512
0,0.328767123,0.150787997,0.133333333,0,0,0.316326531,0.5,0.266666667,0.5,0.642857143,0.2,1,0,0.634146341
0,0.219178082,0.069246304,0.4,0,0,0.397959184,0.75,0.066666667,0.666666667,0.357142857,0.8,1,1,0.951219512
1,0.260273973,0.149682535,0.6,0,0,0.602040816,0.75,1,0.333333333,0.214285714,0,1,1,0.951219512
1,0.520547945,0.21081039,0.6,0.150241502,0,0.448979592,0.5,1,0.333333333,0.285714286,0,1,1,0.951219512
1,0.260273973,0.044336875,0.6,0,0,0.397959184,0.5,1,0.333333333,0.214285714,0,1,1,0.951219512
0,0.054794521,0.058800567,0.533333333,0,0,0.397959184,0.75,0.733333333,0.333333333,0.214285714,0,1,1,0.951219512
0,0.095890411,0.095254429,0.533333333,0,0,0.346938776,0.5,0.733333333,0.666666667,0.571428571,0.2,1,1,0.951219512
0,0.01369863,0.016279518,0.6,0,0,0.479591837,0,1,0.666666667,0,0.6,1,1,0.951219512
0,0.054794521,0.088842208,0.6,0,0,0.285714286,0.5,1,0.666666667,0.571428571,0.6,1,0,0
0,0.095890411,0.086742236,0.333333333,0,0,0.397959184,0.5,0,0.666666667,0.857142857,0.8,1,0,0.951219512
0,0.068493151,0.07125359,0.8,0,0,0.244897959,0.5,0.6,0.666666667,0.071428571,0.6,1,0,0.951219512
0,0.232876712,0.11066189,0.6,0,0,0.397959184,0.25,1,0.666666667,0.214285714,0.2,1,1,0.951219512
0,0.068493151,0.121779429,0.6,0,0,0.295918367,0.5,1,0.666666667,0.071428571,0.6,1,1,0.804878049
0,0.671232877,0.136785027,0.533333333,0,0,0.12244898,0.5,0.733333333,1,0.071428571,0.2,1,0,0.951219512
0,0.01369863,0.029989547,0.6,0,0,0.193877551,0.5,1,0.666666667,0.5,0.6,1,0,0.951219512
0,0.150684932,0.200541906,0.8,0,0,0.479591837,0.5,0.6,0.666666667,0.857142857,0.2,1,0,0.951219512
0,0.082191781,0.015795794,0.6,0,0,0.397959184,0,1,0.666666667,0,0.2,1,1,0
0,0.136986301,0.134583574,0.533333333,0,0,0.5,0.5,0.733333333,0.666666667,0.071428571,0.2,1,1,0.951219512
0,0.479452055,0.338145543,0.6,0,0,0.397959184,0.25,1,0,1,0.2,1,0,0.951219512
0,0.273972603,0.075466388,0.6,0,0,0.602040816,0.5,1,0.666666667,0.857142857,0.2,1,1,0.951219512
0,0.356164384,0.010402438,0.6,0,0,0.397959184,0.5,1,0.666666667,0.214285714,0.2,1,1,0.951219512
0,0.109589041,0.141940241,0.533333333,0,0,0.397959184,0.5,0.733333333,0.666666667,0.571428571,0.8,0.5,0,0.902439024
0,0.712328767,0.103150973,0.533333333,0,0,0.193877551,0.75,0.733333333,0.333333333,0.714285714,0,1,1,0.951219512
0,0.301369863,0.089214303,0.8,0,0,0.806122449,0.625,0.6,0.666666667,0.714285714,0.8,1,0,0.951219512
1,0.301369863,0.081586345,1,0,0,0.418367347,0.5,0.666666667,0.333333333,0.285714286,0,1,1,0.951219512
0,0.205479452,0.044211039,0.4,0,0,0.448979592,0.5,0.066666667,0.333333333,0.071428571,0,1,1,0.951219512
1,0.657534247,0.228813726,0.8,0.106051061,0,0.193877551,0.5,0.6,0.333333333,0.071428571,0,1,1,0.951219512
0,0.205479452,0.037916536,0.533333333,0,0.340909091,0.397959184,0.5,0.733333333,0.333333333,0.214285714,0,1,1,0.951219512
0,0.109589041,0.076311383,0.533333333,0,0,0.397959184,0.5,0.733333333,0.666666667,0.428571429,0.6,0.5,0,0.951219512
0,0.178082192,0.149614881,0.533333333,0,0,0.448979592,0.5,0.733333333,0.666666667,0.857142857,0.6,1,0,0.951219512
1,0.315068493,0.124974714,0.8,0.086140861,0,0.397959184,0.25,0.6,0,0.928571429,0.2,1,0,0.219512195
0,0.219178082,0.117172886,0.8,0,0,0.448979592,0.5,0.6,0.666666667,0.714285714,0.2,1,0,0.951219512
0,0.273972603,0.073704008,0.533333333,0,0.396235078,0.5,0.5,0.733333333,0,0.5,0.8,1,1,0.951219512
0,0.643835616,0.023798554,0.6,0,0,0.346938776,0.75,1,0.666666667,0.714285714,0.2,1,0,0.951219512
0,0.232876712,0.185968615,0.6,0,0,0.397959184,0.5,1,0,0.071428571,0.8,1,1,0.951219512
0,0.410958904,0.219715651,0.6,0,0,0.397959184,0.625,1,0.333333333,0.357142857,0,1,1,0.951219512
0,0.123287671,0.264866401,0.733333333,0,0,0.397959184,0.5,0.466666667,0.666666667,0.571428571,0.6,0.5,1,0.951219512
0,0.452054795,0.10171536,0.533333333,0,0,0.448979592,0.5,0.733333333,0.333333333,0.285714286,0,1,1,0.951219512
0,0.424657534,0.039187749,0.6,0,0,0.193877551,0.5,1,0,0.714285714,0.8,1,0,0.951219512
0,0.02739726,0.279769165,0.6,0,0,0.397959184,0.5,1,0.666666667,0.857142857,0.8,0.5,0,0.951219512
1,0.465753425,0.10263951,0.533333333,0,0,0.193877551,0,0.733333333,0.5,0,0.2,1,1,0.951219512
1,0.452054795,0.050725417,0.533333333,0,0,0.551020408,0,0.733333333,0.333333333,0,0,1,1,0.951219512
0,0.01369863,0.048146457,0.533333333,0,0,0.244897959,0.5,0.733333333,0.666666667,0.071428571,0.2,1,0,0.951219512
0,0.246575342,0.10440392,0.6,0,0,0.397959184,0.5,1,0.333333333,0.285714286,0,1,1,0.951219512
1,0.424657534,0.073720922,0.8,0,0.567493113,0.704081633,0.5,0.6,0.5,0.857142857,0.8,1,0,0.951219512
1,0.780821918,0.134488859,0.533333333,0,0,0.397959184,0.5,0.733333333,0.333333333,0.285714286,0,1,1,0.951219512
0,0.123287671,0.239902849,0.533333333,0,0,0.397959184,0.5,0.733333333,0.666666667,1,0.2,1,1,0.951219512
0,0.273972603,0.006673364,0.533333333,0,0,0.173469388,0.5,0.733333333,0.666666667,0.571428571,0.6,0,1,0.951219512
1,0.465753425,0.106099322,0.866666667,0,0,0.397959184,0.5,0.8,0.333333333,0.857142857,0,1,1,0.951219512
1,0.178082192,0.099656657,0.866666667,0,0,0.459183673,0,0.8,0.333333333,0,0,1,1,0.951219512
1,0.273972603,0.139298363,0.8,0,0.433195592,0.397959184,0.25,0.6,0.333333333,0.714285714,0,1,1,0.951219512
0,0.150684932,0.059232874,0.8,0,0,0.37755102,0.5,0.6,0.666666667,0.285714286,0.2,1,1,0
1,0.397260274,0.072003193,0.533333333,0.07298073,0,0.397959184,0.5,0.733333333,0.333333333,0.214285714,0,1,1,0.951219512
0,0.04109589,0.069469561,0.533333333,0,0,0.397959184,0,0.733333333,0.666666667,0,0.6,1,1,0.951219512
0,0.178082192,0.064770332,0.6,0,0,0.397959184,0.5,1,0.333333333,0.214285714,0,1,1,0.951219512
0,0.493150685,0.012181055,0.533333333,0,0,0.397959184,0.5,0.733333333,0.666666667,0.857142857,0.2,1,0,0.951219512
0,0.191780822,0.045850966,0.533333333,0,0,0.642857143,0.25,0.733333333,0.666666667,0.5,0.6,1,1,0.951219512
0,0.342465753,0.167924011,0.533333333,0,0,0.397959184,0.5,0.733333333,0.666666667,0.5,0.6,0.5,0,0.951219512
0,0.232876712,0.142699993,0.8,0,0,0.448979592,0.5,0.6,0.333333333,0.714285714,0,1,1,0.707317073
0,0,0.061947819,0.4,0,0,0.030612245,0.75,0.066666667,0.666666667,0.714285714,0.6,1,0,0.951219512
0,0.068493151,0.162416321,0.533333333,0,0,0.265306122,0.5,0.733333333,0.666666667,0.571428571,0.2,1,1,0.951219512
0,0.520547945,0.143040968,0.6,0,0,0.397959184,0.25,1,0,0.285714286,0.2,0,0,0.951219512
0,0.301369863,0.07181038,0.6,0,0,0.397959184,0.5,1,0,0.857142857,0.2,1,1,0.951219512
1,0.301369863,0.109569959,0.8,0.150241502,0,0.602040816,0.5,0.6,0.333333333,0.285714286,0,1,1,0.951219512
1,0.479452055,0.076794431,0.866666667,0,0.424242424,0.397959184,0.875,0.8,0.333333333,0.714285714,1,0.5,0,0.951219512
0,0.260273973,0.089214303,0.533333333,0,0,0.397959184,0.5,0.733333333,0,0.285714286,0.2,1,0,0.951219512
0,0.178082192,0.060600156,0.2,0,0,0.5,0.5,0.333333333,0.666666667,0.214285714,0.2,1,1,0.951219512
0,0.164383562,0.217673862,0.6,0,0,0.397959184,0.5,1,0.666666667,0.214285714,0.2,1,1,0.951219512
0,0.369863014,0.065616004,0.6,0,0,0.37755102,0.5,1,0.666666667,0.214285714,0.2,1,1,0.951219512
0,0.630136986,0.090595793,0.8,0,0,0.397959184,0,0.6,0.333333333,0,0,1,1,0.951219512
0,0.191780822,0.156198943,0.8,0,0,0.397959184,0.5,0.6,0.666666667,0.714285714,0.8,1,1,0.951219512
1,0.397260274,0.261617668,1,0,0.436639118,0.520408163,0.25,0.666666667,0.333333333,0.714285714,1,1,0,0.951219512
1,0.246575342,0.025283554,0.8,0.07298073,0,0.397959184,0.125,0.6,0.333333333,0.714285714,0,1,1,0.951219512
0,0.01369863,0.104145483,0.533333333,0,0,0.193877551,0.5,0.733333333,0.666666667,0.571428571,0.6,1,0,0.951219512
0,0.150684932,0.221893425,0.533333333,0.031370314,0,0.448979592,0.5,0.733333333,0.333333333,0.214285714,0,1,1,0.951219512
0,0.383561644,0.110708571,0.533333333,0,0,0.397959184,0.5,0.733333333,0.333333333,0.214285714,0,1,1,0.951219512
0,0.095890411,0.066358842,0.533333333,0,0,0.397959184,0.5,0.733333333,0,0.785714286,0.2,1,1,0.951219512
0,0.219178082,0.117075464,0.666666667,0,0,0.397959184,0.5,0.533333333,0.333333333,0.071428571,1,0.5,0,0.951219512
0,0.369863014,0.091279095,0.6,0,0,0.112244898,0.75,1,0.666666667,0.214285714,0.6,1,1,0.951219512
0,0.136986301,0.131139999,0.333333333,0,0,0.602040816,0.25,0,0.333333333,0.214285714,0,1,1,0.951219512
1,0.452054795,0.102605684,0.533333333,0,0,0.397959184,0.75,0.733333333,0.333333333,1,0,1,1,0.951219512
1,0.506849315,0.050437212,0.533333333,0,0.436639118,0.397959184,0.5,0.733333333,0.333333333,0.214285714,0,0.25,1,0.951219512
0,0.287671233,0.110381127,0.533333333,0,0,0.397959184,0.5,0.733333333,0.666666667,0.428571429,0.2,0.5,1,0.951219512
0,0.246575342,0.137070526,0.533333333,0,0,0.397959184,0.5,0.733333333,0.333333333,1,0,0.75,1,0.146341463
0,0.082191781,0.208379592,0.533333333,0,0,0.397959184,0.5,0.733333333,0.666666667,0.285714286,0.2,1,1,0.951219512
0,0.575342466,0.352262172,0.533333333,0,0,0.397959184,0.5,0.733333333,0.333333333,0.571428571,0.4,1,1,0.658536585
0,0.479452055,0.120746356,0.066666667,0,0,0.397959184,0.5,0.2,0.333333333,0.5,0,1,1,0.634146341
0,0.260273973,0.140263782,0.8,0.021740217,0,0.5,0.75,0.6,0.666666667,0.857142857,0.2,0.5,0,0.951219512
1,0.164383562,0.213434679,0.6,0,0,0.551020408,0.5,1,0,0.285714286,0.8,1,1,0.951219512
1,0.219178082,0.040628097,0.933333333,0,0,0.653061224,0.5,0.933333333,0.333333333,0.285714286,0,0.25,1,0.585365854
1,0.273972603,0.226779378,0.733333333,0,0,0.397959184,0.25,0.466666667,0.333333333,0.214285714,0,1,1,0.951219512
0,1,0.136869594,0.2,0.026530265,0,0.397959184,0.25,0.333333333,0.333333333,0.785714286,0,1,1,0.951219512
1,0.287671233,0.104996567,0.6,0,0,0.520408163,0.5,1,0.333333333,0.214285714,0,1,1,0.951219512
0,0.109589041,0.059953387,0.8,0,0,0.244897959,0,0.6,0.333333333,0,1,1,0,0.951219512
0,0.287671233,0.115890847,0.533333333,0,0,0.397959184,0.5,0.733333333,0.666666667,0.714285714,0.2,1,0,0.951219512
0,0.369863014,0.075289812,0.266666667,0,0,0.397959184,0.5,0.4,0.333333333,0.5,0,0.5,1,0.951219512
0,0.082191781,0.218374078,0.8,0,0,0.295918367,0.5,0.6,0.666666667,0.714285714,0.2,1,1,0.951219512
0,0.082191781,0.140640613,0.533333333,0,0,0.244897959,0.5,0.733333333,0.666666667,0.857142857,0.4,0.5,0,0.56097561
0,0.04109589,0.103861337,0.6,0,0,0.397959184,0.5,1,0.666666667,0.071428571,0.6,0.75,0,0.951219512
0,0.383561644,0.009807085,0.533333333,0,0,0.071428571,0.5,0.733333333,0.333333333,0.714285714,0,0,1,0.951219512
0,0.287671233,0.119827618,0.533333333,0,0,0.346938776,0.5,0.733333333,0.5,0.571428571,0.2,1,1,0
0,0.232876712,0.07078272,0.533333333,0,0,0.5,0.5,0.733333333,0.333333333,0.214285714,0,1,1,0.951219512
0,0.068493151,0.032504913,0.6,0,0,0.346938776,0.5,1,0.333333333,0.571428571,0,1,1,0.951219512
0,0.068493151,0.114928811,0.533333333,0,0,0.397959184,0.5,0.733333333,0.833333333,0.857142857,0.8,1,0,0.951219512
0,0.397260274,0.102929745,0.533333333,0,0,0.448979592,0.5,0.733333333,0,0.071428571,0.6,1,0,0.951219512
1,0.452054795,0.262729896,0.933333333,0,0,0.357142857,0.5,0.933333333,0.333333333,0.714285714,0,1,1,0.951219512
0,0.424657534,0.071013419,0.533333333,0,0,0.316326531,0.5,0.733333333,1,0.071428571,0.2,1,0,0.951219512
0,0.561643836,0.157173156,0.666666667,0.039080391,0,0.397959184,0.5,0.533333333,0.333333333,0.285714286,0,1,1,0.951219512
1,0.054794521,0.137868163,0.733333333,0,0,0.459183673,0.5,0.466666667,0.333333333,0.071428571,1,0,0,0.951219512
0,0.191780822,0.446600569,0.4,0,0,0.397959184,0,0.066666667,0.833333333,0,0.2,0.5,1,0.951219512
1,0.712328767,0.129074531,1,0,0,0.5,0.875,0.666666667,0.333333333,0.714285714,0,1,1,0.951219512
0,0.123287671,0.099233145,0.866666667,0,0,0.397959184,0.875,0.8,0.666666667,0.285714286,0.2,1,0,0.951219512
0,0.315068493,0.012263592,0.8,0,0,0.397959184,0.5,0.6,0.666666667,0.714285714,0.2,1,0,0.951219512
0,0.01369863,0.01693373,0.6,0,0,0.5,0.5,1,0.666666667,0.071428571,0.6,1,1,0.951219512
1,0.424657534,0.064234515,0.8,1,0,0.5,0.75,0.6,0.333333333,0.285714286,0,1,1,0.951219512
1,0.260273973,0.126212101,0.866666667,0,0,0.397959184,0.5,0.8,0.333333333,0.285714286,0,1,1,0.951219512
1,0.465753425,0.226359925,0.8,0,0,0.551020408,0.5,0.6,0.333333333,0.285714286,0,1,1,0.951219512
0,0.452054795,0.155172635,0.666666667,0,0,0.193877551,0.5,0.533333333,0,0.571428571,0.2,1,0,0.951219512
1,0.520547945,0.133469994,0.533333333,0,0,0.5,0.625,0.733333333,0,0.857142857,0.8,1,0,0.951219512
1,0.260273973,0.048445486,0.6,0,0,0.397959184,0.5,1,0.333333333,0.285714286,0,1,1,0.951219512
1,0.287671233,0.178791231,0.533333333,0.076880769,0,0.704081633,0.5,0.733333333,0.333333333,0.285714286,0,1,1,0.951219512
1,0.219178082,0.116021419,0.533333333,0,0,0.397959184,0.5,0.733333333,0.333333333,0.285714286,0,1,1,0.951219512
0,0.273972603,0.065859558,0.533333333,0,0,0.397959184,0.5,0.733333333,0,0.571428571,0.2,1,0,0.951219512
1,0.191780822,0.105160965,0.8,0.150241502,0,0.479591837,0.5,0.6,0.333333333,0.714285714,0,0.25,1,0.731707317
1,0.410958904,0.135195841,0.533333333,0,0,0.397959184,0.625,0.733333333,0.333333333,0.214285714,0,1,1,0.951219512
1,0.232876712,0.074640336,0.8,0.076880769,0,0.5,0.5,0.6,0.333333333,0.571428571,1,0.25,0,0.731707317
0,0.219178082,0.031134249,0.666666667,0,0,0.397959184,0.5,0.533333333,0.333333333,0.214285714,0,1,1,0.951219512
0,0.287671233,0.057826353,0.466666667,0,0,0.163265306,0.5,0.133333333,0.666666667,0.571428571,0.8,1,0,0.951219512
1,0.246575342,0.092427179,0.533333333,0,0,0.153061224,0.5,0.733333333,0.333333333,0.571428571,1,1,0,0.951219512
0,0.410958904,0.137885753,0.6,0,0,0.346938776,0.5,1,0.5,0.285714286,0.8,1,0,0.804878049
1,0.465753425,0.00671531,0.866666667,0,0.436639118,0.602040816,0.5,0.8,0.333333333,0.714285714,0,1,1,0.951219512
1,0.205479452,0.068383718,0.8,0,0,0.397959184,0.5,0.6,0.666666667,0.714285714,0.2,1,1,0.951219512
1,0.534246575,0.241193682,0.866666667,0,0,0.397959184,0.75,0.8,0.333333333,0.857142857,0,1,1,0.951219512
0,0.328767123,0.159744675,0.533333333,0,0,0.397959184,0.25,0.733333333,0.833333333,1,0.6,1,1,0.951219512
0,0.342465753,0.279119013,0.6,0.039080391,0,0.397959184,0.5,1,0.333333333,0.5,0,1,1,0.951219512
0,0.287671233,0.179324342,0.6,0,0,0.397959184,0.5,1,0.333333333,0.214285714,0,1,1,0.951219512
1,0.479452055,0.150882712,0.8,0,0,0.397959184,0.5,0.6,0.333333333,0.714285714,0,1,1,0.951219512
0,0.602739726,0.00945055,0.533333333,0,0,0.397959184,0.5,0.733333333,0,0.285714286,0.2,1,0,0.951219512
0,0.068493151,0.122278713,0.533333333,0,0,0.295918367,0.5,0.733333333,0.5,0.857142857,0.8,1,0,0.951219512
0,0.178082192,0.130661687,0.533333333,0,0,0.193877551,0,0.733333333,0.333333333,0,1,1,0,0.951219512
0,0.424657534,0.07057367,0.866666667,0,0,0.5,0.25,0.8,0,0.714285714,0.8,0.25,0,0.658536585
1,0.383561644,0.155675303,0.8,0,0,0.397959184,0.5,0.6,0.333333333,0.285714286,0,1,1,0.951219512
0,0.068493151,0.264684412,0.533333333,0,0,0.397959184,0.5,0.733333333,0.333333333,0.5,0,1,1,0.951219512
1,0.356164384,0.018037162,0.8,0,0,0.5,0.5,0.6,0.333333333,0.714285714,0,1,1,0.951219512
0,0.260273973,0.064053879,0.533333333,0,0,0.397959184,0.5,0.733333333,0.333333333,0.5,0,1,1,0.951219512
0,0.04109589,0.023512379,0.6,0,0,0.397959184,0.5,1,0.666666667,0.214285714,0.6,1,1,0.951219512
0,0.178082192,0.080840124,0.866666667,0,0,0.397959184,0.25,0.8,0.666666667,0.071428571,0.2,1,0,0.951219512
0,0.506849315,0.07205664,0.533333333,0,0,0.448979592,0.5,0.733333333,0.333333333,0.071428571,0,1,1,0.951219512
0,0.397260274,0.137113824,0.133333333,0,0.536960514,0.448979592,0.5,0.266666667,0,0.214285714,0.2,1,0,0.951219512
1,0.410958904,0.092489421,0.533333333,0,0,0.602040816,0.25,0.733333333,0.333333333,0.785714286,0,1,1,0.951219512
0,0.054794521,0.198334365,0.6,0,0,0.397959184,0.5,1,0.666666667,0.285714286,0.2,1,1,0.951219512
1,0.561643836,0.231199196,0.533333333,0,0,0.397959184,0.5,0.733333333,0.333333333,0.071428571,1,1,0,0.951219512
0,0.219178082,0.207450706,0.533333333,0,0,0.346938776,0.25,0.733333333,0,1,0.2,1,0,0.951219512
0,0.054794521,0.158871265,0.533333333,0,0,0.602040816,0.5,0.733333333,0.666666667,0.071428571,0.6,0.5,0,0.951219512
1,0.849315068,0.057368337,0.466666667,0.184811848,0,0.448979592,0.625,0.133333333,1,0.857142857,0.2,1,1,0.951219512
0,0.246575342,0.195909655,0.533333333,0,0,0.5,0.5,0.733333333,0.666666667,0.214285714,0.8,1,1,0.951219512
0,0.315068493,0.195216881,0.066666667,0,0,0.397959184,0.5,0.2,0.333333333,0.214285714,0,0.75,1,0.634146341
1,0.273972603,0.047517277,0.8,0.150241502,0,0.397959184,0.5,0.6,0.333333333,0.285714286,0,1,1,0.951219512
0,0.01369863,0.0492986,0.466666667,0,0,0.234693878,0,0.133333333,0.666666667,0,0.6,0.25,0,0.268292683
0,0.219178082,0.04127622,0.533333333,0.018310183,0,0.397959184,0.875,0.733333333,0.666666667,0.571428571,0.8,0.5,0,0.951219512
0,0.260273973,0.321219932,0.2,0,0,0.397959184,0.625,0.333333333,0.666666667,0.214285714,0.8,0.5,1,0.951219512
0,0.068493151,0.128452793,0.6,0,0,0.397959184,0.5,1,0.666666667,0.571428571,0.6,1,0,0.951219512
0,0.178082192,0.11997375,0.6,0.068490685,0,0.397959184,0.5,1,0,0.714285714,0.2,1,0,0.219512195
1,0.506849315,0.231038857,0.6,0,0,0.397959184,0.5,1,0.333333333,0.071428571,0,1,1,0.951219512
1,0.356164384,0.159533595,0.533333333,0,0,0.43877551,0.5,0.733333333,0.333333333,0.5,0,1,1,0.951219512
0,0.054794521,0.079195462,0.6,0,0,0.397959184,0.875,1,0.666666667,0.785714286,0.2,1,1,0.951219512
0,0.520547945,0.027513421,0.533333333,0,0,0.397959184,0.5,0.733333333,0,0.571428571,0.8,1,0,0.951219512
0,0.273972603,0.083716761,0.666666667,0,0,0.397959184,0.5,0.533333333,0.333333333,0.571428571,0,1,1,0.951219512
0,0.191780822,0.104161719,0.533333333,0,0,0.397959184,0.5,0.733333333,0.333333333,0.5,0,1,1,0.951219512
0,0.178082192,0.025081269,0.466666667,0,0,0.397959184,0.5,0.133333333,0.666666667,0.857142857,0.6,0.5,0,0.951219512
0,0.328767123,0.138132689,0.6,0,0,0.397959184,0.5,1,0,0.071428571,0.6,0.5,0,0.951219512
1,0.273972603,0.238915781,0.6,0.051780518,0,0.397959184,0.25,1,0.333333333,0.214285714,0,1,1,0.951219512
0,0.452054795,0.211229167,0.533333333,0,0,0.479591837,0.75,0.733333333,1,0.285714286,0.8,0.25,0,0.853658537
0,0.136986301,0.101358149,0.266666667,0,0,0.397959184,0,0.4,0.666666667,0,0.6,1,0,0.951219512
0,0.095890411,0.109529367,0.4,0,0,0.234693878,0,0.066666667,0.333333333,0,1,0.75,0,0.951219512
0,0.205479452,0.060210471,0.533333333,0,0,0.346938776,0.5,0.733333333,0.666666667,0.428571429,0.2,1,0,0.951219512
0,0.369863014,0.192608153,0.533333333,0,0,0.479591837,0.75,0.733333333,0.333333333,0.857142857,0,1,1,0
0,0.095890411,0.134833893,0.533333333,0,0,0.397959184,0.5,0.733333333,0.333333333,1,0.6,1,0,0.951219512
0,0.109589041,0.076839759,0.8,0,0,0.346938776,0.25,0.6,0.666666667,0.714285714,0.6,1,1,0.951219512
1,0.438356164,0.10821959,0.8,1,0,0.397959184,0.625,0.6,0.333333333,0.857142857,0,1,1,0.951219512
0,0.068493151,0.176880013,0.533333333,0,0,0.193877551,0.25,0.733333333,0.666666667,0.357142857,0.6,1,1,0.951219512
0,0.273972603,0.31840689,0.6,0,0,0.653061224,0.875,1,0,0.571428571,0.2,1,1,0.951219512
0,0.315068493,0.053895671,1,0,0,0.397959184,0.875,0.666666667,0.666666667,0.714285714,0.2,0.5,0,0.951219512
0,0.219178082,0.093388539,0.666666667,0,0,0.397959184,0.5,0.533333333,0.333333333,0.928571429,0,1,1,0.951219512
0,0.356164384,0.135719481,0.6,0,0,0.397959184,0.5,1,0.333333333,0.214285714,0,1,1,0.951219512
0,0.767123288,0.081228457,0.2,0,0,0.173469388,0.5,0.333333333,1,0.5,0.2,1,0,0.951219512
0,0.301369863,0.207671934,0.333333333,0,0,0.244897959,0.5,0,0.666666667,0.571428571,0.8,1,0,0.634146341
0,0.02739726,0.124279911,0.533333333,0,0,0.397959184,0.5,0.733333333,0.666666667,0.571428571,0.2,1,0,0.951219512
0,0.109589041,0.06802583,0.8,0,0,0.397959184,0.5,0.6,0.666666667,0.714285714,0.2,1,1,0.951219512
0,0.397260274,0.176242715,0.8,0,0,0.397959184,0.5,0.6,0,0.214285714,0.2,0.5,0,0.951219512
0,0.876712329,0.069267276,0.266666667,0.020620206,0,0.040816327,0.5,0.4,1,0.642857143,0.2,0.5,0,0.951219512
0,0.095890411,0.122541886,0.733333333,0,0,0.020408163,0.5,0.466666667,0.666666667,0.571428571,0.6,1,0,0.951219512
0,0.082191781,0.13553208,0.8,0,0,0.663265306,0.5,0.6,0.666666667,0.571428571,0.2,1,1,0.170731707
0,0.219178082,0.099628919,0.6,0,0,0.37755102,0.5,1,0,0.071428571,0.8,0.5,0,0.951219512
0,0.054794521,0.140834103,0.533333333,0,0,0.397959184,0.5,0.733333333,0.666666667,0.5,0.6,1,1,0.951219512
1,0.219178082,0.180598939,0.8,0,0.453856749,0.397959184,0.5,0.6,0.333333333,0.857142857,0,1,1,0.951219512
0,0.082191781,0.110369626,0.6,0,0,0.397959184,0.5,1,0.666666667,0.071428571,0.6,0.5,0,0.951219512
0,0.01369863,0.100600427,0.4,0,0,0.142857143,0.5,0.066666667,0.666666667,0.571428571,0.6,1,0,0.951219512
0,0.02739726,0.1390176,0.6,0,0,0.142857143,0.5,1,0.666666667,0.571428571,0.6,1,0,0.951219512
0,0.136986301,0.111221387,0.533333333,0,0,0.479591837,0.5,0.733333333,0.666666667,0.571428571,0.2,1,1,0.951219512
0,0.068493151,0.095025759,0.6,0,0,0.091836735,0.5,1,0.666666667,0.071428571,0.2,0.25,0,0.951219512
1,0.232876712,0.147458757,0.8,0,0,0.418367347,0.5,0.6,0.333333333,0.714285714,0,1,1,0.951219512
1,0.465753425,0.130976954,0.6,0,0,0.397959184,0.5,1,0.333333333,0.928571429,1,1,0,0.951219512
1,0.205479452,0.081510573,0.8,0,0,0.5,0.5,0.6,0.333333333,0.857142857,0,1,1,0.951219512
0,0.301369863,0.102124666,0.533333333,0,0,0.602040816,0.5,0.733333333,0.333333333,0.214285714,0,1,1,0.951219512
1,0.506849315,0.101078739,0.866666667,0,0.587465565,0.397959184,0.5,0.8,0,0.714285714,0.2,1,0,0.951219512
0,0.164383562,0.131224566,0.533333333,0,0,0.448979592,0.5,0.733333333,0.333333333,0.214285714,0,1,1,0.951219512
0,0.356164384,0.122570977,0.6,0,0,0.602040816,0.75,1,0.333333333,0.214285714,0,1,1,0.951219512
0,0.068493151,0.244792185,0.533333333,0,0,0.357142857,0.5,0.733333333,0.666666667,0.642857143,0.6,1,0,0.951219512
1,0.301369863,0.253554696,0.533333333,0,0,0.397959184,0.5,0.733333333,0.333333333,0.285714286,0,1,1,0.951219512
1,0.095890411,0.387600424,0.8,0.076880769,0,0.448979592,0.5,0.6,0.333333333,0.285714286,1,1,0,0.951219512
0,0.150684932,0.153285773,0.533333333,0,0,0.193877551,0.5,0.733333333,0.666666667,0.428571429,0.4,1,1,0.951219512
0,0.02739726,0.210495124,0.6,0,0,0.193877551,0.5,1,0.666666667,0.428571429,0.6,1,1,0.951219512
0,0.136986301,0.070526312,0.8,0,0,0.397959184,0.5,0.6,0.666666667,0.285714286,0.2,1,0,0.951219512
1,0.273972603,0.147316007,0.533333333,0,0,0.459183673,0.5,0.733333333,0.333333333,0.214285714,0,1,1,0.951219512
0,0.04109589,0.189223437,0.533333333,0,0,0.397959184,0.5,0.733333333,0.666666667,0.857142857,0.6,1,1,0.951219512
0,0.273972603,0.104951239,0.533333333,0,0,0.5,0.5,0.733333333,0.333333333,0.857142857,0,1,1,0.951219512
1,0.410958904,0.04481654,0.8,0,0,0.602040816,0.5,0.6,0.333333333,0.857142857,0,1,1,0.951219512
1,0.356164384,0.190033252,0.8,0,0,0.397959184,0.5,0.6,0.333333333,0.857142857,0,1,1,0.951219512
0,0.109589041,0.111324897,0.6,0,0,0.602040816,0.5,1,0.666666667,0.285714286,0.2,1,0,0.951219512
0,0.657534247,0.054821851,0.6,0,0,0.448979592,0.5,1,0.333333333,0.285714286,1,1,0,0.951219512
1,0.273972603,0.127234349,0.8,0,0,0.5,0.75,0.6,0.333333333,0.214285714,0,1,1,0.951219512
0,0.01369863,0.053608819,0.533333333,0,0,0.244897959,0.5,0.733333333,0.666666667,0.857142857,0.4,1,1,0.951219512
0,0.547945205,0.185744005,0.333333333,0,0,0.071428571,0.75,0,0.333333333,0.214285714,0,1,1,0.951219512
0,0.164383562,0.067985914,0.533333333,0,0,0.448979592,0.5,0.733333333,0,0.285714286,0.8,1,0,0.951219512
0,0.602739726,0.022121418,0.533333333,0,0,0.193877551,0.75,0.733333333,0.333333333,0.214285714,0,1,1,0.951219512
0,0.602739726,0.064374558,0.2,0,0.379017447,0.397959184,0.5,0.333333333,0.333333333,1,0,0.5,1,0.951219512
0,0.068493151,0.200974214,0.6,0,0,0.142857143,0.875,1,0.666666667,0.071428571,0.2,1,0,0.951219512
1,0.520547945,0.127631477,0.533333333,0,0,0.479591837,0.5,0.733333333,0.333333333,0.214285714,0,1,1,0.951219512
0,0.164383562,0.044635228,0.933333333,0,0,0.5,0.5,0.933333333,0.666666667,0.714285714,0.6,1,1,0.951219512
1,0.397260274,0.072961847,0.8,0.03103031,0,0.397959184,0.5,0.6,0.333333333,0.285714286,0,1,1,0.951219512
0,0.164383562,0.126201277,0.533333333,0,0,0.37755102,0.5,0.733333333,0.666666667,0.285714286,0.2,1,0,0.951219512
0,0.301369863,0.118156571,0.533333333,0,0,0.37755102,0.5,0.733333333,0.333333333,0.214285714,0,1,1,0.951219512
0,0.068493151,0.050932438,0.666666667,0,0.404499541,0.397959184,0.5,0.533333333,0.666666667,0.571428571,0.2,1,0,0.951219512
0,0.821917808,0.091331865,0.533333333,0,0,0.132653061,0,0.733333333,1,0,0.2,1,0,0.951219512
0,0.410958904,0.103873515,0.6,0,0,0.397959184,0.25,1,0,1,0.8,1,1,0.951219512
0,0.123287671,0.065561881,0.6,0,0,0.397959184,0.875,1,0.666666667,0.214285714,0.2,1,0,0.951219512
0,0.287671233,0.067797161,0.8,0,0,0.602040816,0.875,0.6,0.333333333,0.785714286,0,1,1,0.951219512
0,0.01369863,0.100600427,0.4,0,0,0.051020408,0,0.066666667,0.666666667,0,0.6,1,0,0.951219512
1,0.082191781,0.166436982,0.8,0,0.512167126,0.397959184,0.75,0.6,0.666666667,0.071428571,0.6,1,1,0.951219512
1,0.342465753,0.23316792,0.866666667,0,0,0.397959184,0.5,0.8,0.333333333,0.285714286,0,1,1,0.951219512
0,0.123287671,0.216205099,0.8,0,0,0.295918367,0.5,0.6,0.666666667,0.285714286,0.2,1,1,0.951219512
0,0.479452055,0.040053717,0.533333333,0,0.362488522,0.397959184,0.25,0.733333333,0.333333333,0.214285714,0,1,1,0.951219512
0,0.123287671,0.064767626,0.533333333,0.033250333,0,0.397959184,0.5,0.733333333,0.666666667,0.214285714,0.6,1,1,0.951219512
1,0.232876712,0.111659783,0.6,0.043860439,0,0.397959184,0.875,1,0.333333333,0.714285714,0,0.5,1,0.951219512
1,0.287671233,0.122910599,0.6,0,0,0.397959184,0.5,1,0.333333333,0.214285714,0,0.25,1,0.731707317
1,0.301369863,0.15389195,0.933333333,0,0.436639118,0.5,0.625,0.933333333,0.333333333,0.714285714,0,1,1,0.951219512
1,0.232876712,0.088363896,0.866666667,0.07298073,0,0.346938776,0.5,0.8,0.333333333,0.285714286,0,0.25,1,0.87804878
0,0.698630137,0.117211448,0.6,0,0,0.193877551,0.5,1,0,0.857142857,0.2,1,0,0.951219512
1,0.602739726,0.145343224,0.533333333,0,0,0.397959184,0.75,0.733333333,0.333333333,0.285714286,0,1,1,0.951219512
0,0.506849315,0.130423546,0.333333333,0,0,0.357142857,0.75,0,0.333333333,0.214285714,0,1,1,0.951219512
0,0.109589041,0.074557122,0.8,0,0.396235078,0.602040816,0.5,0.6,0.666666667,0.285714286,0.6,1,0,0.951219512
0,0.328767123,0.222172835,0.533333333,0,0,0.397959184,0.25,0.733333333,0,0.071428571,0.2,1,0,0.951219512
0,0.315068493,0.079163665,0.533333333,0,0,0.448979592,0.75,0.733333333,0.333333333,0.571428571,0,1,1,0.951219512
0,0.082191781,0.071362512,0.8,0,0,0.397959184,0.5,0.6,0.333333333,0.857142857,0,1,1,0.951219512
1,0.452054795,0.11062671,0.8,0,0,0.397959184,0.5,0.6,0.333333333,0.857142857,0,1,1,0.951219512
1,0.534246575,0.037120251,1,0,0,0.602040816,0.5,0.666666667,0.333333333,0.285714286,0,1,1,0.951219512
1,0.356164384,0.067111152,0.666666667,0.03103031,0,0.397959184,0.125,0.533333333,0.333333333,0.714285714,0,1,1,0.951219512
0,0.465753425,0.091785145,0.533333333,0.034110341,0,0.37755102,0.5,0.733333333,0.333333333,0.071428571,1,0.5,0,0.951219512
0,0.260273973,0.232176116,0.333333333,0,0,0.397959184,0.5,0,0.833333333,0.857142857,0.2,1,1,0.951219512
1,0.205479452,0.146998711,0.666666667,0,0,0.602040816,0.5,0.533333333,0.333333333,0.571428571,0,1,1,0.951219512
0,0.02739726,0.021995582,0.6,0,0,0.142857143,0.5,1,0.666666667,0.357142857,0.2,1,0,0.951219512
0,0.438356164,0.107580263,0.533333333,0,0,0.397959184,0.5,0.733333333,0.333333333,0.5,1,0.5,0,0.951219512
0,0.123287671,0.081498395,0.6,0,0,0.448979592,0.5,1,0.666666667,0.571428571,0.6,1,0,0.951219512
0,0.054794521,0.089106734,0.6,0,0,0.193877551,0,1,0.666666667,0,0.6,0.5,1,0.951219512
1,0.232876712,0.071892918,0.8,0.051780518,0,0.244897959,0.875,0.6,0.333333333,0.928571429,0.6,1,0,0
1,0.410958904,0.241627343,0.6,0,0,0.295918367,0.5,1,0.333333333,0.214285714,0,0.5,1,0.951219512
0,0.479452055,0.166070299,0.666666667,0,0,0.397959184,0.5,0.533333333,0,0.071428571,0.2,1,0,0.268292683
0,0.136986301,0.03137036,0.666666667,0,0,0.397959184,0.5,0.533333333,0.833333333,0.071428571,0.8,1,0,0.951219512
0,0.479452055,0.111873569,0.533333333,0,0,0.469387755,0.5,0.733333333,0,0.214285714,0.2,1,1,0.951219512
0,0.520547945,0.272447678,0.533333333,0,0,0.397959184,0.5,0.733333333,0.333333333,0.214285714,0,1,1,0.951219512
1,0.369863014,0.103390467,0.866666667,0,0,0.397959184,0.875,0.8,0.333333333,0.714285714,0,1,1,0.951219512
0,0.164383562,0.207604956,0.466666667,0,0,0.397959184,0.5,0.133333333,0.333333333,1,0,1,1,0.634146341
1,0.260273973,0.143616024,0.8,1,0,0.448979592,0.5,0.6,0.666666667,0.714285714,0.2,1,1,0.951219512
0,0.191780822,0.272130382,0.466666667,0,0,0.602040816,0.5,0.133333333,0.666666667,0.357142857,0.2,0.5,1,0.951219512
1,0.260273973,0.078259134,0.8,0,0,0.5,0.5,0.6,0.333333333,0.285714286,0,1,1,0.951219512
0,0.260273973,0.096328094,0.8,0,0,0.551020408,0.5,0.6,0.666666667,0.285714286,0.6,1,1,0.951219512
1,0.575342466,0.097767765,0.533333333,0.135501355,0,0.602040816,0.75,0.733333333,1,0.285714286,0.2,1,0,0.951219512
0,0.150684932,0.11559723,0.533333333,0,0,0.5,0.5,0.733333333,0.333333333,0.214285714,0,1,1,0.951219512
0,0.136986301,0.201052016,0.266666667,0,0,0.091836735,0.5,0.4,0.666666667,0.428571429,0.2,1,1,0.951219512
0,0.328767123,0.096996512,0.4,0,0,0.397959184,0.5,0.066666667,0.666666667,0.428571429,0.4,0.5,0,0.951219512
0,0.273972603,0.135673476,0.533333333,0,0,0.397959184,0.5,0.733333333,0.333333333,0.571428571,0,0.5,1,0.951219512
0,1,0.026695487,0.533333333,0,0.506427916,0.397959184,0.5,0.733333333,0.666666667,0.571428571,0.2,0.5,1,0.951219512
0,0.356164384,0.041301252,0.933333333,0,0,0.316326531,0.5,0.933333333,0.666666667,0.357142857,0.2,1,0,0.951219512
0,0.698630137,0.064693884,0.533333333,0,0,0.397959184,0.5,0.733333333,0.666666667,0.857142857,0.2,1,0,0.951219512
1,0.589041096,0.112323466,0.4,0,0.436639118,0.704081633,0.5,0.066666667,0.333333333,0.857142857,0,1,1,0.951219512
1,0.315068493,0.13051082,0.733333333,0,0,0.602040816,0.5,0.466666667,0.333333333,0.857142857,0,1,1,0.951219512
0,0.04109589,0.059268731,0.6,0,0,0.295918367,0,1,0.666666667,0,0.6,1,0,0.951219512
0,0.178082192,0.13500641,0.6,0,0,0.153061224,0.5,1,0.833333333,0.857142857,0.8,0.5,0,0.951219512
0,0.356164384,0.171151094,0.533333333,0,0,0.397959184,0.5,0.733333333,0.333333333,0.214285714,0,1,1,0.951219512
0,0.287671233,0.157501277,0.533333333,0,0,0.397959184,0.5,0.733333333,0.333333333,0.214285714,0,1,1,0.658536585
0,0.643835616,0.041355375,0.533333333,0,0,0.5,0.5,0.733333333,0.333333333,0.857142857,0,1,1,0.951219512
0,0.068493151,0.014990715,0.533333333,0,0,0.244897959,0.5,0.733333333,0.666666667,0.357142857,0.2,1,1,0.951219512
1,0.506849315,0.185079645,0.533333333,0,0,0.397959184,0.5,0.733333333,0.333333333,1,0,1,1,0.951219512
0,0.04109589,0.188836457,0.4,0,0,0.397959184,0.5,0.066666667,0.666666667,0.428571429,0.6,0.5,1,0.951219512
1,0.356164384,0.203459812,0.533333333,0.043860439,0,0.397959184,0.5,0.733333333,0.333333333,0.5,0,0.5,1,0.951219512
0,0.287671233,0.080188619,0.533333333,0,0,0.397959184,0.5,0.733333333,0,0.5,0.4,1,0,0.951219512
1,0.424657534,0.186179695,0.866666667,0,0,0.397959184,0.5,0.8,0.333333333,0.928571429,0,1,1,0.951219512
0,0.082191781,0.046586362,0.533333333,0,0,0.397959184,0.5,0.733333333,0.666666667,0.571428571,0.4,1,0,0.951219512
0,0.520547945,0.127631477,0.533333333,0,0,0.724489796,0.75,0.733333333,0.333333333,1,0,1,1,0.951219512
1,0.287671233,0.217416101,0.8,0.150241502,0,0.704081633,0.5,0.6,0.333333333,0.714285714,0,1,1,0.951219512
1,0.356164384,0.056705331,0.6,0,0.433195592,0.397959184,0.25,1,0.333333333,0.785714286,0,1,1,0.951219512
0,0.246575342,0.15389195,0.8,0,0,0.37755102,0.5,0.6,0.666666667,0.571428571,0.2,1,1,0.951219512
1,0.232876712,0.060364045,0.8,0,0,0.5,0.5,0.6,0,0.857142857,0.2,1,0,0.951219512
0,0.123287671,0.196410969,0.533333333,0,0,0.448979592,0.5,0.733333333,0.666666667,1,0.6,1,1,0.951219512
1,0.219178082,0.149085152,0.8,0,0,0.397959184,0.5,0.6,0.333333333,0.857142857,0,1,1,0.951219512
1,0.424657534,0.161261472,0.866666667,0,0,0.346938776,0.5,0.8,0.333333333,0.714285714,0,1,1,0.951219512
0,0.438356164,0.070395741,0.533333333,0,0.149908173,0.602040816,0.5,0.733333333,0.833333333,0.714285714,0.8,1,0,0.951219512
0,0.246575342,0.168702029,0.533333333,0,0,0.397959184,0.5,0.733333333,0.333333333,0.5,0,1,1,0.951219512
0,0.123287671,0.084912202,0.8,0,0,0.193877551,0.75,0.6,0.333333333,0.285714286,0,1,1,0.951219512
0,0.178082192,0.039463776,0.866666667,0,0,0.091836735,0.875,0.8,0.333333333,0.714285714,0,0.25,1,0.073170732
0,0.232876712,0.170232357,0.6,0,0,0.5,0.5,1,0.333333333,0.857142857,0,1,1,0.951219512
1,0.150684932,0.017265233,0.8,0,0,0.397959184,0.5,0.6,0.333333333,0.857142857,0,1,1,0.951219512
0,0.04109589,0.134289957,0.6,0,0,0.091836735,0,1,0.666666667,0,0.6,1,0,0.951219512
1,0.315068493,0.10571099,0.533333333,0,0,0.602040816,0.5,0.733333333,0.333333333,0.857142857,0,1,1,0.951219512
0,0.643835616,0.166239433,0.6,0,0,0.397959184,0.5,1,1,0.071428571,0.2,1,0,0.12195122
0,0.150684932,0.122367339,0.533333333,0,0,0.397959184,0.5,0.733333333,0,0.857142857,0.6,1,0,0.951219512
1,0.589041096,0.167455171,0.8,0,0,0.448979592,0.25,0.6,0.333333333,0.714285714,1,1,0,0.951219512
0,0.410958904,0.08232377,0.8,0.028850289,0,0.653061224,0.5,0.6,0.333333333,0.285714286,0,0.25,1,0.585365854
0,0.150684932,0.101660561,0.2,0,0,0.479591837,0.5,0.333333333,0.333333333,0.5,0.4,0.25,0,0.073170732
0,0.02739726,0.016778126,0.6,0,0,0.193877551,0.5,1,0.666666667,0.071428571,0.6,1,0,0.951219512
0,0.671232877,0.103729412,0.6,0,0,0.5,0.625,1,0.333333333,0.857142857,0,1,1,0.951219512
0,0.356164384,0.116427342,0.8,0,0,0.346938776,0.5,0.6,0.333333333,0.714285714,0,1,1,0.951219512
1,0.616438356,0.058983909,0.533333333,0,0,0.448979592,0.5,0.733333333,0.333333333,0.285714286,0,1,1,0.951219512
0,0.109589041,0.042015675,0.8,0,0,0.397959184,0.5,0.6,0.666666667,0.285714286,0.2,0.25,0,0.951219512
1,0.273972603,0.07296117,0.866666667,0,0,0.602040816,0.75,0.8,0.333333333,0.285714286,0,1,1,0.951219512
0,0.301369863,0.061446505,0.8,0,0,0.5,0.75,0.6,0.333333333,0.714285714,0,1,1,0.951219512
0,0.150684932,0.101519841,0.533333333,0,0,0.397959184,0.5,0.733333333,0.666666667,0.571428571,0.2,1,1,0.804878049
0,0.082191781,0.089221745,0.8,0,0,0.295918367,0.25,0.6,0.666666667,0.714285714,0.6,0,1,0.951219512
0,0.315068493,0.140012787,0.533333333,0,0,0.214285714,0.125,0.733333333,0,0.071428571,0.8,1,0,0.951219512
0,0.328767123,0.322316599,0.6,0,0,0.397959184,0.25,1,0.333333333,0.428571429,0,1,1,0.951219512
0,0.04109589,0.138378949,0.533333333,0,0,0.244897959,0.5,0.733333333,0.666666667,0.857142857,0.6,1,0,0.634146341
0,0.561643836,0.209542559,0.533333333,0,0,0.397959184,0.5,0.733333333,0.333333333,0.214285714,0,1,1,0.951219512
0,0.547945205,0.074562534,0.266666667,0,0,0.520408163,0.5,0.4,1,0.571428571,0.8,0.5,1,0
0,0.01369863,0.310930476,0.533333333,0,0,0.142857143,0,0.733333333,0.666666667,0,0.6,1,0,0.951219512
0,0.02739726,0.190610338,0.4,0,0,0.316326531,0.5,0.066666667,0.666666667,0.857142857,0.6,0.75,0,0.658536585
1,0.383561644,0.153088224,0.533333333,0.150241502,0,0.5,0.5,0.733333333,0.333333333,0.857142857,0,1,1,0.951219512
0,0.232876712,0.144885885,0.533333333,0,0,0.397959184,0.5,0.733333333,0,0.071428571,0.6,1,1,0.951219512
0,0.095890411,0.24638746,0.8,0,0,0.346938776,0.5,0.6,0.333333333,0.857142857,0,1,1,0.951219512
0,0.506849315,0.185847515,0,0,0,0.602040816,0.5,0.866666667,0.333333333,0.357142857,0,1,1,0.951219512
1,0.178082192,0.124550526,0.8,0.150241502,0,0.346938776,0.5,0.6,0.333333333,0.714285714,0,1,1,0.951219512
1,0.452054795,0.110130132,0.933333333,0,0,0.448979592,0.625,0.933333333,0.333333333,0.714285714,0,1,1,0.951219512
1,0.397260274,0.193233273,0.8,0,0,0.5,0.125,0.6,0.333333333,0.714285714,0,0.25,1,0.951219512
0,0.109589041,0.123749505,0.533333333,0,0,0.5,0.5,0.733333333,0.333333333,0.857142857,0,0.75,1,0.951219512
0,0.02739726,0.11566962,0.6,0,0,0.397959184,0.5,1,0.666666667,0.071428571,0.6,1,1,0.951219512
0,0.136986301,0.127334477,0.2,0,0,0.448979592,0.5,0.333333333,0.333333333,1,0,1,1,0.951219512
0,0.397260274,0.124177077,0.8,0,0,0.5,0.5,0.6,0.333333333,1,0,1,1,0
1,0.191780822,0.078049408,0.733333333,0,0.436639118,0.37755102,0.5,0.466666667,0.333333333,0.285714286,0,1,1,0.951219512
0,0.273972603,0.175767785,0.6,0,0,0.193877551,0.75,1,0.333333333,0.071428571,1,1,0,0.951219512
0,0.150684932,0.216467596,0.533333333,0,0,0.448979592,0.25,0.733333333,0.833333333,1,0.6,1,1,0.951219512
0,0.136986301,0.107617472,0.733333333,0,0,0.397959184,0.5,0.466666667,0.666666667,0.214285714,0.6,1,1,0.951219512
0,0.602739726,0.085991956,0.6,0,0,0.153061224,0.5,1,0.666666667,0.928571429,0.6,1,1,0.951219512
0,0.191780822,0.063697344,0.533333333,0,0,0.397959184,0.5,0.733333333,0.666666667,0.071428571,0.2,1,0,0.951219512
0,0.438356164,0.149041854,0.8,0,0,0.653061224,0.75,0.6,0,0.357142857,0.2,1,1,0.951219512
1,0.178082192,0.079440368,0.8,1,0,0.346938776,0.5,0.6,0.333333333,0.714285714,0,1,1,0.951219512
0,0.205479452,0.011405743,0.8,0,0,0.346938776,0.5,0.6,0.666666667,0.857142857,0.2,1,1,0.951219512
0,0.109589041,0.093413571,0.533333333,0,0,0.397959184,0.75,0.733333333,0,0.571428571,0.8,1,0,0.951219512
1,0.301369863,0.169510491,0.533333333,0,0,0.5,0.5,0.733333333,0.333333333,0.285714286,0,1,1,0.951219512
0,0.095890411,0.17898878,0.533333333,0,0.404499541,0.397959184,0.5,0.733333333,0,0.785714286,0.6,1,0,0.951219512
1,0.493150685,0.097951783,0.733333333,0,0,0.397959184,0.5,0.466666667,0.333333333,0.5,0,1,1,0.951219512
0,0.205479452,0.011519401,0.533333333,0,0,0.397959184,0.5,0.733333333,0.333333333,1,0,1,1,0.951219512
0,0.575342466,0.12156023,0.4,0.039080391,0,0.275510204,0.5,0.066666667,0.333333333,0.571428571,1,1,0,0.951219512
0,0.383561644,0.057295948,0.6,0,0,0.397959184,0.5,1,0,0.428571429,0.8,1,0,0.951219512
0,0.082191781,0.13411744,0.533333333,0,0,0.397959184,0.5,0.733333333,0.666666667,0.071428571,0.6,1,1,0.951219512
1,0.246575342,0.182460093,0.6,0,0,0.397959184,0.5,1,0.333333333,0.714285714,0,1,1,0.951219512
0,0.479452055,0.236510691,0.6,0,0,0.5,0.5,1,0,0.285714286,0.2,1,0,0.951219512
0,0.301369863,0.102152404,0.6,0.02202022,0,0.43877551,0.25,1,0.666666667,0.071428571,0.2,1,0,0.951219512
0,0.232876712,0.109940025,0.8,0,0.459366391,0.397959184,0.5,0.6,0.666666667,0.571428571,0.2,1,1,0.951219512
0,0.232876712,0.133299506,0.6,0,0,0.397959184,0.875,1,0.333333333,0.785714286,0,1,1,0.951219512
0,0.082191781,0.08827527,0.8,0,0,0.173469388,0.5,0.6,0.666666667,0.928571429,0.2,1,1,0.951219512
0,0.315068493,0.084622644,0.6,0,0,0.5,0.625,1,0.333333333,0.285714286,0,0.25,1,0.073170732
0,0.301369863,0.118924441,0.266666667,0,0,0.244897959,0.5,0.4,0.333333333,1,0,1,1,0.951219512
0,0.315068493,0.081076236,0.6,0,0,0.397959184,0.875,1,0.333333333,0.071428571,0,1,1,0.951219512
0,0.246575342,0.067567814,0.333333333,0,0,0.397959184,0.5,0,0.333333333,0.214285714,0,1,1,0.951219512
1,0.383561644,0.151748003,0.866666667,0.076880769,0,0.551020408,0.25,0.8,0.333333333,0.714285714,0,1,1,0.951219512
0,0.02739726,0.116685102,0.533333333,0,0,0.255102041,0.5,0.733333333,0.666666667,0.071428571,0.2,1,0,0.951219512
1,0.465753425,0.115612114,0.533333333,0,0,0.397959184,0.75,0.733333333,0.333333333,0.857142857,0,1,1,0.951219512
0,0.273972603,0.136967015,0.533333333,0,0,0.397959184,0.5,0.733333333,0.333333333,0.5,0,1,1,0.951219512
0,0.04109589,0.236012083,0.533333333,0,0,0.448979592,0.5,0.733333333,0.666666667,0.857142857,0.8,1,1,0.951219512
0,0.602739726,0.153117991,0.2,0,0,0.37755102,0.5,0.333333333,1,0.571428571,0.8,0.5,0,0.951219512
0,0.534246575,0.027424794,0.6,0,0,0.704081633,0.75,1,0.333333333,0.214285714,0,1,1,0.951219512
0,0.136986301,0.079319268,0.6,0,0,0.397959184,0.5,1,0.666666667,0.857142857,0.2,1,0,0.951219512
0,0.328767123,0.083578071,0.666666667,0,0,0.397959184,0.5,0.533333333,0.333333333,0.714285714,0,1,1,0.951219512
1,0.479452055,0.012479408,0.533333333,0.07298073,0,0.397959184,0.125,0.733333333,0.333333333,0.285714286,0,1,1,0.951219512
0,0.424657534,0.036058764,0.6,0,0,0.397959184,0.5,1,0.833333333,0.071428571,0.8,1,0,0.951219512
0,0.01369863,0.118170102,0.4,0,0,0.193877551,0.5,0.066666667,0.666666667,0.571428571,0.6,1,0,0.951219512
1,0.438356164,0.231063889,0.533333333,0,0.433195592,0.397959184,0.5,0.733333333,0.333333333,0.214285714,0,1,1,0.951219512
1,0.383561644,0.128145645,1,0,0,0.602040816,0.625,0.666666667,0.333333333,0.714285714,0,1,1,0.951219512
0,0.575342466,0.058833717,0.6,0,0,0.397959184,0.5,1,0,0.571428571,0.2,1,1,0.951219512
1,0.397260274,0.097154146,0.8,0,0,0.397959184,0.5,0.6,0.333333333,1,0,1,1,0.951219512
0,0.205479452,0.126473245,0.8,0,0,0.551020408,0.875,0.6,0.333333333,0.071428571,0,1,1,0.951219512
0,0.136986301,0.190895837,0.4,0,0,0.397959184,0.5,0.066666667,0.333333333,0.357142857,0,1,1,0.951219512
0,0.643835616,0.142533565,0.2,0,0,0.397959184,0.875,0.333333333,0.333333333,0.571428571,1,0.5,0,0.951219512
0,0.369863014,0.193290779,0.733333333,0,0,0.5,0.5,0.466666667,0.666666667,0.285714286,0.2,0.25,0,0.951219512
0,0.301369863,0.067653058,0.866666667,0,0,0.397959184,0.25,0.8,0,0.714285714,0.2,1,0,0.951219512
0,0.054794521,0.185755506,0.533333333,0,0,0.346938776,0.5,0.733333333,0.666666667,0.571428571,0.6,1,1,0.951219512
0,0.643835616,0.118737717,0.4,0,0,0.397959184,0.75,0.066666667,0.333333333,0.214285714,0,1,1,0.951219512
0,0.410958904,0.057431932,0.533333333,0,0,0.397959184,0.5,0.733333333,0,0.071428571,0.8,1,0,0.951219512
0,0.602739726,0.086499359,0.6,0,0,0.397959184,0.75,1,0.333333333,0.214285714,0,1,1,0.951219512
0,0.232876712,0.089942934,0.533333333,0.040640406,0,0.346938776,0.5,0.733333333,0.333333333,0.071428571,1,1,0,0.951219512
0,0.136986301,0.124319826,0.6,0,0,0.602040816,0.5,1,0.333333333,0.214285714,0,1,1,0.951219512
1,0.342465753,0.14775508,0.533333333,0.051780518,0,0.5,0.5,0.733333333,0.333333333,0.857142857,0,1,1,0.951219512
0,0.04109589,0.102414224,0.6,0,0,0.295918367,0,1,0.666666667,0,0.6,1,0,0.951219512
1,0.452054795,0.076538023,0.933333333,0,0,0.520408163,0.25,0.933333333,0.666666667,0.285714286,0.2,0.5,0,0.951219512
0,0.465753425,0.057316244,0.533333333,0,0,0.397959184,0.5,0.733333333,0.333333333,0.214285714,0,1,1,0.951219512
0,0.164383562,0.181537296,0.6,0,0,0.397959184,0.5,1,0.333333333,0.428571429,0,1,1,0.951219512
0,0.410958904,0.118157248,0.4,0,0,0.397959184,0.5,0.066666667,0.333333333,1,0,0.5,1,0.951219512
0,0.342465753,0.152964418,0.533333333,0,0,0.357142857,0.5,0.733333333,0,0.928571429,0.8,1,0,0.951219512
0,0.02739726,0.183788136,0.333333333,0,0.367768595,0.448979592,0.5,0,0.666666667,0.428571429,0.4,1,1,0.951219512
0,0.547945205,0.095820014,0.533333333,0,0,0.397959184,0.5,0.733333333,0.333333333,1,0,1,1,0.951219512
0,0.493150685,0.129142861,0.666666667,0,0,0.448979592,0.5,0.533333333,0.333333333,0.285714286,0,1,1,0.951219512
0,0.01369863,0.09547295,0.4,0,0,0.244897959,0.25,0.066666667,0.666666667,0.071428571,0.4,1,0,0.951219512
0,0.575342466,0.095177304,0.6,0.033250333,0,0.397959184,0.5,1,0.833333333,0.071428571,0.4,1,1,0.951219512
1,0.342465753,0.190449322,0.8,0,0,0.5,0.875,0.6,0.333333333,0.285714286,0,1,1,0.951219512
0,0.246575342,0.093316149,0.8,0,0,0.234693878,0.5,0.6,0.333333333,0.571428571,1,1,0,0.756097561
0,0.082191781,0.133605978,0.533333333,0,0,0.397959184,0.5,0.733333333,0.666666667,0.071428571,0.6,1,0,0.951219512
0,0.547945205,0.261793568,0.8,0,0.340909091,0.397959184,0.875,0.6,0.333333333,0.071428571,0,0.25,1,0.073170732
0,0.150684932,0.128488649,0.533333333,0,0,0.5,0.5,0.733333333,0.333333333,0.5,0,1,1,0.804878049
0,0.356164384,0.117301428,0.066666667,0,0,0.204081633,0.5,0.2,1,0.714285714,0.8,1,0,0.634146341
0,0.602739726,0.114164324,0.533333333,0,0,0.602040816,0.75,0.733333333,0.333333333,0.357142857,0,1,1,0.951219512
0,0.356164384,0.0653941,0.8,0,0,0.479591837,0.25,0.6,0,0.714285714,0.8,1,0,0.951219512
0,0.178082192,0.130654245,0.533333333,0,0,0.397959184,0.5,0.733333333,0.666666667,0.071428571,0.8,1,1,0.951219512
1,0.356164384,0.229833267,0.8,0.150241502,0,0.448979592,0.5,0.6,0.333333333,0.857142857,0,1,1,0.951219512
1,0.342465753,0.097620956,0.6,0,0,0.367346939,0.5,1,0.333333333,0.5,1,1,0,0.951219512
0,0.534246575,0.437904358,0.466666667,0,0,0.397959184,0.5,0.133333333,1,0.571428571,0.8,0.5,0,0.951219512
0,0.260273973,0.171959557,0.533333333,0,0,0.479591837,0.5,0.733333333,0.666666667,1,0.6,0.5,1,0.951219512
1,0.191780822,0.061775302,0.533333333,0,0,0.551020408,0.5,0.733333333,0.333333333,0.857142857,0,1,1,0.951219512
0,0.616438356,0.079128485,0.533333333,0,0,0.397959184,0,0.733333333,0.333333333,0,0,1,1,0.951219512
0,0.602739726,0.258605724,0.533333333,0,0,0.051020408,0,0.733333333,0.333333333,0,0,0.5,1,0.951219512
0,0.383561644,0.213627492,0.866666667,0,0,0.602040816,0.75,0.8,0.666666667,0.714285714,0.2,1,0,0.951219512
0,0.232876712,0.144941361,0.533333333,0,0,0.397959184,0.5,0.733333333,0.666666667,0.357142857,0.2,1,1,0.951219512
0,0.342465753,0.190882306,0.866666667,0,0,0.397959184,0.125,0.8,0.333333333,0.714285714,0,1,1,0.951219512
0,0.424657534,0.039977268,0.866666667,0,0,0.397959184,0.125,0.8,0.666666667,0.285714286,0.2,1,1,0.951219512
1,0.315068493,0.095359969,0.8,0,0.436639118,0.316326531,0.5,0.6,0.333333333,0.285714286,0,1,1,0.951219512
0,0.397260274,0.068401308,0.866666667,0,0.399449036,0.602040816,0.5,0.8,0.333333333,0.071428571,0,1,1,0.951219512
0,0.534246575,0.023431871,0.333333333,0,0,0.397959184,0.5,0,0.333333333,0.5,0,1,1,0.951219512
1,0.301369863,0.010231274,0.533333333,0.07298073,0,0.5,0.5,0.733333333,0.333333333,0.857142857,0,1,1,0.951219512
0,0.082191781,0.032504913,0.6,0,0,0.602040816,0.5,1,0.666666667,1,0.2,1,1,0.951219512
1,0.150684932,0.085519056,0.8,0,0,0.397959184,0.5,0.6,0.333333333,0.285714286,0,1,1,0.951219512
0,0.01369863,0.097639899,0.4,0,0,0.244897959,0,0.066666667,0.666666667,0,0.6,1,0,0.951219512
0,0.383561644,0.017388363,0.6,0,0,0.448979592,0.5,1,0.333333333,0.857142857,0,1,1,0.951219512
0,0.164383562,0.161614624,0.533333333,0,0,0.397959184,0.5,0.733333333,0,0.071428571,0.6,1,0,0.951219512
0,0.410958904,0.125441525,0.6,0,0,0.397959184,0.5,1,0.333333333,0.214285714,0,1,1,0.951219512
0,0.246575342,0.058252572,0.6,0,0,0.091836735,0,1,0.666666667,0,0.8,1,1,0.951219512
1,0.438356164,0.086933019,0.8,0,0.554407713,0.020408163,0.5,0.6,0.333333333,0.714285714,1,1,0,0.951219512
0,0.219178082,0.014222845,0.6,0,0,0.704081633,0.75,1,0.666666667,0.357142857,0.2,1,1,0.951219512
1,0.534246575,0.110812758,0.533333333,0.150241502,0,0.234693878,0.5,0.733333333,0.333333333,0.071428571,1,1,0,0.951219512
1,0.178082192,0.161367011,0.533333333,0,0,0.397959184,0.5,0.733333333,0.333333333,0.214285714,0,1,1,0.951219512
0,0.109589041,0.085568444,0.8,0,0,0.193877551,0.5,0.6,0.666666667,0.714285714,0.2,1,1,0.951219512
1,0.082191781,0.186523376,0.8,0.105201052,0,0.397959184,0.875,0.6,0.666666667,0.714285714,0.2,1,1,0.951219512
0,0.123287671,0.063980813,0.666666667,0,0,0.397959184,0.5,0.533333333,0.666666667,0.071428571,0.2,1,0,0.951219512
0,0,0.129714535,0.4,0,0,0.142857143,0.5,0.066666667,0.666666667,0.857142857,0.8,1,1,0.951219512
1,0.342465753,0.106282664,0.866666667,0,0,0.397959184,0.5,0.8,0.333333333,0.714285714,0,1,1,0.951219512
0,0.04109589,0.031428542,0.6,0,0,0.142857143,0,1,0.666666667,0,0.6,1,1,0.951219512
0,0.712328767,0.338746985,0.4,0,0,0.448979592,0.5,0.066666667,0.333333333,0.714285714,0,0.5,1,0.951219512
0,0.534246575,0.165934315,0.6,0,0,0.397959184,0.5,1,0.333333333,0.857142857,0,1,1,0.951219512
0,0.123287671,0.029526796,0.866666667,0,0,0.479591837,0.5,0.8,0.666666667,0.285714286,0.2,1,0,0.951219512
1,0.424657534,0.077442554,0.866666667,0.150241502,0,0.397959184,0.5,0.8,0.333333333,0.714285714,0,1,1,0.951219512
0,0.232876712,0.188400767,0.533333333,0,0,0.397959184,0.5,0.733333333,0,0.428571429,0.6,1,0,0.951219512
0,0.383561644,0.113078482,0.6,0,0,0.551020408,0.5,1,0.333333333,1,0,1,1,0.951219512
0,0.602739726,0.081349557,0.333333333,0,0,0.397959184,0.5,0,0.333333333,0.214285714,0,1,1,0.951219512
0,0.479452055,0.089969996,0.8,0,0,0.397959184,0.5,0.6,0.333333333,0.214285714,0,0.25,1,0.951219512
0,0.397260274,0.200288205,0.066666667,0,0,0.295918367,0.5,0.2,1,0.571428571,0.8,0.75,0,0.634146341
1,0.561643836,0.28260318,0.333333333,0,0,0.5,0.5,0,0.333333333,1,0,1,1,0.951219512
0,0.246575342,0.107597853,0.533333333,0,0,0.397959184,0.5,0.733333333,0.333333333,0.214285714,0,1,1,0.951219512
0,0.342465753,0.01885239,0.533333333,0,0,0.602040816,0.5,0.733333333,0.333333333,1,0,1,1,0.951219512
0,0.150684932,0.045726483,0.6,0,0,0.367346939,0.5,1,0.666666667,0.571428571,0.2,1,1,0.951219512
0,0.328767123,0.111243712,0.533333333,0,0,0.602040816,0.25,0.733333333,0.333333333,1,0,1,1,0.951219512
0,0.136986301,0.075425796,0.733333333,0,0,0.397959184,0.25,0.466666667,0.666666667,0.071428571,0.8,0.5,0,0.951219512
0,0.369863014,0.063046515,0.533333333,0,0,0.397959184,0.5,0.733333333,0.333333333,0.214285714,0,0.75,1,0.804878049
0,0.04109589,0.10316518,0.133333333,0,0,0.397959184,0.5,0.266666667,0.666666667,0.428571429,0.4,1,1,0.317073171
1,0.315068493,0.334239217,1,0,0,0.397959184,0.875,0.666666667,0.333333333,0.714285714,0,0.25,1,0.87804878
0,0.178082192,0.120067789,0.533333333,0,0,0.448979592,0.75,0.733333333,0.666666667,0.214285714,0.2,1,1,0.951219512
0,0.068493151,0.017351153,0.733333333,0,0,0.346938776,0.5,0.466666667,0.666666667,0.285714286,0.2,1,1,0.219512195
0,0.082191781,0.177901584,0.533333333,0,0,0.346938776,0.5,0.733333333,0.666666667,0.5,0.2,0.5,1,0.951219512
0,0.082191781,0.075754593,0.6,0,0,0.397959184,0.5,1,0.666666667,0.785714286,0.6,0.5,0,0.951219512
1,0.465753425,0.125372518,0.8,0,0,0.5,0.5,0.6,0.333333333,0.285714286,0,1,1,0.951219512
0,0.191780822,0.025463513,0.533333333,0,0,0.397959184,0.5,0.733333333,0.333333333,1,0,1,1,0.951219512
0,0.04109589,0.101478572,0.6,0,0,0.602040816,0.5,1,0.666666667,0.5,0.6,1,1,0.951219512
0,0.424657534,0.084005642,0.6,0,0,0.602040816,0.75,1,0.333333333,0.571428571,1,1,0,0.951219512
0,0.219178082,0.083921752,0.533333333,0,0,0.397959184,0.5,0.733333333,0.333333333,0.428571429,0,1,1,0.951219512
1,0.150684932,0.114338871,0.6,0.076880769,0,0.397959184,0.5,1,0.333333333,0.571428571,0.6,1,0,0.951219512
0,0.082191781,0.121098832,0.533333333,0,0,0.397959184,0.75,0.733333333,0.666666667,1,0.6,1,1,0.951219512
0,0.123287671,0.247253428,0.533333333,0,0,0.397959184,0.5,0.733333333,0.666666667,0.5,0.2,1,1,0.951219512
0,0.082191781,0.12042703,0.8,0,0,0.397959184,0.5,0.6,0.666666667,0.714285714,0.6,1,1,0.951219512
0,0.150684932,0.109627465,0.533333333,0,0,0.5,0.5,0.733333333,0.333333333,0.5,0,1,1,0.951219512
0,0.821917808,0.121739513,0.6,0,0,0.397959184,0.625,1,0.333333333,0.285714286,0,1,1,0.951219512
0,0.328767123,0.142598512,0.6,0,0,0.397959184,0.5,1,0.833333333,0.571428571,0.2,0.5,1,0.951219512
0,0.095890411,0.059575879,0.8,0,0,0.193877551,0.5,0.6,0.666666667,0.714285714,0.6,1,1,0.951219512
0,0.054794521,0.129077237,0.533333333,0,0,0.346938776,0.5,0.733333333,0.666666667,0.428571429,0.6,1,1,0.951219512
0,0.082191781,0.69430863,0.533333333,0,0,0.448979592,0.5,0.733333333,0.666666667,0.285714286,0.2,0.5,1,0.951219512
0,0.205479452,0.11573592,0.533333333,0,0,0.397959184,0.5,0.733333333,0.666666667,0.214285714,0.6,1,1,0.951219512
0,0.301369863,0.047655967,0.6,0,0,0.397959184,0.5,1,0.333333333,0.857142857,1,1,0,0.951219512
0,0.150684932,0.099331919,0.4,0,0,0.397959184,0.5,0.066666667,0.833333333,0.571428571,0.2,1,1,0.951219512
1,0.630136986,0.063417258,0.533333333,0,0,0.397959184,0.5,0.733333333,0.333333333,0.214285714,0,1,1,0.951219512
0,0.452054795,0.10874323,0.6,0,0,0.397959184,0.875,1,0.333333333,0.214285714,0,1,1,0.951219512
0,0.095890411,0.172274146,0.6,0,0,0.397959184,0.5,1,0.333333333,0.428571429,0,1,1,0.951219512
1,0.232876712,0.150858357,0.6,0,0,0.867346939,0.5,1,0.666666667,0.5,0.6,1,1,0.951219512
0,0.342465753,0.073743924,0.533333333,0,0,0.448979592,0.5,0.733333333,0,0.5,0.2,1,1,0.951219512
0,0.246575342,0.016933053,0.666666667,0,0,0.397959184,0.875,0.533333333,0.666666667,0.214285714,0.2,1,1,0.951219512
0,0.520547945,0.027469446,0.933333333,0,0,0.091836735,0.75,0.933333333,0.333333333,0.714285714,1,1,0,0.951219512
0,0.506849315,0.124511963,0.8,0,0,0.397959184,0.625,0.6,0.333333333,0.857142857,0,0.5,1,0.56097561
0,0.383561644,0.120156415,0.733333333,0.054550546,0,0.37755102,0.5,0.466666667,0,0.714285714,0.8,1,0,0.951219512
0,0.136986301,0.197324971,0.8,0,0,0.448979592,0.5,0.6,0.333333333,0.857142857,0,1,1,0.951219512
1,0.136986301,0.109368351,0.533333333,0,0,0.397959184,0.5,0.733333333,0.333333333,0.214285714,0,1,1,0.951219512
1,0.328767123,0.12121249,0.866666667,0,0,0.602040816,0.5,0.8,0,0.285714286,0.8,0.5,0,0.951219512
0,0.082191781,0.056628882,0.6,0,0,0.295918367,0.5,1,0.666666667,0.571428571,0.6,1,0,0.951219512
0,0.424657534,0.158382129,0.733333333,0,0,0.397959184,0.25,0.466666667,0.833333333,0.071428571,0.2,0.5,0,0.951219512
1,0.397260274,0.245800225,1,0,0,0.397959184,0.5,0.666666667,0.666666667,0.714285714,0.2,1,1,0.951219512
0,0.205479452,0.060399225,0.8,0,0,0.448979592,0.5,0.6,0.666666667,0.714285714,0.2,1,0,0.951219512
1,0.287671233,0.084852667,0.666666667,0,0,0.397959184,0.5,0.533333333,0.333333333,0.928571429,1,1,0,0.951219512
0,0.04109589,0.207086052,0.533333333,0,0,0.397959184,0.875,0.733333333,0.666666667,0.071428571,0.2,1,1,0.951219512
0,0.602739726,0.107938827,0.533333333,0.028290283,0,0.448979592,0.625,0.733333333,0.333333333,0.285714286,0,1,1,0.951219512
1,0.479452055,0.202267077,0.533333333,0,0,0.397959184,0.625,0.733333333,0.333333333,0.857142857,0,1,1,0.951219512
0,0.506849315,0.108703991,0.8,0,0.307621671,0.397959184,0.5,0.6,0,0.714285714,0.2,1,1,0.951219512
0,0.219178082,0.337749093,0.533333333,0,0,0.397959184,0.5,0.733333333,0.333333333,0.714285714,0,1,1,0.951219512
1,0.369863014,0.251136075,0.533333333,0,0,0.602040816,0.625,0.733333333,0.333333333,0.214285714,0,1,1,0.951219512
0,0.410958904,0.039872405,0.533333333,0,0,0.602040816,0.5,0.733333333,0,0.5,0.8,1,0,0.951219512
0,0.328767123,0.34215538,0.8,0,0.365013774,0.397959184,0.875,0.6,0.666666667,0.785714286,0.2,0.5,1,0.804878049
0,0.383561644,0.018387609,0.533333333,0,0,0.397959184,0.5,0.733333333,0,0.071428571,0.8,1,0,0.951219512
0,0.232876712,0.068645538,0.4,0,0,0.367346939,0.5,0.066666667,0,0.857142857,0.6,0.5,0,0.951219512
0,0.232876712,0.35422413,0.6,0,0,0.295918367,0.5,1,0.666666667,0.571428571,0.2,0.5,1,0.951219512
1,0.301369863,0.106958525,0.866666667,0,0,0.5,0.25,0.8,0.333333333,0.714285714,1,1,0,0.219512195
0,0.821917808,0.135883203,1,0,0,0.397959184,0.5,0.666666667,1,0.285714286,0.8,1,1,0.951219512
0,0.205479452,0.13870301,0.8,0,0,0.295918367,0.5,0.6,0.666666667,0.785714286,0.2,0.5,1,0.951219512
0,0.260273973,0.10222141,0.333333333,0,0,0.397959184,0.5,0,0.666666667,0.428571429,0.6,1,1,0.951219512
0,0.082191781,0.1374115,0.6,0,0,0.397959184,0.5,1,0.666666667,0.214285714,0.2,1,1,0.951219512
0,0.123287671,0.189780903,0.6,0,0,0.346938776,0,1,0,0,0.4,1,0,0.951219512
1,0.383561644,0.138451338,0.866666667,0,0,0.397959184,0.5,0.8,0.333333333,0.285714286,0,1,1,0.951219512
0,0,0.09394127,0.4,0,0,0.142857143,0.5,0.066666667,0.666666667,0.428571429,0.6,1,1,0.951219512
0,0.02739726,0.149848963,0.6,0,0,0.602040816,0,1,0.666666667,0,0.6,1,1,0.951219512
1,0.273972603,0.171068557,0.8,0,0,0.5,0.5,0.6,0.333333333,0.285714286,0,1,1,0.951219512
0,0.397260274,0.149980888,0.533333333,0,0,0.346938776,0.75,0.733333333,0.333333333,0.357142857,0,1,1,0.951219512
0,0.671232877,0.094382372,0.2,0,0,0.091836735,0.5,0.333333333,1,0.571428571,0.2,0.5,0,0.951219512
0,0.068493151,0.197235668,0.333333333,0,0,0.397959184,0.5,0,0.666666667,0.214285714,0.6,1,1,0.951219512
0,0.95890411,0.088821912,0.533333333,0,0,0.153061224,0.5,0.733333333,0.5,0.857142857,0.2,1,1,0.951219512
0,0.260273973,0.037231203,0.533333333,0,0,0.397959184,0.125,0.733333333,0.333333333,0.071428571,0,1,1,0.951219512
1,0.397260274,0.141089834,0.6,0,0,0.581632653,0.75,1,0.333333333,0.285714286,0,1,1,0.951219512
0,0.356164384,0.11413185,0.8,0,0,0.346938776,0.75,0.6,0.833333333,0.214285714,0.8,1,1,0.951219512
0,0.054794521,0.09474432,0.6,0,0,0.397959184,0,1,0.666666667,0,0.6,1,1,0.951219512
0,0.109589041,0.094688844,0.6,0,0,0.397959184,0.5,1,0.666666667,0.428571429,0.6,0.25,1,0.682926829
1,0.424657534,0.09920676,0.533333333,0,0,0.397959184,0.5,0.733333333,0.333333333,0.071428571,1,1,0,0.951219512
0,0.383561644,0.170650457,0.733333333,0,0,0.397959184,0.5,0.466666667,0,0.5,0.6,1,1,0.951219512
1,0.506849315,0.010982231,0.533333333,0,0,0.5,0.5,0.733333333,0.333333333,0.857142857,0,1,1,0.951219512
0,0.123287671,0.099129635,0.8,0,0,0.704081633,0.5,0.6,0.666666667,0.714285714,0.2,1,1,0.951219512
0,0.273972603,0.075777595,0.6,0,0,0.5,0.5,1,0.333333333,0.071428571,0,1,1,0.951219512
0,0.315068493,0.01433515,0.866666667,0,0,0.602040816,0.75,0.8,0.333333333,0.857142857,0,1,1,0.951219512
0,0.479452055,0.078469537,0.533333333,0,0,0.132653061,0.5,0.733333333,0.333333333,0.857142857,0,1,1,0.951219512
0,0.054794521,0.07264658,0.6,0,0,0.346938776,0.5,1,0.666666667,0.928571429,0.6,1,1,0.951219512
0,0.164383562,0.062221816,0.533333333,0,0,0.336734694,0.5,0.733333333,0,0.857142857,0.2,1,0,0.951219512
0,0.534246575,0.070943736,0.2,0,0,0.397959184,0.5,0.333333333,0,0.5,0.2,1,0,0.951219512
0,0.191780822,0.077204412,0.533333333,0,0,0.602040816,0.5,0.733333333,0.666666667,0.357142857,0.2,0.5,0,0.951219512
0,0.095890411,0.244462034,0.8,0,0.345270891,0.397959184,0.5,0.6,0.666666667,0.857142857,0.6,1,0,0.951219512
0,0.657534247,0.096112955,0.533333333,0.029930299,0,0.397959184,0.5,0.733333333,0.666666667,0.071428571,0.2,0.5,0,0.951219512
1,0.287671233,0.220574854,0.933333333,0,0.453856749,0.5,0.125,0.933333333,0.333333333,0.714285714,0,1,1,0.951219512
0,0.205479452,0.131421439,0.4,0,0,0.5,0.5,0.066666667,0,0.214285714,0.6,1,1,0.951219512
1,0.273972603,0.058425089,0.8,0,0,0.153061224,0.5,0.6,0.333333333,0.714285714,1,1,0,0
0,0.191780822,0.133730461,0.6,0,0,0.397959184,0.875,1,0.666666667,0.285714286,0.2,1,1,0.951219512
1,0.191780822,0.089009313,0.733333333,0,0,0.397959184,0.5,0.466666667,0.333333333,0.714285714,1,1,0,0.951219512
0,0.082191781,0.110206581,0.6,0,0,0.397959184,0.5,1,0.666666667,0.071428571,0.2,1,0,0.951219512
1,0.397260274,0.135885909,0.866666667,0,0.453856749,0.397959184,0.125,0.8,0.333333333,0.285714286,0,1,1,0.951219512
0,0.109589041,0.199323463,0.8,0,0,0.5,0.5,0.6,0.333333333,0.714285714,0,1,1,0.951219512
0,0.369863014,0.041210596,0.666666667,0,0,0.397959184,0.25,0.533333333,0,0.928571429,0.8,0.25,1,0.951219512
0,0.383561644,0.121525727,0.533333333,0,0,0.551020408,0.5,0.733333333,0,1,0.8,1,0,0.951219512
1,0.356164384,0.048119395,0.6,0,0,0.5,0.5,1,0.333333333,0.857142857,0,1,1,0.951219512
0,0.082191781,0.106150739,0.6,0,0,0.244897959,0.5,1,0.333333333,0.285714286,1,1,0,0.951219512
0,0.534246575,0.056475985,0.333333333,0,0,0.448979592,0.5,0,0,0.214285714,0.2,1,1,0.951219512
0,0.410958904,0.215000186,0.4,0,0,0.397959184,0.25,0.066666667,0.5,0.214285714,0.2,0.5,1,0.951219512
1,0.643835616,0.123541808,1,0.047870479,0,0.397959184,0.875,0.666666667,0.666666667,0.714285714,0.2,1,0,0.951219512
1,0.123287671,0.111270774,0.533333333,0,0,0.755102041,0.25,0.733333333,0.333333333,0.928571429,0,1,1,0.951219512
0,0.356164384,0.131649432,0.533333333,0,0,0.602040816,0.5,0.733333333,0.666666667,0.071428571,0.8,1,0,0.951219512
1,0.315068493,0.028110127,0.8,0,0,0.5,0.5,0.6,0.333333333,0.857142857,0,1,1,0.951219512
1,0.369863014,0.042212548,0.6,0.051780518,0,0.5,0.5,1,0.333333333,0.214285714,0,1,1,0.951219512
0,0.301369863,0.030538219,0.8,0,0,0.346938776,0.25,0.6,0,0.071428571,0.8,1,0,0.951219512
0,0.04109589,0.12902785,0.533333333,0,0,0.397959184,0.5,0.733333333,0.666666667,1,0.4,1,1,0.951219512
1,0.342465753,0.099888033,0.8,0,0,0.448979592,0.25,0.6,0.333333333,0.714285714,1,1,0,0.951219512
1,0.684931507,0.035985021,0.533333333,0,0,0.397959184,0.125,0.733333333,0.333333333,0.928571429,0,1,1,0.951219512
0,0.178082192,0.022671443,0.6,0,0,0.397959184,0.75,1,0.333333333,0.5,0,1,1,0.951219512
0,0.534246575,0.168421943,0.533333333,0,0,0.397959184,0.5,0.733333333,0.666666667,0.214285714,0.2,1,1,0.951219512
0,0.767123288,0.054131783,0.4,0,0,0.142857143,0.5,0.066666667,0.333333333,0.5,0,1,1,0.951219512
0,0.02739726,0.269496622,0.6,0,0,0.397959184,0.5,1,0.666666667,0.5,0.6,1,1,0.951219512
1,0.273972603,0.238915781,0.6,0,0,0.397959184,0.25,1,0.333333333,0.071428571,0,1,1,0.048780488
0,0.136986301,0.134279133,0.666666667,0,0,0.397959184,0.5,0.533333333,0.666666667,0.428571429,0.2,1,1,0.951219512
0,0.123287671,0.253474188,0.533333333,0,0,0.244897959,0.25,0.733333333,0,0.071428571,0.8,1,0,0.951219512
0,0,0.151413117,0.333333333,0,0,0.071428571,0.5,0,0.666666667,0.571428571,0.6,1,0,0.951219512
0,0.04109589,0.171918288,0.6,0,0,0.479591837,0.5,1,0.666666667,0.714285714,0.6,1,0,0.951219512
0,0.219178082,0.208081915,0.8,0.046500465,0,0.346938776,0.5,0.6,0.833333333,0.714285714,0.2,1,1,0.951219512
0,0.136986301,0.276071889,0.533333333,0,0,0.397959184,0.5,0.733333333,0.666666667,1,0.6,1,1,0.951219512
1,0.287671233,0.064355615,0.266666667,0,0,0.448979592,0.75,0.4,0.333333333,1,0,1,1,0.951219512
0,0.383561644,0.010655463,0.6,0,0,0.5,0.5,1,0.666666667,0.357142857,0.4,1,1,0.951219512
0,0.136986301,0.08218914,0.8,0.02202022,0,0.520408163,0.5,0.6,0.666666667,0.714285714,0.2,0.25,1,0.731707317
0,0.205479452,0.104422863,0.533333333,0,0,0.397959184,0.5,0.733333333,0.333333333,0.5,0,0.5,1,0.951219512
0,0.191780822,0.099036273,0.4,0,0,0.37755102,0.5,0.066666667,0.833333333,0.571428571,0.2,1,1,0.804878049
0,0.301369863,0.323868576,0.8,0,0,0.448979592,0.5,0.6,0.666666667,0.285714286,0.4,0.5,1,0.951219512
0,0.068493151,0.084967002,0.6,0,0,0.193877551,0.5,1,0.666666667,0.785714286,0.2,1,1,0.951219512
0,0.301369863,0.300813536,0.8,0,0,0.397959184,0.5,0.6,0,0.928571429,0.2,1,1,0.951219512
0,0.301369863,0.144277678,0.466666667,0,0,0.397959184,0.5,0.133333333,0.666666667,0.428571429,0.2,1,1,0.951219512
0,0.02739726,0.173489208,0.6,0,0,0.193877551,0.25,1,0.666666667,0.857142857,0.4,1,0,0.951219512
1,0.136986301,0.162077376,0.8,0,0,0.346938776,0,0.6,0.333333333,0,1,0.5,0,0
0,0.191780822,0.072219009,0.533333333,0,0,0.397959184,0.5,0.733333333,0.333333333,0.214285714,0,1,1,0.951219512
0,0.109589041,0.092127473,0.533333333,0.044160442,0,0.397959184,0.5,0.733333333,0.666666667,0.071428571,0.6,0.5,0,0.804878049
0,0.328767123,0.113530409,0.8,0,0,0.346938776,0.25,0.6,0.333333333,0.714285714,0,1,1,0.951219512
0,0.438356164,0.036025614,0.533333333,0,0,0.602040816,0.625,0.733333333,0.333333333,0.714285714,0,1,1,0.951219512
1,0.356164384,0.23402374,0.6,0.03103031,0,0.397959184,0.5,1,0.333333333,0.857142857,0,1,1,0.951219512
0,0.178082192,0.145862128,0.533333333,0,0,0.346938776,0.5,0.733333333,0.666666667,0.285714286,0.6,0.5,0,0.56097561
1,0.287671233,0.061590607,0.8,0,0,0.551020408,0.125,0.6,0.333333333,0.785714286,0,1,1,0.951219512
1,0.369863014,0.082425928,0.533333333,0,0,0.397959184,0.5,0.733333333,0.333333333,0.071428571,1,1,0,0.951219512
0,0.315068493,0.087474926,0.8,0,0,0.346938776,0,0.6,0.666666667,0,0.8,0.5,0,0.951219512
0,0.068493151,0.170885892,0.533333333,0,0,0.397959184,0.5,0.733333333,0.666666667,0.214285714,0.6,1,0,0.951219512
0,0.301369863,0.116098544,0.533333333,0,0,0.397959184,0.5,0.733333333,0.333333333,0.5,0,1,1,0.951219512
0,0.02739726,0.102355365,0.6,0,0,0.295918367,0.5,1,0.666666667,0.857142857,0.6,1,1,0.951219512
1,0.164383562,0.138784195,0.866666667,0,0,0.5,0.5,0.8,0.666666667,0.285714286,0.2,1,0,0.951219512
0,0.273972603,0.088472818,0.6,0,0,0.397959184,0.5,1,0.333333333,0.214285714,0,1,1,0.951219512
0,0.602739726,0.126654557,0.466666667,0,0,0.397959184,0.875,0.133333333,0.333333333,0.214285714,0,1,1,0.951219512
0,0.205479452,0.084659177,0.533333333,0,0,0.397959184,0.5,0.733333333,0.5,0.571428571,0.4,0.75,1,0.634146341
0,0.095890411,0.125341398,0.533333333,0,0,0.397959184,0.5,0.733333333,0.666666667,0.071428571,0.6,1,0,0.951219512
0,0.369863014,0.103722647,0.533333333,0,0,0.479591837,0.5,0.733333333,0.333333333,0.5,0,1,1,0.951219512
0,0.205479452,0.243575094,0.266666667,0,0,0.224489796,0.5,0.4,0.833333333,0.571428571,0.8,1,0,0.634146341
0,0.068493151,0.134682349,0.8,0,0,0.295918367,0.5,0.6,0.666666667,0.285714286,0.2,1,0,0.951219512
0,0.109589041,0.122792881,0.6,0,0,0.5,0.5,1,0.666666667,0.5,0.6,1,0,0.951219512
0,0.054794521,0.102653718,0.6,0,0,0.091836735,0.5,1,0.666666667,0.357142857,0.6,0.5,1,0.951219512
0,0.383561644,0.021073462,0.8,0,0,0.397959184,0.75,0.6,0.666666667,0.285714286,0.2,1,0,0.951219512
1,0.164383562,0.146699682,0.533333333,0,0,0.479591837,0.5,0.733333333,0.333333333,0.071428571,0,1,1,0.951219512
0,0,0.101257345,0.4,0,0,0.295918367,0.25,0.066666667,0.666666667,0.071428571,0.6,0,0,0.951219512
0,0.068493151,0.269366051,0.533333333,0,0,0.551020408,0.5,0.733333333,0.5,0.857142857,0.2,1,1,0.951219512
0,0.383561644,0.115608731,0.6,0,0,0.397959184,0.5,1,0.333333333,0.928571429,1,1,0,0.951219512
1,0.328767123,0.082834556,0.666666667,0.03103031,0,0.397959184,0.75,0.533333333,0.333333333,0.571428571,1,1,0,0.951219512
0,0.465753425,0.082647155,0.533333333,0,0,0.704081633,0.75,0.733333333,0.333333333,0.214285714,0,1,1,0.951219512
0,0.150684932,0.106334757,0.666666667,0,0,0.806122449,0.75,0.533333333,0.333333333,0.357142857,0,1,1,0.951219512
1,0.232876712,0.095956675,0.866666667,0.150241502,0,0.602040816,0.5,0.8,0.333333333,0.285714286,0,1,1,0.951219512
0,0.547945205,0.049118641,0.533333333,0,0,0.5,0.5,0.733333333,0.333333333,1,0,1,1,0.951219512
1,0.273972603,0.128031987,0.733333333,0,0,0.397959184,0.5,0.466666667,0.333333333,0.5,0,1,1,0.951219512
0,0.397260274,0.015459555,0.4,0,0,0.397959184,0.125,0.066666667,0.666666667,0.571428571,0.4,0.5,1,0.951219512
0,0.04109589,0.04793673,0.533333333,0,0,0.397959184,0.625,0.733333333,0.666666667,0.214285714,0.6,1,1,0.951219512
0,0.164383562,0.063505208,0.533333333,0,0,0.5,0.5,0.733333333,0.666666667,0.214285714,0.2,1,1,0.951219512
0,0.136986301,0.056784486,0.533333333,0.034180342,0,0.316326531,0.5,0.733333333,0,0.571428571,0.6,1,0,0.951219512
1,0.342465753,0.106855691,0.866666667,0.140841408,0,0.602040816,0.125,0.8,0.666666667,0.285714286,0.2,1,0,0.951219512
0,0.479452055,0.102960866,0.533333333,0,0,0.37755102,0.5,0.733333333,0.333333333,0.571428571,1,1,0,0.951219512
0,0.328767123,0.170743142,0.4,0,0,0.397959184,0.75,0.066666667,0,0.571428571,0.2,1,0,0.951219512
1,0.287671233,0.068033949,0.933333333,0,0,0.397959184,0.625,0.933333333,0.333333333,0.714285714,0,0.25,1,0.951219512
0,0.136986301,0.126551723,0.533333333,0,0,0.37755102,0.25,0.733333333,0.333333333,0.071428571,0,1,1,0.951219512
0,0.219178082,0.172905356,0.533333333,0,0,0.397959184,0.5,0.733333333,0.666666667,0.214285714,0.6,1,1,0.195121951
0,0.438356164,0.058937227,0.6,0,0,0.448979592,0.625,1,0.333333333,0.285714286,0,1,1,0.951219512
0,0.232876712,0.098100621,0.6,0,0,0.397959184,0.5,1,0.333333333,0.214285714,0,1,1,0.951219512
0,0.054794521,0.13387321,0.266666667,0,0,0.397959184,0.5,0.4,0.5,0.428571429,0.6,1,1,0.951219512
0,0.465753425,0.234389746,0.4,0,0,0.346938776,0.5,0.066666667,0,0.857142857,0.8,1,0,0.951219512
0,0.520547945,0.05407563,0.533333333,0,0,0.448979592,0.5,0.733333333,0.666666667,0.071428571,0.2,1,0,0.951219512
0,0.315068493,0.059106362,0.6,0,0,0.602040816,0.75,1,0.333333333,0.714285714,0,1,1,0.951219512
1,0.205479452,0.112014288,0.533333333,0,0,0.551020408,0.125,0.733333333,0.333333333,0.214285714,0,1,1,0.951219512
0,0.082191781,0.14327302,0.533333333,0,0,0.397959184,0.5,0.733333333,0.333333333,0.5,0,1,1,0.951219512
0,0.205479452,0.048638976,0.533333333,0,0,0.448979592,0.5,0.733333333,0.666666667,0.428571429,0.2,1,0,0.951219512
0,0.273972603,0.148090642,0.533333333,0,0,0.397959184,0.5,0.733333333,0.333333333,0.5,0,1,1,0.951219512
0,0.356164384,0.066954872,0.6,0,0,0.418367347,0.5,1,0.333333333,1,0,1,1,0.951219512
1,0.260273973,0.110040829,0.8,0,0.433195592,0.5,0.5,0.6,0.333333333,0.714285714,0,1,1,0.951219512
0,0.273972603,0.094367488,0.2,0,0,0.397959184,0.5,0.333333333,0.333333333,0.214285714,0,1,1,0.951219512
1,0.232876712,0.115301583,0.8,0,0,0.551020408,0.75,0.6,0.666666667,0.714285714,0.2,1,0,0.951219512
0,0.082191781,0.129163157,0.8,0,0,0.397959184,0.5,0.6,0.666666667,0.714285714,0.2,1,0,0.951219512
1,0.342465753,0.157215778,0.533333333,0.086140861,0,0.397959184,0.5,0.733333333,0,0.928571429,0.2,1,1,0.634146341
0,0.178082192,0.077204412,0.4,0,0,0.397959184,0,0.066666667,0.666666667,0,0.8,0.5,0,0.951219512
0,0.04109589,0.055529509,0.6,0,0,0.193877551,0.5,1,0.666666667,0.714285714,0.2,0.75,0,0.951219512
0,0.890410959,0.094622543,0.2,0,0,0.010204082,0.5,0.333333333,0.333333333,0.428571429,0,1,1,0.951219512
0,0,0.121523021,0.4,0,0,0.193877551,0.25,0.066666667,0.666666667,0.857142857,0.6,1,1,0.951219512
1,0.726027397,0.144437341,0.6,0,0,0.193877551,0.625,1,0.333333333,0.285714286,0,1,1,0.951219512
0,0.260273973,0.148741471,0.6,0,0,0.806122449,0.5,1,0.333333333,0.428571429,0,1,1,0.951219512
0,0.219178082,0.116066747,0.533333333,0,0,0.37755102,0.5,0.733333333,0.333333333,0.571428571,1,1,0,0.195121951
0,0.136986301,0.052305132,0.6,0,0,0.602040816,0.5,1,0.666666667,0.071428571,0.8,1,0,0.951219512
0,0.082191781,0.315746068,0.6,0,0,0.397959184,0.5,1,0.666666667,0.571428571,0.6,1,0,0.951219512
0,0.397260274,0.097984257,0.533333333,0,0,0.397959184,0.75,0.733333333,0.333333333,1,0,1,1,0.951219512
0,0.452054795,0.195720901,0.533333333,0,0,0.397959184,0.5,0.733333333,0.666666667,0.5,0.2,1,1,0.951219512
1,0.534246575,0.13586223,0.533333333,0,0,0.357142857,0.5,0.733333333,0.333333333,0.857142857,0,1,1,0.951219512
0,0.232876712,0.111868156,0.733333333,0,0,0.397959184,0.75,0.466666667,0.666666667,0.214285714,0.2,1,1,0.951219512
0,0.123287671,0.086705703,0.533333333,0,0,0.397959184,0.5,0.733333333,0.333333333,0.428571429,1,1,0,0.951219512
0,0.178082192,0.212008538,0.533333333,0,0,0.397959184,0.25,0.733333333,0.333333333,0.285714286,0,1,1,0.951219512
0,0.109589041,0.118566553,0.6,0,0,0.397959184,0.5,1,0.666666667,0.214285714,0.2,1,1,0.951219512
0,0.479452055,0.056182367,0.8,0,0,0.397959184,0.5,0.6,0.333333333,0.5,0,1,1,0.463414634
0,0.534246575,0.190732115,0.533333333,0,0,0.479591837,0.5,0.733333333,0,0.714285714,0.2,1,0,0.951219512
0,0.753424658,0.011216989,0.2,0,0,0.132653061,0.75,0.333333333,0.333333333,1,0,1,1,0.951219512
0,0.438356164,0.111310013,0.6,0,0,0.5,0.5,1,0.333333333,0.214285714,0,1,1,0.048780488
0,0.123287671,0.13839045,0.866666667,0,0,0.091836735,0.5,0.8,0.666666667,0.714285714,0.2,1,0,0.951219512
0,0.191780822,0.106106088,0.6,0,0,0.5,0.5,1,0.333333333,0.714285714,0,1,1,0.951219512
0,0.397260274,0.135753307,0.4,0,0,0.316326531,0.5,0.066666667,0.333333333,0.214285714,0,1,1,0.951219512
0,0.191780822,0.237359745,0.533333333,0,0,0.173469388,0.5,0.733333333,0.666666667,0.571428571,0.8,0.5,1,0.951219512
0,0.260273973,0.149236697,0.8,0,0,0.397959184,0.5,0.6,0.333333333,0.928571429,0,1,1,0.951219512
0,0.465753425,0.049831711,0.6,0,0,0.316326531,0.5,1,0,0.857142857,0.2,1,0,0.951219512
1,0.287671233,0.144387954,0.533333333,0,0,0.397959184,0.5,0.733333333,0.333333333,0.5,0,1,1,0.12195122
0,0.260273973,0.072135118,0.733333333,0,0,0.397959184,0.5,0.466666667,0.666666667,0.071428571,0.8,0.5,0,0.56097561
0,0.342465753,0.222508398,0.133333333,0,0,0.43877551,0.5,0.266666667,0.333333333,0.571428571,0,1,1,0.634146341
0,0.424657534,0.088623686,0.533333333,0,0,0.479591837,0.5,0.733333333,1,0.5,0.2,1,0,0.951219512
0,0.506849315,0.102341157,0.533333333,0,0,0.295918367,0.25,0.733333333,0.666666667,0.071428571,0.2,1,0,0.951219512
0,0.301369863,0.124498432,0.6,0,0,0.234693878,0.5,1,0.333333333,0.571428571,1,1,0,0.951219512
0,0.328767123,0.13713412,0.533333333,0,0,0.397959184,0.875,0.733333333,0,0.285714286,0.2,1,0,0.951219512
1,0.287671233,0.056252051,0.533333333,0,0,0.397959184,0.125,0.733333333,0.333333333,0.071428571,0,1,1,0.951219512
1,0.301369863,0.054026919,0.666666667,0.076880769,0,0.551020408,0.5,0.533333333,0.333333333,0.285714286,1,1,0,0.951219512
0,0.315068493,0.014060476,0.533333333,0,0,0.5,0.75,0.733333333,0.333333333,0.357142857,0,1,1,0.951219512
0,0.643835616,0.163366179,0.533333333,0,0,0.020408163,0.5,0.733333333,0.666666667,0.285714286,0.2,1,1,0.951219512
0,0.260273973,0.011305616,0.533333333,0,0,0.397959184,0.25,0.733333333,0.333333333,1,0,1,1,0.951219512
0,0.123287671,0.030994205,0.6,0,0.453168044,0.397959184,0.5,1,0.666666667,0.071428571,0.2,1,0,0.951219512
0,0.273972603,0.130955305,0.8,0,0,0.448979592,0.625,0.6,0.333333333,0.714285714,0,1,1,0.951219512
0,0.534246575,0.091176938,0.266666667,0,0,0.397959184,0.5,0.4,0,0.785714286,0.2,1,1,0.951219512
0,0.520547945,0.277355957,0.533333333,0,0,0.5,0.75,0.733333333,0.333333333,0.214285714,0,1,1,0.951219512
0,0.369863014,0.018466763,0.8,0,0,0.397959184,0.5,0.6,0.833333333,0.928571429,0.8,0.5,0,0.951219512
0,0.602739726,0.167701431,0.533333333,0,0,0.397959184,0.25,0.733333333,1,0.714285714,0.2,1,0,0.951219512
0,0.123287671,0.143871079,0.666666667,0,0,0.653061224,0.5,0.533333333,0.666666667,0.857142857,0.4,0.5,1,0.951219512
0,0.164383562,0.125785206,0.533333333,0,0,0.397959184,0.5,0.733333333,0.666666667,0.928571429,0.8,0.5,0,0.951219512
0,0.054794521,0.127136251,0.533333333,0,0,0.397959184,0.5,0.733333333,0.666666667,0.428571429,0.6,1,1,0.951219512
0,0.328767123,0.477940485,0.6,0,0,0.397959184,0.5,1,1,0.571428571,0.8,1,0,0.951219512
1,0.246575342,0.18587593,0.866666667,0.086140861,0,0.397959184,0.125,0.8,0.666666667,0.285714286,0.2,1,1,0.951219512
0,0.301369863,0.024205153,0.466666667,0,0,0.316326531,0.5,0.133333333,0.333333333,0.428571429,0,1,1,0.951219512
1,0.205479452,0.055442236,0.533333333,0,0,0.397959184,0.5,0.733333333,0.333333333,0.214285714,0,1,1,0.951219512
0,0.383561644,0.111960165,0.666666667,0,0,0.316326531,0,0.533333333,0.666666667,0,0.4,1,0,0.951219512
0,0.191780822,0.12234975,0.8,0,0,0.418367347,0.5,0.6,0.666666667,0.928571429,0.2,1,0,0.951219512
1,0.602739726,0.069506094,0.666666667,0,0.433195592,0.602040816,0.5,0.533333333,0.333333333,0.214285714,0,1,1,0.951219512
0,0.095890411,0.209307801,0.733333333,0,0,0.193877551,0.5,0.466666667,0.666666667,0.5,0.6,1,1,0.951219512
0,0.095890411,0.254248147,0.8,0,0,0.397959184,0.5,0.6,0.666666667,0.285714286,0.2,0.5,1,0.951219512
0,0.369863014,0.168873193,0.6,0,0,0.43877551,0.5,1,0.333333333,0.5,0,1,1,0.951219512
1,0.506849315,0.016368821,0.533333333,0.150241502,0,0.5,0.5,0.733333333,0.333333333,0.857142857,0,1,1,0.951219512
1,0.602739726,0.127285089,1,0,0,0.397959184,0.5,0.666666667,0.333333333,0.714285714,0,1,1,0.951219512
1,0.465753425,0.18336124,0.8,0.150241502,0,0.397959184,0.5,0.6,0.333333333,0.214285714,0,1,1,0
0,0.178082192,0.161580797,0.733333333,0,0,0.397959184,0.5,0.466666667,0.666666667,0.857142857,0.2,1,1,0.219512195
0,0.136986301,0.122806412,0.533333333,0,0.399678604,0.397959184,0.5,0.733333333,0.666666667,0.214285714,0.2,1,1,0.951219512
0,0.424657534,0.03531119,0.8,0,0,0.469387755,0.5,0.6,0,0.285714286,0.2,1,1,0.951219512
1,0.506849315,0.104304469,0.933333333,1,0,0.602040816,0.625,0.933333333,0.333333333,0.714285714,0,1,1,0.951219512
0,0.02739726,0.118009762,0.6,0,0,0.397959184,0.5,1,0.666666667,0.857142857,0.6,1,1,0.951219512
0,0.01369863,0.063929397,0.6,0,0,0.112244898,0.5,1,0.666666667,0.571428571,0.6,1,0,0.951219512
0,0.068493151,0.090828521,0.4,0,0,0.5,0.5,0.066666667,0.666666667,0.214285714,0.2,1,1,0.951219512
0,0.219178082,0.156310571,0.533333333,0,0,0.551020408,0.5,0.733333333,0.333333333,0.5,0,1,1,0.951219512
0,0.205479452,0.209068983,0.533333333,0,0,0.397959184,0.75,0.733333333,0.666666667,0.214285714,0.6,0.5,1,0.951219512
0,0.04109589,0.107241317,0.6,0,0,0.142857143,0.5,1,0.666666667,0.071428571,0.6,1,0,0.951219512
0,0.095890411,0.150309685,0.266666667,0,0,0.397959184,0.5,0.4,0.666666667,0.5,0.6,0.5,0,0.146341463
0,0.082191781,0.061415384,0.8,0,0,0.397959184,0.5,0.6,0.666666667,0.928571429,0.2,1,0,0.951219512
0,0.136986301,0.214557731,0.866666667,0,0,0.367346939,0.5,0.8,0.666666667,0.285714286,0.2,1,1,0.951219512
0,0.123287671,0.104907264,0.6,0.031370314,0,0.5,0.5,1,0.333333333,0.5,0,1,1,0.951219512
1,0.178082192,0.336384517,0.8,0.047870479,0,0.448979592,0.5,0.6,0.666666667,0.928571429,0.2,1,0,0.951219512
1,0.424657534,0.064234515,0.933333333,1,0,0.5,0.5,0.933333333,0.333333333,0.285714286,0,1,1,0.951219512
0,0.630136986,0.046897569,0.533333333,0,0,0.448979592,0.5,0.733333333,0.333333333,0.214285714,0,1,1,0.951219512
0,0.191780822,0.133271768,0.533333333,0,0,0.397959184,0.5,0.733333333,0.333333333,0.571428571,0,0.75,1,0.951219512
0,0.246575342,0.067513015,0.533333333,0.050130501,0,0.397959184,0.5,0.733333333,0.333333333,0.428571429,0,1,1,0.951219512
0,0.438356164,0.219349645,0.333333333,0,0,0.397959184,0.875,0,0.333333333,0.571428571,0,1,1,0.951219512
0,0.506849315,0.181038688,0.666666667,0,0,0.397959184,0.25,0.533333333,0.333333333,1,0,0.5,1,0.951219512
1,0.397260274,0.005866255,0.8,0.150241502,0,0.397959184,0.125,0.6,0.333333333,0.285714286,0,1,1,0.951219512
0,0.164383562,0.082240556,0.6,0,0,0.397959184,0.875,1,0.666666667,0.571428571,0.6,1,0,0.951219512
0,0.123287671,0.216205099,0.8,0,0,0.5,0.5,0.6,0.666666667,0.214285714,0.2,1,1,0.219512195
1,0.452054795,0.116114105,0.8,0,0,0.448979592,0.75,0.6,0.333333333,0.214285714,0,1,1,0.951219512
0,0.232876712,0.276341151,0.533333333,0,0,0.295918367,0.5,0.733333333,0.333333333,0.214285714,0,1,1,0.268292683
1,0.315068493,0.044032433,0.533333333,0,0,0.397959184,0.5,0.733333333,0.333333333,0.214285714,0,1,1,0.951219512
1,0.369863014,0.091279095,0.6,0.076880769,0,0.448979592,0.5,1,0.333333333,0.214285714,0,1,1,0.951219512
1,0.616438356,0.029318422,0.6,0,0,0.346938776,0,1,0.333333333,0,0,0.5,1,0.951219512
0,0.260273973,0.093207903,0.6,0,0,0.653061224,0.5,1,0.333333333,0.285714286,0,1,1,0.951219512
0,0.287671233,0.231582793,0.533333333,0.001140011,0,0.37755102,0.875,0.733333333,0.666666667,0.571428571,0.8,0.5,0,0.951219512
0,0.068493151,0.09209297,0.6,0,0.395087236,0.397959184,0,1,0.666666667,0,0.6,1,1,0.951219512
0,0.02739726,0.138454721,0.533333333,0,0,0.602040816,0.5,0.733333333,0.666666667,0.428571429,0.4,0.75,0,0.317073171
0,0.602739726,0.288409224,0.133333333,0,0,0.397959184,0.5,0.266666667,0.333333333,0.5,0,0.5,1,0.951219512
0,0.273972603,0.217849085,0.8,0,0,0.5,0.5,0.6,0.666666667,0.285714286,0.2,1,1,0.951219512
0,0.246575342,0.233329612,0.6,0,0,0.5,0.5,1,0.333333333,1,0,1,1,0.951219512
1,0.561643836,0.152397479,0.6,0,0,0.704081633,0.75,1,0.333333333,0.285714286,0,1,1,0.951219512
0,0.02739726,0.025939118,0.6,0,0,0.193877551,0,1,0.666666667,0,0.6,0.5,0,0.951219512
0,0.547945205,0.078136004,0.533333333,0,0,0.397959184,0.5,0.733333333,0.333333333,0.285714286,0,1,1,0.951219512
0,0.02739726,0.118310145,0.6,0,0,0.244897959,0.5,1,0.666666667,0.571428571,0.6,1,0,0.951219512
1,0.287671233,0.140996472,0.866666667,0,0,0.5,0.5,0.8,0.333333333,0.285714286,0,1,1,0.951219512
0,0.01369863,0.083814182,0.4,0,0,0.346938776,0,0.066666667,0.666666667,0,0.6,1,1,0.951219512
0,0.04109589,0.068345156,0.2,0,0,0.397959184,0.5,0.333333333,0.666666667,0.5,0.4,1,1,0.951219512
1,0.301369863,0.132934853,0.533333333,0,0,0.397959184,0.5,0.733333333,0.333333333,0.5,1,1,0,0.951219512
0,0.136986301,0.136360838,0.8,0,0,0.37755102,0.5,0.6,0.666666667,0.071428571,0.6,1,1,0.951219512
0,0.178082192,0.152639003,0.6,0,0,0.397959184,0.5,1,0.666666667,0.428571429,0.8,1,0,0.951219512
0,0.068493151,0.128213299,0.533333333,0,0,0.397959184,0.5,0.733333333,0.666666667,0.857142857,0.6,1,0,0.951219512
0,0.876712329,0.23801531,0.6,0,0,0.193877551,0.5,1,0,0.071428571,0.2,1,0,0.951219512
0,0.082191781,0.171023229,0.8,0.010550106,0,0.091836735,0.5,0.6,0.666666667,0.071428571,0.6,1,0,0.951219512
1,0.616438356,0.082864324,0.533333333,0,0,0.397959184,0.5,0.733333333,0.333333333,1,0,1,1,0.951219512
0,0.287671233,0.150601273,0.6,0,0,0.397959184,0.5,1,0,0.428571429,0.2,0,0,0.951219512
0,0.191780822,0.026367367,0.8,0,0,0.469387755,0.5,0.6,0.666666667,0.714285714,0.2,1,1,0.951219512
0,0.02739726,0.176248127,0.466666667,0,0,0.244897959,0.5,0.133333333,0.666666667,0.071428571,0.6,1,0,0.951219512
1,0.369863014,0.011708155,0.8,0,0.518365473,0.397959184,0.125,0.6,0,0.928571429,0.2,1,1,0.951219512
0,0.082191781,0.160205397,0.8,0,0,0.397959184,0.5,0.6,0.666666667,0.928571429,0.6,1,0,0.951219512
0,0.136986301,0.066528653,0.8,0,0,0.397959184,0.5,0.6,0.666666667,0.071428571,0.2,0.25,0,0.731707317
0,0.04109589,0.087405919,0.4,0,0,0.5,0.5,0.066666667,0.333333333,0.857142857,0.4,1,0,0.951219512
0,0.082191781,0.06113665,0.533333333,0,0,0.346938776,0.5,0.733333333,0.666666667,0.857142857,0.2,1,0,0.951219512
0,0.136986301,0.103668524,0.533333333,0,0,0.397959184,0.5,0.733333333,0.333333333,0.214285714,0,1,1,0.951219512
0,0.150684932,0.114587837,0.4,0,0,0.5,0.5,0.066666667,0.666666667,1,0.6,1,1,0.951219512
0,0.616438356,0.142987521,0.533333333,0,0,0.346938776,0.25,0.733333333,0,0.571428571,0.2,0.5,0,0.951219512
0,0.054794521,0.04823373,0.6,0,0,0.030612245,0.5,1,0.666666667,0.714285714,0.6,0,0,0.951219512
0,0.205479452,0.144948126,0.533333333,0,0,0.397959184,0.5,0.733333333,0.666666667,0.214285714,0.2,1,1,0.951219512
0,0.328767123,0.055205447,0.6,0,0,0.479591837,0.5,1,0,0.857142857,0.8,1,0,0.951219512
0,0.205479452,0.075705882,0.266666667,0,0,0.397959184,0.5,0.4,0.333333333,0.357142857,0,0.5,1,0.951219512
0,0.438356164,0.126902846,0.533333333,0,0.500229568,0.397959184,0.25,0.733333333,0.333333333,0.5,0,1,1,0.951219512
0,0.219178082,0.081373912,0.4,0,0,0.397959184,0.75,0.066666667,0.333333333,0.214285714,0,1,1,0.951219512
0,0.191780822,0.060533856,0.8,0,0,0.397959184,0.25,0.6,0.666666667,0.714285714,0.2,1,0,0.951219512
0,0.356164384,0.112048115,0.533333333,0.039080391,0,0.397959184,0.5,0.733333333,0.333333333,0.428571429,0,1,1,0.951219512
0,0.219178082,0.077083312,0.533333333,0,0,0.397959184,0.5,0.733333333,0.833333333,0.5,0.8,0.5,0,0.951219512
0,0.150684932,0.116093809,0.533333333,0,0,0.295918367,0.5,0.733333333,0.666666667,0.571428571,0.6,1,1,0.951219512
1,0.287671233,0.1554649,0.6,0,0,0.551020408,0.5,1,0.333333333,0.857142857,0,1,1,0.951219512
0,0.04109589,0.20741282,0.6,0,0,0.397959184,0,1,0.666666667,0,0.2,1,1,0.951219512
0,0.328767123,0.099346803,0.6,0,0,0.397959184,0.875,1,0.333333333,0.071428571,0,0.5,1,0.951219512
0,0.01369863,0.016571106,0.4,0,0,0.193877551,0,0.066666667,0.666666667,0,0.6,1,0,0.951219512
0,0.02739726,0.063036367,0.266666667,0,0,0.193877551,0.5,0.4,0.666666667,0.214285714,0.6,1,1,0.951219512
0,0.04109589,0.102414224,0.6,0,0,0.163265306,0.5,1,0.666666667,1,0.6,1,0,0.951219512
1,0.534246575,0.03953346,0.866666667,0.278282783,0,0.602040816,0.625,0.8,0,0.285714286,0.2,1,1,0.951219512
1,0.602739726,0.141841467,0.6,0.093860939,0,0.397959184,0.125,1,0.333333333,0.071428571,0,1,1,0.951219512
0,0.575342466,0.013639669,0.533333333,0,0,0.397959184,0.5,0.733333333,0.333333333,0.571428571,0,1,1,0.951219512
0,0.178082192,0.278074439,0.533333333,0,0,0.397959184,0.5,0.733333333,0.166666667,0.5,0,0.5,1,0.951219512
1,0.383561644,0.185082352,0.8,0,0,0.397959184,0.5,0.6,0.333333333,1,0,1,1,0.951219512
1,0.178082192,0.127755283,0.8,0,0,0.397959184,0.5,0.6,0.333333333,0.714285714,0,1,1,0.951219512
0,0.136986301,0.026974221,0.6,0,0,0.602040816,0.25,1,0.333333333,0.785714286,0,1,1,0.951219512
0,0.04109589,0.134671524,0.6,0,0,0.193877551,0.5,1,0.666666667,0.428571429,0.6,1,0,0.951219512
0,0.273972603,0.056538226,0.533333333,0,0,0.397959184,0.5,0.733333333,0,0.785714286,0.8,1,0,0.951219512
0,0.397260274,0.138100892,0.666666667,0,0,0.397959184,0.5,0.533333333,0.5,0.214285714,0.8,1,1,0.951219512
0,0.438356164,0.141188608,0.533333333,0,0,0.43877551,0.5,0.733333333,0.333333333,0.214285714,0,1,1,0.951219512
0,0.397260274,0.173869422,0.733333333,0,0,0.397959184,0.5,0.466666667,1,0.071428571,0.8,1,0,0.951219512
0,0.109589041,0.172053595,0.533333333,0.031370314,0,0.397959184,0.5,0.733333333,0.333333333,0.071428571,0,0.5,1,0.951219512
0,0.534246575,0.126802042,0.266666667,0,0,0.397959184,0.5,0.4,0.333333333,0.214285714,0,1,1,0.951219512
0,0.397260274,0.105885537,0.8,0,0,0.551020408,0.625,0.6,0.333333333,0.857142857,0,1,1,0.951219512
0,0.082191781,0.1138017,0.8,0,0,0.316326531,0.5,0.6,0.666666667,0.928571429,0.6,0.5,0,0.951219512
0,0.410958904,0.116810938,0.6,0,0,0.346938776,0.5,1,0.833333333,0.571428571,0.2,0.5,0,0.951219512
0,0.123287671,0.099078218,0.866666667,0,0,0.295918367,0.5,0.8,0.666666667,0.285714286,0.2,1,0,0.951219512
0,0.383561644,0.041005605,0.533333333,0,0,0.397959184,0.5,0.733333333,0.666666667,0.5,0.2,1,1,0.951219512
0,0.123287671,0.20990383,0.8,0,0,0.448979592,0.5,0.6,0.666666667,0.714285714,0.2,1,0,0.951219512
0,0.02739726,0.111392551,0.533333333,0,0,0.295918367,0.875,0.733333333,0.666666667,0.071428571,0.6,1,0,0.951219512
0,0.575342466,0.127302679,0.866666667,0,0,0.397959184,0.625,0.8,0.333333333,0.857142857,0,1,1,0.951219512
0,0.260273973,0.073011234,0.533333333,0,0,0.397959184,0.5,0.733333333,0,0.928571429,0.2,1,0,0.951219512
0,0.287671233,0.211927353,0.533333333,0,0,0.397959184,0.25,0.733333333,0,0.214285714,0.2,1,1,0.951219512
0,0.150684932,0.086338343,0.8,0,0,0.397959184,0.5,0.6,0.666666667,0.5,0.8,0.5,0,0.951219512
0,0.260273973,0.100706643,0.533333333,0,0,0.397959184,0.5,0.733333333,0.333333333,0.5,0,1,1,0.951219512
0,0.068493151,0.308145171,0.533333333,0,0,0.479591837,0.25,0.733333333,0,0.5,0.6,1,1,0.951219512
1,0.397260274,0.143611289,0.533333333,0,0,0.397959184,0.5,0.733333333,0.333333333,1,0,0.5,1,0.951219512
0,0.465753425,0.109475244,0.8,0,0,0.071428571,0.75,0.6,0.333333333,0.857142857,0,1,1,0.951219512
0,0.136986301,0.114338871,0.533333333,0,0,0.346938776,0.5,0.733333333,0.666666667,0.071428571,0.6,1,0,0.536585366
0,0.356164384,0.140600698,0.6,0,0.383838384,0.43877551,0.5,1,0.333333333,0.571428571,0,1,1,0.951219512
0,0.835616438,0.063121611,0.133333333,0,0,0.357142857,0.5,0.266666667,0.333333333,1,0,0.25,1,0.951219512
0,0.383561644,0.040817528,0.666666667,0,0,0.602040816,0.5,0.533333333,0,0.285714286,0.2,1,1,0.951219512
1,0.232876712,0.233310669,0.8,0,0,0.5,0.5,0.6,0.333333333,0.714285714,1,1,0,0.951219512
0,0.575342466,0.082662716,0.533333333,0.026350264,0,0.602040816,0.75,0.733333333,0.333333333,0.357142857,0,1,1,0.951219512
0,0.02739726,0.034861293,0.6,0,0,0.173469388,0.5,1,0.666666667,0.071428571,0.2,1,0,0.951219512
0,0.369863014,0.112372853,0.866666667,0,0,0.479591837,0.5,0.8,0.333333333,0.285714286,0,0.25,1,0.463414634
0,0.273972603,0.181490615,0.8,0,0,0.397959184,0.5,0.6,0.666666667,0.071428571,0.4,1,0,0.951219512
0,0.02739726,0.087363297,0.6,0,0,0.142857143,0,1,0.666666667,0,0.6,1,1,0.951219512
0,0.178082192,0.033626612,0.6,0,0,0.040816327,0.875,1,0.666666667,0.714285714,0.2,1,0,0.951219512
0,0.095890411,0.029656691,0.133333333,0,0,0.602040816,0.5,0.266666667,0.333333333,0.357142857,0,1,1,0.634146341
1,0.753424658,0.193936196,0.8,0,0,0.397959184,0.75,0.6,1,0.357142857,0.2,1,1,0.951219512
0,0.191780822,0.078011521,0.533333333,0,0,0.397959184,0.5,0.733333333,0,0.714285714,0.2,1,0,0.951219512
1,0.356164384,0.099629596,0.6,0,0,0.5,0.5,1,0.333333333,0.857142857,0,1,1,0.951219512
0,0.054794521,0.198786292,0.6,0,0,0.193877551,0.5,1,0.666666667,0.071428571,0.6,1,1,0.951219512
0,0.424657534,0.137749769,0.8,0,0,0.397959184,0.5,0.6,0.666666667,0.285714286,0.6,1,1,0.951219512
1,0.219178082,0.047586284,0.533333333,0.043860439,0,0.479591837,0.5,0.733333333,0.333333333,0.214285714,0,1,1,0.951219512
0,0.02739726,0.08313088,0.6,0,0,0.091836735,0.875,1,0.666666667,0.071428571,0.6,1,0,0.951219512
0,0.150684932,0.126037555,0.533333333,0,0,0.346938776,0.5,0.733333333,0.333333333,0.5,1,1,0,0.951219512
0,0.410958904,0.0827987,0.6,0,0,0.397959184,0.25,1,0.333333333,0.285714286,0,1,1,0.951219512
0,0.054794521,0.047737828,0.6,0,0,0.5,0.5,1,0.666666667,0.928571429,0.2,1,0,0.951219512
0,0.260273973,0.036457245,0.733333333,0,0,0.142857143,0.5,0.466666667,0.333333333,0.857142857,1,1,0,0.951219512
1,0.589041096,0.12850218,0.6,0,0,0.43877551,0.5,1,0,0.214285714,0.6,1,1,0.951219512
0,0.095890411,0.150533619,0.6,0,0,0.244897959,0,1,0,0,0.8,1,0,0.951219512
0,0.493150685,0.052171177,0.6,0,0,0.397959184,0.5,1,1,0.285714286,0.8,1,0,0.951219512
0,0.260273973,0.114046607,0.666666667,0,0,0.37755102,0.5,0.533333333,0.333333333,0.428571429,0,1,1,0.951219512
0,0.123287671,0.011656738,0.533333333,0,0,0.397959184,0.5,0.733333333,0,0.285714286,0.6,1,1,0.951219512
0,0.369863014,0.132595908,0.533333333,0,0,0.448979592,0.75,0.733333333,0.333333333,0.5,1,1,0,0.951219512
0,0.246575342,0.078238161,0.533333333,0,0,0.602040816,0.75,0.733333333,0.5,0.357142857,0.2,1,1,0.951219512
0,0.219178082,0.105959956,0.6,0,0,0.551020408,0.5,1,0,0.571428571,0.8,1,0,0.951219512
0,0.602739726,0.084870257,0.6,0,0,0.244897959,0.5,1,0,0.571428571,0.2,1,1,0.951219512
0,0.205479452,0.169045034,0.4,0,0,0.397959184,0.5,0.066666667,0.5,0.214285714,0.6,1,1,0.951219512
0,0.356164384,0.049867568,0.533333333,0,0,0.397959184,0.5,0.733333333,0.666666667,0.428571429,0.2,1,1,0.951219512
0,0.232876712,0.38477385,0.266666667,0,0,0.37755102,0.75,0.4,0.666666667,0.571428571,0.6,0.5,1,0.951219512
0,0.04109589,0.130105574,0.466666667,0,0,0.193877551,0.5,0.133333333,0.666666667,0.071428571,0.6,1,0,0.951219512
0,0.04109589,0.145247833,0.533333333,0,0,0.346938776,0.5,0.733333333,0.666666667,0.571428571,0.6,1,1,0.951219512
1,0.383561644,0.067456862,0.866666667,0,0,0.397959184,0.25,0.8,0.333333333,0.714285714,0,1,1,0.951219512
0,0.150684932,0.013146474,0.533333333,0,0,0.397959184,0.75,0.733333333,0.333333333,0.214285714,0,1,1,0.951219512
0,0.191780822,0.032435907,0.533333333,0,0,0.397959184,0.5,0.733333333,0.333333333,0.5,0,1,1,0.951219512
0,0.287671233,0.113180639,0.533333333,0,0,0.397959184,0.5,0.733333333,0.666666667,0.714285714,0.2,1,1,0.951219512
0,0.219178082,0.116292034,0.733333333,0,0,0.346938776,0.5,0.466666667,0.333333333,0.571428571,1,0.5,0,0.951219512
1,0.178082192,0.300186386,0.4,0,0,0.448979592,0.75,0.066666667,0.666666667,0.214285714,0.2,1,1,0.951219512
0,0.410958904,0.150670956,0.2,0,0,0.397959184,0.5,0.333333333,0.833333333,0.214285714,0.8,1,1,0.804878049
1,0.273972603,0.118924441,0.6,0,0,0.397959184,0.125,1,0.333333333,0.071428571,0,1,1,0.731707317
0,0.643835616,0.13605572,0.266666667,0,0,0.397959184,0.5,0.4,0.333333333,0.571428571,1,0.5,0,0.951219512
0,0.904109589,0.123956526,0.533333333,0,0,0.551020408,0.5,0.733333333,1,0.785714286,0.2,1,1,0.951219512
0,0.123287671,0.153645014,0.8,0,0,0.173469388,0.5,0.6,0.666666667,0.857142857,0.6,1,1,0.951219512
0,0.438356164,0.042884349,0.533333333,0,0,0.397959184,0.5,0.733333333,0.666666667,0.071428571,0.6,0.25,0,0.951219512
1,0.178082192,0.225447276,0.533333333,0.03103031,0,0.704081633,0.5,0.733333333,0.333333333,1,0,1,1,0.951219512
0,0.095890411,0.236635174,0.466666667,0,0,0.316326531,0.5,0.133333333,0.666666667,0.214285714,0.6,1,1,0.951219512
0,0.643835616,0.011686506,0.533333333,0,0,0.37755102,0.5,0.733333333,0,0.428571429,0.2,1,0,0.951219512
0,0.273972603,0.170634896,0.533333333,0,0,0.397959184,0.25,0.733333333,0.333333333,0.785714286,0,1,1,0.951219512
1,0.506849315,0.054887475,0.8,0,0,0.397959184,0.875,0.6,0.666666667,0.714285714,0.8,0.25,0,0.951219512
0,0.301369863,0.096309151,0.666666667,0,0,0.397959184,0.5,0.533333333,0.333333333,0.071428571,0,1,1,0.951219512
0,0.136986301,0.182684027,0.533333333,0,0,0.397959184,0.5,0.733333333,0.333333333,1,0,0.5,1,0.951219512
1,0.438356164,0.14421679,0.733333333,0,0,0.448979592,0.5,0.466666667,0.333333333,0.714285714,0,1,1,0.951219512
0,0.657534247,0.129730772,0.533333333,0,0,0.193877551,0.5,0.733333333,0,0.785714286,0.2,1,1,0.951219512
0,0.04109589,0.203057272,0.533333333,0,0,0.295918367,0.25,0.733333333,0.333333333,0.785714286,0,0.5,1,0.804878049
1,0.479452055,0.062387568,0.6,0,0,0.397959184,0.5,1,0.333333333,0.714285714,0,1,1,0.268292683
1,0.547945205,0.063118905,0.8,0,0.554407713,0.397959184,0.625,0.6,0.333333333,0.285714286,0,1,1,0.951219512
0,0.287671233,0.304811872,0.6,0,0,0.397959184,0.875,1,0.333333333,0.285714286,1,0.5,0,0.926829268
1,0.397260274,0.11704502,0.4,0,0,0.448979592,0.5,0.066666667,0.333333333,0.428571429,0,1,1,0.951219512
0,0.657534247,0.109814189,0.133333333,0,0,0.091836735,0.5,0.266666667,1,0.5,0.2,1,0,0.536585366
0,0.04109589,0.076224786,0.6,0,0,0.295918367,0,1,0.666666667,0,0.6,1,1,0.951219512
1,0.260273973,0.016226748,0.533333333,0,0.453856749,0.653061224,0.75,0.733333333,0.333333333,0.357142857,0,1,1,0.951219512
0,0.164383562,0.122345014,0.533333333,0,0,0.397959184,0.5,0.733333333,0.666666667,0.5,0.2,1,0,0.951219512
1,0.506849315,0.023285739,0.533333333,0,0,0.602040816,0.75,0.733333333,0.333333333,0.357142857,0,1,1,0.951219512
0,0.342465753,0.017308531,0.6,0,0.365013774,0.397959184,0.5,1,0,0.5,0.2,1,1,0.951219512
1,0.205479452,0.164492614,0.8,0,0,0.602040816,0.5,0.6,0.333333333,0.857142857,0,1,1,0.951219512
0,0.205479452,0.134419852,0.6,0,0,0.397959184,0.25,1,0.666666667,0.571428571,0.8,0.5,0,0.951219512
0,0.068493151,0.089271132,0.4,0,0,0.37755102,0.5,0.066666667,0.666666667,0.357142857,0.6,1,0,0.951219512
1,0.589041096,0.061604814,0.533333333,0.150241502,0,0.397959184,0.5,0.733333333,0.333333333,0.214285714,0,1,1,0.951219512
0,0.424657534,0.101839843,0.733333333,0,0,0.448979592,0.5,0.466666667,0.333333333,1,0,1,1,0.951219512
0,0.205479452,0.024116527,0.533333333,0,0,0.397959184,0.5,0.733333333,0.333333333,0.428571429,0,1,1,0.951219512
0,0.671232877,0.135628148,0.8,0.067670677,0,0.193877551,0,0.6,0.333333333,0,0,1,1,0.951219512
1,0.643835616,0.113083894,0.8,0.150241502,0,0.551020408,0.625,0.6,0.333333333,0.285714286,0,1,1,0.951219512
0,0.260273973,0.17420769,0.333333333,0,0,0.397959184,0.5,0,0.833333333,0.428571429,0.8,1,0,0.951219512
0,0.383561644,0.080873951,0.6,0,0,0.397959184,0.5,1,0.333333333,0.428571429,0,1,1,0.951219512
0,0.068493151,0.354212629,0.333333333,0,0,0.397959184,0.5,0,0.666666667,0.5,0.2,1,1,0.634146341
0,0.178082192,0.102550884,0.533333333,0,0,0.397959184,0.5,0.733333333,0.333333333,0.214285714,0,1,1,0.951219512
0,0.232876712,0.115871904,0.533333333,0,0,0.244897959,0.5,0.733333333,0,0.5,0.2,1,0,0.951219512
0,0,0.062205579,0.333333333,0,0,0.091836735,0.5,0,0.666666667,0.571428571,0.6,1,1,0.951219512
0,0.054794521,0.147560914,0.6,0,0,0.040816327,0,1,0.666666667,0,0.6,1,0,0.951219512
0,0.287671233,0.122278037,0.6,0,0,0.397959184,0.5,1,0,0.214285714,0.2,1,1,0.487804878
0,0.054794521,0.199636699,0.6,0,0,0.142857143,0.5,1,0.666666667,0.785714286,0.6,1,1,0.951219512
0,0.561643836,0.162459619,0.4,0,0,0.5,0.5,0.066666667,0.333333333,1,0,1,1,0.951219512
0,0.424657534,0.072578927,0.533333333,0,0,0.397959184,0.5,0.733333333,0.333333333,0.214285714,0,1,1,0.951219512
0,0.068493151,0.202438241,0.6,0,0,0.142857143,0.875,1,0.333333333,0.571428571,0,0.5,1,0.951219512
0,0.150684932,0.08021771,0.333333333,0,0,0.357142857,0.5,0,0.333333333,0.214285714,0,1,1,0.951219512
1,0.315068493,0.111454116,0.8,0.076880769,0,0.520408163,0.5,0.6,0.333333333,0.571428571,1,0.25,0,0.585365854
0,0.369863014,0.10218826,0.6,0,0,0.316326531,0.5,1,1,0.071428571,0.8,1,0,0.951219512
0,0.260273973,0.13839248,0.066666667,0,0,0.397959184,0.5,0.2,0.333333333,0.571428571,0,1,1,0.634146341
1,0.397260274,0.102897271,0.8,0,0,0.346938776,0.5,0.6,0,0.857142857,0.8,0.5,0,0.951219512
0,0.082191781,0.014450161,0.8,0,0,0.5,0.5,0.6,0.666666667,0.571428571,0.2,1,0,0.951219512
0,0.219178082,0.125785883,0.533333333,0,0,0.397959184,0.5,0.733333333,0.333333333,0.928571429,0,1,1,0.951219512
0,0.109589041,0.027644669,0.8,0,0,0.5,0.5,0.6,0.666666667,0.285714286,0.6,0.5,1,0.951219512
0,0.342465753,0.117028783,0.666666667,0,0,0.316326531,0.5,0.533333333,0.333333333,0.071428571,0,1,1,0.951219512
0,0.301369863,0.037231203,0.6,0,0,0.397959184,0.5,1,0.333333333,1,0,1,1,0.951219512
0,0.068493151,0.091582861,0.6,0,0,0.397959184,0.5,1,0.666666667,0.928571429,0.2,1,0,0.951219512
0,0.095890411,0.021141792,0.6,0,0,0.295918367,0,1,0.333333333,0,1,1,0,0.951219512
0,0.082191781,0.086943844,0.8,0,0,0.397959184,0.5,0.6,0.666666667,0.071428571,0.2,1,0,0.951219512
0,0.123287671,0.099666129,0.733333333,0,0,0.316326531,0.5,0.466666667,0.666666667,0.071428571,0.8,1,0,0.951219512
0,0.054794521,0.163948678,0.6,0,0,0.153061224,0.875,1,0.666666667,0.714285714,0.6,1,1,0.951219512
0,0.753424658,0.059040738,0.2,0,0,0.091836735,0.5,0.333333333,0.333333333,0.428571429,1,1,0,0.756097561
0,0.534246575,0.174138007,0.533333333,0,0,0.346938776,0.5,0.733333333,0,1,0.8,1,0,0.951219512
0,0.082191781,0.282701955,0.4,0,0,0.295918367,0.5,0.066666667,0.666666667,0.214285714,0.8,1,1,0.951219512
0,0.547945205,0.143350822,0.666666667,0,0,0.397959184,0.5,0.533333333,1,0.214285714,0.2,0.5,1,0
0,0.369863014,0.168601225,0.533333333,0,0,0.397959184,0.5,0.733333333,0.333333333,0.428571429,0,0.5,1,0
0,0.438356164,0.07529793,0.4,0,0,0.755102041,0.5,0.066666667,0.333333333,1,0,1,1,0.951219512
0,0.123287671,0.03717911,0.533333333,0,0,0.346938776,0.75,0.733333333,0.666666667,0.428571429,0.2,1,1,0.951219512
0,0.150684932,0.065143105,0.6,0,0,0.142857143,0.5,1,0.333333333,0.071428571,1,1,0,0.951219512
0,0.205479452,0.061424855,0.8,0,0,0.397959184,0.625,0.6,0.333333333,0.857142857,0,1,1,0.951219512
0,0.164383562,0.118864906,0.6,0,0,0.397959184,0.25,1,0.333333333,0.571428571,0,1,1,0.951219512
0,0.246575342,0.118232343,0.8,0,0,0.448979592,0.5,0.6,0.666666667,0.285714286,0.2,1,1,0.951219512
0,0.246575342,0.055641138,0.533333333,0,0,0.397959184,0.875,0.733333333,0,0.785714286,0.8,1,0,0.951219512
0,0.438356164,0.026021656,0.8,0.015060151,0,0.346938776,0.5,0.6,1,0.714285714,0.8,1,0,0.951219512
0,0.095890411,0.127397395,0.533333333,0,0,0.5,0.5,0.733333333,0.333333333,0.428571429,0,1,1,0.951219512
1,0.205479452,0.100714762,0.533333333,0,0.436639118,0.551020408,0.625,0.733333333,0.333333333,0.357142857,0,1,1,0.951219512
1,0.520547945,0.255185828,0.866666667,0,0,0.5,0,0.8,0.333333333,0,0,1,1,0.951219512
0,0.232876712,0.217937711,0.6,0,0,0.469387755,0.875,1,0,0.785714286,0.8,0.5,1,0.951219512
0,0.219178082,0.131021605,0.533333333,0,0,0.397959184,0.5,0.733333333,0.333333333,0.214285714,0,1,1,0.951219512
1,0.123287671,0.2424994,0.8,0,0.453856749,0.397959184,0,0.6,0.333333333,0,1,1,0,0.951219512
0,0.698630137,0.17644297,0.6,0,0,0.091836735,0.75,1,0.333333333,0.214285714,0,1,1,0.951219512
0,0.178082192,0.125566008,0.533333333,0,0,0.397959184,0.25,0.733333333,0.333333333,0.214285714,0,1,1,0.951219512
1,0.191780822,0.102769406,0.6,0,0,0.5,0.5,1,0.333333333,0.714285714,0,1,1,0.951219512
0,0.136986301,0.098687179,0.533333333,0,0,0.418367347,0.5,0.733333333,0.666666667,0.571428571,0.2,1,0,0.951219512
1,0.438356164,0.021103906,1,0,0,0.632653061,0.75,0.666666667,0,0.714285714,0.8,1,1,0.048780488
0,0.219178082,0.164924245,0.6,0,0,0.346938776,0.5,1,0.666666667,0.071428571,0.8,1,0,0.804878049
0,0.219178082,0.165240188,0.533333333,0,0,0.806122449,0.25,0.733333333,0.833333333,0.571428571,0.6,1,0,0.951219512
0,0.109589041,0.209929539,0.533333333,0,0,0.448979592,0.5,0.733333333,0.666666667,0.857142857,0.2,1,1,0.951219512
0,0.534246575,0.052372786,0.533333333,0,0,0.397959184,0.5,0.733333333,1,0.071428571,0.2,0.5,0,0.951219512
0,0.082191781,0.34323581,0.533333333,0,0,0.244897959,0.75,0.733333333,0.666666667,0.357142857,0.2,1,1,0.634146341
0,0.589041096,0.042920206,0.533333333,0,0.250688705,0.397959184,0.5,0.733333333,0,0.285714286,0.2,1,0,0.951219512
1,0.219178082,0.08323236,0.8,0,0,0.397959184,0.5,0.6,0.666666667,0.714285714,0.2,1,1,0.951219512
0,0.082191781,0.268548117,0.8,0,0,0.244897959,0.5,0.6,0.666666667,0.857142857,0.2,1,1,0.951219512
0,0.506849315,0.216463536,0.466666667,0,0,0.397959184,0.125,0.133333333,0.333333333,0.071428571,0,1,1,0.951219512
0,0.342465753,0.0884647,0.533333333,0,0,0.397959184,0.5,0.733333333,0.666666667,0.571428571,0.6,1,0,0.951219512
0,0.054794521,0.102552914,0.333333333,0.039080391,0,0.397959184,0.5,0,0.333333333,0.571428571,0,1,1,0.951219512
1,0.191780822,0.075964319,0.6,0,0,0.397959184,0.5,1,0.333333333,0.071428571,1,1,0,0.951219512
1,0.397260274,0.072961847,0.8,0,0,0.295918367,0.5,0.6,0.333333333,0.571428571,0,1,1,0.951219512
0,0.191780822,0.226559503,0.6,0.046500465,0,0.397959184,0.5,1,0,0.214285714,0.6,1,1,0.951219512
0,0.328767123,0.134385349,0.6,0,0,0.551020408,0.5,1,0.333333333,1,0,0.5,1,0
0,0.054794521,0.179937962,0.6,0,0,0.397959184,0.5,1,0.666666667,0.428571429,0.6,0.5,1,0.951219512
0,0.150684932,0.120925638,0.733333333,0,0,0.397959184,0.5,0.466666667,0.833333333,0.571428571,0.2,1,1,0.951219512
0,0.260273973,0.119535354,1,0,0,0.091836735,0.75,0.666666667,0.833333333,0.714285714,0.8,1,0,0.048780488
0,0.164383562,0.249151791,0.266666667,0,0,0.397959184,0.5,0.4,0.333333333,0.5,0,1,1,0.634146341
0,0.082191781,0.229969928,0.666666667,0,0,0.193877551,0.5,0.533333333,0.666666667,0.571428571,0.6,1,1,0.951219512
0,0.246575342,0.187308159,0.533333333,0,0,0.397959184,0.5,0.733333333,0.666666667,0.5,0.2,1,0,0.951219512
0,0.01369863,0.087326088,0.6,0,0,0.397959184,0.5,1,0.666666667,0.571428571,0.2,1,0,0.951219512
0,0.260273973,0.093197755,0.533333333,0,0,0.397959184,0.5,0.733333333,0.666666667,0.071428571,0.6,1,0,0.951219512
0,0.205479452,0.150509263,0.533333333,0,0,0.397959184,0.5,0.733333333,0.833333333,0.214285714,0.8,0.5,1,0.951219512
0,0.054794521,0.190790297,0.533333333,0,0,0.397959184,0.5,0.733333333,0.666666667,0.071428571,0.8,1,1,0.951219512
0,0.356164384,0.125708081,0.866666667,0,0,0.602040816,0.75,0.8,0.333333333,0.857142857,0,1,1,0.951219512
0,0.04109589,0.172801846,0.6,0,0,0.193877551,0.5,1,0.666666667,0.857142857,0.6,1,0,0.951219512
0,0.068493151,0.051134046,0.466666667,0,0,0.295918367,0,0.133333333,0.666666667,0,0.2,1,1,0.951219512
0,0.452054795,0.096844968,0.8,0,0,0.397959184,0.5,0.6,1,0.714285714,0.8,1,0,0.951219512
1,0.589041096,0.013051758,0.533333333,0,0,0.602040816,0.5,0.733333333,0.333333333,1,0,1,1,0.951219512
1,0.328767123,0.074484056,0.6,0,0.433195592,0.5,0.5,1,0.333333333,0.214285714,0,1,1,0.951219512
0,0.123287671,0.119301272,0.533333333,0,0,0.479591837,0.5,0.733333333,0.333333333,0.214285714,0,1,1,0.951219512
0,0.04109589,0.123030346,0.4,0,0,0.193877551,0.5,0.066666667,0.666666667,0.214285714,0.6,1,1,0.951219512
0,0.287671233,0.061680586,0.8,0,0,0.397959184,0.5,0.6,0.833333333,0.714285714,0.8,1,1,0.951219512
0,0.04109589,0.239929911,0.6,0,0,0.346938776,0.5,1,0.666666667,0.071428571,0.6,1,0,0.951219512
0,0.150684932,0.146173336,0.8,0,0,0.5,0.5,0.6,0.333333333,0.285714286,0,1,1,0.951219512
1,0.205479452,0.067167981,0.533333333,0,0,0.489795918,0.875,0.733333333,0.333333333,0.214285714,0,1,1,0.951219512
0,0.315068493,0.017660331,0.666666667,0,0,0.397959184,0.5,0.533333333,0.333333333,0.214285714,0,1,1,0.951219512
0,0.04109589,0.019450449,0.533333333,0,0,0.602040816,0,0.733333333,0.666666667,0,0.6,1,1,0.951219512
0,0.164383562,0.076916207,0.533333333,0,0,0.346938776,0.5,0.733333333,0.833333333,0.857142857,0.8,1,0,0.951219512
0,0.410958904,0.081390149,0.6,0,0,0.724489796,0.75,1,0.333333333,0.357142857,0,1,1,0.951219512
0,0.410958904,0.142787943,0.533333333,0,0.345270891,0.346938776,0.5,0.733333333,0,0.071428571,0.8,1,0,0.951219512
0,0.465753425,0.103962141,0.533333333,0,0,0.448979592,0.5,0.733333333,0.833333333,0.428571429,0.2,0.5,1,0.951219512
0,0.328767123,0.105413314,0.8,0,0,0.5,0.75,0.6,0.333333333,0.714285714,0,1,1,0.951219512
1,0.328767123,0.197969035,0.8,0,0,0.397959184,0.5,0.6,0.333333333,0.285714286,0,1,1,0.951219512
0,0.383561644,0.186827141,0.533333333,0.040640406,0,0.397959184,0.5,0.733333333,0.333333333,1,0,0.75,1,0.951219512
0,0.410958904,0.248176224,0.533333333,0,0,0.081632653,0.5,0.733333333,0,0.571428571,0.8,0.5,1,0.951219512
0,0.068493151,0.273369122,0.6,0,0,0.397959184,0.5,1,0.666666667,0.214285714,0.8,1,1,0.951219512
0,0.178082192,0.129048822,0.666666667,0,0,0.397959184,0.5,0.533333333,0.5,0.214285714,0.2,1,1,0.951219512
0,0.493150685,0.141058713,0.6,0,0,0.602040816,0.625,1,1,0.857142857,0.2,1,0,0.951219512
0,0.178082192,0.073866377,0.8,0,0,0.397959184,0,0.6,0.333333333,0,1,0.25,0,0.414634146
0,0.068493151,0.082231761,0.6,0,0,0.397959184,0.5,1,0.666666667,0.071428571,0.6,1,0,0.951219512
0,0.342465753,0.112891081,0.6,0,0,0.397959184,0.875,1,0.333333333,0.357142857,0,1,1,0.951219512
1,0.397260274,0.099846088,0.8,0,0,0.397959184,0.5,0.6,0.333333333,0.285714286,0,1,1,0.951219512
0,0.315068493,0.051472991,0.6,0.009140091,0,0.397959184,0.5,1,0,0.071428571,0.8,1,0,0.951219512
0,0.054794521,0.148554747,0.666666667,0,0,0.397959184,0.5,0.533333333,0.666666667,0.214285714,0.6,1,1,0.951219512
0,0.452054795,0.117087642,0.866666667,0,0,0.346938776,0.5,0.8,0,0.285714286,0.2,1,0,0.951219512
0,0.068493151,0.141564087,0.533333333,0,0,0.193877551,0.5,0.733333333,0.666666667,0.571428571,0.2,1,1,0.951219512
0,0.04109589,0.089573545,0.6,0,0.367768595,0.397959184,0,1,0.666666667,0,0.6,0.25,0,0.87804878
0,0.068493151,0.0303975,0.6,0,0,0.193877551,0.125,1,0.666666667,0.071428571,0.6,0.5,1,0.951219512
0,0.369863014,0.022195837,0.533333333,0,0,0.704081633,0.5,0.733333333,0.333333333,0.357142857,0,1,1,0.951219512
0,0.438356164,0.111512974,0.866666667,0,0,0.602040816,0.25,0.8,0,0.714285714,0.2,1,0,0.951219512
0,0.205479452,0.073978682,0.333333333,0,0,0.397959184,0.5,0,0.666666667,0.5,0.6,1,1,0.634146341
0,0.260273973,0.014808049,0.8,0,0,0.193877551,0.5,0.6,0.333333333,0.5,1,1,0,0.951219512
0,0.02739726,0.206828968,0.533333333,0,0,0.397959184,0.5,0.733333333,0.666666667,0.071428571,0.6,1,1,0.951219512
0,0.205479452,0.182161063,0.6,0,0,0.5,0.5,1,0.333333333,0.928571429,0,1,1,0.951219512
0,0.246575342,0.037072894,0.533333333,0,0,0.397959184,0.5,0.733333333,0.333333333,0.571428571,0,0.25,1,0.073170732
1,0.219178082,0.089752151,0.866666667,0.150241502,0,0.397959184,0.5,0.8,0.333333333,0.714285714,0,1,1,0.951219512
0,0.260273973,0.110793139,0.6,0,0,0.397959184,0.5,1,0.333333333,0.5,0,1,1,0.951219512
0,0.205479452,0.099656657,0.533333333,0,0,0.5,0.5,0.733333333,0.666666667,0.428571429,0.6,1,1,0.951219512
0,0.219178082,0.176547833,0.533333333,0,0,0.397959184,0.5,0.733333333,0.333333333,0.214285714,0,0.5,1,0.951219512
1,0.424657534,0.115261668,0.8,0,0,0.397959184,0.5,0.6,0.333333333,0.285714286,0,1,1,0.951219512
0,0.273972603,0.110745104,0.8,0,0,0.602040816,0.25,0.6,0,0.714285714,0.4,1,0,0.951219512
0,0.219178082,0.237100632,0.6,0,0,0.346938776,0.5,1,0.666666667,0.571428571,0.2,0.5,0,0.951219512
0,0.164383562,0.179622695,0.6,0,0,0.244897959,0.5,1,0.333333333,0.857142857,1,1,0,0.951219512
0,0,0.171415621,0.4,0,0,0.244897959,0.5,0.066666667,0.666666667,0.571428571,0.6,1,1,0.951219512
0,0,0.023620625,0.4,0,0,0.234693878,0.5,0.066666667,0.666666667,0.642857143,0.6,1,0,0.951219512
0,0.054794521,0.150974045,0.533333333,0,0,0.397959184,0.5,0.733333333,0.333333333,0.071428571,0,1,1,0.951219512
1,0.246575342,0.134772328,0.8,0.086140861,0,0.397959184,0.5,0.6,0.666666667,0.714285714,0.2,1,1,0
0,0.136986301,0.066027339,0.8,0,0,0.193877551,0.5,0.6,0.666666667,0.571428571,0.6,1,0,0.951219512
0,0.150684932,0.113125839,0.8,0,0,0.397959184,0.5,0.6,0.666666667,0.571428571,0.2,1,1,0.951219512
1,0.369863014,0.128007631,0.733333333,0,0.453856749,0.5,0.5,0.466666667,0.333333333,0.285714286,0,1,1,0.951219512
0,0,0.07386773,0.466666667,0,0,0.091836735,0.5,0.133333333,0.666666667,1,0.6,1,1,0
0,0.178082192,0.084260697,0.266666667,0,0,0.397959184,0.5,0.4,0.666666667,0.428571429,0.6,1,1,0.951219512
0,0.246575342,0.029812971,0.666666667,0,0,0.397959184,0.5,0.533333333,0.333333333,0.571428571,0,1,1,0.804878049
0,0.082191781,0.184432876,0.6,0,0,0.295918367,0.5,1,0.666666667,0.285714286,0.6,1,1,0.951219512
1,0.547945205,0.087466131,0.866666667,0,0.453856749,0.397959184,0.5,0.8,0.333333333,0.285714286,0,0.5,1,0.951219512
0,0.04109589,0.017704982,0.533333333,0,0,0.091836735,0.25,0.733333333,0.666666667,0.214285714,0.2,1,1,0.951219512
1,0.465753425,0.008623145,0.6,0,0,0.091836735,0.5,1,0.333333333,0.285714286,1,1,0,0.951219512
0,0.616438356,0.085157109,0.533333333,0,0,0.397959184,0.5,0.733333333,0.333333333,0.5,0,1,1,0.951219512
0,0.575342466,0.157138653,0.4,0,0,0.346938776,0.5,0.066666667,0,0.571428571,0.2,0.5,0,0.951219512
0,0.424657534,0.066417024,0.6,0,0,0.397959184,0.125,1,0,0.285714286,0.2,1,1,0.951219512
0,0.479452055,0.049064518,0.533333333,0,0,0.397959184,0.25,0.733333333,0,0.071428571,0.8,0.5,0,0.951219512
0,0.095890411,0.495661028,0.533333333,0,0,0.397959184,0.5,0.733333333,0.666666667,0.285714286,0.6,0.5,0,0.951219512
1,0.479452055,0.079081804,0.8,0,0.648301194,0.193877551,0.5,0.6,1,0.571428571,0.2,1,0,0.951219512
1,0.424657534,0.176902338,0.866666667,0.076880769,0,0.397959184,0.25,0.8,0.333333333,0.285714286,1,1,0,0.951219512
0,0.397260274,0.118684947,0.6,0,0,0.5,0.5,1,0.333333333,0.857142857,0,1,1,0.951219512
1,0.479452055,0.086181386,0.6,0,0.453856749,0.5,0.5,1,0.333333333,0.285714286,0,1,1,0.951219512
0,0.260273973,0.126960352,0.6,0,0,0.295918367,0.5,1,0,0.5,0.6,1,0,0.951219512
0,0.246575342,0.041559689,0.4,0,0,0.397959184,0.5,0.066666667,0.333333333,0.214285714,0,1,1,0.951219512
0,0.410958904,0.128075285,0.533333333,0,0,0.397959184,0.5,0.733333333,0.666666667,0.071428571,0.8,1,1,0.951219512
0,0.657534247,0.062355771,0.8,0,0,0.397959184,0,0.6,1,0,0.8,1,0,0.951219512
0,0.02739726,0.164284917,0.6,0,0,0.295918367,0,1,0.666666667,0,0.2,1,0,0.951219512
0,0.397260274,0.063878656,0.866666667,0,0,0.37755102,0.875,0.8,0.666666667,0.285714286,0.2,1,0,0.951219512
0,0.150684932,0.012145198,0.6,0,0,0.397959184,0,1,0.666666667,0,0.8,1,0,0.951219512
0,0.397260274,0.116875886,0.533333333,0,0,0.5,0.5,0.733333333,0.333333333,0.5,0,1,1,0.951219512
0,0.424657534,0.064234515,0.8,0,0,0.397959184,0.5,0.6,0.333333333,0.714285714,0,1,1,0.951219512
0,0.328767123,0.187807444,0.133333333,0,0.362488522,0.397959184,0.5,0.266666667,0.333333333,0.571428571,0,0.75,1,0.658536585
0,0.054794521,0.111088109,0.533333333,0,0,0.602040816,0.5,0.733333333,0.5,0.285714286,0.4,1,0,0.951219512
0,0.465753425,0.133301536,0.933333333,0.033250333,0,0.397959184,0.25,0.933333333,0.666666667,0.714285714,0.2,1,1,0.951219512
0,0.260273973,0.09898215,0.4,0,0,0.5,0.5,0.066666667,0.333333333,0.214285714,0,1,1,0.951219512
0,0.136986301,0.133775112,0.533333333,0,0,0.397959184,0.75,0.733333333,0.333333333,0.5,0.6,1,1,0.951219512
0,0.342465753,0.009733343,0.666666667,0,0,0.602040816,0.5,0.533333333,0.666666667,0.071428571,0.2,1,0,0.951219512
1,0.342465753,0.089148003,0.666666667,0,0,0.397959184,0.5,0.533333333,0.333333333,0.214285714,0,0,1,0.951219512
0,0.205479452,0.050417593,0.533333333,0,0,0.397959184,0.5,0.733333333,0,0.071428571,0.4,1,0,0.951219512
0,0.465753425,0.056277083,0.533333333,0,0,0.397959184,0.5,0.733333333,0.333333333,0.714285714,0,1,1,0.951219512
0,0.342465753,0.088268504,0.6,0,0,0.346938776,0.5,1,0,0.071428571,0.8,1,0,0.951219512
0,0.589041096,0.075050317,0.6,0,0,0.397959184,0.5,1,0.333333333,0.571428571,0,1,1,0.951219512
0,0.602739726,0.041623284,0.6,0,0,0.397959184,0.5,1,0,0.071428571,0.2,1,0,0.951219512
0,0.02739726,0.272364464,0.533333333,0,0,0.397959184,0.5,0.733333333,0.666666667,0.214285714,0.6,1,1,0.951219512
1,0.506849315,0.179615253,0.8,0.03103031,0,0.397959184,0.25,0.6,0.333333333,0.714285714,1,1,0,0.951219512
0,0.205479452,0.18524675,0.533333333,0,0,0.367346939,0.25,0.733333333,0.666666667,1,0.8,0.5,0,0.951219512
1,0.452054795,0.075155857,0.8,0,0,0.5,0.5,0.6,0.333333333,0.714285714,0,1,1,0.951219512
0,0.164383562,0.167822531,0.533333333,0,0,0.244897959,0.5,0.733333333,0.833333333,0.571428571,0.2,1,0,0.951219512
0,0.04109589,0.143105239,0.533333333,0,0,0.397959184,0.5,0.733333333,0.666666667,0.428571429,0.2,1,1,0.951219512
0,0.465753425,0.129320114,0.533333333,0,0,0.397959184,0.5,0.733333333,0,0.857142857,0.2,1,0,0.951219512
1,0.246575342,0.072262984,1,0.07298073,0,0.397959184,0.5,0.666666667,0.333333333,0.714285714,0,1,1,0.951219512
0,0.287671233,0.107609354,0.4,0,0,0.357142857,0.5,0.066666667,0.5,1,0.6,1,1,0.634146341
0,0.260273973,0.209353129,0.8,0,0.399678604,0.397959184,0.5,0.6,0,0.285714286,0.2,1,1,0.951219512
0,0.465753425,0.067272168,0.533333333,0,0,0.346938776,0.5,0.733333333,0.333333333,0.571428571,0,1,1,0.951219512
1,0.479452055,0.088269181,0.6,0,0,0.56122449,0.5,1,0.333333333,0.714285714,0,0.5,1,0.951219512
0,0.643835616,0.193500506,0.533333333,0,0,0.397959184,0.5,0.733333333,0.333333333,0.571428571,0,1,1,0.951219512
0,0.178082192,0.101966356,0.8,0,0,0.520408163,0.5,0.6,0.666666667,0.285714286,0.6,0.25,0,0.87804878
1,0.315068493,0.142391492,0.6,0,0,0.397959184,0.5,1,0.333333333,0.5,0,1,1,0.951219512
0,0.01369863,0.166556053,0.333333333,0,0,0.397959184,0.75,0,0.666666667,0.357142857,0.6,1,1,0.951219512
0,0.232876712,0.067856019,0.533333333,0,0,0.397959184,0,0.733333333,0.833333333,0,0.8,1,0,0.951219512
0,0.02739726,0.224818096,0.533333333,0,0,0.346938776,0.5,0.733333333,0.666666667,0.857142857,0.2,0.5,0,0.951219512
0,0.02739726,0.24544369,0.6,0,0,0.346938776,0.5,1,0.666666667,0.571428571,0.6,1,1,0.951219512
0,0.232876712,0.197946033,0.266666667,0,0,0.397959184,0.5,0.4,0,0.571428571,0.8,1,0,0.951219512
0,0.04109589,0.273069416,0.6,0,0,0.295918367,0.5,1,0.666666667,0.428571429,0.2,1,1,0.951219512
0,0.643835616,0.00601374,0.533333333,0,0,0.193877551,0.75,0.733333333,0.333333333,0.214285714,0,1,1,0.951219512
0,0.424657534,0.058343904,0.733333333,0,0,0.448979592,0.5,0.466666667,0.333333333,0.214285714,0,1,1,0.951219512
0,0.726027397,0.099015976,0.533333333,0.029930299,0,0.193877551,0,0.733333333,1,0,0.2,1,0,0.951219512
0,0.232876712,0.015770086,0.666666667,0,0,0.397959184,0.5,0.533333333,0.333333333,0.928571429,0,1,1,0.951219512
1,0.178082192,0.156215856,0.933333333,0,0,0.193877551,0.5,0.933333333,0.333333333,0.714285714,0,0.25,1,0.463414634
0,0.232876712,0.351863015,0.6,0,0,0.397959184,0.5,1,0.333333333,0.214285714,0,1,1,0.951219512
0,0.342465753,0.18594223,0.8,0,0,0.397959184,0.5,0.6,0,0.714285714,0.2,0.5,1,0.951219512
0,0.246575342,0.065368391,0.533333333,0,0,0.397959184,0.5,0.733333333,0.833333333,0.5,0.8,1,1,0.951219512
0,0.095890411,0.0388028,0.8,0,0,0.397959184,0.5,0.6,0.666666667,0.857142857,0.6,1,1,0.951219512
1,0.232876712,0.142699993,0.8,0,0.424242424,0.397959184,0.5,0.6,0.333333333,0.714285714,0,1,1,0.707317073
0,0.04109589,0.205949469,0.6,0,0,0.397959184,0.5,1,0.666666667,0.857142857,0.6,1,1,0.951219512
0,0.164383562,0.293072596,0.466666667,0,0,0.397959184,0.5,0.133333333,0.333333333,0.5,0.4,1,1,0.951219512
0,0.301369863,0.059195665,0.533333333,0,0,0.448979592,0.5,0.733333333,0.666666667,0.071428571,0.2,1,0,0.951219512
0,0.547945205,0.098088444,0.4,0,0,0.540816327,0.5,0.066666667,0,0.571428571,0.2,0.5,1,0.951219512
0,0.520547945,0.10611353,0.8,0,0,0.397959184,0.125,0.6,0,0.714285714,0.8,1,1,0.951219512
1,0.232876712,0.071495114,0.8,0,0,0.397959184,0.25,0.6,0.333333333,1,0,1,1,0.951219512
1,0.410958904,0.009376808,0.666666667,0,0,0.397959184,0.75,0.533333333,0.333333333,0.857142857,0,1,1,0.951219512
0,0.246575342,0.086248364,0.533333333,0.068490685,0,0.397959184,0.5,0.733333333,0.666666667,0.071428571,0.6,1,0,0.951219512
0,0.205479452,0.14790933,0.866666667,0.048650487,0,0.397959184,0.25,0.8,0.666666667,0.714285714,0.2,1,0,0.951219512
0,0.205479452,0.1296002,0.2,0,0,0.183673469,0.875,0.333333333,0.333333333,0.428571429,0,1,1,0.951219512
0,0.054794521,0.113932272,0.6,0,0,0.397959184,0.5,1,0.666666667,0.571428571,0.6,1,1,0.951219512
0,0.438356164,0.146843784,0.533333333,0,0,0.397959184,0.25,0.733333333,0.833333333,0.571428571,0.2,1,1,0.951219512
0,0.410958904,0.015000863,0.533333333,0,0,0.397959184,0.5,0.733333333,0.333333333,0.357142857,0,1,1,0.951219512
0,0.547945205,0.178374484,0.2,0,0,0.397959184,0.75,0.333333333,0.333333333,0.714285714,0,1,1,0
0,0.424657534,0.049425112,0.8,0,0,0.448979592,0.25,0.6,0.333333333,0.714285714,0,1,1,0.951219512
1,0.219178082,0.120249101,0.866666667,0,0,0.704081633,0.75,0.8,0.666666667,0.285714286,0.2,0.5,0,0.951219512
0,0.273972603,0.164052188,0.6,0,0,0.397959184,0,1,0.333333333,0,0,1,1,0.951219512
0,0.356164384,0.056705331,0.866666667,0,0,0.5,0.5,0.8,0.5,0.285714286,0.2,1,1,0.951219512
0,0.191780822,0.131467443,0.8,0,0.43067034,0.397959184,0.25,0.6,0.666666667,0.785714286,0.2,1,1,0.951219512
1,0.410958904,0.101414301,0.8,0,0,0.448979592,0.5,0.6,0.333333333,0.857142857,0,1,1,0.951219512
0,0.068493151,0.19707127,0.6,0,0.367768595,0.071428571,0,1,0.666666667,0,0.6,1,1,0.951219512
1,0.178082192,0.14407404,0.866666667,0,0,0.469387755,0.5,0.8,0.333333333,0.714285714,0,1,1,0.951219512
0,0.328767123,0.064010581,0.8,0,0,0.37755102,0.5,0.6,0.333333333,0.928571429,0,1,1,0.951219512
1,0.506849315,0.099768962,0.533333333,0.076880769,0,0.397959184,0.5,0.733333333,0.333333333,0.285714286,0,1,1,0.951219512
0,0.054794521,0.212078898,0.6,0,0,0.346938776,0.5,1,0.666666667,0.857142857,0.6,1,0,0.951219512
0,0.424657534,0.035902484,0.666666667,0,0,0.418367347,0.5,0.533333333,0.333333333,0.214285714,0,1,1,0.951219512
0,0.602739726,0.112323466,0.6,0,0,0.397959184,0.125,1,0.333333333,0.714285714,0,1,1,0.951219512
0,0.205479452,0.129148273,0.533333333,0,0,0.602040816,0.5,0.733333333,0.333333333,0.571428571,0,1,1,0.951219512
1,0.479452055,0.123610139,0.8,0.150241502,0,0.551020408,0.75,0.6,0.333333333,0.857142857,0,1,1,0.951219512
1,0.191780822,0.099384689,0.6,0,0,0.397959184,0.5,1,0.333333333,0.214285714,0,1,1,0.951219512
0,0.287671233,0.058771476,0.533333333,0,0,0.346938776,0.5,0.733333333,0.833333333,0.571428571,0.6,1,1,0.951219512
0,0.191780822,0.07162095,0.6,0,0,0.397959184,0.5,1,0.666666667,0.285714286,0.2,0.5,0,0.951219512
0,0.150684932,0.136728198,0.666666667,0,0,0.397959184,0.5,0.533333333,0.666666667,0.285714286,0.6,0.5,0,0.951219512
0,0.054794521,0.131060844,0.6,0,0,0.5,0.5,1,0.666666667,0.071428571,0.6,0.5,1,0.951219512
0,0.205479452,0.096654185,0.533333333,0,0,0.551020408,0.5,0.733333333,0.333333333,0.214285714,0,1,1,0.951219512
0,0.136986301,0.093186254,0.133333333,0,0,0.397959184,0.5,0.266666667,0.666666667,0.428571429,0.4,1,1,0.317073171
0,0.356164384,0.14940989,0.533333333,0,0,0.193877551,0.5,0.733333333,0,0.857142857,0.2,1,1,0.951219512
1,0.410958904,0.153598333,0.666666667,0,0,0.448979592,0.125,0.533333333,0.333333333,0.071428571,0,1,1,0.951219512
0,0.04109589,0.18728651,0.6,0,0,0.040816327,0,1,0.666666667,0,0.6,1,0,0.951219512
0,0.150684932,0.065139722,0.8,0,0,0.428571429,0.5,0.6,0.333333333,0.714285714,0,1,1,0.951219512
0,0.438356164,0.117697879,0.6,0,0,0.397959184,0.5,1,0.333333333,0.071428571,0,1,1,0.951219512
1,0.315068493,0.087519577,0.666666667,0,0,0.397959184,0.25,0.533333333,0.333333333,0.785714286,0,1,1,0.951219512
0,0.205479452,0.044650112,0.466666667,0,0,0.397959184,0.5,0.133333333,0.666666667,1,0.8,0.25,1,0.951219512
0,0.205479452,0.118057797,0.533333333,0,0,0.397959184,0.5,0.733333333,0.333333333,1,0,1,1,0.951219512
1,0.273972603,0.021925899,0.866666667,0,0,0.448979592,0.25,0.8,0.333333333,0.714285714,1,1,0,0.951219512
1,0.164383562,0.131775268,0.533333333,0,0,0.397959184,0.5,0.733333333,0.333333333,0.214285714,0,1,1,0.951219512
0,0.383561644,0.022735714,0.6,0,0,0.418367347,0.125,1,0,0.071428571,0.8,1,1,0.951219512
0,0.575342466,0.160697239,0.533333333,0,0,0.367346939,0.5,0.733333333,0.833333333,0.571428571,0.2,1,0,0.951219512
0,0.123287671,0.058094262,0.533333333,0,0,0.551020408,0.5,0.733333333,0.166666667,0.857142857,0,1,1,0.951219512
0,0.315068493,0.060203029,0.533333333,0,0,0.316326531,0.5,0.733333333,0,0.071428571,0.2,1,0,0.951219512
0,0.095890411,0.082020005,0.6,0,0,0.142857143,0.5,1,0.666666667,0.857142857,0.6,1,0,0.951219512
0,0.136986301,0.04692666,0.8,0,0,0.397959184,0.5,0.6,0.333333333,0.214285714,0,1,1,0.951219512
1,0.410958904,0.237160167,0.8,0,0,0.5,0.625,0.6,0.333333333,0.285714286,0,1,1,0.951219512
0,0.136986301,0.017807139,0.8,0,0.345270891,0.448979592,0.5,0.6,0.666666667,0.857142857,0.2,1,1,0.951219512
1,0.342465753,0.05205346,0.666666667,0,0,0.448979592,0.5,0.533333333,0.333333333,1,0,1,1,0.951219512
0,0.301369863,0.104497282,0.533333333,0,0,0.37755102,0.5,0.733333333,0.666666667,0.571428571,0.6,1,0,0.951219512
0,0.246575342,0.217405953,0.533333333,0,0,0.755102041,0.625,0.733333333,0.333333333,0.285714286,0,0.5,1,0.951219512
1,0.383561644,0.158719721,0.8,0,0.436639118,0.397959184,0.5,0.6,0.333333333,0.857142857,0,1,1,0.951219512
0,0.301369863,0.27693921,0.733333333,0,0,0.397959184,0.5,0.466666667,0,0.071428571,0.8,0.5,0,0.951219512
1,0.479452055,0.186482107,0.533333333,0.150241502,0,0.397959184,0.625,0.733333333,0.333333333,0.285714286,1,1,0,0.951219512
0,0.054794521,0.018233358,0.6,0,0,0.5,0.875,1,0.666666667,0.928571429,0.2,1,0,0.951219512
0,0.287671233,0.118435304,0.733333333,0,0,0.193877551,0.75,0.466666667,0,0.571428571,0.8,1,0,0.951219512
0,0.410958904,0.200642034,0.8,0,0,0.5,0.5,0.6,0,0.285714286,0.2,1,1,0.951219512
0,0.095890411,0.111630015,0.6,0,0,0.295918367,0.5,1,0.666666667,0.428571429,0.6,1,0,0.951219512
0,0.02739726,0.251286267,0.6,0,0,0.244897959,0,1,0.666666667,0,0.2,1,0,0.951219512
1,0.465753425,0.024404732,0.533333333,0.03103031,0,0.520408163,0.875,0.733333333,0.333333333,0.214285714,0,1,1,0.951219512
0,0.109589041,0.139265889,0.6,0,0,0.397959184,0.5,1,0.666666667,0.428571429,0.2,0.5,1,0.682926829
0,0.109589041,0.172726073,0.6,0,0,0.397959184,0.5,1,0.333333333,0.071428571,1,1,0,0.951219512
1,0.191780822,0.121966153,0.866666667,0,0,0.908163265,0.25,0.8,0.333333333,0.714285714,0,1,1,0.951219512
0,0.02739726,0.019838781,0.6,0,0,0.091836735,0,1,0.666666667,0,0.6,1,1,0.951219512
0,0.424657534,0.246838034,0.133333333,0,0,0.346938776,0.5,0.266666667,0.666666667,0.642857143,0.8,1,0,0.658536585
0,0.657534247,0.046767674,0.533333333,0,0.539944904,0.653061224,0.625,0.733333333,0.333333333,0.357142857,0,1,1,0.951219512
0,0.616438356,0.047427298,0.533333333,0.105661057,0,0.397959184,0.75,0.733333333,0.333333333,0.214285714,0,1,1,0.951219512
0,0.342465753,0.094979755,0.2,0,0,0.397959184,0.5,0.333333333,0,0.214285714,0.8,1,1,0.804878049
1,0.506849315,0.01075762,0.8,0.278282783,0,0.5,0.75,0.6,0,0.357142857,0.2,1,1,0.951219512
1,0.424657534,0.1320973,0.8,1,0,0.602040816,0.5,0.6,0.666666667,0.214285714,0.2,1,1,0.951219512
0,0.164383562,0.070721832,0.533333333,0,0,0.5,0,0.733333333,0.666666667,0,0.6,1,1,0.951219512
0,0.136986301,0.131876072,0.533333333,0,0,0.397959184,0.5,0.733333333,0.666666667,0.428571429,0.6,1,1,0.951219512
1,0.205479452,0.232333073,0.933333333,1,0,0.602040816,0.5,0.933333333,0.166666667,0.714285714,1,1,0,0.951219512
1,0.424657534,0.122223237,0.533333333,0.076880769,0,0.397959184,0.625,0.733333333,0.333333333,0.285714286,0,1,1,0.951219512
0,0.095890411,0.062147397,0.8,0,0,0.397959184,0.5,0.6,0.666666667,0.714285714,0.6,0.25,1,0.951219512
0,0.109589041,0.128822859,0.533333333,0,0,0.346938776,0.5,0.733333333,0.666666667,0.857142857,0.8,1,0,0.951219512
0,0.150684932,0.107466604,0.666666667,0,0,0.397959184,0.5,0.533333333,0.666666667,0.071428571,0.6,1,0,0.951219512
0,0.383561644,0.110488697,0.666666667,0,0,0.5,0.5,0.533333333,0,0.857142857,0.2,1,1,0.951219512
0,0.575342466,0.156501355,0.533333333,0,0,0.397959184,0.125,0.733333333,1,0.5,0.8,1,0,0.951219512
0,0.054794521,0.056756748,0.533333333,0,0,0.397959184,0.5,0.733333333,0.666666667,0.571428571,0.6,1,0,0.951219512
0,0.136986301,0.26223873,0.533333333,0,0,0.5,0.625,0.733333333,0.666666667,0.214285714,0.4,1,1,0.634146341
1,0.342465753,0.120598194,0.6,0,0,0.397959184,0.5,1,0.333333333,0.928571429,1,1,0,0.951219512
0,0.260273973,0.235024338,0.533333333,0,0,0.479591837,0.5,0.733333333,0.666666667,0.5,0.2,0.5,0,0.951219512
1,0.260273973,0.110239731,0.533333333,0.051780518,0,0.397959184,0.5,0.733333333,0.333333333,0.214285714,0,1,1,0.951219512
0,0.452054795,0.115062089,0.533333333,0,0,0.602040816,0.5,0.733333333,0.833333333,0.714285714,0.8,0.75,0,0.804878049
0,0.02739726,0.196157944,0.533333333,0,0,0.091836735,0,0.733333333,0.666666667,0,0.6,0.5,1,0.951219512
0,0.342465753,0.087022999,0.533333333,0,0,0.602040816,0.75,0.733333333,0.333333333,0.857142857,0,0.25,1,0.853658537
1,0.438356164,0.088336158,0.533333333,0,0,0.397959184,0.875,0.733333333,0.333333333,0.714285714,0,1,1,0.951219512
0,0.054794521,0.253735332,0.6,0,0.394628099,0.081632653,0.5,1,0.666666667,0.928571429,0.6,1,0,0.951219512
0,0.219178082,0.108213502,0.733333333,0,0,0.459183673,0.5,0.466666667,0.333333333,0.857142857,0,1,1,0.951219512
0,0.506849315,0.127062509,0.8,0,0,0.602040816,0.5,0.6,0,0.857142857,0.2,0.5,0,0.951219512
1,0.780821918,0.122667722,0.6,0.158311583,0,0.397959184,0.875,1,1,0.285714286,0.2,0.5,1,0.951219512
0,0.98630137,0.011380035,0.333333333,0,0,0.193877551,0,0,0.333333333,0,0,1,1,0.951219512
0,0.04109589,0.232770793,0.6,0,0,0.091836735,0.5,1,0.666666667,0.071428571,0.6,1,0,0.951219512
1,0.438356164,0.146190926,0.6,0,0,0.193877551,0,1,0.333333333,0,0,1,1,0.951219512
0,0.602739726,0.113291591,0.533333333,0,0.470844812,0.193877551,0.5,0.733333333,0.333333333,0.214285714,0,1,1,0.951219512
1,0.465753425,0.083283777,0.466666667,0,0.359044995,0.397959184,0.5,0.133333333,1,0.5,0.2,1,1,0.951219512
0,0.068493151,0.086684054,0.6,0,0,0.397959184,0,1,0.666666667,0,0.6,1,1,0.951219512
0,0.232876712,0.04127622,0.4,0,0,0.397959184,0,0.066666667,0.666666667,0,0.2,0.5,0,0.951219512
0,0.068493151,0.115896936,0.533333333,0,0,0.397959184,0.5,0.733333333,0.666666667,0.214285714,0.6,1,1,0.951219512
0,0.315068493,0.168103294,0.8,0,0,0.397959184,0.5,0.6,0.333333333,0.071428571,0,1,1,0.634146341
1,0.397260274,0.121670506,0.933333333,0,0,0.448979592,0.625,0.933333333,0.333333333,0.714285714,0,1,1,0.951219512
0,0.424657534,0.132371974,0.533333333,0,0,0.520408163,0.5,0.733333333,0,0.071428571,0.8,1,0,0.951219512
0,0.328767123,0.185879989,0.6,0,0,0.397959184,0.5,1,0.666666667,0.357142857,0.2,1,1,0.951219512
0,0.150684932,0.105694753,0.733333333,0,0,0.397959184,0.5,0.466666667,0.333333333,0.285714286,1,1,0,0.951219512
0,0.301369863,0.12124767,0.133333333,0,0,0.397959184,0.5,0.266666667,0.333333333,0.5,0,1,1,0.951219512
0,0.01369863,0.24573866,0.4,0,0,0.193877551,0.5,0.066666667,0.666666667,0.857142857,0.6,1,0,0.951219512
0,0.205479452,0.05944666,0.266666667,0,0,0.397959184,0.5,0.4,0.333333333,0.571428571,0,1,1,0.195121951
0,0.082191781,0.135715421,0.6,0,0,0.397959184,0.5,1,0.666666667,0.071428571,0.2,1,0,0.951219512
1,0.397260274,0.123896314,0.8,0,0,0.397959184,0.25,0.6,0.333333333,0.714285714,0,0.5,1,0.951219512
0,0.726027397,0.379646374,0.533333333,0.014550146,0,0.397959184,0.5,0.733333333,0.333333333,0.214285714,0,1,1,0.951219512
0,0.01369863,0.097993728,0.4,0,0,0.397959184,0.75,0.066666667,0.666666667,0.857142857,0.6,1,0,0.951219512
1,0.438356164,0.034003444,0.8,0,0,0.397959184,0.5,0.6,0.333333333,0.285714286,0,1,1,0.951219512
0,0.97260274,0.012053866,0.8,0,0.416896235,0.5,0.5,0.6,0.666666667,0.285714286,0.2,1,1,0
0,0.630136986,0.124780548,0.533333333,0,0,0.234693878,0.5,0.733333333,1,0.571428571,0.8,1,0,0.951219512
0,0.273972603,0.06801027,0.8,0,0,0.397959184,0.5,0.6,0,0.285714286,0.2,1,0,0.951219512
0,0.315068493,0.011783251,0.533333333,0,0,0.857142857,0.75,0.733333333,0.666666667,0.357142857,0.6,1,1,0.951219512
0,0.438356164,0.103234187,0.333333333,0,0,0.397959184,0.5,0,0.333333333,0.357142857,0,1,1,0.951219512
0,0.643835616,0.135010469,0.333333333,0,0,0.397959184,0.5,0,0.333333333,0.785714286,0,1,1,0.951219512
0,0.109589041,0.158797523,0.733333333,0,0,0.448979592,0.5,0.466666667,0.333333333,0.285714286,0,1,1,0.951219512
0,0.260273973,0.100064609,0.533333333,0,0,0.397959184,0.5,0.733333333,0.666666667,0.571428571,0.2,1,1,0.951219512
0,0.191780822,0.047484803,0.266666667,0,0,0.244897959,0,0.4,0,0,0.2,1,0,0.951219512
0,0.287671233,0.137908079,0.6,0,0,0.346938776,0.25,1,0.5,0.285714286,0.8,0.5,0,0.951219512
0,0.178082192,0.114947754,0.8,0.02202022,0,0.37755102,0.5,0.6,0.666666667,0.714285714,0.2,1,0,0.951219512
1,0.506849315,0.049480588,0.533333333,0,0,0.397959184,0.5,0.733333333,0.333333333,1,0,1,1,0.951219512
0,0.438356164,0.171749153,0.533333333,0,0,0.397959184,0.5,0.733333333,0.333333333,0.5,1,1,0,0.951219512
0,0.808219178,0.28340623,0.2,0,0,0.010204082,0,0.333333333,1,0,0.2,1,1,0.951219512
0,0.095890411,0.085537323,0.4,0,0,0.193877551,0.5,0.066666667,0.666666667,0.857142857,0.6,0.5,0,0.951219512
0,0.054794521,0.116630303,0.6,0,0,0.346938776,0.875,1,0.666666667,0.071428571,0.6,1,0,0.951219512
0,0.301369863,0.133863062,0.866666667,0,0,0.397959184,0.875,0.8,0.666666667,0.785714286,0.2,1,0,0.951219512
0,0.082191781,0.116570091,0.8,0,0,0.204081633,0.5,0.6,0.666666667,0.714285714,0.6,1,0,0.951219512
1,0.232876712,0.114203563,0.8,0,0.453856749,0.448979592,0.5,0.6,0.333333333,0.285714286,0,1,1,0.951219512
0,0.465753425,0.178557825,0.533333333,0,0,0.397959184,0.5,0.733333333,0,0.071428571,0.2,1,0,0.951219512
0,0.02739726,0.180385153,0.466666667,0,0,0.520408163,0.5,0.133333333,0.666666667,0.428571429,0.6,0.5,0,0.951219512
0,0.095890411,0.071964631,0.466666667,0,0,0.397959184,0.5,0.133333333,0.333333333,0.5,0,1,1,0.951219512
0,0.287671233,0.127145046,0.533333333,0,0,0.397959184,0.5,0.733333333,0.333333333,0.214285714,0,1,1,0.951219512
0,0.136986301,0.011552552,0.733333333,0,0,0.448979592,0,0.466666667,0.666666667,0,0.2,1,0,0.951219512
0,0.465753425,0.102374308,0.6,0,0,0.397959184,0.5,1,0,0.071428571,0.8,1,0,0.951219512
1,0.493150685,0.0130592,0.8,0,0,0.520408163,0.5,0.6,0.333333333,0.714285714,0,1,1,0.951219512
0,0.068493151,0.045798196,0.6,0,0,0.244897959,0.5,1,0.666666667,0.857142857,0.6,1,1,0.951219512
0,0.232876712,0.156612307,0.533333333,0,0,0.397959184,0.5,0.733333333,0,0.214285714,0.8,1,1,0.951219512
0,0.150684932,0.1370482,0.533333333,0,0,0.479591837,0.125,0.733333333,0.666666667,0.5,0.6,1,1,0.951219512
0,0.273972603,0.017246967,0.666666667,0,0,0.540816327,0.5,0.533333333,0.333333333,0.857142857,0,1,1,0.951219512
1,0.219178082,0.151248042,0.933333333,0,0,0.397959184,0.5,0.933333333,0.333333333,0.285714286,1,1,0,0.951219512
1,0.465753425,0.108703991,1,0,0,0.397959184,0.875,0.666666667,0.333333333,0.714285714,0,1,1,0.951219512
0,0.136986301,0.10935685,0.6,0,0,0.316326531,0.5,1,0.666666667,0.928571429,0.6,0.75,0,0.56097561
0,0.01369863,0.053706917,0.6,0,0,0.397959184,0,1,0.666666667,0,0.6,0.25,0,0.951219512
0,0.219178082,0.173305866,0.6,0,0,0.397959184,0.5,1,0,0.285714286,0.8,1,0,0.951219512
0,0.465753425,0.056764866,0.6,0,0,0.397959184,0.25,1,0.333333333,0.071428571,1,1,0,0.951219512
0,0.808219178,0.058459592,0.6,0,0,0.193877551,0.5,1,0,0.071428571,0.2,1,0,0.951219512
0,0.068493151,0.085570473,0.533333333,0,0,0.397959184,0.5,0.733333333,0.666666667,0.071428571,0.6,1,1,0.951219512
0,0.136986301,0.15008981,0.8,0,0,0.397959184,0.875,0.6,0.666666667,0.071428571,0.2,1,0,0.951219512
0,0.287671233,0.105622364,0.6,0.057210572,0,0.43877551,0.5,1,0,0.071428571,0.8,1,0,0.951219512
0,0.164383562,0.063627661,0.866666667,0,0,0.397959184,0.875,0.8,0.666666667,0.285714286,0.2,1,1,0
1,0.164383562,0.018247565,0.533333333,0,0,0.397959184,0.5,0.733333333,0.333333333,1,0,1,1,0.951219512
0,0.383561644,0.070700859,0.533333333,0,0,0.602040816,0.75,0.733333333,0.333333333,0.214285714,0,1,1,0.951219512
0,0.794520548,0.149566847,0.333333333,0,0,0.397959184,0.5,0,0.333333333,1,0,1,1,0.951219512
0,0.534246575,0.025276788,0.666666667,0,0,0.704081633,0.5,0.533333333,0.666666667,0.357142857,0.2,1,1,0.951219512
1,0.465753425,0.099768962,0.866666667,0,0,0.397959184,0.25,0.8,0.333333333,0.714285714,0,1,1,0.951219512
1,0.506849315,0.117420498,0.866666667,0,0.453856749,0.397959184,0.25,0.8,0.333333333,0.714285714,0,1,1,0.951219512
0,0.465753425,0.344614594,0.6,0,0,0.234693878,0,1,0.333333333,0,0,1,1,0.951219512
0,0.452054795,0.101509017,0.6,0,0,0.5,0.5,1,0.333333333,0.428571429,0,1,1,0.951219512
0,0.136986301,0.254033685,0.6,0,0,0.397959184,0.5,1,0.666666667,0.571428571,0.6,1,1,0.951219512
0,0.164383562,0.112485158,0.533333333,0,0,0.397959184,0.5,0.733333333,0.333333333,1,0,1,1,0.951219512
1,0.315068493,0.240532029,0.8,0,0.453856749,0.397959184,0.75,0.6,0.333333333,0.285714286,0,1,1,0.951219512
0,0.739726027,0.023375042,0.2,0,0,0.142857143,0,0.333333333,0.833333333,0,0.2,0.5,1,0.951219512
1,0.301369863,0.116915125,0.8,0,0,0.479591837,0.5,0.6,0.333333333,0.714285714,0,1,1,0.951219512
0,0.410958904,0.101068591,0.4,0,0,0.397959184,0.5,0.066666667,0.666666667,1,0.2,0.5,1,0.951219512
0,0.178082192,0.168280547,0.6,0,0,0.5,0.5,1,0,0.5,0.8,1,1,0.951219512
0,0.465753425,0.145184915,0.533333333,0,0,0.397959184,0.875,0.733333333,0.666666667,1,0.2,1,1,0.951219512
0,0.095890411,0.115367884,0.6,0.033250333,0,0.520408163,0.5,1,0.666666667,0.071428571,0.6,1,0,0.146341463
1,0.287671233,0.100924488,0.933333333,0,0,0.397959184,0.25,0.933333333,0.333333333,0.714285714,0,0.5,1,0.951219512
0,0.369863014,0.144604446,0.6,0,0,0.602040816,0.625,1,0.333333333,0.285714286,0,1,1,0.951219512
1,0.616438356,0.072010635,0.533333333,0.200512005,0,0.724489796,0.625,0.733333333,0.333333333,0.285714286,0,0.5,1,0.951219512
0,0.369863014,0.229307598,0.533333333,0,0,0.397959184,0.875,0.733333333,0.333333333,0.071428571,0,1,1,0.951219512
0,0.054794521,0.065208052,0.6,0,0,0.397959184,0,1,0.666666667,0,0.6,1,0,0.951219512
1,0.479452055,0.219003258,0.8,0.076880769,0,0.37755102,0.5,0.6,0.333333333,0.928571429,0,1,1,0.951219512
0,0.356164384,0.096017563,0.533333333,0.028290283,0,0.602040816,0.5,0.733333333,0.333333333,0.571428571,0,0.25,1,0.073170732
0,0.602739726,0.125176999,0.866666667,0,0,0.397959184,0.125,0.8,1,0.714285714,0.8,1,0,0.951219512
0,0.109589041,0.169540259,0.4,0,0,0.316326531,0.5,0.066666667,0.666666667,0.571428571,0.8,0.5,0,0.951219512
0,0.383561644,0.208310585,0.066666667,0,0,0.397959184,0.5,0.2,0.333333333,0.571428571,1,1,0,0.951219512
0,0.424657534,0.07217774,0.333333333,0,0,0.397959184,0.25,0,0.333333333,1,0,1,1,0.951219512
0,0.109589041,0.093130778,0.533333333,0.04101041,0,0.602040816,0.5,0.733333333,0.666666667,0.571428571,0.4,0.25,1,0
1,0.109589041,0.170141024,0.6,0,0,0.397959184,0.5,1,0.333333333,0.071428571,1,1,0,0.951219512
0,0.328767123,0.049070607,0.666666667,0.038870389,0,0.397959184,0.5,0.533333333,0,0.714285714,0.8,1,0,0.951219512
0,0.821917808,0.052343695,0.533333333,0,0,0.397959184,0.5,0.733333333,1,0.071428571,0.2,1,0,0.951219512
0,0.301369863,0.103122558,0.6,0,0,0.397959184,0.5,1,0.666666667,1,0.8,1,1,0.951219512
0,0.410958904,0.094571803,0.533333333,0,0,0.397959184,0.5,0.733333333,0,0.5,0.8,1,0,0.951219512
0,0.342465753,0.118676152,0.533333333,0,0,0.397959184,0.5,0.733333333,0,0.571428571,0.2,1,1,0.951219512
0,0.356164384,0.179419734,0.533333333,0,0,0.295918367,0.75,0.733333333,0.333333333,0.357142857,0,1,1,0.951219512
1,0.260273973,0.272842776,0.6,0,0,0.397959184,0.5,1,0.333333333,0.214285714,0,1,1,0.951219512
0,0.602739726,0.114160941,0.866666667,0,0,0.173469388,0.5,0.8,0.333333333,0.714285714,0,1,1,0.951219512
0,0.068493151,0.165223274,0.8,0,0,0.397959184,0.5,0.6,0.666666667,0.071428571,0.6,1,0,0.951219512
0,0.082191781,0.11601736,0.733333333,0,0,0.704081633,0.5,0.466666667,0.666666667,0.071428571,0.4,1,0,0.951219512
0,0.191780822,0.15991178,0.066666667,0,0,0.367346939,0.5,0.2,0.666666667,0.428571429,0.2,1,1,0.634146341
0,0.342465753,0.182514216,0.266666667,0,0,0.397959184,0.5,0.4,0.333333333,1,0,1,1,0.951219512
0,0.150684932,0.100598397,0.6,0,0,0.520408163,0.5,1,0.666666667,0.071428571,0.2,1,0,0.951219512
1,0.191780822,0.021333929,0.8,0.076880769,0,0.428571429,0.5,0.6,0.333333333,0.714285714,1,1,0,0.951219512
0,0.082191781,0.083019251,0.533333333,0,0,0.806122449,0.5,0.733333333,0,0.571428571,0.8,1,0,0.951219512
0,0.082191781,0.085654364,0.533333333,0,0,0.397959184,0.5,0.733333333,0.666666667,0.5,0.6,0.5,1,0.951219512
0,0.260273973,0.066870981,0.533333333,0,0,0.397959184,0.5,0.733333333,0.833333333,0.214285714,0.6,1,1,0.951219512
1,0.493150685,0.108792618,0.6,0,0.433195592,0.397959184,0.125,1,0.333333333,0.285714286,1,0.25,0,0.731707317
0,0.342465753,0.220548469,0.666666667,0,0,0.193877551,0,0.533333333,0.333333333,0,1,1,0,0.487804878
0,0.04109589,0.165903194,0.533333333,0,0,0.397959184,0.5,0.733333333,0.666666667,0.214285714,0.6,1,1,0.951219512
0,0.219178082,0.014093626,0.733333333,0,0,0.397959184,0.5,0.466666667,0.333333333,0.785714286,0,1,1,0.951219512
1,0.260273973,0.017073773,0.8,0.150241502,0,0.5,0.5,0.6,0.333333333,0.857142857,0,1,1,0.951219512
0,0.260273973,0.105137963,0.6,0,0,0.5,0.75,1,0.666666667,0.571428571,0.8,1,0,0.951219512
0,0.191780822,0.060878213,0.2,0,0,0.397959184,0.5,0.333333333,0,0.5,0.8,1,0,0.951219512
0,0.397260274,0.129467599,0.8,0,0,0.397959184,0.5,0.6,0,0.857142857,0.4,0.5,1,0.951219512
0,0.301369863,0.012604567,0.533333333,0,0,0.397959184,0.5,0.733333333,0.333333333,0.214285714,0,1,1,0.951219512
1,0.369863014,0.223869591,0.6,0,0.433195592,0.551020408,0.75,1,0.333333333,0.214285714,0,1,1,0.951219512
1,0.287671233,0.128367549,0.8,0,0,0.397959184,0.25,0.6,0.333333333,0.285714286,0,1,1,0.951219512
0,0.082191781,0.218714376,0.6,0,0,0.346938776,0.5,1,0.666666667,0.428571429,0.6,1,1,0.951219512
0,0.383561644,0.063016748,0.533333333,0,0,0.387755102,0.5,0.733333333,0,0.357142857,0.8,0.5,0,0.951219512
1,0.150684932,0.069948549,0.8,0.076880769,0,0.397959184,0.5,0.6,0.333333333,0.857142857,0,1,1,0.951219512
0,0.191780822,0.071790084,0.4,0,0,0.397959184,0.5,0.066666667,0.333333333,0.5,0,1,1,0.951219512
0,0.342465753,0.128405435,0.666666667,0,0,0.397959184,0.5,0.533333333,0.333333333,0.714285714,0,1,1,0.048780488
0,0.383561644,0.092607138,0.6,0,0,0.5,0.5,1,0,0.214285714,0.2,1,1,0.951219512
0,0.273972603,0.144924448,0.533333333,0,0,0.5,0.5,0.733333333,0.333333333,0.857142857,0,1,1,0.951219512
0,0.136986301,0.065542938,0.6,0,0,0.602040816,0.5,1,0.333333333,0.214285714,0,1,1,0.951219512
0,0.232876712,0.136279653,0.533333333,0,0,0.397959184,0.5,0.733333333,0.666666667,0.428571429,0.6,1,1,0.951219512
0,0.054794521,0.146226106,0.333333333,0,0,0.397959184,0,0,0.666666667,0,0.6,0.5,1,0.951219512
0,0.369863014,0.082335272,0.6,0,0,0.397959184,0.5,1,0.5,0.071428571,0.8,1,0,0.951219512
0,0.273972603,0.116617449,0.533333333,0.050130501,0,0.43877551,0.5,0.733333333,0.333333333,0.5,0,1,1,0.951219512
1,0.452054795,0.196482006,0.8,0.076880769,0,0.5,0.625,0.6,0.333333333,0.285714286,0,0.25,1,0.585365854
0,0,0.126053115,0.4,0,0,0.153061224,0.5,0.066666667,0.666666667,0.428571429,0.6,1,0,0.951219512
0,0.150684932,0.092252633,0.533333333,0,0,0.397959184,0.5,0.733333333,0.666666667,0.5,0.6,1,0,0.951219512
0,0.246575342,0.306621609,0.533333333,0,0,0.397959184,0.5,0.733333333,0.333333333,0.5,0,0.5,1,0.951219512
0,0.054794521,0.214387243,0.533333333,0.048650487,0,0.397959184,0.5,0.733333333,0.666666667,0.928571429,0.2,1,1,0.951219512
1,0.397260274,0.277737524,0.6,0,0,0.397959184,0.5,1,0.333333333,0.071428571,0,1,1,0.951219512
1,0.191780822,0.097562098,0.6,0,0,0.397959184,0.5,1,0.333333333,0.285714286,0,1,1,0.951219512
0,0.410958904,0.107275144,0.533333333,0.040640406,0,0.602040816,0.5,0.733333333,0.333333333,0.428571429,0,1,1,0.951219512
0,0.301369863,0.150850238,0.6,0,0,0.397959184,0.5,1,0,0.071428571,0.2,1,0,0.951219512
0,0.876712329,0.018679196,0.2,0,0,0.010204082,0.5,0.333333333,1,0.285714286,0.2,1,0,0.951219512
0,0.232876712,0.026769906,0.533333333,0,0,0.397959184,0.5,0.733333333,0.666666667,0.5,0.2,1,1,0.951219512
0,0.068493151,0.076868173,0.6,0,0,0.397959184,0,1,0.666666667,0,0.6,1,1,0.951219512
0,0.136986301,0.121743572,0.8,0,0,0.448979592,0.5,0.6,0.666666667,0.714285714,0.2,1,1,0.951219512
0,0.520547945,0.167271829,0.2,0,0,0.5,0.5,0.333333333,0.333333333,1,0,1,1,0.951219512
0,0.054794521,0.137908079,0.533333333,0,0,0.346938776,0.5,0.733333333,0.666666667,0.571428571,0.6,1,1,0.951219512
1,0.589041096,0.265025387,0.533333333,0.105201052,0,0.397959184,0.125,0.733333333,0,0.285714286,0.2,1,1,0.951219512
0,0.205479452,0.197499518,0.533333333,0,0,0.5,0.875,0.733333333,0.666666667,0.285714286,0.2,1,1,0.951219512
0,0.082191781,0.202779892,0.6,0,0,0.397959184,0.5,1,0.666666667,0.285714286,0.2,1,1,0.951219512
0,0.328767123,0.039348765,0.6,0,0,0.602040816,0.5,1,0.333333333,0.857142857,0,0.25,1,0.951219512
0,0.671232877,0.175413956,0.533333333,0,0,0.397959184,0.5,0.733333333,0.833333333,0.5,0.2,0.5,1,0.951219512
1,0.315068493,0.23316792,0.933333333,0,0,0.5,0.5,0.933333333,0.333333333,0.285714286,0,1,1,0.951219512
0,0.164383562,0.164452022,0.6,0.005940059,0,0.234693878,0.5,1,0,0.571428571,0.6,1,1,0.951219512
0,0.068493151,0.187599747,0.8,0,0,0.397959184,0.5,0.6,0.666666667,0.285714286,0.2,1,0,0.951219512
0,0.164383562,0.039114007,0.533333333,0,0,0.397959184,0.5,0.733333333,0,0.214285714,0.6,1,1,0.780487805
1,0.506849315,0.103505478,0.6,0,0,0.397959184,0.5,1,0.333333333,0.285714286,0,1,1,0.951219512
0,0.150684932,0.064356292,0.8,0,0,0.346938776,0.5,0.6,0.666666667,0.714285714,0.2,1,0,0.951219512
0,0.191780822,0.015077988,0.8,0,0,0.551020408,0.5,0.6,0.333333333,0.857142857,0,1,1,0.951219512
0,0.260273973,0.18421909,0.6,0,0,0.397959184,0.5,1,0.833333333,0.857142857,0.8,1,0,0.951219512
0,0.082191781,0.132748805,0.6,0,0,0.397959184,0.75,1,0,0.071428571,0.6,1,1,0.951219512
0,0.342465753,0.029901598,0.733333333,0,0,0.397959184,0.5,0.466666667,0,0.071428571,0.8,1,0,0.951219512
1,0.575342466,0.071045893,0.533333333,0,0.433195592,0.397959184,0.125,0.733333333,0.333333333,0.214285714,0,1,1,0.951219512
0,0.246575342,0.356060252,0.4,0,0,0.397959184,0.5,0.066666667,0.833333333,1,0.2,0.5,1,0.951219512
0,0.082191781,0.132101359,0.4,0,0,0.397959184,0.5,0.066666667,0.333333333,0.5,0,1,1,0.951219512
0,0.109589041,0.123582401,0.6,0,0,0.142857143,0.875,1,0.333333333,0.571428571,1,1,0,0.951219512
1,0.479452055,0.099768962,0.8,0,0.433195592,0.397959184,0.5,0.6,0.333333333,0.285714286,0,1,1,0.951219512
0,0.301369863,0.162397378,0.266666667,0,0,0.346938776,0.5,0.4,0.833333333,0.214285714,0.6,1,1,0.634146341
0,0.082191781,0.124748751,0.6,0,0,0.193877551,0.5,1,0.666666667,0.857142857,0.6,1,0,0.951219512
0,0.178082192,0.15512866,0.6,0,0,0.397959184,0.5,1,0.333333333,0.5,0,1,1,0.951219512
0,0.01369863,0.506537719,0.4,0,0,0.193877551,0.5,0.066666667,0.666666667,0.571428571,0.6,1,0,0.951219512
1,0.287671233,0.135285144,0.933333333,0,0,0.5,0.5,0.933333333,0.333333333,0.714285714,1,1,0,0.951219512
1,0.205479452,0.053932204,0.8,0,0,0.397959184,0.875,0.6,0.333333333,0.285714286,1,1,0,0.951219512
0,0.164383562,0.105496528,0.8,0,0.399449036,0.704081633,0.625,0.6,0.333333333,0.285714286,0,1,1,0.951219512
0,0.04109589,0.102617185,0.533333333,0,0,0.397959184,0.25,0.733333333,0.666666667,0.571428571,0.8,0.5,0,0.951219512
0,0.219178082,0.015264712,0.6,0,0,0.397959184,0.5,1,0.333333333,0.571428571,0,1,1,0.951219512
0,0.178082192,0.05683049,0.866666667,0,0,0.448979592,0.5,0.8,0.666666667,0.714285714,0.2,1,0,0.951219512
0,0.136986301,0.156676578,0.6,0,0,0.448979592,0.625,1,0.666666667,0.071428571,0.6,1,0,0.951219512
0,0.205479452,0.115301583,0.533333333,0,0,0.448979592,0.5,0.733333333,0.666666667,0.857142857,0.2,1,0,0.951219512
0,0.273972603,0.031159957,0.533333333,0,0,0.56122449,0.75,0.733333333,0,0.357142857,0.8,1,1,0.951219512
0,0.04109589,0.256091035,0.133333333,0,0,0.244897959,0.5,0.266666667,0.666666667,0.428571429,0.2,1,1,0.634146341
0,0.01369863,0.018278009,0.466666667,0,0,0.112244898,0.5,0.133333333,0.666666667,0.571428571,0.6,1,0,0.951219512
0,0.356164384,0.164602213,0.533333333,0,0,0.397959184,0.5,0.733333333,0,0.5,0.8,1,1,0.951219512
0,0.589041096,0.070817223,0.2,0,0,0.193877551,0,0.333333333,1,0,0.8,1,0,0.951219512
0,0.273972603,0.013114676,0.8,0,0,0.397959184,0.125,0.6,0.333333333,0.285714286,0,1,1,0.951219512
0,0.205479452,0.077499383,0.533333333,0,0,0.397959184,0.5,0.733333333,0.666666667,0.214285714,0.2,1,1,0.951219512
0,0.095890411,0.151162122,0.533333333,0,0,0.5,0.5,0.733333333,0.666666667,0.071428571,0.6,1,1,0.951219512
0,0.01369863,0.068262618,0.4,0,0,0.244897959,0,0.066666667,0.666666667,0,0.6,1,1,0.951219512
0,0.246575342,0.111325573,0.533333333,0,0,0.397959184,0.5,0.733333333,0.333333333,0.428571429,0,1,1,0.951219512
0,0.739726027,0.068438518,0.133333333,0,0,0.091836735,0,0.266666667,0.333333333,0,0,1,1,0.951219512
0,0,0.095222632,0.333333333,0,0,0.193877551,0.5,0,0.666666667,0.857142857,0.6,1,0,0.951219512
0,0.397260274,0.096994483,0.866666667,0,0,0.397959184,0.25,0.8,0.666666667,0.714285714,0.2,1,0,0.951219512
1,0.150684932,0.012994929,0.8,0,0,0.397959184,0.5,0.6,0.666666667,0.214285714,0.6,1,1,0.951219512
0,0.328767123,0.107325208,0.866666667,0,0,0.397959184,0.875,0.8,0.333333333,0.714285714,0,1,1,0.951219512
1,0.205479452,0.294145584,0.8,0.150241502,0,0.5,0.5,0.6,0.333333333,0.857142857,0,0.5,1,0.951219512
0,0.328767123,0.067111152,0.533333333,0,0,0.397959184,0.5,0.733333333,0.666666667,0.071428571,0.6,1,1,0.951219512
0,0.02739726,0.126091678,0.533333333,0,0,0.397959184,0.5,0.733333333,0.666666667,0.928571429,0.6,1,1,0.951219512
0,0.493150685,0.01557389,0.8,0,0,0.571428571,0.25,0.6,0,0.714285714,0.8,1,0,0.951219512
0,0.575342466,0.107598529,0.8,0.02202022,0,0.367346939,0.5,0.6,0.5,0.714285714,0.4,0.5,0,0.951219512
1,0.520547945,0.025626558,1,0,0,0.602040816,0.5,0.666666667,0.333333333,0.285714286,0,1,1,0.951219512
0,0.095890411,0.155242995,0.533333333,0,0,0.397959184,0.5,0.733333333,0.666666667,0.428571429,0.2,1,1,0.951219512
0,0.178082192,0.151248042,0.8,0,0,0.234693878,0.5,0.6,0.666666667,0.571428571,0.6,1,0,0.951219512
1,0.273972603,0.056963092,0.733333333,0.051780518,0,0.37755102,0.5,0.466666667,0.333333333,0.071428571,0.4,0.25,0,0.951219512
0,0.630136986,0.059222726,0.6,0,0,0.316326531,0.875,1,0.333333333,0.785714286,0,1,1,0.951219512
0,0.301369863,0.105056778,0.533333333,0.028850289,0,0.295918367,0.25,0.733333333,0.333333333,0.571428571,1,1,0,0.951219512
0,0.178082192,0.086294368,0.333333333,0,0,0.397959184,0.5,0,0.833333333,0.571428571,0.2,0.5,1,0.951219512
0,0.150684932,0.013231041,0.8,0,0,0.397959184,0.5,0.6,0.666666667,0.285714286,0.6,1,1,0.951219512
1,0.465753425,0.03859172,0.666666667,0,0,0.5,0,0.533333333,0.333333333,0,0,1,1,0.951219512
1,0.260273973,0.087492516,0.6,0,0,0.5,0.625,1,0.333333333,0.714285714,0,1,1,0.951219512
1,0.287671233,0.121811902,0.866666667,0,0,0.397959184,0.5,0.8,0.333333333,0.714285714,0,1,1,0.219512195
1,0.356164384,0.125708081,0.533333333,0.076880769,0,0.397959184,0.25,0.733333333,0.333333333,0.214285714,0,1,1,0.951219512
0,0.315068493,0.101354089,0.533333333,0,0,0.397959184,0.5,0.733333333,0,0.071428571,0.2,1,0,0.951219512
1,0.767123288,0.165153591,1,0,0,0.275510204,0.75,0.666666667,0.333333333,0.714285714,0,1,1,0.951219512
0,0.493150685,0.08581335,0.533333333,0,0,0.397959184,0.5,0.733333333,0,0.571428571,0.2,1,0,0.951219512
0,0.315068493,0.063210237,0.866666667,0,0.43067034,0.346938776,0.25,0.8,0.666666667,0.071428571,0.2,1,0,0.951219512
0,0.164383562,0.135720157,0.6,0,0,0.479591837,0.75,1,0,0.5,0.2,1,1,0.951219512
1,0.602739726,0.143706004,0.8,0,0,0.295918367,0.5,0.6,0.333333333,0.285714286,1,1,0,0.951219512
0,0.561643836,0.140213718,0.2,0,0,0.397959184,0.5,0.333333333,0,0.5,0.8,1,0,0.951219512
0,0.301369863,0.027139972,0.866666667,0,0,0.5,0.25,0.8,0.666666667,0.714285714,0.2,1,0,0.951219512
0,0.534246575,0.060592038,0.533333333,0.040640406,0,0.397959184,0.125,0.733333333,0.333333333,0.071428571,0,1,1,0.951219512
1,0.328767123,0.129183453,0.533333333,0,0,0.397959184,0.5,0.733333333,0.333333333,0.285714286,0,1,1,0.951219512
1,0.328767123,0.04553164,0.8,0,0,0.602040816,0.5,0.6,0.333333333,0.714285714,0,0.25,1,0.073170732
0,0.356164384,0.258083437,0.6,0,0,0.346938776,0.5,1,0.833333333,0.857142857,0.2,1,0,0.951219512
1,0.205479452,0.016877577,0.933333333,0.076880769,0,0.448979592,0.75,0.933333333,0.333333333,0.714285714,0,1,1,0.951219512
0,0.479452055,0.244285458,0.4,0,0,0.397959184,0.5,0.066666667,1,0.214285714,0.2,1,1,0.951219512
0,0.068493151,0.163899291,0.6,0,0,0.295918367,0.5,1,0.666666667,0.071428571,0.4,0.5,0,0.56097561
0,0.684931507,0.14464842,0.6,0,0,0.43877551,0.75,1,0.333333333,0.357142857,0,1,1,0.951219512
0,0.246575342,0.220999719,0.533333333,0,0,0.397959184,0.5,0.733333333,0,0.214285714,0.8,0.5,1,0.951219512
0,0.561643836,0.058233629,0.533333333,0,0,0.5,0.25,0.733333333,0.333333333,0.285714286,0,1,1,0.951219512
1,0.301369863,0.030225659,0.6,0,0,0.428571429,0.5,1,0.333333333,0.285714286,1,1,0,0.951219512
0,0.150684932,0.140327376,0.8,0.050130501,0,0.551020408,0.625,0.6,0.333333333,0.285714286,0,1,1,0.951219512
0,0.068493151,0.163766689,0.533333333,0,0,0.448979592,0.5,0.733333333,0.666666667,0.571428571,0.2,1,1,0.951219512
0,0.506849315,0.105721138,0.8,0,0,0.397959184,0.25,0.6,0.333333333,0.285714286,0,1,1,0.951219512
1,0.342465753,0.252950549,0.6,0,0,0.5,0.5,1,0,0.857142857,0.2,1,1,0.951219512
0,0.109589041,0.036972766,0.533333333,0,0,0.346938776,0.5,0.733333333,0.666666667,0.214285714,0.2,1,1,0.951219512
0,0.301369863,0.211816401,0.6,0,0,0.397959184,0.5,1,0.666666667,0.071428571,0.2,1,1,0.951219512
0,0.342465753,0.011783251,0.333333333,0,0,0.397959184,0.5,0,0.333333333,0.5,0,1,1,0.951219512
0,0.315068493,0.104849758,0.866666667,0,0,0.428571429,0.5,0.8,0,0.714285714,0.2,1,1,0.951219512
0,0.452054795,0.043598096,0.6,0,0,0.387755102,0.875,1,0,0.071428571,0.2,1,0,0.951219512
1,0.397260274,0.129556902,0.6,0,0,0.397959184,0.5,1,0.333333333,0.857142857,0,1,1,0.951219512
0,0.369863014,0.103821421,0.533333333,0,0,0.37755102,0.875,0.733333333,0,0.071428571,0.8,1,0,0.951219512
1,0.479452055,0.167157495,0.533333333,0,0,0.5,0.5,0.733333333,0.333333333,0.214285714,0,1,1,0.951219512
1,0.246575342,0.058180859,0.933333333,0,0,0.397959184,0.5,0.933333333,0.666666667,0.714285714,0.2,0.25,1,0.463414634
0,0.04109589,0.135093007,0.6,0,0,0.448979592,0,1,0.666666667,0,0.6,1,0,0.951219512
0,0.424657534,0.023201848,0.533333333,0,0,0.397959184,0.5,0.733333333,0,0.714285714,0.8,1,0,0.951219512
1,0.315068493,0.112048115,0.666666667,0.076880769,0,0.43877551,0.5,0.533333333,0.333333333,0.285714286,0,1,1,0.951219512
0,0.246575342,0.104365357,0.466666667,0,0,0.397959184,0.5,0.133333333,0.333333333,0.5,0,1,1,0.951219512
1,0.342465753,0.168873193,0.866666667,0,0,0.5,0.25,0.8,0.333333333,0.714285714,0,1,1,0.951219512
0,0.068493151,0.195239207,0.6,0,0,0.397959184,0.5,1,0.333333333,0.928571429,0,1,1,0.951219512
0,0.561643836,0.190802475,0.6,0,0,0.551020408,0.25,1,0.333333333,0.071428571,1,0.5,0,0.951219512
0,0.753424658,0.127926447,0.733333333,0,0,0.397959184,0,0.466666667,1,0,0.2,1,0,0.951219512
1,0.397260274,0.074243885,0.8,0,0,0.43877551,0.5,0.6,0.333333333,0.214285714,0,1,1,0.951219512
0,0.178082192,0.043962073,0.533333333,0,0,0.602040816,0.5,0.733333333,0.333333333,0.214285714,0,1,1,0.951219512
0,0.452054795,0.096402513,0.6,0,0,0.397959184,0.25,1,0,0.071428571,0.2,0.5,0,0.951219512
0,0.136986301,0.118993448,0.333333333,0,0,0.602040816,0.5,0,0.666666667,0.071428571,0.6,1,1,0.951219512
0,0.479452055,0.101016497,0.533333333,0,0,0.397959184,0.5,0.733333333,0.333333333,0.071428571,0.4,1,0,0.951219512
0,0.287671233,0.104968152,0.533333333,0,0,0.397959184,0.5,0.733333333,0.333333333,0.5,0,1,1,0.951219512
0,0.164383562,0.065431986,0.6,0,0,0.346938776,0.75,1,0.333333333,0.214285714,0,1,1,0.951219512
0,0.109589041,0.053085856,0.8,0,0,0.5,0.625,0.6,0.666666667,0.857142857,0.2,1,0,0.951219512
0,0.164383562,0.106391587,0.6,0,0,0.479591837,0.25,1,0.666666667,0.785714286,0.6,1,1,0.951219512
1,0.479452055,0.14156341,0.8,0,0,0.448979592,0.125,0.6,0.333333333,0.285714286,0,1,1,0.951219512
0,0.315068493,0.105980252,0.666666667,0,0,0.316326531,0.5,0.533333333,0,0.571428571,0.2,1,0,0.951219512
1,0.534246575,0.026811852,0.533333333,0,0,0.5,0.75,0.733333333,0,0.285714286,0.2,1,1,0.951219512
0,0.328767123,0.021419172,0.2,0,0,0.397959184,0.5,0.333333333,0.333333333,0.214285714,0,1,1,0
1,0.575342466,0.106436915,0.6,0.07298073,0,0.112244898,0,1,0.333333333,0,1,1,0,0.951219512
0,0.575342466,0.368308961,0.266666667,0,0,0.112244898,0,0.4,0,0,0.2,1,0,0.951219512
0,0.287671233,0.105564858,0.533333333,0,0,0.602040816,0.5,0.733333333,0.333333333,1,0,1,1,0.951219512
1,0.082191781,0.125587657,0.6,0,0,0.397959184,0.25,1,0.666666667,0.785714286,0.6,1,1,0.951219512
0,0.219178082,0.096654185,0.6,0,0.399449036,0.5,0.75,1,0.333333333,0.857142857,0,1,1,0.951219512
0,0.301369863,0.100427233,0.533333333,0.029770298,0,0.397959184,0.5,0.733333333,0,0.5,0.8,1,1,0.951219512
0,0.438356164,0.070794221,0.866666667,0,0,0.602040816,0.5,0.8,0,0.714285714,0.2,1,1,0.951219512
1,0.506849315,0.113265206,0.8,0,0,0.448979592,0.75,0.6,0.333333333,0.285714286,0,1,1,0.951219512
0,0.273972603,0.295005463,0.533333333,0,0,0.397959184,0.125,0.733333333,0.666666667,0.285714286,0.8,0.5,0,0.951219512
0,0.01369863,0.220843439,0.4,0,0,0.244897959,0.5,0.066666667,0.666666667,0.428571429,0.2,0.75,1,0.951219512
0,0.109589041,0.00877063,0.6,0,0,0.397959184,0.5,1,0.666666667,0.071428571,0.2,1,0,0.951219512
0,0.205479452,0.207265335,0.533333333,0,0,0.357142857,0.25,0.733333333,0.333333333,0.785714286,0,1,1,0.951219512
0,0.02739726,0.104729334,0.533333333,0,0,0.397959184,0.5,0.733333333,0.666666667,0.071428571,0.2,1,0,0.951219512
0,0.410958904,0.012373868,0.6,0,0,0.5,0.875,1,0.333333333,0.714285714,0,1,1,0.951219512
0,0.01369863,0.083646401,0.533333333,0,0,0.193877551,0.5,0.733333333,0.666666667,0.071428571,0.6,1,1,0.951219512
0,0.315068493,0.103526451,0.2,0,0,0.071428571,0,0.333333333,0.833333333,0,0.2,1,0,0.951219512
0,0.369863014,0.169104569,0.533333333,0,0,0.397959184,0.25,0.733333333,0.333333333,0.071428571,0.4,1,0,0.951219512
0,0.150684932,0.042899233,0.6,0,0,0.602040816,0.5,1,0.833333333,0.571428571,0.2,1,0,0.951219512
0,0.890410959,0.081580256,0.533333333,0,1,0.173469388,0.5,0.733333333,1,0.285714286,0.2,1,0,0.951219512
0,0.273972603,0.119812734,0.733333333,0,0.345270891,0.397959184,0.5,0.466666667,0,0.071428571,0.2,1,0,0.951219512
0,0.178082192,0.109940025,0.533333333,0,0,0.397959184,0.5,0.733333333,0.333333333,0.857142857,0,1,1,0.951219512
1,0.410958904,0.073163455,1,0.150241502,0,0.5,0.875,0.666666667,0.333333333,0.714285714,0,1,1,0.951219512
0,0.657534247,0.125655988,0.533333333,0,0,0.346938776,0,0.733333333,1,0,0.2,1,0,0.951219512
0,0.205479452,0.229674281,0.6,0,0,0.397959184,0.5,1,0,0.357142857,0.8,1,0,0.951219512
0,0.410958904,0.152522639,0.533333333,0.028290283,0,0.653061224,0.75,0.733333333,0.333333333,0.357142857,0,1,1,0.951219512
0,0.082191781,0.1357939,0.6,0,0.394628099,0.295918367,0,1,0.666666667,0,0.6,1,0,0.951219512
0,0.232876712,0.261888283,0.666666667,0,0,0.530612245,0.5,0.533333333,0.333333333,0.214285714,0,1,1,0.951219512
0,0.589041096,0.10035755,0.6,0,0,0.469387755,0.5,1,0,0.214285714,0.2,1,1,0.951219512
0,0.232876712,0.247603874,0.533333333,0,0,0.397959184,0.5,0.733333333,0.333333333,0.5,0,1,1,0.951219512
0,0.178082192,0.114878748,0.533333333,0,0,0.857142857,0.75,0.733333333,0.333333333,0.357142857,0,1,1,0.951219512
0,0.123287671,0.22520034,0.533333333,0,0,0.397959184,0.125,0.733333333,0.666666667,0.071428571,0.6,1,1,0.951219512
0,0.479452055,0.109400148,0.533333333,0,0,0.37755102,0.5,0.733333333,0.333333333,0.5,0,1,1,0.951219512
0,0.068493151,0.038151971,0.533333333,0,0,0.397959184,0.5,0.733333333,0.333333333,0.857142857,0,0.5,1,0.951219512
1,0.643835616,0.254587092,0.933333333,0.150241502,0,0.448979592,0.125,0.933333333,0.333333333,0.714285714,0,1,1,0
0,0.068493151,0.137513658,0.733333333,0,0,0.551020408,0.5,0.466666667,0.666666667,0.285714286,0.2,1,1,0.951219512
0,0.301369863,0.037309682,0.666666667,0.046500465,0,0.316326531,0.5,0.533333333,0.666666667,0.714285714,0.2,1,0,0.951219512
0,0.260273973,0.023534705,0.533333333,0,0,0.071428571,0.875,0.733333333,1,0.571428571,0.8,1,0,0.951219512
0,0.506849315,0.006368246,0.8,0,0,0.397959184,0.125,0.6,0,0.285714286,0.8,1,0,0.951219512
0,0.068493151,0.076282969,0.6,0,0,0.397959184,0,1,0.666666667,0,0.6,1,1,0.951219512
0,0.273972603,0.016881636,0.8,0,0,0.448979592,0.5,0.6,0.666666667,0.285714286,0.2,1,1,0.951219512
0,0.150684932,0.006858059,0.533333333,0,0,0.551020408,0.5,0.733333333,0.666666667,1,0.8,1,1,0.951219512
0,0.410958904,0.155297118,0.266666667,0,0,0.397959184,0.5,0.4,0.5,0.428571429,0.8,1,1,0.195121951
0,0.054794521,0.030810864,0.533333333,0,0,0.397959184,0.5,0.733333333,1,0.214285714,0.6,1,1,0.951219512
0,0.410958904,0.066272245,0.4,0,0,0.397959184,0.5,0.066666667,0.333333333,0.571428571,0,1,1,0.951219512
0,0.698630137,0.089202802,0.6,0,0,0.295918367,0.5,1,0,0.642857143,0.4,1,0,0.951219512
1,0.863013699,0.092237749,0.933333333,0,0,0.346938776,0.5,0.933333333,0.333333333,0.714285714,0,1,1,0.951219512
0,0.452054795,0.166190046,0.6,0,0,0.397959184,0.5,1,0,0.071428571,0.2,1,0,0.951219512
0,0.01369863,0.11645305,0.333333333,0,0,0.295918367,0,0,0.666666667,0,0.6,0.5,1,0.951219512
0,0.383561644,0.145797857,0.6,0,0.399449036,0.5,0.5,1,0.333333333,0.857142857,0,1,1,0.951219512
0,0.219178082,0.128905396,0.2,0,0,0.132653061,0.5,0.333333333,0.666666667,0.571428571,0.8,0.5,0,0.926829268
0,0.082191781,0.073989507,0.133333333,0,0,0.295918367,0.5,0.266666667,0.666666667,0.428571429,0.8,1,1,0.951219512
0,0.232876712,0.02863309,0.6,0,0,0.397959184,0.5,1,0.666666667,0.214285714,0.2,1,1,0.951219512
0,0.054794521,0.205002994,0.6,0,0,0.193877551,0.5,1,0.666666667,0.571428571,0.6,0.5,1,0.951219512
1,0.369863014,0.098957118,0.6,0,0,0.5,0.75,1,0.333333333,0.285714286,0,1,1,0.951219512
0,0.369863014,0.052179972,0.666666667,0,0,0.397959184,0.5,0.533333333,0.333333333,0.214285714,0,1,1,0.951219512
0,0.657534247,0.020433457,0.933333333,0.026530265,0,0.071428571,0.875,0.933333333,0.333333333,0.285714286,0,1,1,0.951219512
0,0.589041096,0.097645312,0.533333333,0,0,0.397959184,0.5,0.733333333,1,0.571428571,0.8,0.5,0,0.951219512
0,0.342465753,0.119424402,0.8,0,0,0.295918367,0.5,0.6,0,0.071428571,0.8,1,1,0.951219512
0,0.328767123,0.096327417,0.6,0,0,0.397959184,0.5,1,0.333333333,0.714285714,0,1,1,0.951219512
1,0.534246575,0.17314485,0.866666667,0,0,0.346938776,0.25,0.8,0.333333333,0.714285714,0,1,1,0
1,0.520547945,0.062669007,0.866666667,0,0,0.397959184,0.25,0.8,0.333333333,0.714285714,0,0.5,1,0.951219512
0,0.164383562,0.071748139,0.533333333,0,0,0.602040816,0.5,0.733333333,0.333333333,1,0,1,1,0.951219512
0,0.260273973,0.277373547,0.133333333,0,0,0.397959184,0.875,0.266666667,0.333333333,0.571428571,0,1,1,0.634146341
0,0.424657534,0.072961847,0.8,0,0,0.397959184,0.875,0.6,0,0.714285714,0.2,1,1,0.951219512
0,0.260273973,0.046314394,0.533333333,0,0,0.397959184,0.5,0.733333333,0.333333333,0.571428571,1,0.25,0,0.853658537
0,0.095890411,0.071867886,0.533333333,0,0,0.397959184,0.5,0.733333333,0.666666667,0.214285714,0.6,1,1,0.951219512
0,0.150684932,0.11622438,0.466666667,0,0,0.397959184,0.5,0.133333333,0,0.5,0.2,1,0,0.951219512
1,0.273972603,0.111368195,0.533333333,0,0,1,0.5,0.733333333,0.333333333,0.214285714,0,1,1,0.951219512
0,0.191780822,0.129301847,0.6,0,0,0.448979592,0.5,1,0,0.214285714,0.2,1,1,0.951219512
0,0.561643836,0.125416493,0.533333333,0,0,0.448979592,0.75,0.733333333,0.5,0.571428571,0.8,1,0,0.951219512
0,0.178082192,0.10825883,0.666666667,0,0,0.551020408,0.5,0.533333333,0.333333333,0.285714286,0,1,1,0.951219512
0,0.260273973,0.090417863,0.533333333,0,0.518365473,0.704081633,0.5,0.733333333,0.666666667,0.285714286,0.2,1,1,0.951219512
0,0.356164384,0.094186853,0.533333333,0,0,0.397959184,0.5,0.733333333,0.333333333,0.214285714,0,1,1,0.951219512
0,0.04109589,0.074647101,0.6,0,0,0.397959184,0.5,1,0.666666667,0.357142857,0.2,1,0,0.951219512
0,0.273972603,0.118216106,0.8,0,0,0.397959184,0.5,0.6,0.666666667,0.071428571,0.2,1,1,0.951219512
1,0.520547945,0.027870633,0.8,0,0,0.142857143,0.5,0.6,0.333333333,0.857142857,0,1,1,0.951219512
0,0.273972603,0.106976115,0.666666667,0,0,0.295918367,0.5,0.533333333,0,0.5,0.2,1,0,0.951219512
0,0.260273973,0.101460982,0.533333333,0,0,0.397959184,0.5,0.733333333,0,0.285714286,0.8,1,0,0.951219512
0,0.164383562,0.067393268,0.6,0,0,0.397959184,0.5,1,0.333333333,0.357142857,0,1,1,0.951219512
0,0.164383562,0.269215183,0.533333333,0,0,0.397959184,0.5,0.733333333,0.333333333,0.857142857,0,1,1,0.951219512
1,0.383561644,0.168453064,0.8,0.051780518,0,0.397959184,0.5,0.6,0.333333333,0.714285714,1,0.25,0,0.731707317
0,0.383561644,0.08232377,0.8,0,0,0.397959184,0.25,0.6,0.333333333,1,0,0.25,1,0.902439024
0,0.150684932,0.059490635,0.533333333,0,0,0.448979592,0.5,0.733333333,0.666666667,0.5,0.6,1,1,0.951219512
1,0.356164384,0.15533974,0.8,0,0,0.5,0.5,0.6,0.333333333,0.285714286,0,1,1,0.951219512
0,0.136986301,0.122734699,0.533333333,0,0,0.448979592,0.5,0.733333333,0.666666667,0.214285714,0.6,1,0,0.951219512
0,0.123287671,0.082538909,0.666666667,0,0,0.346938776,0.5,0.533333333,0.666666667,0.857142857,0.6,1,0,0.951219512
0,0.616438356,0.208435068,0.533333333,0,0,0.479591837,0.75,0.733333333,0.333333333,0.857142857,1,1,0,0.951219512
1,0.301369863,0.027457268,0.533333333,0,0,0.397959184,0.75,0.733333333,0.333333333,0.214285714,0,1,1,0.951219512
0,0.328767123,0.113870707,0.866666667,0,0,0.5,0.25,0.8,0.333333333,0.714285714,0,1,1,0.951219512
0,0.287671233,0.016739564,0.6,0,0,0.37755102,0.5,1,0,0.857142857,0.8,1,0,0.951219512
0,0.301369863,0.069384994,0.8,0,0.43067034,0.5,0.5,0.6,0.666666667,0.857142857,0.2,1,1,0.951219512
1,0.150684932,0.149860464,0.6,0.07298073,0,0.316326531,0.5,1,0.333333333,0.071428571,1,1,0,0.951219512
0,0.123287671,0.02490131,0.533333333,0,0,0.295918367,0.5,0.733333333,0.333333333,0.714285714,0,1,1,0.951219512
1,0.273972603,0.076628003,0.8,0.076880769,0,0.397959184,0.25,0.6,0.333333333,0.714285714,1,1,0,0.951219512
0,0.054794521,0.123748152,0.533333333,0,0,0.295918367,0.5,0.733333333,0.666666667,0.714285714,0.6,1,0,0.951219512
1,0.273972603,0.111270774,0.6,0,0.340909091,0.704081633,0.5,1,0.333333333,0.071428571,0,0.5,1,0.951219512
1,0.315068493,0.14775508,0.533333333,0,0,0.397959184,0.5,0.733333333,0.333333333,0.714285714,0,1,1,0.951219512
0,0.671232877,0.151881958,0.8,0,0,0.071428571,0.5,0.6,0,0.714285714,0.8,1,0,0.12195122
1,0.246575342,0.065668774,0.8,0.086140861,0,0.448979592,0.5,0.6,0.666666667,0.857142857,0.2,1,0,0.951219512
0,0.232876712,0.137228159,0.533333333,0,0,0.397959184,0.5,0.733333333,0.333333333,1,0,1,1,0.951219512
1,0.232876712,0.096654185,0.6,0,0,0.397959184,0.5,1,0.333333333,0.214285714,0,1,1,0.951219512
0,0.438356164,0.115030292,0.533333333,0,0,0.397959184,0.5,0.733333333,0,0.428571429,0.2,1,1,0.951219512
0,0.01369863,0.253892965,0.333333333,0,0,0.091836735,0.5,0,0.666666667,0.857142857,0.6,1,1,0.951219512
1,0.479452055,0.120456121,0.6,0,0,0.397959184,0.5,1,0.333333333,0.071428571,0,1,1,0.951219512
0,0.287671233,0.010231274,0.533333333,0,0,0.602040816,0.5,0.733333333,0.666666667,0.357142857,0.2,1,1,0.951219512
0,0.082191781,0.160131654,0.4,0,0,0.397959184,0.5,0.066666667,0.333333333,0.428571429,0,1,1,0.634146341
1,0.452054795,0.108001745,0.8,0,0,0.428571429,0.5,0.6,0.333333333,0.714285714,0,1,1,0.951219512
0,0,0.125092432,0.333333333,0,0,0.234693878,0.5,0,0.666666667,0.857142857,0.6,1,0,0.951219512
1,0.356164384,0.197474486,0.866666667,0,0,0.5,0.5,0.8,0.333333333,0.714285714,0,1,1,0.951219512
0,0.260273973,0.074559828,0.533333333,0,0,0.397959184,0.5,0.733333333,0.333333333,0.214285714,0,1,1,0.951219512
0,0.246575342,0.082281149,0.533333333,0,0,0.397959184,0.5,0.733333333,0,0.071428571,0.8,1,0,0.951219512
0,0.109589041,0.076588087,0.6,0,0,0.336734694,0.5,1,0.666666667,0.571428571,0.2,0.25,0,0.951219512
0,0.424657534,0.121170545,0.6,0,0,0.5,0.75,1,0.833333333,0.857142857,0.8,1,0,0.951219512
0,0.301369863,0.069061609,0.8,0,0,0.346938776,0.875,0.6,0.666666667,0.714285714,0.2,1,1,0.951219512
1,0.356164384,0.225898526,0.866666667,0,0,0.5,0.5,0.8,0.333333333,0.285714286,0,1,1,0.951219512
0,0.123287671,0.179067258,0.6,0,0,0.397959184,0.5,1,0.333333333,0.857142857,0,1,1,0.951219512
1,0.410958904,0.122268565,0.866666667,0,0,0.5,0.25,0.8,0,0.785714286,0.2,0.5,1,0.951219512
1,0.205479452,0.135912294,0.6,0,0,0.397959184,0.5,1,0,0.214285714,0.6,1,1,0.951219512
1,0.150684932,0.120271427,0.533333333,0,0,0.397959184,0.5,0.733333333,0.333333333,0.857142857,0,1,1,0.951219512
1,0.219178082,0.182326138,0.8,0,0.359044995,0.520408163,0.25,0.6,0.666666667,0.928571429,0.2,0.5,1,0.951219512
0,0.150684932,0.177814987,0.333333333,0,0,0.397959184,0.5,0,0.333333333,1,0,1,1,0.951219512
1,0.369863014,0.192524262,0.866666667,0,0,0.397959184,0.125,0.8,0.333333333,0.142857143,0,1,1,0.951219512
0,0.068493151,0.105473525,0.6,0,0,0.5,0.5,1,0.666666667,0.571428571,0.8,1,0,0.951219512
1,0.506849315,0.127645684,0.8,0,0,0.5,0.75,0.6,0.333333333,0.857142857,0,1,1,0.951219512
0,0.657534247,0.09258143,0.4,0,0,0.397959184,0.5,0.066666667,0,0.5,0.4,1,1,0.951219512
0,0.095890411,0.049253948,0.533333333,0,0.404499541,0.316326531,0.5,0.733333333,0.666666667,0.857142857,0.6,1,0,0.951219512
0,0.301369863,0.104996567,0.6,0,0,0.397959184,0.5,1,0.333333333,0.857142857,0,1,1,0.951219512
0,0.136986301,0.089978791,0.533333333,0,0,0.397959184,0.5,0.733333333,0.333333333,0.357142857,0,1,1,0.951219512
0,0.02739726,0.068756491,0.533333333,0,0,0.091836735,0,0.733333333,0.666666667,0,0.6,0.5,1,0.951219512
0,0.315068493,0.133112106,0.8,0,0,0.397959184,0.75,0.6,0.333333333,0.857142857,0,1,1,0.951219512
0,0.684931507,0.087822666,0.266666667,0,0,0.051020408,0.5,0.4,0.333333333,0.642857143,1,1,0,0.951219512
0,0.479452055,0.096845645,0.533333333,0,0,0.479591837,0.5,0.733333333,0.333333333,0.285714286,0,1,1,0.951219512
0,0.410958904,0.063574214,0.6,0,0,0.397959184,0.5,1,0.333333333,0.214285714,0,1,1,0.951219512
1,0.397260274,0.079119013,0.8,0,0,0.551020408,0.5,0.6,0.333333333,0.857142857,0,1,1,0.951219512
0,0.369863014,0.107792695,0.533333333,0,0,0.448979592,0.5,0.733333333,0.333333333,1,0,1,1,0.951219512
0,0.095890411,0.098363794,0.533333333,0.020360204,0,0.418367347,0.25,0.733333333,0.5,0.5,0.8,1,0,0.951219512
0,0.136986301,0.105419402,0.8,0,0,0.397959184,0.5,0.6,0.333333333,0.214285714,0,1,1,0.951219512
1,0.602739726,0.193567483,0.8,0.047870479,0,0.479591837,0.5,0.6,0,0.857142857,0.2,0.5,1,0.951219512
0,0.287671233,0.061971497,0.6,0,0,0.397959184,0.5,1,0,0.571428571,0.2,1,1,0.951219512
0,0.109589041,0.102232235,0.6,0,0,0.397959184,0.5,1,0.666666667,0.928571429,0.2,0.75,0,0.951219512
0,0.287671233,0.006738312,0.666666667,0,0,0.397959184,0.5,0.533333333,0.333333333,0.214285714,0,1,1,0.951219512
0,0.643835616,0.072319813,0.533333333,0,0,0.397959184,0.625,0.733333333,0.333333333,0.285714286,0,1,1,0.292682927
1,0.328767123,0.144513113,0.6,0,0,0.479591837,0.5,1,0.333333333,0.214285714,0,1,1,0.951219512
0,0.424657534,0.11530226,0.533333333,0,0,0.479591837,0.5,0.733333333,0.333333333,0.857142857,0,1,1,0.951219512
0,0.054794521,0.079054742,0.533333333,0.010550106,0,0.346938776,0.5,0.733333333,0.666666667,0.571428571,0.4,1,0,0.951219512
0,0.410958904,0.1320973,0.2,0,0,0.397959184,0.625,0.333333333,0.333333333,0.214285714,0,1,1,0
0,0.383561644,0.072961847,0.533333333,0,0,0.244897959,0,0.733333333,0.666666667,0,0.4,1,1,0.951219512
0,0.150684932,0.149507988,0.8,0,0,0.448979592,0.5,0.6,0.666666667,0.714285714,0.2,1,1,0.951219512
1,0.369863014,0.073060621,0.8,1,0,0.448979592,0.625,0.6,0.333333333,0.285714286,0,1,1,0.951219512
1,0.123287671,0.251665804,0.6,0,0,0.602040816,0.625,1,0.333333333,0.285714286,0,1,1,0.951219512
1,0.479452055,0.105347689,0.866666667,0,0,0.397959184,0.5,0.8,0,0.714285714,0.2,1,0,0.951219512
1,0.356164384,0.066048312,0.8,0,0,0.06122449,0,0.6,0.333333333,0,1,1,0,0.951219512
0,0.150684932,0.076039415,0.533333333,0,0,0.704081633,0.5,0.733333333,0.666666667,0.857142857,0.8,1,0,0.951219512
0,0.410958904,0.080806297,0.6,0,0.43067034,0.397959184,0.125,1,0,0.071428571,0.2,1,1,0.951219512
0,0.219178082,0.0123989,0.6,0,0,0.397959184,0.5,1,0.333333333,0.857142857,0,1,1,0.951219512
0,0.260273973,0.163665885,0.533333333,0,0,0.5,0.5,0.733333333,0,0.285714286,0.8,1,0,0.951219512
0,0.383561644,0.175830027,0.6,0.050130501,0,0.397959184,0.25,1,0.333333333,0.928571429,0,0.5,1,0.951219512
0,0.246575342,0.147481082,0.533333333,0,0,0.397959184,0.5,0.733333333,0.666666667,0.5,0.8,1,0,0.951219512
0,0.150684932,0.374653528,0.6,0,0,0.448979592,0.5,1,0.666666667,0.071428571,0.2,0.5,0,0.951219512
1,0.205479452,0.121486488,0.866666667,0,0,0.448979592,0.5,0.8,0.333333333,0.857142857,1,1,0,0.951219512
0,0.315068493,0.128817447,0.533333333,0,0,0.346938776,0.5,0.733333333,0.333333333,0.571428571,0,1,1,0.951219512
0,0.095890411,0.300500976,0.733333333,0,0,0.397959184,0.5,0.466666667,0.333333333,0.071428571,1,1,0,0.951219512
1,0.424657534,0.015366193,0.8,0,0,0.479591837,0.125,0.6,0.333333333,0.071428571,0,1,1,0.951219512
0,0.369863014,0.135564554,0.6,0,0,1,0.25,1,0.333333333,0.785714286,0,0.5,1,0.951219512
0,0.287671233,0.01494674,0.2,0,0,0.397959184,0.5,0.333333333,0.333333333,0.214285714,0,1,1,0.951219512
1,0.315068493,0.143152596,0.933333333,1,0,0.704081633,0.75,0.933333333,0.333333333,0.714285714,0,1,1,0.951219512
0,0.150684932,0.476047534,0.8,0,0,0.397959184,0.5,0.6,0.666666667,0.214285714,0.6,0.5,1,0.951219512
0,0.232876712,0.084525223,0.333333333,0,0,0.397959184,0.75,0,0.666666667,0.571428571,0.6,1,0,0.951219512
0,0.109589041,0.056817636,0.4,0,0,0.397959184,0.5,0.066666667,0,0.285714286,0.8,1,0,0.951219512
1,0.328767123,0.074371751,0.866666667,0.150241502,0,0.397959184,0.5,0.8,0.333333333,0.714285714,0,1,1,0.951219512
0,0.191780822,0.142810945,0.8,0,0,0.397959184,0.875,0.6,0.666666667,0.071428571,0.8,0.5,0,0.951219512
0,0.301369863,0.043031834,0.8,0,0,0.397959184,0.5,0.6,0,0.928571429,0.8,1,0,0.951219512
0,0.561643836,0.085243706,0.733333333,0,0.399449036,0.397959184,0.5,0.466666667,0.333333333,0.214285714,0,1,1,0.951219512
0,0.575342466,0.069753707,0.6,0,0,0.357142857,0.125,1,0.333333333,0.214285714,0,1,1,0.951219512
0,0.273972603,0.110207934,0.4,0,0,0.397959184,0.5,0.066666667,0.666666667,0.5,0.2,1,1,0.951219512
1,0.438356164,0.124992304,0.8,0,0,0.5,0.625,0.6,0.333333333,0.285714286,0,1,1,0.951219512
1,0.246575342,0.067644263,0.8,0,0,0.5,0.75,0.6,0.333333333,0.285714286,0,1,1,0.951219512
0,0.465753425,0.097203533,0.6,0,0,0.551020408,0.75,1,0.333333333,0.214285714,0,1,1,0.951219512
0,0.082191781,0.115234606,0.6,0,0,0.397959184,0.5,1,0.666666667,0.071428571,0.6,1,1,0.951219512
0,0.630136986,0.009890299,0.533333333,0,0,0.989795918,0.75,0.733333333,0.333333333,0.357142857,0,1,1,0.951219512
0,0.424657534,0.092187685,0.8,0,0,0.5,0.5,0.6,0.666666667,0.285714286,0.2,1,1,0.951219512
0,0.287671233,0.227623696,0.933333333,0,0,0.602040816,0.5,0.933333333,0.333333333,0.714285714,0,1,1,0.951219512
1,0.383561644,0.117708703,0.533333333,0.07298073,0,0.397959184,0.5,0.733333333,0.333333333,0.428571429,0,0.5,1,0.951219512
0,0.534246575,0.232581362,0.866666667,0,0,0.153061224,0.75,0.8,0.666666667,0.857142857,0.2,1,1,0.951219512
0,0.547945205,0.086692172,0.066666667,0,0,0.346938776,0.5,0.2,0.5,0.571428571,0.2,1,1,0
0,0.082191781,0.081908377,0.6,0,0,0.142857143,0.5,1,0.666666667,0.071428571,0.6,1,1,0.951219512
0,0.465753425,0.063955782,0.2,0,0,0.183673469,0.5,0.333333333,0.666666667,0.428571429,0.6,1,1,0.951219512
1,0.273972603,0.09615287,0.533333333,0,0,0.602040816,0.625,0.733333333,0.333333333,0.214285714,0,1,1,0.951219512
0,0.02739726,0.126654557,0.533333333,0,0,0.397959184,0.5,0.733333333,0.666666667,0.214285714,0.6,1,1,0.951219512
0,0.356164384,0.140828014,0.533333333,0,0,0.397959184,0,0.733333333,1,0,0.6,0.5,1,0.951219512
0,0.178082192,0.01300643,0.733333333,0,0,0.5,0.75,0.466666667,0,0.214285714,0.2,1,1,0.951219512
0,0.232876712,0.105959956,0.6,0,0,0.5,0.75,1,0,0.071428571,0.8,1,0,0.951219512
0,0.356164384,0.032281656,0.6,0,0,0.448979592,0.5,1,0.333333333,0.071428571,0,1,1,0.951219512
0,0.054794521,0.111000159,0.733333333,0,0,0.193877551,0.5,0.466666667,0.666666667,0.071428571,0.6,1,0,0.951219512
1,0.246575342,0.272564719,0.8,0,0,0.602040816,0.5,0.6,0.333333333,0.285714286,0,1,1,0.951219512
0,0.287671233,0.139505384,0.533333333,0,0,0.397959184,0.5,0.733333333,0.666666667,0.214285714,0.6,1,1,0.951219512
0,0.506849315,0.081702033,0.6,0,0,0.408163265,0.5,1,0.666666667,0.857142857,0.2,0.5,1,0.951219512
0,0.465753425,0.023766757,0.733333333,0,0.373737374,0.295918367,0.25,0.466666667,0.333333333,0.071428571,1,1,0,0.951219512
0,0.082191781,0.023245823,0.8,0,0,0.244897959,0.5,0.6,0.666666667,0.714285714,0.2,1,0,0.951219512
0,0.02739726,0.142014661,0.6,0,0,0.091836735,0.5,1,0.666666667,0.571428571,0.6,1,0,0.951219512
0,0.315068493,0.156880216,0.133333333,0,0,0.397959184,0.5,0.266666667,0.333333333,0.214285714,0,1,1,0.951219512
1,0.506849315,0.08441833,1,0,0,0.397959184,0.875,0.666666667,0.666666667,0.285714286,0.2,1,0,0.951219512
0,0.356164384,0.09249145,0.533333333,0,0,0.397959184,0.5,0.733333333,0,0.071428571,0.8,1,0,0.951219512
0,0.602739726,0.106888165,0.933333333,0,0,0.295918367,0.75,0.933333333,0.666666667,0.714285714,0.2,1,0,0.731707317
0,0.109589041,0.225175984,0.333333333,0,0,0.244897959,0.5,0,0.833333333,0.571428571,0.6,1,0,0.951219512
0,0.452054795,0.084315496,0.533333333,0,0,0.5,0.625,0.733333333,0.333333333,0.357142857,0,1,1,0.951219512
0,0.136986301,0.09974799,0.8,0,0,0.397959184,0.5,0.6,0.666666667,0.285714286,0.2,1,0,0.951219512
0,0.219178082,0.122019599,0.533333333,0,0,0.397959184,0,0.733333333,0.666666667,0,0.2,1,1,0.951219512
0,0.109589041,0.0825017,0.8,0,0,0.193877551,0.5,0.6,0.666666667,0.571428571,0.6,1,0,0.951219512
0,0.328767123,0.042145571,0.8,0,0,0.653061224,0.25,0.6,0,0.714285714,0.8,1,1,0.951219512
0,0.438356164,0.123988323,0.533333333,0,0,0.43877551,0.5,0.733333333,0.333333333,1,0,1,1,0.951219512
0,0.260273973,0.065521289,0.533333333,0,0,0.397959184,0.75,0.733333333,0,0.214285714,0.2,1,1,0.951219512
0,0.315068493,0.076567791,0.533333333,0,0,0.397959184,0.5,0.733333333,0.333333333,0.428571429,0,1,1,0.951219512
1,0.232876712,0.298888111,0.666666667,0,0,0.397959184,0.25,0.533333333,0.333333333,0.571428571,0,1,1,0.951219512
0,0.260273973,0.113119074,0.6,0,0,0.397959184,0.5,1,0,0.071428571,0.8,1,1,0.048780488
0,0.383561644,0.109492157,0.6,0,0,0.397959184,0.5,1,0.666666667,0.5,0.6,1,1,0.951219512
0,0.630136986,0.11472585,0.8,0,0,0.265306122,0.5,0.6,0.666666667,0.857142857,0.2,1,1,0.951219512
0,0.232876712,0.056802076,0.533333333,0,0,0.397959184,0.5,0.733333333,0,0.357142857,0.2,1,1,0.951219512
0,0.150684932,0.072565396,0.8,0,0,0.418367347,0.5,0.6,0.833333333,0.857142857,0.2,1,1,0.951219512
0,0.260273973,0.07053646,0.533333333,0,0,0.397959184,0.5,0.733333333,0.333333333,0.571428571,0,1,1,0.951219512
0,0.397260274,0.070147451,0.266666667,0,0,0.397959184,0.75,0.4,0.333333333,0.857142857,0,1,1,0.951219512
0,0.753424658,0.089458533,1,0,0.288797062,0.397959184,0.25,0.666666667,0.333333333,0.285714286,0,1,1,0.951219512
0,0.328767123,0.122857153,0.8,0,0,0.397959184,0.5,0.6,0.333333333,0.357142857,0,1,1,0.951219512
1,0.383561644,0.118810783,0.533333333,0,0.518365473,0.43877551,0.5,0.733333333,0,0.357142857,0.2,1,1,0.951219512
0,0.383561644,0.168233189,0.866666667,0,0,0.397959184,0,0.8,0.333333333,0,0,1,1,0.951219512
0,0.397260274,0.107951682,0.533333333,0,0,0.418367347,0.125,0.733333333,0,0.285714286,0.2,1,1,0.951219512
0,0.123287671,0.060120491,0.533333333,0,0,0.408163265,0.5,0.733333333,0,0.285714286,0.2,1,0,0.951219512
0,0.02739726,0.078531102,0.6,0,0,0.295918367,0.5,1,0.666666667,0.857142857,0.6,1,0,0.951219512
0,0.068493151,0.218635221,0.533333333,0,0,0.602040816,0.5,0.733333333,0.666666667,0.071428571,0.2,1,0,0.951219512
0,0.123287671,0.136613186,0.4,0,0,0.5,0.25,0.066666667,0.333333333,0.571428571,0.4,1,1,0.951219512
0,0.136986301,0.081120887,0.533333333,0,0,0.397959184,0.5,0.733333333,0.666666667,0.214285714,0.2,1,1,0.951219512
0,0.136986301,0.062334798,0.533333333,0,0,0.397959184,0.5,0.733333333,0.666666667,0.5,0.6,1,1,0.951219512
0,0.589041096,0.145442675,0.533333333,0,0,0.326530612,0.5,0.733333333,0,0.857142857,0.2,1,0,0.951219512
0,0.109589041,0.010637197,0.733333333,0,0,0.397959184,0.5,0.466666667,0,0.071428571,0.8,1,0,0.951219512
0,0.315068493,0.266911573,0.533333333,0,0,0.397959184,0.5,0.733333333,0.833333333,0.285714286,0.8,1,0,0.048780488
1,0.547945205,0.078101501,0.8,0.150241502,0,0.5,0.5,0.6,0.333333333,0.285714286,0,1,1,0.951219512
0,0.04109589,0.106150739,0.6,0,0,0.295918367,0.5,1,0.666666667,0.571428571,0.2,1,0,0.951219512
0,0.452054795,0.122765143,0.533333333,0,0,0.602040816,0.5,0.733333333,0.333333333,0.285714286,0,1,1,0.951219512
0,0.136986301,0.074981311,0.6,0,0.472222222,0.489795918,0.5,1,0.333333333,0.214285714,0,1,1,0.951219512
0,0,0.086566336,0.4,0,0,0.193877551,0.25,0.066666667,0.666666667,0.071428571,0.6,1,0,0.951219512
0,0.698630137,0.126241192,0.533333333,0,0,0.244897959,0.75,0.733333333,0.333333333,0.214285714,0,1,1,0.951219512
0,0.164383562,0.121027119,0.533333333,0,0,0.551020408,0.5,0.733333333,0.666666667,0.285714286,0.2,1,0,0.951219512
1,0.397260274,0.226300389,0.933333333,0.150241502,0,0.346938776,0.75,0.933333333,0.333333333,0.714285714,0,1,1,0.12195122
0,0.342465753,0.18433816,0.533333333,0,0,0.397959184,0.5,0.733333333,0,0.285714286,0.8,1,0,0.951219512
1,0.383561644,0.105372721,0.8,0,0,0.602040816,0.5,0.6,0,0.857142857,0.2,1,1,0.951219512
0,0.630136986,0.107251466,0.6,0,0,0.37755102,0.5,1,0.333333333,0.714285714,0,1,1,0.951219512
0,0.191780822,0.175147401,0.6,0.046500465,0,0.397959184,0.75,1,0.666666667,0.214285714,0.6,0.5,1,0.951219512
1,0.054794521,0.117583544,0.8,0,0,0.397959184,0.5,0.6,0.666666667,0.714285714,0.2,1,1,0.951219512
0,0.643835616,0.099892769,0.533333333,0.026350264,0,0.234693878,0.75,0.733333333,0.333333333,0.214285714,0,1,1,0.536585366
0,0.534246575,0.208744245,0.533333333,0,0,0.397959184,0.5,0.733333333,0.333333333,0.214285714,0,0.5,1,0.951219512
1,0.397260274,0.072927343,0.8,0,0,0.397959184,0.5,0.6,0.333333333,0.071428571,1,1,0,0.951219512
0,0.671232877,0.222208015,0.533333333,0,0,0.397959184,0.5,0.733333333,0.333333333,0.857142857,0,1,1,0.951219512
0,0.191780822,0.013162034,0.666666667,0,0,0.551020408,0.625,0.533333333,0.333333333,0.357142857,0,1,1,0.951219512
0,0.424657534,0.158081746,0.533333333,0.021740217,0,0.397959184,0.5,0.733333333,0.666666667,0.5,0.2,0.5,0,0.951219512
0,0.356164384,0.015925013,0.6,0,0,0.397959184,0.5,1,0.833333333,0.714285714,0.8,1,0,0.951219512
0,0.136986301,0.064388089,0.8,0,0,0.397959184,0.5,0.6,0.666666667,0.714285714,0.2,1,1,0.951219512
0,0.219178082,0.082944155,0.533333333,0,0,0.193877551,0.5,0.733333333,0.666666667,0.857142857,0.6,1,0,0.951219512
0,0.315068493,0.129733478,0.333333333,0,0,0.397959184,0.5,0,0,1,0.6,1,1,0.951219512
0,0.397260274,0.100872395,0.266666667,0,0,0.5,0.625,0.4,0.333333333,0.071428571,1,1,0,0.951219512
0,0.246575342,0.260867389,0.533333333,0,0,0.397959184,0.5,0.733333333,0.666666667,1,0.2,1,1,0.951219512
1,0.287671233,0.185452417,1,0,0.433195592,0.5,0.25,0.666666667,0.333333333,0.285714286,0,1,1,0.951219512
0,0.506849315,0.148294957,0.8,0,0,0.397959184,0.5,0.6,0.333333333,0.285714286,0,1,1,0.951219512
0,0.479452055,0.112777423,0.533333333,0,0,0.397959184,0.25,0.733333333,0.333333333,0.714285714,0,1,1,0.951219512
0,0.178082192,0.065015916,0.733333333,0,0,0.397959184,0.5,0.466666667,0.333333333,0.214285714,0,1,1,0.951219512
0,0.465753425,0.088321951,0.4,0,0,0.397959184,0.5,0.066666667,0.333333333,0.5,0,1,1,0.951219512
1,0.726027397,0.055751413,0.8,0,0,0.704081633,0.5,0.6,0.333333333,0.857142857,0,1,1,0.951219512
0,0.726027397,0.116290681,0.533333333,0,0,0.275510204,0.5,0.733333333,0,0.571428571,0.2,1,0,0.951219512
0,0.356164384,0.143139066,0.666666667,0,0,0.397959184,0.25,0.533333333,0,0.285714286,0.2,1,0,0.951219512
0,0.164383562,0.079934917,0.533333333,0,0,0.397959184,0.5,0.733333333,0.333333333,0.5,0,1,1,0.951219512
1,0.630136986,0.076376331,0.8,0,0,0.397959184,0.75,0.6,0.333333333,0.714285714,0,1,1,0.951219512
0,0.356164384,0.109222219,0.8,0,0,0.397959184,0.5,0.6,0.833333333,0.714285714,0.8,1,0,0.951219512
1,0.315068493,0.029165525,0.666666667,0,0,0.397959184,0.5,0.533333333,0.333333333,0.714285714,0,1,1,0.951219512
1,0.547945205,0.143160038,0.8,0,0,0.397959184,0.125,0.6,0.333333333,0.285714286,1,1,0,0.951219512
0,0.246575342,0.095761832,0.666666667,0,0,0.346938776,0.5,0.533333333,0.666666667,0.571428571,0.2,1,1,0.951219512
0,0.232876712,0.038539626,0.6,0,0,0.397959184,0.5,1,0.333333333,0.571428571,0,0.25,1,0.731707317
0,0.534246575,0.062618267,0.8,0,0,0.5,0.5,0.6,0,0.714285714,0.8,0.5,0,0.341463415
0,0.205479452,0.027636551,0.533333333,0,0,0.397959184,0.5,0.733333333,0.666666667,0.5,0.2,1,1,0.951219512
0,0.068493151,0.12660314,0.533333333,0,0,0.397959184,0.5,0.733333333,0.333333333,0.857142857,1,1,0,0.951219512
0,0.109589041,0.135449542,0.8,0,0.307621671,0.397959184,0.5,0.6,0.666666667,0.285714286,0.6,1,1,0.951219512
0,0.260273973,0.116614742,0.533333333,0,0,0.479591837,0.5,0.733333333,0.333333333,0.5,0,1,1,0.951219512
0,0.328767123,0.019487658,0.533333333,0,0.45959596,0.602040816,0.5,0.733333333,0.333333333,0.214285714,0,1,1,0.951219512
0,0.534246575,0.013746562,0.6,0,0,0.397959184,0,1,0.666666667,0,0.2,0.5,0,0.951219512
0,0.438356164,0.160342057,0.8,0,0,0.397959184,0.25,0.6,0,0.714285714,0.8,0.5,0,0.951219512
1,0.164383562,0.088238736,0.6,0,0,0.397959184,0.125,1,0.333333333,0.071428571,0,1,1,0.951219512
0,0.328767123,0.108260859,0.266666667,0,0,0.397959184,0.5,0.4,0.333333333,0.214285714,0,1,1,0.951219512
1,0.232876712,0.060252416,0.533333333,0,0,0.397959184,0.5,0.733333333,0.333333333,0.571428571,1,1,0,0.951219512
0,0.205479452,0.154658467,0.733333333,0,0,0.397959184,0.5,0.466666667,0,0.071428571,0.8,1,0,0.951219512
0,0.246575342,0.154367556,0.4,0,0,0.397959184,0.5,0.066666667,0,0.214285714,0.2,0.5,1,0.951219512
1,0.232876712,0.097542478,0.8,0,0,0.857142857,0.5,0.6,0,0.285714286,0.2,1,1,0.219512195
0,0.890410959,0.073149248,0.6,0,0,0.193877551,0.625,1,1,0.857142857,0.2,1,1,0.951219512
0,0.328767123,0.072143236,0.533333333,0,0,0.602040816,0.5,0.733333333,0,0.428571429,0.8,1,0,0.951219512
0,0.232876712,0.173035251,0.6,0,0,0.244897959,0.5,1,0.333333333,0.785714286,0.4,0.5,0,0.341463415
0,0.369863014,0.090909029,1,0,0,0.5,0.5,0.666666667,0.333333333,0.714285714,0,1,1,0.951219512
1,0.232876712,0.099476022,0.8,0,0,0.5,0.5,0.6,0.333333333,0.285714286,0,1,1,0.951219512
0,0.534246575,0.14725106,0.533333333,0,0,0.397959184,0.125,0.733333333,0,0.714285714,0.2,1,1,0.951219512
0,0.01369863,0.070734686,0.6,0,0,0.193877551,0,1,0.666666667,0,0.2,1,0,0.951219512
0,0.301369863,0.028171692,0.8,0,0,0.397959184,0.5,0.6,0.333333333,0.714285714,0,1,1,0.951219512
1,0.260273973,0.094063723,0.8,0,0,0.448979592,0.75,0.6,0.333333333,0.714285714,0,1,1,0.951219512
0,0.383561644,0.10710601,0.666666667,0,0,0.397959184,0.5,0.533333333,0,0.071428571,0.8,0.5,0,0.951219512
0,0.02739726,0.011285996,0.6,0,0,0.397959184,0,1,0.666666667,0,0.2,1,1,0.951219512
0,0.082191781,0.141118249,0.8,0,0,0.397959184,0.5,0.6,0.666666667,0.857142857,0.6,1,1,0.951219512
0,0.684931507,0.156846389,0.666666667,0,0,0,0,0.533333333,1,0,0.2,1,0,0.951219512
0,0.164383562,0.067733566,0.6,0,0,0.346938776,0.5,1,0.666666667,0.428571429,0.2,1,1,0.951219512
0,0.02739726,0.119262033,0.6,0,0,0.397959184,0.5,1,0.666666667,0.642857143,0.2,1,0,0.951219512
0,0.164383562,0.115687886,0.6,0,0,0.357142857,0.875,1,0.666666667,0.785714286,0.2,1,1,0.951219512
1,0.575342466,0.077384371,0.666666667,0.051780518,0,0.5,0.5,0.533333333,0.333333333,0.714285714,0,1,1,0.951219512
0,0.534246575,0.099626213,0.866666667,0,0,0.602040816,0.5,0.8,0.333333333,0.714285714,0,1,1,0.951219512
0,0.643835616,0.228359092,0.6,0,0,0.397959184,0.5,1,0.333333333,0.285714286,0,1,1,0.951219512
1,0.342465753,0.175382836,0.6,0,0,0.397959184,0.25,1,0.333333333,0.785714286,0,0.75,1,0.951219512
0,0.191780822,0.041471739,0.666666667,0,0,0.448979592,0.5,0.533333333,0.333333333,0.714285714,0,1,1,0.951219512
0,0.150684932,0.064356292,0.533333333,0,0,0.448979592,0.5,0.733333333,0.666666667,0.285714286,0.2,1,0,0.951219512
0,0.260273973,0.100015899,0.8,0,0,0.448979592,0.75,0.6,0.333333333,0.857142857,0,0.75,1,0
0,0.123287671,0.194846138,0.4,0,0,0.397959184,0.5,0.066666667,0,0.071428571,0.6,1,0,0.951219512
0,0.136986301,0.151676967,0.933333333,0,0,0.091836735,0.5,0.933333333,0.666666667,0.714285714,0.2,0.25,1,0.463414634
0,0.315068493,0.034814612,0.666666667,0,0,0.397959184,0.5,0.533333333,0.666666667,0.071428571,0.2,1,0,0.951219512
0,0.01369863,0.096566235,0.4,0,0,0.051020408,0.5,0.066666667,0.666666667,0.571428571,0.6,1,0,0.951219512
1,0.767123288,0.015617865,0.8,0,0,0.397959184,0.5,0.6,0,0.285714286,0.8,1,0,0.951219512
0,0.068493151,0.093631416,0.533333333,0,0,0.234693878,0.625,0.733333333,0.666666667,0.5,0.6,1,1,0.951219512
1,0.575342466,0.164046776,0.6,0,0,0.397959184,0,1,0.333333333,0,0,1,1,0.951219512
1,0.630136986,0.142075549,0.533333333,0,0,0.397959184,0.625,0.733333333,0.333333333,0.285714286,0,1,1,0.951219512
0,0.054794521,0.026854473,0.6,0,0,0.102040816,0.875,1,0.666666667,0.571428571,0.6,1,0,0.951219512
0,0.438356164,0.052968815,0.533333333,0.050130501,0,0.5,0.5,0.733333333,0.333333333,0.214285714,0,0.5,1,0.951219512
0,0.630136986,0.102443315,0.266666667,0,0,0.193877551,0.5,0.4,1,0.571428571,0.2,1,0,0.951219512
0,0.260273973,0.242113097,0.533333333,0,0,0.37755102,0.5,0.733333333,0,0.071428571,0.8,1,0,0.951219512
0,0.191780822,0.023355422,0.8,0,0,0.397959184,0.5,0.6,0.666666667,0.928571429,0.2,1,1,0.951219512
0,0.397260274,0.122387636,0.866666667,0,0,0.397959184,0.5,0.8,0.666666667,0.285714286,0.8,1,1,0.951219512
1,0.561643836,0.068100249,0.933333333,0.278282783,0,0.397959184,0.625,0.933333333,0.666666667,0.714285714,0.2,1,1,0.951219512
0,0.04109589,0.110129455,0.6,0,0,0.397959184,0.5,1,0.666666667,0.071428571,0.6,1,1,1
0,0.150684932,0.135845993,0.4,0,0,0.397959184,0.5,0.066666667,0.666666667,0.571428571,0.2,0.5,0,0.56097561
1,0.315068493,0.225898526,1,0,0,0.397959184,0.5,0.666666667,0.333333333,0.714285714,0,1,1,0.951219512
0,0.054794521,0.136021893,0.4,0,0.404499541,0.397959184,0.5,0.066666667,0.5,0.428571429,0.6,1,1,0.146341463
1,0.684931507,0.079089245,1,0.200512005,0,0.040816327,0,0.666666667,0.333333333,0,0,1,1,0.951219512
0,0.561643836,0.133782554,0.533333333,0,0,0.397959184,0,0.733333333,0,0,0.8,1,1,0.951219512
0,0.01369863,0.077028513,0.333333333,0,0,0.295918367,0.5,0,0.666666667,0.214285714,0.6,1,1,0.951219512
0,0.219178082,0.188400767,0.6,0,0,0.397959184,0.5,1,0.666666667,0.857142857,0.2,1,0,0.951219512
1,0.589041096,0.119317509,0.133333333,0,0,0.397959184,0.5,0.266666667,0.333333333,0.857142857,0,1,1,0
1,0.397260274,0.237160167,0.733333333,0,0,0.397959184,0.125,0.466666667,0.333333333,0.714285714,0,1,1,0.268292683
1,0.424657534,0.118684947,0.733333333,0,0.424242424,0.459183673,0.5,0.466666667,0.333333333,0.214285714,0,1,1,0.951219512
1,0.602739726,0.147489877,0.6,0.076880769,0,0.397959184,0.5,1,0.333333333,0.071428571,0,1,1,0.951219512
0,0.205479452,0.100806094,0.266666667,0,0,0.448979592,0,0.4,0.333333333,0,0,1,1,0.951219512
0,0.369863014,0.121571732,0.6,0,0,0.091836735,0,1,0,0,0.8,1,0,0.756097561
0,0.04109589,0.109305433,0.6,0,0,0.397959184,0.5,1,0.666666667,0.357142857,0.6,1,1,0.951219512
1,0.671232877,0.127806023,0.8,0,0,0.448979592,0.5,0.6,0.333333333,0.714285714,0,1,1,0.951219512
0,0.219178082,0.100080846,0.866666667,0,0,0.316326531,0.5,0.8,0.666666667,0.285714286,0.2,1,0,0
0,0.109589041,0.071579681,0.533333333,0,0,0.397959184,0.5,0.733333333,0.666666667,0.214285714,0.8,1,1,0.951219512
1,0.287671233,0.176692612,0.6,0,0,0.397959184,0.25,1,0.333333333,0.071428571,0,1,1,0.951219512
1,0.260273973,0.105137963,0.6,0,0,0.397959184,0.5,1,0.333333333,0.285714286,1,1,0,0.951219512
0,0.493150685,0.132680475,0.6,0.048650487,0,0.448979592,0.5,1,0,0.071428571,0.8,0.75,0,0.634146341
1,0.328767123,0.177305555,0.6,0.07298073,0,0.418367347,0.5,1,0.333333333,0.5,0,1,1,0.951219512
0,0.054794521,0.148162355,0.6,0,0,0.244897959,0,1,0.666666667,0,0.6,0.5,1,0.56097561
0,0.150684932,0.282656627,0.533333333,0,0,0.346938776,0.5,0.733333333,0,0.571428571,0.6,0.5,1,0.951219512
1,0.273972603,0.130041303,0.8,0,0,0.193877551,0.75,0.6,0.333333333,0.857142857,0,1,1,0.048780488
0,0.671232877,0.086793653,0.2,0,0,0.397959184,0.5,0.333333333,0.333333333,0.214285714,0,1,1,0.951219512
0,0.109589041,0.101990711,0.733333333,0,0,0.602040816,0.625,0.466666667,0.666666667,0.857142857,0.2,1,1,0.951219512
1,0.383561644,0.100424527,0.8,0,0,0.448979592,0.75,0.6,0.333333333,0.285714286,0,0.25,1,0.073170732
0,0.136986301,0.01634176,0.8,0,0,0.397959184,0.5,0.6,0.666666667,0.857142857,0.2,1,0,0.951219512
0,0.178082192,0.022421801,0.666666667,0,0,0.489795918,0.75,0.533333333,0,0.214285714,0.2,1,1,0.951219512
0,0.136986301,0.240241794,0.6,0,0,0.5,0.5,1,0.666666667,0.214285714,0.8,1,1,0.951219512
0,0,0.030740504,0.4,0,0,0.295918367,0.5,0.066666667,0.666666667,0.857142857,0.6,1,1,0.951219512
0,0,0.108423905,0.266666667,0,0,0.071428571,0.5,0.4,0.666666667,0.857142857,0.6,1,1,0.951219512
0,0.657534247,0.130395132,0.533333333,0,0,0.071428571,0.25,0.733333333,0.333333333,0.571428571,0,1,1,0.951219512
0,0.109589041,0.264866401,0.533333333,0,0,0.397959184,0.5,0.733333333,0.666666667,0.214285714,0.4,0.5,1,0.951219512
0,0.164383562,0.061796951,0.8,0,0,0.030612245,0,0.6,0.5,0,0.2,1,0,0.463414634
1,0.178082192,0.004747263,0.6,0.076880769,0,0.397959184,0.5,1,0.333333333,0.714285714,0,1,1,0.951219512
0,0.123287671,0.065714779,0.666666667,0,0,0.448979592,0.5,0.533333333,0.666666667,0.071428571,0.2,1,0,0.951219512
0,0.369863014,0.081566049,0.866666667,0,0,0.397959184,0.5,0.8,0.666666667,0.214285714,0.8,0.5,0,0.951219512
0,0.082191781,0.245034385,0.533333333,0,0,0.346938776,0.5,0.733333333,0.666666667,0.571428571,0.6,1,0,0.951219512
0,0.287671233,0.310109836,0.8,0,0,0.5,0.5,0.6,0.666666667,0.285714286,0.2,1,1,0.951219512
0,0.219178082,0.010604046,0.533333333,0,0,0.397959184,0.25,0.733333333,0.666666667,0.571428571,0.8,0,1,0.951219512
1,0.479452055,0.090982095,0.533333333,0,0,0.397959184,0.5,0.733333333,0.333333333,0.5,0,1,1,0.951219512
1,0.410958904,0.089347581,0.8,0,0,0.448979592,0.5,0.6,0.333333333,0.285714286,0,1,1,0.951219512
0,0.109589041,0.04059833,0.533333333,0,0,0.397959184,0.5,0.733333333,0.666666667,0.071428571,0.6,1,0,0.951219512
0,0.246575342,0.187279745,0.733333333,0,0,0.397959184,0.5,0.466666667,0.833333333,0.857142857,0.8,1,1,0.951219512
1,0.452054795,0.127027329,0.866666667,0,0,0.5,0.5,0.8,0.333333333,0.285714286,0,1,1,0.951219512
1,0.383561644,0.127758666,0.6,0,0,0.56122449,0.125,1,0.333333333,0.714285714,0,1,1,0.951219512
1,0.150684932,0.13396116,0.4,0,0,0.5,0.625,0.066666667,0.333333333,0.214285714,0,1,1,0.951219512
0,0.054794521,0.065711396,0.6,0,0.453168044,0.397959184,0.5,1,0.666666667,0.714285714,0.6,0.25,1,0.951219512
0,0.506849315,0.0130592,0.533333333,0.026350264,0,0.397959184,0,0.733333333,0.333333333,0,0,1,1,0.951219512
0,0.178082192,0.085735548,0.666666667,0.024630246,0,0.397959184,0.5,0.533333333,0.666666667,0.071428571,0.4,0.25,1,0.975609756
0,0.068493151,0.146403358,0.6,0,0.367768595,0.244897959,0,1,0,0,0.6,1,1,0.951219512
0,0.301369863,0.058709911,0.6,0,0,0.387755102,0.5,1,0,0.285714286,0.8,1,0,0.951219512
0,0.068493151,0.219150743,0.733333333,0,0,0.244897959,0.5,0.466666667,0.666666667,0.071428571,0.2,1,0,0.951219512
1,0.863013699,0.103255836,0.866666667,1,0,0.540816327,0.625,0.8,0.333333333,0.285714286,0,1,1,0.951219512
1,0.273972603,0.075299283,0.8,0,0.436639118,0.734693878,0.5,0.6,0.333333333,0.928571429,0,0.25,1,0
1,0.657534247,0.036583757,0.4,0.064180642,0,0.346938776,0.625,0.066666667,0.333333333,0.285714286,0,1,1,0.951219512
1,0.342465753,0.085812674,0.6,0,0,0.397959184,0.5,1,0.333333333,0.928571429,0,1,1,0.951219512
0,0.575342466,0.192114957,0.533333333,0,0,0.397959184,0.5,0.733333333,0,0.285714286,0.2,1,0,0.951219512
1,0.506849315,0.108763527,0.866666667,0.076880769,0,0.397959184,0.25,0.8,0.333333333,0.714285714,0,1,1,0.951219512
1,0.534246575,0.025847109,0.533333333,0,0,0.448979592,0.5,0.733333333,0.333333333,0.857142857,0,1,1,0.951219512
0,0.315068493,0.087246256,0.8,0,0,0.397959184,0.5,0.6,0.333333333,0.571428571,1,1,0,0.804878049
0,0.534246575,0.117965111,0.4,0,0,0.5,0.75,0.066666667,1,0.571428571,0.8,1,0,0.951219512
0,0.095890411,0.124928033,0.533333333,0,0,0.397959184,0.5,0.733333333,0.666666667,0.857142857,0.6,1,1,0.951219512
1,0.328767123,0.011718303,0.6,0,0,0.397959184,0.125,1,0.333333333,0.071428571,1,0,0,0.951219512
0,0.232876712,0.054873268,0.533333333,0,0,0.653061224,0.5,0.733333333,0.333333333,1,0,1,1,0.951219512
1,0.397260274,0.030557162,0.666666667,0,0,0.397959184,0.75,0.533333333,0.333333333,0.214285714,0,1,1,0.951219512
0,0.383561644,0.111803209,0.533333333,0,0,0.275510204,0.5,0.733333333,0,0.071428571,0.8,1,0,0.951219512
0,0.150684932,0.249983256,0.6,0,0.536960514,0.397959184,0.875,1,0.833333333,0.285714286,0.6,1,1,0.951219512
1,0.452054795,0.124949683,0.533333333,0,0,0.397959184,0.5,0.733333333,0.333333333,0.214285714,0,1,1,0.951219512
1,0.369863014,0.201587833,0.6,0,0,0.602040816,0.5,1,0.333333333,0.214285714,0,1,1,0.951219512
0,0.219178082,0.034364038,0.533333333,0,0,0.397959184,0.5,0.733333333,0,0.071428571,0.8,0.5,0,0.951219512
0,0.301369863,0.083752617,0.533333333,0,0.470844812,0.397959184,0.5,0.733333333,0.333333333,0.5,0,1,1,0.951219512
0,0.410958904,0.104422863,0.6,0,0,0.397959184,0.5,1,0,0.285714286,0.8,1,0,0.268292683
0,0.01369863,0.0103747,0.533333333,0,0,0.295918367,0.5,0.733333333,0.666666667,0.285714286,0.2,1,0,0.951219512
0,0.150684932,0.112443213,0.8,0,0,0.448979592,0.5,0.6,0.666666667,0.285714286,0.8,0.5,0,0
0,0.109589041,0.124285999,0.8,0,0,0.346938776,0.5,0.6,0.666666667,0.071428571,0.2,1,0,0.951219512
0,0.657534247,0.088928805,0.533333333,0,0,0.397959184,0,0.733333333,1,0,0.2,0.5,0,0.951219512
1,0.452054795,0.111267391,0.866666667,0,0,0.806122449,0.625,0.8,0,0.285714286,0.2,1,1,0.951219512
0,0.273972603,0.128991993,0.6,0,0,0.397959184,0.5,1,0.666666667,0.428571429,0.6,1,1,0.951219512
0,0.095890411,0.024021135,0.533333333,0,0,0.316326531,0.5,0.733333333,0.666666667,0.571428571,0.8,1,0,0.951219512
1,0.479452055,0.109925141,0.6,0,0,0.448979592,0.5,1,0.333333333,0.285714286,0,1,1,0.951219512
0,0.356164384,0.029097195,0.6,0,0,0.397959184,0.5,1,0.333333333,0.214285714,0,1,1,0.951219512
0,0.109589041,0.255901604,0.6,0,0,0.244897959,0.5,1,0.666666667,0.857142857,0.8,1,0,0.195121951
1,0.410958904,0.109943408,0.866666667,0,0,0.397959184,0.5,0.8,0.666666667,0.714285714,0.2,1,0,0.219512195
0,0.397260274,0.029900921,0.6,0,0,0.397959184,0.5,1,0.666666667,0.285714286,0.2,0.5,1,0.951219512
1,0.452054795,0.099041685,0.866666667,0,0,0.5,0.5,0.8,0.333333333,0.285714286,0,1,1,0.951219512
0,0.178082192,0.041423705,0.8,0,0,0.448979592,0.125,0.6,0.666666667,0.285714286,0.4,0.25,0,0.951219512
0,0.164383562,0.144884532,0.6,0,0,0.397959184,0.5,1,0.666666667,0.071428571,0.2,1,0,0.951219512
0,0.534246575,0.010832716,0.266666667,0,0,0.397959184,0.5,0.4,0.333333333,0.214285714,0,1,1,0.951219512
0,0.095890411,0.355139485,0.533333333,0,0,0.5,0.5,0.733333333,0.333333333,0.285714286,0,1,1,0.951219512
1,0.561643836,0.091429287,0.866666667,0,0,0.397959184,0.25,0.8,0.333333333,0.714285714,0,1,1,0.951219512
0,0.547945205,0.120610372,0.533333333,0,0,0.295918367,0.25,0.733333333,0,0.428571429,0.2,0.5,0,0.951219512
0,0.410958904,0.061884224,0.733333333,0,0,0.397959184,0.5,0.466666667,0.333333333,0.214285714,0,1,1,0.951219512
1,0.315068493,0.020578913,0.6,0,0,0.397959184,0.25,1,0.333333333,0.071428571,1,1,0,0.951219512
1,0.205479452,0.009821969,0.6,0,0,0.846938776,0.5,1,0.333333333,0.5,0,1,1,0.951219512
0,0.136986301,0.016889755,0.6,0,0.379017447,0.397959184,0.5,1,0.333333333,0.5,0,1,1,0.951219512
0,0.520547945,0.084251902,0.533333333,0,0,0.397959184,0.875,0.733333333,0.333333333,0.785714286,0,1,1,0.951219512
1,0.287671233,0.120178065,0.666666667,0,0,0.5,0.5,0.533333333,0.333333333,0.857142857,0,1,1,0.951219512
0,0.301369863,0.126829103,0.8,0,0,0.602040816,0.75,0.6,0.333333333,0.571428571,0,1,1,0.951219512
1,0.315068493,0.109597697,1,0,0.433195592,0.5,0.875,0.666666667,0.333333333,0.714285714,0,1,1,0.951219512
0,0.082191781,0.076236287,0.6,0,0,0.397959184,0.5,1,0,0.071428571,0.2,1,1,0.951219512
0,0.178082192,0.09450009,0.6,0,0,0.581632653,0.5,1,0.333333333,0.214285714,0,1,1,0.951219512
0,0.095890411,0.014431218,0.533333333,0,0,0.346938776,0.5,0.733333333,0.666666667,0.571428571,0.8,1,0,0.951219512
1,0.465753425,0.059362093,1,0.150241502,0,0.397959184,0.625,0.666666667,0.333333333,0.714285714,0,1,1,0.951219512
1,0.356164384,0.280828623,0.866666667,0,0,0.5,0.5,0.8,0.666666667,0.714285714,0.2,1,1,0.951219512
0,0.479452055,0.072990261,0.2,0,0,0.397959184,0.875,0.333333333,0.333333333,0.571428571,0,1,1,0.951219512
0,0.287671233,0.107702716,0.533333333,0,0.383838384,0.5,0.5,0.733333333,0.333333333,0.214285714,0,1,1,0.951219512
0,0.328767123,0.110352036,0.533333333,0,0,0.448979592,0.5,0.733333333,0,0.5,0.2,1,0,0.951219512
0,0.054794521,0.166566877,0.6,0,0,0.193877551,0.875,1,0.666666667,0.714285714,0.2,1,0,0.951219512
0,0.356164384,0.014096332,0.6,0,0,0.346938776,0.5,1,0.333333333,0.071428571,0,1,1,0.951219512
0,0.095890411,0.090438836,0.8,0,0,0.397959184,0.5,0.6,0.666666667,0.285714286,0.2,1,1,0.951219512
0,0.301369863,0.061340288,0.533333333,0,0,0.397959184,0.25,0.733333333,0.333333333,0.571428571,0,1,1,0.951219512
0,0.191780822,0.099656657,0.533333333,0,0,0.857142857,0.5,0.733333333,0.666666667,0.571428571,0.2,1,1,0.951219512
0,0.232876712,0.123710943,0.533333333,0,0,0.397959184,0.5,0.733333333,0.666666667,0.285714286,0.2,1,0,0.951219512
0,0.054794521,0.037560677,0.266666667,0,0,0.193877551,0.5,0.4,0.666666667,0.5,0.6,0.5,1,0.951219512
0,0.04109589,0.017919445,0.4,0,0,0.397959184,0.5,0.066666667,0.666666667,0.571428571,0.2,1,1,0.951219512
0,0.273972603,0.042153689,0.533333333,0,0,0.704081633,0.5,0.733333333,0.333333333,0.214285714,0,1,1,0.951219512
0,0.260273973,0.06996411,0.533333333,0,0,0.5,0.5,0.733333333,0.333333333,0.857142857,0,1,1,0.951219512
0,0.452054795,0.035771912,0.8,0,0,0.397959184,0.125,0.6,0.333333333,0.285714286,0,1,1,0.951219512
0,0.219178082,0.121486488,0.6,0,0,0.397959184,0.5,1,0,0.071428571,0.2,1,0,0.951219512
0,0.02739726,0.022567933,0.6,0,0,0.244897959,0,1,0.666666667,0,0.6,1,0,0.951219512
0,0.561643836,0.064038996,0.6,0,0,0.397959184,0.75,1,0,0.214285714,0.8,1,1,0.951219512
0,0.164383562,0.15518549,0.866666667,0,0,0.448979592,0.5,0.8,0.666666667,0.714285714,0.2,1,0,0.951219512
1,0.191780822,0.049246507,0.8,0,0.436639118,0.193877551,0,0.6,0.333333333,0,1,1,0,0.951219512
1,0.328767123,0.059883703,0.866666667,0.07298073,0,0.704081633,0.75,0.8,0.333333333,0.285714286,0,1,1,0.951219512
0,0.630136986,0.129581257,0.533333333,0,0,0.397959184,0,0.733333333,0.333333333,0,0,1,1,0.951219512
0,0.575342466,0.113190787,0.533333333,0,0,0.397959184,0.5,0.733333333,0.333333333,0.857142857,0,1,1,0.951219512
0,0.438356164,0.187686344,0.533333333,0,0,0.602040816,0.5,0.733333333,0,0.285714286,0.8,1,1,0.951219512
0,0.054794521,0.146378326,0.533333333,0,0,0.397959184,0.5,0.733333333,0.666666667,0.214285714,0.6,1,1,0.951219512
0,0.123287671,0.069140764,0.533333333,0,0,0.397959184,0.5,0.733333333,0.666666667,0.214285714,0.6,1,1,0.951219512
0,0.479452055,0.15690863,0.533333333,0,0,0.346938776,0,0.733333333,0.333333333,0,0,1,1,0.951219512
0,0.164383562,0.008305849,0.8,0,0,0.397959184,0.5,0.6,0,0.571428571,0.8,0.75,0,0.951219512
0,0.630136986,0.105790821,0.8,0,0,0.346938776,0.25,0.6,0,0.214285714,0.2,0.5,1,0.682926829
0,0.095890411,0.159290042,0.8,0,0,0.295918367,0,0.6,0.666666667,0,0.6,1,1,0.951219512
0,0.273972603,0.214932532,0.6,0,0,0.397959184,0.5,1,0.333333333,0.214285714,0,1,1,0.951219512
0,0.301369863,0.156034544,0.533333333,0,0,0.346938776,0.5,0.733333333,0.666666667,0.928571429,0.2,0.5,1,0.951219512
1,0.383561644,0.094240976,0.933333333,0,0,0.346938776,0.625,0.933333333,0.333333333,0.714285714,0,1,1,0.951219512
1,0.520547945,0.193600633,0.8,0,0.554407713,0.5,0.625,0.6,0.333333333,0.285714286,0,1,1,0.951219512
0,0.068493151,0.064674941,0.8,0,0,0.346938776,0.5,0.6,0.666666667,0.285714286,0.6,1,0,0.951219512
1,0.630136986,0.110202521,0.933333333,0,0,0.346938776,0.75,0.933333333,0.333333333,0.714285714,0,1,1,0.951219512
0,0.356164384,0.082362333,0.6,0.021740217,0,0.397959184,0.125,1,0.666666667,0.071428571,0.4,1,1,0.951219512
0,0.493150685,0.463938192,0.8,0,0,0.275510204,0.5,0.6,1,0.714285714,0.2,1,0,0.951219512
0,0.219178082,0.047997619,0.533333333,0,0,0.397959184,0.5,0.733333333,0.333333333,0.571428571,1,1,0,0.951219512
0,0.219178082,0.129955382,0.866666667,0,0,0.37755102,0.875,0.8,0.666666667,0.714285714,0.6,1,1,0.756097561
0,0.493150685,0.178662689,0.533333333,0,0,1,0.75,0.733333333,0.333333333,0.357142857,0,1,1,0.951219512
0,0.356164384,0.062805668,0.533333333,0,0,0.397959184,0.5,0.733333333,0.333333333,0.071428571,0,1,1,0.951219512
1,0.397260274,0.105645366,0.6,0,0,0.448979592,0.5,1,0.333333333,0.214285714,0,1,1,0.951219512
0,0.02739726,0.107241317,0.533333333,0,0,0.602040816,0.5,0.733333333,0.666666667,0.214285714,0.6,1,1,0.951219512
0,0.410958904,0.0660544,0.533333333,0,0,0.316326531,0,0.733333333,0.833333333,0,0.8,0.5,0,0.951219512
0,0.356164384,0.112943174,0.6,0,0,0.653061224,0.625,1,0.333333333,0.285714286,0,1,1,0.951219512
1,0.369863014,0.100323047,0.533333333,0,0,0.653061224,0.5,0.733333333,0.333333333,0.214285714,0,1,1,0.951219512
0,0.205479452,0.151619461,0.533333333,0,0,0.397959184,0.5,0.733333333,0.333333333,0.428571429,0,1,1,0.951219512
1,0.465753425,0.110249203,0.533333333,0,0,0.5,0.5,0.733333333,0.333333333,1,0,1,1,0.951219512
0,0.260273973,0.046663487,0.733333333,0,0,0.357142857,0.5,0.466666667,0,0.714285714,0.8,1,0,0.951219512
0,0.191780822,0.129339057,0.8,0,0,0.397959184,0.75,0.6,0.666666667,0.928571429,0.2,1,0,0.951219512
0,0.205479452,0.139449231,0.6,0,0,0.704081633,0.625,1,0.666666667,0.285714286,0.2,1,1,0.12195122
1,0.109589041,0.182219922,0.8,0,0.359044995,0.295918367,0.5,0.6,0.666666667,0.928571429,0.2,1,0,0.951219512
0,0.301369863,0.128991993,0.8,0,0,0.448979592,0.5,0.6,0.666666667,0.285714286,0.2,1,1,0.951219512
0,0.246575342,0.123962615,0.2,0,0,0.397959184,0.5,0.333333333,0.333333333,0.928571429,0,1,1,0.634146341
0,0.109589041,0.080175088,0.6,0,0,0.295918367,0.5,1,0,0.571428571,0.2,1,1,0.951219512
0,0.287671233,0.028838081,0.6,0,0,0.091836735,0.875,1,0,0.928571429,0.8,1,0,0.951219512
0,0.369863014,0.081614759,0.733333333,0,0,0.357142857,0.5,0.466666667,0.666666667,0.714285714,0.2,1,0,0.951219512
0,0.109589041,0.083850715,0.533333333,0,0,0.397959184,0.5,0.733333333,0.666666667,0.214285714,0.2,1,1,0.951219512
0,0.589041096,0.186994246,0.133333333,0,0,0.397959184,0.5,0.266666667,0,0.5,0.8,1,1,0.951219512
0,0.684931507,0.086978347,0.533333333,0,0,0.234693878,0.5,0.733333333,1,0.571428571,0.2,1,0,0.951219512
0,0.164383562,0.112794336,0.733333333,0,0,0.5,0.75,0.466666667,0.333333333,0.857142857,0,1,1,0.951219512
1,0.493150685,0.090683066,0.533333333,0,0,0.397959184,0.75,0.733333333,0.333333333,0.214285714,0,1,1,1
0,0.410958904,0.129071148,0.8,0,0,0.5,0.25,0.6,0,0.714285714,0.2,1,1,0.951219512
0,0.260273973,0.13186863,0.333333333,0,0,0.602040816,0.75,0,0.333333333,0.357142857,0,1,1,0.951219512
0,0.657534247,0.253286788,0.666666667,0,0,0.142857143,0.5,0.533333333,0.333333333,0.071428571,0,1,1,0.951219512
0,0.356164384,0.084531312,0.8,0,0,0.418367347,0.625,0.6,0.5,0.857142857,0.8,1,0,0.951219512
1,0.328767123,0.125085667,0.8,0,0,0.755102041,0.75,0.6,0.333333333,0.357142857,0,1,1,0.951219512
0,0.602739726,0.099289298,0.2,0,0,0.397959184,0.5,0.333333333,0.333333333,1,0,1,1,0.951219512
0,0.397260274,0.085726753,0.6,0,0,0.397959184,0.5,1,0.333333333,0.5,0,1,1,0.951219512
0,0.164383562,0.187857508,0.533333333,0,0,0.479591837,0.5,0.733333333,0.333333333,0.5,0,1,1,0.951219512
1,0.657534247,0.043134668,0.533333333,0,0,0,0,0.733333333,0.333333333,0,0,1,1,0.951219512
0,0.02739726,0.114528978,0.6,0,0,0.397959184,0.5,1,0.666666667,0.071428571,0.6,1,1,0.951219512
0,0.178082192,0.089511303,0.533333333,0,0,0.397959184,0.5,0.733333333,0.666666667,0.571428571,0.2,0.5,1,0
0,0.342465753,0.159533595,0.533333333,0,0.399449036,0.428571429,0.5,0.733333333,0.333333333,1,0,1,1,0.951219512
0,0.136986301,0.149606763,0.6,0,0,0.193877551,0.5,1,0.666666667,0.071428571,0.6,1,1,0.951219512
1,0.410958904,0.177195279,0.4,0.07298073,0,0.397959184,0.5,0.066666667,0.333333333,0.214285714,0,1,1,0.951219512
0,0.232876712,0.105866594,0.733333333,0,0,0.346938776,0.5,0.466666667,0.666666667,0.071428571,0.2,1,0,0.951219512
0,0.136986301,0.256531461,0.4,0,0,0.397959184,0.5,0.066666667,0,0.214285714,0.6,1,1,0.951219512
0,0.123287671,0.134977996,0.533333333,0,0,0.397959184,0,0.733333333,0.833333333,0,0.8,1,0,0.951219512
1,0.506849315,0.051412103,1,0,0.453856749,0.5,0.5,0.666666667,0.333333333,0.714285714,0,1,1,0.951219512
0,0.136986301,0.120029226,0.2,0,0,0.397959184,0.5,0.333333333,0.333333333,0.214285714,0,1,1,0.951219512
1,0.520547945,0.217860586,0.533333333,0,0,0.295918367,0.5,0.733333333,0.333333333,0.285714286,1,1,0,0.951219512
1,0.315068493,0.178926538,0.866666667,0,0,0.602040816,0.5,0.8,0.333333333,0.714285714,1,1,0,0.951219512
0,0.301369863,0.122007422,0.533333333,0,0,0.5,0.75,0.733333333,0.833333333,0.357142857,0.2,1,1,0.951219512
1,0.301369863,0.09587346,0.533333333,0,0.436639118,0.397959184,0.5,0.733333333,0.333333333,0.571428571,1,1,0,0.804878049
1,0.438356164,0.117697879,0.933333333,0,0,0.397959184,0.5,0.933333333,0.333333333,0.857142857,0,1,1,0.951219512
0,0.246575342,0.065521289,0.533333333,0,0,0.397959184,0.5,0.733333333,0.666666667,0.571428571,0.2,1,1,0
0,0.01369863,0.06966508,0.4,0,0,0.112244898,0,0.066666667,0.666666667,0,0.6,1,1,0.951219512
0,0.273972603,0.065372451,0.533333333,0,0,0.397959184,0.5,0.733333333,0.666666667,0.571428571,0.2,1,1,0.951219512
0,0.534246575,0.170589568,0.6,0,0,0.397959184,0.25,1,0,0.285714286,0.2,1,0,0.951219512
1,0.369863014,0.038595103,0.8,0,0,0.5,0.625,0.6,0.333333333,0.214285714,0,1,1,0.951219512
0,0.465753425,0.101982593,0.533333333,0,0,0.193877551,0.5,0.733333333,0,0.428571429,0.8,1,0,0.951219512
1,0.178082192,0.121293675,0.6,0,0,0.397959184,0.625,1,0.666666667,0.285714286,0.2,1,0,0.951219512
0,0.328767123,0.136072633,0.133333333,0,0,0.316326531,0,0.266666667,0.333333333,0,0,1,1,0.634146341
0,0.054794521,0.013980644,0.6,0,0,0.397959184,0.5,1,0.666666667,0.857142857,0.8,1,1,0.951219512
0,0.04109589,0.102103016,0.6,0,0,0.295918367,0.5,1,0.833333333,0.571428571,0.6,1,0,0.951219512
0,0.082191781,0.073279819,0.666666667,0,0,0.397959184,0.5,0.533333333,0.333333333,0.214285714,0,0.5,1,0.951219512
0,0.136986301,0.082727663,0.533333333,0,0,0.397959184,0.5,0.733333333,0.666666667,0.071428571,0.2,1,1,0.951219512
1,0.369863014,0.208846402,0.8,0,0,0.602040816,0.5,0.6,0.333333333,0.857142857,0,1,1,0.951219512
0,0.04109589,0.065354861,0.6,0,0,0.244897959,0.5,1,0.666666667,0.071428571,0.6,1,0,0.951219512
0,0.04109589,0.118308115,0.533333333,0,0,0.397959184,0.5,0.733333333,0.666666667,0.5,0.6,1,0,0.951219512
0,0.410958904,0.099308917,0.533333333,0,0,0.397959184,0.5,0.733333333,0,0.857142857,0.2,1,1,0.951219512
0,0.136986301,0.218845624,0.4,0,0,0.346938776,0.5,0.066666667,0.333333333,0.857142857,0.6,0.5,1,0.951219512
0,0.369863014,0.059737571,0.533333333,0,0,0.397959184,0.5,0.733333333,0.333333333,0.5,0,0,1,0.951219512
1,0.479452055,0.109914993,0.533333333,0,0,0.602040816,0.5,0.733333333,0.333333333,0.857142857,0,1,1,0.951219512
0,0.287671233,0.195309567,0.866666667,0,0.340909091,0.397959184,0.5,0.8,0.333333333,0.571428571,0,0.5,1,0
0,0.109589041,0.112137418,0.6,0,0,0.346938776,0.5,1,0.666666667,0.071428571,0.6,1,1,0.951219512
0,0.246575342,0.22406308,0.4,0,0,0.397959184,0.5,0.066666667,0,0.214285714,0.8,1,1,0.951219512
0,0.150684932,0.116934068,0.6,0,0,0.540816327,0.5,1,0.666666667,0.928571429,0.2,1,1,0.951219512
0,0.082191781,0.349727863,0.8,0,0,0.091836735,0.5,0.6,0.666666667,0.857142857,0.6,0.5,1,0.951219512
0,0.260273973,0.118267523,0.533333333,0,0,0.397959184,0.5,0.733333333,0,0.071428571,0.8,1,0,0.951219512
0,0.219178082,0.129339057,0.533333333,0,0,0.397959184,0.5,0.733333333,0,0.571428571,0.6,1,0,0.951219512
1,0.438356164,0.136582066,0.6,0,0,0.397959184,0.5,1,0.333333333,0.214285714,0,1,1,0.951219512
0,0.260273973,0.120010283,0.6,0,0,0.397959184,0.5,1,0.833333333,0.571428571,0.4,0.5,0,0.951219512
1,0.301369863,0.12124767,0.8,0,0.433195592,0.397959184,0.5,0.6,0.333333333,0.714285714,0,1,1,0.951219512
0,0.424657534,0.125441525,0.6,0,0,0.397959184,0.75,1,0.333333333,1,0,1,1,0.951219512
0,0.493150685,0.114944372,0.266666667,0,0,0.397959184,0.5,0.4,0.333333333,0.571428571,0,1,1,0.146341463
0,0.287671233,0.170718787,0.6,0,0,0.397959184,0.5,1,0,0.071428571,0.8,1,0,0.951219512
0,0.178082192,0.103014312,0.8,0,0.43067034,0.397959184,0.125,0.6,0.666666667,0.714285714,0.2,1,1,0.951219512
0,0.493150685,0.164832912,0.8,0,0,0.520408163,0.5,0.6,1,0.071428571,0.8,1,0,0.951219512
0,0.068493151,0.068770698,0.6,0,0,0.397959184,0.5,1,0.666666667,0.428571429,0.6,1,1,0.951219512
1,0.232876712,0.144786434,0.8,0,0,0.397959184,0.25,0.6,0.333333333,0.785714286,0,1,1,0.951219512
0,1,0.043817971,0.533333333,0,1,0.397959184,0,0.733333333,1,0,0.2,1,0,0.951219512
0,0.589041096,0.052498622,0.533333333,0,0,0.5,0.75,0.733333333,0.333333333,0.857142857,0,1,1,0.951219512
0,0.178082192,0.097170383,0.533333333,0,0,0.551020408,0.5,0.733333333,0.333333333,0.214285714,0,1,1,0.951219512
0,0.465753425,0.120456121,0.6,0,0,0.397959184,0.125,1,0.333333333,0.214285714,0,1,1,0.951219512
0,0.095890411,0.176416585,0.8,0,0,0.418367347,0.5,0.6,0.666666667,0.285714286,0.2,1,1,0.951219512
0,0.123287671,0.060979694,0.8,0,0,0.397959184,0.5,0.6,0.666666667,0.857142857,0.2,0.25,0,0.853658537
0,0.863013699,0.064578872,0.533333333,0,0,0.295918367,0.5,0.733333333,1,0.428571429,0.2,1,1,0.951219512
1,0.287671233,0.11878981,0.933333333,0,0.554407713,0.908163265,0.5,0.933333333,0.333333333,0.714285714,0,1,1,0.951219512
1,0.397260274,0.215004922,0.8,0,0,0.551020408,0.5,0.6,0.333333333,0.285714286,0,1,1,0.951219512
1,0.383561644,0.061736062,0.533333333,0,0,0.397959184,0.5,0.733333333,0.333333333,0.071428571,0,1,1,0.951219512
1,0.342465753,0.084364884,0.8,0,0,0.397959184,0.5,0.6,0.333333333,0.285714286,0,1,1,0.951219512
0,0.164383562,0.133202085,0.733333333,0,0,0.397959184,0.5,0.466666667,0.666666667,0.857142857,0.2,1,1,0.951219512
0,0.534246575,0.058415617,0.2,0,0,0.397959184,0.5,0.333333333,0.666666667,0.071428571,0.2,1,1,0.951219512
1,0.465753425,0.10799498,0.8,0,0,0.5,0.5,0.6,0.333333333,0.714285714,0,1,1,0.951219512
0,0.328767123,0.069662374,0.6,0,0,0.397959184,0.5,1,0,0.5,0.8,0.5,0,0.951219512
1,0.136986301,0.122867977,0.8,0,0,0.448979592,0.5,0.6,0.333333333,0.857142857,0,1,1,0.951219512
0,0.178082192,0.282113367,0.533333333,0,0,0.397959184,0.75,0.733333333,0.666666667,0.357142857,0.2,1,1,0
0,0.369863014,0.071663572,0.333333333,0,0,0.397959184,0.5,0,0.333333333,0.5,0,1,1,0.951219512
0,0.342465753,0.070606144,0.666666667,0,0,0.397959184,0.5,0.533333333,0.333333333,0.5,0,1,1,0.951219512
1,0.205479452,0.105924776,0.8,0,0.424242424,0.5,0.5,0.6,0.333333333,0.857142857,0,1,1,0.951219512
0,0.383561644,0.14632488,0.533333333,0,0,0.346938776,0.5,0.733333333,0.333333333,0.857142857,1,1,0,0.951219512
0,0.356164384,0.156409346,0.533333333,0,0,0.397959184,0.5,0.733333333,0,0.928571429,0.2,1,0,0.951219512
0,0.150684932,0.009985015,0.733333333,0,0,0.428571429,0.5,0.466666667,0,0.285714286,0.2,1,0,0.951219512
0,0.150684932,0.191223958,0.533333333,0.040640406,0,0.448979592,0.5,0.733333333,0.333333333,1,0,1,1,0.951219512
0,0.369863014,0.122623747,0.266666667,0,0,0.5,0.5,0.4,0.666666667,0.642857143,0.8,1,0,0.804878049
0,0.136986301,0.103051522,0.8,0,0,0.5,0.5,0.6,0.833333333,0.928571429,0.6,1,1,0.951219512
0,0,0.148265189,0.4,0,0,0.112244898,0.5,0.066666667,0.666666667,0.071428571,0.6,1,0,0.951219512
0,0,0.12170095,0.266666667,0,0,0.397959184,0.5,0.4,0.666666667,0.214285714,0.4,1,1,0.951219512
1,0.301369863,0.102103016,0.8,0,0,0.5,0.5,0.6,0.833333333,0.714285714,0.2,1,1,0.951219512
0,0.547945205,0.026185378,0.6,0,0,0.397959184,0.75,1,0,1,0.2,1,1,0.951219512
1,0.273972603,0.227773211,0.733333333,0,0,0.5,0.75,0.466666667,0.333333333,1,0,1,1,0.951219512
0,0.150684932,0.141883412,0.533333333,0,0,0.397959184,0,0.733333333,0.666666667,0,0.4,1,0,0.634146341
0,0.438356164,0.064539633,0.6,0,0,0.37755102,0.5,1,0,0.071428571,0.2,1,0,0.951219512
0,0.356164384,0.089898959,0.6,0,0,0.846938776,0.875,1,0.333333333,1,0,1,1,0.951219512
0,0.109589041,0.145862128,0.8,0,0,0.397959184,0.25,0.6,0.333333333,0.071428571,0,1,1,0.951219512
0,0.205479452,0.150063425,0.4,0,0,0.397959184,0.5,0.066666667,0.333333333,0.428571429,0,1,1,0.951219512
0,0.191780822,0.152585557,0.533333333,0,0,0.602040816,0.5,0.733333333,0.5,0.642857143,0.4,0.5,0,0.56097561
1,0.452054795,0.10520697,0.933333333,0,0.554407713,0.602040816,0.625,0.933333333,0.333333333,0.714285714,0,1,1,0.951219512
0,0.369863014,0.097693346,0.533333333,0,0,0.418367347,0.75,0.733333333,0.333333333,0.357142857,0,0.25,1,0.585365854
0,0.068493151,0.039728979,0.733333333,0,0,0.397959184,0.5,0.466666667,0.666666667,0.071428571,0.2,0.25,0,0.731707317
0,0.191780822,0.07727139,0.666666667,0,0,0.397959184,0.125,0.533333333,0.666666667,0.714285714,0.6,1,1,0.951219512
0,0.260273973,0.195480054,0.133333333,0,0,0.346938776,0.5,0.266666667,0.833333333,0.642857143,0.8,0.75,0,0.634146341
1,0.616438356,0.120643522,0.8,0,0,0.5,0.5,0.6,0.333333333,0.285714286,0,1,1,0.951219512
0,0.191780822,0.099756785,0.533333333,0,0,0.581632653,0.5,0.733333333,0.666666667,0.857142857,0.8,0.5,0,0.951219512
0,0.616438356,0.040728225,0.533333333,0,0,0.234693878,0,0.733333333,0.333333333,0,0,0.25,1,0.073170732
0,0.02739726,0.066941341,0.466666667,0,0,0.142857143,0.5,0.133333333,0.666666667,1,0.6,1,1,0.951219512
0,0.109589041,0.210365229,0.8,0,0,0.397959184,0.5,0.6,0.666666667,0.071428571,0.2,1,1,0.951219512
0,0.191780822,0.068588709,0.533333333,0,0,0.244897959,0.5,0.733333333,0.666666667,0.857142857,0.8,0.5,0,0.951219512
0,0.534246575,0.04797394,0.533333333,0,0,0.5,0.5,0.733333333,0.333333333,0.285714286,0,1,1,0.951219512
1,0.383561644,0.199310608,0.8,0,0,0.397959184,0.5,0.6,0.333333333,0.285714286,1,1,0,0.951219512
0,0.383561644,0.005580757,0.6,0,0,0.408163265,0.5,1,0.833333333,0.214285714,0.2,1,1,0.951219512
0,0.356164384,0.108950251,0.533333333,0,0,0.346938776,0.625,0.733333333,0.666666667,0.714285714,0.8,1,0,0.951219512
0,1,0.027129824,0.6,0,0,0.346938776,0.5,1,0.666666667,0.571428571,0.2,0.25,1,0.951219512
0,0.739726027,0.098476776,0.8,0,0,0.193877551,0.75,0.6,0.333333333,0.857142857,0,1,1,0.951219512
0,0.01369863,0.219712945,0.333333333,0,0,0.397959184,0.5,0,0.666666667,0.571428571,0.6,1,1,0.951219512
1,0.383561644,0.126540222,0.866666667,0,0,0.448979592,0.875,0.8,0.333333333,0.714285714,0,1,1,0.951219512
1,0.315068493,0.143188453,0.6,0,0,0.163265306,0.5,1,0.333333333,0.071428571,1,1,0,0.951219512
0,0.191780822,0.21438589,0.6,0,0,0.397959184,0.5,1,0,0.071428571,0.8,1,0,0.951219512
1,0.493150685,0.068810614,0.8,0,0,0.448979592,0.5,0.6,0.333333333,0.285714286,0,1,1,0.951219512
0,0.082191781,0.131142705,0.666666667,0,0,0.397959184,0.5,0.533333333,0.666666667,0.214285714,0.8,0.5,0,0.951219512
0,0.410958904,0.222903495,0.533333333,0,0,0.397959184,0.5,0.733333333,0.333333333,0.5,0,1,1,0.951219512
1,0.315068493,0.014695744,0.533333333,0,0,0.704081633,0.75,0.733333333,0.333333333,0.357142857,0,1,1,0.951219512
0,0.150684932,0.109168772,0.533333333,0,0,0.397959184,0.5,0.733333333,0.666666667,0.571428571,0.6,0.5,0,0
0,0.205479452,0.00484536,0.533333333,0,0,0.397959184,0.5,0.733333333,0.333333333,0.857142857,1,1,0,0.951219512
0,0.260273973,0.036457245,0.8,0,0,0.5,0.5,0.6,0.666666667,0.071428571,0.2,1,0,0.951219512
0,0.109589041,0.074958985,0.8,0,0,0.397959184,0.5,0.6,0.666666667,0.714285714,0.2,1,0,0.951219512
1,0.547945205,0.094542711,0.6,0,0,0.244897959,0.75,1,0.333333333,0.857142857,1,1,0,0.951219512
0,0.287671233,0.086047432,0.533333333,0,0,0.5,0.5,0.733333333,0.333333333,0.214285714,0,1,1,0.951219512
0,0.02739726,0.103086025,0.6,0,0,0.602040816,0.625,1,0.666666667,0.357142857,0.6,1,1,0.951219512
0,0.054794521,0.20247748,0.733333333,0,0,0.346938776,0.5,0.466666667,0.666666667,0.928571429,0.6,1,0,0.951219512
1,0.123287671,0.124043799,0.333333333,0,0,0.755102041,0.75,0,0.666666667,0.285714286,0.2,1,1,0.951219512
1,0.150684932,0.22061274,0.6,0,0,0.5,0.5,1,0.333333333,0.071428571,0,1,1,0.951219512
0,0.561643836,0.073624853,0.533333333,0,0,0.397959184,0.5,0.733333333,0.333333333,0.857142857,1,1,0,0.292682927
0,0.054794521,0.1399086,0.533333333,0,0,0.346938776,0.5,0.733333333,0.666666667,0.571428571,0.6,1,1,0.951219512
0,0.205479452,0.171402766,0.6,0,0,0.602040816,0.5,1,0.333333333,0.785714286,0,0.5,1,0.951219512
0,0.219178082,0.141336094,0.6,0,0,0.397959184,0.5,1,0.333333333,0.214285714,0,0.5,1,0.951219512
0,0.164383562,0.245833376,0.8,0,0,0.397959184,0.25,0.6,0.666666667,0.714285714,0.2,1,1,0.951219512
0,0.219178082,0.165025049,0.533333333,0,0,0.397959184,0.5,0.733333333,0.333333333,0.5,0,0.25,1,0.853658537
0,0.068493151,0.353654486,0.6,0,0,0.142857143,0.5,1,0.666666667,1,0.8,0.5,1,0.951219512
0,0.054794521,0.071988986,0.6,0,0,0.397959184,0.5,1,0.666666667,0.5,0.6,1,1,0.951219512
0,0.301369863,0.121261877,0.533333333,0,0,0.397959184,0.5,0.733333333,0,0.071428571,0.8,1,0,0.951219512
1,0.397260274,0.227955876,0.666666667,0,0.424242424,0.397959184,0.125,0.533333333,0.333333333,0.928571429,0,1,1,0.951219512
0,0.109589041,0.12229495,0.533333333,0,0,0.244897959,0.5,0.733333333,0.666666667,0.285714286,0.6,1,1,0.951219512
0,0.315068493,0.056112684,0.8,0,0,0.5,0.75,0.6,0.666666667,0.285714286,0.2,1,1,0.951219512
0,0.191780822,0.087633236,0.8,0,0,0.397959184,0.5,0.6,0.333333333,0.571428571,0,1,1,0
0,0.136986301,0.195530794,1,0,0,0.193877551,0.875,0.666666667,0.5,0.928571429,0.2,1,1,0
0,0.342465753,0.018235388,0.866666667,0,0,0.704081633,0.875,0.8,0.666666667,0.714285714,0.2,1,1,0.951219512
1,0.219178082,0.207491975,0.6,0,0,0.448979592,0.5,1,0.333333333,0.285714286,0,1,1,0.951219512
0,0.342465753,0.071961248,0.733333333,0,0,0.397959184,0.5,0.466666667,0.333333333,0.928571429,0,1,1,0.951219512
0,0.150684932,0.125578862,0.533333333,0,0,0.5,0.5,0.733333333,0.333333333,0.214285714,0,1,1,0.951219512
0,0.191780822,0.150260298,0.533333333,0,0,0.397959184,0.5,0.733333333,0,0.285714286,0.8,0.5,0,0.951219512
1,0.178082192,0.132437598,0.8,0,0,0.551020408,0.5,0.6,0.333333333,0.857142857,0,1,1,0.951219512
0,0.232876712,0.111931751,0.266666667,0,0,0.346938776,0.5,0.4,0.833333333,0.5,0.8,1,0,0.146341463
0,0.02739726,0.034931653,0.6,0,0,0.397959184,0.5,1,0.666666667,0.071428571,0.2,1,1,0.951219512
0,0.630136986,0.113059539,0.533333333,0.022900229,0,0.193877551,0.75,0.733333333,0.333333333,0.214285714,0,1,1,0.951219512
0,0.205479452,0.291764173,0.533333333,0,0,0.448979592,0.875,0.733333333,0.333333333,0.785714286,0,1,1,0.951219512
0,0.602739726,0.113324065,0.533333333,0,0,0.397959184,0.5,0.733333333,0.666666667,0.857142857,0.6,1,0,0.951219512
0,0.082191781,0.166985654,0.733333333,0,0,0.397959184,0.5,0.466666667,0.333333333,0.571428571,1,1,0,0.804878049
0,0.109589041,0.251009563,0.8,0,0,0.397959184,0.5,0.6,0.666666667,0.857142857,0.2,1,1,0.951219512
0,0.095890411,0.102998752,0.466666667,0,0,0.397959184,0.5,0.133333333,0.666666667,0.357142857,0.6,0.5,1,0.951219512
0,0.082191781,0.133048511,0.8,0,0,0.397959184,0.5,0.6,0.666666667,0.857142857,0.6,1,1,0.951219512
0,0.02739726,0.185472714,0.6,0.005940059,0,0.397959184,0.5,1,0.666666667,0.214285714,0.6,1,1,0.951219512
1,0.397260274,0.245846906,0.466666667,0,0,0.346938776,0.25,0.133333333,0.333333333,0.571428571,0,1,1,0.951219512
0,0.328767123,0.152944798,0.133333333,0,0,0.397959184,0.5,0.266666667,0.333333333,0.357142857,0,1,1,0.634146341
0,0.068493151,0.051781492,0.6,0,0,0.397959184,0.5,1,0.666666667,0.071428571,0.2,1,1,0.951219512
0,0.493150685,0.13781404,0.6,0,0,0.346938776,0.25,1,0.333333333,0.571428571,0,1,1,0.951219512
0,0.315068493,0.461755006,0.6,0,0,0.397959184,0.5,1,0.666666667,0.214285714,0.2,1,1,0.951219512
0,0.068493151,0.217591324,0.6,0,0,0.428571429,0.5,1,0.666666667,0.928571429,0.2,1,0,0.951219512
0,0.397260274,0.005580757,0.866666667,0,0,0.193877551,0.5,0.8,0.333333333,0.571428571,0,1,1,0.951219512
0,0.369863014,0.20979829,0.4,0,0,0.295918367,0.5,0.066666667,0.833333333,0.571428571,0.8,0.5,0,0.951219512
0,0.068493151,0.100954932,0.6,0,0,0.397959184,0.5,1,0.666666667,0.714285714,0.6,1,1,0.951219512
0,0.712328767,0.093575263,0.533333333,0,0,0.346938776,0.5,0.733333333,0.333333333,0.857142857,0,1,1,0.951219512
0,0.479452055,0.078874783,0.2,0,0,0.642857143,0.5,0.333333333,0,0.5,0.2,1,0,0.951219512
0,0.561643836,0.056524695,0.6,0,0,0.357142857,0.5,1,0.333333333,0.928571429,0,1,1,0.951219512
1,0.356164384,0.190120525,0.8,0,0.433195592,0.397959184,0.5,0.6,0.333333333,0.857142857,0,1,1,0.951219512
0,0.191780822,0.165342345,0.733333333,0,0,0.397959184,0.5,0.466666667,0.666666667,0.285714286,0.4,1,0,0.951219512
0,0.054794521,0.128080697,0.533333333,0.021760218,0,0.397959184,0.5,0.733333333,0.666666667,0.5,0.6,1,1,0.951219512
0,0.082191781,0.015795794,0.6,0,0,0.397959184,0.5,1,0.666666667,0.857142857,0.2,1,1,0.951219512
1,0.383561644,0.028288056,0.533333333,0,0,0.448979592,0.5,0.733333333,0.333333333,0.285714286,0,1,1,0.951219512
0,0.123287671,0.018135937,0.6,0.040640406,0,0.5,0.5,1,0.333333333,0.285714286,0,1,1,0.951219512
0,0.561643836,0.134808185,0.466666667,0,0,0.520408163,0.75,0.133333333,0,0.857142857,0.2,1,0,0.951219512
1,0.301369863,0.097835419,0.533333333,0,0.518365473,0.418367347,0.5,0.733333333,0.666666667,0.214285714,0.6,1,1,0.951219512
0,0.191780822,0.297310426,0.533333333,0,0,0.5,0.5,0.733333333,0.666666667,0.214285714,0.2,1,1,0.951219512
0,0.369863014,0.10944074,0.6,0,0,0.346938776,0.5,1,0.666666667,0.571428571,0.2,1,1,0.951219512
0,0.356164384,0.10944074,0.8,0,0,0.479591837,0.5,0.6,0.333333333,0.214285714,0,1,1,0.951219512
0,0.136986301,0.149174455,0.6,0,0,0.397959184,0.5,1,0.666666667,0.857142857,0.6,1,0,0.951219512
0,0.136986301,0.017125866,0.6,0,0,0.234693878,0.5,1,0.666666667,0.571428571,0.2,1,1,0.951219512
0,0.260273973,0.118314204,0.733333333,0,0,0.397959184,0.5,0.466666667,0.333333333,0.857142857,1,1,0,0.951219512
1,0.260273973,0.236519486,0.533333333,0,0,0.448979592,0.5,0.733333333,0.333333333,1,0,1,1,0.951219512
1,0.136986301,0.215035366,0.8,0,0,0.397959184,0.5,0.6,0.333333333,0.928571429,1,1,0,0.951219512
0,0.575342466,0.168660084,0.8,0,0,0.397959184,0.875,0.6,0.666666667,0.285714286,0.2,0.5,0,0.682926829
0,0.082191781,0.165978966,0.8,0,0,0.448979592,0.5,0.6,0.666666667,0.857142857,0.2,1,0,0.951219512
0,0.356164384,0.121424923,0.533333333,0,0,0.346938776,0.5,0.733333333,0,0.928571429,0.8,0.5,0,0.951219512
0,0.02739726,0.246528856,0.6,0.020360204,0,0.295918367,0.5,1,0.666666667,0.571428571,0.8,0.5,0,0.951219512
0,0.109589041,0.062464017,0.4,0,0,0.397959184,0,0.066666667,0.666666667,0,0.8,1,0,0.951219512
0,0.479452055,0.090063358,0.333333333,0,0,0.479591837,0.5,0,0.333333333,0.5,0,1,1,0.951219512
0,0.164383562,0.176190621,0.333333333,0,0,0.295918367,0.5,0,0,0.571428571,0.2,1,0,0.951219512
0,0.534246575,0.146694269,0.6,0,0,0.316326531,0.5,1,0.666666667,0.571428571,0.2,1,1,0.951219512
0,0.082191781,0.064459802,0.533333333,0,0,0.234693878,0.5,0.733333333,0.666666667,0.857142857,0.2,1,0,0.951219512
0,0.01369863,0.1719785,0.6,0,0,0.5,0.5,1,0.666666667,0.285714286,0.2,1,1,0.951219512
0,0.301369863,0.067121976,0.8,0,0,0.397959184,0.5,0.6,0.666666667,0.285714286,0.2,1,0,0.951219512
0,0.561643836,0.092271576,0.533333333,0,0,0.091836735,0,0.733333333,0.333333333,0,0,1,1,0.951219512
0,0.123287671,0.103662435,0.533333333,0,0,0.397959184,0.5,0.733333333,0,0.214285714,0.8,1,1,0.951219512
0,0.246575342,0.113180639,0.533333333,0,0,0.448979592,0.5,0.733333333,0.333333333,0.071428571,0,1,1,0.951219512
0,0.273972603,0.24307378,0.6,0,0,0.397959184,0.5,1,0.833333333,0.5,0.2,0.5,1,0.951219512
1,0.369863014,0.109330465,0.2,0,0,0.806122449,0.5,0.333333333,0.333333333,1,0,1,1,0.951219512
0,0.547945205,0.161413692,0.533333333,0,0,0.397959184,0.125,0.733333333,0.333333333,1,0,1,1,0.951219512
1,0.424657534,0.074270946,0.533333333,0,0,0.346938776,0.875,0.733333333,0.333333333,0.071428571,0,1,1,0.951219512
0,0.232876712,0.226559503,0.6,0,0,0.397959184,0.5,1,0.333333333,0.071428571,0,1,1,0.951219512
0,0.191780822,0.184426787,0.8,0,0,0.408163265,0.5,0.6,1,0.857142857,0.8,1,0,0.951219512
0,0,0.081971971,0.266666667,0,0,0.255102041,0.5,0.4,0.666666667,0.571428571,0.6,0.5,1,0.951219512
0,0.561643836,0.08664955,0.533333333,0,0,0.357142857,0.5,0.733333333,0,0.857142857,0.2,1,1,0.951219512
0,0.465753425,0.025826137,0.866666667,0,0.399449036,0.397959184,0.5,0.8,0.333333333,0.714285714,0,1,1,0.951219512
0,0.02739726,0.212969897,0.6,0,0,0.397959184,0.5,1,0.666666667,0.071428571,0.6,1,0,0.951219512
1,0.465753425,0.152454308,0.533333333,0.07298073,0,0.5,0.5,0.733333333,0.333333333,0.928571429,0,1,1,0.951219512
0,0.342465753,0.146155746,0.2,0,0,0.397959184,0.25,0.333333333,0,0.571428571,0.2,1,1,0.951219512
1,0.410958904,0.090216932,0.533333333,0,0,0.397959184,0.5,0.733333333,0.333333333,0.5,0,1,1,0.951219512
0,0.095890411,0.212465877,0.8,0,0,0.193877551,0.5,0.6,0.666666667,0.714285714,0.6,1,1,0.951219512
0,0.164383562,0.157712357,0.4,0,0,0.704081633,0.5,0.066666667,0,0.571428571,0.2,1,0,0.951219512
0,0.328767123,0.070500604,0.6,0,0,0.520408163,0.5,1,0,0.857142857,0.2,1,1,0.951219512
0,0,0.095002757,0.333333333,0,0,0.142857143,0.5,0,0.666666667,0.857142857,0.6,1,0,0.951219512
0,0.205479452,0.0122778,0.8,0,0,0.724489796,0.5,0.6,0.666666667,0.928571429,0.4,1,0,0.951219512
0,0.315068493,0.011660121,0.533333333,0,0,0.653061224,0.625,0.733333333,0.666666667,0.571428571,0.2,1,0,0.951219512
0,0.164383562,0.214557731,0.533333333,0,0,0.397959184,0.25,0.733333333,0.666666667,0.785714286,0.2,1,1,0.951219512
0,0.123287671,0.110112542,0.6,0,0,0.397959184,0.875,1,0.666666667,0.785714286,0.6,1,1,0.951219512
0,0.123287671,0.153586155,0.8,0,0,0.5,0.5,0.6,0.333333333,0.714285714,0,1,1,0
0,0.452054795,0.057080809,0.8,0,0,0.397959184,0.125,0.6,0,0.714285714,0.8,0.5,0,0.951219512
0,0.04109589,0.205680208,0.6,0,0,0.397959184,0,1,0.666666667,0,0.6,1,1,0.951219512
0,0.520547945,0.120185507,0.2,0,0,0.5,0.75,0.333333333,0.333333333,0.357142857,0,1,1,0.951219512
0,0.219178082,0.162406173,0.6,0,0,0.397959184,0.5,1,0.666666667,0.071428571,0.2,1,0,0.951219512
1,0.136986301,0.120586017,0.533333333,0,0,0.5,0.5,0.733333333,0.666666667,0.857142857,0.2,1,1,0.951219512
0,0.465753425,0.010319901,0.6,0,0,0.602040816,0.5,1,0.333333333,1,0,1,1,0.951219512
0,0.465753425,0.060507471,0.2,0.039080391,0,0.469387755,0.5,0.333333333,0.333333333,0.285714286,0,0,1,0.951219512
0,0.260273973,0.134323107,0.866666667,0,0,0.295918367,0.875,0.8,0.666666667,0.714285714,0.6,1,0,0.951219512
0,0.287671233,0.293866851,0.266666667,0,0,0.397959184,0.5,0.4,0.5,0.428571429,0.2,1,1,0.634146341
0,0.219178082,0.102849914,0.4,0,0,0.295918367,0.5,0.066666667,0.833333333,0.285714286,0.8,1,0,0.951219512
1,0.273972603,0.127249233,0.8,0,0.436639118,0.397959184,0.5,0.6,0.333333333,0.857142857,0,1,1,0.951219512
0,0.054794521,0.256425921,0.533333333,0,0,0.295918367,0.5,0.733333333,0.666666667,0.571428571,0.2,0.5,0,0.951219512
0,0.082191781,0.159288012,0.533333333,0,0,0.397959184,0.25,0.733333333,0,0.071428571,0.6,1,0,0.12195122
0,0.082191781,0.179870984,0.8,0,0,0.397959184,0.875,0.6,0.666666667,0.071428571,0.6,1,1,0.951219512
1,0.191780822,0.129737537,0.533333333,0,0,0.397959184,0.75,0.733333333,0.333333333,0.214285714,0,1,1,0.951219512
0,0.205479452,0.12576694,0.8,0,0,0.448979592,0.5,0.6,0.666666667,0.285714286,0.2,1,0,0.951219512
1,0.438356164,0.173159057,0.533333333,0,0,0.397959184,0.25,0.733333333,0.333333333,0.785714286,0,1,1,0.951219512
0,0.150684932,0.13715374,0.533333333,0,0,0.5,0.5,0.733333333,0.333333333,1,0,1,1,0.951219512
0,0.246575342,0.109746535,0.6,0,0,0.397959184,0.5,1,0,0.5,0.2,1,0,0.951219512
1,0.246575342,0.126557812,0.933333333,0,0.453856749,0.806122449,0.5,0.933333333,0.333333333,0.714285714,0,1,1,0.951219512
1,0.657534247,0.095986442,0.733333333,0.200512005,0,0.193877551,0.5,0.466666667,0.333333333,0.071428571,0,1,1,0
1,0.328767123,0.111642193,0.733333333,0,0,0.602040816,0.5,0.466666667,0.333333333,0.214285714,0,1,1,0.951219512
0,0.561643836,0.128790385,0.533333333,0,0,0.397959184,0.5,0.733333333,0.833333333,0.571428571,0.8,1,0,0.146341463
0,0.205479452,0.102983868,0.533333333,0,0,0.397959184,0.5,0.733333333,0.666666667,0.428571429,0.2,1,1,0.097560976
0,0.150684932,0.144720133,0.533333333,0,0,0.397959184,0.75,0.733333333,0,0.285714286,0.2,1,0,0.951219512
1,0.643835616,0.056687741,0.666666667,0,0,0.397959184,0.25,0.533333333,0.333333333,0.285714286,0,1,1,0.951219512
0,0.068493151,0.229411108,0.666666667,0,0,0.397959184,0.5,0.533333333,0.666666667,0.071428571,0.2,1,0,0.951219512
0,0.726027397,0.051655656,0.533333333,0,0,0.071428571,0,0.733333333,0.333333333,0,1,1,0,0.951219512
0,0.328767123,0.057500262,0.666666667,0,0,0.091836735,0.75,0.533333333,0,0.571428571,0.8,1,0,0.951219512
1,0.479452055,0.186770312,0.8,1,0,0.479591837,0.5,0.6,0.333333333,0.857142857,0,1,1,0.951219512
0,0.123287671,0.121173251,0.533333333,0,0.316804408,0.397959184,0.5,0.733333333,0.666666667,0.071428571,0.8,0.5,1,0.951219512
0,0.136986301,0.059456132,0.2,0,0,0.397959184,0.5,0.333333333,0.333333333,0.571428571,1,1,0,0.951219512
0,0.082191781,0.102366866,0.8,0,0,0.397959184,0.5,0.6,0.333333333,0.857142857,0,1,1,0.951219512
0,0.136986301,0.159274481,0.533333333,0,0,0.397959184,0.5,0.733333333,0.333333333,0.071428571,1,1,0,0.951219512
0,0.150684932,0.029141846,0.533333333,0,0,0.397959184,0.5,0.733333333,0.666666667,0.857142857,0.4,0.5,1,0.951219512
0,0.424657534,0.261520924,0.6,0,0,0.346938776,0.5,1,0.833333333,0.857142857,0.8,0.5,0,0.951219512
0,0.054794521,0.050247782,0.6,0,0,0.295918367,0.5,1,0.666666667,0.857142857,0.4,0.75,0,0.951219512
1,0.575342466,0.007782886,0.533333333,0,0,0.397959184,0.125,0.733333333,0.333333333,0.857142857,1,1,0,0.951219512
0,0.342465753,0.12738454,0.6,0,0,0.397959184,0.5,1,0.333333333,0.857142857,0,1,1,0.951219512
0,0.02739726,0.251233497,0.533333333,0,0,0.193877551,0.5,0.733333333,0.666666667,0.571428571,0.6,1,1,0.951219512
0,0.287671233,0.209630509,0.8,0,0,0.091836735,0.75,0.6,0.333333333,0.571428571,0,1,1,0.951219512
0,0.246575342,0.118624058,0.6,0,0,0.653061224,0.5,1,0.666666667,0.571428571,0.2,1,0,0.951219512
1,0.232876712,0.151934051,0.533333333,0,0,0.397959184,0.5,0.733333333,0.333333333,0.928571429,0,1,1,0.951219512
0,0.465753425,0.054737284,0.533333333,0,0,0.397959184,0.5,0.733333333,0,0.714285714,0.2,1,0,0.951219512
0,0.534246575,0.044936964,0.266666667,0.045080451,0,0.275510204,0.5,0.4,0.333333333,0.571428571,1,1,0,0.951219512
0,0.356164384,0.168237925,0.8,0,0,0.5,0.875,0.6,0.333333333,0.714285714,0,1,1,0.951219512
0,0.054794521,0.167760289,0.533333333,0,0,0.397959184,0.5,0.733333333,0.666666667,0.214285714,0.2,1,1,0.951219512
0,0.602739726,0.136008362,0.6,0,0.383838384,0.397959184,0.5,1,0.333333333,0.285714286,0,1,1,0.951219512
1,0.246575342,0.200701569,0.533333333,0,0,0.397959184,0.25,0.733333333,0.333333333,0.214285714,0,1,1,0.951219512
0,0.520547945,0.106812393,0.8,0,0,0.244897959,0.75,0.6,0.333333333,0.285714286,1,1,0,0.951219512
1,0.205479452,0.070510752,0.6,0,0,0.5,0.75,1,0.333333333,0.357142857,0,1,1,0.951219512
0,0.191780822,0.012854886,0.666666667,0,0,0.397959184,0.5,0.533333333,0,0.214285714,0.2,1,1,0.951219512
0,0.191780822,0.220023476,0.933333333,0,0,0.397959184,0.5,0.933333333,0.333333333,0.714285714,0,0.25,1,0.585365854
0,0.246575342,0.235744851,0.8,0,0,0.551020408,0.5,0.6,0.666666667,0.071428571,0.2,0.5,1,0.951219512
0,0.369863014,0.109505688,0.6,0,0,0.397959184,0,1,0.333333333,0,0,1,1,0.951219512
0,0.219178082,0.233680059,0.866666667,0,0,0.397959184,0.875,0.8,0.333333333,0.785714286,0,0.5,1,0.951219512
0,0.246575342,0.067213985,0.533333333,0,0,0.397959184,0.5,0.733333333,0.333333333,0.571428571,0,1,1,0.951219512
0,0.534246575,0.172840408,0.533333333,0,0,0.397959184,0.625,0.733333333,0.333333333,0.285714286,0,1,1,0
0,0.219178082,0.246393549,0.6,0,0,0.397959184,0.5,1,0,0.071428571,0.2,0.5,0,0.951219512
0,0.260273973,0.207485209,0.6,0,0,0.653061224,0.25,1,0,0.071428571,0.8,1,0,0.951219512
0,0.328767123,0.024837039,0.533333333,0,0,0.397959184,0.875,0.733333333,0.333333333,1,0,0.5,1,0.951219512
1,0.561643836,0.091206029,0.933333333,0.150241502,0,0.602040816,0.5,0.933333333,0.333333333,0.714285714,0,1,1,0.951219512
1,0.493150685,0.102843148,0.8,0,0.433195592,0.653061224,0.5,0.6,0.333333333,0.071428571,0,1,1,0.951219512
0,0.383561644,0.044298989,0.733333333,0,0,0.397959184,0.5,0.466666667,0.333333333,0.214285714,0,1,1,0.951219512
0,0.178082192,0.22913914,0.533333333,0,0,0.397959184,0.5,0.733333333,0.333333333,0.214285714,0,0.25,1,0.609756098
1,0.219178082,0.218155556,0.6,0,0,0.5,0.75,1,0.333333333,0.214285714,0,1,1,0.951219512
1,0.383561644,0.165321372,0.8,0,0,0.448979592,0,0.6,0.333333333,0,0,0.5,1,0.951219512
1,0.424657534,0.24756937,0.8,0,0,0.602040816,0.25,0.6,0.333333333,0.285714286,0,1,1,0.634146341
0,0.424657534,0.011601262,0.6,0,0,0.551020408,0.5,1,0,0.857142857,0.8,1,0,0.951219512
0,0.821917808,0.075551632,0.533333333,0,0,0.316326531,0.5,0.733333333,1,0.071428571,0.2,1,0,0.951219512
0,0.273972603,0.138140808,0.333333333,0,0,0.295918367,0.75,0,0.333333333,0.214285714,0,1,1,0.951219512
0,0.232876712,0.067354705,0.8,0.033250333,0,0.397959184,0.875,0.6,0.666666667,0.071428571,0.2,0.5,0,0.951219512
0,0.356164384,0.119074632,0.066666667,0,0,0.397959184,0.5,0.2,0.666666667,0.857142857,0.6,1,1,0.951219512
0,0.643835616,0.045044533,0.533333333,0,0,0.397959184,0.25,0.733333333,0,0.071428571,0.2,1,0,0.951219512
0,0.273972603,0.01494674,0.6,0,0,0.346938776,0.5,1,0.333333333,0.214285714,0,1,1,0.951219512
0,0.328767123,0.109191098,0.866666667,0,0,0.397959184,0.5,0.8,0.333333333,0.5,0,1,1,0.951219512
0,0.02739726,0.159963873,0.6,0,0,0.295918367,0.5,1,0.666666667,0.785714286,0.6,1,1,0.951219512
1,0.506849315,0.276890499,0.866666667,0,0,0.448979592,0.5,0.8,0.333333333,0.285714286,0,1,1,0.951219512
0,0.068493151,0.119063131,0.533333333,0,0,0.397959184,0.5,0.733333333,0.666666667,1,0.6,1,1,0.951219512
1,0.383561644,0.208734097,0.533333333,0,0,0.806122449,0.125,0.733333333,0.333333333,0.071428571,0,0.5,1,0.951219512
0,0.342465753,0.09256181,0.733333333,0,0,0.448979592,0.5,0.466666667,0.666666667,0.285714286,0.2,1,1,0.951219512
1,0.506849315,0.087558816,0.866666667,0,0,0.397959184,0.5,0.8,0.333333333,0.714285714,0,0.5,1,0.951219512
0,0.109589041,0.165301753,0.8,0,0,0.397959184,0.5,0.6,0.833333333,0.285714286,0.2,1,1,0.951219512
0,0.657534247,0.0273612,0.6,0,0,0.397959184,0,1,0.333333333,0,0,1,1,0.951219512
0,0.452054795,0.128269451,0.866666667,0,0,0.295918367,0.5,0.8,0.333333333,0.5,0,1,1,0.951219512
0,0.123287671,0.233972999,0.533333333,0,0,0.397959184,0.5,0.733333333,0.666666667,0.571428571,0.4,0.5,0,0.951219512
0,0,0.014703863,0.4,0,0,0.193877551,0.5,0.066666667,0.666666667,0.571428571,0.6,1,1,0.951219512
0,0.260273973,0.093056359,0.533333333,0,0,0.397959184,0.5,0.733333333,0.333333333,0.285714286,1,1,0,0.951219512
0,0.438356164,0.178308183,0.6,0,0,0.602040816,0.75,1,0.333333333,0.285714286,0,1,1,0.951219512
0,0.273972603,0.086190181,0.533333333,0,0,0.448979592,0.5,0.733333333,0,0.5,0.2,1,1,0.951219512
0,0.369863014,0.197098331,0.4,0,0,0.397959184,0.5,0.066666667,0,0.214285714,0.2,1,1,0.951219512
0,0.123287671,0.085414193,0.4,0,0,0.5,0.5,0.066666667,0.666666667,0.285714286,0.2,0.5,1,0.951219512
0,0.068493151,0.121552789,0.666666667,0,0,0.448979592,0.5,0.533333333,0.666666667,0.857142857,0.6,1,1,0.951219512
0,0.383561644,0.067243753,0.6,0,0,0.295918367,0.75,1,0,0.214285714,0.2,1,1,0.951219512
0,0.684931507,0.064171597,0.6,0,0,0.397959184,0.75,1,0.333333333,0.857142857,0,1,1,0.951219512
0,0.753424658,0.062041857,0.866666667,0,0,0.112244898,0.5,0.8,0.333333333,0.571428571,0,1,1,0.951219512
0,0.136986301,0.163403389,0.533333333,0,0,0.37755102,0.5,0.733333333,0.666666667,0.071428571,0.2,1,1,0.951219512
0,0.205479452,0.430005108,0.533333333,0,0,0.397959184,0,0.733333333,0.333333333,0,0,1,1,0
0,0.273972603,0.101852021,0.6,0,0,0.397959184,0.5,1,0.666666667,0.214285714,0.2,1,1,0.951219512
0,0.136986301,0.133518705,0.6,0,0,0.397959184,0.5,1,0.666666667,0.714285714,0.2,1,1,0.951219512
0,0.260273973,0.067797161,0.8,0,0.43067034,0.43877551,0.875,0.6,0,0.714285714,0.2,1,1,0.951219512
0,0.054794521,0.137170653,0.4,0,0,0.397959184,0.5,0.066666667,0.666666667,0.428571429,0.6,1,1,0.951219512
0,0.287671233,0.204063283,0.8,0,0,0.448979592,0.5,0.6,0.833333333,0.357142857,0.8,1,0,0.951219512
0,0.082191781,0.133022803,0.8,0,0,0.295918367,0.5,0.6,0.666666667,0.571428571,0.2,1,0,0.951219512
0,0.342465753,0.112069765,0.8,0,0,0.448979592,0.75,0.6,0.5,0.285714286,0.2,1,1,0.756097561
0,0.410958904,0.107275144,0.8,0,0,0.479591837,0.5,0.6,0.333333333,0.928571429,0,1,1,0.951219512
0,0.150684932,0.125043045,0.533333333,0,0,0.5,0.5,0.733333333,0.666666667,0.5,0.6,0.75,1,0.804878049
1,0.561643836,0.13016105,0.8,0,0,0.397959184,0.5,0.6,0.333333333,0.928571429,1,1,0,0.951219512
0,0.342465753,0.151425972,0.133333333,0,0,0.397959184,0.5,0.266666667,0.5,0.214285714,0.2,1,1,0.804878049
0,0.479452055,0.228139894,0.6,0,0,0.448979592,0.5,1,0.666666667,0.071428571,0.8,1,1,0.951219512
1,0.123287671,0.211464602,0.8,0,0,0.397959184,0.5,0.6,0.666666667,0.714285714,0.2,1,0,0.951219512
0,0.424657534,0.152948181,0.8,0,0,0.397959184,0.5,0.6,0.833333333,0.071428571,0.8,0.25,0,0.731707317
0,0.150684932,0.013293959,0.6,0,0,0.397959184,0.5,1,0,0.071428571,0.2,1,0,0.951219512
0,0.808219178,0.203106659,0.133333333,0,0,0.397959184,0,0.266666667,1,0,0.8,1,0,0.951219512
0,0.410958904,0.23618257,0.333333333,0.040640406,0,0.397959184,0.5,0,0.333333333,0.5,0,1,1,0.536585366
0,0.164383562,0.119334423,0.6,0,0,0.397959184,0,1,0,0,0.6,0.5,1,0.951219512
0,0.150684932,0.268035978,0.466666667,0,0,0.397959184,0.5,0.133333333,0.666666667,0.857142857,0.2,0.5,1,0.951219512
0,0.602739726,0.095231427,0.533333333,0,0,0.346938776,0.5,0.733333333,1,0.857142857,0.2,1,0,0.951219512
1,0.191780822,0.300186386,0.6,0,0,0.653061224,0.625,1,0.666666667,0.285714286,0.2,1,1,0.951219512
0,0.328767123,0.143188453,0.733333333,0,0,0.37755102,0.5,0.466666667,0,0.071428571,0.8,1,0,0.951219512
0,0.068493151,0.127069951,0.533333333,0.045080451,0,0.397959184,0.5,0.733333333,0.333333333,0.642857143,1,1,0,0.951219512
0,0.438356164,0.100047696,0.666666667,0,0,0.397959184,0.5,0.533333333,0.333333333,0.071428571,0,1,1,0.951219512
0,0.068493151,0.025928294,0.6,0,0,0.397959184,0.5,1,0.666666667,0.571428571,0.2,1,0,0.951219512
0,0.301369863,0.133497055,0.533333333,0,0,0.5,0.125,0.733333333,0.333333333,0.071428571,0,1,1,0.951219512
0,0.767123288,0.064821073,0.533333333,0,0,0.316326531,0.5,0.733333333,0,0.071428571,0.2,1,0,0.951219512
0,0.602739726,0.15987254,0.066666667,0,0,0.397959184,0.25,0.2,0.333333333,0.571428571,0,1,1,0.634146341
0,0.424657534,0.13828694,0.533333333,0,0,0.397959184,0.25,0.733333333,0.333333333,0.214285714,0,1,1,0.951219512
0,0.260273973,0.048159988,0.533333333,0,0,0.193877551,0.5,0.733333333,1,0.571428571,0.8,0.25,0,0.951219512
1,0.342465753,0.008589995,0.6,0.076880769,0,0.397959184,0.5,1,0.333333333,0.214285714,0,1,1,0.951219512
1,0.287671233,0.062238053,1,0,0,0.551020408,0.875,0.666666667,0.333333333,0.714285714,0,1,1,0.951219512
0,0.356164384,0.154172713,0.8,0,0,0.5,0.75,0.6,0.333333333,0.285714286,0,1,1,0.268292683
0,0.520547945,0.15014258,0.533333333,0,0,0.602040816,0.5,0.733333333,0.333333333,1,0,1,1,0.951219512
0,0.589041096,0.08675306,0.6,0,0,0.397959184,0.5,1,1,0.285714286,0.2,1,0,0.951219512
0,0.04109589,0.197407509,0.4,0,0,0.193877551,0,0.066666667,0.666666667,0,0.6,0.5,0,0.951219512
0,0.109589041,0.100235773,0.533333333,0,0,0.397959184,0.5,0.733333333,0,0.214285714,0.2,1,1,0.951219512
0,0.630136986,0.119496115,0.533333333,0,0,0.397959184,0.5,0.733333333,1,0.5,0.4,0.5,0,0.341463415
1,0.328767123,0.060420197,0.8,0,0,0.602040816,0.5,0.6,0.333333333,0.285714286,0,1,1,0.951219512
0,0.561643836,0.102065807,0.533333333,0,0,0.275510204,0.5,0.733333333,1,0.642857143,0.2,1,0,0.951219512
0,0.465753425,0.161829086,0.2,0,0,0.397959184,0.5,0.333333333,1,0.5,0.2,0,0,0.951219512
0,0.232876712,0.454450432,0.133333333,0,0,0.397959184,0.5,0.266666667,0.666666667,0.428571429,0.6,1,1,0.195121951
0,0.082191781,0.153771527,0.6,0,0,0.520408163,0.5,1,0.666666667,0.714285714,0.6,1,1,0.951219512
0,0.095890411,0.056625499,0.666666667,0,0,0.551020408,0.5,0.533333333,0.666666667,0.857142857,0.2,1,1,0.951219512
1,0.410958904,0.105524266,0.866666667,1,0,0.5,0.5,0.8,0.833333333,0.285714286,0.2,1,1,0.951219512
0,0.150684932,0.158775873,0.533333333,0,0,0.397959184,0.5,0.733333333,0.666666667,0.571428571,0.2,1,1,0.951219512
0,0.260273973,0.248551026,0.666666667,0,0,0.602040816,0.25,0.533333333,0,0.285714286,0.8,1,0,0.951219512
0,0.109589041,0.239582847,0.533333333,0,0,0.397959184,0.5,0.733333333,0.666666667,0.071428571,0.6,1,0,0.951219512
0,0.136986301,0.062720424,0.533333333,0,0,0.397959184,0.5,0.733333333,0.666666667,0.857142857,0.6,0.5,1,0.951219512
0,0.164383562,0.056274376,0.533333333,0,0,0.397959184,0.5,0.733333333,0.333333333,0.571428571,0,1,1,0.951219512
0,0.01369863,0.04868904,0.4,0,0,0.234693878,0.5,0.066666667,0.666666667,0.571428571,0.6,1,0,0.951219512
0,0.671232877,0.100607869,0.333333333,0.010860109,0,0.193877551,0,0,0,0,0.2,1,0,0.951219512
0,0.04109589,0.241789712,0.533333333,0,0,0.428571429,0,0.733333333,0.666666667,0,0.2,0.75,1,0.951219512
1,0.246575342,0.143579491,0.866666667,0,0,0.551020408,0.5,0.8,0.333333333,0.857142857,0,1,1,0.951219512
1,0.438356164,0.123909168,0.733333333,0,0,0.602040816,0.125,0.466666667,0.333333333,0.071428571,0,1,1,0.951219512
0,0.01369863,0.139241534,0.4,0,0,0.244897959,0.5,0.066666667,0.666666667,0.857142857,0.6,1,0,0.951219512
0,0.068493151,0.225138775,0.333333333,0,0,0.397959184,0.5,0,0.666666667,0.571428571,0.8,0.5,0,0.951219512
0,0.301369863,0.121000058,0.6,0,0,0.397959184,0.5,1,0.666666667,0.214285714,0.6,1,1,0.951219512
0,0.410958904,0.054928744,0.8,0,0,0.704081633,0.25,0.6,0.833333333,0.714285714,0.2,1,0,0.951219512
1,0.164383562,0.149435599,0.8,0,0,0.459183673,0.5,0.6,0.333333333,0.714285714,1,1,0,0.951219512
0,0.136986301,0.255344138,0.6,0,0,0.397959184,0.5,1,0.666666667,0.857142857,0.2,1,1,0.951219512
1,0.191780822,0.068646215,0.533333333,0,0,0.397959184,0.625,0.733333333,0.333333333,0.285714286,0,1,1,0.951219512
0,0.054794521,0.156710405,0.533333333,0,0,0.397959184,0.5,0.733333333,0.666666667,0.571428571,0.6,1,1,0.951219512
0,0.123287671,0.017554115,0.8,0,0,0.5,0.5,0.6,0.666666667,0.714285714,0.2,1,1,0.951219512
0,0.136986301,0.083052401,0.6,0,0,0.397959184,0,1,0.666666667,0,0.8,1,0,0.951219512
0,0.04109589,0.0980032,0.6,0,0.518365473,0.091836735,0.75,1,0.666666667,0.357142857,0.6,1,1,0.951219512
0,0.109589041,0.029141846,0.533333333,0,0,0.397959184,0.5,0.733333333,0.666666667,0.071428571,0.8,0.5,1,0.951219512
0,0.534246575,0.157138653,0.333333333,0,0,0.397959184,0.5,0,1,0.5,0.8,0.5,0,0.951219512
0,0.232876712,0.075964319,0.6,0,0,0.397959184,0.5,1,0,0.071428571,0.2,1,0,0.951219512
0,0.753424658,0.098522781,0.8,0,0,0.163265306,0.5,0.6,0.333333333,0.785714286,0,1,1,0.951219512
0,0.205479452,0.068704397,0.6,0,0,0.397959184,0.5,1,0.333333333,0.428571429,0,1,1,0.951219512
0,0.109589041,0.281073529,0.333333333,0,0,0.397959184,0.5,0,0.333333333,0.285714286,0,1,1,0.951219512
0,0.054794521,0.015654398,0.6,0,0,0.244897959,0.5,1,0.666666667,0.857142857,0.6,1,0,0.951219512
1,0.369863014,0.03465089,0.8,0,0,0.602040816,0.625,0.6,0.333333333,0.857142857,0,1,1,0.292682927
1,0.369863014,0.293006295,0.6,0.076880769,0,0.397959184,0.25,1,0.333333333,0.5,0,1,1,0.951219512
1,0.178082192,0.118082152,0.533333333,0,0,0.397959184,0.5,0.733333333,0.333333333,0.785714286,0,1,1,0.951219512
0,0.410958904,0.190890425,0.666666667,0,0,0.397959184,0,0.533333333,0,0,0.2,1,0,0.951219512
1,0.410958904,0.121619766,0.2,0,0,0.551020408,0.75,0.333333333,0.333333333,0.285714286,0,1,1,0.951219512
0,0.082191781,0.204486119,0.533333333,0,0,0.397959184,0.5,0.733333333,0.333333333,0.857142857,0,1,1,0.951219512
0,0.493150685,0.20471073,0.6,0,0,0.397959184,0.125,1,0.833333333,0.071428571,0.2,0.5,0,0.951219512
0,0.178082192,0.099047097,0.533333333,0,0,0.397959184,0.5,0.733333333,0.333333333,0.5,0,1,1,0.951219512
0,0.219178082,0.435827388,0.666666667,0,0,0.5,0.75,0.533333333,0,0.928571429,0.8,0.5,1,0.951219512
0,0.191780822,0.071915243,0.6,0,0,0.397959184,0.625,1,0,0.285714286,0.2,1,0,0.951219512
0,0.191780822,0.084425772,0.8,0,0,0.397959184,0.5,0.6,0.333333333,0.785714286,0,1,1,0.951219512
0,0.438356164,0.091357574,0.666666667,0,0,0.397959184,0.5,0.533333333,0.333333333,0.5,1,1,0,0.707317073
1,0.328767123,0.093107776,0.8,0.076880769,0,0.5,0.5,0.6,0.333333333,0.857142857,0,1,1,0.951219512
1,0.205479452,0.072219009,0.533333333,0,0,0.397959184,0.875,0.733333333,0.333333333,1,0,1,1,0.951219512
1,0.369863014,0.128174736,0.8,0,0.554407713,0.5,0.75,0.6,0.333333333,0.285714286,0,1,1,0.951219512
0,0.082191781,0.230977292,0.533333333,0,0,0.397959184,0.5,0.733333333,0.666666667,0.357142857,0.6,1,1,0.951219512
0,0.671232877,0.246409109,1,0.032730327,0,0.397959184,0.25,0.666666667,0,0.714285714,0.2,1,0,0.951219512
1,0.520547945,0.091206029,0.533333333,0,0.561065197,0.602040816,0.625,0.733333333,0,0.285714286,0.8,1,1,0.951219512
0,0.260273973,0.205676148,0.8,0,0,0.397959184,0.5,0.6,0.666666667,0.928571429,0.6,1,1,0.951219512
0,0.561643836,0.127209994,0.533333333,0,0,0.602040816,0.75,0.733333333,0.333333333,0.857142857,0,1,1,0.951219512
1,0.616438356,0.15682271,1,0.150241502,0,0.5,0.5,0.666666667,0.333333333,0.714285714,0,1,1,0.951219512
0,0.383561644,0.076859378,0.533333333,0,0,0.397959184,0.5,0.733333333,0.5,0.214285714,0.2,1,1,0.756097561
0,0.273972603,0.167484262,0.666666667,0.034710347,0,0.397959184,0.5,0.533333333,0.333333333,0.071428571,0,1,1,0.951219512
0,0.328767123,0.110805993,0.533333333,0,0,0.397959184,0.5,0.733333333,0.833333333,0.5,0.8,1,0,0.951219512
0,0.095890411,0.069548039,0.533333333,0,0,0.397959184,0,0.733333333,0.333333333,0,0.4,1,1,0.951219512
1,0.438356164,0.116237911,0.8,0,0,0.5,0.5,0.6,0.333333333,0.857142857,0,1,1,0.951219512
0,0.301369863,0.139342338,0.6,0,0,0.367346939,0.875,1,0.833333333,0.714285714,0.8,0.5,0,0.951219512
1,0.684931507,0.215043484,0.866666667,0,0,0.479591837,0.625,0.8,0.333333333,0.857142857,0,1,1,0.951219512
0,0.205479452,0.166510048,0.6,0,0,0.724489796,0.5,1,0.666666667,0.214285714,0.8,1,1,0.634146341
0,0.02739726,0.01571055,0.6,0,0,0.448979592,0,1,0.666666667,0,0.6,1,0,0.951219512
0,0.397260274,0.131656874,0.8,0,0,0.244897959,0.5,0.6,1,0.071428571,0.2,1,0,0.951219512
1,0.452054795,0.014220138,0.533333333,0,0,0.397959184,0.5,0.733333333,0.333333333,0.214285714,0,1,1,0.951219512
0,0.369863014,0.308785852,0.533333333,0,0,0.397959184,0,0.733333333,0.333333333,0,0,0.5,1,0.951219512
0,0.328767123,0.132526224,0.866666667,0,0,0.551020408,0.25,0.8,0,0.714285714,0.8,1,0,0.951219512
0,0.164383562,0.014309441,0.533333333,0,0,0.418367347,0.5,0.733333333,0.666666667,0.857142857,0.8,1,0,0.951219512
0,0.232876712,0.088426137,0.8,0,0,0.397959184,0.5,0.6,0.333333333,0.714285714,0,1,1,0.951219512
1,0.452054795,0.107528846,0.8,0,0,0.397959184,0.5,0.6,0.333333333,0.285714286,0,0.25,1,0.731707317
1,0.520547945,0.192614242,0.933333333,0.150241502,0,0.397959184,0.875,0.933333333,0.333333333,0.714285714,0,1,1,0.951219512
0,0.178082192,0.074074074,0.8,0,0,0.397959184,0.5,0.6,0.333333333,0.357142857,0,1,1,0.951219512
0,0.123287671,0.208495279,0.533333333,0,0,0.397959184,0.5,0.733333333,0.666666667,0.571428571,0.2,0.5,1,0.951219512
1,0.369863014,0.21187526,0.8,0,0.436639118,0.5,0.5,0.6,0.333333333,0.285714286,0,1,1,0.951219512
1,0.123287671,0.012509852,0.8,0,0,0.397959184,0.5,0.6,0.333333333,0.857142857,0,1,1,0.951219512
0,0.328767123,0.014343945,0.6,0,0,0.37755102,0.125,1,0,0.071428571,0.4,0,0,0.951219512
0,0.246575342,0.159170971,0.6,0,0,0.5,0.5,1,0,0.928571429,0.2,1,1,0.951219512
0,0.547945205,0.00976311,0.8,0,0,0.448979592,0.5,0.6,0,0.214285714,0.2,1,1,0.951219512
1,0.410958904,0.122188734,0.8,0,0.436639118,0.448979592,0.625,0.6,0.333333333,0.285714286,0,1,1,0.951219512
0,0.465753425,0.022358883,0.6,0,0,0.704081633,0.125,1,0.333333333,0.785714286,0,0.25,1,0
0,0,0.161189082,0.4,0,0,0.071428571,0,0.066666667,0.666666667,0,0.6,0.5,1,0.951219512
0,0.150684932,0.068805201,0.533333333,0,0,0.397959184,0.5,0.733333333,0.333333333,0.5,1,1,0,0.951219512
0,0.04109589,0.244792185,0.4,0,0,0.397959184,0.5,0.066666667,0.666666667,0.857142857,0.6,1,0,0.951219512
0,0.452054795,0.110058419,0.333333333,0,0,1,0,0,0.333333333,0,0,1,1,0.951219512
1,0.301369863,0.058771476,1,0,0,0.5,0.875,0.666666667,0.333333333,0.714285714,0,1,1,0.951219512
0,0.068493151,0.056342707,0.6,0,0,0.214285714,0.5,1,0.5,0.857142857,0.6,0.75,0,0.146341463
0,0.465753425,0.290472663,0.533333333,0,0,0.397959184,0.5,0.733333333,0.333333333,0.928571429,0,1,1,0.951219512
0,0.150684932,0.219968676,0.933333333,0,0,0.806122449,0.5,0.933333333,0.666666667,0.714285714,0.2,1,1,0.951219512
1,0.424657534,0.026583858,0.8,0,0,0.602040816,0.625,0.6,0.333333333,0.285714286,0,1,1,0.951219512
1,0.438356164,0.124533612,0.6,0,0,0.459183673,0.5,1,0.333333333,0.285714286,0,1,1,0.951219512
0,0.164383562,0.079319268,0.8,0,0,0.397959184,0.5,0.6,0.666666667,0.714285714,0.2,1,0,0.951219512
0,0.082191781,0.088475525,0.533333333,0,0,0.397959184,0.5,0.733333333,0.666666667,0.857142857,0.6,1,1,0.951219512
1,0.260273973,0.223550942,1,0,0,0.448979592,0.75,0.666666667,0.333333333,0.714285714,0,1,1,0
0,0,0.185463919,0.333333333,0,0,0.244897959,0.5,0,0.666666667,0.428571429,0.6,1,1,0.951219512
0,0.082191781,0.125106639,0.8,0,0,0.397959184,0.5,0.6,0.666666667,0.714285714,0.2,1,0,0.951219512
0,0.342465753,0.232370959,0.6,0,0,0.397959184,0.875,1,0,0.928571429,0.2,1,1,0.951219512
0,0.273972603,0.471654777,0.533333333,0,0,0.397959184,0.5,0.733333333,0.833333333,0.214285714,0.4,0.5,1,0.951219512
0,0.410958904,0.09099495,0.666666667,0,0,0.397959184,0.125,0.533333333,0.333333333,0.071428571,0,1,1,0.951219512
0,0.356164384,0.227079084,0.533333333,0,0,0.295918367,0.5,0.733333333,0.833333333,0.857142857,0.2,1,0,0.951219512
0,0.287671233,0.153745818,0.533333333,0,0,0.397959184,0.875,0.733333333,0.333333333,0.5,0,0.25,1,0.731707317
0,0.150684932,0.177519341,0.866666667,0,0,0.5,0.5,0.8,0.666666667,0.714285714,0.2,1,1,0.951219512
0,0.424657534,0.092187685,0.733333333,0,0,0.5,0.5,0.466666667,0.333333333,0.5,0,1,1,0.951219512
1,0.219178082,0.241592163,0.6,0.051780518,0,0.397959184,0,1,0.333333333,0,1,1,0,0.951219512
0,0.178082192,0.196299341,0.533333333,0,0,0.397959184,0.5,0.733333333,0.666666667,0.5,0.2,1,1,0.951219512
0,0.082191781,0.063115522,0.6,0,0,0.255102041,0.5,1,0.666666667,0.642857143,0.2,1,0,0.951219512
0,0.095890411,0.082467196,0.866666667,0,0,0.397959184,0.25,0.8,0.666666667,0.714285714,0.6,1,0,0.951219512
0,0.205479452,0.07561455,0.533333333,0,0,0.5,0.625,0.733333333,0.333333333,0.857142857,0,1,1,0.951219512
0,0.273972603,0.046243357,0.8,0,0,0.295918367,0.5,0.6,0.333333333,0.571428571,0,0.25,1,0.073170732
1,0.315068493,0.056972563,0.8,0,0,0.5,0.5,0.6,0.333333333,0.285714286,0,1,1,0.951219512
0,0.095890411,0.1176742,0.4,0,0,0.346938776,0.5,0.066666667,0,0.857142857,0.8,1,0,0.951219512
0,0.205479452,0.033745683,0.8,0,0,0.397959184,0.75,0.6,0.333333333,0.285714286,0,0.5,1,0
0,0.438356164,0.011166925,0.6,0,0,0.397959184,0.5,1,0,0.571428571,0.2,1,0,0.951219512
0,0.082191781,0.085685485,0.533333333,0,0,0.020408163,0,0.733333333,0.333333333,0,0.6,1,0,0.951219512
1,0.287671233,0.035882864,0.933333333,0,0,0.397959184,0.5,0.933333333,0.333333333,0.714285714,0,1,1,0.951219512
0,0.246575342,0.159300866,0.533333333,0,0,0.397959184,0.5,0.733333333,1,0.571428571,0.8,0.5,1,0.951219512
1,0.369863014,0.109795246,0.866666667,0.076880769,0,0.397959184,0.25,0.8,0.333333333,0.714285714,0,1,1,0.951219512
0,0.410958904,0.124078979,0.533333333,0,0,0.397959184,0.5,0.733333333,0.333333333,0.071428571,1,1,0,0.951219512
1,0.328767123,0.177305555,0.6,0,0,0.806122449,0.5,1,0.833333333,0.857142857,0.2,1,1,0.951219512
0,0.575342466,0.245338827,0.533333333,0,0,0.397959184,0.5,0.733333333,0.833333333,0.857142857,0.8,0.5,0,0.951219512
0,0.219178082,0.258736296,0.333333333,0,0,0.397959184,0.5,0,0.666666667,0.428571429,0.8,0.5,1,0.951219512
0,0.04109589,0.103264631,0.533333333,0,0,0.397959184,0.5,0.733333333,0.666666667,0.214285714,0.6,1,1,0.951219512
1,0.424657534,0.078596726,0.533333333,0,0,0.418367347,0.5,0.733333333,0.333333333,0.214285714,0,1,1,0.951219512
0,0.136986301,0.143517927,0.6,0,0,0.397959184,0,1,0,0,0.6,1,1,0.951219512
0,0.02739726,0.180354709,0.6,0,0,0.153061224,0.5,1,0.666666667,0.428571429,0.6,1,1,0.951219512
0,0.136986301,0.03587204,0.533333333,0,0,0.5,0.75,0.733333333,0.333333333,0.357142857,0,1,1,0.951219512
0,0.602739726,0.0929312,0.4,0,0,0.397959184,0.5,0.066666667,1,0.5,0.2,1,0,0.951219512
0,0.671232877,0.198003538,0.533333333,0,0,0.244897959,0.5,0.733333333,1,0.642857143,0.8,1,0,0.951219512
0,0.150684932,0.126930584,0.8,0,0,0.193877551,0.5,0.6,0.666666667,0.071428571,0.2,1,0,0.951219512
0,0.465753425,0.0851862,0.733333333,0,0,0.397959184,0.75,0.466666667,0.666666667,0.357142857,0.6,1,0,0.951219512
0,0.04109589,0.180958856,0.4,0,0,0.244897959,0.5,0.066666667,0.666666667,0.214285714,0.2,0.5,1,0.951219512
1,0.424657534,0.028350298,0.933333333,0.150241502,0,0.397959184,0.625,0.933333333,0.333333333,0.714285714,0,1,1,0.951219512
0,0.150684932,0.091626159,0.6,0,0,0.479591837,0,1,0.666666667,0,0.2,0.25,1,0.463414634
0,0.164383562,0.012032217,0.8,0,0,0.397959184,0.5,0.6,0.333333333,0.285714286,0,1,1,0.951219512
0,0.424657534,0.186225023,0.6,0,0,0.397959184,0.5,1,0,0.714285714,0.8,1,0,0.951219512
1,0.493150685,0.062643299,0.533333333,0,0,0.397959184,0.5,0.733333333,0.333333333,0.928571429,0,1,1,0.951219512
0,0.561643836,0.196798625,0.533333333,0,0,0.397959184,0.25,0.733333333,0,0.214285714,0.2,1,1,0.951219512
1,0.369863014,0.108377224,0.8,0.076880769,0,0.397959184,0.5,0.6,0.333333333,0.714285714,0,1,1,0.951219512
0,0.534246575,0.113222584,0.533333333,0,0,0.448979592,0.5,0.733333333,0.666666667,0.714285714,0.2,1,0,0.951219512
0,0.02739726,0.18462163,0.6,0,0,0.173469388,0,1,0.666666667,0,0.6,1,1,0.951219512
0,0.630136986,0.022749921,0.533333333,0,0,0.397959184,0.5,0.733333333,1,0.571428571,0.4,1,0,0.951219512
0,0.054794521,0.167149376,0.533333333,0,0,0.397959184,0.5,0.733333333,0.666666667,0.571428571,0.4,0,1,0.634146341
0,0.02739726,0.214357476,0.4,0,0,0.397959184,0.5,0.066666667,0.833333333,0.571428571,0.6,1,0,0.951219512
0,0.301369863,0.041862778,0.466666667,0,0,0.397959184,0.5,0.133333333,0,0.857142857,0.2,1,0,0.951219512
0,0.410958904,0.158384835,0.533333333,0,0,0.397959184,0.5,0.733333333,0.333333333,0.071428571,0,1,1,0.634146341
1,0.232876712,0.09678408,0.533333333,0,0.424242424,0.5,0.5,0.733333333,0.333333333,0.214285714,0,1,1,0.951219512
0,0.068493151,0.075200509,0.6,0,0,0.479591837,0.75,1,0.666666667,0.214285714,0.2,1,1,0.951219512
0,0.315068493,0.158700101,0.8,0,0,0.071428571,0,0.6,1,0,0.2,1,0,0.951219512
1,0.342465753,0.227723147,0.8,0,0,0.448979592,0.625,0.6,0.333333333,0.285714286,0,1,1,0.951219512
1,0.383561644,0.073633648,0.933333333,0,0,0.5,0.625,0.933333333,0.666666667,0.214285714,0.2,1,1,0.951219512
0,0.205479452,0.130150902,0.533333333,0,0,0.448979592,0.5,0.733333333,0.666666667,1,0.6,1,1,0.951219512
0,0.02739726,0.244890959,0.466666667,0,0,0.193877551,0.5,0.133333333,0.666666667,0.428571429,0.6,1,1,0.951219512
1,0.493150685,0.112055557,0.8,0.07298073,0,0.397959184,0.5,0.6,0.333333333,0.071428571,0,1,1,0.951219512
0,0.109589041,0.143370441,0.4,0,0,0.397959184,0.5,0.066666667,0.333333333,0.214285714,0,0.75,1,0.951219512
0,0.04109589,0.129044087,0.533333333,0,0,0.551020408,0.5,0.733333333,0.666666667,0.357142857,0.2,1,1,0.951219512
0,0.164383562,0.076363476,0.6,0,0,0.357142857,0,1,0.666666667,0,0.2,0.5,1,0
1,0.178082192,0.084425772,0.533333333,0,0,0.397959184,0.5,0.733333333,0.333333333,1,0,1,1,0.951219512
1,0.178082192,0.159015368,0.533333333,0,0,0.397959184,0.5,0.733333333,0.833333333,0.785714286,0.2,1,1,0.951219512
1,0.506849315,0.110921681,0.866666667,0.076880769,0,0.602040816,0.5,0.8,0.333333333,1,0,1,1,0.951219512
0,0.452054795,0.069326812,0.8,0.044160442,0,0.448979592,0.75,0.6,0.666666667,0.214285714,0.2,1,1,0.951219512
0,0.260273973,0.014308765,0.666666667,0,0,0.397959184,0.5,0.533333333,0,0.857142857,0.8,1,0,0.951219512
0,0.602739726,0.038562629,0.533333333,0,0,0.367346939,0,0.733333333,0.333333333,0,0,1,1,0.951219512
0,0,0.088456582,0.333333333,0,0,0.030612245,0.625,0,0.666666667,0.571428571,0.6,1,1,0.951219512
0,0.493150685,0.051714515,0.533333333,0,0,0.397959184,0.5,0.733333333,0.666666667,0.214285714,0.2,0.75,0,0
1,0.328767123,0.373347135,0.866666667,0,0,0.397959184,0.125,0.8,0.333333333,0.285714286,0,1,1,0.951219512
0,0.726027397,0.232222121,0.533333333,0,0,0.234693878,0.75,0.733333333,0.333333333,0.928571429,1,1,0,0.951219512
0,0.150684932,0.034339006,0.533333333,0,0,0.346938776,0.5,0.733333333,0.666666667,0.071428571,0.6,1,1,0.951219512
0,0.589041096,0.154743034,0.533333333,0,0,0.397959184,0.5,0.733333333,0.333333333,0.5,0,0.5,1,0.951219512
1,0.328767123,0.112113739,0.533333333,0,0,0.397959184,0.5,0.733333333,0.333333333,0.071428571,1,1,0,0.951219512
0,0.328767123,0.126295992,0.533333333,0,0,0.397959184,0.5,0.733333333,0.333333333,0.5,0,1,1,0.951219512
1,0.150684932,0.079683922,0.8,0,0,0.397959184,0.5,0.6,0.333333333,0.714285714,1,1,0,0.951219512
0,0.520547945,0.102865474,0.533333333,0,0,0.153061224,0.5,0.733333333,0.833333333,0.571428571,0.2,1,0,0.951219512
0,0.424657534,0.158992365,0.533333333,0,0,0.295918367,0.75,0.733333333,0.333333333,0.214285714,0,1,1,0.707317073
1,0.246575342,0.132286054,0.8,0.150241502,0,0.5,0.5,0.6,0.333333333,0.285714286,0,1,1,0.951219512
0,0.205479452,0.122416727,0.533333333,0,0,0.397959184,0.5,0.733333333,0.333333333,0.214285714,0,1,1,0.951219512
1,0.136986301,0.113839586,0.533333333,0,0,0.397959184,0,0.733333333,0.333333333,0,1,1,0,0.951219512
1,0.630136986,0.091538209,0.8,0,0,0.295918367,0.75,0.6,0.333333333,0.857142857,0,1,1,0.951219512
0,0.04109589,0.12705642,0.133333333,0,0,0.295918367,0.5,0.266666667,0.666666667,0.428571429,0.8,1,1,0.317073171
1,0.178082192,0.079440368,0.6,0,0.424242424,0.397959184,0.5,1,0.333333333,0.857142857,0,1,1,0.951219512
0,0.232876712,0.088951807,0.733333333,0,0,0.397959184,0.125,0.466666667,0.666666667,0.071428571,0.2,1,1,0.951219512
1,0.191780822,0.276341151,0.733333333,0,0,0.397959184,0.5,0.466666667,0.333333333,0.214285714,0,1,1,0.951219512
1,0.465753425,0.039754011,0.8,0,0,0.602040816,0.75,0.6,0.333333333,0.357142857,0,1,1,0.951219512
1,0.328767123,0.244309814,0.8,0,0,0.397959184,0.5,0.6,0.333333333,0.714285714,0,1,1,0.951219512
0,0.780821918,0.037913829,0.666666667,0,0,0.397959184,0.5,0.533333333,1,0.642857143,0.2,1,0,0.951219512
0,0.438356164,0.263969312,0.8,0,0,0.295918367,0.5,0.6,0.5,1,0.8,1,1,0.097560976
1,0.273972603,0.049972431,0.8,0,0,0.295918367,0.5,0.6,0.333333333,0.571428571,1,0.25,0,0.951219512
1,0.205479452,0.106369937,0.8,0,0,0.602040816,0.5,0.6,0.333333333,0.857142857,0,0.5,1,0.951219512
0,0,0.140907169,0.266666667,0,0,0.316326531,0.5,0.4,0.666666667,0.857142857,0.4,0.75,0,0.634146341
1,0.479452055,0.051127957,0.533333333,0,0,0.397959184,0.5,0.733333333,0.333333333,0.428571429,0,0.5,1,0.951219512
0,0.191780822,0.030779743,0.533333333,0,0,0.5,0.5,0.733333333,0,0.071428571,0.8,1,0,0.951219512
0,0.356164384,0.223787053,0.866666667,0,0,0.653061224,0.25,0.8,0,0.714285714,0.2,1,0,0.951219512
0,0.273972603,0.123363202,0.866666667,0,0,0.397959184,0.125,0.8,0.666666667,0.285714286,0.6,1,0,0.951219512
0,0.191780822,0.245850289,0.8,0,0,0.397959184,0.5,0.6,0.666666667,0.714285714,0.8,0.5,0,0
1,0.547945205,0.151990204,0.533333333,0,0,0.397959184,0.5,0.733333333,0.333333333,0.5,0,0.5,1,0.951219512
0,0.315068493,0.11919235,0.533333333,0,0,0.346938776,0.5,0.733333333,0,0.571428571,0.2,1,0,0.951219512
0,0.273972603,0.122838886,0.533333333,0,0.436639118,0.5,0.5,0.733333333,0.333333333,0.214285714,0,1,1,0.951219512
0,0.438356164,0.021395494,0.533333333,0,0,0.295918367,0.5,0.733333333,0.333333333,0.071428571,1,1,0,0.951219512
1,0.369863014,0.11929383,0.533333333,0,0,0.602040816,0.5,0.733333333,0.333333333,0.857142857,0,1,1,0.951219512
0,0.452054795,0.224837716,0.533333333,0,0,0.397959184,0.5,0.733333333,0,0.5,0.2,1,0,0.951219512
1,0.205479452,0.040999516,0.6,0,0,0.397959184,0.5,1,0.333333333,0.857142857,0,0.25,1,0.951219512
0,0.04109589,0.210419352,0.533333333,0,0,0.602040816,0,0.733333333,0.666666667,0,0.6,0.75,1,0.853658537
0,0.095890411,0.106887488,0.533333333,0,0,0.346938776,0.5,0.733333333,0.666666667,0.571428571,0.2,1,0,0.951219512
0,0.123287671,0.202028936,0.6,0,0,0.346938776,0.5,1,0.333333333,0.285714286,1,1,0,0.951219512
1,0.561643836,0.068682748,0.8,0.076880769,0,0.295918367,0.625,0.6,0.333333333,0.285714286,0,1,1,0.951219512
0,0.369863014,0.089194684,0.8,0,0,0.397959184,0.875,0.6,0,0.714285714,0.2,1,0,0.951219512
0,0.315068493,0.066113936,0.333333333,0,0,0.397959184,0.5,0,0.333333333,0.5,0,1,1,0
0,0.178082192,0.19368723,0.533333333,0,0,0.295918367,0,0.733333333,0.666666667,0,0.6,1,1,0.951219512
0,0.424657534,0.012842032,0.533333333,0.034110341,0,0.704081633,0.75,0.733333333,0.333333333,0.571428571,0,1,1,0.951219512
0,0.452054795,0.114236037,0.6,0,0,0.397959184,0.5,1,0.666666667,0.357142857,0.2,1,1,0.951219512
1,0.383561644,0.022224928,0.933333333,1,0,0.602040816,0.75,0.933333333,0.333333333,0.714285714,0,1,1,0.951219512
0,0.04109589,0.085570473,0.533333333,0,0,0.397959184,0.5,0.733333333,0.666666667,0.428571429,0.6,1,1,0.951219512
0,0.054794521,0.073825108,0.666666667,0,0,0.357142857,0.5,0.533333333,0.666666667,0.571428571,0.6,1,0,0.951219512
0,0.493150685,0.149571583,0.533333333,0,0,0.397959184,0.5,0.733333333,0.333333333,0.071428571,1,1,0,0.951219512
0,0.273972603,0.24464267,0.6,0,0,0.346938776,0.5,1,0.833333333,0.428571429,0.2,0.5,1,0.951219512
1,0.452054795,0.083250627,0.466666667,0,0,0.397959184,0.5,0.133333333,0.333333333,0.857142857,0,0.25,1,0.024390244
0,0.506849315,0.22148615,0.533333333,0,0,0.408163265,0.5,0.733333333,0.666666667,0.071428571,0.2,1,1,0.951219512
0,0.561643836,0.110094275,0.8,0,0,0.244897959,0,0.6,0,0,0.2,1,1,0.951219512
0,0.452054795,0.135979947,0.533333333,0,0,0.5,0.75,0.733333333,0.333333333,0.285714286,0,1,1,0.951219512
0,0.082191781,0.204841978,0.333333333,0,0,0.602040816,0.5,0,0.666666667,0.571428571,0.8,1,1,0.634146341
0,0.383561644,0.119101017,0.8,0,0,0.602040816,0.625,0.6,0.333333333,0.285714286,0,1,1,0.951219512
0,0.178082192,0.104644091,0.8,0,0,0.367346939,0.5,0.6,0.666666667,0.714285714,0.6,1,0,0.951219512
0,0.232876712,0.214666653,0.333333333,0,0,0.346938776,0.5,0,0.833333333,0.571428571,0.2,1,0,0.951219512
0,0.109589041,0.025551463,0.8,0,0,0.448979592,0.125,0.6,0.666666667,0.928571429,0.2,1,1,0.951219512
1,0.493150685,0.102423019,0.6,0,0,0.397959184,0.5,1,0.333333333,0.857142857,0,1,1,0.951219512
1,0.315068493,0.196822981,0.8,0,0,0.397959184,0.25,0.6,0.333333333,0.714285714,0,1,1,0.951219512
0,0.342465753,0.115754863,0.6,0,0,0.397959184,0.5,1,0,0.071428571,0.2,0.5,0,0.951219512
0,0.123287671,0.094502796,0.6,0,0,0.346938776,0.5,1,0.666666667,0.428571429,0.8,1,1,0.951219512
0,0.315068493,0.102310713,0.133333333,0,0,0.071428571,0.75,0.266666667,0.333333333,0.214285714,0,0.75,1,0.317073171
0,0.356164384,0.223782317,0.2,0.045080451,0,0.397959184,0.75,0.333333333,0.333333333,0.357142857,0,1,1,0.12195122
0,0.01369863,0.094645545,0.333333333,0,0,0.051020408,0.25,0,0.666666667,0.785714286,0.6,1,0,0.951219512
1,0.287671233,0.120977055,0.933333333,0,0,1,0.5,0.933333333,0.333333333,0.714285714,0,1,1,0.951219512
1,0.150684932,0.041703792,0.8,0,0,0.397959184,0.875,0.6,0.666666667,0.071428571,0.6,0.25,0,0.951219512
0,0.520547945,0.062722454,0.2,0,0,0.091836735,0.5,0.333333333,0.333333333,0.214285714,0,1,1,0.951219512
1,0.219178082,0.076771428,0.533333333,0,0,0.43877551,0.5,0.733333333,0.333333333,0.857142857,0,1,1,0.951219512
1,0.397260274,0.028149366,0.6,0,0,0.397959184,0.5,1,0.333333333,0.928571429,0,1,1,0.951219512
0,0.164383562,0.103464886,0.8,0,0,0.551020408,0.25,0.6,0.666666667,0.714285714,0.2,1,0,0.951219512
0,0.493150685,0.099253441,0.333333333,0,0,0.397959184,0.5,0,0.833333333,0.571428571,0.8,0.5,0,0.951219512
0,0.643835616,0.0702239,0.533333333,0.026350264,0,0.397959184,0.5,0.733333333,0.333333333,0.214285714,0,1,1,0.951219512
1,0.547945205,0.226422166,0.8,0,0,0.397959184,0.5,0.6,0.333333333,0.285714286,0,1,1,0.951219512
1,0.602739726,0.104527726,0.866666667,0,0.515610652,0.5,0.5,0.8,0.333333333,0.285714286,0,1,1,0.951219512
1,0.328767123,0.129540665,0.8,0,0,0.397959184,0.5,0.6,0.333333333,0.714285714,0,1,1,0.951219512
1,0.246575342,0.016006874,0.8,0,0,0.397959184,0.5,0.6,0.333333333,0.285714286,0,1,1,0.951219512
1,0.465753425,0.016169919,0.8,0,0,0.397959184,0.125,0.6,0.333333333,0.714285714,0,1,1,0.951219512
1,0.232876712,0.113382247,0.6,0,0,0.397959184,0.5,1,0.333333333,0.5,0,1,1,0.951219512
0,0.273972603,0.048445486,0.666666667,0,0,0.397959184,0.5,0.533333333,0.333333333,0.071428571,0,1,1,0.951219512
0,0.315068493,0.090127629,0.533333333,0,0,0.397959184,0.5,0.733333333,0.333333333,0.357142857,0,0.5,1,0.951219512
0,0.671232877,0.046767674,0.333333333,0,0,0.295918367,0.75,0,0.333333333,0.285714286,0,1,1,0.951219512
0,0.109589041,0.113631889,0.8,0,0.323232323,0.397959184,0,0.6,0.666666667,0,0.2,1,1,0.951219512
0,0.383561644,0.11280922,0.8,0,0,0.346938776,0.625,0.6,0.333333333,0.571428571,0.4,0.25,0,0.853658537
0,0.452054795,0.014848642,0.533333333,0,0,0.5,0.5,0.733333333,0.333333333,0.357142857,0,1,1,0.951219512
1,0.493150685,0.09423827,0.6,0.150241502,0,0.397959184,0.5,1,0.333333333,0.714285714,0,1,1,0.951219512
0,0.246575342,0.072262984,0.866666667,0,0,0.397959184,0.5,0.8,0.333333333,0.285714286,0,1,1,0.951219512
0,0.273972603,0.328130761,0.533333333,0,0,0.397959184,0.5,0.733333333,0.666666667,0.571428571,0.8,0.5,1,0.951219512
0,0.260273973,0.054227851,0.6,0,0,0.397959184,0,1,0.333333333,0,0,1,1,0.951219512
0,0.328767123,0.011935472,0.666666667,0,0,0.397959184,0.5,0.533333333,0,0.714285714,0.8,1,0,0.951219512
0,0.150684932,0.347904595,0.6,0.038870389,0,0.397959184,0.125,1,0.666666667,0.071428571,0.8,0.5,0,0.951219512
0,0.767123288,0.075136238,0.533333333,0,0,0.653061224,0,0.733333333,1,0,0.2,1,0,0.951219512
0,0.273972603,0.221557186,0.533333333,0,0,0.397959184,0.5,0.733333333,0.333333333,0.214285714,0,0.5,1,0.951219512
0,0.424657534,0.016198334,0.533333333,0,0,0.43877551,0.5,0.733333333,0,1,0.2,1,1,0.951219512
0,0.082191781,0.149745453,0.8,0,0,0.244897959,0.5,0.6,0.666666667,0.857142857,0.2,1,1,0.951219512
0,0.123287671,0.103772711,0.533333333,0,0,0.397959184,0.5,0.733333333,0.333333333,0.857142857,0,1,1,0.951219512
0,0.369863014,0.061807099,0.533333333,0.050130501,0,0.602040816,0.625,0.733333333,0.333333333,0.285714286,0,1,1,0.292682927
1,0.315068493,0.091077487,0.533333333,0,0.436639118,0.397959184,0.5,0.733333333,0.333333333,0.714285714,0,1,1,0.951219512
1,0.383561644,0.156514209,1,0,0,0.448979592,0.5,0.666666667,0.333333333,0.714285714,0,0.25,1,0.073170732
0,0.410958904,0.061385616,0.2,0,0,0.397959184,0.5,0.333333333,0.333333333,0.5,1,0.75,0,0.804878049
1,0.136986301,0.106102705,0.533333333,0,0.433195592,0.397959184,0.5,0.733333333,0.333333333,0.071428571,1,0.5,0,0.951219512
0,0.02739726,0.074207352,0.533333333,0,0,0.397959184,0.5,0.733333333,0.666666667,0.571428571,0.6,0.5,1,0.951219512
0,0.424657534,0.132305673,0.333333333,0,0,0.397959184,0.5,0,0.333333333,0.071428571,1,1,0,0.951219512
0,0.698630137,0.01761162,0.066666667,0,0,0.193877551,0,0.2,0,0,0.2,1,0,0.951219512
0,0.506849315,0.061909256,0.866666667,0.057210572,0,0.346938776,0.625,0.8,0,0.285714286,0.8,1,0,0.951219512
1,0.232876712,0.079691364,0.866666667,0.076880769,0,0.316326531,0.5,0.8,0.333333333,0.714285714,1,1,0,0
0,0.328767123,0.04743068,0.8,0,0,0.5,0.5,0.6,0.666666667,0.071428571,0.2,0.25,1,0.951219512
0,0.315068493,0.148639314,0.533333333,0,0,0.397959184,0.5,0.733333333,0,0.285714286,0.8,1,0,0.951219512
0,0.02739726,0.184679812,0.533333333,0,0,0.397959184,0.5,0.733333333,0.666666667,0.071428571,0.6,1,1,0.951219512
0,0.164383562,0.066100405,0.533333333,0,0,0.397959184,0.5,0.733333333,0.666666667,0.857142857,0.2,1,1,0.951219512
0,0.205479452,0.109940025,0.533333333,0,0,0.5,0.5,0.733333333,0.666666667,0.214285714,0.4,1,1,0.951219512
0,0.109589041,0.113311211,0.533333333,0,0,0.397959184,0.5,0.733333333,0.666666667,0.857142857,0.8,1,0,0.951219512
0,0.287671233,0.031585499,0.533333333,0,0,0.5,0.75,0.733333333,0.333333333,0.285714286,0,1,1,0.951219512
0,0.02739726,0.058832364,0.4,0,0,0.244897959,0.5,0.066666667,0.666666667,0.5,0.2,1,0,0.951219512
0,0.397260274,0.010968023,0.6,0,0,0.071428571,0.5,1,0.333333333,0.857142857,0,1,1,0.951219512
1,0.164383562,0.102077308,0.8,0,0,0.551020408,0.5,0.6,0.333333333,0.857142857,0,1,1,0.951219512
0,0.397260274,0.110592884,0.866666667,0,0.43067034,0.602040816,0.25,0.8,0,0.714285714,0.2,1,0,0.951219512
0,0,0.125741908,0.4,0,0,0.153061224,0.5,0.066666667,0.666666667,0.857142857,0.6,1,0,0.951219512
1,0.164383562,0.12236328,1,0,0,0.448979592,0.5,0.666666667,0.333333333,0.714285714,0,1,1,0.951219512
1,0.260273973,0.185256222,0.533333333,0,0,0.397959184,0.5,0.733333333,0.333333333,0.214285714,0,1,1,0.951219512
1,0.438356164,0.147114399,0.933333333,1,0,0.367346939,0.625,0.933333333,0.333333333,0.714285714,0,1,1,0.951219512
0,0.397260274,0.145472443,0.6,0,0,0.397959184,0.125,1,0.666666667,0.071428571,0.8,0.5,0,0.951219512
0,0.123287671,0.15173312,0.533333333,0,0,0.397959184,0.5,0.733333333,0.666666667,0.428571429,0.2,1,1,0.951219512
1,0.671232877,0.123261722,0.4,0,0.545684114,0.010204082,0,0.066666667,0.333333333,0,0,1,1,0.951219512
0,0.150684932,0.288008037,0.6,0,0,0.602040816,0.5,1,0.666666667,0.571428571,0.2,0.5,1,0.951219512
0,0.054794521,0.075743092,0.733333333,0,0,0.397959184,0.5,0.466666667,0.666666667,0.571428571,0.6,1,0,0.951219512
0,0.657534247,0.106708206,0.8,0,0,0.336734694,0.5,0.6,0.333333333,0.071428571,0,1,1,0.951219512
0,0.287671233,0.097487679,0.6,0,0,0.397959184,0.25,1,0.666666667,0.785714286,0.8,0.5,0,0.951219512
0,0.328767123,0.210832039,0.2,0,0,0.397959184,0.5,0.333333333,0.333333333,0.214285714,0,1,1,0.951219512
0,0.082191781,0.134896811,0.6,0,0,0.397959184,0.5,1,0.666666667,0.5,0.2,1,1,0.951219512
1,0.232876712,0.011480162,0.6,0,0,0.551020408,0.75,1,0.333333333,0.214285714,0,1,1,0.951219512
0,0.232876712,0.187873745,0.533333333,0,0,0.295918367,0.5,0.733333333,0,0.642857143,0.8,0.5,0,0.951219512
0,0.301369863,0.242403331,0.533333333,0,0,0.397959184,0.5,0.733333333,0.833333333,0.5,0.2,0.5,1,0.951219512
0,0.02739726,0.140527631,0.6,0,0,0.5,0.5,1,0.666666667,0.357142857,0.6,1,1,0.951219512
0,0.123287671,0.049520504,0.533333333,0,0,0.397959184,0.125,0.733333333,0.666666667,0.071428571,0.2,0.25,1,0.951219512
1,0.383561644,0.061217158,0.533333333,0,0.433195592,0.397959184,0.5,0.733333333,0.333333333,0.214285714,0,1,1,0.951219512
0,0.369863014,0.103868779,0.533333333,0,0,0.969387755,0.625,0.733333333,0.333333333,1,0,1,1,0.951219512
1,0.383561644,0.124685156,0.666666667,0,0.359044995,0.397959184,0.5,0.533333333,0.666666667,0.714285714,0.2,1,0,0.951219512
0,0.547945205,0.117661346,0.533333333,0,0,0.397959184,0.5,0.733333333,0.333333333,0.214285714,0,1,1,0.951219512
0,0.383561644,0.129841048,0.2,0,0,0.479591837,0.5,0.333333333,0,0.5,0.2,1,1,0.951219512
0,0.205479452,0.200309178,0.533333333,0,0,0.37755102,0.5,0.733333333,0.666666667,0.214285714,0.4,0.5,1,0.951219512
0,0.01369863,0.053935587,0.533333333,0,0,0.275510204,0.5,0.733333333,0.666666667,0.428571429,0.4,1,0,0.951219512
0,0.164383562,0.220320476,0.4,0,0,0.602040816,0.75,0.066666667,0.833333333,1,0.2,1,1,0.951219512
0,0.054794521,0.030394117,0.533333333,0,0,0.397959184,0.5,0.733333333,0.666666667,0.214285714,0.6,1,1,0.951219512
0,0.342465753,0.0884647,0.533333333,0,0,0.397959184,0.25,0.733333333,1,1,0.8,1,0,0.951219512
0,0.356164384,0.068280208,0.533333333,0,0,0.397959184,0.75,0.733333333,0.333333333,0.285714286,1,1,0,0.951219512
0,0.02739726,0.086567689,0.6,0,0,0.193877551,0,1,0.666666667,0,0.6,1,0,0.951219512
0,0.109589041,0.155157752,0.533333333,0,0,0.295918367,0.5,0.733333333,0.666666667,0.571428571,0.6,1,1,0.951219512
0,0.082191781,0.192723164,0.6,0,0,0.244897959,0.5,1,0.666666667,0.071428571,0.6,0.5,0,0.951219512
0,0.150684932,0.016866076,0.8,0,0,0.448979592,0,0.6,0.666666667,0,0.6,1,1,0.951219512
0,0.123287671,0.024739618,0.866666667,0,0,0.397959184,0.125,0.8,0.666666667,0.928571429,0.2,1,0,0.12195122
0,0.068493151,0.114206946,0.8,0,0,0.193877551,0.875,0.6,0.666666667,0.714285714,0.6,0.5,1,0.951219512
0,0,0.059902646,0.4,0,0,0.193877551,0.5,0.066666667,0.666666667,0.571428571,0.2,1,1,0.951219512
0,0.465753425,0.076794431,0.4,0,0,0.397959184,0.25,0.066666667,0.666666667,0.357142857,0.2,0.5,0,0.951219512
0,0.219178082,0.069281484,0.533333333,0,0,0.5,0.5,0.733333333,0.333333333,0.214285714,0,1,1,0.951219512
1,0.698630137,0.151271721,1,0,0.545684114,0.602040816,0.875,0.666666667,0.333333333,0.714285714,0,1,1,0.951219512
1,0.821917808,0.17503036,0.533333333,0,0,0.397959184,0.5,0.733333333,1,0.285714286,0.2,1,0,0.951219512
0,0.02739726,0.121693508,0.533333333,0,0,0.397959184,0.5,0.733333333,0.666666667,0.714285714,0.2,1,0,0.951219512
0,0.02739726,0.131460678,0.533333333,0,0,0.397959184,0.5,0.733333333,0.666666667,0.857142857,0.6,1,0,0.951219512
0,0.123287671,0.098850225,0.533333333,0,0,0.397959184,0.5,0.733333333,0.666666667,0.428571429,0.6,1,1,0.951219512
0,0.273972603,0.083790503,0.6,0,0,0.397959184,0.875,1,0.833333333,0.071428571,0.2,1,1,0.951219512
0,0.684931507,0.095899169,0.533333333,0,0,0.316326531,0.5,0.733333333,1,0.428571429,0.4,0.5,1,0.951219512
0,0.191780822,0.215429787,0.533333333,0,0,0.397959184,0.5,0.733333333,0.833333333,0.571428571,0.2,1,1,0.951219512
0,0.520547945,0.120574516,0.6,0,0,0.346938776,0.5,1,0.333333333,1,0,0.5,1,0.951219512
0,0.178082192,0.118580083,0.6,0,0,0.5,0.5,1,0.666666667,0.857142857,0.2,1,1,0.951219512
0,0.054794521,0.066075373,0.533333333,0,0,0.397959184,0.5,0.733333333,0.333333333,0.214285714,0,1,1,0.951219512
0,0.397260274,0.211815048,0.6,0,0,0.397959184,0.5,1,0.333333333,0.285714286,0,1,1,0.951219512
0,0.287671233,0.147514909,0.533333333,0,0,0.479591837,0.75,0.733333333,0.333333333,0.857142857,0,1,1,0.951219512
0,0.849315068,0.103458797,0.533333333,0,0,0.397959184,0,0.733333333,0.333333333,0,0,1,1,0.951219512
0,0.561643836,0.108214178,0.533333333,0,0,0.5,0.5,0.733333333,1,0.285714286,0.8,1,0,0.951219512
0,0.04109589,0.114163648,0.6,0,0,0.397959184,0.5,1,0.666666667,0.5,0.6,1,0,0.951219512
0,0.506849315,0.254984896,0.533333333,0,0,0.602040816,0,0.733333333,0,0,0.2,1,0,0.268292683
1,0.315068493,0.0898949,1,0,0,0.397959184,0.5,0.666666667,0.333333333,0.714285714,0,1,1,0.951219512
0,0.178082192,0.102952747,0.4,0,0.149908173,0.397959184,0.75,0.066666667,0,0.857142857,0.8,1,1,0.951219512
1,0.232876712,0.490509872,0.8,0,0,0.397959184,0.5,0.6,0.333333333,0.714285714,0,1,1,0.951219512
0,0.219178082,0.119044188,0.8,0,0.365013774,0.602040816,0.75,0.6,0,0.214285714,0.2,1,1,0.951219512
1,0.150684932,0.109368351,0.866666667,0,0,0.397959184,0.5,0.8,0.333333333,0.714285714,0,1,1,0.951219512
0,0.232876712,0.067289081,0.533333333,0,0,0.448979592,0.5,0.733333333,0.833333333,0.214285714,0.2,1,1,0.780487805
0,0.219178082,0.148248276,0.8,0,0,0.397959184,0.5,0.6,0.333333333,0.714285714,0,1,1,0.951219512
0,0.136986301,0.186762194,0.533333333,0,0,0.316326531,0.5,0.733333333,0.666666667,0.5,0.6,1,0,0.951219512
1,0.232876712,0.012925923,0.533333333,0,0,0.530612245,0.25,0.733333333,0.333333333,0.785714286,0,1,1,0.951219512
0,0.01369863,0.106620256,0.6,0.005940059,0,0.142857143,0,1,0.666666667,0,0.6,1,0,0.951219512
0,0.164383562,0.055326548,0.866666667,0,0,0.5,0.25,0.8,0.333333333,0.714285714,0,1,1,0.951219512
1,0.315068493,0.059125305,0.866666667,0.03103031,0,0.428571429,0.5,0.8,0.333333333,0.857142857,0,1,1,0.951219512
1,0.589041096,0.212220294,0.533333333,0.076880769,0,0.397959184,0.5,0.733333333,0.333333333,0.5,0,1,1,0.951219512
0,0.191780822,0.070510752,0.533333333,0,0,0.479591837,0.5,0.733333333,0.333333333,0.5,0,1,1,0.951219512
0,0.01369863,0.086514919,0.4,0,0,0.397959184,0.5,0.066666667,0.666666667,0.857142857,0.6,1,0,0.951219512
0,0.630136986,0.038338695,0.533333333,0,0,0.102040816,0,0.733333333,1,0,0.2,0.5,0,0.951219512
0,0.178082192,0.089511303,0.533333333,0,0,0.397959184,0.5,0.733333333,0.666666667,0.571428571,0.2,0.5,1,0
0,0.123287671,0.224083376,0.533333333,0,0,0.397959184,0.5,0.733333333,0.666666667,0.571428571,0.6,0.5,0,0.951219512
1,0.232876712,0.197266113,0.8,0,0,0.397959184,0.5,0.6,0.333333333,0.714285714,0,1,1,0.951219512
1,0.493150685,0.062360506,0.8,0.086140861,0,0.5,0.5,0.6,0.666666667,0.571428571,0.2,1,1,0.536585366
0,0.04109589,0.076868173,0.6,0,0,0.295918367,0,1,0.666666667,0,0.6,1,1,0.951219512
1,0.273972603,0.044336875,0.8,0,0,0.5,0.5,0.6,0.333333333,0.285714286,0,1,1,0.951219512
0,0.534246575,0.11500323,0.533333333,0,0,0.397959184,0.5,0.733333333,0.333333333,0.5,0,1,1,0.951219512
0,0.246575342,0.064235868,0.533333333,0,0,0.551020408,0.25,0.733333333,0.666666667,0.071428571,0.8,0,1,0.951219512
0,0.342465753,0.133770376,0.6,0,0,0.448979592,0.75,1,0.333333333,0.214285714,0,1,1,0.951219512
0,0.082191781,0.137561015,0.533333333,0,0,0.367346939,0.5,0.733333333,0.666666667,0.071428571,0.2,1,0,0.951219512
0,0.328767123,0.05735616,0.666666667,0,0,0.43877551,0.25,0.533333333,0,0.071428571,0.8,1,0,0.951219512
0,0.164383562,0.052305132,0.8,0,0.472222222,0.346938776,0.5,0.6,0.333333333,0.285714286,1,1,0,0.951219512
0,0.246575342,0.069061609,0.8,0,0,0.397959184,0.75,0.6,0.333333333,0.714285714,0,1,1,0.951219512
0,0.150684932,0.124746045,0.533333333,0,0,0.448979592,0.5,0.733333333,0.333333333,0.5,0,1,1,0.951219512
0,0.657534247,0.174986385,0.533333333,0,0,0.551020408,0.5,0.733333333,1,0.214285714,0.2,1,1,0.951219512
1,0.684931507,0.08075894,0.8,0,0.54912764,0.234693878,0.5,0.6,0.333333333,1,0,1,1,0.951219512
0,0.273972603,0.36072836,0.733333333,0,0,0.397959184,0.5,0.466666667,0.333333333,0.357142857,0,1,1,0.951219512
0,0.04109589,0.240140314,0.6,0,0,0.193877551,0.5,1,0.666666667,0.571428571,0.6,1,0,0.951219512
0,0.287671233,0.155385068,0.533333333,0,0,0.397959184,0.5,0.733333333,0,0.5,0.2,1,1,0.951219512
0,0.726027397,0.101733627,0.2,0,0,0.071428571,0,0.333333333,0.333333333,0,0,1,1,0.951219512
0,0.082191781,0.266796562,0.6,0,0,0.173469388,0.5,1,0.666666667,0.428571429,0.4,1,0,0.951219512
0,0.575342466,0.056946855,0.4,0,0,0.397959184,0.5,0.066666667,0.666666667,0.5,0.2,1,1,0.951219512
0,0.02739726,0.094188206,0.533333333,0,0,0.295918367,0.5,0.733333333,0.666666667,0.571428571,0.6,1,0,0.951219512
0,0.424657534,0.015262683,0.533333333,0,0,0.397959184,0.5,0.733333333,0,0.214285714,0.4,1,1,0.951219512
0,0.383561644,0.070770542,0.733333333,0,0,0.397959184,0.875,0.466666667,0,0.071428571,0.8,0.5,0,0.951219512
0,0.219178082,0.116378631,0.533333333,0,0,0.295918367,0.5,0.733333333,0,0.428571429,0.8,1,1,0.951219512
0,0.109589041,0.097924045,0.8,0,0,0.602040816,0.5,0.6,0.666666667,0.857142857,0.2,1,1,0.951219512
0,0.273972603,0.043684016,0.6,0,0,0.397959184,0.75,1,0,0.285714286,0.8,1,0,0.951219512
0,0.479452055,0.124894883,0.4,0,0,0.397959184,0.5,0.066666667,0.833333333,0.428571429,0.8,1,1,0.951219512
0,0.054794521,0.315382768,0.6,0,0,0.112244898,0.875,1,0.666666667,0.571428571,0.6,0.5,0,0.951219512
1,0.136986301,0.100466473,0.4,0,0.436639118,0.397959184,0.5,0.066666667,0.333333333,0.214285714,0,1,1,0.951219512
0,0.04109589,0.118601733,0.6,0,0,0.397959184,0.5,1,0.666666667,0.857142857,0.6,1,1,0.951219512
0,0.068493151,0.150447022,0.533333333,0,0,0.397959184,0.5,0.733333333,0.333333333,0.5,0,1,1,0.951219512
0,0.369863014,0.093176783,0.8,0,0,0.397959184,0.5,0.6,0,0.714285714,0.8,1,0,0.951219512
0,0.315068493,0.240338539,0.6,0.025800258,0,0.397959184,0.5,1,0.333333333,0.5,0,1,1,0.951219512
0,0.068493151,0.091408314,0.8,0,0,0.193877551,0.5,0.6,0.666666667,0.357142857,0.2,1,1,0.951219512
0,0.260273973,0.114540479,0.8,0,0,0.316326531,0.5,0.6,0.666666667,0.071428571,0.2,1,0,0.097560976
0,0.082191781,0.063817768,0.733333333,0.021760218,0,0.244897959,0.5,0.466666667,0.666666667,0.714285714,0.6,1,0,0.951219512
0,0,0.17499112,0.133333333,0,0,0.479591837,0.5,0.266666667,0.666666667,0.571428571,0.4,1,1,0.634146341
0,0.136986301,0.129550813,0.4,0,0,0.397959184,0.5,0.066666667,0.333333333,0.5,0,1,1,0.951219512
1,0.465753425,0.148303752,1,0.076880769,0,0.551020408,0.875,0.666666667,0.333333333,0.285714286,0,1,1,0.951219512
0,0.178082192,0.04534018,0.666666667,0,0,0.602040816,0.75,0.533333333,0.333333333,0.357142857,0,1,1,0.951219512
1,0.630136986,0.043687399,0.8,0,0,0.397959184,0.5,0.6,0.333333333,0.785714286,0,0.25,1,0.731707317
1,0.260273973,0.106817805,0.533333333,0.150241502,0,0.56122449,0.5,0.733333333,0.333333333,0.214285714,0,1,1,0.951219512
0,0.04109589,0.159330634,0.666666667,0,0,0.346938776,0.25,0.533333333,0.666666667,0.071428571,0.6,1,0,0.951219512
0,0.328767123,0.103868779,0.533333333,0,0,0.397959184,0.75,0.733333333,0.666666667,0.357142857,0.2,1,1,0.951219512
0,0.479452055,0.011753483,0.533333333,0,0,0.397959184,0.5,0.733333333,0.333333333,0.071428571,0,1,1,0.951219512
1,0.328767123,0.537351289,0.6,0,0,0.5,0.5,1,0.333333333,0.857142857,0,1,1,0.951219512
0,0.01369863,0.192888239,0.533333333,0,0,0.091836735,0,0.733333333,0.666666667,0,0.6,1,1,0.951219512
0,0.205479452,0.087357885,0.533333333,0,0,0.397959184,0.5,0.733333333,0.333333333,0.5,0,0.5,1,0.951219512
0,0.397260274,0.081782541,0.666666667,0,0,0.397959184,0.5,0.533333333,0.333333333,0.214285714,0,1,1,0.951219512
0,0.315068493,0.121759132,0.866666667,0,0,0.346938776,0.5,0.8,0.666666667,0.714285714,0.2,1,1,0.951219512
0,0.520547945,0.089166946,0.333333333,0,0,0.397959184,0.5,0,0.333333333,0.571428571,0,1,1,0.951219512
0,0.123287671,0.064044408,0.6,0,0,0.397959184,0.5,1,0.666666667,0.214285714,0.2,0.5,1,0.951219512
0,0.109589041,0.018217121,0.8,0,0,0.397959184,0.5,0.6,0.333333333,0.285714286,0,1,1,0.951219512
0,0.356164384,0.199006843,0.933333333,0,0,0.663265306,0.5,0.933333333,0.666666667,0.714285714,0.2,1,1,0.243902439
1,0.301369863,0.087475602,0.733333333,0,0,0.602040816,0.5,0.466666667,0.333333333,0.214285714,0,1,1,0.951219512
0,0.205479452,0.06178342,0.8,0,0,0.397959184,0.5,0.6,0.333333333,0.428571429,0,0.25,1,0.951219512
0,0.424657534,0.043431668,0.6,0,0,0.5,0.625,1,0.333333333,0.357142857,0,1,1,0.951219512
0,0.164383562,0.079669038,0.2,0,0,0.397959184,0.5,0.333333333,0.333333333,0.571428571,1,1,0,0.951219512
0,0.671232877,0.064154007,0.2,0,0,0.295918367,0,0.333333333,0.666666667,0,0.4,0.5,1,0.951219512
0,0.328767123,0.093529935,0.533333333,0.028290283,0,0.397959184,0.5,0.733333333,0.333333333,0.857142857,0,1,1,0.951219512
0,0.424657534,0.057431932,0.533333333,0,0,0.397959184,0.5,0.733333333,0,0.071428571,0.4,1,0,0.951219512
0,0.315068493,0.013698528,0.2,0,0,0.295918367,0.5,0.333333333,0.333333333,0.5,0,1,1,0.951219512
0,0.383561644,0.105087899,0.666666667,0,0,0.397959184,0.5,0.533333333,0.333333333,0.214285714,0,1,1,0.951219512
0,0.260273973,0.02540533,0.6,0,0,0.397959184,0.5,1,0,0.714285714,0.2,1,0,0.951219512
0,0.095890411,0.175269854,0.533333333,0,0,0.397959184,0.5,0.733333333,0.333333333,0.571428571,0,1,1,0.951219512
0,0.109589041,0.121768604,0.8,0,0,0.397959184,0.5,0.6,0.333333333,0.714285714,0,1,1,0.951219512
0,0.068493151,0.112376236,0.533333333,0,0,0.397959184,0.5,0.733333333,0.666666667,0.428571429,0.6,1,1,0.951219512
0,0.04109589,0.03909777,0.6,0,0,0.397959184,0.5,1,0.666666667,0.5,0.6,1,0,0.951219512
0,0.205479452,0.033818072,0.533333333,0,0,0.397959184,0.75,0.733333333,0,0.285714286,0.8,1,0,0.951219512
1,0.534246575,0.250102326,0.8,0.150241502,0,0.397959184,0.25,0.6,0.333333333,0.714285714,0,1,1,0.951219512
0,0.835616438,0.048187049,0.2,0,0,0.397959184,0,0.333333333,0.333333333,0,0,1,1,0.780487805
0,0.082191781,0.196761416,0.6,0,0,0.295918367,0.5,1,0.666666667,0.071428571,0.6,1,1,0.951219512
0,0.397260274,0.01049783,0.666666667,0,0,0.397959184,0.5,0.533333333,0.333333333,0.5,0,1,1,0.951219512
1,0.479452055,0.065049066,0.866666667,0,0.436639118,0.5,0.5,0.8,0.333333333,0.285714286,0,1,1,0.292682927
0,0.520547945,0.027928138,1,0,0,0.295918367,0.75,0.666666667,0,0.285714286,0.2,1,0,0.951219512
0,0.246575342,0.124116865,0.533333333,0,0,0.397959184,0.5,0.733333333,0.333333333,0.571428571,0,1,1,0.951219512
0,0.712328767,0.174014877,0.533333333,0,0,0.071428571,0.5,0.733333333,1,0.428571429,0.2,1,0,0.951219512
0,0.150684932,0.039454982,0.533333333,0,0,0.37755102,0.5,0.733333333,0.333333333,0.428571429,0,1,1,0.951219512
0,0.219178082,0.155512257,0.666666667,0,0,0.5,0.25,0.533333333,0.333333333,0.928571429,0,1,1,0.951219512
0,0.082191781,0.28562189,0.6,0,0,0.418367347,0.5,1,0.333333333,0.928571429,0,1,1,0.951219512
0,0.068493151,0.112665794,0.6,0,0,0.193877551,0.875,1,0.666666667,0.714285714,0.6,1,0,0.951219512
0,0.164383562,0.042282908,0.533333333,0,0,0.704081633,0.5,0.733333333,0.333333333,1,0,1,1,0.951219512
0,0.465753425,0.115630381,0.6,0,0.436639118,0.397959184,0.5,1,0.333333333,0.285714286,0,1,1,0.951219512
0,0.424657534,0.022514486,0.666666667,0.046500465,0,0.5,0.5,0.533333333,0,0.714285714,0.2,1,1,0.951219512
0,0,0.537191626,0.4,0,0,0.193877551,0,0.066666667,0.666666667,0,0.6,1,0,0.951219512
0,0.123287671,0.099753402,0.6,0,0,0.602040816,0.5,1,0.333333333,0.285714286,0,1,1,0.951219512
0,0.287671233,0.064282549,0.533333333,0,0,0.5,0.5,0.733333333,0.333333333,0.285714286,0,1,1,0.951219512
0,0.205479452,0.067553607,0,0.045080451,0,0.397959184,0.5,0.866666667,0.333333333,0.5,1,0.25,0,0.024390244
0,0.232876712,0.114966021,0.666666667,0,0,0.397959184,0.5,0.533333333,0,0.714285714,0.8,1,0,0.951219512
1,0.479452055,0.217836907,1,1,0,0.653061224,0.625,0.666666667,0.333333333,0.714285714,0,1,1,0.951219512
0,0.246575342,0.012843385,0.533333333,0,0,0.397959184,0.5,0.733333333,0.333333333,0.285714286,0,1,1,0.951219512
1,0.342465753,0.128664549,0.8,0,0,0.448979592,0.625,0.6,0.333333333,0.071428571,1,1,0,0.951219512
0,0.328767123,0.076996039,0.533333333,0,0,0.37755102,0.75,0.733333333,0.333333333,0.285714286,0,1,1,0.951219512
1,0.397260274,0.241694997,0.6,0,0,0.397959184,0.5,1,0.333333333,0.857142857,0,1,1,0.951219512
0,0.082191781,0.113987071,0.066666667,0,0,0.346938776,0.5,0.2,0.333333333,0.5,1,0,0,0.634146341
0,0.150684932,0.139773969,0.533333333,0,0,0.346938776,0.5,0.733333333,0.666666667,0.357142857,0.8,1,0,0.951219512
0,0.383561644,0.085282268,0.533333333,0,0,0.846938776,0.5,0.733333333,0.333333333,0.214285714,0,1,1,0.951219512
1,0.301369863,0.118461689,0.866666667,0,0,0.275510204,0.25,0.8,0.333333333,0.714285714,1,1,0,0.951219512
1,0.493150685,0.146930381,0.866666667,0,0,0.551020408,0.5,0.8,0.333333333,0.285714286,0,1,1,0.951219512
0,0.01369863,0.258938581,0.4,0,0,0.112244898,0.5,0.066666667,0.666666667,0.571428571,0.6,1,1,0.951219512
1,0.397260274,0.096997866,0.4,0,0.436639118,0.397959184,0.5,0.066666667,0.333333333,0.214285714,0,1,1,0.951219512
0,0.506849315,0.125094462,0.8,0,0,0.397959184,0.5,0.6,0.333333333,1,0,1,1,0.951219512
1,0.630136986,0.035987728,0.266666667,0.076880769,0,0.397959184,0.25,0.4,0.333333333,1,0,1,1,0.951219512
0,0.04109589,0.143179658,0.466666667,0,0,0.397959184,0.5,0.133333333,0.666666667,0.5,0.6,1,0,0.951219512
0,0.082191781,0.134794654,0.6,0,0,0.602040816,0.5,1,0.666666667,0.428571429,0.6,1,1,0.951219512
0,0.109589041,0.077006863,0.6,0,0,0.397959184,0.5,1,0.666666667,0.071428571,0.6,1,0,0.951219512
0,0.082191781,0.041023195,0.6,0,0,0.295918367,0.5,1,0.666666667,0.857142857,0.2,1,0,0.951219512
0,0.068493151,0.066565863,0.6,0,0,0.397959184,0.5,1,0.833333333,0.571428571,0.6,1,0,0.951219512
0,0.260273973,0.026478995,0.533333333,0,0,0.397959184,0.25,0.733333333,0,0.071428571,0.8,1,0,0.951219512
0,0.205479452,0.046052574,0.8,0,0,0.5,0.5,0.6,0.333333333,0.928571429,0,1,1,0.951219512
0,0.04109589,0.09137787,0.533333333,0,0,0.397959184,0.125,0.733333333,0.666666667,0.571428571,0.2,1,0,0.951219512
0,0.246575342,0.03750926,0.6,0,0.470844812,0.448979592,0.5,1,0.333333333,0.214285714,0,1,1,0.951219512
0,0.109589041,0.022453598,0.8,0,0,0.602040816,0.25,0.6,0.333333333,0.714285714,0,1,1,0.951219512
0,0.369863014,0.122970134,0.6,0,0,0.346938776,0.5,1,0,0.571428571,0.8,0.5,0,0.951219512
0,0.589041096,0.188508337,0.533333333,0,0,0.265306122,0.5,0.733333333,0,0.285714286,0.2,1,0,0.951219512
1,0.575342466,0.023124723,0.533333333,0,0,0.397959184,0.5,0.733333333,0.333333333,1,0,1,1,0.951219512
1,0.438356164,0.115975415,1,0,0,0.5,0.875,0.666666667,0.333333333,0.285714286,0,1,1,0.951219512
1,0.465753425,0.077709786,0.4,0,0,0.448979592,0.75,0.066666667,0.333333333,0.357142857,0,1,1,0.951219512
1,0.219178082,0.015623277,0.8,0,0,0.448979592,0.5,0.6,0.333333333,0.857142857,1,1,0,0.951219512
0,0.123287671,0.209949158,0,0,0.394628099,0.397959184,0.5,0.866666667,0.5,0.5,0.2,1,1,0.634146341
1,0.506849315,0.105191409,0.533333333,0,0.436639118,0.551020408,0.5,0.733333333,0.333333333,0.285714286,0,1,1,0.951219512
0,0.369863014,0.105918687,0.533333333,0,0,0.602040816,0.625,0.733333333,0.333333333,0.857142857,1,1,0,0.951219512
0,0.273972603,0.144250616,0.866666667,0,0,0.5,0.5,0.8,0.666666667,0.857142857,0.2,1,1,0.951219512
0,0.082191781,0.187823004,0.6,0,0,0.448979592,0.5,1,0.666666667,0.071428571,0.2,1,1,0.951219512
1,0.123287671,0.111297159,0.8,0,0,0.397959184,0.5,0.6,0.666666667,0.071428571,0.6,1,0,0.951219512
0,0.02739726,0.084271521,0.533333333,0,0,0.051020408,0.625,0.733333333,0.666666667,0.571428571,0.6,1,1,0.951219512
0,0.109589041,0.199159741,0.6,0,0,0.448979592,0.5,1,0.333333333,0.857142857,0,0.5,1,0.951219512
0,0.01369863,0.148195506,0.533333333,0,0,0.397959184,0.5,0.733333333,0.666666667,0.857142857,0.2,1,1,0.951219512
1,0.219178082,0.177210163,0.8,0.076880769,0,0.37755102,0.5,0.6,0.333333333,0.571428571,0,0.25,1,0.951219512
1,0.479452055,0.120845807,0.533333333,0,0,0.397959184,0.5,0.733333333,0.333333333,0.285714286,0,1,1,0.951219512
0,0.068493151,0.012730403,0.6,0,0,0.030612245,0,1,0.666666667,0,0.6,0.25,0,0.853658537
0,0.438356164,0.099749343,0.4,0,0,0.397959184,0.25,0.066666667,0,0.428571429,0.8,1,1,0.951219512
0,0.04109589,0.01018324,0.533333333,0,0,0.479591837,0.5,0.733333333,0.666666667,0.428571429,0.6,0,1,0.951219512
0,0.232876712,0.088906479,0.6,0,0,0.397959184,0.25,1,0.333333333,0.571428571,1,1,0,0.951219512
1,0.178082192,0.07425471,0.866666667,0,0,0.448979592,0.5,0.8,0.333333333,0.285714286,0,1,1,0.951219512
0,0.246575342,0.267085443,0.066666667,0,0,0.397959184,0.5,0.2,0.5,0.571428571,0.2,1,1,0.317073171
0,0.205479452,0.053018879,0.533333333,0,0.316804408,0.397959184,0.125,0.733333333,0.666666667,0.285714286,0.8,1,0,0.951219512
0,0.136986301,0.234319387,0.6,0.028290283,0,0.704081633,0.5,1,0.333333333,0.214285714,0,1,1,0.951219512
0,0.191780822,0.12482317,0.533333333,0,0,0.397959184,0.5,0.733333333,0.333333333,0.071428571,1,1,0,0.951219512
0,0.164383562,0.13340437,0.533333333,0,0,0.37755102,0.5,0.733333333,0.333333333,0.5,0,1,1,0.951219512
0,0.356164384,0.07188277,0.533333333,0,0,0.397959184,0.5,0.733333333,0,0.5,0.4,0.5,1,0.951219512
0,0.438356164,0.074962368,0.6,0,0,0.459183673,0.25,1,0.333333333,0.285714286,0,1,1,0.951219512
0,0.534246575,0.180672681,0.4,0,0,0.397959184,0.5,0.066666667,0.833333333,0.571428571,0.2,0.5,0,0.951219512
1,0.561643836,0.057999547,1,0.150241502,0,0.316326531,0.75,0.666666667,0.333333333,0.714285714,0,1,1,0.951219512
0,0.369863014,0.030409001,0.533333333,0,0,0.5,0.75,0.733333333,0.333333333,0.357142857,0,1,1,0.951219512
0,0.465753425,0.335972506,0.533333333,0,0,0.397959184,0.5,0.733333333,0,0.5,0.6,0.5,1,0.951219512
1,0.150684932,0.1218437,0.6,0,0,0.397959184,0.5,1,0.333333333,0.428571429,0,1,1,0.951219512
0,0.178082192,0.138369477,0.533333333,0,0,0.397959184,0.5,0.733333333,0.333333333,0.214285714,0,0,1,0.951219512
0,0.452054795,0.073001762,0.866666667,0,0,0.448979592,0.25,0.8,0,0.714285714,0.2,1,0,0.951219512
1,0.534246575,0.075795185,0.866666667,0,0,0.397959184,0,0.8,0.333333333,0,0,1,1,0.951219512
0,0.465753425,0.019747449,0.333333333,0,0,0.397959184,0.5,0,0.333333333,0.571428571,0,1,1,0.634146341
1,0.452054795,0.10263951,0.8,0,0,0.43877551,0.25,0.6,0.333333333,0.785714286,0,1,1,0.951219512
0,0.01369863,0.071774524,0.6,0,0,0.142857143,0.5,1,0.666666667,0.857142857,0.6,1,0,0.951219512
0,0.383561644,0.170642338,0.8,0,0,0.397959184,0.5,0.6,0,0.071428571,0.2,0.25,0,0.731707317
0,0.315068493,0.060848445,0.533333333,0,0,0.397959184,0.625,0.733333333,0.333333333,0.285714286,0,1,1,0.951219512
0,0.191780822,0.070625087,0.533333333,0,0,0.397959184,0.875,0.733333333,0.333333333,0.857142857,0,1,1,0.951219512
0,0.01369863,0.177361031,0.533333333,0,0.367768595,0.193877551,0,0.733333333,0.666666667,0,0.6,1,1,0.951219512
1,0.205479452,0.205873021,0.8,0,0,0.397959184,0.5,0.6,0.333333333,0.285714286,0,1,1,0.951219512
0,0.493150685,0.090683066,0.533333333,0,0,0.397959184,0.5,0.733333333,0,1,0.2,1,1,0.951219512
0,0.438356164,0.145729527,0.533333333,0,0,0.397959184,0,0.733333333,0,0,0.2,1,0,0.951219512
1,0.260273973,0.264794011,0.8,0,0,0.397959184,0.25,0.6,0.333333333,0.714285714,0,1,1,0.951219512
0,0.287671233,0.103248394,0.533333333,0,0,0.397959184,0.5,0.733333333,0.666666667,0.214285714,0.2,1,1,0.951219512
1,0.520547945,0.145841832,0.8,0,0.554407713,0.5,0.625,0.6,0.333333333,0.285714286,0,1,1,0.951219512
0,0.123287671,0.158133839,0.533333333,0,0,0.193877551,0.625,0.733333333,0.833333333,0.857142857,0.8,1,0,0.390243902
1,0.397260274,0.18317384,0.8,0,0,0.5,0.5,0.6,0.333333333,0.285714286,0,1,1,0.951219512
0,0.095890411,0.125101903,0.533333333,0,0,0.43877551,0.5,0.733333333,0.666666667,0.214285714,0.6,1,1,0.951219512
0,0.410958904,0.199029169,0.733333333,0,0,0.397959184,0.875,0.466666667,0.333333333,1,0,1,1,0.951219512
0,0.205479452,0.044271251,0.8,0,0,0.397959184,0.875,0.6,0,0.285714286,0.2,0.25,0,0.951219512
0,0.232876712,0.230650524,0.733333333,0,0,0.602040816,0.5,0.466666667,0.833333333,0.214285714,0.2,1,1,0.951219512
0,0.410958904,0.181139492,0.533333333,0,0,0.520408163,0.5,0.733333333,0.333333333,0.214285714,0,1,1,0.951219512
0,0.410958904,0.133301536,0.533333333,0,0,0.397959184,0.5,0.733333333,0.833333333,0.571428571,0.2,1,0,0.951219512
0,0.315068493,0.044006725,0.6,0,0,0.5,0.125,1,0,0.071428571,0.2,1,0,0.951219512
0,0,0.217043329,0.333333333,0.010550106,0,0.295918367,0,0,0.666666667,0,0.6,1,1,0.951219512
0,0.547945205,0.108504413,0.6,0,0,0.316326531,0,1,0.333333333,0,0,1,1,0.951219512
1,0.191780822,0.230144475,0.6,0.150241502,0,0.5,0.5,1,0.333333333,0.285714286,0,1,1,0.951219512
0,0.369863014,0.089735914,0.6,0.033250333,0,0.397959184,0.5,1,0,0.5,0.2,1,1,0.951219512
0,0.260273973,0.031816198,0.6,0,0,0.397959184,0.25,1,0.833333333,0.071428571,0.6,0.5,1,0.951219512
1,0.150684932,0.110563116,0.8,0,0,0.397959184,0.5,0.6,0.333333333,0.285714286,1,1,0,0.951219512
0,0.136986301,0.120213245,0.6,0,0,0.193877551,0.5,1,0,0.071428571,0.6,1,0,0.951219512
0,0.164383562,0.1167169,0.933333333,0,0,0.5,0.5,0.933333333,0.666666667,0.714285714,0.4,1,1,0.951219512
1,0.342465753,0.095926907,0.533333333,0.076880769,0,0.5,0.5,0.733333333,0.333333333,0.714285714,0,1,1,0.951219512
0,0.356164384,0.072684466,0.8,0,0,0.397959184,0.5,0.6,0.333333333,0.285714286,0,1,1,0.951219512
0,0.095890411,0.108155996,0.8,0,0,0.244897959,0,0.6,0.666666667,0,0.2,0.25,1,0.87804878
0,0.191780822,0.114984964,0.533333333,0,0,0.448979592,0.5,0.733333333,0,0.214285714,0.2,1,1,0.951219512
0,0.205479452,0.145183561,0.533333333,0,0,0.397959184,0.5,0.733333333,0.333333333,0.214285714,0,1,1,0.268292683
0,0.657534247,0.114053372,0.6,0,0,0.346938776,0.25,1,1,0.071428571,0.2,1,0,0.951219512
0,0.712328767,0.314162295,0.8,0,0,0.193877551,0,0.6,0.333333333,0,0,1,1,0.951219512
0,0.095890411,0.157043261,0.533333333,0,0,0.346938776,0.25,0.733333333,0.666666667,0.071428571,0.6,0.5,1,0.146341463
0,0.424657534,0.057176201,0.866666667,0,0,0.346938776,0.5,0.8,0,0.857142857,0.2,1,1,0.951219512
1,0.438356164,0.249396698,0.866666667,0.150241502,0,0.806122449,0.5,0.8,0.333333333,0.285714286,0,1,1,0.951219512
0,0.191780822,0.107501108,0.6,0,0,0.397959184,0.5,1,0,0.285714286,0.2,1,0,0.146341463
0,0.260273973,0.122838886,0.533333333,0,0,0.397959184,0.5,0.733333333,0.333333333,0.214285714,0,1,1,0.951219512
0,0.054794521,0.009848354,0.6,0,0,0.193877551,0.5,1,0.666666667,0.857142857,0.2,1,0,0.951219512
0,0.589041096,0.026971514,0.866666667,0,0,0.5,0.5,0.8,0.666666667,0.714285714,0.2,1,1,0.951219512
0,0.397260274,0.109694442,0.6,0,0,0.397959184,0.5,1,0.333333333,0.5,0,1,1,0.951219512
0,0.054794521,0.326329819,0.733333333,0,0,0.142857143,0,0.466666667,0.666666667,0,0.6,1,1,0.951219512
0,0.452054795,0.269194887,0.533333333,0,0,0.397959184,0.5,0.733333333,0.333333333,0.214285714,0,1,1,0.951219512
0,0.205479452,0.116469287,0.6,0.034640346,0,0.397959184,0.5,1,0.333333333,0.5,0,1,1,0.951219512
0,0.232876712,0.196388644,0.533333333,0,0,0.357142857,0.5,0.733333333,0.333333333,0.571428571,0,0.5,1,0.951219512
0,0.534246575,0.063976754,0.6,0,0,0.397959184,0.5,1,1,0.571428571,0.2,1,0,0.951219512
0,0.164383562,0.18787848,0.866666667,0,0,0.5,0.25,0.8,0.333333333,0.714285714,0,1,1,0.951219512
0,0.575342466,0.118905498,0.533333333,0,0,0.397959184,0.5,0.733333333,0,0.428571429,0.2,0.5,1,0.951219512
0,0.561643836,0.013586223,0.6,0,0,0.397959184,0.875,1,0.333333333,0.285714286,0,1,1,0.951219512
0,0.054794521,0.119239707,0.533333333,0,0,0.43877551,0.5,0.733333333,0.666666667,0.5,0.2,1,1,0.951219512
0,0.123287671,0.171689618,0.6,0,0,0.602040816,0.5,1,0.666666667,0.285714286,0.2,1,1,0.951219512
0,0.150684932,0.119788379,0.6,0,0,0.397959184,0.875,1,0.333333333,0.571428571,0,1,1,0.951219512
0,0.191780822,0.140269194,0.533333333,0,0,0.479591837,0.5,0.733333333,0.666666667,0.857142857,0.4,1,1,0.951219512
0,0.191780822,0.032406815,0.8,0,0,0.397959184,0.875,0.6,0,0.714285714,0.2,1,1,0.951219512
0,0.301369863,0.113180639,0.533333333,0,0,0.397959184,0.5,0.733333333,0.666666667,0.214285714,0.6,1,1,0.951219512
1,0.287671233,0.096241497,0.733333333,0.043860439,0,0.397959184,0.5,0.466666667,0.333333333,0.214285714,0,1,1,0.951219512
0,0.136986301,0.081536281,0.333333333,0,0.454545455,0.397959184,0.5,0,0.666666667,0.857142857,0.4,1,1,0.951219512
0,0.136986301,0.195768935,0.533333333,0,0,0.397959184,0.5,0.733333333,0.666666667,0.285714286,0.6,1,0,0.951219512
1,0.602739726,0.018932221,0.6,0,0,0.397959184,0.5,1,0.333333333,0.857142857,0,1,1,0.951219512
0,0.205479452,0.182055523,0.533333333,0,0,0.091836735,0.5,0.733333333,0.166666667,0.571428571,0.4,1,0,0.951219512
1,0.136986301,0.066157234,0.8,0,0,0.397959184,0.5,0.6,0.666666667,0.928571429,0.2,1,1,0.219512195
0,0.616438356,0.15025015,0.866666667,0,0,0.397959184,0.75,0.8,0.333333333,0.857142857,0,1,1,0.951219512
1,0.205479452,0.011480162,0.6,0,0,0.5,0.75,1,0.333333333,0.357142857,0,1,1,0.951219512
0,0.356164384,0.368756152,0.333333333,0,0,0.397959184,0.5,0,0.333333333,1,0,1,1,1
0,0.109589041,0.1720996,0.6,0,0,0.193877551,0.5,1,0.666666667,0.285714286,0.6,1,1,0.951219512
0,0.02739726,0.215915541,0.533333333,0,0,0.316326531,0.5,0.733333333,0.666666667,0.785714286,0.2,1,1,0.951219512
0,0.356164384,0.124929386,0.533333333,0,0,0.785714286,0.625,0.733333333,0.333333333,0.571428571,0,0.25,1,0.902439024
0,0.328767123,0.136833738,0.533333333,0,0.365013774,0.397959184,0.75,0.733333333,0,1,0.2,1,1,0.951219512
1,0.342465753,0.101382504,0.8,0.07298073,0,0.448979592,0.5,0.6,0.333333333,0.285714286,0,1,1,0.951219512
0,0.219178082,0.112574461,0.6,0.050130501,0,0.397959184,0.5,1,0.333333333,0.5,0,1,1,0.951219512
1,0.369863014,0.134199978,0.8,0,0,0.397959184,0.5,0.6,0.333333333,0.928571429,0,1,1,0.951219512
1,0.068493151,0.11795361,0.466666667,0,0,0.5,0.875,0.133333333,0.666666667,0.285714286,0.2,1,1,0.951219512
1,0.219178082,0.081398267,0.533333333,0,0,0.397959184,0.625,0.733333333,0.333333333,0.214285714,0,1,1,0.951219512
0,0.136986301,0.182921491,0.8,0,0,0.448979592,0.25,0.6,0.666666667,0.714285714,0.2,0.75,0,0
0,0.547945205,0.127780315,0.533333333,0,0,0.295918367,0.5,0.733333333,1,0.857142857,0.2,1,0,0.951219512
1,0.424657534,0.043851121,1,0,0,0.448979592,0.875,0.666666667,0.333333333,0.714285714,0,1,1,0.951219512
1,0.383561644,0.015459555,0.8,0,0,0.397959184,0.5,0.6,0.333333333,0.928571429,0,0.5,1,0.951219512
0,0.547945205,0.124206168,0.533333333,0,0,0.397959184,0.5,0.733333333,0.333333333,0.214285714,0,1,1,0.951219512
0,0.561643836,0.080726466,0.6,0,0,0.397959184,0.5,1,1,0.214285714,0.2,1,1,0.951219512
0,0.068493151,0.12065367,0.6,0,0,0.346938776,0.5,1,0.666666667,0.071428571,0.6,1,1,0.951219512
0,0.150684932,0.292276988,0.8,0,0,0.397959184,0.5,0.6,0.333333333,0.928571429,0,1,1,0.951219512
0,0.260273973,0.272390849,0.2,0,0,0.346938776,0.5,0.333333333,0,0.857142857,0.2,0.75,0,0.951219512
0,0.054794521,0.160248019,0.533333333,0,0,0.234693878,0.5,0.733333333,0.666666667,0.857142857,0.6,1,0,0.951219512
1,0.506849315,0.147935715,0.8,0,0,0.397959184,0.75,0.6,0.333333333,0.285714286,0,1,1,0.951219512
0,0.273972603,0.145666609,0.6,0,0,0.397959184,0.5,1,0.333333333,0.214285714,0,1,1,0.951219512
0,0.109589041,0.022819605,0.533333333,0,0,0.5,0.75,0.733333333,0.333333333,0.857142857,0,1,1,0.951219512
1,0.205479452,0.131867953,0.8,0,0,0.448979592,0.5,0.6,0.666666667,0.714285714,0.2,1,1,0.951219512
0,0.287671233,0.118156571,0.6,0,0,0.448979592,0.5,1,0.333333333,0.214285714,0,1,1,0.951219512
0,0.260273973,0.427566867,0.533333333,0,0,0.244897959,0.5,0.733333333,0.333333333,0.214285714,0,1,1,0.951219512
1,0.438356164,0.08232377,1,0,0,0.5,0.5,0.666666667,0.333333333,0.714285714,0,0.75,1,0.951219512
0,0.232876712,0.078021669,0.8,0,0,0.142857143,0.5,0.6,0.666666667,0.714285714,0.6,1,0,0.951219512
0,0.219178082,0.049621985,0.6,0,0,0.397959184,0.875,1,0.333333333,0.071428571,1,1,0,0.951219512
1,0.356164384,0.117411027,0.6,0,0,0.479591837,0.5,1,0.333333333,0.5,0,1,1,0.951219512
0,0.123287671,0.102092192,0.533333333,0,0,0.397959184,0.75,0.733333333,0.666666667,0.857142857,0.6,1,1,0.951219512
0,0.219178082,0.088875358,0.533333333,0,0,0.295918367,0.5,0.733333333,0.333333333,0.214285714,0,1,1,0.951219512
0,0.136986301,0.111221387,0.733333333,0,0,0.520408163,0.5,0.466666667,0.666666667,0.857142857,0.2,1,1,0.951219512
0,0.04109589,0.129188189,0.266666667,0,0,0.316326531,0.5,0.4,0.666666667,0.857142857,0.6,1,0,0.951219512
1,0.383561644,0.024345873,0.6,0,0,0.397959184,0.5,1,0.333333333,0.071428571,1,1,0,0.951219512
1,0.479452055,0.071179171,0.8,0,0.402892562,0.397959184,0.5,0.6,0,0.714285714,0.8,1,0,0.951219512
0,0.246575342,0.034654949,0.666666667,0,0,0.5,0.5,0.533333333,0.333333333,0.214285714,0,1,1,0.951219512
0,0.328767123,0.109310169,0.2,0,0,0.397959184,0.5,0.333333333,0.333333333,0.214285714,0,0.25,1,0.073170732
0,0.164383562,0.079541172,0.666666667,0,0,0.397959184,0.5,0.533333333,0.666666667,0.071428571,0.6,1,0,0.951219512
0,0.383561644,0.074962368,0.533333333,0,0,0.5,0.75,0.733333333,0.333333333,0.214285714,0,1,1,0.951219512
0,0.150684932,0.065431986,0.533333333,0,0,0.397959184,0.5,0.733333333,0.666666667,0.428571429,0.2,1,1,0.951219512
0,0.273972603,0.130608241,0.533333333,0,0,0.489795918,0.5,0.733333333,0,0.214285714,0.2,1,1,0.951219512
0,0.04109589,0.07125359,0.666666667,0,0,0.397959184,0.5,0.533333333,0.666666667,0.071428571,0.6,1,0,0.951219512
0,0.328767123,0.025226048,0.6,0,0,0.602040816,0.75,1,0.333333333,0.285714286,0,1,1,0.951219512
0,0.301369863,0.160411741,0.866666667,0,0,0.724489796,0.25,0.8,0.333333333,0.714285714,0,1,1,0.951219512
0,0.246575342,0.075312814,0.6,0,0,0.397959184,0.5,1,0.333333333,0.428571429,0,1,1,0.951219512
1,0.260273973,0.013563897,0.666666667,0,0,0.5,0.5,0.533333333,0.333333333,0.285714286,1,1,0,0.951219512
0,0.260273973,0.116614742,0.533333333,0,0,0.397959184,0.5,0.733333333,0.333333333,0.5,0,1,1,0.951219512
0,0.356164384,0.119012391,0.266666667,0,0,0.397959184,0.5,0.4,0,0.428571429,0.8,1,0,0.951219512
0,0.136986301,0.086987819,0.533333333,0,0,0.602040816,0.5,0.733333333,0.666666667,1,0.2,1,1,0.951219512
0,0.02739726,0.118586849,0.533333333,0,0,0.193877551,0.5,0.733333333,0.666666667,0.214285714,0.6,1,1,0.951219512
0,0.136986301,0.172941212,0.133333333,0,0,0.520408163,0.5,0.266666667,0.333333333,0.571428571,0,1,1,0.634146341
0,0.150684932,0.08656566,0.533333333,0,0,0.102040816,0.875,0.733333333,0.833333333,0.571428571,0.6,1,0,0.951219512
0,0.191780822,0.125712817,0.533333333,0,0,0.397959184,0.5,0.733333333,0.666666667,0.5,0.6,1,1,0.951219512
1,0.465753425,0.127027329,0.8,0,0.648301194,0.397959184,0.625,0.6,0.833333333,0.857142857,0.8,1,1,0.951219512
1,0.287671233,0.117767562,0.6,0,0,0.397959184,0.5,1,0.333333333,0.285714286,0,1,1,0.951219512
0,0.520547945,0.133735873,0.533333333,0,0,0.346938776,0.5,0.733333333,0.333333333,0.857142857,0,1,1,0.951219512
1,0.328767123,0.083059167,0.866666667,0.086140861,0,0.5,0.25,0.8,0.666666667,0.714285714,0.6,1,0,0.951219512
0,0.123287671,0.136069927,0.4,0,0,0.397959184,0.5,0.066666667,0.333333333,0.214285714,0,1,1,0.951219512
0,0.506849315,0.097062813,0.533333333,0.044160442,0,0.244897959,0,0.733333333,0,0,0.2,1,0,0.951219512
0,0.520547945,0.084251902,0.8,0,0,0.397959184,0,0.6,0.333333333,0,0,1,1,0.951219512
0,0.123287671,0.130452637,0.866666667,0,0,0.397959184,0.5,0.8,0.666666667,0.714285714,0.2,1,0,0.951219512
0,0,0.155820082,0.333333333,0,0,0.142857143,0.5,0,0.666666667,0.428571429,0.6,1,1,0.951219512
1,0.520547945,0.058754562,0.533333333,0,0.515610652,0.397959184,0.25,0.733333333,0.333333333,0.714285714,0.4,1,0,0.951219512
0,0.178082192,0.046234562,0.8,0,0,0.397959184,0.5,0.6,0.666666667,0.285714286,0.2,1,1,0.951219512
0,0,0.07641557,0.333333333,0,0,0.214285714,0.5,0,0.666666667,0.857142857,0.6,1,0,0.951219512
0,0.082191781,0.059033296,0.466666667,0,0,0.459183673,0.5,0.133333333,0.666666667,1,0.2,1,1,0.951219512
0,0.657534247,0.121792959,0.533333333,0,0,0.142857143,0.5,0.733333333,1,0.571428571,0.2,1,0,0.951219512
0,0.178082192,0.168117501,0.533333333,0,0,0.397959184,0.875,0.733333333,0.666666667,0.571428571,0.2,1,1,0.951219512
0,0.136986301,0.083749911,0.533333333,0,0,0.479591837,0.5,0.733333333,0.666666667,0.285714286,0.2,1,1,0.951219512
0,0.301369863,0.077041367,1,0,0,0.448979592,0.5,0.666666667,0.666666667,0.714285714,0.2,1,1,0.951219512
0,0.616438356,0.165746238,0.533333333,0,0,0.37755102,0.5,0.733333333,1,0.071428571,0.2,1,0,0.951219512
0,0.493150685,0.044409265,0.133333333,0,0,0.5,0.5,0.266666667,0.666666667,0.428571429,0.4,0.25,0,0.731707317
0,0.643835616,0.13458831,0.8,0,0,0.397959184,0.875,0.6,0.333333333,0.071428571,0,1,1,0.951219512
0,0.219178082,0.027573633,0.466666667,0,0,0.397959184,0.5,0.133333333,0.666666667,0.214285714,0.6,0.5,1,0.951219512
0,0.01369863,0.099140459,0.466666667,0,0,0.142857143,0,0.133333333,0.666666667,0,0.6,0.5,0,0.951219512
0,0.01369863,0.13900001,0.4,0,0,0.397959184,0.5,0.066666667,0.666666667,0.857142857,0.6,1,0,0.951219512
0,0.260273973,0.114629782,0.333333333,0,0,0.602040816,0.5,0,0.666666667,0.357142857,0.6,0.5,1,0.951219512
0,0.506849315,0.12730065,0.6,0,0,0.602040816,0.5,1,0.333333333,0.857142857,0,1,1,0.951219512
0,0.232876712,0.225956708,0.4,0,0,0.428571429,0.5,0.066666667,0,0.428571429,0.2,1,1,0.951219512
0,0.260273973,0.123363202,0.6,0,0,0.397959184,0.5,1,0,0.857142857,0.8,1,0,0.951219512
1,0.383561644,0.129841048,0.6,0,0,0.5,0.625,1,0.333333333,0.285714286,0,1,1,0.951219512
1,0.383561644,0.064539633,0.866666667,0,0,0.397959184,0.5,0.8,0,0.285714286,0.2,1,0,0.951219512
1,0.150684932,0.354297873,0.6,0,0,0.397959184,0.5,1,0.333333333,0.214285714,0,1,1,0.951219512
1,0.164383562,0.14684649,0.533333333,0,0,0.5,0.75,0.733333333,0.666666667,0.214285714,0.2,1,1,0.951219512
0,0.287671233,0.075466388,0.6,0,0.323232323,0.397959184,0.5,1,0.666666667,0.571428571,0.2,1,1,0.951219512
1,0.191780822,0.162684906,0.533333333,0,0.554407713,0.397959184,0.75,0.733333333,0.333333333,0.571428571,1,1,0,0.951219512
0,0.082191781,0.164376249,0.533333333,0,0,0.397959184,0.5,0.733333333,0.666666667,0.214285714,0.6,1,1,0.951219512
1,0.273972603,0.124373273,0.866666667,0,0,0.704081633,0.625,0.8,0.333333333,0.285714286,0,1,1,0.951219512
1,0.424657534,0.084291818,0.533333333,0,0,0.602040816,0.625,0.733333333,0.333333333,0.214285714,0,1,1,0.951219512
0,0.136986301,0.121255789,0.866666667,0,0,0.448979592,0.5,0.8,0.666666667,0.714285714,0.2,1,1,0.951219512
0,0.178082192,0.128144292,0.8,0,0,0.397959184,0.5,0.6,0.666666667,0.571428571,0.2,1,1,0.951219512
0,0.232876712,0.094314718,0.533333333,0,0,0.397959184,0.5,0.733333333,0,0.071428571,0.8,1,0,0.951219512
0,0.02739726,0.12841829,0.533333333,0,0,0.397959184,0.5,0.733333333,0.666666667,0.857142857,0.2,1,0,0.951219512
0,0.109589041,0.066114612,0.533333333,0,0,0.397959184,0.625,0.733333333,0,0.857142857,0.6,1,1,0.951219512
0,0.260273973,0.227138619,0.333333333,0,0,0.234693878,0.5,0,0.333333333,0.571428571,1,1,0,0.951219512
0,0.095890411,0.077316718,0.8,0,0,0.326530612,0.5,0.6,0.333333333,0.571428571,0,1,1,0.951219512
0,0.397260274,0.265895414,0.533333333,0,0,0.397959184,0.5,0.733333333,0.333333333,0.285714286,0,1,1,0.951219512
1,0.301369863,0.139505384,0.933333333,0.150241502,0,0.602040816,0.5,0.933333333,0.333333333,0.714285714,0,1,1,0.951219512
0,0.246575342,0.106762329,0.533333333,0,0,0.193877551,0.5,0.733333333,0.5,0.571428571,0.8,0.5,0,0.951219512
0,0.452054795,0.0888828,0.8,0,0,0.397959184,0.5,0.6,0.666666667,0.285714286,0.2,1,1,0.951219512
0,0.02739726,0.153419727,0.533333333,0,0,0.397959184,0.5,0.733333333,0.666666667,0.214285714,0.6,1,1,0.951219512
0,0.136986301,0.189318828,0.533333333,0,0,0.448979592,0.5,0.733333333,0,0.928571429,0.2,1,0,0.951219512
0,0.04109589,0.030858898,0.466666667,0,0,0.397959184,0.5,0.133333333,0.666666667,0.357142857,0.6,1,1,0.951219512
1,0.561643836,0.130254412,0.6,0,0,0.602040816,0.75,1,0.333333333,0.285714286,0,1,1,0.951219512
0,0.383561644,0.126742507,0.6,0,0,0.193877551,0.5,1,0,0.714285714,0.8,1,0,0.951219512
0,0.219178082,0.084584082,0.533333333,0,0,0.397959184,0.5,0.733333333,0.666666667,0.5,0.6,1,0,0
0,0.136986301,0.063889481,0.533333333,0,0,0.397959184,0.875,0.733333333,0.333333333,0.928571429,0,1,1,0.951219512
0,0.178082192,0.120787625,0.6,0,0,0.397959184,0.5,1,0.666666667,0.571428571,0.6,0.5,0,0.951219512
1,0.397260274,0.281520721,0.8,0,0,0.397959184,0.5,0.6,0.333333333,0.285714286,0,1,1,0.951219512
0,0.164383562,0.105038512,0.733333333,0,0,0.12244898,0.25,0.466666667,0,0.571428571,0.8,1,0,0.951219512
0,0.054794521,0.120155062,0.533333333,0.033250333,0,0.602040816,0.5,0.733333333,0.666666667,0.428571429,0.2,1,1,0.951219512
0,0.397260274,0.039556462,0.2,0,0,0.5,0.5,0.333333333,0.666666667,0.428571429,0.2,1,1,0.951219512
1,0.520547945,0.105769849,0.6,0,0,0.112244898,0.75,1,0,0.928571429,0.2,1,0,0.951219512
0,0.328767123,0.091352161,0.533333333,0,0,0.5,0.5,0.733333333,0.333333333,0.857142857,0,0,1,0.951219512
0,0.068493151,0.126695149,0.533333333,0,0,0.479591837,0.5,0.733333333,0.666666667,1,0.2,1,1,0.951219512
0,0.082191781,0.135533433,0.533333333,0,0,0.5,0.5,0.733333333,0.333333333,0.5,0,1,1,0.951219512
1,0.452054795,0.127414308,0.866666667,0,0,0.602040816,0.75,0.8,0.333333333,0.285714286,0,1,1,0.951219512
0,0.164383562,0.266810769,0.533333333,0,0,0.397959184,0.5,0.733333333,0.666666667,0.428571429,0.2,1,1,0.951219512
0,0.164383562,0.140810424,0.8,0,0,0.56122449,0.25,0.6,0.666666667,0.785714286,0.2,1,1,0.951219512
1,0.342465753,0.120260602,0.8,0.150241502,0,0.5,0.875,0.6,0.333333333,0.285714286,0,1,1,0.951219512
0,0.438356164,0.089457857,0.533333333,0,0,0.397959184,0.5,0.733333333,0.333333333,0.071428571,0,1,1,0.951219512
0,0.01369863,0.061708324,0.6,0,0,0.295918367,0,1,0.666666667,0,0.6,1,0,0.951219512
1,0.315068493,0.111243712,0.6,0,0,0.397959184,0.5,1,0.333333333,0.857142857,0,1,1,0.951219512
0,0.095890411,0.07627688,0.533333333,0,0,0.397959184,0.5,0.733333333,0.666666667,0.428571429,0.4,1,1,0.951219512
0,0.191780822,0.11439367,0.533333333,0,0,0.346938776,0.5,0.733333333,0,0.071428571,0.8,1,0,0.951219512
0,0.684931507,0.129785571,0.8,0,0,0.091836735,0.25,0.6,0.333333333,0.714285714,0,1,1,0.951219512
1,0.328767123,0.070706271,0.533333333,0.07298073,0,0.5,0.5,0.733333333,0.333333333,0.857142857,0,1,1,0.951219512
0,0.410958904,0.010506625,0.266666667,0,0.394628099,0.295918367,0.5,0.4,0,0.571428571,0.2,1,0,0.951219512
0,0.383561644,0.184890891,0.533333333,0,0,0.397959184,0.75,0.733333333,0.333333333,0.285714286,0,0.25,1,0.073170732
1,0.164383562,0.083749911,0.533333333,0,0,0.602040816,0.5,0.733333333,0.333333333,0.857142857,0,1,1,0.951219512
0,0.452054795,0.07854125,0.133333333,0,0,0.551020408,0.5,0.266666667,0.333333333,0.428571429,0,1,1,0
1,0.232876712,0.071143991,0.8,0,0,0.653061224,0.5,0.6,0.333333333,0.285714286,0,1,1,0.951219512
1,0.397260274,0.248882529,0.533333333,0,0,0.397959184,0.5,0.733333333,0.333333333,0.928571429,0,0.5,1,0.951219512
1,0.575342466,0.012754082,0.533333333,0,0,0.397959184,0.5,0.733333333,0.333333333,0.214285714,0,1,1,0.951219512
0,0.136986301,0.123101383,0.933333333,0,0,0.397959184,0.5,0.933333333,0.666666667,0.714285714,0.6,1,0,0.951219512
0,0.219178082,0.072757532,0.533333333,0,0,0.602040816,0.25,0.733333333,0.333333333,0.071428571,1,1,0,0.951219512
0,0.438356164,0.103962141,0.533333333,0,0.436639118,0.397959184,0.5,0.733333333,0.333333333,0.5,0,1,1,0.951219512
0,0.301369863,0.147608271,0.8,0,0.250688705,0.397959184,0.5,0.6,0.666666667,0.857142857,0.6,1,1,0.268292683
0,0.02739726,0.104960034,0.6,0,0,0.397959184,0,1,0.666666667,0,0.6,1,1,0.951219512
1,0.232876712,0.2028056,0.8,0,0,0.397959184,0.5,0.6,0.666666667,0.285714286,0.2,1,1,0.951219512
0,0.01369863,0.062524905,0.533333333,0,0,0.397959184,0.5,0.733333333,0.666666667,0.071428571,0.6,0.5,1,0.951219512
0,0.068493151,0.084774189,0.6,0,0,0.346938776,0.5,1,0.666666667,0.857142857,0.6,1,1,0.951219512
1,0.671232877,0.109735034,1,0.200512005,0,0.346938776,0.25,0.666666667,0.333333333,0.714285714,0,0.5,1,0.56097561
0,0.04109589,0.07439137,0.533333333,0,0,0.275510204,0,0.733333333,0.666666667,0,0.2,1,0,0.951219512
0,0.547945205,0.016713855,0.533333333,0,0,0.520408163,0.5,0.733333333,0.333333333,0.214285714,0,0.5,1,0.951219512
0,0.356164384,0.145464324,0.8,0,0,0.448979592,0.75,0.6,0.666666667,0.857142857,0.2,1,1,0.951219512
0,0.164383562,0.048765488,0.333333333,0,0,0.397959184,0.5,0,0.5,0.071428571,0.8,1,0,0.634146341
0,0.054794521,0.133797438,0.6,0,0,0.397959184,0.5,1,0.666666667,0.071428571,0.6,1,0,0.951219512
0,0.301369863,0.226094045,0.6,0,0,0.448979592,0.5,1,0.666666667,0.285714286,0.2,1,1,0.951219512
1,0.246575342,0.195110665,0.533333333,0.07298073,0,0.346938776,0.25,0.733333333,0.333333333,0.785714286,0,0.5,1,0.951219512
0,0.082191781,0.747866709,0.6,0,0,0.295918367,0.875,1,0.666666667,0.785714286,0.2,0.5,1,0.951219512
0,0.616438356,0.014261407,0.533333333,0,0,0.397959184,0.25,0.733333333,1,0.571428571,0.2,1,0,0.048780488
0,0.02739726,0.118883172,0.6,0,0,0.193877551,0.5,1,0.666666667,0.857142857,0.6,0.5,0,0.951219512
0,0.397260274,0.042602233,0.533333333,0,0,0.397959184,0.5,0.733333333,0.333333333,0.642857143,1,1,0,0.951219512
0,0.232876712,0.102038745,0.866666667,0,0,0.397959184,0.5,0.8,0.333333333,0.857142857,0,1,1,0.951219512
0,0.287671233,0.087475602,0.533333333,0,0,0.551020408,0.625,0.733333333,0,0.857142857,0.8,1,1,0.951219512
1,0.301369863,0.28502992,0.533333333,0,0,0.448979592,0.5,0.733333333,0.333333333,1,0,0.5,1,0.951219512
0,0.684931507,0.062871292,0.6,0,0,0.244897959,0.5,1,1,0.071428571,0.2,1,0,0.951219512
0,0.082191781,0.020881325,0.8,0,0,0.397959184,0.5,0.6,0.666666667,0.714285714,0.2,1,1,0.951219512
0,0.794520548,0.130960717,0.6,0,0.398301194,0.397959184,0.75,1,0.333333333,0.214285714,0,0.5,1,0.951219512
0,0.068493151,0.201548594,0.2,0,0,0.397959184,0.5,0.333333333,0.333333333,0.428571429,0,1,1,0.951219512
0,0.301369863,0.182041316,0.333333333,0,0,0.142857143,0,0,1,0,0.8,1,0,0.951219512
0,0.205479452,0.112533869,0.533333333,0,0,0.397959184,0.5,0.733333333,0.666666667,0.571428571,0.2,0.5,0,0
1,0.232876712,0.144885885,0.6,0,0,0.397959184,0.25,1,0.333333333,0.785714286,0,1,1,0.951219512
0,0.246575342,0.336358808,0.8,0,0,0.448979592,0.5,0.6,0.666666667,0.285714286,0.2,1,0,0.951219512
0,0.219178082,0.059433806,0.533333333,0,0.399449036,0.244897959,0.5,0.733333333,0.333333333,0.071428571,1,1,0,0.951219512
1,0.328767123,0.121277438,0.866666667,1,0,0.551020408,0.5,0.8,0.333333333,0.285714286,0,1,1,0.951219512
0,0.602739726,0.025842374,0.2,0,0,0.56122449,0.75,0.333333333,0.333333333,0.357142857,0,1,1,0.951219512
1,0.301369863,0.118924441,0.666666667,0,0,0.602040816,0.625,0.533333333,0.333333333,0.285714286,0,1,1,0.951219512
1,0.219178082,0.075099705,0.533333333,0,0,0.846938776,0.5,0.733333333,0.333333333,0.5,0,1,1,0.951219512
0,0.150684932,0.156602835,0.4,0,0,0.397959184,0.5,0.066666667,0.833333333,0.214285714,0.8,1,0,0.951219512
0,0.383561644,0.096875412,0.6,0,0,0.397959184,0.5,1,0,0.928571429,0.8,1,0,0.951219512
1,0.479452055,0.130897799,0.866666667,0,0,0.397959184,0.25,0.8,0.333333333,0.714285714,0,0.5,1,0.951219512
0,0.465753425,0.229434787,0.6,0,0,0.397959184,0.5,1,0,0.714285714,0.8,1,0,0.951219512
0,0.191780822,0.212823089,0.6,0,0,0.397959184,0.5,1,0,0.214285714,0.6,0.5,1,0.951219512
0,0.630136986,0.102511645,0.6,0,0,0.193877551,0.5,1,1,0.857142857,0.2,1,0,0.951219512
0,0.561643836,0.059547464,0.466666667,0,0,0.397959184,0.5,0.133333333,0.333333333,0.214285714,0,1,1,0.951219512
0,0.109589041,0.26923142,0.533333333,0,0,0.397959184,0.5,0.733333333,0.666666667,0.214285714,0.6,1,1,0.951219512
1,0.342465753,0.074035511,0.866666667,0,0.436639118,0.602040816,0.25,0.8,0.333333333,0.285714286,0,1,1,0.951219512
0,0.835616438,0.083831772,0.8,0,0,0.142857143,0.25,0.6,0.333333333,0.285714286,0,1,1,0.951219512
0,0.02739726,0.35056068,0.533333333,0,0,0.5,0.5,0.733333333,0.666666667,0.571428571,0.2,1,0,0.951219512
0,0.219178082,0.24863627,0.533333333,0,0,0.397959184,0.5,0.733333333,0.333333333,0.214285714,0,1,1,0.951219512
0,0.273972603,0.110170724,0.533333333,0,0,0.448979592,0.5,0.733333333,0,0.071428571,0.8,1,0,0.951219512
0,0.643835616,0.122067633,0.8,0,0.383838384,0.091836735,0,0.6,0.333333333,0,0,1,1,0.951219512
0,0.150684932,0.114457265,0.533333333,0,0,0.397959184,0.5,0.733333333,0.666666667,0.5,0.6,1,1,0.951219512
0,0.602739726,0.013624109,0.533333333,0.220402204,0,0.397959184,0.75,0.733333333,0.333333333,0.357142857,1,1,0,0.951219512
0,0.561643836,0.019679795,0.533333333,0,0,0.397959184,0.5,0.733333333,1,0.071428571,0.8,0,1,0.951219512
0,0,0.039633587,0.4,0,0,0.153061224,0.5,0.066666667,0.666666667,0.214285714,0.6,1,1,0.951219512
0,0.068493151,0.15157481,0.6,0,0.395087236,0.193877551,0,1,0.666666667,0,0.6,0.5,1,0.951219512
0,0.150684932,0.092252633,0.733333333,0,0,0.397959184,0.5,0.466666667,0,0.714285714,0.2,1,0,0.951219512
0,0.109589041,0.063775146,0.8,0,0,0.193877551,0.5,0.6,0.666666667,0.714285714,0.6,1,1,0.951219512
0,0.205479452,0.119044188,0.533333333,0,0,0.397959184,0.5,0.733333333,0,0.214285714,0.6,1,1,0.951219512
0,0.164383562,0.073309587,0.733333333,0,0,0.397959184,0.5,0.466666667,0.333333333,0.928571429,1,0.5,0,0.951219512
0,0.589041096,0.084870257,0.8,0,0,0.5,0.75,0.6,0.333333333,0.357142857,0,1,1,0.951219512
0,0.04109589,0.149185956,0.533333333,0,0,0.244897959,0,0.733333333,0.666666667,0,0.6,0.5,0,0.951219512
0,0.232876712,0.11833856,0.733333333,0,0,0.5,0.5,0.466666667,0.666666667,0.857142857,0.8,1,1,0.951219512
0,0.315068493,0.051069098,0.533333333,0,0,0.397959184,0.5,0.733333333,0.666666667,0.071428571,0.2,1,0,0.951219512
0,0.438356164,0.091988106,0.533333333,0,0,0.275510204,0.75,0.733333333,0,0.357142857,0.2,1,0,0.951219512
0,0.054794521,0.110164635,0.6,0,0,0.397959184,0.5,1,0.666666667,0.357142857,0.6,1,1,0.951219512
0,0.095890411,0.15917503,0.533333333,0,0,0.397959184,0.5,0.733333333,0.666666667,0.214285714,0.2,1,1,0.951219512
0,0.01369863,0.067106416,0.4,0,0,0.397959184,0.5,0.066666667,0.666666667,0.428571429,0.6,1,1,0.951219512
0,0.698630137,0.1362783,0.533333333,0,0,0.397959184,0.5,0.733333333,0.333333333,0.857142857,0,1,1,0.951219512
0,0.02739726,0.084765394,0.533333333,0,0,0.530612245,0.75,0.733333333,0.666666667,0.571428571,0.6,1,1,0.951219512
0,0.095890411,0.013548337,0.6,0,0,0.397959184,0.5,1,0.333333333,0.571428571,1,1,0,0.951219512
1,0.410958904,0.24701461,0.866666667,0,0,0.397959184,0.25,0.8,0.333333333,0.714285714,0,1,1,0.951219512
0,0.575342466,0.044472182,0.2,0,0,0.397959184,0.75,0.333333333,0.333333333,0.285714286,0,1,1,0.951219512
1,0.465753425,0.101448805,0.866666667,0,0.433195592,0.469387755,0.5,0.8,0.333333333,0.285714286,0,1,1,0.951219512
0,0.328767123,0.237146636,0.6,0,0,0.5,0.5,1,0.833333333,0.285714286,0.2,1,1,0.951219512
0,0.123287671,0.127211347,0.333333333,0,0,0.37755102,0.5,0,0.333333333,0.428571429,0,1,1,0.951219512
0,0.04109589,0.178203996,0.533333333,0,0,0.275510204,0.5,0.733333333,0.666666667,0.428571429,0.6,1,1,0.951219512
0,0.136986301,0.077426317,0.533333333,0,0,0.397959184,0.5,0.733333333,0.666666667,0.857142857,0.2,1,0,0.951219512
0,0.232876712,0.104991154,0.533333333,0,0,0.5,0.5,0.733333333,0.333333333,0.857142857,0,1,1,0.951219512
0,0.452054795,0.090672918,0.266666667,0,0,0.397959184,0.5,0.4,0.333333333,0.5,0,1,1,0.951219512
0,0.643835616,0.044380173,0.666666667,0,0,0.397959184,0.5,0.533333333,0.333333333,0.857142857,0,0.25,1,0.731707317
1,0.164383562,0.323416649,0.6,0,0,0.448979592,0.5,1,0.333333333,1,0,1,1,0.951219512
0,0.301369863,0.031585499,0.733333333,0.015060151,0,0.397959184,0.5,0.466666667,0,0.285714286,0.8,1,1,0.951219512
0,0.178082192,0.120257896,0.8,0,0,0.397959184,0.5,0.6,0.666666667,0.5,0.2,1,0,0.951219512
0,0.794520548,0.039983357,0.533333333,0,0,0.193877551,0.5,0.733333333,0,0.428571429,0.2,1,0,0.951219512
0,0.328767123,0.149423421,0.533333333,0,0,0.602040816,0.75,0.733333333,0.333333333,0.285714286,0,1,1,0.951219512
0,0.02739726,0.077941162,0.533333333,0,0,0.397959184,0.5,0.733333333,0.666666667,0.571428571,0.2,1,1,0.951219512
0,0.520547945,0.026529736,0.6,0,0,0.724489796,0.75,1,0.333333333,0.357142857,0,1,1,0.951219512
0,0.191780822,0.124306972,1,0,0,0.602040816,0.5,0.666666667,0.5,0.714285714,0.2,0.25,1,0.073170732
0,0.191780822,0.126917053,0.466666667,0,0,0.397959184,0.5,0.133333333,0,1,0.6,1,1,0.951219512
1,0.479452055,0.139545976,0.6,0.140841408,0,0.153061224,0.5,1,0.5,0.071428571,0.2,1,0,0.951219512
0,0.602739726,0.097804975,0.666666667,0,0,0.071428571,0.5,0.533333333,1,0.928571429,0.8,1,0,0.951219512
0,0.575342466,0.147900535,0.266666667,0,0,0.397959184,0.5,0.4,0.833333333,0.5,0.8,1,0,0.634146341
0,0.438356164,0.014469781,0.466666667,0,0,0.346938776,0.5,0.133333333,0.666666667,1,0.2,0.25,1,0.951219512
0,0.301369863,0.078612287,0.6,0,0,0.602040816,0.5,1,0.333333333,0.571428571,1,1,0,0.951219512
0,0.01369863,0.116239941,0.6,0,0,0.244897959,0,1,0.666666667,0,0.6,1,1,0.951219512
1,0.260273973,0.261580459,0.8,0,0.340909091,0.5,0.5,0.6,0.333333333,0.714285714,0,1,1,0.951219512
0,0.301369863,0.329135419,0.533333333,0,0,0.397959184,0.5,0.733333333,0,0.071428571,0.2,1,1,0.951219512
0,0.315068493,0.069839627,0.866666667,0,0,0.397959184,0.5,0.8,0.333333333,0.571428571,0,0.25,1,0.073170732
0,0.136986301,0.100131587,0.6,0,0,0.397959184,0.5,1,0.666666667,0.071428571,0.8,0.5,0,0.268292683
0,0.369863014,0.048879823,0.6,0,0,0.479591837,0.5,1,0,0.857142857,0.8,1,0,0.951219512
0,0.232876712,0.162934548,0.8,0,0,0.397959184,0.875,0.6,0.333333333,0.714285714,0,1,1,0.951219512
0,0.219178082,0.071508644,0.333333333,0,0,0.448979592,0.5,0,0,0.571428571,0.8,1,0,0.951219512
0,0.205479452,0.132002584,0.533333333,0,0,0.397959184,0.5,0.733333333,0.666666667,0.5,0.8,0.5,0,0.951219512
0,0.493150685,0.129680032,0.533333333,0,0,0.397959184,0.5,0.733333333,0.666666667,0.071428571,0.2,1,1,0.951219512
0,0.191780822,0.060399225,0.6,0,0,0.346938776,0.5,1,0,0.571428571,0.6,1,0,0.951219512
0,0.178082192,0.127162636,0.666666667,0,0,0.397959184,0.5,0.533333333,0.666666667,0.214285714,0.2,1,1,0.951219512
0,0.397260274,0.182836248,0.666666667,0,0,0.397959184,0.5,0.533333333,0.833333333,0.5,0.2,0.5,0,0.951219512
0,0.01369863,0.14834908,0.533333333,0,0,0.326530612,0.5,0.733333333,0.666666667,0.857142857,0.6,1,0,0.951219512
0,0.424657534,0.065131603,0.6,0.033250333,0,0.602040816,0.75,1,0,0.857142857,0.2,1,0,0.951219512
0,0.369863014,0.125825798,0.733333333,0,0,0.428571429,0.5,0.466666667,0,0.714285714,0.2,1,0,0.951219512
0,0.082191781,0.11060912,0.6,0,0,0.193877551,0.5,1,0.666666667,0.571428571,0.2,1,0,0.951219512
1,0.589041096,0.149063503,0.8,0,0,0.346938776,0.5,0.6,0.333333333,0.285714286,0,1,1,0.951219512
0,0.438356164,0.136082781,0.533333333,0,0,0.397959184,0.5,0.733333333,0.833333333,0.714285714,0.8,0.5,0,0.951219512
0,0.643835616,0.104477662,0.6,0,0,0.193877551,0.5,1,0.333333333,0.285714286,0,1,1,0.951219512
0,0.315068493,0.021149234,0.6,0,0,0.479591837,0.5,1,0,0.5,0.8,1,0,0.951219512
0,0.082191781,0.125340045,0.6,0,0,0.346938776,0.5,1,0.666666667,0.857142857,0.6,1,0,0.951219512
0,0.356164384,0.097750175,0.333333333,0,0,0.397959184,0.5,0,0.333333333,0.071428571,0,1,1,0.951219512
0,0.164383562,0.075567869,0.866666667,0,0,0.397959184,0.25,0.8,0.666666667,0.714285714,0.6,0.25,1,0.87804878
0,0.342465753,0.206858736,0.4,0,0,0.397959184,0.25,0.066666667,0.333333333,1,0,1,1,0.951219512
1,0.479452055,0.174503337,0.8,0.150241502,0,0.43877551,0.5,0.6,0.333333333,0.714285714,0,1,1,0.951219512
0,0.273972603,0.077435112,0.066666667,0,0,0.530612245,0.5,0.2,0.333333333,0.571428571,0,1,1,0.634146341
0,0.095890411,0.14960541,0.533333333,0,0,0.397959184,0.5,0.733333333,0,0.285714286,0.2,1,0,0.951219512
1,0.424657534,0.154483244,0.533333333,0,0,0.397959184,0.5,0.733333333,0.333333333,0.214285714,0,1,1,0.536585366
1,0.602739726,0.043830825,0.4,0,0,0.397959184,0.25,0.066666667,0.333333333,0.285714286,0,1,1,0.951219512
1,0.273972603,0.043624481,0.933333333,0,0,0.387755102,0.875,0.933333333,0.333333333,0.714285714,1,1,0,0.951219512
1,0.452054795,0.102605684,0.866666667,0,0,0.397959184,0.5,0.8,0.333333333,0.857142857,0,1,1,0.951219512
0,0.095890411,0.209373425,0.533333333,0,0,0.37755102,0.5,0.733333333,0.666666667,0.285714286,0.2,1,1,0.951219512
0,0.232876712,0.279208993,0.266666667,0,0,0.397959184,0.5,0.4,0.333333333,0.214285714,0,1,1,0.634146341
0,0.410958904,0.441464974,0.8,0,0,0.397959184,0.5,0.6,0.333333333,0.571428571,0,1,1,0.195121951
0,0.315068493,0.056673534,0.533333333,0,0,0.448979592,0.5,0.733333333,0.833333333,0.071428571,0.8,1,0,0.951219512
0,0.287671233,0.105160965,0.8,0,0,0.846938776,0.5,0.6,0.5,1,0.2,0.75,1,0.463414634
1,0.287671233,0.074388664,0.533333333,0,0,0.551020408,0.125,0.733333333,0.333333333,0.071428571,0,1,1,0.951219512
1,0.684931507,0.104120451,0.533333333,0,0,0.37755102,0.5,0.733333333,1,0.285714286,0.8,1,1,0.951219512
0,0.219178082,0.19166709,0.066666667,0,0,0.397959184,0.75,0.2,0.5,0.214285714,0.2,1,1,0.634146341
0,0.01369863,0.128087463,0.4,0,0,0.040816327,0.5,0.066666667,0.666666667,0.857142857,0.6,1,0,0.951219512
0,0.657534247,0.070205634,0.533333333,0.067230672,0,0.397959184,0.625,0.733333333,0,0.857142857,0.2,1,0,0.951219512
0,0.520547945,0.090174986,0.533333333,0.34095341,0,0.602040816,0.75,0.733333333,0,0.285714286,0.2,1,1,0.951219512
0,0.01369863,0.182738826,0.6,0,0,0.204081633,0.5,1,0.666666667,0.857142857,0.6,0.5,0,0.951219512
0,0.328767123,0.064299462,0.666666667,0,0,0.397959184,0.25,0.533333333,0,0.714285714,0.8,1,0,0.951219512
0,0.136986301,0.216467596,0.533333333,0,0,0.397959184,0.25,0.733333333,0.666666667,0.357142857,0.6,1,1,0.951219512
0,0,0.158325299,0.4,0,0,0.193877551,0.25,0.066666667,0.666666667,0.714285714,0.6,1,0,0.804878049
1,0.369863014,0.122547975,0.866666667,0.043860439,0,0.397959184,0.25,0.8,0.333333333,0.714285714,1,1,0,0.951219512
0,0.671232877,0.109939348,0.6,0,0,0.193877551,0.5,1,0,0.071428571,0.2,1,0,0.951219512
1,0.342465753,0.099561942,0.8,0.051780518,0,0.397959184,0.5,0.6,0.333333333,0.285714286,0,1,1,0.951219512
0,0.287671233,0.140922729,0.533333333,0,0,0.397959184,0.5,0.733333333,0.333333333,0.214285714,0,1,1,0.951219512
0,0.684931507,0.165437737,0.533333333,0,0,0.193877551,0.25,0.733333333,0,0.785714286,0.2,0.5,1,0.951219512
1,0.068493151,0.244925462,0.533333333,0,0,0.5,0.5,0.733333333,0.333333333,1,0,1,1,0.951219512
0,0.136986301,0.389025888,0.733333333,0,0,0.397959184,0.5,0.466666667,0.333333333,1,0.6,1,1,0.195121951
1,0.520547945,0.187145114,0.533333333,0.047870479,0,0.397959184,0.5,0.733333333,0,0.214285714,0.2,1,1,0.951219512
0,0.342465753,0.222525987,0.533333333,0,0,0.397959184,0.5,0.733333333,0,0.214285714,0.4,1,0,0.951219512
0,0.068493151,0.127550292,0.533333333,0,0,0.397959184,0.5,0.733333333,0.333333333,1,0,1,1,0.951219512
1,0.657534247,0.085911448,0.8,1,0,0.602040816,0.625,0.6,0.333333333,0.857142857,0,1,1,0.951219512
0,0.630136986,0.038283219,0.533333333,0,0,0.193877551,0.5,0.733333333,0.333333333,1,1,0.25,0,0.951219512
0,0.082191781,0.064674941,0.8,0,0,0.397959184,0.5,0.6,0.666666667,0.071428571,0.6,1,0,0.951219512
0,0.068493151,0.019942968,0.6,0,0,0.244897959,0.5,1,0.666666667,0.571428571,0.2,1,1,0.951219512
1,0.397260274,0.072808273,0.933333333,0,0.359044995,0.551020408,0.875,0.933333333,0.666666667,0.714285714,0.2,1,0,0.951219512
0,0.123287671,0.176653373,0.6,0,0,0.397959184,0.25,1,0.666666667,0.785714286,0.2,1,1,0.707317073
1,0.561643836,0.15014258,0.533333333,0.143441434,0,0.479591837,0.5,0.733333333,0,0.214285714,0.2,1,1,0.951219512
0,0.054794521,0.007799123,0.333333333,0,0,0.397959184,0.5,0,0,0.214285714,0.2,0,1,0.951219512
0,0.520547945,0.175568207,0.533333333,0,0,0.397959184,0.75,0.733333333,0.333333333,0.571428571,0,1,1,0.951219512
0,0.246575342,0.157307111,0.533333333,0,0,0.397959184,0.5,0.733333333,0.666666667,0.428571429,0.4,1,1,0.707317073
0,0.04109589,0.123363202,0.533333333,0.037810378,0,0.5,0.5,0.733333333,0.333333333,0.071428571,0,1,1,0.951219512
0,0.301369863,0.206444695,0.533333333,0,0,0.397959184,0.5,0.733333333,0.333333333,0.214285714,0,1,1,0.951219512
1,0.520547945,0.116768316,0.666666667,0.051780518,0,0.5,0.5,0.533333333,0.333333333,1,0,1,1,0.951219512
1,0.383561644,0.051605592,0.6,0.076880769,0,0.397959184,0.125,1,0.333333333,0.285714286,0,1,1,0.951219512
1,0.506849315,0.090070123,0.8,0,0,0.602040816,0.5,0.6,0.333333333,0.857142857,0,1,1,0.951219512
1,0.643835616,0.026385633,0.866666667,0.064180642,0,0.653061224,0.625,0.8,0.333333333,0.857142857,0,1,1,0.951219512
0,0.178082192,0.225853198,0.733333333,0.050130501,0,0.448979592,0.25,0.466666667,0.333333333,0.785714286,0,1,1,0.951219512
0,0.356164384,0.315731185,0.533333333,0,0,0.5,0,0.733333333,0.333333333,0,0,1,1,0.951219512
1,0.273972603,0.076368889,0.6,0,0,0.602040816,0.5,1,0.333333333,0.285714286,0,1,1,0.951219512
0,0.150684932,0.059525138,0.8,0,0,0.397959184,0.25,0.6,0,0.714285714,0.2,1,1,0.951219512
0,0.219178082,0.014287792,0.533333333,0,0,0.479591837,0,0.733333333,0,0,0.8,1,1,0.951219512
0,0.095890411,0.464194599,0.6,0,0,0.244897959,0.5,1,0.666666667,0.071428571,0.6,0.5,0,0.951219512
0,0.794520548,0.059546111,0.333333333,0,0,0.142857143,0.5,0,1,0.571428571,0.2,1,0,0.951219512
0,0.136986301,0.055326548,0.666666667,0,0,0.397959184,0.5,0.533333333,0,0.5,0.2,1,1,0.951219512
0,0.890410959,0.079861175,0.2,0,0,0.5,0.625,0.333333333,0.333333333,0.357142857,0,1,1,0.951219512
0,0.054794521,0.128494062,0.533333333,0,0,0.397959184,0.5,0.733333333,0.666666667,0.5,0.2,1,0,0.951219512
1,0.465753425,0.101925764,0.933333333,0,0,0.397959184,0.625,0.933333333,0.333333333,0.714285714,0,1,1,0.951219512
0,0.698630137,0.066737703,0.533333333,0,0,0.316326531,0,0.733333333,1,0,0.2,1,0,0.951219512
1,0.342465753,0.224839745,1,0,0,1,0.75,0.666666667,0.666666667,0.714285714,0.2,1,1,0.951219512
0,0.068493151,0.096142046,0.533333333,0,0,0.397959184,0.125,0.733333333,0.666666667,0.571428571,0.6,1,0,0.951219512
0,0.04109589,0.085685485,0.6,0,0,0.091836735,0.5,1,0.666666667,0.714285714,0.6,1,0,0.951219512
0,0.342465753,0.144040213,0.8,0,0,0.397959184,0.5,0.6,0.333333333,0.285714286,0,1,1,0.951219512
0,0.191780822,0.229248739,0.533333333,0,0,0.397959184,0.125,0.733333333,0.333333333,0.928571429,0,1,1,0.951219512
0,0.438356164,0.276025208,0.6,0,0,0.397959184,0.125,1,0.666666667,0.071428571,0.8,0.5,0,0.951219512
0,0.246575342,0.093253908,0.666666667,0,0,0.397959184,0.5,0.533333333,0,0.571428571,0.8,0.5,0,0.951219512
0,0.575342466,0.06082612,0.533333333,0,0,0.448979592,0.5,0.733333333,0.333333333,1,0,1,1,0.951219512
0,0.01369863,0.017207727,0.333333333,0,0,0.397959184,0.5,0,0.666666667,0.5,0.6,1,1,0.951219512
1,0.123287671,0.210240069,0.6,0,0,0.448979592,0.5,1,0.333333333,0.285714286,0,1,1,0.268292683
0,0.794520548,0.119291801,0.533333333,0,0,0.397959184,0.5,0.733333333,1,0.071428571,0.2,1,0,0.951219512
0,0.219178082,0.164208468,0.6,0,0,0.5,0.5,1,0.666666667,0.857142857,0.2,1,1,0.951219512
0,0.109589041,0.202175744,0.933333333,0,0,0.193877551,0.5,0.933333333,0.666666667,0.714285714,0.2,1,0,0.951219512
1,0.246575342,0.235782737,0.533333333,0.07298073,0,0.397959184,0.5,0.733333333,0.333333333,0.214285714,0,1,1,0.951219512
0,0.068493151,0.217591324,0.6,0,0,0.214285714,0.5,1,0.666666667,0.857142857,0.6,1,0,0.951219512
0,0.342465753,0.125856919,0.666666667,0,0,0.346938776,0.5,0.533333333,0,0.214285714,0.2,1,1,0.951219512
0,0.328767123,0.133936805,0.866666667,0,0,0.397959184,0.25,0.8,0.666666667,0.714285714,0.2,0.5,0,0.951219512
1,0.684931507,0.120678026,1,0.07896079,0,0.5,0.25,0.666666667,0.666666667,0.714285714,0.2,1,0,0.951219512
1,0.328767123,0.123788068,0.6,0,0,0.397959184,0.25,1,0.333333333,0.785714286,0,1,1,0.951219512
0,0.356164384,0.056921146,0.8,0,0,0.234693878,0.5,0.6,0,0.714285714,0.8,1,0,0.682926829
0,0.068493151,0.098934792,0.6,0,0,0.346938776,0.5,1,0.666666667,0.5,0.6,0.25,1,0.951219512
0,0.698630137,0.134547718,0.533333333,0,0,0.397959184,0.5,0.733333333,0.333333333,0.285714286,0,1,1,0.951219512
0,0.136986301,0.249151791,0.533333333,0,0,0.397959184,0.5,0.733333333,0.666666667,0.357142857,0.4,1,1,0.634146341
1,0.315068493,0.230486802,0.866666667,0,0,0.602040816,0.5,0.8,0.333333333,0.285714286,0,1,1,0.951219512
0,0.575342466,0.027424794,0.8,0,0,0.602040816,0.625,0.6,0.333333333,0.214285714,0,1,1,0.951219512
0,0.109589041,0.124231876,0.6,0.034180342,0,0.295918367,0.5,1,0.666666667,0.857142857,0.6,0.5,0,0.951219512
0,0.342465753,0.286731411,0.733333333,0,0,0.5,0.75,0.466666667,0.333333333,1,0,1,1,0.951219512
0,0.068493151,0.13408226,0.533333333,0,0,0.397959184,0.5,0.733333333,0.666666667,0.571428571,0.2,1,0,0.951219512
1,0.273972603,0.211927353,0.866666667,0,0,0.397959184,0.125,0.8,0.333333333,0.714285714,0,1,1,0
0,0.273972603,0.025262581,0.666666667,0,0,0.428571429,0.5,0.533333333,0.333333333,0.928571429,0,1,1,0.951219512
1,0.356164384,0.009897741,0.666666667,0,0,0.448979592,0.5,0.533333333,0.333333333,0.285714286,0,1,1,0.951219512
0,0.136986301,0.125770322,0.533333333,0.025800258,0,0.448979592,0.5,0.733333333,0.333333333,0.071428571,0,1,1,0.951219512
0,0.136986301,0.102755875,0.8,0,0,0.193877551,0.5,0.6,0.666666667,0.928571429,0.8,0.25,0,0.731707317
1,0.342465753,0.152831816,0.866666667,0,0,0.346938776,0.25,0.8,0.333333333,0.714285714,0,1,1,0.951219512
0,0.02739726,0.166663622,0.6,0,0,0.295918367,0.5,1,0.666666667,0.571428571,0.2,1,0,0.951219512
0,0.260273973,0.118314204,0.533333333,0,0,0.295918367,0,0.733333333,0.833333333,0,0.2,1,0,0.951219512
0,0.164383562,0.01203154,0.533333333,0.026350264,0,0.397959184,0.25,0.733333333,0.333333333,0.571428571,1,1,0,0.951219512
1,0.246575342,0.176028929,0.733333333,0,0,0.346938776,0.5,0.466666667,0.333333333,0.571428571,1,1,0,0.951219512
0,0.273972603,0.052386316,0.6,0,0,0.448979592,0.5,1,0.333333333,1,0,1,1,0.951219512
1,0.328767123,0.132195398,0.866666667,0,0,0.612244898,0.25,0.8,0.333333333,0.714285714,0,1,1,0.951219512
0,0.02739726,0.048930564,0.6,0,0,0.295918367,0.5,1,0.666666667,0.571428571,0.6,1,0,0.951219512
1,0.191780822,0.112362705,0.533333333,0,0,1,0.5,0.733333333,0,0.571428571,0.8,1,0,0.951219512
1,0.575342466,0.109444123,0.8,0.150241502,0,0.397959184,0.75,0.6,0.333333333,0.857142857,0,1,1,0.951219512
1,0.438356164,0.153966369,0.533333333,0,0,0.5,0.5,0.733333333,0.333333333,0.928571429,0,1,1,0.951219512
0,0.150684932,0.126436035,0.533333333,0,0,0.397959184,0.25,0.733333333,0.833333333,0.571428571,0.8,1,0,0.951219512
0,0.273972603,0.053949118,0.8,0,0,0.448979592,0.5,0.6,0.666666667,0.285714286,0.2,1,1,0.951219512
0,0.164383562,0.1280489,0.8,0,0,0.5,0.875,0.6,0.666666667,0.714285714,0.2,1,1,0.951219512
0,0.04109589,0.116630303,0.533333333,0,0,0.316326531,0.5,0.733333333,0.666666667,0.857142857,0.2,1,0,0.951219512
0,0.136986301,0.069399201,0.533333333,0,0,0.448979592,0.5,0.733333333,0.833333333,0.214285714,0.2,1,1,0.951219512
0,0.273972603,0.124525494,0.6,0,0,0.397959184,0.125,1,0.333333333,0.5,0,1,1,0.951219512
1,0.205479452,0.123437622,0.8,0,0.436639118,0.397959184,0.5,0.6,0.333333333,0.857142857,0,1,1,0.951219512
0,0.219178082,0.254686543,0.6,0,0,0.37755102,0.5,1,0.666666667,0.071428571,0.8,0.75,0,0.951219512
1,0.410958904,0.135753307,0.533333333,0,0,0.704081633,0.5,0.733333333,0.333333333,1,0,1,1,0.951219512
1,0.410958904,0.074365662,0.533333333,0,0,0.193877551,0.25,0.733333333,0.333333333,1,0,1,1,0.951219512
0,0.191780822,0.158413926,0.533333333,0,0,0.37755102,0.5,0.733333333,0.666666667,0.357142857,0.2,1,1,0.951219512
0,0.410958904,0.140277989,0.133333333,0,0,0.397959184,0.5,0.266666667,0.5,0.5,0.4,1,1,0.634146341
0,0.02739726,0.093218728,0.6,0,0,0.244897959,0.5,1,0.666666667,0.428571429,0.4,1,1,0.951219512
0,0.479452055,0.123112207,0.533333333,0,0,0.397959184,0.5,0.733333333,0,0.857142857,0.2,1,0,0.268292683
0,0.150684932,0.026066307,0.533333333,0,0,0.397959184,0.5,0.733333333,0.666666667,0.714285714,0.2,1,0,0.951219512
1,0.493150685,0.059362093,1,0,0,0.397959184,0.625,0.666666667,0.333333333,0.714285714,0,1,1,0.951219512
0,0.136986301,0.107466604,0.333333333,0,0,0.37755102,0.5,0,0.666666667,0.571428571,0.6,1,0,0.951219512
1,0.493150685,0.111927692,0.6,0,0,0.5,0.5,1,0.333333333,0.285714286,0,1,1,0.951219512
0,0.191780822,0.080743379,0.533333333,0,0,0.397959184,0.5,0.733333333,0.333333333,0.214285714,0,1,1,0.951219512
0,0.01369863,0.150436874,0.4,0,0,0.142857143,0,0.066666667,0.666666667,0,0.6,0.5,1,0.951219512
1,0.438356164,0.234341036,1,0,0,0.448979592,0.25,0.666666667,0.333333333,0.714285714,0,1,1,0.951219512
0,0.178082192,0.012137757,0.4,0,0,0.397959184,0.5,0.066666667,0,0.857142857,0.6,1,1,0.951219512
0,0.438356164,0.110990011,0.8,0,0,0.397959184,0.5,0.6,0.666666667,0.928571429,0.8,0.25,0,0.463414634
1,0.273972603,0.037309682,0.533333333,0,0,0.397959184,0.5,0.733333333,0.333333333,0.071428571,1,1,0,0.951219512
0,0.301369863,0.185354996,0.866666667,0,0,0.397959184,0.625,0.8,0.666666667,0.714285714,0.2,1,0,0.951219512
1,0.356164384,0.149897674,0.533333333,0,0,0.397959184,0.125,0.733333333,0.333333333,0.071428571,1,1,0,0.951219512
0,0.082191781,0.092457623,0.6,0,0,0.448979592,0.5,1,0.666666667,0.285714286,0.2,1,1,0.951219512
0,0.04109589,0.206450784,0.6,0,0,0.142857143,0.5,1,0.666666667,0.071428571,0.6,0.5,0,0.951219512
1,0.369863014,0.109597697,0.8,0,0,0.5,0.5,0.6,0.333333333,0.857142857,0,1,1,0.951219512
0,0.136986301,0.172993306,0.6,0,0,0.397959184,0.5,1,0.333333333,0.5,0,1,1,0.951219512
1,0.520547945,0.043715137,0.733333333,0,0,0.551020408,0.75,0.466666667,0.333333333,0.285714286,0,1,1,0.951219512
0,0.356164384,0.16557778,0.733333333,0,0,0.397959184,0.5,0.466666667,0.333333333,0.571428571,0,0.5,1,0.341463415
0,0.219178082,0.180797164,0.533333333,0,0,0.397959184,0.5,0.733333333,0,0.5,0.2,1,0,0.951219512
0,0.410958904,0.082181021,0.533333333,0,0.453168044,0.397959184,0.5,0.733333333,0,0.285714286,0.2,1,0,0.951219512
0,0.424657534,0.010968023,0.533333333,0,0,0.397959184,0.5,0.733333333,0.333333333,0.214285714,0,1,1,0.951219512
0,0.01369863,0.20242268,0.6,0,0,0.255102041,0.5,1,0.666666667,0.071428571,0.6,1,0,0.951219512
0,0.068493151,0.180985241,0.6,0,0,0.397959184,0.5,1,0.666666667,0.071428571,0.6,1,0,0.951219512
0,0.273972603,0.168428032,0.6,0,0.340909091,0.5,0.5,1,0.333333333,0.928571429,0,1,1,0.951219512
0,0.082191781,0.023852001,0.533333333,0,0,0.5,0.5,0.733333333,0.333333333,0.5,0,1,1,0.951219512
0,0.273972603,0.103914783,0.533333333,0,0,0.397959184,0.25,0.733333333,0.333333333,0.428571429,0,0.5,1,0.951219512
0,0.04109589,0.21206672,0.6,0,0,0.397959184,0.5,1,0.666666667,0.857142857,0.4,1,1,0.951219512
0,0.356164384,0.199904608,0.533333333,0,0,0.397959184,0.5,0.733333333,0.333333333,0.428571429,0,1,1,0.951219512
0,0.123287671,0.065485432,0.6,0,0,0.602040816,0.5,1,0.333333333,0.857142857,0,1,1,0.951219512
0,0.356164384,0.175818526,0.266666667,0,0,0.397959184,0.75,0.4,0.333333333,0.214285714,0,1,1,0.951219512
0,0.520547945,0.097767765,0.6,0,0,0.397959184,0.5,1,0,0.5,0.2,1,0,0.951219512
0,0.164383562,0.275870957,0.533333333,0,0,0.397959184,0.5,0.733333333,0.333333333,0.5,0,1,1,0.951219512
0,0.575342466,0.164761876,0.533333333,0,0,0.602040816,0.625,0.733333333,0,0.285714286,0.2,1,1,0.951219512
1,0.328767123,0.016484509,0.6,0,0,0.448979592,0.75,1,0.333333333,0.214285714,0,1,1,0.951219512
0,0.205479452,0.131924106,0.533333333,0,0,0.397959184,0.5,0.733333333,0.333333333,0.5,0,1,1,0.951219512
1,0.178082192,0.071892918,0.8,0,0,0.153061224,0.5,0.6,0.333333333,0.928571429,1,1,0,0.951219512
0,0.315068493,0.057011126,0.533333333,0,0,0.397959184,0.25,0.733333333,0.666666667,0.071428571,0.6,1,0,0.951219512
1,0.506849315,0.117123499,0.533333333,0.076880769,0,0.397959184,0.5,0.733333333,0.333333333,0.214285714,0,1,1,0.951219512
0,0.082191781,0.013754681,0.8,0,0,0.193877551,0.5,0.6,0.666666667,0.071428571,0.6,1,0,0.951219512
0,0.205479452,0.186686422,0.6,0,0,0.397959184,0.5,1,0.333333333,0.857142857,0.4,0.25,0,0.292682927
0,0.273972603,0.139342338,0.4,0,0,0.295918367,0.75,0.066666667,0,0.714285714,0.8,0.5,0,0.951219512
0,0.397260274,0.010915254,0.666666667,0,0,0.5,0.5,0.533333333,0.666666667,1,0.2,1,1,0.951219512
0,0.191780822,0.041184888,0.866666667,0,0.399449036,0.397959184,0.875,0.8,0.333333333,0.714285714,0,1,1,0.951219512
0,0.054794521,0.12843385,0.533333333,0,0,0.397959184,0.5,0.733333333,0.666666667,0.571428571,0.2,1,1,0.951219512
1,0.273972603,0.189816083,0.666666667,0,0.433195592,0.346938776,0.5,0.533333333,0.333333333,0.714285714,1,1,0,0.951219512
0,0.328767123,0.221496298,0.133333333,0,0,0.397959184,0,0.266666667,0.333333333,0,0,1,1,0.634146341
0,0.068493151,0.177996976,0.6,0,0,0.244897959,0.5,1,0.666666667,0.571428571,0.4,1,1,0.951219512
0,0.260273973,0.066760029,0.8,0,0.383838384,0.37755102,0.875,0.6,0.333333333,0.714285714,1,1,0,0.951219512
1,0.657534247,0.022002348,0.6,0,0,0.479591837,0.125,1,0.333333333,0.071428571,0,1,1,0.951219512
1,0.479452055,0.102605684,0.266666667,0,0,0.602040816,0.5,0.4,0.333333333,0.357142857,0,1,1,0.951219512
0,0.082191781,0.245979508,0.533333333,0,0,0.397959184,0.5,0.733333333,0.333333333,0.071428571,1,1,0,0.634146341
1,0.397260274,0.106504568,0.6,0,0,0.397959184,0.5,1,0.333333333,0.714285714,0,1,1,0.951219512
0,0.082191781,0.133048511,0.8,0,0,0.316326531,0.5,0.6,0.666666667,0.857142857,0.6,1,1,0.951219512
0,0.109589041,0.300607869,0.2,0,0,0.397959184,0.5,0.333333333,0.666666667,0.5,0.8,1,1,0.195121951
0,0.356164384,0.09390609,0.6,0,0,0.5,0.5,1,0.333333333,1,0,1,1,0.951219512
1,0.452054795,0.100007104,0.866666667,0,0,0.551020408,0.625,0.8,0.333333333,0.714285714,0,1,1,0.951219512
1,0.315068493,0.105129168,0.8,0,0,0.397959184,0.75,0.6,0.333333333,0.214285714,0,1,1,0.146341463
1,0.506849315,0.038692524,0.866666667,0,0.436639118,0.602040816,0.5,0.8,0.333333333,0.714285714,0,1,1,0.951219512
1,0.273972603,0.181772731,0.6,0,0,0.5,0.5,1,0.333333333,0.5,0,1,1,0.951219512
0,0.287671233,0.064283226,0.533333333,0,0,0.397959184,0.5,0.733333333,0.333333333,0.214285714,0,1,1,0.951219512
0,0.575342466,0.110642271,0.333333333,0,0,0.397959184,0.75,0,0.333333333,0.214285714,0,1,1,0.951219512
0,0.328767123,0.059254523,0.8,0,0,0.551020408,0.5,0.6,0.333333333,0.857142857,0,1,1,0.951219512
0,0.150684932,0.029804853,0.866666667,0,0,0.397959184,0.25,0.8,0.666666667,0.714285714,0.2,1,0,0.951219512
1,0.739726027,0.086328872,0.4,0,0,0.755102041,0.75,0.066666667,0.333333333,0.285714286,0,1,1,0.951219512
0,0.123287671,0.259923619,0.8,0,0,0.479591837,0.5,0.6,0.666666667,0.857142857,0.2,1,0,0.951219512
0,0.684931507,0.138516286,0.866666667,0,0,0.397959184,0.5,0.8,0.666666667,0.571428571,0.2,1,0,0.951219512
0,0.287671233,0.141056684,0.533333333,0,0,0.193877551,0.5,0.733333333,0,0.571428571,0.2,1,0,0.951219512
0,0.150684932,0.093464988,0.533333333,0,0,0.602040816,0.5,0.733333333,0.666666667,0.571428571,0.2,1,0,0.951219512
1,0.191780822,0.127755283,0.6,0,0,0.397959184,0.5,1,0.333333333,0.285714286,0,1,1,0.951219512
1,0.410958904,0.035368019,0.6,0.076880769,0,0.418367347,0.5,1,0.333333333,0.071428571,0,1,1,0.951219512
0,0.589041096,0.138287616,0.6,0,0,0.397959184,0.5,1,0.333333333,0.714285714,0,1,1,0
0,0.02739726,0.161891328,0.6,0,0,0.132653061,0.5,1,0.666666667,0.571428571,0.6,1,1,0.951219512
1,0.534246575,0.118400801,0.8,0,0,0.397959184,0.5,0.6,0.333333333,0.714285714,0,1,1,0.951219512
1,0.547945205,0.166669035,0.8,0,0,0.397959184,0.25,0.6,0.666666667,0.285714286,0.2,1,1,0.951219512
0,0.342465753,0.095529779,0.8,0,0,0.397959184,0.5,0.6,0.333333333,0.285714286,0,1,1,0.951219512
0,0.191780822,0.262665625,0.6,0,0,0.397959184,0.5,1,0.333333333,0.071428571,0,1,1,0.951219512
0,0.095890411,0.014025296,0.6,0,0,0.397959184,0.5,1,0.666666667,0.214285714,0.6,1,1,0.951219512
0,0.438356164,0.016065732,0.6,0,0,0.397959184,0.5,1,0.666666667,0.285714286,0.2,0.5,0,0.951219512
0,0.397260274,0.205084178,0.6,0,0.468778696,0.5,0.5,1,0.333333333,0.857142857,0,1,1,0.951219512
0,0.260273973,0.142570098,0.6,0,0,0.193877551,0.875,1,0,0.571428571,0.8,0.5,0,0.951219512
0,0.438356164,0.248623416,0.8,0,0,0.397959184,0.5,0.6,0,0.285714286,0.2,1,0,0.951219512
0,0.123287671,0.111858685,0.533333333,0,0,0.397959184,0.5,0.733333333,0.666666667,0.928571429,0.2,1,1,0.951219512
0,0.082191781,0.153325012,0.2,0,0,0.357142857,0.5,0.333333333,0.666666667,0.214285714,0.4,1,1,0.951219512
0,0.04109589,0.119502204,0.6,0,0,0.367346939,0.5,1,0.666666667,0.571428571,0.6,1,0,0.951219512
1,0.424657534,0.092489421,0.866666667,0,0,0.551020408,0.5,0.8,0.333333333,0.714285714,0,1,1,0.951219512
0,0.191780822,0.182161063,0.733333333,0,0,0.448979592,0.125,0.466666667,0.333333333,0.928571429,0,1,1,0.951219512
0,0.095890411,0.183211049,0.4,0,0,0.346938776,0.5,0.066666667,0.666666667,0.214285714,0.2,0.5,1,0.56097561
0,0.739726027,0.113544616,0.333333333,0,0,0.397959184,0.5,0,0.333333333,0.5,0,1,1,0.951219512
0,0.01369863,0.087305115,0.4,0,0,0.071428571,0.5,0.066666667,0.666666667,0.857142857,0.6,0.5,1,0.951219512
0,0.356164384,0.041673347,0.8,0,0,0.448979592,0.75,0.6,0,0.857142857,0.8,1,1,0.951219512
0,0.082191781,0.079043917,0.533333333,0,0,0.295918367,0.5,0.733333333,0,0.857142857,0.2,1,0,0.951219512
0,0.054794521,0.209145432,0.6,0,0,0.489795918,0.5,1,0.666666667,0.857142857,0.8,1,0,0.951219512
0,0.095890411,0.126791894,0.733333333,0,0,0.479591837,0.5,0.466666667,0.333333333,0.428571429,0,1,1,0.951219512
0,0.232876712,0.116043745,0.6,0,0,0.397959184,0.5,1,0.666666667,0.428571429,0.2,1,1,0.951219512
1,0.493150685,0.127758666,0.866666667,0,0,0.479591837,0.5,0.8,0.333333333,0.285714286,0,1,1,0.951219512
0,0.246575342,0.122324041,0.533333333,0,0,0.479591837,0.5,0.733333333,0.666666667,0.214285714,0.6,1,0,0.951219512
0,0.643835616,0.180114538,0.533333333,0,0,0.397959184,0.5,0.733333333,0,0.071428571,0.8,0.5,0,0.951219512
1,0.219178082,0.075073996,0.8,0,0,0.551020408,0.5,0.6,0.333333333,0.285714286,0,1,1,0.951219512
0,0.465753425,0.158468049,0.333333333,0.021050211,0,0.448979592,0.5,0,0.333333333,0.428571429,0,1,1,0.951219512
0,0.287671233,0.160633645,0.666666667,0,0,0.397959184,0.5,0.533333333,0,0.714285714,0.8,0.5,0,0.951219512
0,0.219178082,0.057801998,0.533333333,0,0,0.397959184,0.5,0.733333333,0.666666667,0.857142857,0.6,1,1,0.951219512
0,0.178082192,0.049447438,0.6,0,0,0.448979592,0.5,1,0.666666667,0.428571429,0.2,1,1,0.951219512
0,0.219178082,0.185635083,0.4,0,0,0.397959184,0.5,0.066666667,0.333333333,0.214285714,0,1,1,0.951219512
0,0.547945205,0.108250035,0.533333333,0,0,0.397959184,0.5,0.733333333,0,0.071428571,0.4,0.5,0,0.951219512
1,0.273972603,0.005151155,0.533333333,0.150241502,0,0.448979592,0.5,0.733333333,0.333333333,0.214285714,0,1,1,0.951219512
0,0.01369863,0.135747895,0.6,0,0,0.142857143,0.5,1,0.666666667,0.571428571,0.6,1,1,0.951219512
0,0.342465753,0.106696705,0.533333333,0,0,0.479591837,0.5,0.733333333,0.333333333,0.857142857,0,1,1,0.951219512
1,0.575342466,0.090174986,0.733333333,0,0,0.346938776,0,0.466666667,0.333333333,0,0,1,1,0.951219512
0,0.260273973,0.121006146,0.6,0,0,0.37755102,0.5,1,0,0.857142857,0.8,0.5,0,0.951219512
0,0.054794521,0.12567696,0.733333333,0,0,0.244897959,0.5,0.466666667,0.666666667,0.071428571,0.2,1,0,0.951219512
0,0.123287671,0.243060249,0.6,0,0,0.397959184,0.5,1,0.666666667,0.071428571,0.2,1,0,0.951219512
0,0.123287671,0.075654465,0.733333333,0,0,0.357142857,0.5,0.466666667,0.666666667,0.714285714,0.2,1,0,0.951219512
0,0.315068493,0.1336486,0.6,0,0,0.602040816,0.75,1,0.333333333,0.214285714,0,1,1,0.951219512
0,0.589041096,0.017817964,0.6,0,0,0.397959184,0.75,1,0.333333333,0.285714286,0,1,1,0.951219512
0,0,0.099097161,0.333333333,0,0,0.193877551,0,0,0.666666667,0,0.6,1,0,0.951219512
0,0.054794521,0.237401691,0.666666667,0,0,0.397959184,0.5,0.533333333,0.666666667,0.571428571,0.6,1,0,0.951219512
0,0.232876712,0.107484194,0.6,0,0,0.295918367,0.5,1,0,0.071428571,0.8,1,0,0.951219512
0,0.506849315,0.166076388,0.2,0,0,0.397959184,0.5,0.333333333,0,0.5,0.2,1,1,0.317073171
0,0.452054795,0.104277407,0.4,0.036740367,0,0.397959184,0.125,0.066666667,0.666666667,0.857142857,0.2,0.5,0,0.951219512
1,0.342465753,0.296079804,0.8,0,0,0.397959184,0.5,0.6,0.666666667,0.857142857,0.2,1,1,0.951219512
0,0.04109589,0.116698633,0.6,0,0,0.397959184,0.5,1,0.666666667,0.071428571,0.2,1,0,0.951219512
1,0.534246575,0.114860481,0.8,0,0,0.479591837,0.5,0.6,0.333333333,0.928571429,0,1,1,0.951219512
0,0.739726027,0.085748403,0.533333333,0,0,0.397959184,0.5,0.733333333,1,0.714285714,0.2,1,0,0.951219512
0,0.150684932,0.101498868,0.6,0,0,0.397959184,0,1,0.666666667,0,0.6,0.25,1,0.853658537
0,0.054794521,0.013833159,0.6,0,0,0.397959184,0.5,1,0.666666667,0.857142857,0.2,1,1,0.951219512
0,0.164383562,0.223733607,0.533333333,0,0,0.397959184,0.5,0.733333333,0.666666667,0.071428571,0.6,1,0,0.951219512
0,0.575342466,0.105731963,0.933333333,0,0,0.5,0.5,0.933333333,0.666666667,0.714285714,0.2,1,1,0.951219512
0,0.178082192,0.12576694,0.666666667,0,0,0.397959184,0.5,0.533333333,0.666666667,0.714285714,0.2,1,0,0.951219512
0,0.136986301,0.1065296,0.533333333,0,0,0.397959184,0.5,0.733333333,0,0.428571429,0.2,1,1,0.951219512
0,0.465753425,0.092107854,0.533333333,0,0,0.397959184,0.5,0.733333333,0.333333333,0.214285714,0,1,1,0.951219512
0,0.410958904,0.10520291,0.533333333,0,0,0.397959184,0.5,0.733333333,0.666666667,0.071428571,0.4,1,0,0.951219512
0,0.630136986,0.144871678,0.533333333,0,0,0.397959184,0.5,0.733333333,0.333333333,0.214285714,0,1,1,0.951219512
0,0.506849315,0.170391343,0.266666667,0,0,0.234693878,0.5,0.4,0,0.428571429,0.2,1,1,0.951219512
1,0.397260274,0.122292244,0.533333333,0,0,0.397959184,0.5,0.733333333,0.333333333,0.285714286,0,1,1,0.951219512
0,0.164383562,0.252217859,0.6,0,0,0.357142857,0.5,1,0,0.714285714,0.6,1,0,0.951219512
0,0.136986301,0.269306515,0.533333333,0,0,0.397959184,0.5,0.733333333,0.333333333,0.214285714,0,1,1,0.951219512
0,0.164383562,0.128943282,0.533333333,0,0,0.5,0.5,0.733333333,0.666666667,0.214285714,0.2,1,1,0.951219512
0,0.068493151,0.060870095,0.6,0,0,0.397959184,0.5,1,0,0.785714286,0.2,1,1,0.951219512
0,0.273972603,0.27693921,0.666666667,0,0,0.397959184,0.5,0.533333333,0,0.428571429,0.8,0.5,0,0.951219512
0,0.424657534,0.121487841,0.6,0,0,0.397959184,0.5,1,0.333333333,0.214285714,0,1,1,0.951219512
0,0.054794521,0.080470735,0.533333333,0,0,0.367346939,0.5,0.733333333,0.333333333,0.214285714,0,1,1,0.951219512
1,0.410958904,0.122148818,0.533333333,0,0,0.5,0.5,0.733333333,0.333333333,0.071428571,0,1,1,0.951219512
0,0.342465753,0.070121066,0.8,0,0,0.397959184,0.125,0.6,0,0.071428571,0.6,1,1,0.951219512
1,0.438356164,0.139864625,0.6,0,0,0.479591837,0.25,1,0,0.285714286,0.8,1,1,0.951219512
0,0.01369863,0.094956076,0.333333333,0,0,0.397959184,0,0,0.666666667,0,0.6,1,1,0.951219512
0,0.150684932,0.182735443,0.533333333,0,0,0.602040816,0.5,0.733333333,0.666666667,1,0.2,1,1,0.951219512
1,0.205479452,0.067167981,0.933333333,0,0,0.397959184,0.125,0.933333333,0.333333333,0.714285714,0,1,1,0.951219512
0,0.273972603,0.024781563,0.533333333,0,0,0.346938776,0,0.733333333,0.666666667,0,0.2,1,1,0.951219512
0,0.369863014,0.009731313,0.666666667,0,0,0.295918367,0.5,0.533333333,1,0.285714286,0.8,1,0,0.951219512
0,0.424657534,0.070410624,0.666666667,0,0,0.091836735,0.75,0.533333333,0,0.928571429,0.4,0.5,0,0.951219512
0,0.589041096,0.188394678,0.533333333,0,0,0.397959184,0.5,0.733333333,0,0.5,0.2,1,0,0
0,0.438356164,0.077442554,0.533333333,0,0,0.397959184,0.875,0.733333333,0.333333333,0.214285714,0,1,1,0.780487805
0,0.04109589,0.138770664,0.333333333,0,0,0.397959184,0.75,0,0.666666667,0.5,0.6,1,1,0.951219512
0,0.191780822,0.155332975,0.533333333,0,0,0.397959184,0.5,0.733333333,0.333333333,0.571428571,0,1,1,0.951219512
1,0.246575342,0.200701569,0.6,0,0,0.5,0.875,1,0.333333333,0.5,0,1,1,0.951219512
0,0.410958904,0.066167382,0.066666667,0,0,0.397959184,0.5,0.2,0.333333333,0.428571429,0,1,1,0.951219512
0,0.260273973,0.261580459,0.533333333,0,0,0.397959184,0.5,0.733333333,0,0.214285714,0.2,1,1,0.951219512
0,0.520547945,0.246437523,0.533333333,0,0,0.397959184,0.5,0.733333333,0.333333333,0.785714286,0,1,1,0.951219512
1,0.808219178,0.014158574,0.866666667,0,0,0.295918367,0.75,0.8,0.333333333,0.714285714,0,1,1,0
1,0.232876712,0.109551693,0.866666667,0.047870479,0,0.448979592,0.625,0.8,0.666666667,0.285714286,0.2,1,0,0.243902439
0,0.191780822,0.079486373,0.8,0,0,0.653061224,0.5,0.6,0.333333333,0.857142857,0,1,1,0.951219512
0,0.164383562,0.164847796,0.8,0,0,0.397959184,0.5,0.6,0.666666667,0.857142857,0.8,0.5,1,0.951219512
0,0.452054795,0.029254828,0.733333333,0,0,0.448979592,0.5,0.466666667,0,0.214285714,0.2,0.5,1,0.951219512
0,0.219178082,0.144766814,0.2,0,0,0.428571429,0.5,0.333333333,0.666666667,0.857142857,0.2,1,1,0.634146341
0,0.095890411,0.219064822,0.533333333,0,0,0.5,0.5,0.733333333,0,0.285714286,0.2,0,0,0.951219512
0,0.342465753,0.116728401,0.6,0,0,0.397959184,0.5,1,0.666666667,0.071428571,0.6,1,0,0.951219512
0,0.260273973,0.123363202,0.533333333,0,0,0.397959184,0.875,0.733333333,1,0.285714286,0.2,1,0,0.951219512
0,0.753424658,0.057518529,0.533333333,0.023460235,0,0.397959184,0.5,0.733333333,0.5,0.5,0.8,1,1,0
0,0.04109589,0.017418807,0.533333333,0,0,0.397959184,0,0.733333333,0.666666667,0,0.2,1,0,0.951219512
0,0.232876712,0.063411169,0.6,0,0,0.602040816,0.5,1,0,0.214285714,0.2,1,1,0.951219512
0,0.561643836,0.158980188,0.2,0,0,0.295918367,0.5,0.333333333,1,0.571428571,0.2,0.75,0,0.951219512
0,0.493150685,0.06204524,0.8,0,0.43067034,0.540816327,0.25,0.6,0,0.714285714,0.2,1,0,0.951219512
0,0.205479452,0.220152694,0.6,0,0,0.5,0.75,1,0.333333333,0.857142857,0,1,1,0.951219512
0,0.589041096,0.110267469,0.533333333,0,0,0.397959184,0.5,0.733333333,1,0.5,0.8,1,0,0.951219512
0,0.082191781,0.133797438,0.6,0,0,0.275510204,0.5,1,0.666666667,0.571428571,0.2,1,0,0.951219512
0,0.273972603,0.085686838,0.4,0,0,0.397959184,0.5,0.066666667,0.333333333,0.214285714,0,1,1,0.951219512
0,0.178082192,0.045263731,0.8,0,0,0.397959184,0.25,0.6,0.666666667,0.714285714,0.2,1,0,0.951219512
1,0.342465753,0.013931934,0.8,1,0,0.418367347,0.5,0.6,0.333333333,0.714285714,0,1,1,0.951219512
0,0.095890411,0.09123918,0.8,0,0,0.193877551,0.875,0.6,0.666666667,0.071428571,0.2,0.5,0,0.951219512
1,0.315068493,0.246961163,0.533333333,0,0,0.397959184,0.5,0.733333333,0.333333333,0.214285714,0,0.5,1,0.951219512
1,0.383561644,0.201591216,0.6,0,0,0.602040816,0.5,1,0.333333333,1,0,1,1,0.951219512
0,0.356164384,0.024759237,0.533333333,0,0,0.397959184,0.5,0.733333333,0,0.071428571,0.4,1,0,0.951219512
0,0.123287671,0.024229509,0.8,0,0,0.397959184,0.5,0.6,0.666666667,0.857142857,0.2,1,0,0.951219512
0,0.082191781,0.018446467,0.533333333,0,0,0.397959184,0.5,0.733333333,0.833333333,0.071428571,0.2,1,0,0.951219512
0,0.465753425,0.179105821,0.533333333,0,0,0.397959184,0.25,0.733333333,0.833333333,0.785714286,0.2,0.5,1,0.951219512
0,0.328767123,0.12459856,0.866666667,0,0,0.397959184,0.5,0.8,0.666666667,0.714285714,0.2,1,0,0.951219512
0,0.04109589,0.254733901,0.6,0,0,0.397959184,0,1,0.666666667,0,0.6,1,0,0.951219512
1,0.260273973,0.088762376,0.8,0,0,0.397959184,0.5,0.6,0.333333333,0.857142857,0,1,1,0.951219512
0,0.232876712,0.083921752,0.533333333,0,0,0.602040816,0.5,0.733333333,0.333333333,1,0,1,1,0.951219512
0,0.164383562,0.17461023,0.533333333,0,0,0.397959184,0.5,0.733333333,0.666666667,0.285714286,0.8,0.5,0,0.951219512
0,0.397260274,0.005580757,0.8,0,0,0.448979592,0.875,0.6,0.666666667,0.285714286,0.2,1,1,0.951219512
0,0.068493151,0.156711758,0.533333333,0,0,0.806122449,0.5,0.733333333,0.333333333,1,0.4,1,1,0.951219512
0,0.410958904,0.122292244,1,0,0,0.602040816,0.5,0.666666667,0.333333333,0.857142857,0,1,1,0.951219512
0,0.150684932,0.149284731,0.533333333,0,0,0.295918367,0.5,0.733333333,0.833333333,0.428571429,0.2,0.75,1,0.951219512
0,0.164383562,0.201052016,0.266666667,0,0,0.397959184,0.5,0.4,0.333333333,0.214285714,0,1,1,0.951219512
0,0.164383562,0.157974853,0.333333333,0,0,0.806122449,0.75,0,0,0.214285714,0.2,1,1,0.951219512
0,0.232876712,0.131533744,0.6,0,0,0.602040816,0.25,1,0.333333333,0.785714286,0,1,1,0.951219512
0,0.534246575,0.35032051,0.533333333,0,0,0.397959184,0.5,0.733333333,0.666666667,0.214285714,0.2,1,1,0.951219512
1,0.520547945,0.093789725,0.6,0,0.453856749,0.448979592,0.625,1,0.333333333,0.285714286,0,1,1,0.951219512
0,0.02739726,0.11041766,0.533333333,0,0,0.234693878,0,0.733333333,0.666666667,0,0.6,0.5,0,0.951219512
0,0.095890411,0.080470735,0.533333333,0,0,0.397959184,0.5,0.733333333,0.666666667,0.071428571,0.2,1,1,0.951219512
1,0.260273973,0.02491687,0.733333333,0.076880769,0,0.43877551,0.5,0.466666667,0.333333333,0.285714286,0,1,1,0.951219512
1,0.657534247,0.106317844,0.866666667,0,0,0.387755102,0.75,0.8,0.333333333,0.714285714,0,1,1,0.951219512
0,0.260273973,0.048347388,0.6,0,0,0.704081633,0.625,1,0.333333333,0.285714286,0.4,0.25,0,0.853658537
0,0.02739726,0.071891565,0.533333333,0,0,0.142857143,0.5,0.733333333,0.666666667,0.071428571,0.6,1,0,0.951219512
0,0.01369863,0.219359116,0.466666667,0,0,0.193877551,0.5,0.133333333,0.666666667,0.571428571,0.4,0.5,1,0.951219512
0,0.260273973,0.121417481,0.533333333,0,0,0.397959184,0.5,0.733333333,0.333333333,0.214285714,0,1,1,0.951219512
0,0.397260274,0.085301211,0.2,0,0.379017447,0.397959184,0.5,0.333333333,0.333333333,0.571428571,0,0.25,1,0.073170732
0,0.178082192,0.097714319,0.533333333,0,0,0.397959184,0.5,0.733333333,0.666666667,0.928571429,0.2,1,0,0.951219512
0,0.164383562,0.145857393,0.666666667,0,0,0.397959184,0.5,0.533333333,0.666666667,0.428571429,0.6,1,1,0.951219512
0,0.260273973,0.161369041,0.4,0,0,0.397959184,0.5,0.066666667,0.666666667,0.214285714,0.2,0.5,0,0.951219512
1,0.493150685,0.049480588,0.6,0,0,0.397959184,0.5,1,0.333333333,1,0,1,1,0.951219512
1,0.383561644,0.096882854,0.2,0,0,0.653061224,0.75,0.333333333,0.333333333,0.285714286,0,1,1,0.951219512
0,0.465753425,0.10799498,0.266666667,0,0,0.295918367,0.5,0.4,1,0.214285714,0.2,1,1,0.951219512
1,0.493150685,0.016265311,0.533333333,0,0,0.397959184,0.5,0.733333333,0.333333333,0.857142857,0,1,1,0.951219512
0,0.410958904,0.198832973,0.6,0,0,0.43877551,0.5,1,0,0.571428571,0.6,1,0,0.951219512
0,0.219178082,0.075009049,0.533333333,0,0,0.37755102,0.5,0.733333333,0.666666667,0.571428571,0.2,0.5,1,0.951219512
0,0.109589041,0.106635817,0.6,0,0,0.397959184,0.25,1,0.333333333,0.357142857,0,1,1,0.951219512
1,0.452054795,0.107605295,0.866666667,0.150241502,0,0.397959184,0.625,0.8,0.333333333,0.857142857,0,1,1,0.951219512
1,0.301369863,0.128367549,0.8,0.150241502,0,0.448979592,0.5,0.6,0.333333333,0.285714286,0,1,1,0.951219512
0,0.191780822,0.135033472,0.8,0,0,0.397959184,0.5,0.6,0.333333333,0.857142857,0,1,1,0.951219512
0,0.506849315,0.141822524,0.6,0,0,0.5,0.5,1,1,0.214285714,0.8,1,0,0.951219512
1,0.534246575,0.129735508,0.6,0,0.424242424,0.5,0.5,1,0.333333333,0.857142857,0,1,1,0.951219512
0,0.410958904,0.139577097,0.666666667,0,0,0.397959184,0.25,0.533333333,0,0.071428571,0.2,1,0,0.951219512
1,0.273972603,0.080183206,0.733333333,0,0,1,0.25,0.466666667,0.333333333,0.785714286,0,1,1,0.951219512
0,0.315068493,0.188691002,0.533333333,0,0,0.397959184,0.5,0.733333333,1,0.857142857,0.2,1,0,0.951219512
1,0.356164384,0.165053463,0.8,0,0,0.551020408,0.25,0.6,0.333333333,0.714285714,0,1,1,0.951219512
0,0.684931507,0.17736509,0.2,0,0,0.397959184,0,0.333333333,0.333333333,0,0,1,1,0.951219512
0,0.506849315,0.007998701,0.6,0,0,0.397959184,0.5,1,0.833333333,0.285714286,0.2,1,0,0.951219512
0,0.068493151,0.123363202,0.8,0,0,0.448979592,0.5,0.6,0.666666667,0.857142857,0.2,1,1,0.951219512
0,0.04109589,0.092295931,0.6,0,0,0.244897959,0.5,1,0.666666667,0.714285714,0.8,1,0,0.951219512
0,0.082191781,0.157043261,0.466666667,0,0,0.295918367,0.5,0.133333333,0.333333333,0.214285714,0,0.5,1,0.170731707
1,0.191780822,0.133153374,0.8,0,0,0.5,0.5,0.6,0.333333333,0.285714286,0,1,1,0.951219512
0,0.547945205,0.100676876,0.533333333,0,0,0.255102041,0.5,0.733333333,0,0.857142857,0.2,1,0,0.951219512
1,0.273972603,0.095137388,0.666666667,0.076880769,0,0.397959184,0.5,0.533333333,0.333333333,0.071428571,0,1,1,0.951219512
0,0.232876712,0.064727711,0.133333333,0,0,0.397959184,0.5,0.266666667,0.666666667,0.5,0.4,0.25,1,0.609756098
0,0.602739726,0.162921018,0.6,0,0,0.193877551,0.625,1,1,0.857142857,0.2,1,0,0.951219512
0,0.068493151,0.077347162,0.6,0,0,0.397959184,0.5,1,0.666666667,0.285714286,0.6,1,0,0.243902439
0,0.01369863,0.107882675,0.6,0,0,0.234693878,0,1,0.666666667,0,0.6,0.5,0,0.951219512
1,0.356164384,0.078428945,0.133333333,0,0,0.397959184,0.5,0.266666667,0.333333333,0.5,1,0.25,0,0.975609756
1,0.506849315,0.096517524,0.4,0,0,0.397959184,0.5,0.066666667,0.333333333,0.571428571,1,0.5,0,0.951219512
1,0.150684932,0.122436346,0.8,0,0,0.5,0.5,0.6,0.666666667,0.714285714,0.2,0.25,1,0.853658537
1,0.383561644,0.125794001,0.8,0,0.436639118,0.448979592,0.5,0.6,0.333333333,0.857142857,0,1,1,0.951219512
1,0.287671233,0.109891314,0.8,0,0,0.5,0.5,0.6,0.333333333,0.857142857,0,1,1,0.951219512
0,0.191780822,0.067538723,0.6,0,0,0.397959184,0.5,1,0.333333333,0.857142857,0,1,1,0.951219512
0,0,0.15806145,0.4,0,0,0.112244898,0.5,0.066666667,0.666666667,0.571428571,0.6,1,1,0.951219512
1,0.602739726,0.09409552,0.933333333,0,0,0.5,0.125,0.933333333,0.333333333,0.714285714,0,1,1,0.951219512
0,0.246575342,0.183115657,0.8,0,0,0.704081633,0.5,0.6,0.333333333,0.285714286,0,1,1,0.951219512
0,0.260273973,0.064971264,0.866666667,0.054550546,0,0.295918367,0.875,0.8,0,0.714285714,0.8,1,1,0.951219512
1,0.410958904,0.190534566,0.533333333,0,0,0.397959184,0.875,0.733333333,0.333333333,0.071428571,1,1,0,0.951219512
0,0.328767123,0.111065107,0.533333333,0,0,0.397959184,0.5,0.733333333,0.666666667,0.571428571,0.6,1,1,0.707317073
1,0.479452055,0.114533037,0.533333333,0,0,0.397959184,0.25,0.733333333,0.333333333,0.571428571,1,0.25,0,0
1,0.410958904,0.302347246,0.533333333,0,0,0.397959184,0.5,0.733333333,0.333333333,1,0,1,1,0.951219512
1,0.315068493,0.059125305,0.933333333,0,0,0.602040816,0.25,0.933333333,0.666666667,0.285714286,0.2,1,1,0.951219512
0,0.219178082,0.038875866,0.533333333,0,0,0.397959184,0.5,0.733333333,0.333333333,0.285714286,1,1,0,0.951219512
0,0.383561644,0.053120359,0.6,0,0,0.397959184,0.875,1,0.333333333,0.071428571,0,1,1,0.951219512
1,0.246575342,0.093197755,0.533333333,0,0,0.397959184,0.5,0.733333333,0.333333333,0.285714286,1,1,0,0.951219512
1,0.438356164,0.115327292,0.6,0,0,0.397959184,0.5,1,0.333333333,0.071428571,1,1,0,0.951219512
0,0.424657534,0.115907761,0.666666667,0,0,0.397959184,0.5,0.533333333,0,0.928571429,0.2,1,0,0.951219512
0,0.068493151,0.147680661,0.333333333,0,0,0.244897959,0.5,0,0.666666667,1,0.6,1,1,0.951219512
0,0.602739726,0.13858191,0.066666667,0,0,0.397959184,0.5,0.2,0.333333333,0.428571429,0,1,1,0.634146341
0,0.671232877,0.0985424,0.533333333,0,0,0.397959184,0.25,0.733333333,1,1,0.2,0.5,0,0.951219512
0,0.260273973,0.112049468,0.6,0,0,0.653061224,0.5,1,0.333333333,0.5,0,1,1,0.951219512
1,0.452054795,0.058652405,0.8,0.07298073,0,0.397959184,0.125,0.6,0.333333333,0.285714286,0,1,1,0.951219512
0,0.04109589,0.113075099,0.6,0,0,0.397959184,0.5,1,0.666666667,1,0.6,1,0,0.951219512
1,0.424657534,0.179729588,0.6,0,0,0.397959184,0.125,1,0.333333333,0.214285714,0,1,1,0.951219512
0,0.082191781,0.01876444,0.6,0,0,0.704081633,0.25,1,0,0.071428571,0.8,1,0,0.951219512
1,0.301369863,0.111540036,0.8,0.150241502,0,0.5,0.5,0.6,0.333333333,0.857142857,0,1,1,0.951219512
0,0.808219178,0.180400713,0.8,0,0,0.193877551,0.5,0.6,1,0.714285714,0.2,1,0,0.951219512
1,0.246575342,0.196411646,0.666666667,0,0,0.397959184,0.5,0.533333333,0.333333333,0.071428571,1,1,0,0.951219512
0,0.397260274,0.127819554,0.533333333,0,0,0.397959184,0.5,0.733333333,0,0.714285714,0.2,1,0,0.951219512
0,0.260273973,0.01461456,0.6,0,0,0.397959184,0.5,1,0,0.714285714,0.2,1,1,0.951219512
0,0.356164384,0.116427342,0.8,0,0,0.397959184,0.5,0.6,0.666666667,0.714285714,0.2,1,1,0.951219512
0,0,0.119551591,0.266666667,0,0,0.295918367,0.5,0.4,0.666666667,0.857142857,0.2,1,0,0.951219512
0,0.02739726,0.071882093,0.6,0,0,0.193877551,0.5,1,0.666666667,0.571428571,0.6,1,0,0.951219512
0,0.068493151,0.122388989,0.533333333,0,0,0.397959184,0.5,0.733333333,0.666666667,0.571428571,0.6,0.5,0,0.951219512
0,0.082191781,0.073396184,0.533333333,0,0,0.397959184,0.5,0.733333333,0.666666667,0.071428571,0.2,1,0,0.951219512
0,0.383561644,0.149862494,0.066666667,0,0,0.397959184,0.5,0.2,0.333333333,0.5,0,1,1,0.634146341
1,0.342465753,0.119377044,0.533333333,0,0.453856749,0.602040816,0.625,0.733333333,0.333333333,0.285714286,0,1,1,0.536585366
1,0.369863014,0.181364102,0.733333333,0,0,0.397959184,0.125,0.466666667,0.333333333,0.214285714,0,1,1,0.951219512
0,0.205479452,0.203219641,0.8,0.021740217,0,0.551020408,0.5,0.6,0.5,0.285714286,0.2,1,1,0.951219512
0,0.205479452,0.12576694,0.6,0,0,0.37755102,0.5,1,0,0.285714286,0.2,1,0,0.951219512
0,0.328767123,0.210744766,0.533333333,0,0,0.551020408,0.5,0.733333333,0,0.428571429,0.8,1,1,0.951219512
0,0.301369863,0.068239616,0.8,0,0,0.551020408,0.5,0.6,0.333333333,0.857142857,0,1,1,0.951219512
0,0,0.086483122,0.333333333,0,0,0.112244898,0.5,0,0.666666667,0.857142857,0.6,1,0,0.951219512
0,0.698630137,0.105884184,0.2,0,0,0.295918367,0.5,0.333333333,0.333333333,0.571428571,0,1,1,0.951219512
1,0.397260274,0.081381354,0.533333333,0,0.433195592,0.448979592,0.625,0.733333333,0.333333333,0.857142857,0,1,1,0.951219512
0,0.02739726,0.15117024,0.4,0,0,0.142857143,0.5,0.066666667,0.666666667,0.071428571,0.8,1,0,0.951219512
0,0.136986301,0.273768279,0.533333333,0,0,0.397959184,0.5,0.733333333,0.333333333,0.214285714,0,0.5,1,0.951219512
0,0.150684932,0.087727951,0.8,0,0,0.5,0.5,0.6,0.333333333,0.714285714,0,1,1,0.951219512
0,0.246575342,0.122324041,0.533333333,0,0,0.346938776,0.5,0.733333333,0.666666667,0.714285714,0.8,1,0,0.951219512
1,0.410958904,0.071268474,0.533333333,0,0,0.397959184,0.125,0.733333333,0.333333333,0.214285714,0,1,1,0.951219512
0,0.082191781,0.053698799,0.6,0,0,0.397959184,0.5,1,0,0.428571429,0.6,1,1,0.951219512
0,0.02739726,0.07287525,0.6,0,0,0.193877551,0.5,1,0.666666667,0.071428571,0.6,1,0,0.951219512
0,0.01369863,0.170306099,0.6,0,0,0.153061224,0.5,1,0.666666667,0.571428571,0.6,1,1,0.048780488
1,0.095890411,0.069640725,0.866666667,0.105201052,0,0.397959184,0.25,0.8,0.666666667,0.714285714,0.2,1,1,0.951219512
0,0.191780822,0.084835077,0.6,0,0,0.397959184,0.5,1,0.333333333,0.571428571,0,1,1,0.951219512
0,0,0.067185571,0.4,0,0,0.071428571,0.5,0.066666667,0.666666667,0.857142857,0.6,1,0,0.951219512
0,0.246575342,0.239124831,0.533333333,0,0,0.5,0.625,0.733333333,0.333333333,0.214285714,0,1,1,0.951219512
0,0.506849315,0.140604757,0.6,0,0,0.295918367,0.5,1,0,0.071428571,0.2,1,1,0.951219512
0,0.383561644,0.146964884,0.533333333,0,0,0.724489796,0.5,0.733333333,0.5,0.214285714,0.2,1,1,0.634146341
1,0.383561644,0.178471905,0.666666667,0,0,0.234693878,0.5,0.533333333,0.333333333,0.714285714,0,1,1,0.951219512
0,0.273972603,0.012676957,0.533333333,0,0,0.448979592,0.5,0.733333333,0.333333333,0.214285714,0,1,1,0.951219512
1,0.410958904,0.015262683,0.8,0,0,0.448979592,0.125,0.6,0.333333333,0.071428571,0,1,1,0.268292683
0,0.342465753,0.116427342,0.6,0,0,0.397959184,0.75,1,0.333333333,0.714285714,0,1,1,0.951219512
1,0.561643836,0.058415617,0.866666667,0,0,0.397959184,0.5,0.8,0.333333333,0.714285714,0,1,1,0.951219512
0,0.178082192,0.155493314,0.533333333,0,0,0.397959184,0.875,0.733333333,0.833333333,0.071428571,0.8,0.5,0,0.951219512
1,0.164383562,0.120595488,0.866666667,0,0,0.551020408,0.5,0.8,0.666666667,0.714285714,0.2,1,1,0.292682927
1,0.123287671,0.111252507,0.8,0,0,0.448979592,0.5,0.6,0.666666667,0.214285714,0.2,1,1,0.951219512
0,0.273972603,0.181457464,0.6,0,0,0.397959184,0.5,1,0.666666667,0.928571429,0.6,0.5,0,0.951219512
0,0.369863014,0.147692839,0.8,0,0,0.346938776,0.5,0.6,0.666666667,0.928571429,0.2,1,1,0.951219512
0,0.082191781,0.064962469,0.533333333,0,0,0.397959184,0.5,0.733333333,0.666666667,0.357142857,0.6,1,1,0.951219512
1,0.410958904,0.060903922,0.866666667,0,0,0.397959184,0.5,0.8,0.333333333,0.857142857,0,1,1,0.951219512
0,0.095890411,0.194655355,0.533333333,0,0,0.397959184,0.5,0.733333333,0.333333333,0.071428571,1,1,0,0.951219512
1,0.342465753,0.134116764,0.6,0,0,0.193877551,0.5,1,0.333333333,0.928571429,0,1,1,0.951219512
1,0.178082192,0.131089935,0.533333333,0,0,0.397959184,0.5,0.733333333,0.333333333,0.428571429,0,1,1,0.951219512
0,0.136986301,0.183766486,0.133333333,0,0,0.653061224,0.5,0.266666667,0.666666667,0.642857143,0.2,1,0,0.219512195
0,0.054794521,0.251210494,0.333333333,0,0,0.346938776,0.5,0,0.666666667,0.571428571,0.2,1,0,0.951219512
0,0.547945205,0.103941168,0.533333333,0,0,0.5,0.75,0.733333333,0.333333333,0.214285714,0,1,1,0.951219512
1,0.260273973,0.049378431,0.733333333,0,0,0.295918367,0.5,0.466666667,0.333333333,0.714285714,1,1,0,0.951219512
0,0.219178082,0.244329433,0.6,0,0,0.602040816,0.5,1,0.833333333,0.214285714,0.6,1,1,0.951219512
0,0.109589041,0.169494931,0.8,0,0,0.346938776,0.25,0.6,0.666666667,0.714285714,0.6,1,1,0.317073171
0,0.095890411,0.013833159,0.533333333,0,0,0.5,0.5,0.733333333,0.333333333,0.214285714,0,1,1,0.951219512
1,0.493150685,0.236192718,0.533333333,0,0,0.397959184,0.5,0.733333333,0.333333333,0.714285714,0,1,1,0.951219512
1,0.465753425,0.15003704,0.533333333,0,0,0.448979592,0.5,0.733333333,0.333333333,0.214285714,0,1,1,0.951219512
0,0.123287671,0.442272083,0.8,0,0,0.5,0.5,0.6,0.666666667,0.285714286,0.2,1,0,0.951219512
0,0.082191781,0.127654479,0.533333333,0,0,0.397959184,0.5,0.733333333,0.666666667,0.071428571,0.2,1,0,0.951219512
0,0.054794521,0.10649645,0.533333333,0,0,0.397959184,0.5,0.733333333,0.666666667,0.071428571,0.2,1,0,0.951219512
0,0.01369863,0.106823894,0.533333333,0,0,0.091836735,0.5,0.733333333,0.666666667,0.071428571,0.6,1,0,0.951219512
0,0.479452055,0.078115708,0.533333333,0,0,0.5,0.5,0.733333333,0.333333333,1,0,1,1,0.951219512
0,0.273972603,0.105682575,0.533333333,0,0,0.091836735,0.75,0.733333333,0,0.428571429,0.6,1,1,0.951219512
0,0.438356164,0.109069998,0.466666667,0,0,0.448979592,0.5,0.133333333,0,0.571428571,0.8,1,0,0.951219512
0,0.232876712,0.245850289,0.733333333,0,0,0.397959184,0.5,0.466666667,0.666666667,0.214285714,0.6,0.5,0,0.951219512
1,0.465753425,0.112275432,0.533333333,0,0,0.397959184,0.5,0.733333333,0.333333333,0.5,0,0.5,1,0.951219512
0,0.630136986,0.200081184,0.866666667,0.050130501,0,0.397959184,0.5,0.8,0.333333333,0.928571429,0,1,1,0.951219512
0,0.219178082,0.110884471,0.533333333,0,0,0.397959184,0.75,0.733333333,0.333333333,0.214285714,0,1,1,0.951219512
0,0.095890411,0.14688167,0.4,0.024630246,0,0.397959184,0.5,0.066666667,0.666666667,0.357142857,0.8,1,1,0.951219512
0,0.383561644,0.12635891,0.8,0,0,0.479591837,0.5,0.6,0.333333333,0.285714286,0,1,1,0
0,0.328767123,0.112777423,0.533333333,0,0,0.397959184,0.5,0.733333333,0.333333333,0.071428571,1,1,0,0.951219512
0,0.260273973,0.170006393,0.666666667,0,0,0.397959184,0.5,0.533333333,0.333333333,0.071428571,1,1,0,0.951219512
0,0.246575342,0.066116642,0.8,0,0,0.397959184,0.5,0.6,0,0.571428571,0.6,1,0,0.951219512
0,0.328767123,0.157403179,0.6,0,0,0.397959184,0.5,1,0.333333333,0.285714286,0,1,1,0.951219512
1,0.410958904,0.126375823,0.866666667,0,0.518365473,0.5,0.75,0.8,0,1,0.2,1,1,0.951219512
1,0.424657534,0.178862267,1,0,0.436639118,0.5,0.5,0.666666667,0.333333333,0.714285714,0,1,1,0.951219512
0,0.178082192,0.135157955,0.8,0,0,0.397959184,0.5,0.6,0.666666667,0.714285714,0.6,1,0,0.951219512
0,0.287671233,0.011359062,0.6,0.050130501,0,0.397959184,0.25,1,0.333333333,0.071428571,1,0,0,0.951219512
0,0.04109589,0.27683164,0.6,0,0,0.193877551,0.5,1,0.666666667,0.857142857,0.6,1,1,0.951219512
0,0.383561644,0.059782899,0.533333333,0,0.454545455,0.397959184,0.5,0.733333333,0,0.571428571,0.2,1,1,0.951219512
1,0.397260274,0.179983966,0.666666667,0,0,0.397959184,0.5,0.533333333,0.333333333,0.285714286,0,1,1,0.951219512
0,0.205479452,0.04362854,0.6,0,0,0.397959184,0.5,1,0,0.5,0.8,1,0,0.951219512
1,0.397260274,0.084613849,0.866666667,0,0,0.397959184,0.5,0.8,0.333333333,0.928571429,0,0.25,1,0.731707317
0,0.561643836,0.126507748,0.8,0,0,0.37755102,0.5,0.6,0,0.285714286,0.2,1,1,0.951219512
0,0.684931507,0.202803571,0.2,0,0,0.397959184,0.25,0.333333333,0.333333333,0.785714286,0,0.5,1,0.951219512
0,0.589041096,0.347464845,0.533333333,0,0,0.397959184,0.75,0.733333333,0.333333333,0.285714286,0,0.5,1,0.951219512
0,0.260273973,0.105533737,0.333333333,0,0,0.397959184,0.5,0,0,0.571428571,0.2,1,0,0.951219512
0,0.273972603,0.016331612,0.533333333,0,0,0.397959184,0.5,0.733333333,0.666666667,0.571428571,0.2,1,0,0.951219512
0,0.287671233,0.092584136,0.733333333,0,0,0.397959184,0.875,0.466666667,0.666666667,0.071428571,0.2,0.5,1,0.951219512
0,0.506849315,0.092260751,0,0,0,0.397959184,0,0.866666667,0.333333333,0,1,1,0,0.634146341
0,0.04109589,0.019667617,0.666666667,0,0,0.397959184,0,0.533333333,0.666666667,0,0.2,1,0,0.951219512
1,0.246575342,0.118096359,0.933333333,0,0,0.448979592,0.5,0.933333333,0.333333333,0.714285714,0,1,1,0.951219512
0,0.410958904,0.058549572,0.533333333,0,0,0.346938776,0.5,0.733333333,1,0.714285714,0.8,0.75,0,0.804878049
0,0.054794521,0.123001932,0.6,0,0,0.397959184,0.5,1,0.666666667,0.071428571,0.6,1,0,0.951219512
0,0.082191781,0.013980644,0.6,0,0,0.397959184,0.5,1,0.666666667,0.857142857,0.2,1,1,0.951219512
0,0.260273973,0.052244244,0.6,0,0,0.5,0.5,1,0,0.714285714,0.2,1,1,0.951219512
0,0.095890411,0.181945248,0.8,0,0,0.397959184,0.5,0.6,0.666666667,0.071428571,0.4,0.25,0,0.87804878
0,0.095890411,0.082064657,0.8,0,0,0.397959184,0.875,0.6,0.333333333,0.285714286,1,1,0,0.951219512
0,0.684931507,0.027943022,0.533333333,0,0,0.397959184,0,0.733333333,1,0,0.2,1,0,0.951219512
0,0.383561644,0.050306641,0.8,0,0,0.551020408,0.25,0.6,0.333333333,0.714285714,1,1,0,0.951219512
0,0.739726027,0.044646053,0.533333333,0,0,0.142857143,0.5,0.733333333,0.333333333,0.214285714,0,1,1,0.951219512
0,0.04109589,0.014163986,0.6,0,0,0.244897959,0.5,1,0.666666667,0.571428571,0.6,1,0,0.951219512
0,0.109589041,0.127272235,0.733333333,0,0,0.397959184,0.5,0.466666667,0.666666667,0.214285714,0.6,1,1,0.951219512
1,0.315068493,0.11413185,0.866666667,0,0,0.5,0.5,0.8,0.333333333,0.285714286,0,1,1,0.951219512
0,0.287671233,0.120348552,0.533333333,0,0,0.397959184,0.125,0.733333333,0,0.714285714,0.8,1,0,0.951219512
0,0.534246575,0.033556252,0.8,0,0.459366391,0.653061224,0.125,0.6,0.666666667,1,0.2,0.5,1,0.951219512
0,0.136986301,0.164366101,0.8,0,0,0.397959184,0.25,0.6,0.666666667,0.714285714,0.2,1,0,0.951219512
0,0.136986301,0.057122078,0.533333333,0,0,0.387755102,0.5,0.733333333,0.333333333,0.5,0,1,1,0.951219512
1,0.191780822,0.131467443,0.533333333,0,0,0.397959184,0.25,0.733333333,0.333333333,0.785714286,0,1,1,0.951219512
0,0,0.145071256,0.466666667,0,0,0.193877551,0.5,0.133333333,0.666666667,0.428571429,0.6,1,1,0.951219512
0,0.260273973,0.137409471,0.8,0,0,0.397959184,0.5,0.6,0,0.928571429,0.2,1,0,0.951219512
1,0.410958904,0.105524266,0.6,0,0,0.602040816,0.5,1,0.333333333,0.285714286,0,1,1,0.951219512
0,0.095890411,0.151965172,0.533333333,0,0,0.551020408,0.5,0.733333333,0.333333333,0.357142857,0,1,1,0.951219512
0,0.054794521,0.263748761,0.6,0,0,0.193877551,0.5,1,0.666666667,0.285714286,0.6,1,0,0.951219512
0,0.02739726,0.085565061,0.533333333,0,0,0.397959184,0.5,0.733333333,0.666666667,0.5,0.6,1,1,0.951219512
1,0.328767123,0.129979738,0.533333333,0,0.340909091,0.43877551,0.5,0.733333333,0.333333333,0.214285714,0,1,1,0.951219512
0,0.301369863,0.029756819,0.6,0,0,0.397959184,0.5,1,0.666666667,0.214285714,0.6,0.5,1,0.951219512
0,0.589041096,0.143027437,0.066666667,0,0,0.37755102,0.5,0.2,0,0.214285714,0.2,0.75,1,0.146341463
1,0.273972603,0.06802786,0.866666667,0,0,0.551020408,0.5,0.8,0.333333333,0.285714286,0,1,1,0.951219512
0,0.260273973,0.068406044,0.533333333,0,0,0.397959184,0.5,0.733333333,0.333333333,0.428571429,0,1,1,0.951219512
0,0.315068493,0.09256181,0.533333333,0,0,0.397959184,0.5,0.733333333,0.333333333,0.214285714,0,1,1,0.951219512
0,0.315068493,0.176670963,0.666666667,0,0,0.142857143,0,0.533333333,0.333333333,0,0,1,1,0.951219512
1,0.575342466,0.28654807,0.333333333,0,0,0.295918367,0.25,0,0.333333333,0.571428571,1,1,0,0.951219512
0,0.684931507,0.12811723,0.8,0,0,0.602040816,0,0.6,0,0,0.2,1,0,0.951219512
0,0.287671233,0.122219178,0.533333333,0,0,0.397959184,0.5,0.733333333,0,0.214285714,0.8,1,1,0.951219512
1,0.410958904,0.118260081,0.8,0,0,0.397959184,0.875,0.6,0.333333333,0.285714286,0,1,1,0.951219512
1,0.575342466,0.047116767,1,0,0.554407713,0.448979592,0.5,0.666666667,0.333333333,0.714285714,0,1,1,0.951219512
0,0.356164384,0.194106683,0.6,0,0,0.397959184,0.5,1,0.333333333,0.071428571,0,1,1,0.951219512
0,0.068493151,0.129630644,0.6,0,0,0.234693878,0.5,1,0.666666667,1,0.2,1,0,0.951219512
1,0.301369863,0.111530564,0.533333333,0,0,0.397959184,0.5,0.733333333,0.833333333,0.071428571,0.2,1,1,0.951219512
0,0,0.111075255,0.266666667,0,0,0.193877551,0.5,0.4,0.666666667,1,0.2,1,1,0.951219512
0,0.273972603,0.014808049,0.533333333,0,0,0.244897959,0.25,0.733333333,0.333333333,0.571428571,1,1,0,0.951219512
0,0.178082192,0.07247474,0.8,0,0,0.397959184,0.5,0.6,0.666666667,0.714285714,0.2,1,1,0.951219512
0,0.753424658,0.073369122,0.2,0,0,0.397959184,0.875,0.333333333,1,0.571428571,0.8,0.5,0,0.951219512
1,0.575342466,0.080934839,0.533333333,0,0,0.397959184,0.5,0.733333333,0.333333333,0.5,1,1,0,0.536585366
0,0.575342466,0.110766754,0.6,0,0,0.397959184,0.5,1,0.833333333,0.071428571,0.8,1,1,0.951219512
1,0.506849315,0.08356454,0.8,0.150241502,0,0.602040816,0.5,0.6,0.333333333,0.285714286,0,0.25,1,0.853658537
0,0.534246575,0.23384784,0.533333333,0,0,0.397959184,0.5,0.733333333,0.333333333,0.5,0,1,1,0.951219512
0,0.821917808,0.107507197,0.666666667,0,0.38292011,0.295918367,0.5,0.533333333,0,0.857142857,0.2,1,0,0.951219512
0,0.273972603,0.014343945,0.6,0,0,0.193877551,0.125,1,0,0.928571429,0.8,0,0,0.951219512
1,0.410958904,0.21606235,0.533333333,0,0,0.397959184,0.5,0.733333333,0.333333333,0.071428571,1,1,0,0.951219512
1,0.219178082,0.099425282,0.8,0,0,0.397959184,0.5,0.6,0.333333333,0.714285714,0,1,1,0.951219512
1,0.232876712,0.165127206,0.533333333,0,0,0.397959184,0.5,0.733333333,0.333333333,0.071428571,0,1,1,0.536585366
0,0.136986301,0.134578839,0.4,0,0,0.397959184,0.5,0.066666667,0.833333333,0.857142857,0.2,1,1,0.951219512
0,0.04109589,0.129696945,0.533333333,0,0,0.397959184,0,0.733333333,0.666666667,0,0.6,1,1,0.951219512
0,0.150684932,0.095568342,0.4,0,0,0.397959184,0.5,0.066666667,0,0.571428571,0.8,1,0,0.951219512
0,0.328767123,0.199044053,0.533333333,0,0,0.397959184,0.5,0.733333333,0.333333333,0.357142857,0,1,1,0.951219512
0,0.068493151,0.039979298,0.6,0,0,0.346938776,0.5,1,0.666666667,0.714285714,0.2,1,0,0.951219512
0,0.095890411,0.015795794,0.6,0,0,0.102040816,0,1,0.666666667,0,0.2,1,1,0
0,0.232876712,0.122192793,0.6,0,0,0.346938776,0.75,1,0.666666667,0.357142857,0.2,1,1,0.951219512
0,0.260273973,0.10407174,0.6,0,0,0.56122449,0.5,1,0.333333333,0.357142857,0,1,1,0.951219512
0,0.356164384,0.093529935,0.733333333,0,0,0.5,0.625,0.466666667,0.333333333,0.285714286,0,1,1,0.951219512
0,0.082191781,0.082016623,0.8,0,0,0.193877551,0.5,0.6,0.666666667,0.857142857,0.8,1,0,0.951219512
0,0.301369863,0.175935567,0.533333333,0,0,0.244897959,0.5,0.733333333,0.333333333,0.071428571,1,1,0,0.951219512
0,0.219178082,0.116021419,0.733333333,0,0,0.397959184,0.75,0.466666667,0,0.857142857,0.2,1,1,0.951219512
0,0.219178082,0.383201578,0.8,0,0,0.397959184,0.5,0.6,0.333333333,0.285714286,0,0.5,1,0
0,0.109589041,0.125459115,0.6,0,0,0.397959184,0.5,1,0.666666667,0.071428571,0.6,1,0,0.951219512
1,0.698630137,0.106954466,0.8,0,0,0.397959184,0.5,0.6,0.333333333,0.285714286,0,1,1,0.951219512
0,0.123287671,0.08862301,0.533333333,0,0,0.397959184,0.5,0.733333333,0.666666667,0.071428571,0.4,1,0,0.951219512
0,0.452054795,0.13000477,0.6,0,0,0.397959184,0.625,1,0,0.785714286,0.2,1,1,0.951219512
0,0.438356164,0.149041854,0.133333333,0,0,0.397959184,0.5,0.266666667,0.333333333,0.214285714,0,1,1,0.951219512
0,0.082191781,0.183694097,0.266666667,0,0,0.346938776,0,0.4,0,0,0.2,1,0,0.951219512
1,0.397260274,0.116875886,0.6,0,0.436639118,0.5,0.5,1,0.333333333,0.285714286,0,1,1,0.951219512
0,0.04109589,0.193726469,0.6,0,0,0.295918367,0.5,1,0.666666667,0.857142857,0.6,0.25,1,0.731707317
0,0.397260274,0.16657229,0.866666667,0,0,0.397959184,0.25,0.8,0,0.714285714,0.8,1,0,0.951219512
0,0.123287671,0.082347449,0.6,0,0,0.397959184,0.5,1,0.333333333,0.285714286,1,1,0,0.951219512
0,0.150684932,0.119065837,0.8,0,0,0.551020408,0.75,0.6,0.333333333,0.214285714,0,1,1,0.951219512
0,0.082191781,0.121501372,0.6,0,0,0.37755102,0.5,1,0.666666667,0.857142857,0.6,0.5,0,0
0,0.821917808,0.113752989,0.866666667,0,0,0.244897959,0,0.8,0.333333333,0,0,1,1,0.951219512
0,0.205479452,0.172634064,0.733333333,0,0,0.397959184,0.5,0.466666667,0.333333333,0.357142857,0,1,1,0.951219512
1,0.246575342,0.155409423,0.533333333,0,0,0.397959184,0.5,0.733333333,0.333333333,0.214285714,0,1,1,0.951219512
0,0.328767123,0.058030667,0.533333333,0,0,0.397959184,0.5,0.733333333,0,1,0.2,1,1,0.951219512
0,0.219178082,0.142322485,0.8,0,0,0.397959184,0.5,0.6,0.666666667,0.714285714,0.2,1,1,0.951219512
1,0.369863014,0.118676152,0.533333333,0,0,0.397959184,0.5,0.733333333,0.333333333,0.857142857,0,1,1,0.951219512
0,0.054794521,0.141650683,0.533333333,0,0,0.346938776,0.5,0.733333333,0.666666667,0.857142857,0.6,1,0,0.951219512
0,0.397260274,0.150465289,0.533333333,0,0,0.397959184,0.5,0.733333333,0.333333333,0.857142857,0,1,1,0.951219512
1,0.260273973,0.230684351,0.8,0,0,0.448979592,0.5,0.6,0.666666667,0.714285714,0.2,1,0,0.951219512
0,0.616438356,0.027386232,0.266666667,0,0,0.397959184,0.125,0.4,0,0.571428571,0.8,1,0,0.951219512
0,0.753424658,0.064628936,0.866666667,0.023290233,0,0.602040816,0.5,0.8,0.666666667,0.714285714,0.2,1,1,0.951219512
0,0.068493151,0.25220771,0.533333333,0.029070291,0,0.397959184,0.5,0.733333333,0.666666667,0.214285714,0.6,1,1,0.951219512
0,0.068493151,0.095743565,0.533333333,0,0,0.193877551,0.5,0.733333333,0.666666667,0.571428571,0.8,0.75,1,0.804878049
0,0.01369863,0.248615974,0.533333333,0,0,0.397959184,0,0.733333333,0.666666667,0,0.6,0.75,0,0.951219512
1,0.109589041,0.170302717,0.8,0,0,0.448979592,0.5,0.6,0.333333333,0.071428571,0,1,1,0.951219512
1,0.534246575,0.108471262,0.8,0.076880769,0,0.397959184,0.75,0.6,0.333333333,0.714285714,0,1,1,0.951219512
1,0.301369863,0.108417139,0.533333333,0,0,0.5,0.5,0.733333333,0.333333333,0.714285714,0,1,1,0.951219512
0,0.397260274,0.071803615,0.533333333,0,0,0.37755102,0.5,0.733333333,0,0.5,0.8,1,1,0.951219512
0,0.260273973,0.043387693,0.533333333,0,0,0.520408163,0.5,0.733333333,0.333333333,0.214285714,0,1,1,0.951219512
0,0.547945205,0.123732592,0.866666667,0,0,0.806122449,0.5,0.8,0.666666667,0.714285714,0.2,1,1,0.951219512
1,0.301369863,0.123210305,0.866666667,0.076880769,0,0.397959184,0.5,0.8,0.333333333,0.714285714,0,1,1,0.951219512
1,0.369863014,0.056061267,0.6,0,0,0.5,0.625,1,0.333333333,0.285714286,0,1,1,0.951219512
0,0.164383562,0.102143609,0.533333333,0,0,0.397959184,0.5,0.733333333,0.333333333,1,0,1,1,0.951219512
1,0.342465753,0.022238459,0.6,0,0,0.397959184,0.5,1,0.333333333,0.214285714,0,1,1,0.951219512
0,0.808219178,0.085323537,0.533333333,0,0,0.193877551,0.5,0.733333333,0.333333333,0.857142857,0,1,1,0.951219512
0,0.04109589,0.125641104,0.533333333,0,0,0.397959184,0.5,0.733333333,0.666666667,0.214285714,0.2,1,1,0.951219512
1,0.410958904,0.092315551,0.2,0,0,0.724489796,0.75,0.333333333,0.333333333,0.357142857,0,1,1,0.951219512
1,0.547945205,0.127302679,0.533333333,0.150241502,0,0.397959184,0.5,0.733333333,0.333333333,0.214285714,0,1,1,0.951219512
0,0.616438356,0.089188595,0.333333333,0,0,0.397959184,0,0,0.333333333,0,0,1,1,0.951219512
1,0.315068493,0.202453124,0.533333333,0,0,0.397959184,0.5,0.733333333,0.333333333,0.428571429,0,1,1,0.951219512
0,0.136986301,0.097408524,0.533333333,0,0,0.193877551,0.5,0.733333333,0.666666667,0.857142857,0.6,0,1,0.951219512
0,0.589041096,0.007476414,0.866666667,0,0,0.5,0.5,0.8,0,0.857142857,0.2,1,1,0.951219512
0,0.465753425,0.076230875,0.733333333,0,0,0.5,0.5,0.466666667,0.333333333,0.857142857,0,1,1,0.951219512
0,0.123287671,0.018771882,0.8,0,0,0.397959184,0,0.6,0.666666667,0,0.2,1,0,0.951219512
0,0.684931507,0.116513938,0.4,0,0.096189164,0.020408163,0,0.066666667,0.333333333,0,0,1,1,0.951219512
1,0.246575342,0.103462856,0.8,0,0,0.142857143,0.5,0.6,0.333333333,0.714285714,1,1,0,0.951219512
0,0.561643836,0.130877503,0.533333333,0,0,0.397959184,0.5,0.733333333,0.333333333,0.571428571,0,1,1,0.951219512
1,0.191780822,0.086466209,0.8,0,0,0.397959184,0.5,0.6,0.333333333,0.714285714,0,1,1,0.951219512
0,0.04109589,0.130136018,0.6,0,0,0.397959184,0.5,1,0.666666667,0.571428571,0.6,1,1,0.951219512
0,0.054794521,0.061213776,0.6,0,0,0.397959184,0.5,1,0,0.214285714,0.6,1,1,0.951219512
0,0.04109589,0.10520291,0.6,0,0,0.193877551,0.5,1,0.666666667,0.857142857,0.6,1,0,0.951219512
0,0.191780822,0.150361778,0.6,0,0,0.602040816,0.75,1,0.333333333,0.214285714,0,1,1,0.951219512
0,0.191780822,0.067070559,0.8,0,0,0.551020408,0.75,0.6,0.666666667,0.214285714,0.2,1,1,0.951219512
1,0.356164384,0.073060621,0.533333333,0,0,0.397959184,0.5,0.733333333,0.333333333,0.214285714,0,1,1,0.951219512
1,0.328767123,0.022958971,0.933333333,0.047870479,0,0.602040816,0.5,0.933333333,0.666666667,0.285714286,0.2,1,1,0.951219512
1,0.356164384,0.11385244,0.8,0,0,0.397959184,0.25,0.6,0.666666667,0.714285714,0.2,1,0,0.951219512
1,0.410958904,0.216539309,0.866666667,0.150241502,0,0.5,0.625,0.8,0.333333333,0.285714286,0,1,1,0.951219512
0,0.383561644,0.060903922,0.6,0,0,0.397959184,0.875,1,0.333333333,0.285714286,0,1,1,0.951219512
0,0.082191781,0.116344127,0.533333333,0,0,0.397959184,0.5,0.733333333,0.333333333,0.857142857,1,1,0,0.951219512
0,0.287671233,0.064849487,0.6,0,0,0.295918367,0.75,1,0.333333333,0.214285714,0,1,1,0.951219512
0,0.054794521,0.33647179,0.6,0,0,0.346938776,0,1,0.666666667,0,0.6,1,0,0.951219512
0,0.123287671,0.135320324,0.2,0,0,0.479591837,0.5,0.333333333,0.666666667,0.5,0.6,1,1,0.951219512
0,0.136986301,0.090927972,0.6,0,0,0.397959184,0.5,1,0.666666667,0.571428571,0.2,1,1,0.951219512
0,0.520547945,0.010860454,0.666666667,0,0,0.397959184,0.5,0.533333333,0,0.714285714,0.2,1,0,0.951219512
1,0.452054795,0.110865528,0.866666667,0,0,0.5,0.5,0.8,0.333333333,0.285714286,0,1,1,0.951219512
0,0.04109589,0.200504697,0.6,0,0,0.193877551,0.25,1,0.666666667,0.785714286,0.6,0.25,0,0.951219512
0,0.178082192,0.104992507,0.533333333,0,0,0.5,0.5,0.733333333,0.333333333,1,0,1,1,0.951219512
0,0.260273973,0.176345548,0.533333333,0,0,0.448979592,0.5,0.733333333,0.666666667,1,0.2,1,1,0.951219512
0,0.383561644,0.215004922,0.533333333,0,0,0.397959184,0.5,0.733333333,0.333333333,0.214285714,0,1,1,0.951219512
1,0.301369863,0.076042798,0.866666667,0,0,1,0.625,0.8,0,0.285714286,0.2,0.25,1,0.585365854
0,0.520547945,0.11181268,0.533333333,0,0,0.397959184,0,0.733333333,0,0,0.4,1,1,0.951219512
0,0.04109589,0.049967695,0.6,0,0,0.295918367,0.5,1,0.666666667,0.571428571,0.4,0.25,1,0.951219512
0,0.301369863,0.012166848,0.666666667,0,0,0.397959184,0.5,0.533333333,0,0.857142857,0.8,1,0,0.951219512
0,0.246575342,0.134542306,0.533333333,0,0,0.448979592,0.5,0.733333333,0.333333333,0.857142857,0,1,1,0.951219512
0,0.068493151,0.139319336,0.6,0,0,0.397959184,0.5,1,0.666666667,0.285714286,0.6,1,0,0.951219512
0,0.054794521,0.148554747,0.533333333,0,0,0.653061224,0.5,0.733333333,0.666666667,0.357142857,0.6,1,1,0.951219512
0,0.232876712,0.046639132,0.533333333,0,0,0.479591837,0.5,0.733333333,0,0.285714286,0.2,1,0,0.951219512
0,0.520547945,0.127667333,0.6,0,0,0.346938776,0.5,1,1,0.571428571,0.2,1,0,0.951219512
0,0.369863014,0.188157214,0.666666667,0,0,0.397959184,0.25,0.533333333,0,0.785714286,0.6,1,0,0.12195122
0,0.082191781,0.055267689,0.533333333,0,0,0.397959184,0.5,0.733333333,0.666666667,0.5,0.6,1,1,0.951219512
0,0.02739726,0.040190378,0.4,0,0,0.173469388,0.5,0.066666667,0.666666667,0.571428571,0.6,1,1,0.951219512
0,0.178082192,0.072329961,0.866666667,0,0,0.5,0.875,0.8,0,0.714285714,0.2,0,1,0.951219512
0,0.068493151,0.273239904,0.6,0,0,0.316326531,0.5,1,0.666666667,0.857142857,0.8,1,0,0.951219512
0,0.109589041,0.157039878,0.8,0,0,0.397959184,0.25,0.6,0.666666667,0.928571429,0.8,0.25,0,0.975609756
0,0.02739726,0.131424821,0.6,0,0,0.234693878,0.5,1,0.666666667,0.428571429,0.6,1,1,0.951219512
0,0.438356164,0.04755178,0.6,0,0,0.602040816,0.5,1,0.666666667,0.571428571,0.2,1,0,0.951219512
0,0.095890411,0.215435876,0.8,0,0,0.153061224,0.5,0.6,0.666666667,0.714285714,0.2,0.25,1,0
0,0.643835616,0.141435545,0.066666667,0,0,0.112244898,0.5,0.2,0,0.642857143,0.2,1,0,0.951219512
0,0.452054795,0.021256803,0.8,0,0,0.5,0.75,0.6,0,0.285714286,0.2,1,1,0.951219512
1,0.589041096,0.083128173,0.6,0.150241502,0,0.479591837,0.5,1,0.333333333,0.214285714,0,1,1,0.951219512
0,0.095890411,0.011512636,0.6,0,0,0.397959184,0.5,1,0.666666667,0.571428571,0.6,1,0,0
0,0.068493151,0.272962523,0.2,0,0,0.397959184,0.5,0.333333333,0.333333333,0.5,0,1,1,0.951219512
0,0.369863014,0.014096332,0.6,0,0,0.724489796,0.75,1,0.333333333,0.357142857,0,1,1,0.951219512
0,0.095890411,0.018633192,0.6,0,0,0.397959184,0.5,1,0.333333333,0.5,1,0.75,0,0.804878049
0,0.328767123,0.064473333,0.6,0,0,0.346938776,0.5,1,0.833333333,1,0.2,1,1,0.951219512
0,0.068493151,0.075886518,0.6,0,0,0.295918367,0.5,1,0.666666667,0.857142857,0.2,1,1,0.951219512
0,0.369863014,0.194106683,0.6,0,0,0.448979592,0.5,1,0.666666667,1,0.2,1,1,0.951219512
1,0.232876712,0.092835808,0.533333333,0,0,0.551020408,0.5,0.733333333,0.333333333,0.214285714,0,1,1,0.951219512
0,0.232876712,0.075099705,0.333333333,0,0,0.397959184,0.5,0,0.666666667,0.428571429,0.4,1,1,0.951219512
0,0.068493151,0.217542613,0.6,0,0,0.397959184,0.5,1,0.666666667,0.571428571,0.2,1,1,0.951219512
1,0.342465753,0.112640086,0.866666667,0,0,0.5,0.75,0.8,0.333333333,0.285714286,0,1,1,0.951219512
0,0.068493151,0.023188994,0.666666667,0,0,0.397959184,0.5,0.533333333,0.333333333,0.5,0,1,1,0.951219512
0,0.068493151,0.288008037,0.6,0,0,0.193877551,0.5,1,0.666666667,0.571428571,0.4,0.5,1,0.951219512
0,0.493150685,0.119400047,0.533333333,0,0,0.295918367,0.25,0.733333333,1,0.571428571,0.2,1,0,0.951219512
1,0.438356164,0.082120809,0.6,0,0,0.397959184,0.5,1,0.333333333,0.071428571,0,1,1,0.951219512
1,0.438356164,0.215308011,1,0,0,0.397959184,0.5,0.666666667,0,0.285714286,0.8,1,1,0.951219512
0,0.465753425,0.105721138,0.533333333,0,0,0.346938776,0.5,0.733333333,0.666666667,0.214285714,0.6,1,1,0.951219512
1,0.534246575,0.240643658,0.666666667,0.150241502,0,0.397959184,0.5,0.533333333,0.333333333,0.285714286,0,1,1,0.951219512
0,0.191780822,0.109310169,0.933333333,0,0,0.397959184,0.5,0.933333333,0.333333333,0.928571429,0,0.25,1,0.463414634
1,0.424657534,0.122094695,0.8,0,0,0.551020408,0.625,0.6,0.666666667,0.285714286,0.2,1,0,0.048780488
0,0.164383562,0.112485158,0.533333333,0,0,0.397959184,0.75,0.733333333,0.333333333,0.214285714,0,1,1,0.951219512
0,0.821917808,0.09601418,0.533333333,0,0,0.091836735,0.5,0.733333333,1,0.071428571,0.2,1,0,0.951219512
0,0.383561644,0.010747472,0.866666667,0,0,0.397959184,0.875,0.8,0.333333333,0.285714286,0,1,1,0.951219512
0,0.04109589,0.126327113,0.6,0,0,0.112244898,0.5,1,0.666666667,0.428571429,0.6,1,1,0.951219512
0,0.068493151,0.150319156,0.6,0,0,0.244897959,0.5,1,0.666666667,0.071428571,0.6,0.5,0,0.951219512
1,0.328767123,0.085102986,0.866666667,0,0,0.091836735,0.75,0.8,0.333333333,0.285714286,1,1,0,0.951219512
0,0.082191781,0.147849795,0.8,0,0,0.346938776,0.5,0.6,0.666666667,0.214285714,0.2,1,1,0.951219512
1,0.424657534,0.214005676,0.933333333,0,0,0.448979592,0.25,0.933333333,0.333333333,0.714285714,0,1,1,0.951219512
0,0.561643836,0.062765752,0.6,0,0,0.367346939,0.5,1,0.666666667,0.071428571,0.2,0.5,0,0.951219512
0,0.410958904,0.050888463,0.8,0,0,0.5,0.125,0.6,0,0.928571429,0.8,1,0,0.951219512
0,0.328767123,0.130832175,0.533333333,0,0,0.397959184,0.5,0.733333333,0,0.071428571,0.8,0.5,0,0.951219512
1,0.328767123,0.032561066,0.8,0,0,1,0.625,0.6,0.333333333,0.285714286,0,1,1,0.951219512
0,0.04109589,0.205949469,0.6,0,0,0.193877551,0.5,1,0.666666667,0.714285714,0.6,1,1,0.951219512
0,0.465753425,0.167348955,0.866666667,0,0,0.397959184,0.25,0.8,0,0.285714286,0.8,1,0,0.951219512
0,0.04109589,0.192361893,0.533333333,0,0,0.295918367,0.5,0.733333333,0.666666667,0.857142857,0.2,1,0,0.951219512
0,0.287671233,0.084327674,0.733333333,0,0,0.37755102,0.5,0.466666667,0.666666667,0.071428571,0.2,0.25,0,0.902439024
0,0.095890411,0.057770201,0.6,0,0,0.397959184,0.5,1,0.333333333,0.928571429,0,1,1,0.951219512
0,0.191780822,0.119044188,0.866666667,0,0,0.5,0.5,0.8,0.333333333,0.714285714,0,1,1,0.951219512
1,0.273972603,0.144924448,0.8,0,0,0.551020408,0.5,0.6,0.333333333,0.857142857,0,1,1,0.951219512
0,0.054794521,0.015075282,0.533333333,0,0,0.5,0.5,0.733333333,0.666666667,0.214285714,0.8,1,1,0.951219512
0,0.342465753,0.18763831,0.533333333,0,0,0.459183673,0.5,0.733333333,0.333333333,1,0,1,1,0.951219512
0,0.356164384,0.109854105,0.6,0,0,0.397959184,0,1,0,0,0.2,1,0,0.951219512
0,0.082191781,0.125641104,0.533333333,0,0,0.295918367,0.5,0.733333333,0.666666667,0.428571429,0.6,1,1,0.951219512
0,0.191780822,0.00901486,0,0,0,0.244897959,0.5,0.866666667,0.666666667,0.428571429,0.2,0,1,0.951219512
1,0.246575342,0.119142286,0.8,0,0,0.551020408,0.5,0.6,0.333333333,0.285714286,0,1,1,0.951219512
0,0.054794521,0.239929911,0.533333333,0,0,0.37755102,0.5,0.733333333,0.333333333,0.857142857,1,1,0,0.951219512
0,0.287671233,0.077942515,0.733333333,0,0,0.346938776,0.5,0.466666667,1,0.857142857,0.8,1,0,0.951219512
1,0.397260274,0.135885909,0.8,0,0,0.397959184,0.5,0.6,0.333333333,0.714285714,0,1,1,0
0,0.04109589,0.070420772,0.266666667,0,0,0.397959184,0.5,0.4,0.666666667,0.857142857,0.6,1,0,0.951219512
0,0.136986301,0.18955697,0.6,0,0.43067034,0.448979592,0.5,1,0.666666667,0.214285714,0.2,0.25,1,0.024390244
0,0.191780822,0.072482182,0.533333333,0,0,0.397959184,0.5,0.733333333,0.333333333,0.857142857,0,1,1,0.951219512
0,0.136986301,0.069967492,0.6,0,0,0.5,0.75,1,0.666666667,0.857142857,0.2,1,1,0.951219512
0,0.109589041,0.065437398,0.4,0,0,0.397959184,0.5,0.066666667,0.333333333,0.214285714,0,1,1,0.951219512
0,0.671232877,0.071369954,0.4,0,0,0.397959184,0,0.066666667,0.333333333,0,0,1,1,0.951219512
1,0.397260274,0.117436735,0.8,0,0.436639118,0.397959184,0.5,0.6,0.333333333,0.857142857,0,1,1,0.951219512
0,0.136986301,0.030019992,0.533333333,0,0,0.071428571,0.5,0.733333333,0.333333333,0.428571429,0,0,1,0.951219512
0,0.342465753,0.113165755,0.6,0,0,0.397959184,0.5,1,0,0.928571429,0.2,1,0,0.951219512
1,0.369863014,0.089636463,0.6,0,0,0.5,0.625,1,0.333333333,0.285714286,0,1,1,0.951219512
0,0.684931507,0.104393772,0.533333333,0.018480185,0,1,0.5,0.733333333,0,0.642857143,0.8,0.5,0,0.951219512
0,0.410958904,0.085908742,0.533333333,0,0,0.397959184,0.5,0.733333333,0.333333333,0.928571429,0,1,1,0.951219512
0,0.164383562,0.140995119,0.666666667,0,0,0.397959184,0.5,0.533333333,0.666666667,0.285714286,0.2,0.5,0,0.951219512
0,0.602739726,0.121641415,0.533333333,0,0,0.142857143,0.25,0.733333333,0.333333333,1,0,1,1,0.951219512
0,0.397260274,0.075363554,1,0,0,0.397959184,0.5,0.666666667,0,0.714285714,0.2,1,1,0.951219512
1,0.328767123,0.016719944,0.866666667,0,0,0.755102041,0.875,0.8,0.333333333,0.714285714,0,1,1,0.951219512
0,0.465753425,0.106509981,0.6,0,0,0.37755102,0.5,1,0.333333333,0.071428571,0,1,1,0.951219512
1,0.205479452,0.102805262,0.533333333,0,0,0.602040816,0.5,0.733333333,0.333333333,0.928571429,0,1,1,0.951219512
0,0.246575342,0.088173789,0.533333333,0,0,0.295918367,0.5,0.733333333,0.833333333,0.571428571,0.6,0.5,0,0.951219512
0,0.205479452,0.110712631,0.533333333,0,0,0.397959184,0.875,0.733333333,0.333333333,0.785714286,0,1,1,0.951219512
0,0.205479452,0.192134577,0.8,0,0,0.397959184,0.5,0.6,0.333333333,0.857142857,0,1,1,0.951219512
0,0.356164384,0.085175375,0.533333333,0,0.404499541,0.346938776,0.5,0.733333333,0,0.571428571,0.2,0.5,0,0.951219512
0,0.493150685,0.148294957,0.533333333,0,0,0.5,0.5,0.733333333,0.333333333,0.714285714,0,1,1,0.951219512
1,0.273972603,0.050243723,0.8,0,0,0.5,0.5,0.6,0.333333333,0.285714286,0,1,1,0.951219512
0,0.150684932,0.157974853,0.533333333,0,0,0.397959184,0.5,0.733333333,0.666666667,0.214285714,0.6,1,1,0.951219512
0,0.219178082,0.044666349,0.8,0,0,0.397959184,0.125,0.6,0.333333333,0.714285714,0,1,1,0.951219512
0,0.260273973,0.184242092,0.6,0,0,0.397959184,0.5,1,0.333333333,0.285714286,0,1,1,0.951219512
0,0.246575342,0.105803676,0.533333333,0,0,0.5,0.5,0.733333333,0.833333333,1,0.6,1,1,0.951219512
1,0.465753425,0.021256803,0.866666667,0,0,0.540816327,0.25,0.8,0.333333333,0.714285714,0,1,1,0.951219512
1,0.301369863,0.093207903,0.866666667,0,0,0.5,0.5,0.8,0.666666667,0.857142857,0.2,1,1,0.951219512
0,0.205479452,0.186716189,0.8,0,0,0.704081633,0.5,0.6,0.333333333,0.214285714,0,1,1,0.634146341
0,0.602739726,0.071105428,0.4,0,0,0.193877551,0.75,0.066666667,0.333333333,0.285714286,0,1,1,0.951219512
0,0.589041096,0.255033607,0.533333333,0,0,0.397959184,0.5,0.733333333,0.333333333,0.071428571,0,1,1,0.951219512
1,0.534246575,0.109787804,0.866666667,0,0,0.602040816,0.75,0.8,0.333333333,0.714285714,0,1,1,0.951219512
0,0.287671233,0.125447614,0.333333333,0,0,0.397959184,0.5,0,0,0.5,0.2,0.25,0,0.780487805
0,0.123287671,0.032772146,0.866666667,0.068490685,0,0.5,0.5,0.8,0.666666667,0.285714286,0.2,0.5,1,0.951219512
0,0.054794521,0.214205931,0.6,0,0,0.295918367,0.5,1,0.666666667,0.571428571,0.6,1,1,0.951219512
1,0.328767123,0.222525987,0.8,0,0,0.397959184,0.5,0.6,0.333333333,0.071428571,1,1,0,0.951219512
0,0.123287671,0.044229306,0.8,0,0,0.397959184,0.5,0.6,0.666666667,0.714285714,0.2,1,0,0.951219512
0,0.191780822,0.125338692,0.533333333,0,0,0.326530612,0.25,0.733333333,0,0.714285714,0.8,1,1,0.951219512
0,0.02739726,0.222814869,0.533333333,0,0,0.244897959,0,0.733333333,0.666666667,0,0.4,1,0,0.951219512
0,0.260273973,0.103226745,0.733333333,0,0,0.5,0.625,0.466666667,0.833333333,0.285714286,0.2,1,1,0.951219512
0,0.219178082,0.128596895,0.533333333,0,0,0.316326531,0,0.733333333,0,0,0.8,1,0,0.951219512
0,0.246575342,0.113558147,0.6,0,0,0.602040816,0.5,1,0,0.285714286,0.8,1,1,0.951219512
0,0.589041096,0.084607084,0.6,0,0,0.397959184,0.5,1,0.333333333,0.857142857,0,1,1,0.951219512
1,0.287671233,0.268801142,0.8,0.150241502,0,0.397959184,0.5,0.6,0.333333333,0.285714286,0,1,1,0.951219512
0,0.109589041,0.065791227,0.466666667,0,0,0.397959184,0.5,0.133333333,0.666666667,0.214285714,0.6,1,1,0.951219512
1,0.534246575,0.00976311,0.8,0,0,0.193877551,0.75,0.6,0.333333333,0.285714286,0,1,1,0.951219512
0,0.287671233,0.07936189,0.6,0,0,0.397959184,0.5,1,0.333333333,0.214285714,0,1,1,0.951219512
0,0.465753425,0.158031006,0.6,0,0,0.397959184,0.5,1,0.333333333,0.071428571,1,1,0,0.951219512
0,0.136986301,0.082946861,0.8,0,0,0.5,0.5,0.6,0.666666667,0.928571429,0.6,1,1,0.951219512
1,0.520547945,0.060734787,0.8,0,0,0.5,0.5,0.6,0.333333333,0.285714286,0,1,1,0.951219512
0,0.178082192,0.164141491,0.533333333,0,0,0.397959184,0.5,0.733333333,0.333333333,0.5,0,1,1,0.951219512
0,0.369863014,0.091077487,0.533333333,0,0,0.397959184,0.5,0.733333333,0.333333333,0.714285714,0,1,1,0.951219512
0,0.356164384,0.13784922,0.6,0,0.371212121,0.724489796,0.5,1,0,0.928571429,0.6,1,0,0.951219512
1,0.301369863,0.050243723,0.533333333,0,0,0.397959184,0.5,0.733333333,0.333333333,0.571428571,0,1,1,0.951219512
1,0.301369863,0.117612635,0.933333333,0,0,0.551020408,0.5,0.933333333,0.333333333,0.285714286,0,1,1,0.951219512
1,0.232876712,0.25158056,0.8,0,0,0.397959184,0.5,0.6,0.333333333,0.285714286,0,1,1,0.951219512
1,0.479452055,0.056879201,1,0,0,0.571428571,0.5,0.666666667,0.333333333,0.285714286,0,1,1,0.951219512
0,0.616438356,0.125160086,0.533333333,0,0,0.397959184,0,0.733333333,0.333333333,0,0,1,1,0.951219512
1,0.438356164,0.085908742,0.533333333,0.07298073,0,0.397959184,0.5,0.733333333,0.333333333,0.214285714,0,1,1,0.951219512
0,0.328767123,0.124988922,0.6,0,0,0.346938776,0.5,1,0.333333333,0.571428571,0,1,1,0.951219512
0,0.561643836,0.048208022,0.533333333,0,0,0.397959184,0.5,0.733333333,0.666666667,0.571428571,0.2,1,1,0.951219512
1,0.328767123,0.023601005,0.8,0,0,0.479591837,0.875,0.6,0.333333333,0.714285714,1,0,0,0.951219512
0,0.342465753,0.10569543,0.666666667,0,0,0.397959184,0.5,0.533333333,0,0.714285714,0.2,1,0,0.951219512
0,0.410958904,0.123336141,0.8,0,0,0.43877551,0.75,0.6,0.333333333,0.857142857,0,1,1,0.951219512
0,0.753424658,0.248350771,0.933333333,0,0,0.346938776,0.75,0.933333333,0.333333333,0.714285714,0,1,1,0.951219512
0,0.205479452,0.224330989,0.6,0,0,0.346938776,0.625,1,0.333333333,1,0,0.5,1,0.341463415
1,0.287671233,0.066396052,1,0.076880769,0,0.397959184,0.875,0.666666667,0.333333333,0.714285714,1,1,0,0
0,0.520547945,0.119498145,0.533333333,0,0,0.397959184,0.5,0.733333333,0,0.428571429,0.2,1,0,0.951219512
0,0.150684932,0.018336192,0.666666667,0,0,0.602040816,0.75,0.533333333,0.333333333,0.357142857,0,1,1,0.951219512
0,0.328767123,0.109795246,0.533333333,0,0,0.397959184,0.25,0.733333333,0.333333333,0.214285714,0,1,1,0.951219512
0,0.123287671,0.115610761,0.4,0.010550106,0,0.316326531,0.5,0.066666667,0.666666667,0.571428571,0.6,0.5,1,0.951219512
0,0.123287671,0.132491044,0.8,0.010550106,0,0.397959184,0.25,0.6,0.666666667,0.714285714,0.6,1,1,0.951219512
1,0.397260274,0.222151862,0.8,0,0.453856749,0.602040816,0.625,0.6,0.333333333,0.571428571,0,0.5,1,0.951219512
1,0.178082192,0.135944091,0.8,0.278282783,0,0.397959184,0.5,0.6,0,0.857142857,0.2,1,1,0.951219512
0,0.479452055,0.273215548,0,0,0,0.397959184,0.5,0.866666667,0.333333333,0.571428571,0.2,1,1,0.195121951
1,0.068493151,0.136477202,0.6,1,0,0.551020408,0.75,1,0.666666667,0.857142857,0.6,0.5,1,0.951219512
1,0.452054795,0.103351228,0.333333333,0,0,0.397959184,0.5,0,0.333333333,0.214285714,0,1,1,0.951219512
0,0.02739726,0.160245989,0.533333333,0,0,0.295918367,0,0.733333333,0.666666667,0,0.6,1,1,0.951219512
0,0.082191781,0.189138869,0.6,0,0,0.397959184,0.5,1,0.666666667,0.714285714,0.6,1,0,0.951219512
0,0.246575342,0.047199305,0.6,0,0,0.397959184,0.625,1,0.333333333,0.857142857,1,1,0,0.951219512
0,0.438356164,0.085301211,0.866666667,0,0,0.397959184,0.5,0.8,0.5,0.785714286,0.2,0.25,1,0.463414634
0,0.136986301,0.121678624,0.533333333,0,0,0.193877551,0.5,0.733333333,0.666666667,0.071428571,0.2,1,0,0.951219512
1,0.232876712,0.187362282,0.866666667,0.150241502,0,0.448979592,0.5,0.8,0.333333333,0.285714286,1,1,0,0.951219512
0,0.643835616,0.036769128,0.2,0,0,0.397959184,0.5,0.333333333,0.333333333,0.214285714,0,1,1,0.951219512
1,0.383561644,0.123988323,0.533333333,0,0,0.448979592,0.5,0.733333333,0.333333333,0.5,0,1,1,0.951219512
1,0.534246575,0.244438356,0.866666667,0,0.453856749,0.602040816,0.625,0.8,0.333333333,0.285714286,0,1,1,0.536585366
1,0.328767123,0.02111879,0.6,0,0,0.397959184,0.5,1,0.333333333,0.928571429,0,1,1,0.951219512
0,0.767123288,0.022663325,0.6,0,0,0.102040816,0.25,1,0.666666667,0.714285714,0.4,1,0,0.951219512
0,0.315068493,0.109140358,0.333333333,0,0,0.397959184,0.5,0,0.333333333,1,0,1,1,0.951219512
0,0.452054795,0.129092121,0.8,0,0,0.346938776,0.75,0.6,0.333333333,0.285714286,0,1,1,0.951219512
0,0.205479452,0.118834461,0.333333333,0,0,0.5,0.5,0,0.666666667,0.214285714,0.2,0.5,0,0.951219512
0,0.493150685,0.089506567,0.6,0,0,0.397959184,0.875,1,0.666666667,0.785714286,0.2,1,0,0.951219512
0,0.109589041,0.094634044,0.8,0,0,0.397959184,0.5,0.6,0.666666667,0.857142857,0.2,1,0,0.951219512
0,0.178082192,0.202016758,0.6,0,0,0.551020408,0.5,1,0.666666667,0.428571429,0.2,1,1,0.951219512
0,0.301369863,0.33608684,0.6,0,0,0.397959184,0.5,1,0,0.571428571,0.2,1,1,0.951219512
0,0.123287671,0.08143886,0.533333333,0.050130501,0,0.397959184,0.5,0.733333333,0.333333333,0.285714286,1,1,0,0.951219512
1,0.383561644,0.090216932,0.866666667,0,0.453856749,0.428571429,0.5,0.8,0.333333333,0.285714286,0,1,1,0.951219512
1,0.424657534,0.10966738,0.866666667,0,0,0.397959184,0.5,0.8,0.333333333,0.714285714,0,1,1,0.195121951
0,0.054794521,0.014431218,0.6,0,0,0.244897959,0.5,1,0.666666667,0.071428571,0.6,1,0,0.951219512
0,0.205479452,0.03543229,0.533333333,0,0,0.397959184,0.5,0.733333333,0,0.214285714,0.2,1,1,0.951219512
0,0.315068493,0.232438613,0.8,0,0,0.397959184,0.75,0.6,0.5,0.285714286,0.2,0.25,1,0.951219512
0,0.547945205,0.206806642,0.533333333,0,0,0.5,0.5,0.733333333,0.333333333,0.285714286,0,1,1,0.951219512
0,0.287671233,0.162816831,0.6,0,0,0.397959184,0.5,1,0.333333333,0.428571429,0,0.5,1,0.951219512
0,0.315068493,0.181364102,0.533333333,0,0,0.346938776,0.5,0.733333333,0.333333333,1,0,1,1,0.951219512
1,0.369863014,0.070725214,0.933333333,0.150241502,0,0.806122449,0.5,0.933333333,0.333333333,0.714285714,0,1,1,0.951219512
0,0.493150685,0.070361914,0.533333333,0,0,0.397959184,0.5,0.733333333,0.333333333,0.285714286,0,1,1,0.951219512
0,0.205479452,0.099476022,0.6,0,0.454545455,0.806122449,0.75,1,0.666666667,0.214285714,0.6,1,1,0.951219512
1,0.602739726,0.024734882,1,0,0,0.551020408,0.75,0.666666667,0.333333333,0.714285714,0,1,1,0.951219512
0,0.479452055,0.120456121,0.533333333,0,0,0.244897959,0.75,0.733333333,0,0.357142857,0.2,1,1,0.951219512
0,0.02739726,0.132453158,0.6,0,0,0.193877551,0.5,1,0.666666667,0.857142857,0.6,1,0,0.951219512
1,0.547945205,0.25433745,0.6,0,0,0.397959184,0.875,1,0.333333333,0.714285714,0,1,1,0.951219512
0,0.136986301,0.033219337,0.8,0,0,0.142857143,0,0.6,0.333333333,0,0,1,1,0.951219512
0,0.383561644,0.148423499,0.533333333,0,0,0.397959184,0.5,0.733333333,0.333333333,0.5,0,0.5,1,0.951219512
0,0.438356164,0.147830852,0.533333333,0,0,0.397959184,0.5,0.733333333,0,0.571428571,0.2,1,0,0.951219512
0,0.205479452,0.151872486,0.6,0,0,0.5,0.5,1,0,0.857142857,0.2,1,1,0.951219512
1,0.438356164,0.13624312,0.866666667,0,0,0.397959184,0.5,0.8,0.333333333,0.857142857,0,1,1,0.951219512
0,0.410958904,0.147052834,0.533333333,0,0,0.397959184,0.125,0.733333333,0.5,0.071428571,0.2,0.5,0,0.804878049
1,0.301369863,0.134174269,0.933333333,0,0,0.306122449,0.625,0.933333333,0.333333333,0.714285714,0,1,1,0.12195122
1,0.246575342,0.100015899,0.8,0,0,0.397959184,0.5,0.6,0.333333333,0.071428571,0,0.25,1,0.731707317
0,0.232876712,0.073185104,0.533333333,0,0,0.397959184,0.5,0.733333333,0,0.285714286,0.2,1,0,0.951219512
0,0.452054795,0.017935005,0.8,0,0,0.5,0.5,0.6,0.333333333,0.714285714,0,1,1,0.951219512
0,0.452054795,0.124941564,0.2,0,0,0.295918367,0.5,0.333333333,0,0.214285714,0.2,1,0,0.951219512
0,0.315068493,0.113710368,0.8,0,0,0.397959184,0,0.6,0.666666667,0,0.6,1,0,0.951219512
0,0.520547945,0.078315963,0.533333333,0,0,0.397959184,0.5,0.733333333,0.333333333,0.571428571,0,1,1,0.951219512
0,0.232876712,0.120249101,0.533333333,0,0,0.346938776,0.5,0.733333333,0.833333333,0.928571429,0.8,0.5,0,0.951219512
0,0.342465753,0.049867568,0.533333333,0,0,0.5,0.5,0.733333333,0.333333333,1,0,1,1,0.951219512
0,0.616438356,0.196099086,0.533333333,0.029610296,0,0.295918367,0,0.733333333,0.333333333,0,0,1,1,0.951219512
0,0.095890411,0.104553435,0.533333333,0,0,0.295918367,0.5,0.733333333,0,0.857142857,0.2,1,0,0.951219512
1,0.410958904,0.045559378,0.933333333,0.278282783,0,0.5,0.625,0.933333333,0,0.714285714,0.2,1,1,0.951219512
0,0.191780822,0.093595559,0.533333333,0,0,0.397959184,0.75,0.733333333,0.666666667,0.571428571,0.6,1,0,0.951219512
1,0.589041096,0.05528122,0.8,0.150241502,0,0.448979592,0.5,0.6,0.333333333,0.285714286,0,1,1,0.951219512
0,0.082191781,0.099737842,0.533333333,0,0,0.397959184,0.5,0.733333333,0,0.214285714,0.2,1,1,0.951219512
0,0.164383562,0.152022678,0.533333333,0,0,0.5,0.5,0.733333333,0.333333333,0.571428571,0,0.5,1,0.951219512
1,0.438356164,0.100484062,0.8,0,0,0.397959184,0.875,0.6,0.333333333,0.714285714,1,1,0,0.951219512
1,0.164383562,0.189963568,0.8,0,0,0.5,0.5,0.6,0.666666667,0.857142857,0.2,1,1,0.951219512
0,0.123287671,0.100137675,0.533333333,0,0,0.397959184,0.5,0.733333333,0.5,0.785714286,0.2,1,1,0.951219512
0,0.068493151,0.109435328,0.533333333,0,0,0.5,0.5,0.733333333,0.666666667,0.214285714,0.2,1,1,0.951219512
1,0.684931507,0.062895647,0.866666667,0,0,0.397959184,0.5,0.8,0.333333333,0.285714286,0,1,1,0.951219512
0,0.479452055,0.163722038,0.8,0,0,0.397959184,0.875,0.6,0.333333333,0.714285714,0,1,1,0.951219512
1,0.191780822,0.265051772,0.333333333,0,0,0.551020408,0.75,0,0.333333333,0.357142857,0,1,1,0.780487805
0,0.068493151,0.008531812,0.533333333,0,0,0.295918367,0.5,0.733333333,0,0.928571429,0.8,1,0,0.268292683
1,0.315068493,0.224458178,0.933333333,0,0,0.5,0.625,0.933333333,0.333333333,0.714285714,0,1,1,0.951219512
0,0.191780822,0.108638367,0.133333333,0,0,0.244897959,0.5,0.266666667,0.666666667,0.357142857,0.6,1,1,0.634146341
0,0.068493151,0.098271109,0.6,0,0,0.091836735,0.875,1,0.666666667,0.714285714,0.2,1,1,0.951219512
0,0.068493151,0.244792185,0.533333333,0,0,0.346938776,0.5,0.733333333,0.666666667,0.857142857,0.8,1,0,0.951219512
0,0.561643836,0.01937603,0.8,0,0,0.397959184,0.875,0.6,0.333333333,0.285714286,0,1,1,0.951219512
0,0.657534247,0.069827449,0.8,0.038180382,0,0.091836735,0.75,0.6,0.333333333,0.857142857,0,1,1,0.951219512
0,0.424657534,0.095167155,0.2,0,0,0.316326531,0.5,0.333333333,0.333333333,0.214285714,0,1,1,0.146341463
0,0.123287671,0.138173958,0.8,0,0,0.418367347,0.25,0.6,0.666666667,0.714285714,0.6,0.5,0,0.951219512
0,0.246575342,0.092727562,0.6,0,0,0.448979592,0.5,1,0.333333333,0.214285714,0,1,1,0.951219512
0,0.260273973,0.059795077,0.533333333,0,0,0.244897959,0,0.733333333,0.666666667,0,0.6,0.25,1,0.951219512
0,0.575342466,0.106455858,0.733333333,0,0,0.397959184,0.5,0.466666667,1,0.285714286,0.8,1,0,0.951219512
0,0.767123288,0.100781062,0.533333333,0,0,0.234693878,0.75,0.733333333,1,0.214285714,0.2,1,1,0.951219512
1,0.520547945,0.013273663,0.866666667,0,0.453856749,0.397959184,0.5,0.8,0.333333333,0.285714286,0,1,1,0.951219512
0,0.479452055,0.12588804,0.8,0,0,0.244897959,0.5,0.6,0.666666667,0.857142857,0.4,1,0,0.951219512
0,0.136986301,0.166754955,0.8,0,0,0.397959184,0.5,0.6,0.666666667,0.428571429,0.2,0.5,1,0.951219512
0,0.369863014,0.174173187,0.8,0,0,0.295918367,0.625,0.6,0.333333333,0.857142857,0,1,1,0.951219512
0,0.315068493,0.126287873,0.733333333,0,0,0.010204082,0.75,0.466666667,0.666666667,0.714285714,0.6,0.5,0,0.951219512
0,0.493150685,0.065320357,0.266666667,0,0,0.397959184,0.5,0.4,0.333333333,1,0,1,1,0.951219512
0,0.273972603,0.213027403,0.6,0,0,0.704081633,0.75,1,0.333333333,0.214285714,0,1,1,0
0,0.136986301,0.144429222,0.533333333,0,0,0.193877551,0.5,0.733333333,0.666666667,0.571428571,0.6,1,1,0.951219512
0,0.095890411,0.128998082,0.666666667,0,0,0.397959184,0.5,0.533333333,0.666666667,0.071428571,0.2,1,0,0.951219512
0,0.534246575,0.146970973,0.266666667,0,0,0.397959184,0.5,0.4,0.333333333,1,0,0.5,1,0.951219512
1,0.369863014,0.117411027,0.8,0,0,0.459183673,0.875,0.6,0.333333333,0.071428571,0,1,1,0.951219512
0,0.136986301,0.06856706,0.533333333,0,0,0.346938776,0.5,0.733333333,0.666666667,0.214285714,0.2,1,1,0.512195122
0,0.232876712,0.027231981,0.533333333,0,0,0.295918367,0.5,0.733333333,0.666666667,1,0.8,0.5,1,0.951219512
0,0.219178082,0.056802076,0.533333333,0,0,1,0.625,0.733333333,0.333333333,0.857142857,0,1,1,0.951219512
0,0.630136986,0.097769118,0.533333333,0,0,0.030612245,0,0.733333333,1,0,0.2,1,0,0.951219512
1,0.287671233,0.021261539,0.8,0.07298073,0,0.602040816,0.5,0.6,0.333333333,0.714285714,0,1,1,0.951219512
0,0.726027397,0.071157522,0.533333333,0,0,0.153061224,0.5,0.733333333,0.333333333,0.571428571,0,1,1,0.951219512
0,0.095890411,0.085397956,0.8,0,0,0.193877551,0.875,0.6,0.666666667,0.714285714,0.2,1,1,0.951219512
0,0.054794521,0.064683736,0.6,0,0,0.346938776,0.5,1,0.666666667,0.071428571,0.2,1,1,0.951219512
0,0.123287671,0.1115353,0.533333333,0,0,0.397959184,0.5,0.733333333,0.666666667,0.428571429,0.6,1,1,0.951219512
0,0.095890411,0.368290018,0.533333333,0.04101041,0,0.5,0.5,0.733333333,0.666666667,0.285714286,0.4,1,1,0.951219512
0,0.232876712,0.06755496,0.533333333,0,0,0.397959184,0.5,0.733333333,0.333333333,0.214285714,0,1,1,0.951219512
1,0.397260274,0.171151094,0.8,0,0.436639118,0.397959184,0.5,0.6,0.333333333,0.714285714,0,1,1,0.951219512
0,0.273972603,0.299455726,0.333333333,0,0,0.397959184,0.5,0,0,0.214285714,0.2,1,1,0.951219512
0,0.863013699,0.12867605,0.533333333,0,0,0.153061224,0.5,0.733333333,0.5,0.071428571,0.2,1,0,0.951219512
0,0.232876712,0.197266113,0.266666667,0,0,0.397959184,0.25,0.4,0.666666667,0.571428571,0.6,1,1,0.951219512
0,0.684931507,0.059828227,0.533333333,0,0,0.295918367,0.5,0.733333333,0.333333333,0.428571429,0,1,1,0.951219512
0,0.136986301,0.101519841,0.8,0,0,0.397959184,0.5,0.6,0.333333333,0.285714286,0,1,1,0.146341463
0,0.452054795,0.116176346,0.6,0,0,0.397959184,0.125,1,0.333333333,0.071428571,0,1,1,0.951219512
0,0.164383562,0.184946368,0.6,0,0,0.448979592,0.5,1,0.333333333,0.214285714,0,1,1,0.951219512
0,0.095890411,0.092295931,0.533333333,0,0,0.397959184,0.5,0.733333333,0.666666667,0.571428571,0.2,1,0,0.951219512
0,0.534246575,0.164480436,0.533333333,0,0,0.397959184,0.25,0.733333333,0,0.285714286,0.2,1,0,0.951219512
0,0.082191781,0.076611089,0.8,0,0,0.418367347,0.5,0.6,0.666666667,0.714285714,0.6,1,1,0.951219512
0,0.219178082,0.191706329,0.533333333,0,0,0.397959184,0.5,0.733333333,0.833333333,0.571428571,0.8,1,0,0.073170732
0,0.205479452,0.115286023,0.533333333,0,0,0.602040816,0.75,0.733333333,0.666666667,0.571428571,0.8,1,1,0.951219512
0,0.493150685,0.124225111,0.533333333,0,0,0.448979592,0.5,0.733333333,0.333333333,1,0,1,1,0.951219512
0,0.246575342,0.119812734,0.6,0,0,0.37755102,0.5,1,0.666666667,0.071428571,0.2,1,0,0.951219512
0,0.178082192,0.01009529,0.4,0,0,0.448979592,0.5,0.066666667,0.333333333,0.214285714,0,1,1,0.951219512
0,0.424657534,0.109766831,0.4,0,0,0.397959184,0,0.066666667,0.833333333,0,0.8,1,1,0.951219512
0,0.328767123,0.189123309,0.866666667,0,0,0.346938776,0.25,0.8,0.333333333,0.714285714,0,1,1,0.951219512
0,0.410958904,0.20943296,0.666666667,0,0,0.397959184,0.75,0.533333333,0.833333333,0.285714286,0.8,1,0,0.951219512
1,0.219178082,0.092983969,0.533333333,0,0,0.397959184,0.5,0.733333333,0.333333333,0.857142857,0,1,1,0.951219512
0,0.109589041,0.119572564,0.533333333,0,0,0.295918367,0.75,0.733333333,0.333333333,0.357142857,0,1,1,0.951219512
0,0.260273973,0.118866259,0.533333333,0,0,0.397959184,0,0.733333333,0.666666667,0,0.8,1,0,0.951219512
0,0.643835616,0.131949138,0.6,0,0,0.193877551,0,1,0.333333333,0,0,1,1,0.951219512
0,0.465753425,0.134397527,0.533333333,0,0.45959596,0.448979592,0.5,0.733333333,0.333333333,0.857142857,0,1,1,0.951219512
1,0.630136986,0.221545685,0.8,0,0,0.5,0.5,0.6,0.333333333,0.714285714,0,1,1,0
1,0.219178082,0.082944155,0.8,0,0,0.5,0.75,0.6,0.333333333,0.714285714,1,1,0,0.951219512
0,0.328767123,0.129172629,0.2,0,0,0.397959184,0.5,0.333333333,0.833333333,0.214285714,0.2,1,1,0.634146341
0,0.150684932,0.064341408,0.533333333,0,0,0.316326531,0.5,0.733333333,0.666666667,0.285714286,0.6,1,1,0.951219512
0,0.520547945,0.152850759,0.533333333,0,0,0.397959184,0.5,0.733333333,0.333333333,0.214285714,0,1,1,0.951219512
0,0.191780822,0.141145987,0.666666667,0,0,0.397959184,0.5,0.533333333,0.833333333,0.214285714,0.2,1,1,0.951219512
0,0.04109589,0.133731137,0.6,0,0,0.244897959,0.5,1,0.666666667,0.571428571,0.6,1,1,0.951219512
0,0.424657534,0.035092669,0.6,0,0,0.448979592,0.5,1,0.333333333,0.285714286,0,1,1,0.951219512
1,0.383561644,0.096997866,0.6,0,0,0.397959184,0.125,1,0.333333333,0.714285714,0,1,1,0.951219512
0,0.164383562,0.019616877,0.8,0,0,0.5,0,0.6,0.5,0,0.2,1,1,0.951219512
0,0.876712329,0.091205353,0.8,0,0,0.040816327,0,0.6,1,0,0.2,1,1,0.951219512
0,0.342465753,0.146247755,0.8,0,0,0.5,0.5,0.6,0.833333333,0.571428571,0.4,0.5,1,0.951219512
0,0.150684932,0.116733813,0.6,0,0,0.397959184,0.5,1,0.666666667,0.214285714,0.8,1,1,0.951219512
0,0.301369863,0.119264063,0.4,0,0,0.397959184,0.75,0.066666667,0.333333333,1,0,1,1,0.951219512
1,0.643835616,0.16090223,0.8,0,0.436639118,0.5,0.5,0.6,0.333333333,0.785714286,0,1,1,0.951219512
0,0.575342466,0.039584877,0.533333333,0,0,0.142857143,0.5,0.733333333,0.333333333,0.642857143,1,0.5,0,0.951219512
1,0.452054795,0.09694036,0.866666667,0.07298073,0,0.5,0.625,0.8,0.333333333,0.714285714,0,1,1,0.951219512
0,0.219178082,0.128380403,0.8,0,0.459366391,0.397959184,0.5,0.6,0.666666667,0.428571429,0.2,1,1,0.951219512
1,0.465753425,0.038300809,0.6,0,0,0.397959184,0.125,1,0.333333333,0.285714286,0,1,1,0.951219512
1,0.273972603,0.129800455,0.666666667,0,0,0.448979592,0.5,0.533333333,0.333333333,0.214285714,0,1,1,0.951219512
0,0.342465753,0.06776604,0.533333333,0,0,0.397959184,0.5,0.733333333,0.666666667,0.571428571,0.2,0,1,0.951219512
0,0.260273973,0.098827223,0.466666667,0,0,0.397959184,0.5,0.133333333,0.333333333,0.5,0,1,1,0.951219512
1,0.205479452,0.162613193,0.666666667,0,0,0.397959184,0.5,0.533333333,0.333333333,0.214285714,0,1,1,0.951219512
0,0.136986301,0.13396116,0.8,0,0,0.397959184,0.875,0.6,0.333333333,0.785714286,0,1,1,0.951219512
0,0.315068493,0.1336486,0.533333333,0,0,0.397959184,0.5,0.733333333,0.666666667,0.214285714,0.2,1,1,0.951219512
1,0.328767123,0.151318402,0.933333333,0,0,0.5,0.25,0.933333333,0.333333333,0.714285714,0,1,1,0.951219512
0,0.657534247,0.088808381,0.6,0,0,0.37755102,0.5,1,0.833333333,0.071428571,0.2,1,0,0.951219512
0,0.589041096,0.154701089,0.533333333,0,0,0.397959184,0.5,0.733333333,0,0.071428571,0.4,1,0,0.951219512
0,0.452054795,0.012287271,0.666666667,0,0,0.448979592,0.5,0.533333333,0.333333333,1,0,1,1,0.951219512
0,0.232876712,0.114352402,0.4,0,0,0.397959184,0.5,0.066666667,0.333333333,0.5,0,1,1,0.951219512
1,0.342465753,0.22926227,0.8,0,0.433195592,0.397959184,0.75,0.6,0.333333333,0.714285714,0,1,1,0.951219512
0,0.260273973,0.192846971,0.8,0,0,0.5,0.5,0.6,0.666666667,0.857142857,0.2,0.25,0,0.073170732
1,0.753424658,0.18477791,0.933333333,0,0.515610652,0.275510204,0.75,0.933333333,0.333333333,0.714285714,0,1,1,0.951219512
0,0.219178082,0.088798909,0.533333333,0,0,0.397959184,0.5,0.733333333,0.333333333,0.214285714,0,1,1,0.951219512
0,0.342465753,0.124637799,0.6,0,0,0.397959184,0.75,1,0.666666667,0.714285714,0.2,1,1,0.951219512
0,0.082191781,0.040436637,0.533333333,0,0,0.397959184,0.5,0.733333333,0.666666667,0.071428571,0.8,1,0,0.951219512
0,0.273972603,0.166800959,0.6,0,0,0.397959184,0.5,1,0.666666667,0.571428571,0.8,0.5,0,0.951219512
1,0.246575342,0.121246994,0.8,0,0,0.602040816,0.5,0.6,0.333333333,0.857142857,0,1,1,0.951219512
1,0.397260274,0.089347581,0.866666667,0,0,0.397959184,0.5,0.8,0.333333333,0.714285714,0,1,1,0.951219512
1,0.287671233,0.076475105,0.6,0,0,0.806122449,0.625,1,0.333333333,0.285714286,0,1,1,0.951219512
0,0.191780822,0.12344574,0.533333333,0,0,0.448979592,0.5,0.733333333,0.666666667,0.285714286,0.8,0.5,0,0.951219512
1,0.301369863,0.214932532,0.8,0.150241502,0,0.5,0.625,0.6,0.333333333,0.285714286,0,1,1,0.951219512
0,0.109589041,0.113433664,0.866666667,0.02597026,0,0.306122449,0.5,0.8,0.666666667,0.714285714,0.6,1,0,0.951219512
1,0.315068493,0.174453273,0.866666667,0,0,0.397959184,0.5,0.8,0.666666667,0.285714286,0.2,1,0,0.951219512
1,0.164383562,0.251306563,0.6,0,0.340909091,0.397959184,0.25,1,0.333333333,0.785714286,0,1,1,0.951219512
1,0.232876712,0.052336253,0.6,0,0,0.551020408,0.5,1,0.333333333,0.857142857,0,1,1,0.951219512
0,0.630136986,0.03259151,0.6,0,0,0.367346939,0.5,1,0,0.071428571,0.2,1,0,0.951219512
1,0.506849315,0.09552775,0.533333333,0,0,0.56122449,0.5,0.733333333,0,1,0.2,1,1,0.951219512
0,0.452054795,0.112042026,0.533333333,0,0,0.5,0.5,0.733333333,0.333333333,0.214285714,0,1,1,0.951219512
0,0.178082192,0.197266113,0.533333333,0,0,0.43877551,0.5,0.733333333,0.833333333,1,0.2,1,1,0.951219512
0,0.068493151,0.071370631,0.8,0,0,0.5,0.5,0.6,0.666666667,0.285714286,0.2,1,1,0.951219512
0,0.232876712,0.016977705,0.533333333,0,0,0.397959184,0.5,0.733333333,0.5,0.5,0.8,1,0,0.951219512
1,0.397260274,0.047884637,0.733333333,0,0,0.397959184,0.5,0.466666667,0.333333333,0.5,0,1,1,0.951219512
1,0.794520548,0.094873538,1,0.251242512,0,0.193877551,0.625,0.666666667,1,0.714285714,0.2,1,1,0.951219512
0,0.465753425,0.108001745,0.6,0,0,0.5,0.75,1,0.333333333,0.857142857,0,1,1,0.951219512
0,0.424657534,0.123988323,0.2,0,0,0.397959184,0.5,0.333333333,0,0.571428571,0.2,1,1,0.951219512
0,0.821917808,0.090009235,0.533333333,0.00401004,0,0.193877551,0.75,0.733333333,0.666666667,0.5,0.2,1,1,0.951219512
0,0.205479452,0.233002168,0.533333333,0.038870389,0,0.397959184,0.5,0.733333333,0,0.071428571,0.8,1,1,0.951219512
0,0.164383562,0.218338898,0.533333333,0,0,0.479591837,0.5,0.733333333,0.333333333,0.214285714,0,1,1,0.951219512
0,0.02739726,0.141136515,0.6,0,0,0.295918367,0.75,1,0.666666667,1,0.6,1,1,0.951219512
0,0.150684932,0.106450445,0.733333333,0,0,0.020408163,0,0.466666667,0.166666667,0,1,1,0,0.951219512
0,0.246575342,0.092429209,0.6,0,0,0.397959184,0.5,1,0,0.714285714,0.2,1,0,0.951219512
0,0.178082192,0.110390599,0.533333333,0,0,0.397959184,0.5,0.733333333,0.666666667,0.571428571,0.6,1,0,0.951219512
0,0.616438356,0.091563918,0.266666667,0.010550106,0,0.214285714,0.5,0.4,0.666666667,0.642857143,0.2,0.5,0,0.951219512
0,0.506849315,0.082319711,0.6,0,0,0.193877551,0.5,1,1,0.857142857,0.8,1,0,0.951219512
0,0.164383562,0.092188362,0.533333333,0,0,0.397959184,0.5,0.733333333,0.333333333,0.214285714,0,1,1,0.951219512
0,0.150684932,0.172941212,0.6,0,0,0.397959184,0.5,1,0.833333333,0.071428571,0.2,1,1,0.951219512
0,0.493150685,0.130097455,0.866666667,0,0,0.397959184,0.5,0.8,0,0.857142857,0.2,1,0,0.951219512
0,0.260273973,0.088694046,0.6,0,0,0.397959184,0.875,1,0.333333333,0.785714286,0,1,1,0.951219512
1,0.438356164,0.20254581,0.6,0,0,0.397959184,0.125,1,0.333333333,0.285714286,0,1,1,0.951219512
1,0.232876712,0.130014241,0.866666667,0,0,0.5,0.875,0.8,0.333333333,0.714285714,0,1,1,0.951219512
0,0.150684932,0.245602,0.533333333,0,0,0.397959184,0.5,0.733333333,0.333333333,0.5,0,0.25,1,0.731707317
0,0.356164384,0.122857153,0.6,0,0,0.551020408,0.5,1,0.666666667,0.071428571,0.2,1,1,0.951219512
1,0.109589041,0.265426574,0.866666667,0,0,1,0.5,0.8,0.333333333,0.357142857,0.2,1,1,0.951219512
0,0.219178082,0.157316582,0.533333333,0,0,0.397959184,0.5,0.733333333,0.666666667,0.571428571,0.2,1,1,0.951219512
0,0.520547945,0.099056569,0.333333333,0,0,0.5,0.5,0,0.5,0.214285714,0.2,1,1,0.951219512
0,0.205479452,0.131008751,0.533333333,0,0,0.367346939,0.25,0.733333333,0.666666667,0.071428571,0.2,0.5,0,0.951219512
1,0.671232877,0.064502424,0.533333333,0,0,0.602040816,0.625,0.733333333,0.333333333,0.857142857,0,1,1,0.951219512
1,0.479452055,0.058791095,0.533333333,0.07298073,0,0.5,0.5,0.733333333,0.333333333,0.857142857,0,1,1,0.951219512
0,0.02739726,0.092850015,0.6,0,0,0.112244898,0.875,1,0.666666667,0.357142857,0.6,1,1,0.951219512
0,0.164383562,0.131775268,0.533333333,0,0,0.397959184,0.5,0.733333333,0.333333333,0.5,0,1,1,0.951219512
0,0.01369863,0.125892099,0.4,0.005940059,0,0.091836735,0.5,0.066666667,0.666666667,0.571428571,0.6,1,1,0.951219512
0,0.232876712,0.142777795,0.533333333,0,0.383838384,0.418367347,0.5,0.733333333,0.333333333,0.928571429,0,1,1,0.951219512
1,0.424657534,0.074953573,0.866666667,0,0,0.346938776,0.25,0.8,0.333333333,0.714285714,0,1,1,0.951219512
1,0.602739726,0.141801551,0.6,0,0,0.5,0.75,1,0.333333333,0.071428571,0,1,1,0.951219512
1,0.383561644,0.060221295,1,0,0,0.397959184,0.875,0.666666667,0.333333333,0.714285714,0,1,1,0.951219512
0,0.164383562,0.055886721,0.6,0,0,0.397959184,0.5,1,0.333333333,0.714285714,0,1,1,0.951219512
0,0.369863014,0.005161303,0.533333333,0,0,0.5,0.5,0.733333333,0.333333333,0.571428571,1,0.25,0,0.731707317
1,0.369863014,0.146931057,0.6,0,0,0.5,0.625,1,0.333333333,0.285714286,0,1,1,0.951219512
0,0.068493151,0.075394675,0.6,0,0,0.204081633,0.25,1,0.666666667,0.714285714,0.2,1,0,0.951219512
0,0.424657534,0.090386066,0.8,0,0,0.602040816,0.25,0.6,0,0.714285714,0.8,1,0,0.951219512
1,0.356164384,0.22582546,0.933333333,0.150241502,0,0.5,0.5,0.933333333,0.333333333,0.714285714,0,1,1,0.951219512
0,0.205479452,0.163454806,0.533333333,0,0,0.397959184,0.5,0.733333333,0.333333333,0.214285714,0,1,1,0.951219512
0,0.424657534,0.137883724,0.8,0,0,0.397959184,0.5,0.6,0.333333333,0.428571429,0,1,1,0.951219512
1,0.342465753,0.073728363,0.666666667,0,0,0.397959184,0.5,0.533333333,0.333333333,0.714285714,0,1,1,0.951219512
1,0.328767123,0.112048115,0.8,0.076880769,0,0.704081633,0.625,0.6,0.333333333,0.285714286,0,1,1,0.951219512
0,0.04109589,0.037935479,0.6,0,0,0.091836735,0.875,1,0.666666667,0.071428571,0.6,1,0,0.951219512
0,0.397260274,0.096149488,0.333333333,0,0,0.448979592,0.5,0,0.333333333,0.428571429,0,0.5,1,0.951219512
1,0.438356164,0.119891213,0.533333333,0,0,0.5,0.5,0.733333333,0.333333333,0.857142857,0,1,1,0.951219512
0,0.054794521,0.161458344,0.6,0,0,0.346938776,0.5,1,0.666666667,0.5,0.4,1,1,0.951219512
0,0.191780822,0.103025813,0.6,0,0,0.479591837,0.5,1,0,0.571428571,0.8,1,0,0.951219512
0,0.246575342,0.19145601,0.8,0,0,0.367346939,0.75,0.6,0,0.857142857,0.2,1,1,0.951219512
0,0.164383562,0.116095162,0.8,0,0,0.397959184,0.5,0.6,0.666666667,0.071428571,0.6,1,1,0.951219512
0,0.164383562,0.269306515,0.733333333,0,0,0.428571429,0.5,0.466666667,0.333333333,0.214285714,0,1,1,0.951219512
0,0.575342466,0.03199954,0.533333333,0,0,0.397959184,0.5,0.733333333,0.333333333,0.5,0,0.5,1,0.951219512
0,0.205479452,0.161400162,0.666666667,0,0,0.397959184,0.5,0.533333333,0,0.071428571,0.2,1,1,0.951219512
0,0.219178082,0.119044188,0.533333333,0,0,0.397959184,0.125,0.733333333,0.333333333,0.214285714,0,1,1,0.951219512
0,0.232876712,0.163734892,0.533333333,0.045080451,0,0.908163265,0.75,0.733333333,0.333333333,0.357142857,0,1,1,0.951219512
0,0.575342466,0.008185425,0.533333333,0,0,0.397959184,0.5,0.733333333,1,0.642857143,0.2,1,0,0.951219512
1,0.547945205,0.106744739,0.533333333,0,0,0.244897959,0.25,0.733333333,0.333333333,1,0,1,1,0.951219512
1,0.547945205,0.159215623,0.866666667,0,0,0.397959184,0.875,0.8,0.333333333,0.285714286,0,1,1,0.951219512
0,0.109589041,0.118544903,0.6,0,0,0.397959184,0.875,1,0.666666667,0.428571429,0.6,1,1,0.951219512
0,0.082191781,0.359067461,0.533333333,0,0,0.397959184,0.5,0.733333333,0.666666667,0.857142857,0.6,0.5,1,0.951219512
0,0.506849315,0.148200242,0.733333333,0,0,0.316326531,0.5,0.466666667,0,0.857142857,0.2,1,1,0.951219512
0,0.260273973,0.181233531,0.6,0.034560346,0,0.071428571,0.75,1,0.333333333,0.357142857,0,1,1,0.951219512
0,0.328767123,0.085835676,0.8,0,0,0.397959184,0.25,0.6,0,0.714285714,0.2,0.5,1,0.951219512
0,0.383561644,0.158382129,0.533333333,0,0,0.295918367,0.5,0.733333333,0.666666667,0.642857143,0.8,0.5,0,0.951219512
0,0.465753425,0.095813249,0.866666667,0,0,0.397959184,0.25,0.8,0,0.285714286,0.2,1,0,0.951219512
0,0.109589041,0.11134384,0.8,0,0,0.397959184,0.5,0.6,0.666666667,0.285714286,0.2,1,1,0.951219512
0,0.260273973,0.117805448,0.533333333,0,0,0.653061224,0.5,0.733333333,0.333333333,0.428571429,0,1,1,0.951219512
0,0.657534247,0.10893875,0.2,0.00401004,0,0.112244898,0,0.333333333,1,0,0.2,1,0,0.951219512
0,0.301369863,0.118261434,0.6,0,0,0.397959184,0.5,1,0,0.857142857,0.2,1,0,0.951219512
0,0.109589041,0.131963345,0.6,0,0,0.397959184,0.125,1,0.666666667,0.285714286,0.2,0.5,1,0.951219512
0,0.123287671,0.157865254,0.6,0,0,0.397959184,0.5,1,0.666666667,0.071428571,0.4,1,1,0.634146341
1,0.342465753,0.479085186,0.6,0,0,0.397959184,0.25,1,0.333333333,0.785714286,0,0.5,1,0.951219512
0,0.342465753,0.022873051,0.8,0,0,0.326530612,0.25,0.6,0,1,0.2,1,1,0.951219512
1,0.493150685,0.182083261,0.533333333,0,0,0.397959184,0.5,0.733333333,0.333333333,0.214285714,0,1,1,0.951219512
0,0.465753425,0.047547721,0.533333333,0,0,0.5,0.5,0.733333333,0.333333333,0.214285714,0,1,1,0.951219512
0,0.136986301,0.366133894,0.8,0,0,0.479591837,0.875,0.6,0.333333333,0.785714286,1,0.5,0,0.951219512
0,0.068493151,0.120885723,0.533333333,0,0,0.397959184,0.5,0.733333333,0.333333333,0.571428571,0,1,1,0.951219512
0,0.082191781,0.133781201,0.6,0,0,0.193877551,0.25,1,0.666666667,0.071428571,0.6,1,0,0.951219512
0,0.260273973,0.323868576,0.733333333,0,0,0.397959184,0.25,0.466666667,0.666666667,0.714285714,0.6,0.5,1,0.951219512
0,0.150684932,0.121981713,0.533333333,0,0,0.397959184,0.5,0.733333333,0.333333333,0.5,0,1,1,0.951219512
1,0.287671233,0.053280022,0.8,0.051780518,0,0.479591837,0.5,0.6,0.333333333,0.857142857,0,1,1,0.951219512
0,0.246575342,0.199296401,0.6,0,0,0.653061224,0.5,1,0.666666667,0.857142857,0.2,1,1,0.951219512
0,0.054794521,0.084979856,0.6,0,0,0.397959184,0.5,1,0.666666667,0.428571429,0.6,1,1,0.951219512
1,0.602739726,0.069506094,0.6,0,0,0.5,0.5,1,0.333333333,0.714285714,0,1,1,0.951219512
0,0.01369863,0.094431759,0.6,0,0,0.193877551,0.5,1,0.666666667,0.857142857,0.2,1,0,0.951219512
0,0.136986301,0.075002283,0.6,0,0,0.244897959,0,1,0.666666667,0,0.8,1,0,0.951219512
0,0.01369863,0.019963941,0.4,0,0,0.193877551,0.5,0.066666667,0.666666667,0.571428571,0.6,1,0,0.951219512
1,0.150684932,0.135894027,0.8,0,0,0.397959184,0.5,0.6,0.333333333,0.071428571,0,1,1,0
0,0.164383562,0.100716115,0.733333333,0,0,0.5,0.5,0.466666667,0.333333333,0.714285714,0,1,1,0.951219512
0,0.383561644,0.108702638,0.6,0,0,0.704081633,0.5,1,0,0.785714286,0.2,1,1,0.951219512
1,0.232876712,0.072000487,0.666666667,0,0,0.397959184,0.5,0.533333333,0.333333333,0.571428571,0,1,1,0.951219512
0,0.452054795,0.175363893,0.533333333,0,0,0.397959184,0.5,0.733333333,0,0.071428571,0.2,1,0,0.951219512
0,0.246575342,0.114155529,0.533333333,0,0,0.602040816,0.5,0.733333333,0.666666667,0.428571429,0.6,1,1,0.951219512
1,0.438356164,0.054983543,0.533333333,0,0,0.479591837,0.5,0.733333333,0.333333333,0.285714286,0,1,1,0.951219512
0,0.164383562,0.12236328,0.533333333,0,0.323232323,0.397959184,0.5,0.733333333,0.666666667,0.428571429,0.2,1,1,0.951219512
0,0.438356164,0.104778045,0.6,0,0,0.397959184,0.5,1,0.333333333,0.5,0,1,1,0.951219512
0,0.178082192,0.214557054,0.6,0,0,0.479591837,0.5,1,0.666666667,0.785714286,0.6,1,1,0.951219512
1,0.452054795,0.058634815,0.6,0,0,0.397959184,0.5,1,0.333333333,0.357142857,0,1,1,0.951219512
1,0.410958904,0.12635891,0.533333333,0,0,0.397959184,0.5,0.733333333,0.333333333,0.214285714,0,1,1,0.951219512
0,0.068493151,0.117153943,0.8,0,0,0.397959184,0.5,0.6,0.666666667,0.285714286,0.6,1,0,0.951219512
0,0.219178082,0.232546182,0.533333333,0,0,0.346938776,0.5,0.733333333,0.833333333,0.214285714,0.2,0,1,0.414634146
0,0.301369863,0.119264063,0.666666667,0,0,0.602040816,0.75,0.533333333,0.333333333,0.357142857,0,1,1,0.951219512
0,0.301369863,0.171882431,0.6,0,0,0.397959184,0.5,1,0.333333333,0.857142857,0,1,1,0.951219512
1,0.452054795,0.173374873,0.533333333,0.07298073,0,0.397959184,0.5,0.733333333,0.333333333,1,0,1,1,0.951219512
0,0.02739726,0.104960034,0.6,0,0,0.397959184,0,1,0.666666667,0,0.6,1,1,0.951219512
1,0.123287671,0.119893919,0.8,0,0,0.806122449,0.625,0.6,0.333333333,0.857142857,0,1,1,0.951219512
0,0.465753425,0.173731408,0.2,0,0,0.397959184,0.5,0.333333333,1,0.571428571,0.8,0.5,0,0.951219512
0,0.123287671,0.121345768,0.733333333,0,0,0.142857143,0.5,0.466666667,0.666666667,0.5,0.4,1,0,0.951219512
1,0.369863014,0.084067207,1,0,0.436639118,0.397959184,0.875,0.666666667,0.333333333,0.714285714,0,1,1,0.951219512
0,0.260273973,0.363225459,0.533333333,0,0,0.397959184,0.5,0.733333333,0.333333333,0.214285714,0,1,1,0.951219512
0,0.02739726,0.073340708,0.533333333,0,0,0.244897959,0.5,0.733333333,0.666666667,0.857142857,0.6,0.5,1,0.951219512
0,0.575342466,0.141934829,0.8,0,0,0.346938776,0.25,0.6,0.666666667,0.714285714,0.4,0.5,0,0.951219512
1,0.493150685,0.179843246,0.2,0,0,0.397959184,0.5,0.333333333,0.333333333,0.285714286,0,1,1,0.951219512
0,0.095890411,0.14984761,0.6,0,0,0.5,0.5,1,0.666666667,0.857142857,0.8,1,1,0.634146341
0,0.246575342,0.011299527,0.266666667,0,0,0.969387755,0.75,0.4,0.333333333,0.214285714,0,0,1,0.951219512
0,0.109589041,0.199820718,0.533333333,0,0,0.397959184,0.5,0.733333333,0.333333333,1,0,1,1,0.951219512
0,0.273972603,0.092648407,0.666666667,0,0,0.397959184,0.75,0.533333333,0.666666667,0.571428571,0.6,1,0,0.951219512
0,0.04109589,0.106725796,0.533333333,0,0,0.397959184,0.5,0.733333333,0.666666667,0.857142857,0.2,1,0,0.951219512
0,0.191780822,0.127870294,0.533333333,0,0,0.397959184,0.5,0.733333333,0.333333333,0.571428571,0,1,1,0.951219512
0,0.534246575,0.043466848,0.533333333,0,0,0.204081633,0.625,0.733333333,0.333333333,0.285714286,0.4,0.25,0,0.073170732
0,0.547945205,0.109920405,0.733333333,0,0,0.397959184,0.75,0.466666667,0.5,0.357142857,0.8,0,1,0.951219512
0,0.465753425,0.0739205,0.8,0,0,0.244897959,0.75,0.6,0.333333333,0.285714286,0,1,1,0.951219512
1,0.452054795,0.090683066,0.533333333,0,0,0.43877551,0.5,0.733333333,0.333333333,0.214285714,0,1,1,0.951219512
0,0.02739726,0.186112041,0.6,0,0,0.265306122,0.5,1,0.666666667,0.428571429,0.6,1,1,0.951219512
0,0.342465753,0.066048312,0.733333333,0,0,0.397959184,0,0.466666667,0.666666667,0,0.4,1,0,0.951219512
0,0.150684932,0.137829601,0.533333333,0,0,0.397959184,0.5,0.733333333,0.666666667,0.214285714,0.2,1,1,0.951219512
0,0.410958904,0.135996861,0.133333333,0,0,0.397959184,0.5,0.266666667,0.833333333,0.571428571,0.8,1,0,0.195121951
1,0.150684932,0.039069355,0.8,0,0,0.448979592,0.5,0.6,0.333333333,0.857142857,0,1,1,0.951219512
0,0.136986301,0.119824236,0.6,0,0,0.397959184,0,1,0,0,0.2,1,0,0.951219512
0,0.136986301,0.119912862,0.6,0,0,0.346938776,0.5,1,0.666666667,0.857142857,0.6,1,1,0.951219512
0,0.054794521,0.135818932,0.533333333,0,0,0.397959184,0.5,0.733333333,0.666666667,0.071428571,0.6,1,0,0.12195122
1,0.342465753,0.221869746,0.533333333,0.150241502,0,0.397959184,0.5,0.733333333,0.333333333,0.928571429,0,0.25,1,0.951219512
0,0.589041096,0.101389946,0.533333333,0,0,0.448979592,0.5,0.733333333,0.333333333,1,0,1,1,0.951219512
0,0.01369863,0.018223887,0.4,0,0,0.397959184,0.5,0.066666667,0.666666667,0.571428571,0.6,1,1,0.951219512
0,0,0.071215027,0.4,0,0,0.346938776,0.5,0.066666667,0.666666667,0.857142857,0.6,0.5,0,0.951219512
0,0.178082192,0.404233771,0.4,0,0,0.602040816,0.5,0.066666667,0.333333333,0.357142857,0,1,1,0.634146341
0,0.068493151,0.076215315,0.6,0,0,0.43877551,0.5,1,0.333333333,0.071428571,1,0,0,0.951219512
0,0.136986301,0.051051508,0.666666667,0,0,0.704081633,0.75,0.533333333,0.333333333,0.357142857,0,1,1,0.951219512
0,0.726027397,0.156382284,0.266666667,0,0,0.448979592,0.625,0.4,0,0.857142857,0.2,1,1,0.951219512
1,0.232876712,0.156863302,0.533333333,0,0,0.397959184,0.5,0.733333333,0.333333333,0.571428571,0,1,1,0.951219512
0,0.02739726,0.140053379,0.6,0,0,0.244897959,0.5,1,0.666666667,0.857142857,0.6,1,0,0.951219512
0,0.095890411,0.081158773,0.533333333,0,0,0.234693878,0.5,0.733333333,0.333333333,0.571428571,1,1,0,0.951219512
0,0.260273973,0.271813086,0.533333333,0,0,0.397959184,0.75,0.733333333,0.333333333,0.214285714,0,1,1,0.951219512
0,0.191780822,0.050519073,0.266666667,0,0,0.397959184,0.5,0.4,0.333333333,0.285714286,1,1,0,0.951219512
0,0.123287671,0.170302717,0.8,0,0,0.397959184,0.5,0.6,0.666666667,0.071428571,0.2,1,1,0.951219512
0,0.164383562,0.201158232,0.866666667,0,0,0.193877551,0.875,0.8,0.333333333,0.714285714,0,0.25,1,0.87804878
0,0.630136986,0.113452607,0.533333333,0,0,0.030612245,0,0.733333333,0.333333333,0,0,1,1,0.951219512
0,0.123287671,0.094546094,0.533333333,0,0,0.397959184,0.5,0.733333333,0.666666667,0.071428571,0.2,1,0,0.951219512
0,0.04109589,0.017558174,0.4,0,0,0.244897959,0.5,0.066666667,0.666666667,0.571428571,0.6,1,1,0.951219512
0,0.767123288,0.044380173,0.533333333,0,0,0.397959184,0.5,0.733333333,0.333333333,0.357142857,0,0.25,1,0.731707317
0,0.328767123,0.113587914,0.866666667,0,0,0.397959184,0.5,0.8,0,0.285714286,0.8,1,0,0.951219512
0,0.136986301,0.098319143,0.8,0,0,0.602040816,0.5,0.6,0.833333333,0.285714286,0.2,1,0,0.951219512
1,0.383561644,0.17563992,0.533333333,0,0,0.316326531,0.625,0.733333333,0.333333333,0.857142857,0,1,1,0.951219512
1,0.438356164,0.099810231,0.8,1,0,0.193877551,0.5,0.6,0.333333333,0.714285714,1,1,0,0.951219512
0,0.356164384,0.129280198,0.866666667,0,0,0.397959184,0.25,0.8,1,0.714285714,0.8,0.5,0,0.951219512
1,0.178082192,0.175510701,0.8,0.07298073,0,0.5,0.5,0.6,0.333333333,0.857142857,0,1,1,0.951219512
0,0.068493151,0.089252189,0.4,0,0,0.193877551,0,0.066666667,0.333333333,0,1,1,0,0.951219512
0,0.232876712,0.209389662,0.6,0,0,0.397959184,0.5,1,0.666666667,0.071428571,0.6,1,1,0.951219512
0,0.260273973,0.101574641,0.533333333,0,0,0.448979592,0.5,0.733333333,0.333333333,0.214285714,0,1,1,0.951219512
1,0.479452055,0.20706508,0.6,0,0,0.397959184,0,1,0.333333333,0,1,1,0,0.951219512
0,0.698630137,0.071210291,0.533333333,0.014090141,0,0.142857143,0,0.733333333,0.333333333,0,0,1,1,0.951219512
1,0.383561644,0.041005605,0.666666667,0,0,0.397959184,0.875,0.533333333,0.333333333,0.714285714,0,1,1,0.951219512
0,0.109589041,0.229137787,0.533333333,0,0,0.397959184,0.5,0.733333333,0.666666667,0.571428571,0.6,1,0,0.951219512
0,0.534246575,0.128498121,0.6,0,0,0.37755102,0.5,1,0.833333333,0.928571429,0.8,0.5,0,0.951219512
0,0.465753425,0.104304469,0.666666667,0,0,0.397959184,0.625,0.533333333,0.333333333,0.285714286,0,1,1,0.951219512
0,0.479452055,0.048822994,0.666666667,0,0,0.316326531,0.5,0.533333333,0,0.571428571,0.2,1,1,0.951219512
0,0.630136986,0.349318558,0.333333333,0,0,0.397959184,0,0,0.333333333,0,0,1,1,0.951219512
1,0.383561644,0.119935864,0.8,0,0,0.418367347,0.5,0.6,0.333333333,0.857142857,1,1,0,0.951219512
0,0.863013699,0.097865863,0.066666667,0,0,0.142857143,0,0.2,0.833333333,0,0.2,0.5,1,0.951219512
0,0.191780822,0.159590424,0.6,0,0,0.346938776,0.5,1,0.333333333,0.571428571,0,0.5,1,0.951219512
0,0.383561644,0.158822554,0.4,0,0,0.418367347,0.5,0.066666667,0.333333333,0.214285714,0,1,1,0.951219512
1,0.424657534,0.048210051,0.6,0,0,0.653061224,0.5,1,0.333333333,0.285714286,0,1,1,0.951219512
0,0.205479452,0.112186129,0.533333333,0,0,0.428571429,0.25,0.733333333,0.333333333,0.785714286,0,1,1,0.951219512
0,0.917808219,0.241280279,0.133333333,0,0,0.142857143,0,0.266666667,1,0,0.2,1,1,0.951219512
1,0.383561644,0.103873515,0.8,0,0,0.5,0.5,0.6,0.333333333,0.285714286,0,1,1,0.951219512
0,0.178082192,0.096472196,0.933333333,0,0,0.346938776,0.5,0.933333333,1,0.571428571,0.2,1,1,0.951219512
0,0.575342466,0.233292403,0.8,0,0,0.397959184,0.5,0.6,1,0.285714286,0.2,1,0,0.951219512
0,0.479452055,0.280891541,0.533333333,0,0,0.428571429,0.5,0.733333333,0.333333333,0.5,0,1,1,0.951219512
0,0.123287671,0.153974488,0.8,0,0,0.397959184,0.5,0.6,0.666666667,0.071428571,0.2,1,0,0.951219512
0,0.260273973,0.061971497,0.533333333,0,0,0.142857143,0,0.733333333,0.333333333,0,0,1,1,0.951219512
0,0.246575342,0.267657117,0.533333333,0,0,0.397959184,0.5,0.733333333,0.833333333,0.571428571,0.2,0.5,1,0.951219512
0,0.328767123,0.067111152,0.533333333,0,0,0.448979592,0.5,0.733333333,0.333333333,0.5,0,1,1,0.951219512
0,0.493150685,0.200579116,0.533333333,0,0,0.448979592,0.5,0.733333333,0,0.071428571,0.2,1,0,0.951219512
0,0.273972603,0.13792161,0.4,0,0,0.448979592,0.5,0.066666667,0.333333333,0.214285714,0,1,1,0.951219512
0,0.561643836,0.088613538,0.8,0,0,0.397959184,0.625,0.6,0.333333333,0.714285714,0,1,1,0.951219512
1,0.438356164,0.106085792,0.6,0.051780518,0,0.397959184,0.5,1,0.333333333,0.285714286,1,1,0,0.048780488
0,0.273972603,0.112705033,0.533333333,0,0,0.397959184,0.875,0.733333333,0.333333333,0.785714286,0,0,1,0.951219512
0,0.164383562,0.126369734,0.533333333,0,0,0.193877551,0,0.733333333,0.666666667,0,0.6,1,1,0.951219512
0,0.191780822,0.168902961,0.6,0,0,0.397959184,0.5,1,0.333333333,0.285714286,0,1,1,0.951219512
0,0.424657534,0.117662022,0.533333333,0,0,0.5,0.5,0.733333333,0.333333333,0.571428571,0,1,1,0.951219512
0,0.410958904,0.070600731,0.8,0,0,0.030612245,0.5,0.6,0,0.714285714,0.8,1,0,0.243902439
0,0.191780822,0.171448771,0.8,0.046500465,0,0.397959184,0.25,0.6,0.666666667,0.785714286,0.2,1,1,0.951219512
0,0.164383562,0.401745466,0.8,0,0,0.397959184,0.5,0.6,0,0.285714286,0.2,1,0,0.951219512
0,0.547945205,0.125400933,0.6,0,0,0.397959184,0.5,1,1,0.571428571,0.2,1,0,0.951219512
0,0.095890411,0.161249294,0.8,0,0,0.448979592,0.5,0.6,0.666666667,0.857142857,0.8,1,0,0.951219512
1,0.520547945,0.064286608,0.866666667,0,0,0.397959184,0.25,0.8,0.333333333,0.714285714,0,1,1,0.951219512
0,0.136986301,0.127253969,0.6,0,0,0.397959184,0,1,0.666666667,0,0.6,1,0,0.951219512
1,0.232876712,0.132437598,0.666666667,0.07298073,0,0.448979592,0.5,0.533333333,0.333333333,0.714285714,0,1,1,0.951219512
0,0.383561644,0.104066328,0.866666667,0,0,0.397959184,0.5,0.8,0.666666667,0.071428571,0.2,0.25,0,0.731707317
0,0.465753425,0.127414308,0.8,0,0,0.397959184,0.5,0.6,0.333333333,0.714285714,0,1,1,0.951219512
1,0.561643836,0.134142472,0.533333333,0.150241502,0,0.346938776,0.625,0.733333333,0.333333333,0.857142857,1,1,0,0.951219512
1,0.493150685,0.27859402,0.866666667,0.150241502,0,0.551020408,0.5,0.8,0.333333333,0.285714286,0,1,1,0.951219512
0,0.02739726,0.087905204,0.6,0,0,0.295918367,0.5,1,0.666666667,0.071428571,0.6,1,0,0.951219512
0,0.054794521,0.012011244,0.6,0,0,0.397959184,0.5,1,0.666666667,0.714285714,0.6,1,1,0.951219512
0,0.479452055,0.110102394,0.6,0,0,0.806122449,0,1,0.333333333,0,0,1,1,0.951219512
0,0.506849315,0.078246956,0.533333333,0,0,0.397959184,0.25,0.733333333,1,0.571428571,0.8,0.5,0,0.951219512
1,0.301369863,0.11709576,0.733333333,0,0,0.346938776,0.75,0.466666667,0.333333333,0.214285714,0,1,1,0.951219512
0,0.424657534,0.158365215,0.6,0,0,0.5,0.5,1,1,0.071428571,0.2,1,0,0.951219512
0,0.082191781,0.167601303,0.2,0,0,0.357142857,0.5,0.333333333,0.666666667,0.357142857,0.8,0.75,1,0.634146341
0,0.589041096,0.022075414,0.866666667,0,0,0.091836735,0.75,0.8,0,0.714285714,0.8,1,0,0.951219512
0,0.095890411,0.12914895,0.8,0.021740217,0,0.397959184,0.125,0.6,0.666666667,0.285714286,0.2,1,0,0.951219512
0,0.246575342,0.133863062,0.533333333,0,0,0.397959184,0.5,0.733333333,0,0.071428571,0.8,1,0,0.951219512
1,0.328767123,0.013463093,0.866666667,0,0,0.397959184,0.25,0.8,0.333333333,0.285714286,0,1,1,0.951219512
0,0.123287671,0.158810377,0.533333333,0,0,0.43877551,0.5,0.733333333,0.666666667,0.785714286,0.8,1,1,0.951219512
0,0.123287671,0.135654533,0.8,0,0,0.448979592,0.5,0.6,0.666666667,0.285714286,0.2,1,0,0.951219512
0,0.260273973,0.220380688,0.6,0,0,0.397959184,0.5,1,0,0.857142857,0.8,1,0,0.951219512
0,0.273972603,0.065002385,0.8,0,0,0.459183673,0.5,0.6,0.666666667,1,0.2,1,1,0.951219512
0,0.287671233,0.087947825,0.8,0,0,0.397959184,0.875,0.6,0.666666667,0.714285714,0.2,1,0,0.951219512
0,0,0.01503266,0.4,0,0,0.5,0,0.066666667,0.666666667,0,0.6,1,1,0.951219512
0,0.178082192,0.086938432,0.533333333,0,0,0.448979592,0.5,0.733333333,0.333333333,0.857142857,0,1,1,0.951219512
0,0.232876712,0.175661569,0.866666667,0,0,0.5,0.5,0.8,0.666666667,0.285714286,0.8,1,0,0.951219512
0,0.178082192,0.072482182,0.6,0,0,0.704081633,0.625,1,0.333333333,0.285714286,0,1,1,0.951219512
0,0.082191781,0.154090852,0,0,0,0.397959184,0.5,0.866666667,0.666666667,0.571428571,0.2,0.25,0,0.609756098
1,0.219178082,0.130696191,0.6,0,0,0.397959184,0.5,1,0.333333333,0.285714286,0,1,1,0.951219512
0,0.479452055,0.141836731,0.533333333,0,0,0.397959184,0.5,0.733333333,0.333333333,0.857142857,0,1,1,0.951219512
0,0.068493151,0.440429872,0.6,0.021050211,0,0.397959184,0.5,1,0.333333333,0.5,0,1,1,0.951219512
0,0.397260274,0.281483511,0.533333333,0,0,0.142857143,0.5,0.733333333,0.333333333,0.571428571,0.6,1,0,0.951219512
0,0.356164384,0.05233084,0.8,0,0,0.602040816,0.75,0.6,0.333333333,0.857142857,1,0.25,0,0.853658537
0,0.506849315,0.090157396,0.533333333,0,0,0.397959184,0.5,0.733333333,0.333333333,0.214285714,0,1,1,0.951219512
0,0.328767123,0.120369525,0.533333333,0,0,0.448979592,0.5,0.733333333,0.333333333,0.214285714,0,1,1,0.951219512
0,0.232876712,0.116735166,0.8,0.046500465,0,0.5,0.5,0.6,0.666666667,0.285714286,0.2,1,0,0.951219512
0,0.232876712,0.128905396,0.866666667,0,0,0.397959184,0.5,0.8,0.666666667,0.928571429,0.8,0.5,0,0
0,0.273972603,0.105196145,0.533333333,0,0,0.520408163,0.5,0.733333333,0.333333333,1,0,1,1,0.951219512
0,0.369863014,0.085102986,0.8,0,0,0.316326531,0.5,0.6,0,0.071428571,0.8,1,0,0.951219512
0,0.232876712,0.040935922,0.8,0,0,0.142857143,0.5,0.6,0.666666667,0.571428571,0.2,1,0,0.951219512
0,0.178082192,0.102769406,0.533333333,0,0,0.37755102,0.5,0.733333333,0.666666667,0.071428571,0.2,1,1,0
0,0.260273973,0.16097462,0.533333333,0,0,0.397959184,0.5,0.733333333,0.333333333,0.214285714,0.6,0.5,0,0.951219512
0,0.04109589,0.223469757,0.6,0,0,0.346938776,0.5,1,0.666666667,0.428571429,0.6,1,1,0.951219512
0,0.068493151,0.125381313,0.666666667,0,0,0.295918367,0.5,0.533333333,0.666666667,0.571428571,0.2,1,0,0.951219512
0,0.219178082,0.132183896,0.8,0,0,0.397959184,0,0.6,0.666666667,0,0.6,1,1,0.951219512
0,0.02739726,0.254958511,0.6,0,0,0.397959184,0.5,1,0.666666667,0.857142857,0.6,1,1,0.951219512
0,0.452054795,0.106099322,0.6,0,0,0.244897959,0.75,1,0.333333333,0.714285714,0,1,1,0.951219512
0,0.178082192,0.213053112,0.466666667,0,0,0.397959184,0.5,0.133333333,0.666666667,0.214285714,0.2,0.5,1,0.951219512
0,0.246575342,0.023450138,0.6,0,0,0.448979592,0.5,1,0,0.071428571,0.2,1,0,0.951219512
0,0.410958904,0.159994994,0.866666667,0,0,0.244897959,0.75,0.8,0.666666667,0.285714286,0.2,0.5,1,0.951219512
1,0.287671233,0.173895806,0.533333333,0,0,0.397959184,0.5,0.733333333,0.333333333,0.071428571,0,1,1,0.951219512
0,0.095890411,0.036166333,0.8,0,0,0.295918367,0.5,0.6,0.666666667,0.071428571,0.2,1,0,0.951219512
0,0.383561644,0.07547383,0.533333333,0,0,0.602040816,0.5,0.733333333,0,0.571428571,0.6,1,0,0.951219512
0,0.520547945,0.066678844,0.533333333,0,0,0.397959184,0.75,0.733333333,0.333333333,0.285714286,1,1,0,0.951219512
0,0.054794521,0.093040122,0.533333333,0,0,0.234693878,0.5,0.733333333,0.666666667,0.357142857,0.6,1,1,0.951219512
0,0,0.027793507,0.466666667,0,0,0.244897959,0.5,0.133333333,0.666666667,0.571428571,0.4,1,0,0.951219512
0,0.369863014,0.118312175,0.533333333,0,0,0.602040816,0.75,0.733333333,0,1,0.8,1,1,0.951219512
0,0.260273973,0.125548418,0.533333333,0,0,0.397959184,0.5,0.733333333,0,0.571428571,0.8,0.5,0,0.341463415
0,0.205479452,0.119122666,0.6,0,0,0.397959184,0.5,1,0.666666667,0.214285714,0.2,1,1,0.951219512
0,0.054794521,0.220467961,0.533333333,0,0,0.367346939,0.5,0.733333333,0.333333333,0.5,1,0.5,0,0.951219512
1,0.452054795,0.051850499,0.533333333,0.051780518,0,0.397959184,0.5,0.733333333,0.333333333,0.071428571,1,1,0,0.951219512
0,0.410958904,0.186225023,0.8,0,0,0.397959184,0.875,0.6,0.333333333,0.714285714,1,1,0,0.951219512
0,0.109589041,0.052773972,0.8,0,0,0.397959184,0.5,0.6,0.666666667,0.285714286,0.6,1,1,0.951219512
0,0.01369863,0.077871478,0.6,0,0,0.397959184,0,1,0.666666667,0,0.6,1,0,0.951219512
0,0.301369863,0.195741874,0.4,0,0,0.397959184,0.25,0.066666667,0.333333333,0.571428571,0,1,1,0.951219512
0,0.684931507,0.042523755,0.533333333,0,0,0.244897959,0.75,0.733333333,0.333333333,0.357142857,0,1,1,0.951219512
0,0.287671233,0.088694046,0.533333333,0,0,0.806122449,0.75,0.733333333,0.333333333,0.214285714,0,1,1,0.951219512
1,0.301369863,0.113788169,0.866666667,0,0,0.602040816,0.5,0.8,0.666666667,0.714285714,0.2,1,1,0.951219512
0,0.328767123,0.059125305,0.333333333,0,0,0.397959184,0.5,0,0.333333333,0.214285714,0,1,1,0.951219512
0,0.315068493,0.097584423,0.8,0,0,0.397959184,0.5,0.6,0.333333333,0.285714286,0,1,1,0.951219512
0,0.671232877,0.0273612,0.8,0,0,0.091836735,0,0.6,0.333333333,0,0,1,1,0.951219512
0,0.150684932,0.082894768,0.533333333,0,0,0.397959184,0.5,0.733333333,0.666666667,0.714285714,0.6,1,1,0.951219512
0,0.136986301,0.149811753,0.533333333,0,0,0.37755102,0.625,0.733333333,0.833333333,0.071428571,0.2,1,1,0.951219512
1,0.356164384,0.019991002,0.533333333,0,0,0.37755102,0.875,0.733333333,0.333333333,1,0,1,1,0.951219512
0,0.164383562,0.129497367,0.8,0,0,0.755102041,0.5,0.6,0.333333333,0.714285714,0.6,1,1,0.951219512
0,0.301369863,0.118287143,0.6,0,0,0.397959184,0.25,1,0.333333333,0.285714286,0,1,1,0.951219512
0,0.356164384,0.087660974,0.4,0,0,0.397959184,0.5,0.066666667,0.333333333,0.428571429,0,1,1,0.951219512
0,0.068493151,0.129855255,0.533333333,0,0,0.397959184,0.5,0.733333333,0.666666667,0.285714286,0.6,1,0,0.951219512
1,0.356164384,0.040934569,0.6,0.051780518,0,0.397959184,0.5,1,0.333333333,0.214285714,0,0.5,1,0.951219512
0,0.369863014,0.14004526,0.2,0,0,0.346938776,0.5,0.333333333,0.333333333,0.214285714,0,1,1,0.951219512
0,0.616438356,0.076818786,0.266666667,0,0,0.346938776,0.5,0.4,1,0.5,0.2,1,0,0.951219512
0,0.04109589,0.129188189,0.733333333,0,0,0.295918367,0.5,0.466666667,0.666666667,0.071428571,0.2,1,0,0.951219512
0,0.082191781,0.141143957,0.8,0,0,0.397959184,0.25,0.6,0.666666667,0.714285714,0.2,0.5,0,0.951219512
0,0.136986301,0.115848902,0.8,0,0,0.448979592,0.5,0.6,0.666666667,0.714285714,0.2,1,1,0.951219512
0,0.630136986,0.081780511,1,0,0,0.112244898,0,0.666666667,0.333333333,0,0,1,1,0.951219512
1,0.520547945,0.069787533,0.6,0,0,0.397959184,0.5,1,0.333333333,0.714285714,0,1,1,0.951219512
0,0.410958904,0.117118763,0.4,0,0,0.704081633,0.5,0.066666667,0.333333333,1,0,1,1,0.951219512
0,0.356164384,0.085369542,0.6,0,0,0.397959184,0.5,1,0.666666667,0.071428571,0.2,1,1,0.951219512
0,0.273972603,0.019396326,0.6,0,0,0.397959184,0.125,1,0.666666667,0.571428571,0.6,1,1,0.585365854
0,0.068493151,0.109718121,0.6,0,0,0.142857143,0.5,1,0.666666667,0.071428571,0.6,1,0,0.951219512
0,0.808219178,0.103205772,0.533333333,0,0,0.244897959,0,0.733333333,1,0,0.2,1,0,0.951219512
0,0.01369863,0.014177517,0.6,0,0,0.397959184,0,1,0.666666667,0,0.6,1,0,0.951219512
0,0.465753425,0.124631033,0.533333333,0,0,0.37755102,0.875,0.733333333,0,0.214285714,0.8,1,1,0.951219512
1,0.301369863,0.245696039,0.933333333,0.150241502,0,0.479591837,0.5,0.933333333,0.333333333,0.285714286,1,1,0,0.951219512
0,0.383561644,0.101256668,0.8,0,0,0.397959184,0.5,0.6,0.666666667,0.714285714,0.2,1,0,0.268292683
0,0.246575342,0.111127348,0.6,0,0.399678604,0.5,0.5,1,0,0.857142857,0.2,1,1,0.951219512
0,0.054794521,0.061393058,0.6,0,0,0.193877551,0.5,1,0.333333333,0.714285714,0,1,1,0.951219512
0,0.205479452,0.26793788,0.2,0,0,0.397959184,0.5,0.333333333,0.333333333,0.214285714,0,1,1,0.951219512
1,0.191780822,0.01450902,0.533333333,0.076880769,0,0.397959184,0.5,0.733333333,0.333333333,0.285714286,0,1,1,0.951219512
0,0.397260274,0.119460259,0.6,0,0,0.397959184,0.5,1,0.333333333,1,0,1,1,0.951219512
0,0.219178082,0.173086668,0.533333333,0,0,0.397959184,0.5,0.733333333,0.666666667,0.571428571,0.8,0.5,0,0.951219512
1,0.232876712,0.129060323,0.533333333,0,0,0.5,0.75,0.733333333,0.5,0.214285714,0.2,1,1,0.951219512
0,0.01369863,0.031741103,0.533333333,0,0,0.091836735,0.5,0.733333333,0.666666667,0.642857143,0.4,1,0,0.951219512
0,0.342465753,0.159710848,0.533333333,0,0,0.397959184,0.5,0.733333333,0.666666667,0.857142857,0.8,1,0,0.951219512
1,0.369863014,0.147615713,0.8,0,0,0.397959184,0.5,0.6,0.333333333,0.285714286,0,1,1,0.951219512
1,0.301369863,0.139505384,0.8,0,0.453856749,0.397959184,0.5,0.6,0.333333333,0.285714286,0,1,1,0.951219512
1,0.520547945,0.070761071,1,0.150241502,0,0.295918367,0.5,0.666666667,0.333333333,0.714285714,0,1,1,0.951219512
0,0.287671233,0.069635989,0.333333333,0,0,0.397959184,0.75,0,0.833333333,0.5,0.2,1,1,0.951219512
0,0.123287671,0.021055872,0.8,0,0,0.397959184,0.5,0.6,0.333333333,0.714285714,0,1,1,0.951219512
1,0.301369863,0.05876471,0.866666667,0,0,0.397959184,0.5,0.8,0.333333333,0.714285714,0,1,1,0
0,0.260273973,0.186300119,0.533333333,0,0,0.397959184,0.5,0.733333333,0.666666667,0.071428571,0.6,0.5,1,0.951219512
0,0.164383562,0.15889562,0.4,0,0,0.397959184,0.5,0.066666667,0,0.5,0.8,1,0,0.951219512
0,0.301369863,0.11218004,0.8,0,0,0.397959184,0.875,0.6,0.666666667,0.714285714,0.2,1,0,0.951219512
1,0.232876712,0.126092354,0.8,0.150241502,0,0.704081633,0.75,0.6,0.333333333,0.214285714,0,0.25,1,0.853658537
0,0.287671233,0.144318947,0.6,0,0,0.43877551,0.25,1,0.333333333,0.714285714,0,1,1,0.951219512
1,0.369863014,0.159388816,0.666666667,0.086140861,0,0.397959184,0.5,0.533333333,0,0.285714286,0.2,1,1,0.951219512
0,0.260273973,0.079773901,0.533333333,0,0,0.397959184,0.5,0.733333333,0,0.5,0.8,1,1,0.951219512
1,0.397260274,0.128728144,0.533333333,0,0,0.397959184,0.5,0.733333333,0.333333333,0.285714286,1,1,0,0.951219512
0,0.260273973,0.035922103,0.533333333,0,0,0.5,0.5,0.733333333,0.333333333,0.214285714,0,1,1,0.951219512
1,0.191780822,0.068383718,0.533333333,0,0,0.397959184,0.5,0.733333333,0.333333333,1,0,1,1,0.951219512
1,0.246575342,0.313263176,0.8,0,0,0.397959184,0.125,0.6,0.333333333,0.285714286,0,1,1,0.951219512
1,0.273972603,0.077317394,0.866666667,0,0.453856749,0.397959184,0.5,0.8,0.333333333,0.285714286,0,1,1,0.951219512
1,0.219178082,0.119044188,0.8,0,0,0.653061224,0.5,0.6,0.333333333,0.285714286,0,1,1,0.951219512
0,0.164383562,0.134098497,0.533333333,0,0,0.397959184,0.5,0.733333333,0.333333333,0.214285714,0,1,1,0.951219512
0,0.068493151,0.29351911,0.533333333,0,0,0.551020408,0.5,0.733333333,0.666666667,0.857142857,0.6,1,1,0.951219512
0,0.136986301,0.10927093,0.866666667,0,0,0.193877551,0,0.8,0.666666667,0,0.8,0.25,1,0.87804878
0,0.465753425,0.308045044,0.266666667,0,0,0.397959184,0.5,0.4,0.333333333,0.357142857,0,1,1,0.634146341
0,0.219178082,0.073681682,0.533333333,0,0,0.5,0.5,0.733333333,0.666666667,0.5,0.2,0.75,1,0.951219512
0,0.068493151,0.133048511,0.533333333,0,0,0.397959184,0.5,0.733333333,0.666666667,0.571428571,0.6,1,1,0
0,0.589041096,0.114786739,0.533333333,0,0,0.275510204,0.5,0.733333333,0.333333333,1,0,1,1,0.951219512
0,0.753424658,0.32761524,0.533333333,0.063600636,0,0.397959184,0.5,0.733333333,1,0.071428571,0.2,1,0,0.951219512
0,0.246575342,0.135796606,0.6,0,0,0.5,0.625,1,0.333333333,0.285714286,0,1,1,0.951219512
0,0.136986301,0.141033005,0.533333333,0,0,0.479591837,0.5,0.733333333,0.666666667,0.428571429,0.4,0.5,1,0.951219512
1,0.136986301,0.038186474,0.533333333,0,0,0.397959184,0.25,0.733333333,0.333333333,0.785714286,0,0.25,1,0.951219512
0,0.520547945,0.114800946,0.6,0,0,0.397959184,0.5,1,0,0.071428571,0.2,1,0,0.951219512
1,0.232876712,0.043923511,0.533333333,0,0.436639118,0.602040816,0.75,0.733333333,0.333333333,0.857142857,0,1,1,0.951219512
0,0.219178082,0.10853621,0.666666667,0,0,0.397959184,0.5,0.533333333,0.333333333,0.214285714,0,1,1,0.951219512
1,0.232876712,0.055206124,0.8,0,0,0.459183673,0.25,0.6,0.333333333,0.714285714,1,1,0,0.951219512
1,0.273972603,0.22312134,0.6,0,0,0.602040816,0.625,1,0.333333333,0.285714286,0,1,1,0.951219512
0,0.205479452,0.131467443,0.533333333,0,0,0.397959184,0.5,0.733333333,0.666666667,0.214285714,0.6,1,1,0.951219512
0,0.232876712,0.193970023,0.6,0,0,0.5,0.5,1,0.666666667,0.928571429,0.2,0.5,0,0.951219512
0,0.136986301,0.038459119,0.8,0,0,0.397959184,0.5,0.6,0.666666667,0.714285714,0.2,1,1,0.951219512
0,0.342465753,0.097160234,0.733333333,0,0,0.448979592,0.5,0.466666667,0.333333333,0.857142857,0,1,1,0.951219512
1,0.369863014,0.129663795,0.8,0,0,0.346938776,0.5,0.6,0.333333333,0.285714286,0,0.5,1,0.951219512
0,0.356164384,0.017760458,0.6,0,0,0.37755102,0.875,1,0,0.285714286,0.8,0.5,0,0
1,0.424657534,0.228774486,0.6,0,0,0.397959184,0.5,1,0.333333333,0.214285714,0.4,0.25,1,0.024390244
0,0.287671233,0.132482249,0.8,0,0,0.5,0.5,0.6,0,0.285714286,0.8,1,1,0.951219512
0,0.068493151,0.164594771,0.733333333,0,0,0.142857143,0.875,0.466666667,0.666666667,0.714285714,0.2,1,0,0.951219512
0,0.643835616,0.080130436,0.533333333,0.021740217,0,0.367346939,0.5,0.733333333,1,0.071428571,0.2,1,0,0.951219512
0,0.534246575,0.042972976,0.866666667,0,0,0.479591837,0.125,0.8,0,0.714285714,0.2,1,1,0.951219512
0,0.739726027,0.100842627,0.533333333,0,0,0.020408163,0.25,0.733333333,0,0.285714286,0.8,1,0,0.951219512
1,0.424657534,0.068073864,0.866666667,0,0,0.551020408,0.5,0.8,0.333333333,1,0,1,1,0.951219512
0,0.260273973,0.186601178,0.4,0,0,0.397959184,0.5,0.066666667,0.833333333,0.5,0.2,0.5,1,0.951219512
1,0.383561644,0.050289051,0.866666667,0,0,0.5,0.875,0.8,0.666666667,0.285714286,0.2,1,0,0.951219512
0,0.01369863,0.08323439,0.266666667,0,0,0.316326531,0.5,0.4,0.666666667,0.857142857,0.6,0.75,0,0.951219512
1,0.178082192,0.11439367,0.8,0,0,0.326530612,0.25,0.6,0.333333333,0.714285714,1,1,0,0.951219512
0,0.054794521,0.110936564,0.6,0,0,0.295918367,0.5,1,0.666666667,0.285714286,0.6,1,0,0.951219512
1,0.260273973,0.117548364,0.4,0.051780518,0,0.397959184,0.5,0.066666667,0.333333333,0.214285714,0,1,1,0.951219512
0,0.342465753,0.115633763,0.533333333,0,0,0.448979592,0.5,0.733333333,0,0.285714286,0.8,1,0,0.951219512
0,0.246575342,0.032372312,0.333333333,0,0,0.397959184,0.5,0,0.333333333,0.571428571,1,1,0,0.951219512
0,0.219178082,0.571841163,0.466666667,0,0,0.397959184,0.5,0.133333333,0.666666667,0.785714286,0.6,0.5,1,0.951219512
0,0.315068493,0.133770376,0.533333333,0,0,0.5,0.5,0.733333333,0.333333333,1,0,1,1,0.951219512
0,0.410958904,0.121170545,0.533333333,0,0,0.346938776,0.25,0.733333333,0,0.071428571,0.8,1,0,0.951219512
0,0.04109589,0.422697151,0.6,0,0,0.244897959,0.5,1,0.666666667,0.857142857,0.2,1,1,0.951219512
0,0.493150685,0.097642606,0.466666667,0,0,0.397959184,0.5,0.133333333,0,1,0.2,1,0,0.951219512
0,0.273972603,0.015590803,0.533333333,0,0,0.418367347,0.75,0.733333333,0.333333333,0.571428571,0,1,1,0.951219512
0,0.205479452,0.067381767,0.733333333,0,0,0.397959184,0.5,0.466666667,0.333333333,0.714285714,0,1,1,0.951219512
0,0.465753425,0.123470095,0.333333333,0,0,0.295918367,0.5,0,0,0.071428571,0.4,1,0,0.951219512
1,0.438356164,0.061455299,0.8,0,0,0.397959184,0.5,0.6,0.333333333,0.428571429,0,1,1,0.951219512
0,0.369863014,0.012271711,0.733333333,0,0.454545455,0.397959184,0.5,0.466666667,0,0.285714286,0.2,1,0,0.951219512
1,0.205479452,0.124020797,0.8,0,0.453856749,0.448979592,0.5,0.6,0.333333333,0.857142857,0,1,1,0.951219512
0,0.178082192,0.032569184,0.533333333,0,0,0.397959184,0.5,0.733333333,0.333333333,0.071428571,0.6,0,0,0.951219512
0,0.260273973,0.043880889,0.866666667,0,0,0.397959184,0.875,0.8,0.666666667,0.714285714,0.2,1,1,0.951219512
0,0.273972603,0.206543469,0.533333333,0,0,0.397959184,0.625,0.733333333,0.333333333,0.214285714,0,1,1,0.951219512
0,0.246575342,0.049091579,0.6,0,0,0.397959184,0.125,1,0.666666667,0.428571429,0.8,1,0,0.951219512
0,0.260273973,0.088729226,0.8,0,0,0.397959184,0.875,0.6,0,0.714285714,0.2,0.75,0,0.951219512
0,0.109589041,0.119572564,0.8,0,0,0.397959184,0.5,0.6,0.666666667,0.428571429,0.6,1,1,0.951219512
0,0.082191781,0.191439096,0.533333333,0,0,0.397959184,0.625,0.733333333,0.666666667,0.071428571,0.2,1,0,0.951219512
1,0.410958904,0.057910244,0.8,0.252362524,0,0.346938776,0.5,0.6,1,0.642857143,0.8,1,0,0.951219512
1,0.356164384,0.095288256,0.6,0,0,0.397959184,0.5,1,0.333333333,0.214285714,0,1,1,0.951219512
0,0.02739726,0.167813736,0.533333333,0,0,0.193877551,0.5,0.733333333,0.666666667,0.571428571,0.6,1,0,0.951219512
0,0.178082192,0.141232583,0.533333333,0,0,0.346938776,0.5,0.733333333,0.333333333,0.214285714,0,1,1,0.951219512
1,0.397260274,0.332611468,0.533333333,0.043860439,0,0.397959184,0.5,0.733333333,0.333333333,0.5,0,0.5,1,0.951219512
0,0.410958904,0.141654066,0.6,0,0,0.397959184,0.5,1,0,0.928571429,0.8,1,0,0.951219512
0,0.726027397,0.054331361,0.6,0,0,0.244897959,0,1,1,0,0.2,1,0,0.951219512
0,0.02739726,0.182272015,0.6,0,0,0.346938776,0.5,1,0.666666667,0.571428571,0.2,1,1,0.951219512
0,0.178082192,0.155721984,0.533333333,0,0,0.5,0.5,0.733333333,0.833333333,0.214285714,0.2,1,1,0.951219512
0,0.602739726,0.232295863,0.533333333,0,0,0.397959184,0.5,0.733333333,0.333333333,0.857142857,0,0.5,1,0.951219512
0,0.301369863,0.143092385,0.533333333,0,0,0.724489796,0.5,0.733333333,0.333333333,0.428571429,0,1,1,0.951219512
0,0.520547945,0.187381902,0.6,0,0,0.397959184,0.5,1,0.333333333,0.214285714,0,1,1,0.951219512
0,0.02739726,0.049661224,0.533333333,0,0,0.295918367,0.5,0.733333333,0.666666667,0.5,0.8,1,1,0.951219512
0,0.287671233,0.122811825,0.733333333,0,0,0.551020408,0.5,0.466666667,0.333333333,0.285714286,0,1,1,0.536585366
1,0.616438356,0.120987203,0.6,0.07298073,0,0.397959184,0,1,0.333333333,0,0,1,1,0.951219512
1,0.602739726,0.476370918,0.6,0,0,0.43877551,0.5,1,0.333333333,0.857142857,0,1,1,0.951219512
0,0.232876712,0.105233355,0.333333333,0,0,0.397959184,0.5,0,0.333333333,0.214285714,0,1,1,0.951219512
1,0.342465753,0.129183453,0.933333333,1,0,1,0.625,0.933333333,0.333333333,0.714285714,0,1,1,0.951219512
0,0.136986301,0.08121222,0.6,0,0,0.397959184,0.5,1,0.333333333,0.214285714,0,1,1,0.951219512
0,0.178082192,0.233002168,0.8,0,0,0.295918367,0.125,0.6,0.333333333,0.071428571,0,1,1,0.585365854
0,0.04109589,0.130105574,0.6,0,0,0.316326531,0.5,1,0.666666667,0.857142857,0.6,1,0,0.951219512
0,0.356164384,0.122570977,0.4,0,0,0.397959184,0.5,0.066666667,0.333333333,0.428571429,0,1,1,0.951219512
1,0.438356164,0.105489762,0.533333333,0,0,0.397959184,0.5,0.733333333,0.333333333,0.785714286,0,1,1,0.951219512
0,0.150684932,0.193641902,0.733333333,0,0,0.397959184,0.5,0.466666667,0.666666667,0.071428571,0.6,1,1,0.951219512
1,0.424657534,0.029153347,0.533333333,0,0,0.551020408,0.125,0.733333333,0.333333333,1,0,0.5,1,0.56097561
0,0.068493151,0.01407333,0.533333333,0,0,0.448979592,0.5,0.733333333,0.333333333,0.357142857,0,1,1,0.951219512
0,0.123287671,0.251009563,0.466666667,0,0,0.397959184,0.5,0.133333333,0.333333333,0.214285714,0,1,1,0.951219512
0,0.260273973,0.067850607,0.8,0,0,0.397959184,0.5,0.6,0.666666667,0.714285714,0.2,1,0,0.951219512
0,0.054794521,0.138275439,0.533333333,0,0,0.397959184,0.5,0.733333333,0.333333333,0.214285714,0,1,1,0.951219512
0,0.136986301,0.026069014,0.866666667,0,0,0.551020408,0.5,0.8,0.666666667,0.928571429,0.2,1,1,0.951219512
0,0.369863014,0.13479736,0.6,0,0,0.5,0.5,1,0.333333333,0.285714286,0,1,1,0.951219512
0,0.123287671,0.061006755,0.6,0,0,0.397959184,0.5,1,0.333333333,0.071428571,0,1,1,0.951219512
1,0.479452055,0.04193855,0.6,0.07298073,0,0.448979592,0.5,1,0.333333333,0.857142857,0,1,1,0.951219512
0,0.02739726,0.036907142,0.6,0,0,0.081632653,0.5,1,0.666666667,0.857142857,0.6,1,0,0.951219512
0,0.410958904,0.200225287,0.533333333,0,0,0.397959184,0.625,0.733333333,0.333333333,0.857142857,1,1,0,0.951219512
0,0.315068493,0.178477994,0.533333333,0,0,0.397959184,0.5,0.733333333,0.333333333,0.5,0,1,1,0.951219512
0,0.04109589,0.049009042,0.6,0,0,0.397959184,0.5,1,0.666666667,0.928571429,0.2,1,0,0.951219512
0,0.561643836,0.079493815,0.533333333,0,0,0.5,0.75,0.733333333,0.833333333,0.357142857,0.2,1,1,0.951219512
0,0.397260274,0.121045386,0.666666667,0,0,0.397959184,0.5,0.533333333,0.666666667,0.285714286,0.6,1,0,0.951219512
1,0.493150685,0.111478471,0.6,0,0,0.397959184,0.25,1,0.333333333,0.071428571,0,1,1,0.951219512
0,0.493150685,0.09343522,0.533333333,0,0.345270891,0.346938776,0,0.733333333,0.666666667,0,0.2,1,1,0.951219512
0,0.205479452,0.095934349,0.533333333,0,0,0.397959184,0.5,0.733333333,0.333333333,0.285714286,0,1,1,0.951219512
0,0.260273973,0.07120082,0.533333333,0,0,0.37755102,0.5,0.733333333,0.833333333,0.071428571,0.8,1,0,0.951219512
0,0.534246575,0.08222229,0.533333333,0,0,0.397959184,0.5,0.733333333,0,0.714285714,0.2,1,0,0.951219512
0,0.01369863,0.15629907,0.533333333,0,0,0.397959184,0.5,0.733333333,0.666666667,0.857142857,0.6,1,0,0.951219512
0,0.301369863,0.264664116,0.4,0,0,0.397959184,0.5,0.066666667,0,1,0.6,1,1,0.951219512
0,0.054794521,0.056634294,0.6,0,0,0.602040816,0.625,1,0.666666667,0.357142857,0.6,1,1,0.951219512
0,0.02739726,0.107771046,0.6,0,0,0.295918367,0,1,0.666666667,0,0.6,1,1,0.951219512
0,0.479452055,0.147356599,0.6,0,0,0.397959184,0.25,1,0.333333333,0.714285714,1,1,0,0.951219512
0,0.452054795,0.078608904,0.533333333,0,0,0.704081633,0.5,0.733333333,0.333333333,1,0,1,1,0.951219512
0,0.205479452,0.069994554,0.6,0,0,0.397959184,0,1,0.333333333,0,0,1,1,0.951219512
0,0.328767123,0.010161591,0.533333333,0,0,0.397959184,0.5,0.733333333,0,0.214285714,0.2,1,1,0.951219512
0,0.397260274,0.122979606,0.4,0,0,0.397959184,0.5,0.066666667,0.333333333,0.5,0,1,1,0.951219512
0,0.397260274,0.109547633,0.533333333,0,0,0.448979592,0.5,0.733333333,0,0.285714286,0.2,1,1,0.951219512
0,0.150684932,0.08457461,0.733333333,0,0,0.397959184,0.5,0.466666667,0.666666667,0.571428571,0.2,0.5,0,0.951219512
0,0.493150685,0.104692801,0.6,0,0,0.397959184,0.5,1,0.666666667,0.285714286,0.2,0.5,0,0.951219512
1,0.438356164,0.237133105,0.866666667,1,0,0.806122449,0.625,0.8,0,0.714285714,0.8,1,1,0.634146341
1,0.438356164,0.078374822,0.533333333,0,0,0.602040816,0.5,0.733333333,0.333333333,0.857142857,0,1,1,0.951219512
0,0.068493151,0.050374971,0.6,0,0,0.397959184,0.5,1,0.666666667,0.071428571,0.6,0.25,0,0.731707317
0,0.260273973,0.011859023,0.533333333,0,0,0.5,0.5,0.733333333,0.666666667,1,0.4,1,1,0.951219512
0,0.671232877,0.193327312,0.8,0,0,0.295918367,0.75,0.6,0.333333333,0.285714286,0,1,1,0.951219512
0,0.547945205,0.086619783,0.533333333,0,0,0.5,0.625,0.733333333,0.333333333,0.071428571,0,1,1,0.951219512
0,0.287671233,0.111642193,0.8,0,0,0.37755102,0.25,0.6,0.333333333,0.714285714,0,1,1,0.951219512
0,0.164383562,0.238846774,0.6,0,0,0.397959184,0.5,1,0.333333333,0.857142857,1,1,0,0.951219512
1,0.438356164,0.117108615,0.866666667,0,0,0.5,0.5,0.8,0.333333333,0.714285714,0,1,1,0.951219512
1,0.191780822,0.127755283,0.8,0,0.436639118,0.448979592,0.5,0.6,0.333333333,0.857142857,0,1,1,0.951219512
0,0.136986301,0.09062759,0.6,0,0,0.295918367,0.875,1,0.833333333,0.571428571,0.2,1,0,0.951219512
0,0.095890411,0.122102137,0.533333333,0,0,0.397959184,0.5,0.733333333,0.333333333,0.428571429,0,1,1,0.951219512
0,0.109589041,0.074967103,0.6,0,0.365013774,0.397959184,0.5,1,0.666666667,0.071428571,0.6,1,1,0.951219512
0,0.767123288,0.122084547,0.8,0,0,0.295918367,0.5,0.6,0.333333333,0.714285714,0,1,1,0.951219512
0,0.383561644,0.177504457,0.4,0,0,0.397959184,0.5,0.066666667,0.333333333,0.214285714,0,1,1,0
0,0.726027397,0.130960717,0.866666667,0,0,0.397959184,0.75,0.8,0.333333333,0.285714286,0,0.5,1,0.951219512
0,0.164383562,0.101498868,0.666666667,0,0,0.397959184,0.5,0.533333333,0.666666667,0.5,0.2,0.75,1,0.951219512
0,0.602739726,0.028474104,0.6,0,0,0.397959184,0.5,1,0.333333333,0.857142857,0,1,1,0.951219512
0,0.109589041,0.096017563,0.4,0,0,0.346938776,0.5,0.066666667,0.5,0.857142857,0.6,0.25,1,0.463414634
0,0.397260274,0.291515883,0.8,0,0,0.071428571,0,0.6,0,0,0.2,1,0,0.951219512
0,0.260273973,0.269092053,0.733333333,0,0,0.448979592,0.5,0.466666667,0.333333333,0.214285714,0,1,1,0.951219512
0,0.150684932,0.032803266,0.8,0,0,0.448979592,0.5,0.6,0.666666667,0.285714286,0.6,1,0,0.951219512
1,0.356164384,0.008104241,0.6,0,0,0.397959184,0.5,1,0.333333333,0.714285714,0,1,1,0.951219512
0,0.424657534,0.056406978,0.6,0,0,0.428571429,0.5,1,0.666666667,0.071428571,0.2,1,0,0.951219512
0,0.287671233,0.12789465,0.2,0,0,0.56122449,0.75,0.333333333,0.333333333,0.357142857,0,1,1,0.951219512
1,0.342465753,0.169847407,0.533333333,0.051780518,0,0.397959184,0.5,0.733333333,0.333333333,0.214285714,0,1,1,0.951219512
1,0.397260274,0.078966792,0.8,0,0.453856749,0.397959184,0.5,0.6,0.333333333,0.857142857,0,1,1,0.951219512
0,0.123287671,0.255440882,0.533333333,0,0,0.397959184,0.5,0.733333333,0.333333333,1,0,1,1,0.634146341
0,0.219178082,0.111430437,0.533333333,0.034640346,0,0.397959184,0.5,0.733333333,0.333333333,0.5,0,1,1,0.951219512
0,0.342465753,0.084371649,0.6,0,0,0.479591837,0.875,1,0.333333333,0.785714286,0,0.5,1,0.951219512
0,0.068493151,0.1738268,0.733333333,0,0,0.397959184,0,0.466666667,0.666666667,0,0.6,1,1,0.951219512
0,0.02739726,0.14339615,0.6,0,0,0.193877551,0.5,1,0.666666667,0.857142857,0.6,1,0,0.951219512
0,0.452054795,0.119474466,0.4,0,0,0.397959184,0.5,0.066666667,0.333333333,0.5,0,1,1,0.951219512
1,0.315068493,0.113604828,0.733333333,0,0,0.397959184,0.5,0.466666667,0.333333333,0.285714286,0,1,1,0.951219512
0,0.369863014,0.07258028,0.866666667,0,0,0.397959184,0.875,0.8,0.833333333,0.714285714,0.8,1,0,0.951219512
0,0.136986301,0.020574177,0.533333333,0,0,0.397959184,0.5,0.733333333,0.5,0.571428571,0.8,1,0,0.951219512
0,0.150684932,0.046853594,0.533333333,0,0,0.397959184,0.5,0.733333333,0.666666667,0.428571429,0.2,1,1,0.951219512
0,0.301369863,0.204677579,0.6,0,0,0.397959184,0.125,1,0.333333333,0.071428571,0,0.5,1,0.951219512
0,0.04109589,0.146403358,0.6,0,0,0.295918367,0.5,1,0.666666667,0.571428571,0.6,1,1,0.951219512
0,0.246575342,0.123268487,0.533333333,0,0,0.37755102,0.5,0.733333333,0,0.071428571,0.8,1,0,0.951219512
0,0.397260274,0.078317316,0.6,0,0,0.418367347,0.5,1,0.833333333,0.857142857,0.2,1,1,0.951219512
0,0.150684932,0.180264053,0.133333333,0,0,0.397959184,0.5,0.266666667,0.333333333,0.5,0,1,1,0.634146341
0,0.205479452,0.082804112,0.4,0,0,0.397959184,0.5,0.066666667,0.666666667,0.428571429,0.6,0.5,0,0.951219512
0,0.136986301,0.122953221,0.266666667,0,0,0.5,0,0.4,0.833333333,0,0.8,1,0,0.951219512
0,0.04109589,0.047690471,0.533333333,0,0,0.397959184,0.5,0.733333333,0.333333333,0.857142857,0.6,1,1,0.951219512
0,0.356164384,0.207108378,0.6,0,0,0.397959184,0.5,1,0,0.5,0.8,0.5,0,0.951219512
0,0.547945205,0.010215714,0.8,0,0,0.091836735,0.75,0.6,0.333333333,0.857142857,0,1,1,0.951219512
0,0.890410959,0.140978205,0.2,0,0,0.397959184,0.625,0.333333333,1,0.285714286,0.2,1,0,0.951219512
0,0.01369863,0.202629701,0.466666667,0,0,0.193877551,0.5,0.133333333,0.666666667,0.857142857,0.6,0.5,0,0.951219512
0,0.657534247,0.145621958,0.8,0,0,0.346938776,0.75,0.6,0,0.571428571,0.2,1,0,0.951219512
1,0.205479452,0.224504859,0.533333333,0,0,0.397959184,0.5,0.733333333,0.333333333,0.5,0,1,1,0.951219512
0,0.465753425,0.060311275,0.533333333,0,0,0.397959184,0.5,0.733333333,0.333333333,0.214285714,0,1,1,0.951219512
1,0.452054795,0.069326812,0.533333333,0,0,0.397959184,0.5,0.733333333,0.333333333,0.214285714,0,1,1,0.951219512
0,0.410958904,0.05759633,0.8,0,0,0.397959184,0.25,0.6,0,0.714285714,0.2,0.5,0,0.951219512
0,0.178082192,0.149993742,0.8,0,0,0.142857143,0.25,0.6,0.666666667,0.714285714,0.6,1,0,0.951219512
1,0.342465753,0.126331848,0.533333333,0,0,0.551020408,0.5,0.733333333,0.333333333,0.071428571,0,1,1,0.951219512
0,0.04109589,0.278563576,0.6,0,0,0.142857143,0,1,0.666666667,0,0.6,1,1,0.951219512
0,0.219178082,0.114699465,0.533333333,0,0,0.193877551,0.5,0.733333333,0.333333333,0.857142857,1,1,0,0.951219512
1,0.534246575,0.186418513,0.6,0,0,0.346938776,0.5,1,0.333333333,0.071428571,1,1,0,0.951219512
0,0.684931507,0.073482104,0.2,0,0,0.112244898,0.5,0.333333333,1,0.571428571,0.2,1,0,0.951219512
1,0.630136986,0.123398382,1,0,0.436639118,0.5,0.875,0.666666667,0.333333333,0.285714286,0,1,1,0.951219512
0,0.068493151,0.200200932,0.133333333,0,0,0.397959184,0.5,0.266666667,0.666666667,0.357142857,0.4,1,1,0.634146341
0,0.04109589,0.017351153,0.533333333,0,0,0.397959184,0,0.733333333,0.666666667,0,0.2,1,1,0.951219512
0,0.205479452,0.07555975,0.4,0,0,0.489795918,0,0.066666667,0,0,0.2,1,0,0.951219512
0,0.301369863,0.159170971,0.6,0,0,0.408163265,0.5,1,0.666666667,0.857142857,0.2,1,1,0.951219512
0,0.246575342,0.231534759,0.533333333,0,0,0.397959184,0.75,0.733333333,0.5,0.571428571,0.2,1,0,0.951219512
0,0.356164384,0.06787158,0.4,0,0,0.602040816,0.5,0.066666667,0.333333333,0.857142857,0,1,1,0.951219512
0,0.547945205,0.050942586,1,0,0,0.244897959,0.75,0.666666667,0,0.714285714,0.2,1,0,0.951219512
1,0.205479452,0.009821969,0.533333333,0,0,0.5,0.5,0.733333333,0.333333333,0.285714286,0,1,1,0.951219512
0,0.328767123,0.029734493,0.533333333,0.015060151,0,0.397959184,0.125,0.733333333,0,0.785714286,0.8,0.5,1,0.951219512
1,0.328767123,0.005161303,0.8,0,0,0.397959184,0.125,0.6,0.333333333,0.071428571,1,0.25,0,0.731707317
0,0,0.121269319,0.4,0,0,0.06122449,0.5,0.066666667,0.666666667,0.071428571,0.6,1,1,0.951219512
0,0.301369863,0.153192411,0.8,0,0,0.397959184,0,0.6,0,0,0.6,0.5,0,0.951219512
0,0.054794521,0.089867162,0.6,0,0,0.193877551,0.5,1,0.666666667,0.571428571,0.6,0.25,1,0.951219512
0,0.136986301,0.147941128,0.8,0,0,0.397959184,0.5,0.6,0.666666667,0.928571429,0.6,0.25,0,0.731707317
0,0.068493151,0.073089712,0.533333333,0,0,0.397959184,0.5,0.733333333,0.666666667,0.071428571,0.6,1,0,0.951219512
0,0.383561644,0.158408514,0.8,0,0,0.295918367,0.5,0.6,0.666666667,0.714285714,0.2,1,1,0.951219512
0,0.917808219,0.09659059,0.8,0,0,0.193877551,0.75,0.6,0.333333333,0.357142857,0,1,1,0.951219512
1,0.383561644,0.088372014,0.533333333,0,0,0.397959184,0.5,0.733333333,0.333333333,0.214285714,0,1,1,0.951219512
1,1,0.051894474,0.8,0,0,0.397959184,0.5,0.6,0.333333333,0.285714286,1,1,0,0.219512195
0,0.260273973,0.121134012,0.6,0,0,0.56122449,0.5,1,0.333333333,0.214285714,0,1,1,0.951219512
0,0.205479452,0.014098362,0.8,0,0,0.346938776,0.75,0.6,0.666666667,0.214285714,0.2,1,0,0.951219512
0,0.191780822,0.159015368,0.133333333,0,0,0.295918367,0.5,0.266666667,0.666666667,1,0.2,1,1,0.195121951
1,0.616438356,0.05528122,1,1,0,0.397959184,0.5,0.666666667,0.333333333,0.285714286,0,1,1,0.951219512
0,0.561643836,0.087863935,0.8,0,0,0.346938776,0.5,0.6,0,0.285714286,0.8,1,0,0.951219512
0,0.232876712,0.566648738,0.533333333,0,0,0.397959184,0.5,0.733333333,0.333333333,0.214285714,0,1,1,0.658536585
0,0.095890411,0.019667617,0.6,0,0,0.397959184,0,1,0.666666667,0,0.2,1,0,0.951219512
0,0,0.200671802,0.4,0,0,0.142857143,0.25,0.066666667,0.666666667,0.071428571,0.6,1,0,0.951219512
1,0.465753425,0.187595011,0.8,0.076880769,0,0.5,0.5,0.6,0.333333333,0.857142857,0,1,1,0.951219512
0,0.493150685,0.099832557,0.6,0,0,0.346938776,0.5,1,0,0.071428571,0.2,1,0,0.951219512
0,0.123287671,0.187359576,0.8,0,0,0.397959184,0.625,0.6,0.666666667,0.285714286,0.2,1,1,0.951219512
0,0.301369863,0.024910105,0.666666667,0.005940059,0,0.397959184,0.5,0.533333333,0.833333333,0.071428571,0.6,1,0,0.951219512
0,0.082191781,0.044175183,0.8,0,0,0.397959184,0.5,0.6,0.666666667,0.285714286,0.6,1,1,0.951219512
0,0.315068493,0.113286179,0.666666667,0,0,0.5,0.5,0.533333333,0,0.071428571,0.8,1,0,0.951219512
1,0.356164384,0.070950501,0.6,0,0,0.448979592,0.5,1,0.333333333,0.214285714,0,1,1,0.951219512
0,0.342465753,0.140224543,0.866666667,0,0,0.37755102,0.875,0.8,0,0.714285714,0.2,1,0,0.951219512
0,0.054794521,0.195199291,0.533333333,0,0,0.397959184,0.25,0.733333333,0.666666667,0.571428571,0.6,1,1,0.951219512
0,0.246575342,0.101492103,0.6,0,0,0.316326531,0.5,1,0.666666667,0.928571429,0.6,1,0,0.951219512
0,0.164383562,0.07067515,0.666666667,0,0,0.56122449,0.25,0.533333333,0,0.785714286,0.8,1,1,0.951219512
1,0.315068493,0.154398677,0.8,0,0,0.448979592,0.5,0.6,0.333333333,0.857142857,0,1,1,0.951219512
0,0.273972603,0.102098957,0.6,0,0,0.397959184,0.5,1,0,0.928571429,0.2,0,0,0.951219512
0,0.095890411,0.046586362,0.6,0,0,0.244897959,0.5,1,0.666666667,0.857142857,0.6,1,0,0.951219512
1,0.369863014,0.017614326,0.533333333,0,0,0.397959184,0.125,0.733333333,0.333333333,0.214285714,0,1,1,0.951219512
0,0.164383562,0.178695839,0.533333333,0,0.470844812,0.316326531,0.5,0.733333333,0.333333333,0.5,1,0.5,0,0.951219512
0,0.068493151,0.13640143,0.133333333,0,0,0.397959184,0.5,0.266666667,0.666666667,0.642857143,0.4,1,0,0.195121951
0,0.082191781,0.096017563,0.6,0,0,0.132653061,0.5,1,0.666666667,0.071428571,0.4,0.25,1,0.804878049
0,0.561643836,0.116083661,0.333333333,0,0,0.397959184,0.625,0,0.333333333,1,1,1,0,0.951219512
1,0.301369863,0.121138748,0.8,0,0,0.397959184,0.5,0.6,0.333333333,0.214285714,0,0.25,1,0.731707317
0,0.506849315,0.110138927,0.533333333,0,0,0.193877551,0.125,0.733333333,0.666666667,0.071428571,0.8,1,0,0.951219512
0,0.424657534,0.062966684,0.533333333,0,0,0.397959184,0.5,0.733333333,0.666666667,0.857142857,0.8,1,0,0.951219512
0,0.246575342,0.155474371,0.533333333,0,0,0.397959184,0.5,0.733333333,0.333333333,0.571428571,0.4,0.5,1,0.951219512
0,0.068493151,0.010589163,0.6,0,0,0.357142857,0,1,0.666666667,0,0.6,1,1,0.951219512
1,0.369863014,0.111598218,0.933333333,0.105201052,0,0.397959184,0.25,0.933333333,0.666666667,0.714285714,0.2,1,1,0.951219512
0,0.301369863,0.116915125,0.533333333,0,0,0.397959184,0.5,0.733333333,0.333333333,0.285714286,0,1,1,0.951219512
0,0.232876712,0.014473163,0.8,0.045080451,0,0.346938776,0.5,0.6,0.333333333,0.857142857,0,1,1,0.951219512
1,0.575342466,0.058233629,0.6,0,0,0.397959184,0.5,1,0.333333333,0.214285714,0,1,1,0.951219512
0,0.164383562,0.155025827,0.533333333,0,0,0.448979592,0.75,0.733333333,0.666666667,0.214285714,0.2,1,1,0.951219512
0,0.04109589,0.111630015,0.533333333,0,0,0.295918367,0.5,0.733333333,0.666666667,0.071428571,0.2,1,0,0.951219512
0,0.616438356,0.056703301,0.533333333,0,0,0.397959184,0.5,0.733333333,0.666666667,0.214285714,0.2,1,1,0.951219512
0,0.232876712,0.074733021,0.6,0,0,0.316326531,0.5,1,0.333333333,0.428571429,0,1,1,0.951219512
0,0.136986301,0.111251154,0.8,0,0,0.397959184,0.875,0.6,0.666666667,0.714285714,0.2,1,1,0.951219512
0,0.273972603,0.134551777,0.6,0,0,0.346938776,0.5,1,0.333333333,0.928571429,1,1,0,0.951219512
0,0.726027397,0.101966356,0.533333333,0,0,0.397959184,0.125,0.733333333,0.333333333,0.071428571,0,0.5,1,0.951219512
0,0.232876712,0.284090886,0.733333333,0,0,0.806122449,0.25,0.466666667,0.333333333,0.571428571,0,1,1,0.951219512
0,0.054794521,0.066747851,0.533333333,0,0,0.428571429,0.875,0.733333333,0.666666667,0.071428571,0.6,1,0,0.951219512
1,0.260273973,0.228161544,0.733333333,0,0,0.306122449,0.5,0.466666667,0.333333333,0.714285714,1,1,0,0.951219512
0,0.02739726,0.194377975,0.533333333,0,0,0.153061224,0.5,0.733333333,0.666666667,0.428571429,0.6,1,1,0.951219512
0,0.356164384,0.027443061,0.8,0,0,0.397959184,0.875,0.6,0.333333333,0.714285714,0,1,1,0.951219512
0,0.082191781,0.147505438,0.6,0,0,0.397959184,0.5,1,0.666666667,0.571428571,0.2,0.25,1,0.146341463
0,0.068493151,0.227934227,0.2,0,0,0.153061224,0.5,0.333333333,0.666666667,0.428571429,0.6,1,1,0.951219512
0,0.068493151,0.157285462,0.4,0,0,0.397959184,0,0.066666667,0.833333333,0,0.8,0.5,0,0.951219512
0,0.479452055,0.143367059,0.533333333,0,0,0.510204082,0.5,0.733333333,0,0.857142857,0.2,1,0,0.951219512
0,0.452054795,0.019171715,0.6,0,0,0.397959184,0.5,1,0,0.857142857,0.2,1,0,0.951219512
1,0.575342466,0.158294179,0.6,0,0,0.397959184,0.5,1,0.333333333,0.928571429,0,1,1,0.951219512
0,0.02739726,0.147119811,0.533333333,0,0,0.193877551,0.5,0.733333333,0.666666667,0.357142857,0.6,1,1,0.951219512
0,0.246575342,0.122423492,0.533333333,0,0.379017447,0.397959184,0.875,0.733333333,0.333333333,0.214285714,0,1,1,0.951219512
0,0.082191781,0.068341097,0.4,0,0,0.346938776,0,0.066666667,0.833333333,0,0.2,1,0,0.951219512
0,0.616438356,0.157395061,0.866666667,0,0,0.448979592,0.5,0.8,0,0.714285714,0.2,1,0,0.951219512
0,0.02739726,0.097135879,0.6,0,0.367768595,0.295918367,0,1,0.666666667,0,0.6,1,0,0.951219512
0,0.315068493,0.058655788,0.533333333,0,0,0.5,0.75,0.733333333,0,0.285714286,0.2,0.5,1,0.951219512
1,0.383561644,0.154971027,0.533333333,0,0,0.479591837,0.5,0.733333333,0.333333333,0.428571429,0,1,1,0.951219512
0,0.369863014,0.142173647,0.533333333,0,0,0.397959184,0.5,0.733333333,0,0.5,0.6,1,1,0.951219512
0,0.205479452,0.155853232,0.6,0,0.261248852,0.397959184,0.5,1,0,0.857142857,0.8,0.5,0,0.390243902
0,0.287671233,0.119478525,0.8,0,0.307621671,0.397959184,0.5,0.6,0.666666667,0.285714286,0.2,1,1,0.951219512
1,0.438356164,0.256610616,0.8,0.150241502,0,0.397959184,0.875,0.6,0.333333333,0.285714286,0,1,1,0.951219512
1,0.150684932,0.027276633,0.8,0,0,0.5,0.5,0.6,0.333333333,0.857142857,0,1,1,0.951219512
0,0.493150685,0.037150695,0.2,0,0,0.806122449,0.75,0.333333333,0.333333333,0.285714286,1,1,0,0.951219512
0,0.547945205,0.082476668,0.533333333,0,0,0.397959184,0.5,0.733333333,0.333333333,0.857142857,0,1,1,0.951219512
1,0.246575342,0.035610896,0.8,0.076880769,0,0.5,0.5,0.6,0.333333333,0.285714286,0,1,1,0.951219512
0,0.369863014,0.148204301,0.6,0,0,0.397959184,0.5,1,0,0.857142857,0.2,1,1,0.951219512
0,0.479452055,0.080742026,0.4,0,0,0.397959184,0.5,0.066666667,0.833333333,0.5,0.8,0.5,1,0.951219512
0,0.123287671,0.100164737,0.533333333,0,0,0.602040816,0.625,0.733333333,0.333333333,0.285714286,0,1,1,0.951219512
0,0.219178082,0.09310304,0.6,0,0,0.397959184,0.5,1,0,0.285714286,0.8,0.5,0,0.951219512
0,0.150684932,0.085242353,0.666666667,0,0,0.397959184,0.5,0.533333333,0.666666667,0.571428571,0.2,1,0,0.951219512
0,0.315068493,0.0653941,0.533333333,0,0,0.316326531,0.5,0.733333333,0,0.071428571,0.8,1,0,0.951219512
0,0.767123288,0.219010023,0.533333333,0,0,0.397959184,0.75,0.733333333,0.333333333,0.857142857,0,1,1,0.951219512
1,0.383561644,0.126089648,0.6,0,0,0.397959184,0.875,1,0.333333333,0.714285714,0,1,1,0.951219512
0,0.246575342,0.145649019,0.2,0,0,0.397959184,0.5,0.333333333,0.333333333,0.428571429,0,1,1,0.634146341
1,0.383561644,0.060910687,0.666666667,0,0,0.448979592,0.5,0.533333333,0.333333333,0.285714286,0,1,1,0.951219512
0,0.575342466,0.095016964,0.333333333,0,0,0.397959184,0.5,0,0.333333333,1,0,1,1,0.951219512
0,0.054794521,0.111776824,0.6,0,0,0.346938776,0.5,1,0.666666667,0.428571429,0.6,1,1,0.951219512
0,0.219178082,0.046442936,0.533333333,0,0,0.602040816,0.75,0.733333333,0.333333333,1,0,1,1,0.951219512
1,0.369863014,0.122771232,0.8,0,0,0.5,0.5,0.6,0,0.285714286,0.2,1,1,0.951219512
0,0.712328767,0.111688874,0.533333333,0.018480185,0,0.112244898,0.5,0.733333333,1,0.071428571,0.8,1,0,0.951219512
0,0.082191781,0.080287393,0.8,0.024070241,0,0.051020408,0.5,0.6,0.333333333,0.714285714,0,1,1,0.048780488
0,0.438356164,0.20509365,0.533333333,0,0,0.397959184,0.5,0.733333333,0.833333333,0.857142857,0.2,1,0,0.951219512
0,0.109589041,0.151212862,0.733333333,0,0,0.479591837,0.5,0.466666667,0.666666667,0.857142857,0.2,1,1,0.951219512
0,0.479452055,0.115357059,0.6,0,0,0.602040816,0.75,1,0.333333333,0.357142857,0,1,1,0.951219512
1,0.232876712,0.098410476,0.533333333,0,0,0.448979592,0.5,0.733333333,0.333333333,0.071428571,0,1,1,0.951219512
0,0.191780822,0.139148172,0.6,0,0,0.397959184,0.5,1,0.666666667,0.785714286,0.4,0.5,1,0
1,0.260273973,0.067121976,0.866666667,0.140841408,0,0.397959184,0.5,0.8,0.666666667,0.285714286,0.2,1,0,0.951219512
1,0.410958904,0.108158026,0.6,0,0,0.367346939,0.5,1,0.333333333,0.285714286,0,1,1,0.170731707
0,0.547945205,0.146456128,0.666666667,0,0,0.397959184,0.5,0.533333333,0,0.5,0.2,0.5,1,0.951219512
0,0.178082192,0.071109487,0.533333333,0,0,0.397959184,0.5,0.733333333,0.666666667,0.857142857,0.2,1,0,0.951219512
0,0.506849315,0.084925733,0.466666667,0.04101041,0,0.397959184,0.875,0.133333333,0.666666667,0.571428571,0.6,1,1,0.951219512
0,0.191780822,0.214473163,0.533333333,0,0,0.551020408,0.5,0.733333333,0,1,0.2,1,1,0.951219512
0,0.671232877,0.019769098,0.333333333,0,0,0.397959184,0.875,0,0,0.571428571,0.2,0.5,0,0.951219512
0,0.342465753,0.036420035,0.6,0,0,0.397959184,0.5,1,0,0.5,0.2,1,0,0.951219512
0,0.438356164,0.104020323,0.533333333,0,0,0.397959184,0.25,0.733333333,0,0.571428571,0.8,1,0,0.951219512
0,0.616438356,0.157408591,0.6,0,0,0.193877551,0.75,1,1,0.285714286,0.2,1,0,0.951219512
0,0.095890411,0.133605978,0.8,0,0,0.071428571,0.5,0.6,0.666666667,0.714285714,0.2,1,0,0.951219512
0,0.410958904,0.011604645,0.533333333,0,0,0.704081633,0.5,0.733333333,0,1,0.2,1,1,0.951219512
1,0.397260274,0.075627404,0.866666667,0,0,0.653061224,0.25,0.8,0,0.285714286,0.8,1,0,0.951219512
0,0.246575342,0.144842587,0.533333333,0,0,0.244897959,0,0.733333333,0.333333333,0,0.4,1,0,0.951219512
0,0.479452055,0.143749302,0.533333333,0,0,0.5,0.625,0.733333333,0.333333333,0.857142857,0,1,1,0.12195122
0,0.561643836,0.116099221,0.6,0,0,0.397959184,0.5,1,0,0.071428571,0.8,0.5,0,0.951219512
0,0.04109589,0.055321812,0.6,0,0,0.142857143,0.5,1,0.666666667,0.571428571,0.6,1,1,0.951219512
0,0.04109589,0.109889285,0.6,0,0,0.193877551,0.5,1,0.666666667,0.571428571,0.6,1,1,0.951219512
0,0.315068493,0.132595908,0.8,0,0,0.346938776,0.25,0.6,0,0.714285714,0.8,1,0,0.951219512
0,0.315068493,0.063358399,0.8,0,0,0.397959184,0.5,0.6,0,0.714285714,0.2,1,0,0.951219512
0,0.315068493,0.11348711,0.866666667,0,0.383149679,0.397959184,0.5,0.8,0.666666667,0.714285714,0.2,1,0,0.951219512
0,0.068493151,0.117089672,0.6,0,0,0.5,0,1,0.666666667,0,0.6,1,1,0.951219512
0,0.054794521,0.129644175,0.6,0,0,0.091836735,0.5,1,0.666666667,0.571428571,0.6,1,0,0.951219512
1,0.164383562,0.105671074,0.866666667,0,0,0.397959184,0.5,0.8,0.333333333,0.714285714,0,1,1,0.951219512
0,0.356164384,0.133185848,0.533333333,0,0,0.346938776,0.5,0.733333333,0,0.571428571,0.2,1,0,0.951219512
0,0.342465753,0.109364292,0.8,0,0,0.397959184,0.5,0.6,0.333333333,0.571428571,0,1,1,0
0,0.232876712,0.1006877,0.6,0,0,0.397959184,0.25,1,0.333333333,1,0,1,1,0.951219512
1,0.479452055,0.042234197,0.533333333,0,0,0.397959184,0.625,0.733333333,0.333333333,0.857142857,0,0.25,1,0.951219512
1,0.315068493,0.191069707,0.533333333,0,0,0.397959184,0.5,0.733333333,0.333333333,1,0,0.5,1,0.951219512
0,0.246575342,0.119812734,0.533333333,0,0,0.397959184,0.5,0.733333333,0,0.214285714,0.2,1,1,0.951219512
0,0.178082192,0.110301296,0.666666667,0,0,0.520408163,0.5,0.533333333,0.333333333,0.285714286,1,1,0,0.951219512
1,0.698630137,0.139604835,0.6,0,0.545684114,0.551020408,0.5,1,0.333333333,0.857142857,0,1,1,0.951219512
0,0.164383562,0.161477287,0.666666667,0,0,0.397959184,0.5,0.533333333,0.333333333,0.714285714,0,1,1,0.951219512
0,0.438356164,0.063878656,0.6,0,0,0.357142857,0.5,1,0.833333333,0.857142857,0.8,1,0,0.951219512
1,0.273972603,0.16454606,0.933333333,0,0,0.551020408,0.75,0.933333333,0.666666667,0.714285714,0.2,1,1,0.951219512
0,0.178082192,0.261980292,0.4,0,0,0.397959184,0.5,0.066666667,0.5,0.428571429,0.8,1,0,0.951219512
0,0.438356164,0.123587813,0.4,0,0,0.051020408,0.5,0.066666667,0.333333333,0.571428571,1,1,0,0.951219512
0,0.150684932,0.185484215,0.333333333,0,0,0.397959184,0.5,0,0.666666667,0.5,0.8,1,0,0.951219512
0,0.095890411,0.172970303,0.266666667,0,0,0.193877551,0,0.4,0.666666667,0,0.6,1,0,0.951219512
0,0.397260274,0.068895181,0.6,0,0,0.37755102,0.5,1,0,0.928571429,0.2,1,0,0.951219512
0,0.109589041,0.004687727,0.533333333,0,0,0.397959184,0.5,0.733333333,0.666666667,0.428571429,0.2,1,1,0.951219512
0,0.315068493,0.109673469,0.533333333,0,0,0.602040816,0.5,0.733333333,0,0.571428571,0.2,1,1,0.292682927
1,0.452054795,0.064257517,0.533333333,0,0,0.5,0.5,0.733333333,0.333333333,1,0,1,1,0.951219512
1,0.136986301,0.084799897,0.533333333,0,0,0.806122449,0.25,0.733333333,0.333333333,0.285714286,0,1,1,0.951219512
0,0.520547945,0.130041979,0.533333333,0,0,0.346938776,0.75,0.733333333,0.333333333,0.857142857,0,1,1,0.951219512
1,0.219178082,0.116337362,0.533333333,0,0,0.5,0.625,0.733333333,0.333333333,0.285714286,0,1,1,0.634146341
0,0.109589041,0.025585289,0.533333333,0,0,0.397959184,0.5,0.733333333,0.666666667,0.857142857,0.8,1,0,0.951219512
1,0.178082192,0.136279653,0.933333333,0,0,0.5,0.5,0.933333333,0.666666667,0.714285714,0.2,1,1,0.951219512
0,0.506849315,0.168405029,0.2,0,0,0.448979592,0.75,0.333333333,0,1,0.2,1,1,0.12195122
1,0.561643836,0.069899839,0.866666667,0,0,0.5,0.5,0.8,0.333333333,0.714285714,0,1,1,0.951219512
0,0.136986301,0.215261329,0.8,0,0,0.397959184,0.5,0.6,0.666666667,0.928571429,0.4,0.25,1,0.951219512
1,0.452054795,0.117123499,0.666666667,0,0,0.37755102,0.5,0.533333333,0.333333333,0.928571429,0,1,1,0.951219512
0,0.150684932,0.151670202,0.533333333,0,0,0.397959184,0.75,0.733333333,0.333333333,0.214285714,0,1,1,0.951219512
0,0.315068493,0.062535053,0.6,0,0,0.397959184,0.5,1,0.333333333,0.428571429,0,1,1,0.951219512
0,0.082191781,0.331738735,0.8,0,0,0.397959184,0,0.6,0.333333333,0,0,1,1,0.951219512
0,0.191780822,0.078669116,0.533333333,0,0,0.397959184,0.5,0.733333333,0.333333333,0.214285714,0,1,1,0.951219512
0,0.383561644,0.016065732,0.533333333,0,0,0.397959184,0.875,0.733333333,0,0.785714286,0.8,0.5,0,0.951219512
0,0.315068493,0.139056163,0.533333333,0,0,0.397959184,0.5,0.733333333,0.333333333,0.5,0,0.5,1,0.341463415
0,0.424657534,0.008173248,0.666666667,0,0,0.397959184,0.25,0.533333333,0.333333333,0.785714286,0,0,1,0.951219512
0,0.342465753,0.196784418,0.733333333,0,0,0.397959184,0.5,0.466666667,0,0.071428571,0.2,1,1,0.951219512
0,0.054794521,0.117222949,0.6,0,0,0.102040816,0.875,1,0.666666667,0.571428571,0.6,1,0,0.951219512
0,0.547945205,0.114837479,0.733333333,0,0,0.346938776,0.5,0.466666667,1,0.071428571,0.2,1,0,0.951219512
0,0.876712329,0.116687132,0.6,0,0,0.244897959,0.75,1,0.333333333,0.928571429,0,1,1,0.292682927
1,0.150684932,0.221641753,0.8,0,0,0.397959184,0.5,0.6,0.333333333,0.285714286,0,1,1,0.951219512
1,0.260273973,0.139640014,0.866666667,0,0.453856749,0.5,0.5,0.8,0.333333333,0.857142857,0,1,1,0.951219512
0,0.287671233,0.245378743,0.6,0,0,0.551020408,0.75,1,0.333333333,0.214285714,0,1,1,0.951219512
1,0.369863014,0.079723837,0.933333333,0,0,0.448979592,0.5,0.933333333,0,0.714285714,0.2,1,1,0.951219512
0,0.808219178,0.14369315,0.933333333,0,0.288797062,0.193877551,0,0.933333333,0.333333333,0,0,1,1,0.951219512
0,0.780821918,0.062495814,0.6,0,0,0.112244898,0,1,1,0,0.2,1,0,0.951219512
0,0.082191781,0.150447022,0.533333333,0,0,0.397959184,0.5,0.733333333,0.666666667,1,0.6,1,1,0.951219512
0,0.602739726,0.130558854,0.533333333,0,0,0.397959184,0.5,0.733333333,0.333333333,0.071428571,0,1,1,0.951219512
0,0.095890411,0.15633628,0,0,0,0.357142857,0.5,0.866666667,0.666666667,0.357142857,0.2,1,1,0.634146341
0,0.630136986,0.148494535,0.866666667,0,0,0.295918367,0,0.8,0.333333333,0,0,1,1,0.951219512
0,0.575342466,0.197883115,0.2,0,0,0.397959184,0.5,0.333333333,0.333333333,0.5,0,1,1,0.951219512
0,0.315068493,0.148531745,0.866666667,0,0,0.397959184,0.25,0.8,0.666666667,0.714285714,0.2,1,0,0.951219512
0,0.452054795,0.130052804,0.2,0,0,0.397959184,0.5,0.333333333,0,0.214285714,0.2,1,1,0.951219512
0,0.232876712,0.033855282,0.8,0,0,0.397959184,0.875,0.6,0.333333333,0.714285714,0,1,1,0.951219512
0,0.438356164,0.103951316,0.533333333,0,0,0.397959184,0.5,0.733333333,0.333333333,0.571428571,0,1,1,0.951219512
1,0.465753425,0.095070411,0.533333333,0,0,0.397959184,0.5,0.733333333,0.333333333,0.714285714,0,1,1,0.951219512
0,0,0.082669481,0.4,0,0,0.244897959,0.5,0.066666667,0.666666667,0.642857143,0.6,1,0,0.951219512
0,0.246575342,0.056267611,0.8,0,0,0.551020408,0.75,0.6,0,0.285714286,0.8,1,0,0.951219512
1,0.506849315,0.079619651,0.666666667,0,0,0.37755102,0.25,0.533333333,0.333333333,0.785714286,0,1,1,0.951219512
1,0.410958904,0.115620909,0.8,0,0,0.602040816,0.5,0.6,0.333333333,0.285714286,0,1,1,0.951219512
0,0.424657534,0.227221157,0.6,0.033250333,0,0.530612245,0.5,1,0,1,0.2,1,1,0.951219512
0,0.273972603,0.090732453,0.8,0,0,0.397959184,0.5,0.6,0.666666667,0.714285714,0.2,0.5,0,0.951219512
0,0.068493151,0.160638381,0.6,0,0,0.295918367,0.5,1,0.666666667,0.071428571,0.6,1,1,0.951219512
0,0.150684932,0.125976666,0.733333333,0,0,0.346938776,0.5,0.466666667,0.666666667,0.071428571,0.4,1,1,0.951219512
0,0.246575342,0.106455181,0.6,0,0,0.357142857,0.5,1,0,0.857142857,0.8,1,0,0.951219512
0,0.164383562,0.149095977,0.533333333,0,0,0.397959184,0.5,0.733333333,0.333333333,0.214285714,0,1,1,0.951219512
0,0.397260274,0.23564337,0.866666667,0.046500465,0,0.43877551,0.5,0.8,0,0.714285714,0.2,1,1,0.951219512
0,0.191780822,0.036528281,0.6,0.039080391,0,0.397959184,0.5,1,0.333333333,0.714285714,1,1,0,0.951219512
0,0.246575342,0.138682714,0.6,0,0,0.5,0.5,1,0.333333333,0.5,0,1,1,0.951219512
1,0.452054795,0.064528132,0.6,0,0,0.397959184,0.5,1,0.333333333,0.857142857,0,1,1,0.951219512
0,0.438356164,0.074559828,0.533333333,0,0,0.397959184,0.5,0.733333333,1,0.928571429,0.8,1,1,0.951219512
0,0.479452055,0.107080302,0.466666667,0,0,0.397959184,0.5,0.133333333,0.333333333,0.214285714,0,1,1,0.951219512
0,0.04109589,0.25667421,0.533333333,0,0,0.602040816,0.5,0.733333333,0.666666667,0.857142857,0.4,1,1,0.951219512
0,0.205479452,0.027231981,0.6,0,0,0.37755102,0.5,1,0.666666667,0.928571429,0.2,0.5,1,0.951219512
0,0.534246575,0.048465106,0.533333333,0,0,0.846938776,0.625,0.733333333,0.333333333,0.285714286,0,1,1,0.951219512
0,0.02739726,0.10359884,0.6,0,0,0.397959184,0,1,0.666666667,0,0.6,0.5,0,0.951219512
0,0.109589041,0.121530463,0.8,0,0,0.244897959,0.25,0.6,0.666666667,0.214285714,0.6,1,1,0.951219512
1,0.438356164,0.104541257,0.8,0,0,0.397959184,0.5,0.6,0,0.285714286,0.8,1,0,0.951219512
0,0.150684932,0.056450276,0.666666667,0,0,0.448979592,0.5,0.533333333,0.666666667,0.428571429,0.2,1,1,0.951219512
1,0.410958904,0.10821959,0.866666667,0,0,0.602040816,0.25,0.8,0.333333333,0.714285714,0,1,1,0.951219512
1,0.301369863,0.238915781,0.533333333,0,0,0.397959184,0.5,0.733333333,0.333333333,0.428571429,0,1,1,0.951219512
0,0.397260274,0.106242748,0.533333333,0,0,0.448979592,0.5,0.733333333,0.833333333,0.571428571,0.2,0.5,0,0.56097561
0,0.410958904,0.155788961,0.6,0,0.323232323,0.397959184,0.5,1,0,0.5,0.2,0.5,0,0.951219512
0,0.438356164,0.071053335,0.733333333,0,0,0.37755102,0.5,0.466666667,0.333333333,0.071428571,0.6,1,0,0.951219512
1,0.506849315,0.128630046,0.533333333,0,0,0.397959184,0.5,0.733333333,0.333333333,0.214285714,0,1,1,0.951219512
1,0.328767123,0.179353433,0.8,0,0,0.295918367,0,0.6,0.333333333,0,1,1,0,0.951219512
0,0.315068493,0.09404478,0.533333333,0,0,0.479591837,0.5,0.733333333,0,0.428571429,0.2,1,0,0.951219512
0,0.04109589,0.068038684,0.6,0,0,0.316326531,0.5,1,0.666666667,0.928571429,0.2,1,0,0.951219512
0,0.273972603,0.179104468,0.533333333,0.038870389,0,0.397959184,0.5,0.733333333,0.666666667,0.428571429,0.8,1,0,0.658536585
0,0.232876712,0.222331821,0.933333333,0.028290283,0,0.5,0.5,0.933333333,0.333333333,0.285714286,0,1,1,0
1,0.315068493,0.181061014,0.933333333,0,0.554407713,0.397959184,0.625,0.933333333,0.333333333,0.714285714,0,1,1,0.951219512
0,0.082191781,0.035184678,0.6,0,0,0.397959184,0.5,1,0.666666667,0.071428571,0.2,1,0,0.951219512
0,0.301369863,0.066339223,0.533333333,0,0,0.5,0,0.733333333,0.333333333,0,1,1,0,0.951219512
0,0.273972603,0.130621772,0.6,0,0,0.142857143,0.75,1,0.333333333,0.285714286,1,1,0,0.951219512
0,0.02739726,0.011364474,0.533333333,0,0,0.244897959,0.5,0.733333333,0.666666667,0.857142857,0.6,0,0,0.951219512
0,0.383561644,0.144752607,0.533333333,0,0,0.5,0.5,0.733333333,0,0.428571429,0.2,1,1,0.951219512
0,0.054794521,0.145540773,0.666666667,0,0,0.397959184,0.5,0.533333333,0.666666667,0.857142857,0.6,1,0,0.951219512
1,0.397260274,0.119460259,0.866666667,0,0.359044995,0.5,0.625,0.8,0.666666667,0.285714286,0.2,1,1,0.951219512
1,0.342465753,0.085735548,1,0,0,0.397959184,0.5,0.666666667,0.333333333,0.714285714,0,0.25,1,0.87804878
1,0.246575342,0.064849487,0.866666667,0,0,0.5,0.5,0.8,0.333333333,0.285714286,0,1,1,0.951219512
0,0.082191781,0.069800388,0.6,0,0,0.397959184,0.5,1,0.333333333,0.857142857,0,1,1,0.951219512
0,0.150684932,0.062466046,0.2,0,0,1,0.75,0.333333333,0.666666667,0.571428571,0.4,1,0,0.634146341
1,0.356164384,0.047494951,0.8,0,0,0.397959184,0.625,0.6,0.333333333,0.857142857,0.6,0.25,0,0.731707317
0,0.123287671,0.12848662,0.133333333,0,0,0.397959184,0.5,0.266666667,0.666666667,0.071428571,0.6,1,0,0.634146341
0,0.438356164,0.122508059,0.533333333,0,0,0.397959184,0.5,0.733333333,0.333333333,0.214285714,0,1,1,0.951219512
0,0.123287671,0.245727836,0.333333333,0,0,0.193877551,0.5,0,0.666666667,0.071428571,0.2,0.5,1,0.951219512
0,0.01369863,0.015945985,0.4,0,0,0.295918367,0,0.066666667,0.666666667,0,0.6,1,1,0.951219512
0,0.479452055,0.20144576,0.266666667,0,0,0.295918367,0.5,0.4,0.5,0.5,0.2,0.25,0,0.073170732
0,0.424657534,0.140501247,0.666666667,0,0,0.397959184,0.25,0.533333333,0.333333333,0.214285714,0,1,1,0.951219512
0,0.273972603,0.266122054,0.066666667,0,0,0.775510204,0.5,0.2,0.5,0.357142857,0.4,1,1,0.634146341
0,0.356164384,0.109605816,0.866666667,0,0,0.551020408,0.5,0.8,0.333333333,0.714285714,0,1,1,0.951219512
0,0.287671233,0.154373645,0.866666667,0,0,0.346938776,0.5,0.8,0.666666667,0.285714286,0.8,0.5,0,0.951219512
0,0.205479452,0.069917429,0.6,0.04101041,0,0.5,0.5,1,0.666666667,0.071428571,0.2,1,0,0.951219512
0,0.520547945,0.127299297,0.6,0,0,0.397959184,0.25,1,0,0.071428571,0.2,0.5,1,0.951219512
0,0.397260274,0.151112058,0.533333333,0,0,0.397959184,0.5,0.733333333,0.333333333,0.214285714,0,1,1,0.951219512
1,0.287671233,0.014015148,0.8,0,0,0.551020408,0.5,0.6,0.333333333,0.285714286,0,1,1,0.951219512
0,0.534246575,0.089063436,0.8,0,0,0.397959184,0.875,0.6,1,0.714285714,0.2,1,0,0.951219512
0,0.04109589,0.156681314,0.6,0,0,0.397959184,0.5,1,0.666666667,0.214285714,0.6,1,1,0.951219512
1,0.493150685,0.05179367,0.533333333,1,0,0.397959184,0.5,0.733333333,0.333333333,0.285714286,0,1,1,0.951219512
1,0.575342466,0.173569039,0.6,0,0,0.153061224,0.5,1,0.333333333,0.071428571,0.4,1,0,0.951219512
0,0.356164384,0.081419917,0.6,0,0,0.397959184,0.5,1,0.333333333,0.428571429,1,1,0,0
0,0.219178082,0.246393549,0.8,0,0,0.295918367,0.5,0.6,0.333333333,0.071428571,1,0.5,0,0.951219512
0,0.410958904,0.107884705,0.533333333,0,0,0.397959184,0.5,0.733333333,0,0.857142857,0.2,1,0,0.951219512
0,0.02739726,0.10865731,0.6,0,0,0.295918367,0.5,1,0.666666667,0.285714286,0.6,1,0,0.951219512
1,0.356164384,0.040222175,0.6,0,0,0.397959184,0.5,1,0.333333333,0.214285714,0,1,1,0.951219512
0,0.164383562,0.081172304,0.733333333,0,0,0.602040816,0.75,0.466666667,0.333333333,0.928571429,0,1,1,0.951219512
0,0.315068493,0.110553644,0.533333333,0,0,0.510204082,0.625,0.733333333,0.666666667,0.857142857,0.2,1,1,0.951219512
0,0.315068493,0.105292213,0.533333333,0,0,0.397959184,0.5,0.733333333,0.333333333,0.214285714,0,1,1,0.951219512
0,0.068493151,0.118601733,0.6,0,0,0.295918367,0.5,1,0.666666667,0.285714286,0.2,1,1,0.951219512
0,0.123287671,0.168402323,0.2,0,0,0.295918367,0.5,0.333333333,0.666666667,0.571428571,0.8,0.75,0,0
1,0.630136986,0.057265504,0.733333333,0,0,0.397959184,0.625,0.466666667,0.333333333,0.857142857,0,1,1,0.951219512
0,0.205479452,0.126193158,0.933333333,0,0,0.602040816,0.5,0.933333333,0.333333333,0.714285714,0,1,1,0.951219512
1,0.301369863,0.014812785,0.666666667,0,0,0.602040816,0.625,0.533333333,0.333333333,0.357142857,0,1,1,0.951219512
1,0.232876712,0.133604625,0.8,0.150241502,0,0.602040816,0.5,0.6,0.333333333,0.285714286,0,1,1,0.951219512
0,0.054794521,0.20998975,0.6,0,0,0.316326531,0.5,1,0.666666667,0.571428571,0.2,1,1,0.951219512
1,0.410958904,0.122188734,0.533333333,0,0,0.5,0.125,0.733333333,0.333333333,1,0,0.5,1,0.951219512
0,0.109589041,0.282656627,0.6,0,0,0.397959184,0.5,1,0.666666667,1,0.2,0.5,1,0.951219512
0,0.383561644,0.142772382,0.6,0,0,0.448979592,0.5,1,0,0.857142857,0.6,1,1,0.951219512
0,0.671232877,0.236706887,0.8,0,0.506427916,0.244897959,0.25,0.6,1,0.714285714,0.2,0.5,0,0.951219512
1,0.260273973,0.088516793,0.8,0,0.436639118,0.397959184,0.5,0.6,0.333333333,0.857142857,0,1,1,0.951219512
0,0.356164384,0.171379764,0.533333333,0,0,0.397959184,0.125,0.733333333,0.333333333,0.214285714,0,0.5,1,0.951219512
0,0.575342466,0.094262625,0.866666667,0,0,0.551020408,0.5,0.8,0.333333333,0.714285714,0,1,1,0.951219512
0,0.369863014,0.035761764,0.533333333,0,0,0.295918367,0.25,0.733333333,0.333333333,0.714285714,0,1,1,0.951219512
0,0.123287671,0.081378648,0.8,0,0,0.316326531,0.5,0.6,0.666666667,0.071428571,0.6,0.5,0,0.951219512
1,0.342465753,0.096128515,0.8,0,0,0.397959184,0.5,0.6,0.333333333,0.857142857,0,1,1,0.951219512
0,0.02739726,0.114321281,0.6,0,0,0.295918367,0,1,0.666666667,0,0.6,1,0,0.951219512
1,0.301369863,0.121060946,0.8,0.135501355,0,0.5,0.5,0.6,0,0.285714286,0.2,1,0,0.951219512
0,0.02739726,0.016052202,0.533333333,0,0,0.397959184,0.75,0.733333333,0.666666667,0.214285714,0.6,1,1,0.951219512
0,0.369863014,0.04949209,0.533333333,0,0,0.448979592,0.5,0.733333333,0.333333333,0.071428571,0,1,1,0.951219512
0,0.082191781,0.261930905,0.4,0,0,0.397959184,0.5,0.066666667,0.666666667,0.571428571,0.6,1,0,0.951219512
0,0.328767123,0.102082044,0.533333333,0,0,0.397959184,0.5,0.733333333,0.666666667,0.071428571,0.2,1,0,0.951219512
1,0.616438356,0.097169706,0.733333333,0,0,0.397959184,0.5,0.466666667,0.333333333,0.214285714,0,1,1,0.951219512
0,0.356164384,0.02863512,0.533333333,0,0,0.602040816,0.5,0.733333333,0,1,0.2,1,1,0.951219512
0,0.136986301,0.13715374,0.533333333,0,0,0.397959184,0.5,0.733333333,0.333333333,0.214285714,0,1,1,0.951219512
1,0.328767123,0.060518972,0.733333333,0,0,0.5,0.5,0.466666667,0.333333333,0.285714286,1,1,0,0.951219512
0,0.684931507,0.101293878,0.333333333,0,0,0.153061224,0.5,0,0.333333333,0.785714286,0,1,1,0.951219512
0,0.232876712,0.126057851,0.4,0,0,0.244897959,0.5,0.066666667,0.333333333,0.857142857,0,1,1,0
0,0,0.166825315,0.4,0,0,0.040816327,0,0.066666667,0.666666667,0,0.6,1,0,0.951219512
0,0.493150685,0.109849369,0.2,0,0,0.397959184,0.5,0.333333333,0.666666667,0.571428571,0.6,1,1,0.951219512
0,0.178082192,0.106149386,0.533333333,0,0,0.602040816,0.5,0.733333333,0.666666667,0.5,0.6,1,1,0.951219512
0,0.01369863,0.067884434,0.6,0,0,0.142857143,0.5,1,0.666666667,0.642857143,0.6,1,0,0.951219512
0,0.328767123,0.106343552,0.533333333,0,0,0.295918367,0.5,0.733333333,0,0.571428571,0.2,1,0,0.951219512
0,0.219178082,0.021264245,0.6,0,0,0.030612245,0.875,1,0.333333333,0.214285714,0,1,1,0.951219512
0,0.164383562,0.077488558,0.533333333,0,0,0.346938776,0.5,0.733333333,0.333333333,0.571428571,0,1,1,0.951219512
0,0.082191781,0.115152745,0.2,0,0,0.397959184,0.5,0.333333333,0.666666667,0.5,0.6,1,1,0.951219512
0,0.068493151,0.101519841,0.6,0,0,0.193877551,0.5,1,0.666666667,0.571428571,0.4,0.5,1,0.951219512
0,0.095890411,0.259121922,0.6,0,0,0.346938776,0.5,1,0.666666667,0.857142857,0.6,1,0,0.951219512
0,0.356164384,0.107672948,0.666666667,0,0,0.448979592,0.5,0.533333333,0.833333333,0.857142857,0.8,1,0,0.951219512
0,0.575342466,0.138396539,0.533333333,0,0,0.397959184,0.5,0.733333333,0.666666667,0.5,0.2,1,1,0.951219512
1,0.232876712,0.059939179,0.8,0,0,0.469387755,0.5,0.6,0.333333333,0.857142857,0,1,1,0.951219512
0,0.01369863,0.44863627,0.266666667,0.005940059,0,0.397959184,0.5,0.4,0.666666667,0.428571429,0.6,1,1,0.951219512
1,0.643835616,0.093251202,1,0,0,0.244897959,0.75,0.666666667,0.333333333,0.285714286,0,1,1,0.951219512
0,0.01369863,0.056801399,0.6,0,0,0.448979592,0,1,0.666666667,0,0.6,1,1,0.951219512
0,0.287671233,0.065368391,0.533333333,0,0,0.397959184,0.5,0.733333333,0,0.214285714,0.2,1,1,0
1,0.383561644,0.033556252,0.8,0.150241502,0,0.479591837,0.625,0.6,0.333333333,0.285714286,0,1,1,0.951219512
0,0.068493151,0.137908079,0.6,0,0,0.397959184,0.5,1,0.666666667,0.928571429,0.6,1,1,0.951219512
0,0.164383562,0.032099667,0.533333333,0,0,0.397959184,0.5,0.733333333,0.333333333,0.214285714,0,0,1,0.951219512
0,0.287671233,0.137908079,0.8,0,0,0.602040816,0.5,0.6,0,0.571428571,0.2,0.5,0,0
0,0.301369863,0.222842607,0.666666667,0,0,0.397959184,0.5,0.533333333,0.333333333,0.928571429,0,0.25,1,0.731707317
0,0.356164384,0.031915649,0.8,0,0,0.397959184,0.5,0.6,0.666666667,0.857142857,0.6,1,0,0.951219512
1,0.342465753,0.058132148,0.8,0.150241502,0,0.448979592,0.5,0.6,0.333333333,0.285714286,0,1,1,0.951219512
0,0.054794521,0.135191781,0.6,0,0,0.071428571,0.5,1,0.666666667,0.714285714,0.6,1,0,0.951219512
0,0.219178082,0.113294297,0.533333333,0,0,0.397959184,0.5,0.733333333,0.333333333,0.5,0,1,1,0.951219512
0,0.534246575,0.160654618,0.533333333,0,0,0.397959184,0.5,0.733333333,0.333333333,0.928571429,0,1,1,0.951219512
0,0.452054795,0.080979491,0.533333333,0,0,0.602040816,0.75,0.733333333,0.333333333,0.571428571,0,0.25,1,0.853658537
0,0.02739726,0.070731303,0.6,0,0,0.244897959,0,1,0.666666667,0,0.6,1,0,0.951219512
0,0.178082192,0.111996022,0.8,0,0,0.397959184,0.25,0.6,0.833333333,0.714285714,0.2,1,1,0.951219512
0,0.219178082,0.094596158,0.733333333,0,0,0.448979592,0.5,0.466666667,0.333333333,0.214285714,0,1,1,0.951219512
1,0.369863014,0.134116764,0.8,0,0,0.397959184,0.5,0.6,0.333333333,0.714285714,0,1,1,0.951219512
0,0.849315068,0.007435145,0.333333333,0,0,0.193877551,0,0,0.333333333,0,0,1,1,0.951219512
0,0.315068493,0.123562104,0.6,0,0,0.602040816,0.75,1,0.333333333,0.357142857,0,1,1,0.951219512
1,0.547945205,0.015747083,0.533333333,0,0,0.602040816,0.75,0.733333333,0.333333333,0.357142857,0,1,1,0.951219512
0,0.301369863,0.052244244,0.8,0,0,0.397959184,0.5,0.6,0.333333333,0.857142857,0,1,1,0.951219512
1,0.246575342,0.046677694,0.8,0,0,0.653061224,0.5,0.6,0.333333333,0.357142857,0,1,1,1
0,0.479452055,0.092160623,0.333333333,0,0,0.448979592,0.5,0,0.5,0.714285714,0.4,0.25,1,0
1,0.410958904,0.128145645,0.733333333,0,0,0.5,0.625,0.466666667,0.333333333,0.285714286,0,1,1,0.951219512
0,0.164383562,0.229372545,0.8,0,0,0.397959184,0.5,0.6,0.666666667,0.857142857,0.6,1,0,0.951219512
0,0.465753425,0.147811233,0.733333333,0,0,0.37755102,0.25,0.466666667,0.666666667,0.071428571,0.2,1,1,0.12195122
0,0.534246575,0.285997368,0.6,0,0,0.5,0.5,1,0,0.571428571,0.2,1,0,0.951219512
0,0.465753425,0.133702046,0.8,0,0,0.5,0.5,0.6,0,0.285714286,0.2,0,1,0.951219512
1,0.410958904,0.114387581,0.866666667,0,0,0.397959184,0.5,0.8,0.333333333,0.714285714,0,1,1,0.951219512
0,0.136986301,0.070368679,0.533333333,0,0,0.397959184,0.5,0.733333333,0.833333333,0.214285714,0.2,1,1,0.951219512
0,0.589041096,0.085991956,0.533333333,0,0,0.418367347,0,0.733333333,0.333333333,0,0,1,1,0.951219512
0,0.219178082,0.227405175,0.533333333,0,0,0.397959184,0.5,0.733333333,0.666666667,0.071428571,0.8,0.5,0,0.951219512
0,0.178082192,0.103657699,0.8,0,0,0.653061224,0.5,0.6,0.666666667,0.857142857,0.6,1,0,0.951219512
1,0.506849315,0.084841842,0.533333333,0,0,0.397959184,0.25,0.733333333,0.333333333,0.214285714,0,1,1,0.951219512
1,0.465753425,0.202518749,0.8,0,0,0.397959184,0.75,0.6,0.333333333,0.857142857,0,1,1,0.951219512
0,0.479452055,0.089891517,0.533333333,0,0,0.397959184,0.5,0.733333333,1,0.071428571,0.2,1,0,0.951219512
1,0.780821918,0.062049299,0.533333333,0,0,0.397959184,0.75,0.733333333,0.333333333,0.857142857,0,1,1,0.951219512
0,0.260273973,0.233102972,0.466666667,0,0,0.346938776,0,0.133333333,0.666666667,0,0.2,1,1,0.951219512
1,0.150684932,0.175345626,0.533333333,0,0,0.448979592,0.5,0.733333333,0.333333333,0.285714286,0,1,1,0.951219512
1,0.342465753,0.014838494,0.933333333,1,0,0.806122449,0.5,0.933333333,0,0.714285714,0.2,1,1,0.951219512
1,0.534246575,0.165934315,0.866666667,0,0,0.397959184,0.5,0.8,0.333333333,0.714285714,0,1,1,0.951219512
0,0.547945205,0.064377941,0.066666667,0,0,0.397959184,0.5,0.2,0.333333333,0.428571429,0,1,1,0.780487805
0,0.410958904,0.007181444,0.533333333,0,0,0.397959184,0.5,0.733333333,0,0.571428571,0.2,1,0,0.951219512
0,0.246575342,0.058598282,0.6,0,0,0.397959184,0.5,1,0,0.071428571,0.8,1,0,0.951219512
0,0.657534247,0.220572148,0.6,0,0,0.397959184,0.625,1,0.333333333,0.857142857,0,1,1,0.951219512
1,0.452054795,0.093845201,0.866666667,0,0.453856749,0.397959184,0.5,0.8,0.333333333,0.714285714,0,1,1,0.951219512
0,0,0.071383485,0.333333333,0,0,0.193877551,0.5,0,0.666666667,0.571428571,0.6,1,1,0.951219512
1,0.178082192,0.067065147,0.8,0,0,0.448979592,0.5,0.6,0.333333333,0.285714286,0,1,1,0.951219512
1,0.315068493,0.11929383,0.4,0.150241502,0,0.193877551,0.625,0.066666667,0.333333333,0.285714286,0,1,1,0.951219512
0,0.205479452,0.133377308,0.533333333,0,0,0.397959184,0.5,0.733333333,0.666666667,0.428571429,0.6,1,0,0.951219512
0,0.054794521,0.047737828,0.6,0,0,0.37755102,0.875,1,0.666666667,0.285714286,0.2,1,0,0.951219512
0,0.01369863,0.070058148,0.466666667,0,0,0.295918367,0.5,0.133333333,0.666666667,0.071428571,0.2,1,0,0.951219512
0,0.479452055,0.043160377,0.8,0,0,0.397959184,0.25,0.6,0.666666667,0.714285714,0.2,0.5,0,0.951219512
0,0.04109589,0.153168055,0.6,0,0,0.295918367,0.5,1,0.666666667,0.857142857,0.2,1,0,0.951219512
0,0.506849315,0.056182367,0.6,0,0,0.5,0,1,0,0,0.6,1,1,0.951219512
0,0,0.055616106,0.333333333,0,0,0.295918367,0,0,0.666666667,0,0.6,1,0,0.951219512
0,0.082191781,0.119866181,0.533333333,0,0,0.551020408,0.5,0.733333333,0.666666667,0.857142857,0.4,1,1,0.951219512
1,0.465753425,0.090982095,0.8,0,0,0.397959184,0.5,0.6,0.333333333,0.714285714,0,1,1,0.951219512
0,0.369863014,0.145977816,0.2,0,0,0.397959184,0.5,0.333333333,0.333333333,0.5,1,1,0,0.146341463
0,0,0.213002371,0.4,0,0,0.193877551,0.5,0.066666667,0.666666667,1,0.6,1,1,0.951219512
0,0.260273973,0.174165745,0.866666667,0,0,0.397959184,0.5,0.8,0.333333333,0.571428571,0,1,1,0.951219512
0,0.205479452,0.147046069,0.733333333,0.050130501,0,0.602040816,0.5,0.466666667,0.333333333,0.428571429,0,1,1,0.951219512
0,0.232876712,0.072051904,0.8,0,0,0.193877551,0.5,0.6,0.666666667,0.857142857,0.2,1,1,0.951219512
0,0.109589041,0.053085856,0.8,0,0,0.397959184,0.5,0.6,0.333333333,0.071428571,1,1,0,0.951219512
0,0.219178082,0.199818688,0.666666667,0,0,0.397959184,0.5,0.533333333,0.666666667,0.285714286,0.8,0.5,0,0.951219512
0,0.493150685,0.145828302,0.6,0,0,0.397959184,0.125,1,0,0.357142857,0.2,1,1,0.951219512
0,0.054794521,0.22600136,0.6,0,0,0.397959184,0.5,1,0.666666667,0.714285714,0.2,1,0,0.951219512
0,0.410958904,0.099846088,1,0,0,0.5,0.75,0.666666667,0.333333333,0.214285714,0,1,1,0.951219512
1,0.424657534,0.060221295,0.533333333,0,0,0.397959184,0.5,0.733333333,0.333333333,0.214285714,0,1,1,0.951219512
0,0.575342466,0.00809071,0.6,0,0,0.397959184,0.5,1,0,0.571428571,0.2,1,0,0.951219512
0,0.465753425,0.051237556,0.8,0,0,0.397959184,0.875,0.6,0.333333333,0.714285714,0,0.5,1,0.951219512
0,0.068493151,0.097859774,0.533333333,0,0,0.244897959,0.5,0.733333333,0.666666667,0.428571429,0.6,0.5,1,0.951219512
0,0.369863014,0.11245742,0.6,0,0.518365473,0.602040816,0.625,1,0.666666667,0.857142857,0.2,1,1,0.951219512
0,0.01369863,0.019769098,0.4,0,0,0.295918367,0.5,0.066666667,0.666666667,0.571428571,0.2,1,0,0.951219512
0,0.082191781,0.121523021,0.6,0,0,0.397959184,0,1,0.666666667,0,0.4,1,1,0.951219512
0,0.02739726,0.227710293,0.533333333,0,0,0.142857143,0.5,0.733333333,0.666666667,0.857142857,0.4,0.5,0,0.951219512
1,0.342465753,0.06110553,0.8,0,0,0.397959184,0.5,0.6,0.333333333,0.928571429,0,1,1,0.951219512
0,0.506849315,0.145825595,0.466666667,0,0,0.397959184,0.5,0.133333333,0.333333333,0.214285714,0,1,1,0.951219512
1,0.260273973,0.082593032,0.8,0,0,0.316326531,0.5,0.6,0.333333333,0.928571429,1,1,0,0.951219512
0,0.452054795,0.127645684,0.6,0,0,0.5,0.5,1,0.333333333,0.857142857,0,1,1,0.951219512
0,0.082191781,0.121019001,0.6,0,0,0.142857143,0.875,1,0.666666667,0.785714286,0.2,1,1,0.951219512
0,0.712328767,0.054506584,0.533333333,0,0,0.040816327,0,0.733333333,0.333333333,0,0,1,1,0.951219512
1,0.479452055,0.184263741,0.533333333,0,0,1,0.75,0.733333333,0,0.285714286,0.8,1,0,0.951219512
0,0.301369863,0.11924309,0.533333333,0,0,0.448979592,0.5,0.733333333,0,0.285714286,0.2,1,1,0.951219512
0,0.01369863,0.049972431,0.533333333,0,0,0.142857143,0.5,0.733333333,0.666666667,0.285714286,0.6,0.25,0,0.951219512
0,0.589041096,0.079264469,0.533333333,0,0,0.346938776,0.875,0.733333333,1,0.071428571,0.2,1,0,0.951219512
0,0.109589041,0.065034859,0.533333333,0,0,0.397959184,0.5,0.733333333,0.333333333,0.5,0,1,1,0.951219512
1,0.328767123,0.054426076,0.533333333,0,0,0.397959184,0.5,0.733333333,0.333333333,0.214285714,0,1,1,0.951219512
0,0.397260274,0.090595116,0.733333333,0,0,0.357142857,0.5,0.466666667,0,0.928571429,0.2,0.5,0,0.951219512
0,0.109589041,0.128410848,0.866666667,0,0,0.602040816,0.5,0.8,0.666666667,0.714285714,0.6,1,0,0.951219512
0,0.630136986,0.130545323,0.533333333,0,0,0.397959184,0.5,0.733333333,0.333333333,0.5,0,0.5,1,0.951219512
1,0.232876712,0.194403007,0.866666667,0,0.436639118,0.5,0.5,0.8,0.333333333,0.285714286,0,1,1,0.951219512
0,0.698630137,0.108007834,0.2,0,0,0.397959184,0.5,0.333333333,0.333333333,0.214285714,0,1,1,0.951219512
0,0.424657534,0.039441451,0.533333333,0,0,0.397959184,0.5,0.733333333,0.333333333,0.5,0,1,1,0.951219512
0,0.246575342,0.063720347,0.8,0,0,0.346938776,0.5,0.6,0.666666667,0.214285714,0.2,1,1,0.951219512
0,0.136986301,0.173916779,0.8,0,0,0.244897959,0.5,0.6,0.333333333,0.857142857,0,1,1,0
0,0.191780822,0.182589311,0.6,0,0,0.397959184,0.5,1,0.333333333,0.214285714,0,1,1,0.634146341
0,0.01369863,0.06979024,0.4,0,0,0.244897959,0.5,0.066666667,0.666666667,0.428571429,0.2,1,1,0.951219512
0,0.356164384,0.212714166,0.133333333,0,0,0.397959184,0.5,0.266666667,0.833333333,0.214285714,0.2,0.75,1,0.634146341
1,0.657534247,0.052653549,0.8,0,0,0.602040816,0.5,0.6,0.333333333,0.285714286,0,1,1,0.951219512
0,0.054794521,0.068209172,0.533333333,0,0,0.183673469,0.5,0.733333333,0.666666667,0.857142857,0.4,1,0,0.951219512
1,0.205479452,0.191665736,0.866666667,0,0.453856749,0.397959184,0.5,0.8,0.333333333,0.285714286,0,0.5,1,0.951219512
0,0.01369863,0.180843845,0.4,0,0,0.010204082,0.5,0.066666667,0.666666667,0.714285714,0.6,1,0,0.951219512
0,0.123287671,0.139845682,0.8,0,0,0.295918367,0.75,0.6,0.666666667,0.714285714,0.6,1,1,0.951219512
0,0.712328767,0.072810302,0.866666667,0,0,0.397959184,0.5,0.8,0,0.714285714,0.2,1,0,0.951219512
1,0.630136986,0.148039902,0.6,0,0,0.346938776,0.75,1,0.333333333,0.5,0,1,1,0.951219512
0,0.493150685,0.1262006,0.8,0,0,0.397959184,0.5,0.6,0.666666667,0.285714286,0.8,1,0,0.951219512
1,0.219178082,0.115909114,0.533333333,0,0,0.397959184,0.5,0.733333333,0.333333333,0.5,0,1,1,0.951219512
1,0.287671233,0.154837749,0.866666667,0,0,0.479591837,0.5,0.8,0.333333333,0.285714286,0,1,1,0.951219512
0,0.547945205,0.109645055,0.533333333,0,0,0.397959184,0.5,0.733333333,0.666666667,0.285714286,0.2,1,1,0.951219512
1,0.589041096,0.088091251,0.6,0.150241502,0,0.397959184,0.5,1,0.333333333,0.285714286,0,1,1,0.951219512
0,0.287671233,0.074870359,0.533333333,0,0,0.346938776,0.5,0.733333333,0.833333333,0.214285714,0.8,1,0,0.951219512
0,0.191780822,0.258042845,0.533333333,0,0,0.357142857,0.5,0.733333333,0.666666667,0.714285714,0.6,1,0,0.951219512
0,0.232876712,0.124461223,0.6,0,0,0.397959184,0.5,1,0,0.071428571,0.8,1,0,0.951219512
0,0.479452055,0.033454772,0.4,0,0,0.397959184,0.5,0.066666667,0.333333333,0.571428571,0,1,1,0.951219512
0,0.068493151,0.179780328,0.533333333,0,0,0.397959184,0.5,0.733333333,0.666666667,1,0.2,1,1,0.951219512
1,0.328767123,0.089618873,0.6,0,0,0.397959184,0.5,1,0.333333333,0.285714286,0,0,1,0.951219512
0,0.205479452,0.280185236,0.6,0,0,0.397959184,0.5,1,0,0.857142857,0.2,1,1,0.951219512
0,0.315068493,0.175480257,0.6,0,0,0.5,0.5,1,0.333333333,0.928571429,0,1,1,0.951219512
0,0.054794521,0.199598813,0.6,0,0,0.397959184,0.5,1,0.666666667,0.071428571,0.8,1,1,0.951219512
0,0.369863014,0.129946587,0.866666667,0,0,0.397959184,0.875,0.8,0.666666667,0.285714286,0.2,1,0,0.951219512
0,0.328767123,0.051835615,0.8,0,0,0.397959184,0.25,0.6,0.833333333,0.714285714,0.8,0.5,0,0.951219512
0,0.136986301,0.293072596,0.466666667,0,0,0.397959184,0.5,0.133333333,0.666666667,0.214285714,0.6,1,1,0.951219512
1,0.575342466,0.111619191,0.933333333,1,0,0.846938776,0.625,0.933333333,0.333333333,0.285714286,0,1,1,0.951219512
0,0.493150685,0.124478136,0.6,0,0,0.397959184,0.5,1,1,0.857142857,0.2,1,0,0.951219512
1,0.452054795,0.082511848,0.6,0,0,0.5,0.5,1,0.333333333,0.214285714,0,1,1,0.951219512
0,0.150684932,0.177451687,0.533333333,0,0,0.602040816,0.5,0.733333333,0.333333333,1,0,1,1,0.951219512
0,0.219178082,0.123546544,0.533333333,0,0,0.448979592,0.5,0.733333333,0.666666667,0.214285714,0.2,1,1,0.951219512
0,0.095890411,0.10808496,0.733333333,0,0,0.397959184,0.75,0.466666667,0.666666667,0.214285714,0.6,1,1,0.951219512
1,0.082191781,0.088435609,0.866666667,0,0.433195592,0.5,0.5,0.8,0.333333333,0.714285714,0,0.25,1,0.463414634
0,0.191780822,0.071186613,0.533333333,0,0,0.448979592,0.5,0.733333333,0.666666667,0.214285714,0.2,1,1,0.951219512
0,0.356164384,0.026534471,0.466666667,0,0,0.397959184,0.5,0.133333333,0.333333333,1,0,1,1,0.951219512
0,0.082191781,0.102414224,0.533333333,0,0,0.316326531,0.5,0.733333333,0.666666667,0.285714286,0.2,1,0,0.951219512
1,0.273972603,0.181433109,0.6,0,0,0.806122449,0.5,1,0.333333333,0.285714286,0,0.5,1,0.951219512
0,0.520547945,0.197826286,0.933333333,0,0,0.551020408,0.625,0.933333333,0.333333333,0.714285714,0,1,1,0.951219512
0,0.191780822,0.07247474,0.533333333,0,0,0.5,0.75,0.733333333,0.666666667,0.214285714,0.6,1,1,0.951219512
0,0.342465753,0.14459971,0.533333333,0,0,0.602040816,0.25,0.733333333,0.833333333,0.571428571,0.2,0.5,0,0
0,0.054794521,0.274256739,0.6,0,0,0.193877551,0.5,1,0.666666667,0.571428571,0.6,1,1,0.951219512
0,0.150684932,0.147794996,0.733333333,0,0,0.397959184,0.5,0.466666667,0,0.071428571,0.2,1,0,0.951219512
0,0.315068493,0.15533974,0.533333333,0,0,0.397959184,0.125,0.733333333,0.333333333,0.071428571,0,1,1,0.951219512
0,0.205479452,0.191274021,0.6,0,0,0.397959184,0.75,1,0.833333333,0.571428571,0.8,1,0,0.951219512
0,0.273972603,0.129079266,0.8,0,0,0.551020408,0.5,0.6,1,0.285714286,0.2,1,0,0.951219512
0,0.082191781,0.032557683,0.533333333,0,0,0.397959184,0.5,0.733333333,0.666666667,0.285714286,0.2,1,0,0.951219512
0,0.452054795,0.052261833,0.533333333,0,0,0.397959184,0.5,0.733333333,0.333333333,0.5,0,1,1,0.951219512
0,0.068493151,0.14644801,0.533333333,0,0,0.397959184,0.5,0.733333333,0.666666667,0.428571429,0.2,1,1,0.951219512
0,0.479452055,0.147736813,0.533333333,0.037810378,0,0.397959184,0.5,0.733333333,0.333333333,0.5,0,0.75,1,0.097560976
1,0.301369863,0.030718855,0.533333333,0.07298073,0,0.397959184,0.5,0.733333333,0.333333333,0.428571429,0,1,1,0.951219512
0,0.068493151,0.134525392,0.666666667,0,0,0.091836735,0.25,0.533333333,0.666666667,0.071428571,0.6,1,0,0
0,0.054794521,0.128601631,0.666666667,0,0,0.397959184,0.5,0.533333333,0.666666667,0.214285714,0.6,0.5,1,0.951219512
1,0.547945205,0.09927712,0.933333333,1,0,0.602040816,0.625,0.933333333,0.333333333,0.714285714,0,1,1,0.951219512
0,0.397260274,0.086933019,0.533333333,0,0,0.357142857,0,0.733333333,0.833333333,0,0.6,1,0,0.951219512
0,0.356164384,0.116743961,0.533333333,0,0,0.602040816,0.5,0.733333333,1,0.5,0.8,1,0,0.951219512
0,0.301369863,0.104465485,0.533333333,0,0,0.346938776,0.5,0.733333333,0.666666667,0.5,0.6,1,0,0.951219512
0,0.424657534,0.038766266,0.6,0,0,0.397959184,0.5,1,0,0.071428571,0.2,0.5,1,0.951219512
0,0.520547945,0.117848747,0.533333333,0,0,0.397959184,0.5,0.733333333,0.333333333,0.285714286,0,1,1,0.951219512
0,0.410958904,0.092414325,0.533333333,0,0,0.602040816,0.5,0.733333333,0.333333333,1,0,1,1,0.951219512
0,0.287671233,0.155788961,0.533333333,0,0,0.37755102,0.5,0.733333333,0.666666667,0.071428571,0.2,1,0,0.951219512
0,0.150684932,0.247331229,0.6,0.040640406,0,0.244897959,0.5,1,0.333333333,0.857142857,1,1,0,0.951219512
1,0.095890411,0.150723049,0.4,0,0,0.5,0.5,0.066666667,0.333333333,0.214285714,0,1,1,0.951219512
0,0.301369863,0.030013226,0.533333333,0,0,0.469387755,0.5,0.733333333,0.833333333,0.857142857,0.2,1,0,0.951219512
0,0.506849315,0.140564164,0.8,0,0,0.397959184,0.5,0.6,1,0.857142857,0.8,1,0,0.951219512
0,0,0.024670611,0.4,0,0,0.397959184,0,0.066666667,0.666666667,0,0.6,0.5,0,0.951219512
0,0.273972603,0.117091025,0.533333333,0,0,0.397959184,0.5,0.733333333,0.333333333,0.071428571,0,1,1,0.951219512
0,0.547945205,0.082538233,0.6,0,0,0.346938776,0.75,1,0.833333333,0.857142857,0.2,1,1,0.951219512
0,0.04109589,0.107241317,0.6,0,0,0.397959184,0.5,1,0.666666667,0.357142857,0.6,1,0,0.951219512
1,0.438356164,0.175264442,0.8,0.150241502,0,0.602040816,0,0.6,0.333333333,0,0,1,1,0.951219512
0,0.150684932,0.125779117,0.533333333,0,0,0.397959184,0.875,0.733333333,0.333333333,0.785714286,0,0.5,1,0.951219512
0,0.136986301,0.139702256,0.533333333,0,0,0.5,0.5,0.733333333,0.333333333,0.428571429,0,1,1,0.951219512
0,0.246575342,0.034933682,0.133333333,0,0,0.397959184,0.5,0.266666667,0.333333333,0.428571429,0,1,1,0.634146341
0,0.109589041,0.106107441,0.533333333,0,0,0.448979592,0.5,0.733333333,0.333333333,1,0,1,1,0.951219512
1,0.095890411,0.027032403,0.533333333,0,0,0.397959184,0.5,0.733333333,0.333333333,0.857142857,1,1,0,0.951219512
0,0.301369863,0.067567814,0.6,0,0,0.255102041,0.5,1,0.333333333,0.857142857,0,1,1,0
0,0.123287671,0.086697584,0.6,0,0,0.448979592,0.5,1,0,0.857142857,0.2,1,1,0.951219512
0,0.150684932,0.190540655,0.533333333,0,0.399449036,0.295918367,0.5,0.733333333,0.333333333,0.214285714,0,1,1,0.951219512
0,0.397260274,0.057077426,0.666666667,0,0,0.397959184,0.875,0.533333333,0.833333333,0.071428571,0.8,0.5,0,0.951219512
0,0.246575342,0.064055909,0.866666667,0,0,0.397959184,0.5,0.8,0.666666667,0.857142857,0.2,1,0,0.951219512
0,0.109589041,0.094546094,0.733333333,0,0,0.397959184,0.875,0.466666667,0.666666667,0.071428571,0.6,1,0,0.951219512
0,0.410958904,0.20554287,0.533333333,0,0,0.397959184,0.5,0.733333333,0,0.071428571,0.2,1,0,0.951219512
0,0.191780822,0.097830683,0.2,0,0,0.397959184,0.75,0.333333333,0.333333333,0.214285714,0,1,1,0.951219512
1,0.506849315,0.233615788,0.8,0.07298073,0,0.551020408,0.625,0.6,0.333333333,0.285714286,0,1,1,0.951219512
0,0.068493151,0.145670668,0.6,0,0,0.295918367,0.5,1,0.666666667,0.714285714,0.8,1,0,0.951219512
0,0.150684932,0.11592738,0.533333333,0,0,0.397959184,0.5,0.733333333,0.666666667,0.428571429,0.8,1,1,0.951219512
0,0.506849315,0.165502008,0.533333333,0,0,0.448979592,0.5,0.733333333,0.333333333,0.285714286,0,1,1,0.951219512
0,0.575342466,0.075672055,0.533333333,0.02202022,0,0.397959184,0.5,0.733333333,0,0.857142857,0.2,1,1,0.951219512
0,0.01369863,0.123316521,0.6,0,0,0.367346939,0.5,1,0.666666667,0.571428571,0.6,1,1,0.951219512
0,0.315068493,0.124309678,0.533333333,0,0,0.448979592,0.5,0.733333333,0,1,0.8,1,1,0.951219512
1,0.356164384,0.048973185,0.866666667,0,0,0.37755102,0.5,0.8,0,0.285714286,0.2,1,0,0.951219512
1,0.287671233,0.02491687,0.533333333,0,0,0.397959184,0.5,0.733333333,0.333333333,0.5,0,1,1,0.951219512
1,0.561643836,0.059379006,0.866666667,0,0,0.397959184,0.25,0.8,0.333333333,0.714285714,0,1,1,0.951219512
0,0.219178082,0.100459707,0.666666667,0,0,0.397959184,0,0.533333333,0,0,0.2,1,0,0.243902439
1,0.561643836,0.044529012,0.6,0.07298073,0,0.602040816,0.625,1,0.333333333,0.285714286,0,1,1,0.951219512
0,0.01369863,0.124331327,0.6,0,0,0.326530612,0,1,0.666666667,0,0.6,1,1,0.951219512
1,0.301369863,0.114807035,1,0,0.587465565,0.602040816,0.5,0.666666667,0,0.285714286,0.2,1,0,0.219512195
0,0.287671233,0.162624018,0.8,0,0,0.397959184,0.5,0.6,0,0.285714286,0.2,1,1,0.951219512
1,0.493150685,0.166051356,0.533333333,0,0,0.5,0.75,0.733333333,0.333333333,0.214285714,0,1,1,0.951219512
0,0.01369863,0.010721087,0.466666667,0,0,0.397959184,0,0.133333333,0.666666667,0,0.6,1,0,0.951219512
0,0.191780822,0.223558383,0.733333333,0,0,0.448979592,0.5,0.466666667,0.833333333,1,0.2,1,1,0.951219512
1,0.273972603,0.111413523,0.6,0,0,0.5,0.5,1,0.333333333,0.214285714,0,1,1,0.951219512
0,0.01369863,0.154280959,0.466666667,0,0,0.173469388,0.5,0.133333333,0.666666667,0.571428571,0.6,1,1,0.951219512
0,0.232876712,0.105346336,0.533333333,0,0,0.326530612,0.25,0.733333333,0,0.071428571,0.8,1,0,0.951219512
0,0.01369863,0.102009654,0.6,0,0,0.397959184,0.5,1,0.666666667,0.785714286,0.6,1,0,0.951219512
0,0.054794521,0.11153327,0.6,0,0,0.214285714,0,1,0.666666667,0,0.6,0.25,1,0.463414634
0,0.506849315,0.119275564,0.133333333,0,0.459366391,0.346938776,0.25,0.266666667,0.666666667,0.5,0.2,1,1,0.951219512
0,0,0.06502674,0.333333333,0,0,0.193877551,0.5,0,0.666666667,0.857142857,0.6,1,0,0.951219512
1,0.424657534,0.239361619,1,0,0,0.448979592,0.5,0.666666667,0.333333333,0.714285714,0,1,1,0.951219512
0,0.109589041,0.124285999,0.066666667,0,0,0.397959184,0.5,0.2,0.666666667,0.642857143,0.2,1,0,0.317073171
0,0.479452055,0.083505681,0.533333333,0,0,0.704081633,0.75,0.733333333,0.333333333,0.357142857,0,1,1,0.951219512
0,0.493150685,0.081197336,0.6,0,0,0.397959184,0.25,1,0,0.071428571,0.2,1,0,0.951219512
0,0.054794521,0.170051721,0.533333333,0,0,0.397959184,0.5,0.733333333,0,0.857142857,0.4,1,0,0.951219512
0,0.273972603,0.145349313,0.133333333,0,0,0.397959184,0.5,0.266666667,0.333333333,0.214285714,0,1,1,0.951219512
0,0.438356164,0.164521028,0.6,0,0,0.428571429,0.5,1,0,0.071428571,0.2,1,0,0.951219512
1,0.260273973,0.070054766,0.666666667,0.07298073,0,0.551020408,0.5,0.533333333,0.333333333,0.285714286,1,1,0,0.951219512
0,0.191780822,0.132939589,0.4,0,0,0.295918367,0.5,0.066666667,0.666666667,0.214285714,0.2,1,1,0.951219512
0,0.04109589,0.165223274,0.6,0,0,0.051020408,0.5,1,0.666666667,0.857142857,0.6,1,0,0.951219512
0,0.054794521,0.097693346,0.6,0,0,0.295918367,0.5,1,0.666666667,0.857142857,0.6,0.25,1,0.463414634
1,0.424657534,0.121094773,1,0,0.436639118,0.602040816,0.75,0.666666667,0.333333333,0.714285714,0,1,1,0.951219512
0,0.246575342,0.119535354,0.533333333,0,0,0.295918367,0.5,0.733333333,1,0.285714286,0.8,1,0,0.951219512
0,0.547945205,0.066389963,0.6,0,0,0.755102041,0.75,1,0.333333333,0.357142857,0,1,1,0.951219512
1,0.356164384,0.169099157,0.8,0,0,0.397959184,0.125,0.6,0,0.285714286,0.2,1,1,0.951219512
0,0.164383562,0.311247095,0.133333333,0,0,0.397959184,0.5,0.266666667,0.333333333,0.428571429,0.2,1,1,0.634146341
1,0.602739726,0.058226187,1,0,0,0.397959184,0.625,0.666666667,0.333333333,0.285714286,0,0.25,1,0.87804878
0,0.575342466,0.08180419,0.133333333,0,0,0.397959184,0.625,0.266666667,0.333333333,0.357142857,0,1,1,0.536585366
0,0.082191781,0.108210119,0.6,0,0,0.397959184,0,1,0.666666667,0,0.6,1,1,0.951219512
0,0.164383562,0.090472663,0.533333333,0,0,0.5,0.5,0.733333333,0,0.214285714,0.2,1,1,0.951219512
0,0.054794521,0.074019275,0.2,0,0,0.397959184,0,0.333333333,0.666666667,0,0.6,1,1,0.951219512
0,0.068493151,0.134446914,0.6,0,0,0.397959184,0,1,0.666666667,0,0.6,1,0,0.634146341
0,0.273972603,0.114918663,0.8,0,0,0.387755102,0.5,0.6,0.666666667,0.571428571,0.2,1,1,0.951219512
0,0.232876712,0.172562351,0.4,0,0,0.295918367,0,0.066666667,0.666666667,0,0.2,1,1,0.951219512
0,0.369863014,0.155993275,0.533333333,0,0,0.397959184,0.5,0.733333333,0.333333333,1,0,1,1,0.951219512
0,0.465753425,0.091732375,0.6,0,0,0.397959184,0.5,1,0.666666667,0.071428571,0.6,1,0,0.951219512
0,0.150684932,0.095165802,0.533333333,0,0,0.397959184,0.5,0.733333333,0,0.428571429,0.2,1,1,0.951219512
0,0.082191781,0.300639666,0.533333333,0,0,0.397959184,0.25,0.733333333,0.666666667,0.571428571,0.6,0.5,1,0.951219512
0,0.397260274,0.100954932,0.333333333,0,0,0.397959184,0.5,0,0.666666667,0.5,0.2,0.5,1,0.951219512
0,0.808219178,0.047589667,0.2,0,0,0.448979592,0.5,0.333333333,0.333333333,0.571428571,0,1,1,0.951219512
0,0.109589041,0.114664285,0.6,0,0,0.397959184,0.5,1,0.333333333,0.214285714,0,1,1,0.951219512
0,0.191780822,0.328784973,0.533333333,0,0,0.397959184,0.25,0.733333333,0.833333333,0.571428571,0.6,0.5,1,0.951219512
1,0.383561644,0.03138998,0.8,0.051780518,0,0.479591837,0.75,0.6,0.333333333,0.857142857,0,1,1,0.951219512
0,0.328767123,0.064473333,0.533333333,0,0,0.397959184,0.5,0.733333333,0.333333333,0.5,0,1,1,0.951219512
0,0.054794521,0.12906303,0.6,0,0,0.397959184,0.5,1,0.666666667,0.5,0.8,1,1,0.951219512
1,0.383561644,0.128145645,0.666666667,0,0,0.397959184,0.5,0.533333333,0.333333333,0.5,0,1,1,0.951219512
0,0.246575342,0.028329325,0.533333333,0,0,0.37755102,0.5,0.733333333,0.333333333,0.214285714,0,1,1,0.951219512
0,0.260273973,0.140354438,0.533333333,0,0,0.397959184,0.5,0.733333333,0.833333333,0.214285714,0.2,1,1,0.951219512
1,0.191780822,0.131256364,0.533333333,0,0,0.397959184,0.25,0.733333333,0.333333333,0.785714286,0,1,1,0.951219512
0,0.630136986,0.103841717,0.533333333,0,0,0.204081633,0.5,0.733333333,0.333333333,0.857142857,0,1,1,0.951219512
0,0.438356164,0.009618331,0.8,0.06497065,0,0.448979592,0.625,0.6,0,0.714285714,0.8,1,1,0.951219512
1,0.301369863,0.013141061,0.6,0,0,0.193877551,0.625,1,0.333333333,0.071428571,1,1,0,0.951219512
0,0,0.106128414,0.466666667,0,0,0.346938776,0.5,0.133333333,0.666666667,0.571428571,0.6,1,1,0.951219512
0,0.315068493,0.106696705,0.533333333,0,0,0.397959184,0.5,0.733333333,0,0.214285714,0.8,1,1,0.951219512
1,0.150684932,0.016963497,0.666666667,1,0,0.5,0.5,0.533333333,0.333333333,0.714285714,0,1,1,0.951219512
0,0.465753425,0.076794431,0.6,0,0,0.346938776,0.5,1,0.333333333,0.071428571,1,0.5,0,0.56097561
0,0.575342466,0.135417745,0.533333333,0,0,0.397959184,0.125,0.733333333,1,0.857142857,0.8,1,0,0.268292683
0,0.04109589,0.105458642,0.6,0,0,0.397959184,0.625,1,0.333333333,0.5,0,1,1,0.951219512
0,0.438356164,0.066224211,0.533333333,0,0,0.397959184,0.25,0.733333333,0.333333333,1,0,1,1,0.951219512
0,0.123287671,0.017571028,0.533333333,0,0,0.193877551,0.5,0.733333333,0.666666667,0.571428571,0.8,1,0,0.951219512
0,0.150684932,0.039114007,0.8,0,0,0.193877551,0.875,0.6,0.666666667,0.714285714,0.2,1,1,0.951219512
0,0.383561644,0.151278486,0.6,0,0,0.316326531,0.5,1,0,0.571428571,0.2,1,0,0.951219512
0,0.438356164,0.07977796,0.533333333,0,0,0.397959184,0.75,0.733333333,0,0.571428571,0.2,1,0,0.951219512
0,0.767123288,0.066640282,1,0.014090141,0,0.010204082,0.75,0.666666667,0.333333333,0.285714286,0,1,1,0.951219512
0,0.534246575,0.102865474,0.533333333,0,0,0.142857143,0.5,0.733333333,0.333333333,0.857142857,1,1,0,0.951219512
0,0.383561644,0.176514683,0.533333333,0.033250333,0,0.397959184,0.125,0.733333333,0.666666667,1,0.2,0.5,1,0.951219512
0,0.150684932,0.016924935,0.533333333,0,0,0.397959184,0.5,0.733333333,0,0.285714286,0.6,1,1,0.951219512
0,0.150684932,0.125578862,0.6,0,0,0.602040816,0.5,1,1,0.214285714,0.6,1,1,0.951219512
0,0.246575342,0.192267178,0.6,0,0,0.397959184,0.5,1,0.333333333,0.857142857,0,1,1,0.951219512
0,0.246575342,0.272790006,0.533333333,0,0,0.397959184,0.5,0.733333333,0.333333333,0.214285714,0,0.5,1,0.951219512
0,0.150684932,0.101489397,0.533333333,0,0,0.397959184,0.5,0.733333333,0.666666667,0.214285714,0.6,1,1,0.951219512
0,0.246575342,0.269092053,0.6,0,0,0.5,0.5,1,0,0.857142857,0.2,1,1,0.951219512
0,0.547945205,0.114162971,0.533333333,0,0,0.602040816,0.75,0.733333333,0.333333333,0.357142857,0,1,1,0.951219512
0,0.287671233,0.180391242,0.8,0,0,0.397959184,0.5,0.6,0.666666667,0.357142857,0.2,1,1,0.951219512
0,0.794520548,0.078437063,0.133333333,0,0,0.244897959,0,0.266666667,0.333333333,0,0,1,1,0.951219512
0,0.753424658,0.132333411,0.2,0,0,0.5,0.75,0.333333333,0.333333333,0.357142857,0,1,1,0.951219512
0,0.191780822,0.252804416,0.8,0,0,0.5,0.5,0.6,0.666666667,0.071428571,0.2,1,1,0.951219512
0,0.369863014,0.064473333,0.866666667,0.039080391,0,0.5,0.5,0.8,0.333333333,0.071428571,0,1,1,0.951219512
1,0.205479452,0.222331821,0.866666667,0,0.424242424,0.602040816,0.5,0.8,0.333333333,0.714285714,0,1,1,0
0,0.424657534,0.065716132,0.8,0,0,0.551020408,0.5,0.6,0.333333333,0.714285714,0,1,1,0.951219512
0,0,0.094963518,0.4,0,0,0.244897959,0.5,0.066666667,0.666666667,0.428571429,0.6,1,1,0.951219512
0,0.452054795,0.038603221,0.733333333,0,0,0.602040816,0.125,0.466666667,0.333333333,0.285714286,0,1,1,0.951219512
1,0.246575342,0.081586345,0.666666667,0.150241502,0,0.397959184,0.5,0.533333333,0.333333333,0.071428571,0,1,1,0.536585366
0,0.136986301,0.141315797,0.266666667,0,0,0.397959184,0.5,0.4,0.666666667,0.357142857,0.6,1,1,0.951219512
0,0.082191781,0.181209852,0.533333333,0,0,0.397959184,0,0.733333333,0.666666667,0,0.6,1,1,0.951219512
0,0.397260274,0.122148818,0.6,0,0,0.479591837,0.5,1,0.333333333,1,0,1,1,0.951219512
0,0.821917808,0.08553394,0.6,0,0,0.397959184,0.75,1,0.333333333,0.857142857,0,1,1,0.951219512
0,0.164383562,0.276554937,0.533333333,0,0,0.479591837,0.5,0.733333333,0.666666667,0.5,0.2,1,1,0.951219512
0,0.287671233,0.152973213,0.8,0,0,0.234693878,0.5,0.6,0,0.642857143,0.8,1,0,0.951219512
0,0.082191781,0.116421929,0.533333333,0,0,0.397959184,0.75,0.733333333,0,0.571428571,0.2,1,0,0.951219512
1,0.315068493,0.116242647,0.666666667,0,0,0.397959184,0.5,0.533333333,0.333333333,0.214285714,0,1,1,0.951219512
0,0.561643836,0.189494052,0.8,0,0,0.397959184,0.25,0.6,0.333333333,0.285714286,0,1,1,0.951219512
0,0.095890411,0.067938557,0.666666667,0,0,0.397959184,0.5,0.533333333,0.666666667,0.928571429,0.6,1,1,0.951219512
0,0.191780822,0.131467443,0.333333333,0,0.506198347,0.602040816,0.75,0,0.666666667,1,0.2,1,1,0.951219512
0,0.164383562,0.125116787,0.8,0,0,0.397959184,0.5,0.6,0.666666667,0.285714286,0.2,1,0,0.951219512
1,0.561643836,0.108471262,0.933333333,0,0,0.448979592,0.5,0.933333333,0.333333333,0.714285714,0,1,1,0.951219512
0,0.082191781,0.11664451,0.533333333,0,0,0.397959184,0,0.733333333,0.666666667,0,0.8,0.5,0,0.951219512
1,0.547945205,0.126839251,0.533333333,0,0.436639118,0.295918367,0.625,0.733333333,0.333333333,0.857142857,0,1,1,0.951219512
0,0.301369863,0.131656197,0.6,0,0,0.397959184,0.5,1,0,0.071428571,0.2,1,0,0.951219512
0,0.726027397,0.102002889,0.533333333,0.020090201,0,0.397959184,0,0.733333333,1,0,0.2,1,0,0.951219512
0,0.205479452,0.156945163,0.4,0,0.383838384,0.479591837,0.5,0.066666667,0.333333333,0.214285714,0,1,1,0.951219512
0,0.643835616,0.025814636,0.266666667,0,0,0.397959184,0.25,0.4,0.666666667,0.071428571,0.4,1,1,0.951219512
0,0.520547945,0.00976311,0.333333333,0,0,0.602040816,0.5,0,0.666666667,1,0.2,1,1,0.951219512
0,0.02739726,0.098314407,0.533333333,0,0,0.397959184,0.5,0.733333333,0,0.571428571,0.2,1,0,0.951219512
0,0.232876712,0.059440571,0.6,0,0,0.193877551,0.5,1,0.333333333,0.071428571,1,1,0,0.951219512
0,0.109589041,0.081920554,0.533333333,0,0,0.397959184,0.5,0.733333333,0.833333333,0.214285714,0.2,1,1,0.951219512
0,0.369863014,0.074484056,0.6,0,0,0.397959184,0.5,1,0.333333333,0.571428571,0,1,1,0.951219512
0,0.246575342,0.066471824,0.533333333,0,0,0.704081633,0.5,0.733333333,0,0.357142857,0.2,1,1,0.951219512
0,0.191780822,0.025463513,0.533333333,0,0,0.397959184,0.625,0.733333333,0.333333333,0.285714286,0,1,1,0.951219512
0,0.136986301,0.123403795,0.266666667,0,0,0.5,0.5,0.4,0.666666667,0.571428571,0.6,1,1,0.634146341
0,0.123287671,0.276890499,0.4,0,0,0.244897959,0.5,0.066666667,0.333333333,0.571428571,0.4,1,1,0.951219512
1,0.315068493,0.095450625,0.6,0,0,0.5,0.5,1,0.333333333,0.857142857,0,1,1,0.951219512
0,0.780821918,0.039204663,0.533333333,0,0,0.255102041,0.5,0.733333333,1,0.857142857,0.8,1,0,0.951219512
0,0.342465753,0.117990819,0.533333333,0,0,0.602040816,0.5,0.733333333,0.333333333,0.571428571,1,0.5,0,0.951219512
0,0.219178082,0.130092719,0.533333333,0,0,0.397959184,0.5,0.733333333,0.333333333,0.5,0,1,1,0.951219512
0,0.02739726,0.278447888,0.6,0,0,0.346938776,0,1,0.666666667,0,0.6,1,0,0.951219512
0,0.246575342,0.120836335,0.6,0,0,0.602040816,0.5,1,0.333333333,0.714285714,0,1,1,0.951219512
0,0.369863014,0.067803926,0.6,0,0,0.397959184,0.5,1,0.333333333,0.857142857,0,1,1,0.951219512
0,0.150684932,0.198005568,0.733333333,0,0.454545455,0.397959184,0.25,0.466666667,0.666666667,0.071428571,0.2,1,0,0.951219512
0,0.219178082,0.061293607,0.8,0,0,0.193877551,0.75,0.6,0.333333333,0.857142857,0.6,1,1,0.951219512
0,0.164383562,0.015389195,0.533333333,0,0,0.397959184,0.5,0.733333333,0.333333333,0.214285714,0,1,1,0.951219512
0,0.356164384,0.224140882,0.866666667,0,0,0.5,0.5,0.8,0,0.285714286,0.2,1,0,0.951219512
0,0.424657534,0.114961285,0.6,0,0,0.448979592,0.5,1,0.333333333,1,0,1,1,0.951219512
0,0.383561644,0.220429398,0.8,0,0,0.397959184,0.5,0.6,0.333333333,0.071428571,0,0.25,1,0.731707317
0,0.054794521,0.064620141,0.6,0,0,0.020408163,0,1,0.666666667,0,0.6,1,0,0.951219512
0,0.287671233,0.179104468,0.6,0,0,0.397959184,0.5,1,0,0.071428571,0.8,1,0,0.097560976
1,0.178082192,0.145057049,0.8,0,0,0.397959184,0.5,0.6,0.333333333,0.857142857,0,1,1,0.951219512
0,0.164383562,0.013527364,0.533333333,0,0,0.448979592,0.75,0.733333333,0.666666667,0.357142857,0.2,1,1,0.951219512
0,0.616438356,0.105111578,0.666666667,0,0,0.397959184,0.5,0.533333333,0,0.857142857,0.2,1,0,0.951219512
0,0.068493151,0.124479489,0.733333333,0,0,0.397959184,0.5,0.466666667,0.666666667,0.571428571,0.6,1,0,0.951219512
0,0.150684932,0.130606888,0.533333333,0,0,0.397959184,0.5,0.733333333,0.333333333,0.214285714,0,1,1,0.951219512
0,0.273972603,0.121434394,0.6,0,0,0.397959184,0.875,1,0.333333333,0.214285714,0,1,1,0.951219512
0,0.150684932,0.117454325,0.6,0,0,0.469387755,0.5,1,0.666666667,0.428571429,0.2,0,1,0.634146341
0,0.054794521,0.11653897,0.533333333,0,0,0.397959184,0.5,0.733333333,0.666666667,0.857142857,0.2,1,0,0.951219512
0,0.219178082,0.396800655,0.6,0,0,0.397959184,0.5,1,0,0.071428571,0.8,0.5,0,0.951219512
1,0.561643836,0.091618041,0.533333333,0.150241502,0,0.602040816,0.5,0.733333333,0.333333333,0.285714286,0,1,1,0.951219512
0,0.260273973,0.133510586,0.533333333,0,0,0.397959184,0.5,0.733333333,0.333333333,0.5,0,1,1,0.951219512
0,0.493150685,0.083092317,0.8,0,0,0.5,0,0.6,0,0,0.2,1,0,0.951219512
0,0.342465753,0.014119334,0.533333333,0,0,0.857142857,0.5,0.733333333,0.333333333,0.214285714,0,1,1,0.951219512
1,0.205479452,0.097542478,0.533333333,0,0.436639118,0.5,0.5,0.733333333,0.333333333,0.857142857,0,1,1,0.951219512
0,0.794520548,0.108772998,0.8,0,0,0.051020408,0,0.6,0.333333333,0,0,1,1,0.951219512
0,0.671232877,0.095986442,0.733333333,0,0,0.06122449,0.5,0.466666667,0.666666667,0.714285714,0.2,1,1,0
1,0.465753425,0.063503855,0.133333333,0,0,0.43877551,0.5,0.266666667,0.333333333,0.5,0,1,1,0
0,0.602739726,0.04948803,0.533333333,0,0,0.397959184,0.5,0.733333333,0.333333333,1,0,1,1,0.951219512
0,0.232876712,0.152910971,0.6,0,0.373737374,0.112244898,0.5,1,0.333333333,0.571428571,1,1,0,0
0,0.082191781,0.088455228,0.866666667,0,0,0.357142857,0.5,0.8,0.666666667,0.714285714,0.6,1,0,0.951219512
0,0.054794521,0.015107755,0.6,0,0,0.193877551,0.5,1,0.666666667,0.857142857,0.6,1,0,0.951219512
0,0.02739726,0.256487486,0.6,0,0,0.295918367,0.5,1,0.666666667,0.071428571,0.6,1,1,0.951219512
0,0.04109589,0.212662073,0.533333333,0,0,0.397959184,0,0.733333333,0.666666667,0,0.6,1,0,0.951219512
0,0.465753425,0.20706508,0.533333333,0,0.399678604,0.397959184,0.625,0.733333333,0,0.071428571,0.2,1,0,0.951219512
0,0.136986301,0.125587657,0.4,0,0,0.469387755,0.5,0.066666667,0.666666667,0.214285714,0.8,0.5,1,0.951219512
0,0.328767123,0.110517111,0.6,0,0,0.397959184,0.5,1,0.666666667,0.214285714,0.2,1,0,0.951219512
1,0.575342466,0.14953302,0.6,0,0,0.397959184,0.5,1,0.333333333,0.214285714,0,1,1,0.951219512
0,0.287671233,0.10210234,0.533333333,0,0.399449036,0.397959184,0.5,0.733333333,0.333333333,1,0,1,1,0.951219512
0,0.315068493,0.043528413,0.533333333,0,0,0.397959184,0.5,0.733333333,0,0.214285714,0.8,1,1,0.951219512
0,0.698630137,0.0224766,0.133333333,0,0,0.214285714,0.5,0.266666667,0.5,0.857142857,0.2,1,1,0.951219512
0,0.150684932,0.218695433,0.533333333,0,0.373737374,0.5,0.5,0.733333333,0.333333333,0.571428571,1,1,0,0.951219512
0,0.493150685,0.107415864,0.6,0,0,0.397959184,0.5,1,0,0.428571429,0.8,1,0,0.951219512
0,0.534246575,0.061230689,0.533333333,0,0,0.346938776,0.875,0.733333333,0,0.071428571,0.6,1,0,0.951219512
0,0.383561644,0.178980661,0.6,0,0,0.397959184,0.5,1,0.5,0.857142857,0.2,1,1,0.951219512
0,0.273972603,0.071101369,0.866666667,0,0,0.448979592,0.5,0.8,0.333333333,0.714285714,0,1,1,0.951219512
0,0.136986301,0.111516357,0.6,0,0,0.43877551,0.5,1,0,0.071428571,0.8,1,0,0.951219512
0,0.506849315,0.065049066,0.533333333,0,0,0.193877551,0.5,0.733333333,0.333333333,0.071428571,0,1,1,0.951219512
0,0.630136986,0.068648921,0.533333333,0,0,0.397959184,0.5,0.733333333,0.666666667,0.285714286,0.6,1,0,0.951219512
0,0.301369863,0.160969884,0.533333333,0,0,0.704081633,0.5,0.733333333,0,0.5,0.2,0.5,0,0.951219512
0,0.082191781,0.136897332,0.533333333,0,0,0.397959184,0.5,0.733333333,0.666666667,0.214285714,0.2,1,1,0.951219512
1,0.246575342,0.025345795,0.6,0,0,0.397959184,0.5,1,0,0.071428571,0.2,1,0,0.951219512
1,0.506849315,0.11406149,0.866666667,0,0,0.5,0.875,0.8,0.333333333,0.285714286,0,1,1,0.951219512
0,0.273972603,0.04553164,0.533333333,0,0,0.602040816,0.5,0.733333333,0.833333333,0.5,0.6,0.25,1,0.951219512
0,0.136986301,0.180183545,0.6,0,0,0.397959184,0.5,1,0.666666667,0.214285714,0.2,1,1,0.951219512
0,0.315068493,0.028068858,0.533333333,0.040640406,0,0.112244898,0.5,0.733333333,0.333333333,0.071428571,1,1,0,0.951219512
0,0.205479452,0.185635083,0.6,0,0,0.397959184,0.5,1,0.666666667,0.285714286,0.4,1,1,0.951219512
0,0.02739726,0.02141376,0.6,0,0,0.112244898,0.5,1,0.666666667,0.571428571,0.6,1,0,0.951219512
0,0.02739726,0.111188236,0.533333333,0,0,0.397959184,0.875,0.733333333,0.666666667,0.071428571,0.6,1,0,0.951219512
1,0.342465753,0.074224942,0.6,0.150241502,0,0.397959184,0.25,1,0.333333333,0.285714286,0,1,1,0.951219512
0,0.123287671,0.087909939,0.8,0,0,0.397959184,0.5,0.6,0,0.928571429,0.2,1,0,0.951219512
1,0.369863014,0.08075488,0.733333333,0,0,0.540816327,0.5,0.466666667,0.333333333,0.285714286,0,1,1,0.951219512
0,0.534246575,0.036581051,0.6,0,0,0.5,0.75,1,0.333333333,0.357142857,0,1,1,0.951219512
0,0.410958904,0.017175254,0.8,0,0,0.448979592,0.25,0.6,0.333333333,0.714285714,1,1,0,0.951219512
1,0.287671233,0.088516793,0.8,0,0,0.397959184,0.5,0.6,0.333333333,0.285714286,0,1,1,0.951219512
0,0,0.113334889,0.333333333,0,0,0.153061224,0,0,0.666666667,0,0.6,1,0,0.951219512
1,0.205479452,0.149813783,0.8,0.076880769,0,0.602040816,0.625,0.6,0.333333333,0.857142857,0,1,1,0.951219512
1,0.534246575,0.041580662,0.6,0,0,0.5,0.75,1,0.333333333,0.285714286,0,1,1,0.951219512
0,0.479452055,0.151058612,0.533333333,0,0,0.397959184,0.5,0.733333333,0,0.071428571,0.2,1,0,0.951219512
0,0.589041096,0.087251669,0.333333333,0,0,0.479591837,0.5,0,0,0.357142857,0.2,1,1,0.951219512
0,0.123287671,0.099706045,0.333333333,0,0,0.397959184,0.25,0,0.333333333,0.571428571,0,1,1,0.951219512
0,0.219178082,0.025240255,0.6,0,0,0.295918367,0,1,0.333333333,0,1,0.5,0,0.951219512
0,0.438356164,0.369705334,0.6,0.036740367,0,0.397959184,0.5,1,0,0.071428571,0.2,1,0,0.951219512
1,0.164383562,0.07622411,0.666666667,0,0,0.418367347,0.125,0.533333333,0.333333333,0.928571429,0,1,1,0.951219512
0,0.602739726,0.126453625,0.2,0,0,0.204081633,0.5,0.333333333,1,0.571428571,0.2,0.5,0,0.951219512
1,0.547945205,0.141485608,0.8,0,0,0.397959184,0,0.6,0.333333333,0,0,1,1,0.951219512
0,0.191780822,0.125689138,0.933333333,0,0,0.5,0.5,0.933333333,0.333333333,0.714285714,0,1,1,0.951219512
0,0,0.071456551,0.333333333,0,0,0.397959184,0.875,0,0.666666667,0.357142857,0.6,1,1,0.951219512
1,0.493150685,0.106939582,0.6,0,0,0.397959184,0.125,1,0.333333333,0.071428571,0,1,1,0.951219512
0,0.123287671,0.12745693,0.533333333,0,0,0.397959184,0.5,0.733333333,0.666666667,0.5,0.6,1,1,0.951219512
0,0.04109589,0.04793673,0.533333333,0.044160442,0,0.530612245,0.5,0.733333333,0.666666667,0.5,0.6,1,1,0.951219512
1,0.328767123,0.163021822,0.8,0.07298073,0,0.397959184,0.875,0.6,0.333333333,0.285714286,0,1,1,0.951219512
0,0.465753425,0.080089844,0.533333333,0,0,0.051020408,0,0.733333333,0.833333333,0,0.2,0.5,1,0.951219512
0,0,0.052075786,0.4,0,0,0.142857143,0.5,0.066666667,0.666666667,0.071428571,0.6,1,0,0.951219512
0,0.082191781,0.317844687,0.733333333,0,0,0.193877551,0.125,0.466666667,0.666666667,0.071428571,0.6,0.5,1,0.951219512
1,0.136986301,0.120586017,0.8,0.07298073,0,0.551020408,0.5,0.6,0.333333333,0.285714286,0,1,1,0.951219512
0,0.397260274,0.070780014,0.866666667,0,0.518365473,0.346938776,0.25,0.8,0.666666667,0.714285714,0.2,0.5,0,0.951219512
1,0.561643836,0.164761876,0.666666667,0,0,0.397959184,0.5,0.533333333,0.333333333,0.214285714,0,1,1,0.951219512
0,0.520547945,0.126364999,0.4,0,0,0.316326531,0.5,0.066666667,0.333333333,0.5,0,1,1,0.951219512
0,0.465753425,0.027678496,0.533333333,0,0,0.397959184,0.5,0.733333333,0.333333333,0.214285714,0,1,1,0.951219512
1,0.534246575,0.218738055,0.533333333,0,0.433195592,0.5,0.75,0.733333333,0.333333333,0.571428571,0,1,1,0.048780488
0,0.698630137,0.229425315,1,0,0,0.704081633,0,0.666666667,0.333333333,0,0,1,1,0.951219512
0,0.123287671,0.13596574,0.533333333,0,0,0.653061224,0.75,0.733333333,0,0.357142857,0.8,1,1,0.951219512
0,0.904109589,0.064306904,0.6,0,0,0.112244898,0.25,1,1,0.714285714,0.2,1,1,0.951219512
1,0.383561644,0.121827463,0.866666667,0,0.436639118,0.5,0.5,0.8,0.333333333,0.285714286,0,1,1,0.951219512
0,0.02739726,0.071727166,0.533333333,0,0,0.397959184,0.5,0.733333333,0.666666667,0.428571429,0.6,1,1,0.951219512
1,0.356164384,0.098938851,0.533333333,0,0,0.397959184,0.5,0.733333333,0.333333333,0.214285714,0,1,1,0.951219512
0,0.602739726,0.148092672,0.533333333,0,0,0.397959184,0.5,0.733333333,1,0.285714286,0.2,1,0,0.951219512
0,0.232876712,0.103516979,0.2,0,0,0.397959184,0,0.333333333,0.833333333,0,0.8,1,0,0.634146341
0,0.547945205,0.070761071,0.066666667,0,0,0.397959184,0.5,0.2,0.333333333,0.428571429,0,1,1,0.536585366
0,0.164383562,0.100281101,0.533333333,0,0,0.397959184,0.5,0.733333333,0.833333333,0.071428571,0.6,1,0,0.951219512
0,0.424657534,0.092925787,0.6,0.015060151,0,0.397959184,0.5,1,0.833333333,0.214285714,0.8,1,1,0.390243902
0,0.178082192,0.059839052,0.6,0,0,0.397959184,0.5,1,0.333333333,0.071428571,1,1,0,0.951219512
0,0.342465753,0.16165454,0.8,0,0,0.397959184,0.5,0.6,0.333333333,1,0,1,1,0.951219512
0,0.205479452,0.035851744,1,0,0,0.397959184,0.75,0.666666667,0.333333333,0.285714286,0,1,1,0.951219512
0,0.287671233,0.100655903,0.533333333,0,0,0.5,0.5,0.733333333,0,0.214285714,0.2,0,1,0.951219512
0,0.616438356,0.144350744,0.2,0.034110341,0,0.5,0,0.333333333,0.333333333,0,0,1,1,0.951219512
1,0.465753425,0.115030968,0.866666667,0,0,0.397959184,0.5,0.8,0.333333333,0.928571429,0,1,1,0.951219512
0,0.493150685,0.24511151,0.533333333,0,0,0.602040816,0.5,0.733333333,0.333333333,1,0,0.5,1,0.951219512
0,0.082191781,0.068452725,0.533333333,0,0,0.397959184,0.5,0.733333333,0.666666667,0.214285714,0.2,1,1,0.951219512
1,0.232876712,0.059255877,0.866666667,0.03103031,0,0.397959184,0.5,0.8,0.333333333,0.285714286,0,0.25,1,0.463414634
0,0.602739726,0.110104424,0.533333333,0,0,0.397959184,0,0.733333333,0.333333333,0,0,1,1,0.951219512
1,0.301369863,0.234398541,0.666666667,0.076880769,0,0.397959184,0.5,0.533333333,0.333333333,0.214285714,0,1,1,0.951219512
0,0.136986301,0.213943435,0.666666667,0,0,0.295918367,0.75,0.533333333,0.666666667,0.714285714,0.4,1,1,0.951219512
0,0.01369863,0.094525122,0.4,0,0,0.193877551,0.5,0.066666667,0.666666667,0.571428571,0.6,0.5,1,0.951219512
0,0,0.107430748,0.4,0,0,0.112244898,0.5,0.066666667,0.666666667,0.571428571,0.6,1,1,0.951219512
0,0.246575342,0.091510471,0.533333333,0,0,0.602040816,0.5,0.733333333,0.333333333,1,0,1,1,0.951219512
0,0.205479452,0.11179509,0.333333333,0,0,0.224489796,0.5,0,0,0.571428571,0.8,0.5,0,0.951219512
0,0.479452055,0.062238053,0.6,0,0,0.5,0.875,1,0.333333333,0.928571429,0,1,1,0.951219512
0,0.397260274,0.07118323,0.533333333,0,0,0.397959184,0.5,0.733333333,0.333333333,0.071428571,1,1,0,0.951219512
0,0.054794521,0.028541081,0.533333333,0,0,0.397959184,0.5,0.733333333,0.666666667,0.571428571,0.8,1,0,0.951219512
0,0.493150685,0.148101467,0.533333333,0,0,0.397959184,0.25,0.733333333,0.333333333,0.071428571,0,1,1,0.951219512
0,0.534246575,0.080726466,0.533333333,0,0,0.091836735,0,0.733333333,0,0,0.2,1,1,0.951219512
0,0.191780822,0.097170383,0.6,0,0,0.397959184,0.5,1,0.333333333,0.357142857,0,1,1,0.951219512
0,0.506849315,0.060030512,0.2,0,0,0.397959184,0.5,0.333333333,0.333333333,0.214285714,0,1,1,0.951219512
0,0.04109589,0.24638746,0.6,0,0,0.316326531,0,1,0.666666667,0,0.6,1,1,0.951219512
0,0.260273973,0.113974217,0.8,0,0,0.397959184,0.875,0.6,0.666666667,0.785714286,0.8,0.5,0,0.951219512
0,0.438356164,0.089378025,0.4,0,0,0.37755102,0.5,0.066666667,0,0.285714286,0.2,1,0,0.951219512
0,0.917808219,0.102427754,0.533333333,0,0,0.326530612,0.25,0.733333333,1,0.285714286,0.2,1,0,0.951219512
0,0.164383562,0.086987819,0.6,0,0,0.397959184,0.5,1,0.333333333,0.928571429,0,1,1,0.951219512
1,0.438356164,0.072808273,0.8,0.076880769,0,0.295918367,0.25,0.6,0.333333333,0.714285714,1,1,0,0.951219512
0,0.287671233,0.04298786,0.933333333,0,0,0.397959184,0.5,0.933333333,0.333333333,0.714285714,1,1,0,0.951219512
0,0.191780822,0.051150283,0.533333333,0,0,0.397959184,0.5,0.733333333,0.333333333,0.5,0,1,1,0.951219512
0,0.246575342,0.023964306,0.533333333,0,0,0.397959184,0.5,0.733333333,0.666666667,0.571428571,0.2,0.5,0,0.951219512
1,0.479452055,0.101448805,0.8,0,0,0.37755102,0.5,0.6,0.333333333,0.714285714,0,1,1,0.951219512
0,0.287671233,0.204126201,0.533333333,0,0,0.785714286,0.625,0.733333333,0.333333333,0.857142857,0,1,1,0.951219512
0,0.109589041,0.065843321,0.6,0,0,0.244897959,0.5,1,0.666666667,0.571428571,0.2,1,1,0.951219512
0,0.082191781,0.344001651,0.533333333,0,0,0.295918367,0.5,0.733333333,0.666666667,0.571428571,0.2,0.5,1,0.951219512
0,0.082191781,0.117528744,0.533333333,0,0,0.367346939,0.5,0.733333333,0.666666667,0.571428571,0.8,1,0,0.951219512
0,0.260273973,0.014254642,0.6,0,0,0.448979592,0.5,1,0.666666667,0.571428571,0.6,1,1,0.951219512
1,0.301369863,0.139505384,0.933333333,0,0.554407713,0.5,0.75,0.933333333,0.333333333,0.714285714,0,1,1,0
0,0.191780822,0.010289457,0.6,0,0,0.5,0.5,1,0.333333333,0.857142857,0,0.25,1,0.87804878
0,0.054794521,0.017919445,0.6,0,0,0.193877551,0.5,1,0.666666667,0.857142857,0.6,1,1,0.951219512
0,0,0.088374044,0.333333333,0,0,0.397959184,0.5,0,0.666666667,0.571428571,0.6,1,1,0.951219512
0,0.575342466,0.156240211,0.333333333,0,0,0.397959184,0.5,0,0,0.5,0.2,1,0,0.951219512
1,0.356164384,0.102537353,0.8,0,0,0.5,0.5,0.6,0.333333333,0.357142857,0,1,1,0.951219512
1,0.630136986,0.361157961,0.6,0,0,0.346938776,0.5,1,0.333333333,0.285714286,0,1,1,0.951219512
1,0.438356164,0.123542485,0.6,0.07298073,0,0.397959184,0.25,1,0.333333333,0.428571429,0,1,1,0.951219512
0,0.328767123,0.139120434,0.266666667,0,0,0.397959184,0,0.4,0.333333333,0,1,0.25,0,0.414634146
0,0.191780822,0.293666596,0.6,0,0,0.397959184,0.5,1,0.333333333,0.5,0,1,1,0.634146341
0,0.164383562,0.027848307,0.466666667,0,0,0.5,0.5,0.133333333,0.333333333,0.571428571,0,0.25,1,0.073170732
1,0.520547945,0.120040728,0.8,0,0,0.448979592,0.5,0.6,0.333333333,0.285714286,0,1,1,0.951219512
0,0.301369863,0.068644185,0.266666667,0,0,0.397959184,0.75,0.4,0.333333333,0.214285714,0,1,1,0.951219512
0,0.794520548,0.012950954,0.533333333,0.034560346,0,0.397959184,0.75,0.733333333,0.333333333,0.357142857,0,1,1,0.951219512
0,0.547945205,0.173171235,0.533333333,0,0,0.62244898,0.25,0.733333333,0,0.071428571,0.8,1,0,0.951219512
0,0.164383562,0.308264918,0.6,0,0,0.397959184,0.75,1,0.666666667,0.357142857,0.2,1,1,0
0,0.410958904,0.044473536,0.733333333,0,0,0.5,0.5,0.466666667,0.333333333,0.857142857,0,1,1,0.951219512
0,0.205479452,0.059433806,0.533333333,0,0,0.397959184,0.25,0.733333333,0,0.071428571,0.8,1,0,0.951219512
0,0.109589041,0.085017742,0.533333333,0,0,0.295918367,0.5,0.733333333,0.666666667,0.071428571,0.8,1,0,0.951219512
1,0.260273973,0.080058047,0.8,0,0,0.346938776,0.5,0.6,0.333333333,0.714285714,1,0.25,0,0.731707317
0,0.123287671,0.104193517,0.8,0,0.536960514,0.551020408,0.25,0.6,0.666666667,0.714285714,0.2,1,1,0.951219512
0,0.438356164,0.184887509,0.2,0,0,0.5,0.75,0.333333333,0.333333333,0.357142857,0,1,1,0.951219512
0,0.534246575,0.127209994,0.6,0,0,0.346938776,0.5,1,0.333333333,0.071428571,0,1,1,0.951219512
0,0.246575342,0.065394776,0.533333333,0,0,0.397959184,0.5,0.733333333,0,0.928571429,0.8,1,0,0.951219512
0,0.383561644,0.124870528,0.533333333,0,0,0.602040816,0.75,0.733333333,0.333333333,0.285714286,0,1,1,0.951219512
0,0.136986301,0.153469114,0.933333333,0,0,0.397959184,0.5,0.933333333,0.666666667,0.714285714,0.6,1,1,0.951219512
1,0.219178082,0.471893594,0.8,0,0,0.602040816,0.5,0.6,0.333333333,0.714285714,0,1,1,0.951219512
0,0.342465753,0.125833917,0.533333333,0,0,0.397959184,0.5,0.733333333,0.333333333,0.571428571,0,1,1,0.951219512
0,0.452054795,0.154726797,0.066666667,0,0,0.397959184,0.5,0.2,0.333333333,0.357142857,0.4,1,1,0.634146341
1,0.369863014,0.125856919,0.8,0.150241502,0,0.5,0.5,0.6,0.333333333,0.285714286,0,1,1,0.951219512
1,0.547945205,0.060734787,0.866666667,0,0,0.397959184,0.75,0.8,0.333333333,0.714285714,0,1,1,0.951219512
0,0.150684932,0.156533829,0.533333333,0,0,0.397959184,0.5,0.733333333,0.333333333,1,0,1,1,0.951219512
1,0.328767123,0.014238405,0.866666667,0,0.436639118,0.397959184,0.5,0.8,0.333333333,0.285714286,0,1,1,0.951219512
0,0.01369863,0.044581105,0.4,0,0,0.295918367,0.5,0.066666667,0.666666667,0.571428571,0.6,1,0,0.951219512
0,0.328767123,0.122614952,0.533333333,0,0.340909091,0.397959184,0.5,0.733333333,0.333333333,0.214285714,0,1,1,0.951219512
0,0.164383562,0.046526826,0.6,0,0,0.397959184,0.5,1,0.666666667,0.071428571,0.6,1,0,0.951219512
0,0.410958904,0.23487753,0.8,0,0,0.397959184,0.5,0.6,0.333333333,0.214285714,0,1,1,0.951219512
0,0.068493151,0.187873745,0.6,0,0,0.244897959,0,1,0.666666667,0,0.2,0.5,0,0.951219512
0,0.369863014,0.097181207,0.8,0,0,0.602040816,0.75,0.6,0.333333333,0.285714286,0,1,1,0.951219512
0,0.739726027,0.174156273,0.8,0.023290233,0,0.153061224,0.5,0.6,0,0.928571429,0.6,1,0,0.951219512
0,0.178082192,0.223558383,0.533333333,0,0,0.346938776,0.5,0.733333333,0.666666667,0.714285714,0.2,1,1,0.951219512
0,0.164383562,0.014888557,0.533333333,0,0,0.37755102,0.5,0.733333333,0.666666667,0.571428571,0.6,1,1,0.951219512
0,0.232876712,0.068383718,0.6,0,0,0.397959184,0.5,1,0.333333333,0.5,0,1,1,0.268292683
0,0.219178082,0.167541768,0.4,0,0,0.295918367,0.5,0.066666667,0.833333333,0.5,0.4,1,1,0.951219512
1,0.205479452,0.165127206,0.533333333,0,0,0.397959184,0.5,0.733333333,0.333333333,0.214285714,0,1,1,0.951219512
1,0.315068493,0.044023638,0.933333333,0,0,0.397959184,0.5,0.933333333,0.333333333,0.714285714,0,1,1,0.951219512
0,0.136986301,0.123450476,0.733333333,0,0,0.5,0.5,0.466666667,0.5,0.214285714,0.2,1,1,0.951219512
0,0.150684932,0.118921058,0.533333333,0,0,0.346938776,0.5,0.733333333,0.333333333,0.214285714,0,1,1,0.048780488
0,0.136986301,0.094901276,0.933333333,0,0,0.602040816,0.875,0.933333333,0.333333333,0.714285714,0,1,1,0.951219512
0,0.287671233,0.036085826,0.533333333,0,0,0.397959184,0.5,0.733333333,0,0.285714286,0.2,1,1,0.951219512
0,0.136986301,0.1370482,0.333333333,0,0,0.551020408,0.5,0,0.333333333,0.214285714,0.4,1,1,0.951219512
0,0.178082192,0.080788031,0.533333333,0,0,0.397959184,0.5,0.733333333,0,1,0.2,1,1,0.951219512
0,0.438356164,0.132254256,0.533333333,0,0,0.397959184,0.5,0.733333333,0,0.928571429,0.8,1,1,0.951219512
1,0.287671233,0.148301046,0.533333333,0,0,0.5,0.625,0.733333333,0.333333333,0.214285714,0,1,1,0.951219512
0,0.342465753,0.079424808,0.533333333,0.054550546,0,0.5,0.5,0.733333333,0,0.285714286,0.2,0.5,0,0.951219512
0,0.150684932,0.129752421,0.866666667,0,0,0.479591837,0.5,0.8,0.333333333,0.714285714,0,1,1,0.951219512
0,0.095890411,0.155377626,0.533333333,0,0,0.397959184,0.5,0.733333333,0.666666667,0.428571429,0.8,0.5,0,0.951219512
0,0.02739726,0.115522811,0.4,0,0,0.234693878,0.5,0.066666667,0.666666667,0.428571429,0.6,1,1,0.951219512
0,0.205479452,0.080602659,0.8,0,0,0.5,0.5,0.6,0.333333333,0.5,0,1,1,0.951219512
0,0.02739726,0.280292129,0.533333333,0,0,0.142857143,0,0.733333333,0.666666667,0,0.6,1,0,0.951219512
0,0.479452055,0.141192668,0.533333333,0,0,0.397959184,0.5,0.733333333,0.333333333,0.5,0,1,1,0.951219512
0,0.082191781,0.095633966,0.533333333,0,0,0.397959184,0.5,0.733333333,0.666666667,0.5,0.4,0.5,1,0.951219512
0,0.397260274,0.124995011,0.6,0,0,0.5,0.25,1,0.333333333,0.285714286,1,1,0,0.951219512
0,0.068493151,0.157286815,0.533333333,0,0,0.142857143,0.5,0.733333333,0.666666667,0.857142857,0.6,0.5,0,0.951219512
1,0.150684932,0.129869462,0.8,0,0,0.5,0.625,0.6,0.333333333,0.714285714,0,1,1,0.951219512
0,0.246575342,0.086248364,0.533333333,0,0,0.285714286,0.5,0.733333333,0.666666667,0.857142857,0.6,1,0,0.951219512
1,0.205479452,0.091331865,0.666666667,0,0,0.5,0.5,0.533333333,0.333333333,0.857142857,0,1,1,0.951219512
0,0.301369863,0.062037798,0.8,0,0,0.397959184,0.125,0.6,0,0.285714286,0.8,0.5,0,0.951219512
0,0.493150685,0.117583544,0.533333333,0,0,0.397959184,0.125,0.733333333,0,0.928571429,0.8,1,1,0.951219512
0,0.04109589,0.146159805,0.6,0,0,0.602040816,0,1,0.666666667,0,0.6,1,1,0.951219512
0,0.02739726,0.128175413,0.6,0,0,0.193877551,0.5,1,0.666666667,0.571428571,0.6,1,0,0.951219512
0,0.328767123,0.129330938,0.6,0,0,0.142857143,0.75,1,0,0.714285714,0.2,1,0,0.951219512
0,0.260273973,0.036804985,0.533333333,0,0,0.5,0.5,0.733333333,0.333333333,0.857142857,0,1,1,0.951219512
0,0.328767123,0.068920213,0.533333333,0,0,0.397959184,0.5,0.733333333,0,0.5,0.6,1,1,0.951219512
0,0.383561644,0.063751467,0.533333333,0,0,0.397959184,0.625,0.733333333,0,0.285714286,0.2,1,0,0.951219512
0,0.438356164,0.070700859,0.533333333,0,0,0.397959184,0.5,0.733333333,0.333333333,0.357142857,0,1,1,0.951219512
0,0.082191781,0.146094857,0.6,0,0,0.469387755,0.5,1,0.333333333,0.857142857,1,1,0,0.951219512
1,0.342465753,0.247679646,0.933333333,0,0.436639118,0.602040816,0.5,0.933333333,0.333333333,0.714285714,0,1,1,0.951219512
0,0.02739726,0.106784655,0.533333333,0,0,0.397959184,0.625,0.733333333,0.666666667,0.857142857,0.6,1,1,0.951219512
0,0.068493151,0.073382653,0.8,0,0,0.5,0.625,0.6,0.666666667,0.857142857,0.6,1,1,0.951219512
0,0.520547945,0.108792618,0.6,0,0,0.397959184,0.5,1,0,0.071428571,0.2,0.25,0,0.951219512
0,0.452054795,0.023080748,0.6,0,0,0.397959184,0.875,1,0,0.285714286,0.2,1,0,0.951219512
0,0.109589041,0.155502786,0.533333333,0,0,0.397959184,0.5,0.733333333,0,0.5,0.2,0.5,1,0.951219512
0,0.150684932,0.221286571,0.6,0,0,0.397959184,0.5,1,0.666666667,0.857142857,0.2,1,1,0.951219512
0,0.369863014,0.085369542,0.6,0,0,0.5,0.75,1,0.333333333,0.214285714,0,1,1,0.951219512
1,0.452054795,0.130922154,1,0,0,0.397959184,0.5,0.666666667,0.333333333,0.714285714,0,1,1,0.951219512
1,0.794520548,0.098431448,0.666666667,0.158311583,0,0.5,0.75,0.533333333,0,0.714285714,0.2,1,0,0.951219512
0,0.246575342,0.014283056,0.533333333,0,0,0.346938776,0.5,0.733333333,0,0.571428571,0.2,1,0,0.951219512
0,0.04109589,0.024244392,0.533333333,0,0,0.397959184,0.5,0.733333333,0.666666667,0.428571429,0.6,1,1,0.951219512
1,0.684931507,0.041454149,0.533333333,0.093860939,0,0.5,0.625,0.733333333,0.333333333,0.285714286,0,1,1,0.951219512
0,0.164383562,0.050285668,0.066666667,0,0,0.193877551,0.5,0.2,0.666666667,0.571428571,0.2,1,1,0.195121951
0,0.054794521,0.15633628,0,0,0,0.5,0.5,0.866666667,0.666666667,0.357142857,0.2,1,1,0.634146341
0,0.123287671,0.065740487,0.333333333,0,0,0.479591837,0.5,0,0.333333333,0.214285714,0.4,1,1,0.951219512
1,0.739726027,0.127361538,0.533333333,0,0.54912764,0.520408163,0.75,0.733333333,0.333333333,0.857142857,0,1,1,0.951219512
0,0.315068493,0.158959215,0.266666667,0,0,0.397959184,0.5,0.4,0,0.571428571,0.2,1,0,0.951219512
0,0.383561644,0.04481654,0.533333333,0,0,0.5,0.5,0.733333333,0,0.5,0.2,1,1,0.951219512
1,0.520547945,0.200566938,0.933333333,0,0,0.551020408,0.75,0.933333333,1,0.714285714,0.2,1,1,0.951219512
0,0.643835616,0.321670506,0.8,0,0,0.5,0.625,0.6,0.333333333,0.285714286,0,1,1,0.951219512
0,0.219178082,0.106010696,0.666666667,0,0,0.551020408,0.5,0.533333333,0.666666667,0.714285714,0.8,1,0,0.951219512
1,0.328767123,0.064010581,0.866666667,0.07298073,0,0.602040816,0.875,0.8,0.333333333,0.714285714,0,1,1,0.951219512
0,0.150684932,0.111221387,0.733333333,0,0,0.397959184,0.5,0.466666667,0.666666667,0.714285714,0.6,1,1,0.243902439
0,0.136986301,0.25285651,0.6,0,0,0.479591837,0.5,1,0.666666667,1,0.2,1,1,0.951219512
0,0.671232877,0.064581579,0.6,0,0,0.397959184,0,1,0.333333333,0,0,1,1,0.951219512
0,0.301369863,0.221333929,0.533333333,0.021760218,0,0.397959184,0.5,0.733333333,0.833333333,0.5,0.2,0.5,1,0.951219512
0,0.821917808,0.116202731,0.8,0,0,0.193877551,0.75,0.6,1,0.714285714,0.2,1,0,0.951219512
0,0.219178082,0.067856019,0.6,0,0,0.244897959,0.5,1,0,0.857142857,0.2,1,0,0.951219512
0,0.136986301,0.132145334,0.8,0,0,0.397959184,0.5,0.6,0.666666667,0.285714286,0.6,1,0,0.951219512
0,0.780821918,0.048651154,0.866666667,0,0,0.091836735,0.5,0.8,0,0.857142857,0.2,1,0,0.951219512
0,0.01369863,0.030898814,0.533333333,0,0,0.142857143,0.5,0.733333333,0.666666667,0.857142857,0.6,1,0,0.951219512
0,0.082191781,0.295522338,0.533333333,0,0,0.295918367,0,0.733333333,0.333333333,0,0.6,1,0,0.951219512
0,0.150684932,0.069967492,0.6,0,0,0.5,0.625,1,0.666666667,0.285714286,0.2,1,1,0.951219512
0,0.452054795,0.066065225,0.6,0,0,0.5,0.5,1,0.333333333,0.285714286,1,1,0,0.951219512
0,0.054794521,0.083201916,0.733333333,0,0,0.357142857,0.5,0.466666667,0.666666667,0.714285714,0.2,1,0,0.951219512
0,0.178082192,0.108559212,0.2,0,0,0.397959184,0.75,0.333333333,0.666666667,0.214285714,0.6,1,1,0.951219512
0,0.657534247,0.250291757,0.533333333,0,0,0.397959184,0.25,0.733333333,1,0.285714286,0.8,1,0,0.951219512
1,0.479452055,0.059127334,0.6,0,0,0.520408163,0.5,1,0.333333333,0.857142857,1,1,0,0.048780488
0,0.315068493,0.089737943,0.6,0,0,0.397959184,0.5,1,0,0.214285714,0.2,1,1,0.951219512
1,0.547945205,0.129964177,0.8,0,0.453856749,0.091836735,0.75,0.6,0.333333333,0.285714286,0,1,1,0.951219512
1,0.712328767,0.063784618,1,0,0,0.5,0,0.666666667,0.333333333,0,0,1,1,0.951219512
0,0.287671233,0.130078512,0.533333333,0,0,0.397959184,0.5,0.733333333,0,0.214285714,0.2,0.5,1,0.951219512
0,0.054794521,0.019667617,0.6,0,0,0.346938776,0,1,0.666666667,0,0.6,1,0,0.951219512
0,0.452054795,0.085233558,0.533333333,0,0,0.397959184,0.5,0.733333333,0.333333333,0.857142857,1,0.5,0,0.951219512
0,0.383561644,0.179515802,0.6,0,0,0.479591837,0.75,1,0,0.285714286,0.2,0.5,1,0.951219512
0,0.191780822,0.177210163,0.066666667,0,0,0.397959184,0.5,0.2,0.666666667,1,0.4,0.75,1,0.195121951
1,0.246575342,0.057687663,0.733333333,0,0,0.5,0.5,0.466666667,0.333333333,0.285714286,0,1,1,0.951219512
0,0.452054795,0.104142776,0.733333333,0.039420394,0,0.397959184,0.5,0.466666667,0.333333333,0.857142857,1,1,0,0.951219512
0,0.287671233,0.137581311,0.533333333,0,0,0.397959184,0.5,0.733333333,0,0.428571429,0.2,1,1,0.951219512
1,0.328767123,0.064066057,0.6,0,0,0.397959184,0.125,1,0,0.714285714,0.8,1,0,0.951219512
0,0.109589041,0.165939051,0.2,0,0,0.397959184,0.5,0.333333333,0.333333333,0.214285714,0,1,1,0.634146341
0,0.04109589,0.071362512,0.6,0,0,0.244897959,0.5,1,0.666666667,0.071428571,0.6,1,1,0.951219512
1,0.493150685,0.101931176,0.266666667,0,0,0.408163265,0.5,0.4,0.333333333,0.428571429,0,1,1,0.951219512
0,0.123287671,0.151515275,0.933333333,0,0,0.295918367,0.5,0.933333333,0.666666667,0.714285714,0.2,1,0,0.951219512
0,0.150684932,0.135308146,0.8,0,0,0.397959184,0.5,0.6,0.666666667,0.285714286,0.2,1,1,0.951219512
0,0.136986301,0.159347547,0.6,0,0,0.142857143,0.5,1,0.666666667,0.071428571,0.2,1,0,0.951219512
0,0.657534247,0.060307892,0.8,0.026530265,0,0.295918367,0,0.6,0.333333333,0,0,1,1,0.951219512
0,0.315068493,0.103078583,0.6,0,0,0.37755102,0.5,1,0,0.714285714,0.8,0.5,0,0.951219512
0,0.123287671,0.165832834,0.133333333,0,0,0.397959184,0.5,0.266666667,0.666666667,0.357142857,0.4,0.5,1,0.634146341
0,0.684931507,0.162745794,0.533333333,0.01797018,0,0.193877551,0.75,0.733333333,0.333333333,0.357142857,0,1,1,0.951219512
0,0.178082192,0.024514331,0.533333333,0,0,0.806122449,0.75,0.733333333,0.666666667,0.857142857,0.6,1,1,0.951219512
0,0.123287671,0.13040325,0.533333333,0,0,0.418367347,0.5,0.733333333,0.666666667,0.428571429,0.2,1,1,0.951219512
0,0.109589041,0.118643001,0.533333333,0,0,0.479591837,0.5,0.733333333,0.666666667,0.428571429,0.2,1,1,0.951219512
0,0.054794521,0.195702635,0.533333333,0,0,0.183673469,0.5,0.733333333,0.666666667,0.571428571,0.6,1,0,0.951219512
1,0.383561644,0.126718828,0.6,0,0.433195592,0.397959184,0.25,1,0.333333333,0.214285714,0,1,1,0.634146341
1,0.602739726,0.020737899,0.8,0,0,0.06122449,0,0.6,0.666666667,0,0.2,1,1,0.951219512
1,0.136986301,0.275870957,0.533333333,0.095620956,0,0.5,0.75,0.733333333,0.666666667,0.214285714,0.8,1,1,0.951219512
0,0.054794521,0.149946384,0.6,0,0,0.234693878,0,1,0.666666667,0,0.6,1,0,0.951219512
1,0.260273973,0.025283554,0.8,0,0,0.5,0.5,0.6,0.333333333,0.714285714,0,1,1,0.951219512
0,0.287671233,0.08330272,0.6,0,0,0.397959184,0.5,1,0,0.071428571,0.6,1,0,0.951219512
1,0.369863014,0.114374727,0.6,0,0,0.37755102,0.25,1,0.333333333,0.285714286,0,0.5,1,0.951219512
0,0.520547945,0.106936876,0.533333333,0,0,0.397959184,0.75,0.733333333,0,0.571428571,0.4,1,0,0.951219512
0,0.301369863,0.044131208,0.8,0.021740217,0,0.397959184,0.875,0.6,0.666666667,0.071428571,0.2,1,1,0.951219512
1,0.383561644,0.005580757,0.6,0,0,0.846938776,0.5,1,0.333333333,0.5,0,1,1,0.951219512
0,0.054794521,0.051850499,0.6,0,0,0.091836735,0.5,1,0.666666667,0.714285714,0.6,1,1,0.951219512
0,0.684931507,0.121203019,0.533333333,0,0,0.397959184,0.5,0.733333333,1,0.071428571,0.2,1,0,0.951219512
1,0.273972603,0.160287258,0.666666667,0,0,0.479591837,0.5,0.533333333,0.333333333,0.714285714,0,1,1,0.951219512
0,0.219178082,0.035675844,0.866666667,0,0,0.193877551,0.875,0.8,0.333333333,0.714285714,0,0.25,1,0.073170732
0,0.01369863,0.191000024,0.6,0,0,0.112244898,0.25,1,0.666666667,0.285714286,0.6,1,1,0.951219512
1,0.561643836,0.06246334,0.733333333,0,0,0.5,0.5,0.466666667,0.333333333,0.285714286,0,1,1,0.951219512
0,0.356164384,0.047216894,0.6,0,0,0.397959184,0,1,0,0,0.8,0.25,0,0.951219512
0,0.287671233,0.124373273,0.533333333,0,0,0.5,0.5,0.733333333,0.333333333,0.214285714,0,1,1,0.951219512
0,0.698630137,0.12130044,0.866666667,0.032730327,0,0.397959184,0.5,0.8,0.666666667,0.714285714,0.2,1,0,0.951219512
0,0.287671233,0.024245745,0.6,0,0,0.397959184,0.125,1,0,0.285714286,0.2,1,0,0.951219512
0,0.02739726,0.128473766,0.6,0,0,0.142857143,0.25,1,0.666666667,0.071428571,0.6,1,1,0.951219512
1,0.479452055,0.096106866,0.533333333,0,0,0.479591837,0.5,0.733333333,0.333333333,0.214285714,0,1,1,0.951219512
1,0.273972603,0.223389249,0.8,0,0,0.397959184,0.5,0.6,0.333333333,0.285714286,0,0.5,1,0.951219512
1,0.315068493,0.10661755,0.733333333,0,0,0.397959184,0.625,0.466666667,0.333333333,0.285714286,1,1,0,0.951219512
1,0.287671233,0.085973689,0.8,0.150241502,0,0.346938776,0.625,0.6,0.333333333,0.214285714,0,1,1,0.951219512
0,0.315068493,0.260508147,0.733333333,0,0,0.397959184,0,0.466666667,0,0,0.2,1,1,0.951219512
0,0.575342466,0.153655162,0.533333333,0,0,0.346938776,0.5,0.733333333,0,0.571428571,0.8,0.5,0,0.56097561
0,0.01369863,0.164608302,0.4,0,0,0.040816327,0.5,0.066666667,0.666666667,0.714285714,0.6,1,1,0.951219512
1,0.438356164,0.121368094,0.6,0,0,0.5,0.625,1,0.333333333,0.285714286,0,1,1,0.951219512
1,0.246575342,0.241212626,0.6,0,0,0.602040816,0.625,1,0.333333333,0.857142857,0,1,1,0.951219512
0,0.287671233,0.13839248,0.133333333,0,0,0.479591837,0.5,0.266666667,0.333333333,0.5,0,1,1,0.634146341
0,0.04109589,0.184323953,0.6,0,0,0.193877551,0.5,1,0.666666667,0.571428571,0.6,1,1,0.951219512
1,0.123287671,0.15572469,0.533333333,0.03103031,0,0.397959184,0.25,0.733333333,0.333333333,0.785714286,0,1,1,0.951219512
0,0.068493151,0.12914895,0.8,0,0,0.193877551,0.5,0.6,0.666666667,0.285714286,0.4,1,0,0.951219512
0,0.383561644,0.167955809,0.866666667,0,0,0.397959184,0.5,0.8,1,0.5,0.4,0.25,0,0.073170732
0,0.575342466,0.190857951,0.866666667,0,0,0.397959184,0.5,0.8,1,0.714285714,0.2,1,0,0.951219512
0,0.109589041,0.09587346,0.333333333,0,0,0.397959184,0.5,0,0.666666667,0.5,0.2,1,1,0.951219512
1,0.479452055,0.058873633,0.733333333,0.03103031,0,0.479591837,0.5,0.466666667,0.333333333,0.857142857,0,1,1,0.951219512
1,0.630136986,0.137707824,0.533333333,0,0,0.397959184,0.625,0.733333333,0.333333333,0.285714286,0,1,1,0.951219512
0,0.164383562,0.056274376,0.533333333,0,0,0.418367347,0.5,0.733333333,0.666666667,0.928571429,0.2,1,1,0.951219512
0,0.671232877,0.010673053,0.2,0,0,0.5,0.75,0.333333333,1,0.357142857,0.8,1,1,0.951219512
0,0.095890411,0.154165948,0.533333333,0,0,0.346938776,0.75,0.733333333,0.666666667,0.214285714,0.2,1,1,0.951219512
0,0.383561644,0.052120437,0.866666667,0,0,0.448979592,0.5,0.8,0,0.714285714,0.2,1,1,0.951219512
0,0.315068493,0.256712773,0.666666667,0,0,0.397959184,0.875,0.533333333,0.333333333,0.214285714,0,1,1,0.951219512
0,0.191780822,0.583474899,0.533333333,0,0,0.397959184,0.5,0.733333333,0.666666667,0.071428571,0.4,0.5,1,0.951219512
0,0.082191781,0.017704982,0.6,0,0,0.102040816,0,1,0.666666667,0,0.2,1,1,0.951219512
0,0.410958904,0.224132764,0.533333333,0,0,0.397959184,0.5,0.733333333,0.333333333,0.571428571,0,1,1,0.634146341
0,0.643835616,0.124484901,0.733333333,0,0,0.193877551,0,0.466666667,0.666666667,0,0.2,1,0,0.951219512
1,0.328767123,0.095926907,0.6,0,0,0.5,0.5,1,0.333333333,0.071428571,0,1,1,0.951219512
0,0.547945205,0.014938621,0.6,0,0,0.5,0.5,1,0.333333333,1,0,1,1,0.951219512
0,0.178082192,0.029577536,0.6,0,0,0.397959184,0.5,1,0.666666667,0.285714286,0.6,0.5,0,0.951219512
0,0.054794521,0.058800567,0.866666667,0,0,0.142857143,0.875,0.8,0.666666667,1,0.6,1,1,0.951219512
0,0.150684932,0.17169503,0.933333333,0,0,0.5,0.5,0.933333333,0.666666667,0.714285714,0.2,1,0,0.951219512
0,0.068493151,0.086324812,0.6,0,0,0.397959184,0,1,0.666666667,0,0.6,1,1,0.951219512
1,0.630136986,0.076901324,0.2,0,0,0.43877551,0.5,0.333333333,0.333333333,1,0,1,1,0.951219512
1,0.452054795,0.134653934,0.8,0.07298073,0,0.5,0.5,0.6,0.333333333,0.285714286,0,1,1,0.951219512
1,0.410958904,0.073970564,0.8,0,0,0.397959184,0.5,0.6,0.333333333,0.714285714,1,1,0,0.951219512
0,0.534246575,0.046637102,0.6,0,0,0.397959184,0.5,1,0.666666667,0.071428571,0.2,1,0,0.048780488
0,0.315068493,0.194106683,0.533333333,0,0,0.224489796,0,0.733333333,0.666666667,0,0.2,1,1,0.951219512
0,0.383561644,0.206394631,0.8,0,0,0.5,0.5,0.6,0,0.714285714,0.8,1,0,0.951219512
0,0.356164384,0.142536947,0.133333333,0,0,0.397959184,0.5,0.266666667,0.666666667,0.5,0.8,1,0,0.634146341
0,0.602739726,0.010885486,0.866666667,0,0,0.704081633,0.25,0.8,0,0.714285714,0.2,1,0,0.951219512
0,0.232876712,0.081359705,0.6,0,0,1,0.5,1,0.333333333,0.857142857,0,1,1,0.951219512
0,0.095890411,0.061559486,0.666666667,0,0,0.397959184,0.5,0.533333333,0.666666667,0.714285714,0.6,1,0,0.951219512
0,0.383561644,0.066223535,0.533333333,0,0,0.397959184,0.5,0.733333333,0.666666667,0.428571429,0.2,1,1,0.951219512
0,0.561643836,0.146354648,0.2,0,0,0.346938776,0,0.333333333,0.333333333,0,0,0.5,1,0.951219512
1,0.356164384,0.137454122,1,1,0,0.448979592,0.625,0.666666667,0.666666667,0.714285714,0.2,1,1,0.951219512
0,0.02739726,0.170813502,0.533333333,0,0,0.397959184,0,0.733333333,0.666666667,0,0.6,1,1,0.951219512
0,0.205479452,0.210247511,0.533333333,0,0,0.397959184,0.5,0.733333333,0.333333333,0.214285714,0,1,1,0.951219512
0,0.123287671,0.305975516,0.266666667,0,0,0.448979592,0.5,0.4,0.666666667,0.428571429,0.6,1,1,0.634146341
0,0.712328767,0.227815156,0.533333333,0,0,0.326530612,0.75,0.733333333,0.333333333,0.857142857,0,1,1,0.951219512
0,0.273972603,0.159300866,0.666666667,0,0,0.397959184,0.25,0.533333333,0.333333333,0.785714286,0,0.5,1,0.951219512
0,0.273972603,0.154605697,0.733333333,0,0,0.448979592,0.5,0.466666667,0.333333333,0.214285714,0,1,1,0.951219512
0,0.287671233,0.125758145,0.666666667,0,0,0.397959184,0.5,0.533333333,0.333333333,0.857142857,0,1,1,0.951219512
0,0.01369863,0.030530777,0.6,0,0,0.142857143,0.5,1,0,0.571428571,0.6,1,1,0.951219512
0,0.02739726,0.207383729,0.533333333,0,0,0.397959184,0.5,0.733333333,0.666666667,0.071428571,0.2,1,0,0.951219512
0,0.01369863,0.210894281,0.266666667,0,0,0.193877551,0.5,0.4,0.666666667,0.357142857,0.6,1,1,0.951219512
0,0.273972603,0.014812785,0.533333333,0,0,0.397959184,0.5,0.733333333,0.333333333,0.214285714,0,1,1,0.951219512
0,0.082191781,0.098548489,0.6,0,0,0.5,0.5,1,0.666666667,0.285714286,0.2,1,0,0.951219512
1,0.534246575,0.096238791,0.6,0,0,0.5,0,1,0,0,0.8,1,0,0.951219512
0,0.082191781,0.069449265,0.6,0,0,0.295918367,0.5,1,0.666666667,0.571428571,0.6,1,0,0.951219512
1,0.205479452,0.207265335,0.8,0,0,0.479591837,0.5,0.6,0.333333333,0.285714286,0,1,1,0.951219512
0,0.684931507,0.021980022,0.8,0,0,0.397959184,0.125,0.6,1,0.071428571,0.2,1,0,0.951219512
0,0.342465753,0.059883703,0.533333333,0,0,0.397959184,0.5,0.733333333,0.666666667,0.214285714,0.2,1,1,0.951219512
0,1,0.027129824,0.6,0,0,0.346938776,0.5,1,0.666666667,0.571428571,0.2,0.25,1,0.951219512
0,0.02739726,0.108446907,0.6,0,0,0.295918367,0.5,1,0.666666667,0.857142857,0.6,1,1,0.951219512
0,0.589041096,0.028762985,0.533333333,0,0,0.397959184,0.5,0.733333333,0.333333333,0.571428571,1,1,0,0.951219512
0,0.506849315,0.218448497,0.533333333,0,0,0.448979592,0.5,0.733333333,0,0.214285714,0.8,1,1,0
0,0.465753425,0.177417183,0.6,0,0,0.397959184,0.5,1,0.333333333,0.857142857,0,1,1,0.951219512
1,0.452054795,0.058649023,0.8,0.150241502,0,0.397959184,0.5,0.6,0.333333333,0.285714286,0,1,1,0.951219512
0,0.150684932,0.06856706,0.466666667,0,0,0.397959184,0.5,0.133333333,0.666666667,0.214285714,0.2,1,1,0.951219512
0,0.219178082,0.029371192,0.533333333,0.039080391,0,0.397959184,0.5,0.733333333,0.333333333,1,0,1,1,0.951219512
0,0.246575342,0.20472832,0.2,0,0,0.397959184,0.5,0.333333333,0.333333333,0.214285714,0,1,1,0.804878049
0,0.054794521,0.052571011,0.6,0,0,0.397959184,0.5,1,0.666666667,0.071428571,0.6,1,0,0.951219512
0,0.178082192,0.094514973,0.666666667,0,0,0.397959184,0,0.533333333,0,0,0.8,1,0,0.951219512
0,0.178082192,0.221557863,0.533333333,0,0,0.448979592,0.5,0.733333333,0.666666667,0.5,0.2,1,1,0.951219512
1,0.356164384,0.173687433,0.533333333,0,0,0.397959184,0.5,0.733333333,0.333333333,0.5,0,0.5,1,0.268292683
0,0.219178082,0.12935597,0.8,0,0.383838384,0.397959184,0.5,0.6,0.333333333,0.285714286,0,1,1,0.951219512
1,0.191780822,0.198451406,0.6,0,0,0.397959184,0.5,1,0.333333333,0.071428571,0,1,1,0.951219512
1,0.534246575,0.151808892,0.533333333,0,0,0.5,0.625,0.733333333,0.333333333,0.857142857,0,1,1,0.951219512
0,0.506849315,0.084421036,0.933333333,0,0,0.397959184,0.5,0.933333333,0.333333333,0.285714286,0,0.25,1,0.463414634
1,1,0.026695487,0.866666667,0,0,0.5,0.5,0.8,0.666666667,0.285714286,0.2,0.5,1,0.951219512
1,0.493150685,0.160034233,0.8,0,0,0.5,0.25,0.6,0.333333333,0.714285714,1,1,0,0.951219512
0,0,0.16499934,0.333333333,0,0,0.142857143,0,0,0.666666667,0,0.6,1,0,0.951219512
0,0.150684932,0.093013061,0.533333333,0,0,0.397959184,0.5,0.733333333,0.666666667,0.5,0.2,0.25,1,0.024390244
1,0.136986301,0.120672613,0.666666667,0,0,0.397959184,0.125,0.533333333,0.333333333,0.142857143,0,1,1,0
1,0.205479452,0.119044188,0.6,0,0,0.397959184,0.5,1,0.333333333,0.857142857,0,1,1,0.951219512
0,0.260273973,0.120467623,0.533333333,0,0,0.397959184,0.5,0.733333333,0.666666667,0.071428571,0.2,0.5,0,0.951219512
0,0.232876712,0.098016731,0.6,0,0,0.397959184,0.5,1,0,0.571428571,0.8,1,0,0.951219512
0,0.397260274,0.108158026,0.8,0,0,0.397959184,0.5,0.6,0.333333333,0.5,0,1,1,0.707317073
0,0.219178082,0.152229698,0.6,0,0,0.397959184,0.25,1,0,0.071428571,0.8,0.5,0,0.951219512
0,0.068493151,0.037175051,0.533333333,0,0,0.448979592,0.5,0.733333333,0.666666667,0.428571429,0.8,1,1,0.951219512
1,0.452054795,0.086203036,0.6,0,0,0.397959184,0.5,1,0.333333333,0.214285714,0,1,1,0.951219512
0,0.301369863,0.147053511,0.8,0,0.383149679,0.397959184,0.5,0.6,0.666666667,0.928571429,0.2,1,0,0.951219512
1,0.328767123,0.093529935,0.933333333,0,0,0.5,0.75,0.933333333,0.333333333,0.714285714,0,1,1,0.951219512
0,0.260273973,0.149708243,0.6,0,0,0.030612245,0.5,1,0,0.285714286,0.2,1,0,0.951219512
1,0.301369863,0.134735795,0.8,0,0,0.5,0.5,0.6,0.333333333,0.857142857,0,1,1,0.951219512
1,0.479452055,0.23426391,0.533333333,0,0,0.397959184,0.5,0.733333333,0.333333333,0.5,0,0.5,1,0.951219512
0,0.178082192,0.075705882,0.533333333,0,0,0.602040816,0.5,0.733333333,0.666666667,0.357142857,0.6,0.5,1,0.951219512
0,0.082191781,0.062348329,0.6,0,0,0.397959184,0.5,1,0.666666667,0.071428571,0.6,1,0,0.951219512
0,0.054794521,0.006673364,0.533333333,0,0,0.295918367,0.5,0.733333333,0.666666667,0.571428571,0.6,0,1,0.951219512
0,0.178082192,0.287893702,0.8,0,0,0.193877551,0.5,0.6,0.333333333,0.857142857,0,1,1,0.707317073
0,0.301369863,0.976344872,0.733333333,0,0,0.397959184,0.5,0.466666667,0.833333333,0.214285714,0.2,1,1,0.951219512
0,0.260273973,0.090741925,0.6,0,0,0.397959184,0.5,1,0,0.071428571,0.8,1,0,0.951219512
0,0.164383562,0.028499812,0.533333333,0,0,0.5,0.5,0.733333333,0.666666667,0.357142857,0.2,1,1,0
0,0,0.190211858,0.4,0,0,0.142857143,0.5,0.066666667,0.666666667,0.071428571,0.6,1,0,0.951219512
0,0.01369863,0.156014924,0.4,0,0,0.346938776,0.5,0.066666667,0.666666667,0.214285714,0.6,1,1,0.951219512
0,0.452054795,0.087491839,0.533333333,0,0,0.448979592,0.5,0.733333333,0.833333333,0.571428571,0.8,1,0,0.951219512
1,0.315068493,0.129861344,0.866666667,1,0,0.5,0.75,0.8,0.333333333,0.285714286,0,1,1,0.951219512
1,0.534246575,0.225587996,0.8,0,0,0.448979592,0.5,0.6,0.333333333,0.714285714,0,1,1,0.951219512
0,0,0.026827412,0.4,0,0,0.142857143,0.5,0.066666667,0.666666667,0.857142857,0.6,1,0,0.951219512
0,0.150684932,0.072733177,0.533333333,0,0,0.602040816,0.5,0.733333333,0.666666667,0.857142857,0.6,1,1,0.951219512
0,0.287671233,0.175718398,0.533333333,0,0,0.397959184,0.5,0.733333333,0.666666667,0.5,0.2,1,1,0.951219512
0,0.219178082,0.074680928,0.533333333,0,0,0.5,0.5,0.733333333,0.333333333,0.357142857,0,1,1,0.951219512
1,0.383561644,0.097001248,0.133333333,0,0,0.397959184,0.625,0.266666667,0.333333333,0.214285714,0,1,1,0
0,0.205479452,0.111036692,0.533333333,0,0,0.37755102,0.5,0.733333333,0.666666667,0.071428571,0.6,1,0,0.951219512
1,0.479452055,0.097217064,0.8,0,0,0.397959184,0.5,0.6,0.333333333,0.285714286,0,1,1,0.951219512
1,0.698630137,0.128822182,0.866666667,0,0.545684114,0.418367347,0.875,0.8,0.333333333,0.714285714,0,1,1,0
0,0.054794521,0.132748805,0.6,0,0,0.091836735,0.5,1,0.666666667,1,0.6,1,1,0.951219512
0,0.246575342,0.277818708,0.8,0,0,0.367346939,0.5,0.6,0.666666667,0.571428571,0.2,1,1,0.951219512
0,0.767123288,0.111958812,0.533333333,0,0,0.142857143,0,0.733333333,0.333333333,0,0,1,1,0.951219512
0,0.260273973,0.112049468,0.8,0.021760218,0,0.193877551,0.5,0.6,0.666666667,0.571428571,0.2,1,1,0
0,0.356164384,0.088827324,0.133333333,0,0.488751148,0.724489796,0.5,0.266666667,0.333333333,0.5,1,0.25,0,0
0,0,0.085393897,0.333333333,0,0,0.112244898,0.5,0,0.666666667,0.428571429,0.6,1,1,0.951219512
0,0.260273973,0.156364018,0.8,0,0,0.448979592,0.5,0.6,0.333333333,0.214285714,0,1,1,0.951219512
0,0.178082192,0.214557054,0.533333333,0,0,0.397959184,0.5,0.733333333,0.333333333,0.214285714,0,1,1,0.951219512
0,0.136986301,0.111221387,0.6,0,0.394628099,0.397959184,0,1,0.666666667,0,0.6,1,1,0.951219512
0,0.287671233,0.200602118,0.533333333,0,0,0.397959184,0.5,0.733333333,0,0.857142857,0.8,1,0,0.951219512
0,0.219178082,0.106010696,0.533333333,0,0,0.397959184,0.5,0.733333333,0.666666667,0.857142857,0.6,1,0,0.951219512
1,0.561643836,0.099166168,0.533333333,0,0,0.551020408,0.5,0.733333333,1,0.285714286,0.2,1,1,0.951219512
1,0.205479452,0.114054725,0.4,0,0,0.397959184,0.5,0.066666667,0.333333333,0.214285714,0,1,1,0.951219512
0,0.01369863,0.266695081,0.6,0,0,0.397959184,0.5,1,0.666666667,0.071428571,0.2,1,0,0.951219512
0,0.465753425,0.232232269,0.533333333,0,0,0.448979592,0.5,0.733333333,0.666666667,0.214285714,0.8,1,0,0.634146341
0,0.589041096,0.082447577,0.266666667,0,0,0.346938776,0,0.4,0,0,0.2,0.5,1,0.951219512
0,0.369863014,0.028191988,0.6,0,0,0.448979592,0.75,1,0.333333333,0.357142857,0,1,1,0.951219512
0,0.01369863,0.121860613,0.6,0,0,0.193877551,0.5,1,0.666666667,0.857142857,0.6,1,0,0.951219512
0,0.260273973,0.129351911,0.533333333,0,0,0.397959184,0.5,0.733333333,0.333333333,0.5,0,1,1,0.951219512
1,0.191780822,0.099341391,0.8,0,0,0.602040816,0.5,0.6,0.333333333,0.714285714,0,1,1,0.951219512
1,0.369863014,0.154666585,0.8,0,0,0.397959184,0.625,0.6,0.333333333,0.857142857,0,1,1,0.951219512
0,0.465753425,0.104255082,0.8,0,0,0.346938776,0.625,0.6,0.333333333,0.285714286,1,0.25,0,0.87804878
1,0.205479452,0.099557206,0.933333333,0.135501355,0,0.5,0.5,0.933333333,0.666666667,0.857142857,0.2,1,0,0.951219512
0,0.219178082,0.113133281,0.8,0,0,0.397959184,0.5,0.6,0.333333333,0.428571429,0,1,1,0.951219512
0,0.219178082,0.029521384,0.666666667,0,0,0.704081633,0.25,0.533333333,0.666666667,0.785714286,0.2,1,1,0.951219512
1,0.342465753,0.03838267,0.6,0,0,0.397959184,0.5,1,0.333333333,0.214285714,0,0.5,1,0.951219512
0,0.082191781,0.113500641,0.533333333,0,0,0.397959184,0.5,0.733333333,0.666666667,0.571428571,0.6,1,1,0.951219512
0,0,0.012666132,0.333333333,0,0,0.295918367,0.5,0,0.666666667,0.571428571,0.6,1,0,0.951219512
0,0.205479452,0.116311654,0.533333333,0,0,0.397959184,0.5,0.733333333,0,0.214285714,0.2,1,1,0.951219512
1,0.369863014,0.094512267,0.866666667,0,0,0.234693878,0.5,0.8,0.333333333,0.285714286,1,1,0,0.951219512
0,0.589041096,0.048423837,0.533333333,0,0,0.397959184,0.5,0.733333333,0.333333333,0.428571429,0,1,1,0.951219512
0,0.150684932,0.102143609,0.266666667,0,0,0.295918367,0.5,0.4,0.666666667,0.5,0.2,1,1,0.951219512
0,0.273972603,0.070035823,0.533333333,0,0,0.602040816,0.5,0.733333333,0.333333333,0.285714286,0,1,1,0.951219512
0,0.342465753,0.080152762,0.6,0,0,0.397959184,0.5,1,0.333333333,0.5,0,1,1,0.951219512
0,0.150684932,0.460414785,0.8,0,0,0.479591837,0.5,0.6,0.666666667,0.285714286,0.2,0.5,1,0.951219512
0,0.287671233,0.059556259,0.8,0,0,0.346938776,0.75,0.6,0.333333333,0.214285714,0,1,1,0.951219512
0,0.643835616,0.102778877,0.066666667,0,0,0.530612245,0.5,0.2,0.333333333,1,0,1,1,0
0,0.082191781,0.253216428,0.6,0,0,0.193877551,0.875,1,0.833333333,0.714285714,0.2,1,0,0.951219512
0,0.191780822,0.165994527,0.533333333,0,0,0.428571429,0.5,0.733333333,0.666666667,0.714285714,0.2,1,1,0.951219512
1,0.410958904,0.088336158,0.866666667,0,0,0.448979592,0.875,0.8,0.333333333,0.714285714,0,1,1,0.951219512
0,0.191780822,0.140993766,0.6,0,0,0.806122449,0.5,1,0,0.214285714,0.2,1,1,0.951219512
0,0.246575342,0.069223301,0.533333333,0,0,0.244897959,0.5,0.733333333,0,0.428571429,0.2,1,1,0.951219512
0,0.219178082,0.05794813,0.733333333,0,0,0.418367347,0.5,0.466666667,0,0.5,0.2,1,0,0.951219512
0,0.397260274,0.023172757,0.866666667,0,0,0.397959184,0.125,0.8,0.666666667,0.714285714,0.2,1,0,0.951219512
0,0.164383562,0.117109291,0.133333333,0,0,0.418367347,0.5,0.266666667,0.666666667,0.428571429,0.2,1,1,0.634146341
0,0.123287671,0.015987931,0.6,0,0,0.5,0.5,1,0.666666667,1,0.2,1,1,0.951219512
0,0.493150685,0.123831366,0.6,0,0,0.295918367,0.75,1,0.333333333,0.5,0,1,1,0.951219512
1,0.232876712,0.202901669,0.533333333,0,0,0.755102041,0.75,0.733333333,0.333333333,1,0,1,1,0.634146341
0,0.520547945,0.030193862,0.533333333,0,0,0.071428571,0.25,0.733333333,0,0.285714286,0.8,0,1,0.951219512
0,0.150684932,0.145188974,0.6,0,0,0.295918367,0.5,1,0.666666667,0.071428571,0.8,0.25,0,0
0,0.02739726,0.085154403,0.6,0,0,0.091836735,0.5,1,0.666666667,0.071428571,0.6,1,0,0.951219512
1,0.232876712,0.291764173,0.533333333,0,0,0.397959184,0.5,0.733333333,0.333333333,0.214285714,0,1,1,0.951219512
0,0.643835616,0.115480866,0.533333333,0,0,0.397959184,0.5,0.733333333,0.333333333,0.5,0,1,1,0.951219512
0,0.164383562,0.15882932,0.533333333,0,0,0.397959184,0.5,0.733333333,0.833333333,0.571428571,0.2,1,0,0.951219512
1,0.397260274,0.150900979,0.866666667,1,0,0.602040816,0.5,0.8,0.333333333,0.285714286,0,0.5,1,0.951219512
0,0.04109589,0.216928994,0.6,0,0,0.397959184,0.5,1,0.666666667,0.571428571,0.6,1,0,0.951219512
1,0.301369863,0.181504822,0.8,0.03103031,0,0.5,0.5,0.6,0.333333333,0.285714286,0,1,1,0.951219512
0,0.150684932,0.110563116,0.8,0,0,0.295918367,0.5,0.6,0.666666667,0.071428571,0.2,1,0,0
0,0.04109589,0.019667617,0.733333333,0,0,0.316326531,0,0.466666667,0.666666667,0,0.2,1,0,0.951219512
0,0.602739726,0.060198293,0.533333333,0.014710147,0,0.346938776,0.25,0.733333333,1,0.071428571,0.8,1,0,0.951219512
0,0.219178082,0.076771428,0.533333333,0,0,0.397959184,0.5,0.733333333,0.333333333,0.428571429,0,1,1,0.951219512
1,0.657534247,0.069837597,0.8,0.055560556,0,0.479591837,0,0.6,0.333333333,0,0,1,1,0.951219512
1,0.315068493,0.097209622,0.533333333,0,0,0.602040816,0.5,0.733333333,0.333333333,1,0,1,1,0.951219512
0,0.643835616,0.08891798,0.866666667,0,0,0.010204082,0,0.8,0.333333333,0,0,1,1,0.951219512
1,0.465753425,0.158671687,0.533333333,0.07298073,0,0.479591837,0.75,0.733333333,0.333333333,0.214285714,0,1,1,0.951219512
0,0.164383562,0.011967269,0.533333333,0,0,0.397959184,0.5,0.733333333,0.333333333,0.214285714,0,1,1,0.951219512
1,0.356164384,0.095337643,0.933333333,0,0,0.704081633,0.625,0.933333333,0.333333333,0.714285714,0,0.25,1,0.463414634
0,0.109589041,0.126638996,0.666666667,0,0,0.37755102,0.5,0.533333333,0.666666667,0.071428571,0.2,1,0,0.951219512
0,0.383561644,0.106242748,0.266666667,0,0,0.397959184,0.5,0.4,0,0.571428571,0.8,0.5,0,0.341463415
0,0.452054795,0.071559385,0.6,0,0,0.5,0.5,1,0.333333333,1,0,1,1,0.951219512
0,0.123287671,0.121446572,0.533333333,0,0,0.153061224,0.5,0.733333333,0.666666667,0.571428571,0.2,0.5,0,0.951219512
0,0.328767123,0.103526451,0.8,0,0,0.397959184,0.5,0.6,0,0.071428571,0.8,1,0,0.951219512
0,0.205479452,0.070625087,0.533333333,0,0,0.397959184,0.5,0.733333333,0.333333333,0.214285714,0,1,1,0.951219512
0,0.150684932,0.168453064,0.666666667,0,0,0.397959184,0.5,0.533333333,0.666666667,0.928571429,0.2,0.5,0,0.951219512
0,0.054794521,0.135561847,0.6,0,0,0.295918367,0,1,0.666666667,0,0.6,1,0,0.951219512
1,0.191780822,0.061812511,0.8,0,0,0.448979592,0.5,0.6,0.333333333,0.285714286,0,1,1,0.951219512
0,0.273972603,0.056187103,0.333333333,0,0,0.653061224,0.5,0,0.666666667,0.5,0.2,1,1,0.951219512
0,0.424657534,0.077230797,0.066666667,0,0,0.448979592,0.5,0.2,0.333333333,0.571428571,0,0.25,1,0.073170732
0,0.205479452,0.010534363,0.6,0,0,0.397959184,0.5,1,0.666666667,0.071428571,0.2,1,0,0.951219512
0,0.287671233,0.135410303,0.733333333,0,0,0.295918367,0.5,0.466666667,0.666666667,0.571428571,0.8,0.5,0,0.951219512
0,0.054794521,0.115228517,0.6,0,0,0.397959184,0.5,1,0.666666667,0.571428571,0.6,0.5,1,0
0,0.068493151,0.205120035,0.4,0,0,0.397959184,0.5,0.066666667,0.666666667,0.214285714,0.8,1,1,0.951219512
0,0.328767123,0.082432693,0.533333333,0,0,0.602040816,0.75,0.733333333,0.333333333,0.357142857,0,1,1,0.951219512
0,0.602739726,0.036755598,0.533333333,0,0,0.397959184,0.625,0.733333333,0.333333333,0.214285714,0,1,1,0.951219512
0,0.02739726,0.124370567,0.533333333,0,0,0.346938776,0.5,0.733333333,0.666666667,0.857142857,0.6,1,0,0.951219512
1,0.219178082,0.093634798,1,0,0,0.5,0.875,0.666666667,0.333333333,0.714285714,0,0.25,1,0.463414634
1,0.164383562,0.1370482,0.8,0,0,0.397959184,0.5,0.6,0.333333333,0.857142857,0,1,1,0.951219512
0,0.232876712,0.119044188,0.533333333,0,0,0.397959184,0.5,0.733333333,0.333333333,0.5,0,1,1,0.951219512
0,0.095890411,0.110254615,0.6,0,0,0.397959184,0.5,1,0.666666667,1,0.2,0.5,1,0.951219512
1,0.602739726,0.085991956,0.6,1,0,0.295918367,0,1,0.333333333,0,0,1,1,0.951219512
0,0.191780822,0.016194274,0.533333333,0,0,0.653061224,0.5,0.733333333,0.833333333,0.428571429,0.2,1,1,0.951219512
0,0.410958904,0.069732734,0.533333333,0,0,0.397959184,0.5,0.733333333,0,0.5,0.2,0.5,0,0.951219512
0,0.328767123,0.15384324,0.333333333,0,0,0.295918367,0.5,0,0.333333333,0.214285714,0,1,1,0
1,0.493150685,0.170243858,0.533333333,1,0,0.397959184,0.625,0.733333333,0.333333333,0.857142857,0,1,1,0.951219512
0,0.150684932,0.309569282,0.8,0,0,0.397959184,0.5,0.6,0.666666667,0.714285714,0.2,0.5,1,0.951219512
0,0.191780822,0.015952074,0.8,0,0,0.602040816,0.5,0.6,0.666666667,0.857142857,0.2,0,1,0.951219512
0,0.506849315,0.030076144,0.533333333,0,0,0.397959184,0.5,0.733333333,0.333333333,0.071428571,1,1,0,0.951219512
1,0.397260274,0.235307131,0.8,0.150241502,0,0.602040816,0.5,0.6,0.333333333,0.285714286,0,1,1,0.951219512
1,0.232876712,0.126951557,0.6,0,0,0.397959184,0.125,1,0.333333333,0.071428571,0,0.5,1,0.951219512
0,0.315068493,0.137899284,0.533333333,0,0,0.397959184,0.5,0.733333333,0.833333333,0.071428571,0.8,0.5,0,0.56097561
0,0.342465753,0.131997172,0.533333333,0,0,0.112244898,0.75,0.733333333,0.333333333,0.857142857,0,1,1,0.951219512
1,0.260273973,0.119812734,0.533333333,0,0,0.397959184,0.5,0.733333333,0.333333333,0.071428571,1,1,0,0.951219512
0,0.643835616,0.114298955,0.4,0,0.500229568,0.397959184,0.5,0.066666667,0.333333333,0.214285714,0,1,1,0.951219512
0,0,0.121845729,0.266666667,0,0,0.448979592,0.25,0.4,0.666666667,0.571428571,0.6,1,1,0.951219512
1,0.273972603,0.196613931,0.6,0,0,0.397959184,0.5,1,0.333333333,0.285714286,1,0.25,0,0.951219512
0,0.01369863,0.094638103,0.6,0,0,0.244897959,0.5,1,0.666666667,0.571428571,0.2,1,1,0.951219512
1,0.369863014,0.268075217,0.533333333,0,0,0.397959184,0.5,0.733333333,0,0.071428571,0.8,1,0,0.951219512
0,0.01369863,0.013326433,0.466666667,0,0,0.193877551,0.5,0.133333333,0.666666667,0.071428571,0.6,1,0,0.951219512
1,0.369863014,0.132123008,0.8,0,0,0.346938776,0.5,0.6,0.333333333,0.714285714,0,1,1,0.951219512
0,0.397260274,0.075627404,0.866666667,0,0,0.43877551,0.5,0.8,1,0.714285714,0.2,1,0,0.951219512
0,0.410958904,0.12688255,0.533333333,0,0,0.397959184,0.5,0.733333333,0.333333333,0.214285714,0,1,1,0.951219512
1,0.328767123,0.22926227,0.533333333,0,0.424242424,0.448979592,0.5,0.733333333,0.333333333,0.857142857,0,1,1,0.951219512
1,0.534246575,0.09974799,0.6,0,0,0.397959184,0.5,1,0.333333333,1,0,1,1,0.951219512
0,0.04109589,0.111630015,0.533333333,0,0,0.397959184,0.5,0.733333333,0.666666667,0.285714286,0.6,1,0,0.951219512
0,0.205479452,0.097080403,0.6,0,0,0.397959184,0.5,1,0.333333333,0.428571429,0,1,1,0.951219512
0,0.260273973,0.119441992,0.533333333,0,0,0.397959184,0.5,0.733333333,0.333333333,0.214285714,0,1,1,0.951219512
0,0.01369863,0.181527148,0.4,0,0,0.295918367,0.5,0.066666667,0.666666667,0.857142857,0.6,1,0,0.951219512
0,0.328767123,0.026534471,0.533333333,0,0,0.397959184,0.5,0.733333333,0.333333333,0.285714286,0,1,1,0.951219512
0,0.150684932,0.093186254,0.533333333,0,0,0.397959184,0.5,0.733333333,0.333333333,0.571428571,0,1,1,0.804878049
0,0.082191781,0.018644693,0.533333333,0,0,0.5,0.625,0.733333333,0.666666667,1,0.2,1,1,0.951219512
0,0.452054795,0.100661992,0.533333333,0,0,0.397959184,0.875,0.733333333,1,0.928571429,0.8,0.5,0,0.951219512
0,0.164383562,0.066260744,0.866666667,0,0,0.653061224,0.5,0.8,0.666666667,0.857142857,0.2,1,1,0
0,0.547945205,0.141116219,0.2,0,0,0.397959184,0.5,0.333333333,1,0.5,0.8,0.5,0,0.951219512
0,0.356164384,0.121039973,0.533333333,0,0,0.397959184,0.5,0.733333333,0,0.571428571,0.2,1,1,0.951219512
0,0.191780822,0.049447438,0.533333333,0,0,0.418367347,0.5,0.733333333,0.666666667,0.571428571,0.2,1,1,0.951219512
0,0.205479452,0.159865098,0.533333333,0,0,0.397959184,0.5,0.733333333,0.666666667,0.357142857,0.6,1,1,0.951219512
0,0.082191781,0.109305433,0.533333333,0,0,0.071428571,0.125,0.733333333,0.666666667,0.142857143,0.2,1,1,0.951219512
0,0.616438356,0.126453625,0.4,0,0,0.397959184,0,0.066666667,0,0,0.2,0.5,0,0.951219512
1,0.547945205,0.126892698,0.8,0.150241502,0,0.602040816,0.5,0.6,0.333333333,0.285714286,0,1,1,0.951219512
0,0.698630137,0.121257142,0.6,0,0,0.397959184,0.75,1,1,0.071428571,0.2,1,1,0.951219512
0,0.068493151,0.067548871,0.533333333,0,0,0.397959184,0.5,0.733333333,0.666666667,0.571428571,0.2,0.5,0,0.951219512
0,0.205479452,0.113069687,0.333333333,0,0,0.397959184,0.5,0,0.333333333,0.428571429,0.4,1,1,0.951219512
1,0.150684932,0.087727951,0.733333333,0,0.433195592,0.704081633,0.5,0.466666667,0.333333333,0.928571429,0,1,1,0.951219512
0,0.301369863,0.088235354,0.666666667,0,0,0.397959184,0.5,0.533333333,0.333333333,0.5,0,1,1,0.951219512
0,0.616438356,0.16088464,0.8,0,0,0.040816327,0,0.6,0,0,0.2,1,1,0.951219512
0,0.246575342,0.112753744,0.866666667,0,0,0.316326531,0.5,0.8,0.666666667,0.714285714,0.8,1,0,0.951219512
1,0.589041096,0.125758145,0.6,0,0,0.397959184,0.5,1,0.333333333,1,0,1,1,0.951219512
0,0,0.123351025,0.4,0,0,0.244897959,0.5,0.066666667,0.666666667,0.571428571,0.6,1,1,0.951219512
0,0.356164384,0.208846402,0.6,0,0,0.5,0.625,1,0.333333333,0.5,0,1,1,0.951219512
0,0.136986301,0.012145198,0.533333333,0,0,0.448979592,0.5,0.733333333,0.333333333,0.857142857,1,1,0,0.951219512
1,0.452054795,0.232504913,0.8,0,0,0.5,0.5,0.6,0.333333333,0.285714286,0,1,1,0.951219512
1,0.342465753,0.07243956,0.933333333,0.150241502,0,0.397959184,0.5,0.933333333,0.333333333,0.857142857,1,0,0,0.853658537
0,0.643835616,0.115949706,0.666666667,0,0,0.5,0.5,0.533333333,0.333333333,0.071428571,0,1,1,0.951219512
0,0.095890411,0.21206672,0.533333333,0,0,0.397959184,0.5,0.733333333,0.666666667,0.214285714,0.2,1,1,0.951219512
0,0.219178082,0.119193703,0.533333333,0,0,0.397959184,0.5,0.733333333,0.666666667,0.357142857,0.2,1,1,0.951219512
0,0.246575342,0.013423177,0.8,0,0,0.397959184,0.5,0.6,0.666666667,0.714285714,0.2,1,0,0.951219512
0,0.438356164,0.068755137,0.533333333,0,0,0.602040816,0,0.733333333,0.333333333,0,1,1,0,0.951219512
0,0.315068493,0.199044053,0.8,0,0,0.346938776,0.25,0.6,0.333333333,0.714285714,0,1,1,0.951219512
0,0.479452055,0.168223041,0.866666667,0,0,0.397959184,0.5,0.8,0.333333333,0.857142857,0,1,1,0.951219512
0,1,0.026020303,0.333333333,0,0,0.06122449,0,0,0,0,0.2,1,0,0.951219512
0,0.452054795,0.141430809,0.533333333,0,0,0.397959184,0.5,0.733333333,0,0.071428571,0.4,0.25,0,0.731707317
1,0.410958904,0.070147451,0.6,0,0,0.397959184,0.5,1,0.333333333,0.214285714,0,1,1,0.951219512
0,0.02739726,0.163210576,0.466666667,0,0,0.081632653,0.5,0.133333333,0.666666667,0.071428571,0.6,1,1,0.951219512
0,0.068493151,0.065739811,0.6,0,0,0.316326531,0.5,1,0.666666667,0.428571429,0.6,1,1,0.951219512
0,0.452054795,0.070361237,0.733333333,0,0,0.602040816,0.5,0.466666667,0.333333333,0.071428571,0,1,1,0.097560976
0,0.575342466,0.056946855,0.2,0,0,0.397959184,0.75,0.333333333,0.333333333,0.214285714,0,1,1,0.951219512
0,0.246575342,0.12789465,0.533333333,0,0,0.5,0.5,0.733333333,0.333333333,1,0,1,1,0.951219512
0,0.082191781,0.127136251,0.533333333,0,0,0.43877551,0.5,0.733333333,0,0.428571429,0.6,1,1,0.951219512
0,0.383561644,0.117143795,0.733333333,0,0,0.551020408,0.5,0.466666667,0,0.214285714,0.2,1,0,0.951219512
1,0.452054795,0.130922154,0.866666667,0.150241502,0,0.397959184,0.5,0.8,0.333333333,0.857142857,0,1,1,0.951219512
0,0.232876712,0.173086668,0.466666667,0,0,0.397959184,0,0.133333333,0.833333333,0,0.8,0.5,0,0.951219512
0,0.01369863,0.132710919,0.466666667,0,0,0.051020408,0.5,0.133333333,0.666666667,0.428571429,0.6,1,1,0.951219512
0,0.02739726,0.189329653,0.6,0,0,0.295918367,0.5,1,0.666666667,0.928571429,0.2,1,0,0.951219512
0,0.273972603,0.067121976,0.6,0,0,0.397959184,0.5,1,0.666666667,0.285714286,0.2,1,0,0.951219512
1,0.465753425,0.219003258,0.533333333,0,0.436639118,0.397959184,0.5,0.733333333,0.333333333,0.214285714,0,1,1,0.951219512
1,0.397260274,0.081664147,0.6,0.076880769,0,0.397959184,0.25,1,0.333333333,0.071428571,1,1,0,0.951219512
1,0.397260274,0.109041583,0.6,0,0,0.397959184,0.5,1,0.333333333,0.857142857,1,1,0,0.951219512
0,0.02739726,0.15462667,0.6,0,0,0.5,0.5,1,0.666666667,0.071428571,0.6,1,1,0.951219512
0,0.205479452,0.226868681,0.533333333,0,0,0.397959184,0.5,0.733333333,0.333333333,0.5,0,1,1,0.951219512
1,0.301369863,0.031159957,0.6,0,0,0.397959184,0.5,1,0.333333333,0.5,0,1,1,0.951219512
1,0.328767123,0.100465796,0.6,0,0,0.602040816,0.5,1,0.333333333,0.285714286,0,1,1,0.951219512
0,0.260273973,0.239124831,0.533333333,0,0,0.397959184,0.5,0.733333333,0.666666667,0.5,0.2,1,1,0.951219512
1,0.232876712,0.100363639,0.6,0,0,0.397959184,0.5,1,0.333333333,0.214285714,0,1,1,0.951219512
1,0.328767123,0.02863512,0.533333333,0.07298073,0,0.5,0.75,0.733333333,0.333333333,1,0,1,1,0.951219512
0,0.287671233,0.032372312,0.533333333,0,0,0.397959184,0.5,0.733333333,0.666666667,1,0.2,1,0,0.951219512
1,0.260273973,0.126616671,0.866666667,0,0,0.448979592,0.5,0.8,0.333333333,0.285714286,0,1,1,0.951219512
0,0.082191781,0.180607057,0.6,0,0,0.397959184,0.875,1,0.666666667,0.785714286,0.2,1,1,0.951219512
0,0.109589041,0.12316836,0.533333333,0,0,0.397959184,0.5,0.733333333,0.666666667,0.5,0.6,1,1,0.951219512
0,0.246575342,0.221887336,0.533333333,0,0,0.479591837,0.5,0.733333333,0,0.214285714,0.8,1,0,0.951219512
0,0.150684932,0.304200959,0.2,0,0,0.397959184,0.5,0.333333333,0.333333333,0.357142857,0,1,1,0.634146341
0,0.383561644,0.072003193,0.666666667,0,0,0.397959184,0.5,0.533333333,0.333333333,0.214285714,0,1,1,0.951219512
0,0.178082192,0.177893466,0.733333333,0,0,0.357142857,0.5,0.466666667,0.666666667,0.714285714,0.8,0.5,0,0.951219512
0,0.054794521,0.123001932,0.6,0,0,0.397959184,0.5,1,0.666666667,0.571428571,0.6,1,0,0.951219512
0,0.589041096,0.159664843,0.6,0,0,0.397959184,0.125,1,0,0.071428571,0.2,1,0,0.951219512
0,0.082191781,0.153745818,0.533333333,0,0,0.397959184,0.5,0.733333333,0.666666667,0.5,0.6,0.25,1,0.731707317
0,0.219178082,0.03132165,0.533333333,0,0,0.397959184,0.5,0.733333333,0.333333333,0.5,0,1,1,0.951219512
0,0.369863014,0.014119334,1,0,0,0.448979592,0.5,0.666666667,0.666666667,0.714285714,0.2,1,1,0.951219512
0,0.150684932,0.02772856,0.533333333,0,0,0.37755102,0.5,0.733333333,0.666666667,1,0.4,1,1,0.951219512
0,0.150684932,0.024858012,0.533333333,0,0,0.397959184,0,0.733333333,0.666666667,0,0.2,1,0,0.951219512
0,0.178082192,0.170927837,0.8,0,0,0.397959184,0.25,0.6,0.833333333,0.714285714,0.8,1,0,0.951219512
0,0.369863014,0.10569543,0.6,0,0,0.397959184,0.5,1,0,0.071428571,0.2,1,0,0.268292683
0,0.246575342,0.208066355,0.533333333,0,0,0.602040816,0.5,0.733333333,0,0.214285714,0.2,1,1,0.951219512
0,0.328767123,0.054415252,0.6,0,0.345270891,0.397959184,0.875,1,0.666666667,0.071428571,0.8,0.5,0,0.951219512
0,0.232876712,0.116808909,0.4,0,0,0.5,0.5,0.066666667,0.333333333,1,0,1,1,0.951219512
0,0.109589041,0.01892275,0.6,0,0,0.806122449,0.5,1,0.333333333,0.357142857,0,1,1,0.951219512
0,0.383561644,0.237192641,0.6,0,0,0.397959184,0.5,1,0.333333333,1,0,1,1,0.951219512
1,0.493150685,0.045354387,0.533333333,0,0,0.397959184,0.5,0.733333333,0.333333333,0.214285714,0,1,1,0.951219512
0,0.383561644,0.009807085,0.6,0,0,0.397959184,0.75,1,0.333333333,0.285714286,0,0,1,0.951219512
0,0.657534247,0.175092601,0.6,0,0,0.397959184,0.5,1,0,0.071428571,0.8,1,0,0
0,0.301369863,0.049785707,0.533333333,0,0,0.397959184,0.875,0.733333333,0,0.071428571,0.8,1,0,0.951219512
0,0.506849315,0.307294764,0.2,0,0,0.295918367,0.5,0.333333333,1,0.571428571,0.8,1,1,0.951219512
1,0.328767123,0.055359698,0.533333333,1,0,0.602040816,0.5,0.733333333,0.333333333,0.214285714,0,1,1,0.951219512
0,0.506849315,0.07854125,0.8,0,0,0.397959184,0.125,0.6,0,0.285714286,0.2,1,1,0.951219512
0,0.082191781,0.135093007,0.6,0,0,0.224489796,0,1,0.666666667,0,0.6,1,0,0.487804878
0,0.178082192,0.307704746,0.8,0,0,0.448979592,0.5,0.6,0.666666667,0.714285714,0.2,1,1,0.951219512
0,0.054794521,0.13696228,0.6,0,0,0.397959184,0,1,0.666666667,0,0.6,1,0,0.951219512
0,0.205479452,0.107455103,0.533333333,0,0,0.397959184,0.5,0.733333333,0,0.571428571,0.6,1,0,0.951219512
0,0.150684932,0.08121222,0.533333333,0,0,0.397959184,0.5,0.733333333,0.666666667,0.071428571,0.6,1,1,0.951219512
1,0.232876712,0.060783498,0.533333333,0,0,0.653061224,0.5,0.733333333,0.333333333,0.857142857,0,1,1,0.951219512
0,0.520547945,0.091581508,0.533333333,0,0,0.234693878,0.5,0.733333333,0.666666667,0.571428571,0.2,1,0,0.951219512
0,0.150684932,0.176324576,0.333333333,0,0,0.295918367,0.5,0,0.333333333,0.428571429,0,1,1,0.634146341
0,0.383561644,0.167130433,0.6,0,0,0.397959184,0.5,1,0.333333333,0.214285714,0,1,1,0.951219512
1,0.561643836,0.159969962,0.533333333,0,0,0.530612245,0.5,0.733333333,0.333333333,0.357142857,0,1,1,0.951219512
0,0.178082192,0.118155218,0.6,0,0,0.755102041,0.5,1,0.333333333,0.857142857,0,1,1,0.951219512
0,0.054794521,0.114897691,0.733333333,0,0,0.397959184,0.5,0.466666667,0.666666667,0.571428571,0.6,1,1,0.951219512
0,0.219178082,0.149422745,0.466666667,0,0,0.397959184,0.5,0.133333333,0,0.5,0.6,1,1,0.951219512
1,0.191780822,0.105608833,0.8,0.076880769,0,0.397959184,0.5,0.6,0.333333333,0.714285714,0,1,1,0.048780488
1,0.369863014,0.122177909,0.8,0,0,0.397959184,0.5,0.6,0.333333333,0.5,0,1,1,0.951219512
0,0.082191781,0.177599172,0.533333333,0,0,0.244897959,0.5,0.733333333,0.666666667,0.428571429,0.6,1,1,0.951219512
1,0.246575342,0.062039151,0.666666667,0,0,0.397959184,0.5,0.533333333,0.333333333,0.928571429,0,1,1,0.951219512
0,0.273972603,0.152021324,0.6,0.034640346,0,0.397959184,0.5,1,0.333333333,0.5,0,1,1,0.951219512
0,0.164383562,0.130285533,0.733333333,0,0,0.357142857,0.5,0.466666667,0,0.714285714,0.2,1,0,0.951219512
0,0.383561644,0.119138903,0.533333333,0,0.373737374,0.448979592,0.5,0.733333333,0.333333333,0.428571429,0,1,1,0.951219512
0,0.410958904,0.101447452,0.8,0,0,0.397959184,0.75,0.6,0.666666667,0.214285714,0.2,1,0,0.951219512
0,0.383561644,0.117118086,0.866666667,0,0,0.551020408,0.25,0.8,0,0.714285714,0.6,1,0,0.951219512
0,0.150684932,0.215880361,0.8,0,0,0.397959184,0.5,0.6,0.666666667,0.071428571,0.2,1,1,0.951219512
0,0.260273973,0.086248364,0.6,0,0,0.316326531,0,1,0,0,0.6,1,0,0.951219512
0,0.01369863,0.109354144,0.6,0,0,0.091836735,0.5,1,0.666666667,0.071428571,0.6,1,0,0.951219512
0,0.356164384,0.060772673,0.6,0,0,0.397959184,0.5,1,0.666666667,0.071428571,0.8,0.5,0,0.951219512
0,0.287671233,0.129542018,0.533333333,0,0,0.397959184,0.5,0.733333333,0,0.071428571,0.2,1,0,0.951219512
0,0.02739726,0.255499065,0.533333333,0,0,0.397959184,0.5,0.733333333,0.666666667,0.214285714,0.2,1,1,0.951219512
1,0.246575342,0.113240851,0.6,0,0,0.397959184,0.5,1,0.333333333,0.714285714,0,1,1,0.951219512
0,0.465753425,0.061915345,0.533333333,0,0,0.5,0.5,0.733333333,0.333333333,0.5,0,0.5,1,0.951219512
0,0.164383562,0.199935052,0.533333333,0,0,0.602040816,0.5,0.733333333,0.333333333,0.214285714,0,1,1,0.951219512
0,0.465753425,0.203091099,0.6,0.039080391,0,0.397959184,0.5,1,0.333333333,1,0,1,1,0.951219512
0,0.178082192,0.192725194,0.6,0,0,0.397959184,0.5,1,0,0.071428571,0.8,0.5,0,0.951219512
0,0.164383562,0.113648803,0.533333333,0,0,0.397959184,0.5,0.733333333,0.666666667,0.928571429,0.6,1,1,0.951219512
0,0.082191781,0.009446491,0.533333333,0,0,0.397959184,0.5,0.733333333,0.666666667,0.071428571,0.6,1,0,0.951219512
0,0.205479452,0.064770332,0.866666667,0,0,0.397959184,0.5,0.8,0.666666667,0.071428571,0.2,1,1,0.951219512
1,0.424657534,0.241684172,0.8,0,0,0.244897959,0.625,0.6,0.333333333,0.285714286,1,1,0,0.951219512
0,0.397260274,0.030143798,0.533333333,0,0,0.397959184,0.5,0.733333333,0.333333333,1,0,1,1,0.951219512
0,0.150684932,0.072733177,0.6,0,0,0.397959184,0.5,1,0.666666667,0.071428571,0.6,1,1,0.951219512
0,0.164383562,0.345004279,0.6,0,0,0.397959184,0,1,0.333333333,0,1,1,0,0.951219512
0,0.301369863,0.061852427,0.533333333,0,0,0.602040816,0.5,0.733333333,0.666666667,0.857142857,0.8,1,0,0.951219512
0,0.657534247,0.236406504,0.666666667,0,0,0.193877551,0.5,0.533333333,0.333333333,1,0,1,1,0.951219512
1,0.328767123,0.094719964,0.8,0,0,0.5,0.5,0.6,0.333333333,0.714285714,0,1,1,0.951219512
0,0.068493151,0.273197958,0.533333333,0,0,0.5,0.5,0.733333333,0.666666667,0.214285714,0.6,1,1,0.951219512
1,0.342465753,0.164778789,0.533333333,0.043860439,0,0.479591837,0.5,0.733333333,0.333333333,0.5,0,1,1,0.951219512
0,0.630136986,0.124962537,0.8,0,0,0.142857143,0.75,0.6,0.333333333,0.857142857,0,1,1,0.951219512
0,0.506849315,0.116591064,0.866666667,0,0,0.397959184,0.25,0.8,0,0.714285714,0.2,1,0,0.951219512
0,0.178082192,0.078021669,0.666666667,0,0,0.397959184,0.875,0.533333333,0.666666667,0.714285714,0.2,1,0,0.951219512
1,0.123287671,0.106105411,0.8,0,0,0.479591837,0.5,0.6,0.333333333,0.857142857,0,1,1,0.951219512
1,0.547945205,0.083250627,0.8,0,0,0.397959184,0.5,0.6,0.333333333,0.285714286,0,0.25,1,0.731707317
0,0.109589041,0.081453743,0.533333333,0,0,0.5,0.5,0.733333333,0.666666667,0.642857143,0.2,1,0,0.951219512
1,0.232876712,0.067450773,0.533333333,0,0,0.5,0.5,0.733333333,0.333333333,0.857142857,0,1,1,0.951219512
0,0.232876712,0.007885043,0.6,0,0,0.397959184,0.125,1,0,0.285714286,0.2,0,1,0.951219512
0,0.205479452,0.057519882,0.8,0,0,0.479591837,0.5,0.6,0.666666667,0.071428571,0.2,1,0,0.951219512
0,0.273972603,0.131776621,0.6,0,0,0.397959184,0.5,1,0.666666667,0.285714286,0.2,1,1,0.951219512
0,0.315068493,0.142927309,0.533333333,0,0,0.397959184,0.5,0.733333333,0.333333333,0.071428571,0,1,1,0.634146341
0,0.301369863,0.05890746,0.866666667,0.015060151,0,0.397959184,0.5,0.8,0,0.714285714,0.6,1,0,0.951219512
0,0.246575342,0.154373645,0.533333333,0,0,0.397959184,0.5,0.733333333,0.5,0.071428571,0.8,0.5,0,0.951219512
1,0.260273973,0.333252825,0.533333333,0,0,0.397959184,0,0.733333333,0.333333333,0,0,1,1,0.951219512
0,0.136986301,0.029777115,0.4,0,0,0.397959184,0.5,0.066666667,0.666666667,0.428571429,0.4,1,1,0.951219512
1,0.342465753,0.286223332,0.733333333,0,0,0.43877551,0.5,0.466666667,0.333333333,0.285714286,0,1,1,0.951219512
0,0.109589041,0.013523982,0.6,0,0,0.397959184,0.5,1,0.333333333,0.285714286,1,0.75,0,0.951219512
0,0.328767123,0.131985671,0.533333333,0,0,0.5,0.5,0.733333333,0.666666667,0.857142857,0.2,1,0,0.951219512
0,0.630136986,0.069322752,0.8,0,0,0.346938776,0.25,0.6,1,0.071428571,0.8,0.25,0,0.731707317
0,0.068493151,0.1738268,0.6,0,0,0.397959184,0,1,0.666666667,0,0.6,1,1,0.951219512
0,0.02739726,0.380204517,0.6,0,0,0.346938776,0.5,1,0.666666667,0.857142857,0.6,1,1,0.951219512
0,0.01369863,0.105541856,0.533333333,0,0,0.397959184,0.5,0.733333333,0.666666667,0.428571429,0.6,1,1,0.951219512
0,0.109589041,0.010233304,0.8,0,0,0.397959184,0.5,0.6,0,0.857142857,0.2,1,0,0.951219512
0,0.479452055,0.07688644,0.2,0,0,0.397959184,0.5,0.333333333,1,0.571428571,0.2,1,0,0.951219512
0,0.438356164,0.134441502,0.6,0,0,0.602040816,0.5,1,0.333333333,0.5,0,0.5,1,0.951219512
0,0.356164384,0.182577134,0.733333333,0.046500465,0,0.397959184,0.5,0.466666667,0,0.714285714,0.2,1,0,0.951219512
1,0.328767123,0.12173613,0.8,0,0,0.397959184,0.5,0.6,0.333333333,0.285714286,0,1,1,0.951219512
0,0.232876712,0.126057851,0.533333333,0,0.45959596,0.397959184,0.625,0.733333333,0.333333333,0.285714286,0,1,1,0.951219512
1,0.301369863,0.077317394,0.6,0,0,0.397959184,0.5,1,0.333333333,0.071428571,0,1,1,0.951219512
0,0.219178082,0.061953908,0.6,0,0,0.5,0.75,1,0.333333333,0.214285714,0,1,1,0.951219512
1,0.547945205,0.206724105,0.866666667,0,0.648301194,0.5,0.5,0.8,0,0.285714286,0.2,1,1,0.951219512
0,0.397260274,0.213448209,0.666666667,0.033250333,0,0.418367347,0.875,0.533333333,0,0.928571429,0.2,1,0,0.951219512
1,0.356164384,0.115679768,0.866666667,0.150241502,0,0.316326531,0.5,0.8,0.333333333,0.285714286,1,1,0,0.951219512
0,0,0.081451714,0.333333333,0,0.367768595,0.091836735,0.5,0,0.666666667,0.571428571,0.6,1,0,0.951219512
1,0.534246575,0.118441393,0.6,0,0,0.602040816,0.625,1,0.333333333,0.857142857,1,1,0,0.048780488
1,0.205479452,0.238392818,0.8,0,0,0.5,0.5,0.6,0.333333333,0.714285714,0,1,1,0.951219512
1,0.273972603,0.094730112,0.6,0,0,0.397959184,0.5,1,0.333333333,0.5,0,1,1,0.951219512
0,0.246575342,0.013695146,0.533333333,0,0,0.448979592,0.5,0.733333333,0.333333333,0.428571429,0,1,1,0.951219512
0,0.232876712,0.190389787,0.6,0,0,0.397959184,0.5,1,0.333333333,0.214285714,0,0.25,1,0.731707317
0,0.219178082,0.116735166,0.533333333,0,0,0.346938776,0.5,0.733333333,0.666666667,0.571428571,0.2,1,0,0.951219512
1,0.191780822,0.2642061,0.533333333,0.07298073,0,0.448979592,0.75,0.733333333,0.333333333,0.214285714,0,1,1,0.951219512
1,0.479452055,0.209506026,0.6,0,0,0.397959184,0.5,1,0.333333333,0.928571429,0,0.5,1,0.951219512
1,0.493150685,0.109155918,0.533333333,0,0,0.397959184,0.5,0.733333333,0.333333333,0.571428571,0,1,1,0.951219512
0,0.493150685,0.093953447,0.333333333,0,0,1,0.75,0,0.5,1,0.2,1,1,0.951219512
0,0.301369863,0.097405141,0.6,0,0,0.37755102,0.5,1,0,0.071428571,0.8,1,0,0.951219512
0,0.273972603,0.063602629,0.533333333,0,0,0.397959184,0.125,0.733333333,0,0.428571429,0.8,1,1,0.951219512
0,0.109589041,0.03252318,0.8,0,0,0.397959184,0.5,0.6,0.666666667,0.285714286,0.6,1,1,0.951219512
0,0.301369863,0.116530852,0.533333333,0,0,0.397959184,0.5,0.733333333,0,0.571428571,0.2,1,0,0.951219512
0,0.095890411,0.199236189,0.666666667,0,0,0.346938776,0.5,0.533333333,0.666666667,0.285714286,0.6,1,1,0.951219512
0,0.630136986,0.027376084,0.8,0,0,0.397959184,0,0.6,0.333333333,0,0,1,1,0.951219512
0,0.04109589,0.094650281,0.533333333,0,0,0.397959184,0.5,0.733333333,0.666666667,0.214285714,0.6,1,1,0.951219512
0,0.232876712,0.154909462,0.533333333,0,0,0.397959184,0.25,0.733333333,0.666666667,0.785714286,0.2,1,1,0.951219512
1,0.561643836,0.206899328,0.533333333,0,0,0.397959184,0.75,0.733333333,0.333333333,0.285714286,0,1,1,0.951219512
1,0.383561644,0.071053335,0.533333333,0,0,0.5,0.5,0.733333333,0.333333333,0.285714286,1,1,0,0.951219512
0,0.260273973,0.070578406,0.533333333,0,0,0.37755102,0.5,0.733333333,0,0.5,0.8,1,0,0.951219512
0,0.095890411,0.264405679,0,0,0,0.397959184,0.5,0.866666667,0.666666667,0.071428571,0.2,1,1,0.634146341
0,0.191780822,0.016248397,0.8,0,0,0.5,0.5,0.6,0.333333333,0.5,0,1,1,0.951219512
0,0.068493151,0.091408314,0.6,0,0,0.43877551,0.5,1,0.666666667,0.857142857,0.2,1,1,0.951219512
0,0.246575342,0.08698173,0.533333333,0,0,0.397959184,0.75,0.733333333,0.333333333,0.214285714,0,1,1,0.951219512
0,0.438356164,0.083456294,0.533333333,0,0,0.397959184,0.5,0.733333333,1,0.214285714,0.8,0.25,0,0.853658537
0,0.315068493,0.103868779,0.6,0,0,0.397959184,0.75,1,0.666666667,0.214285714,0.6,1,1,0.951219512
0,0.589041096,0.051680688,0.533333333,0,0,0.397959184,0,0.733333333,0.333333333,0,0,1,1,0.951219512
0,0.369863014,0.112880933,0.533333333,0,0,0.397959184,0.5,0.733333333,0.666666667,0.857142857,0.2,1,0,0.951219512
0,0.02739726,0.138100215,0.533333333,0,0,0.551020408,0.5,0.733333333,0,0.928571429,0.8,1,0,0.951219512
0,0.04109589,0.111544772,0.533333333,0,0,0.448979592,0,0.733333333,0.666666667,0,0.6,0.75,0,0.951219512
0,0.493150685,0.099253441,0.533333333,0,0,0.37755102,0.5,0.733333333,1,0.5,0.8,0.5,0,0.951219512
1,0.205479452,0.17500871,0.8,0,0,0.5,0.5,0.6,0,0.285714286,0.2,1,0,0.951219512
0,0.136986301,0.126399502,0.6,0,0,0.397959184,0.5,1,0.666666667,0.071428571,0.6,1,0,0.634146341
0,0.109589041,0.013105881,0.666666667,0,0,0.336734694,0.5,0.533333333,0.833333333,0.571428571,0.2,1,0,0.951219512
1,0.410958904,0.117108615,0.333333333,0,0,0.397959184,0.5,0,0.333333333,0.5,0,1,1,0.951219512
0,0,0.175958569,0.4,0,0,0.06122449,0.5,0.066666667,0.666666667,0.071428571,0.6,1,0,0.951219512
0,0.123287671,0.104907264,0.533333333,0,0,0.295918367,0.5,0.733333333,0.666666667,0.571428571,0.4,1,1,0.951219512
0,0.397260274,0.007617811,0.533333333,0,0,0.397959184,0.5,0.733333333,0,0.785714286,0.2,1,1,0.951219512
0,0.301369863,0.143548371,0.6,0,0,0.234693878,0.5,1,0,0.214285714,0.8,0.5,1,0.951219512
0,0.767123288,0.195468553,0.066666667,0,0.398301194,0.193877551,0.5,0.2,0.333333333,1,0,1,1,0.951219512
0,0.479452055,0.110102394,0.333333333,0,0,0.346938776,0.75,0,0.333333333,0.214285714,0,1,1,0.951219512
1,0.164383562,0.074312215,0.8,0.086140861,0,0.397959184,0.5,0.6,0.666666667,0.714285714,0.2,1,0,0.951219512
1,0.356164384,0.070617645,0.933333333,0,0,0.346938776,0.75,0.933333333,0.333333333,0.714285714,0,0.75,1,0.951219512
0,0.205479452,0.19230777,0.533333333,0,0,0.418367347,0.5,0.733333333,0.333333333,0.5,0,1,1,0.951219512
1,0.260273973,0.128193003,0.4,0.135501355,0,0.397959184,0.5,0.066666667,0.666666667,0.785714286,0.2,0.5,1,0.951219512
0,0.136986301,0.130050774,0.8,0,0,0.357142857,0.5,0.6,0.666666667,0.928571429,0.2,1,0,0.951219512
1,0.287671233,0.117421851,0.866666667,1,0,0.704081633,0.5,0.8,0.333333333,0.285714286,0,1,1,0.951219512
0,0.232876712,0.167465319,0.533333333,0,0,0.397959184,0.5,0.733333333,0,0.571428571,0.8,0.5,0,0.951219512
0,0.493150685,0.362823596,0.6,0,0,0.397959184,0.5,1,0.333333333,0.214285714,0,1,1,0.317073171
0,0.397260274,0.076588763,0.8,0,0,0.397959184,0.5,0.6,0,0.714285714,0.2,0.5,0,0.951219512
0,0.287671233,0.21039229,0.6,0,0,0.397959184,0.5,1,0.333333333,0.571428571,1,0.5,0,0.951219512
1,0.315068493,0.252335576,0.6,0,0,0.397959184,0.5,1,0.333333333,0.5,0,1,1,0.951219512
0,0.315068493,0.126340643,0.533333333,0,0,0.397959184,0.5,0.733333333,0.333333333,0.5,0,1,1,0.634146341
0,0.191780822,0.185369203,0.8,0,0,0.193877551,0.75,0.6,0.333333333,0.071428571,1,1,0,0.951219512
0,0.178082192,0.124941564,0.733333333,0,0,0.142857143,0.5,0.466666667,0.666666667,0.928571429,0.6,1,0,0.951219512
0,0.164383562,0.155144897,0.533333333,0.02597026,0,0.397959184,0.5,0.733333333,0.666666667,0.214285714,0.2,1,1,0.951219512
0,0.123287671,0.13605166,0.6,0,0,0.193877551,0.5,1,0.666666667,0.571428571,0.2,1,1,0.951219512
0,0.164383562,0.073576819,0.533333333,0,0,0.397959184,0.125,0.733333333,0,0.071428571,0.2,0.5,0,0.951219512
1,0.465753425,0.124629004,0.8,0.140841408,0,0.5,0.5,0.6,0,0.285714286,0.2,1,1,0.951219512
0,0.232876712,0.114200857,0.666666667,0,0,0.448979592,0.75,0.533333333,0.333333333,0.214285714,0,1,1,0.951219512
1,0.315068493,0.122614952,0.6,0,0,0.397959184,0.625,1,0.333333333,0.357142857,0,1,1,0.951219512
0,0.643835616,0.086564307,0,0,0,0.397959184,0,0.866666667,0.333333333,0,0,1,1,0.951219512
0,0.246575342,0.081586345,0.533333333,0,0,0.397959184,0.25,0.733333333,0.333333333,1,0,1,1,0.951219512
0,0.602739726,0.14376351,0.733333333,0,0,0.908163265,0.75,0.466666667,0.5,0.285714286,0.2,1,0,0.951219512
0,0.178082192,0.085554236,0.533333333,0,0,0.397959184,0,0.733333333,0.666666667,0,0.6,1,1,0.951219512
0,0.383561644,0.155784225,0.6,0,0,0.397959184,0.5,1,0.666666667,0.857142857,0.2,0.5,1,0.951219512
0,0,0.1788988,0.533333333,0,0,0.193877551,0.5,0.733333333,0.666666667,0.071428571,0.6,1,1,0.951219512
0,0.397260274,0.105267182,0.533333333,0,0,0.428571429,0.5,0.733333333,0,0.928571429,0.2,1,0,0.951219512
0,0.493150685,0.014552318,0.533333333,0,0,0.397959184,0.875,0.733333333,0.333333333,0.428571429,0,1,1,0.951219512
0,0.506849315,0.253355118,0.6,0,0,0.602040816,0.75,1,0.333333333,0.285714286,0,1,1,0.951219512
1,0.178082192,0.088951807,0.8,0,0,0.397959184,0.5,0.6,0.333333333,0.714285714,0,1,1,0.951219512
0,0.054794521,0.101739039,0.533333333,0,0,0.397959184,0.5,0.733333333,0.333333333,0.214285714,0.4,1,1,0.170731707
0,0.410958904,0.140277989,0.733333333,0,0.323232323,0.397959184,0.25,0.466666667,0.833333333,0.285714286,0.2,1,1,0.951219512
0,0.260273973,0.166430893,0.533333333,0,0,0.346938776,0.75,0.733333333,0.666666667,0.214285714,0.6,1,1,0.951219512
0,0.410958904,0.045104068,0.4,0,0,0.275510204,0.5,0.066666667,0,0.857142857,0.8,1,0,0.951219512
0,0.465753425,0.111765323,0.533333333,0,0,0.448979592,0.875,0.733333333,0.333333333,0.214285714,0,1,1,0.951219512
0,0.397260274,0.140263782,0.6,0,0,0.397959184,0.5,1,0.333333333,0.071428571,0,1,1,0.951219512
0,0.369863014,0.107549819,0.733333333,0,0,0.448979592,0.5,0.466666667,0,0.5,0.6,1,0,0.951219512
0,0.191780822,0.113069687,0.133333333,0,0,0.397959184,0.5,0.266666667,0.333333333,0.571428571,0,1,1,0.634146341
0,0.301369863,0.067639527,0.533333333,0,0,0.397959184,0.5,0.733333333,0.333333333,0.214285714,0,1,1,0.951219512
1,0.191780822,0.073586967,0.533333333,0,0,0.704081633,0.25,0.733333333,0.333333333,0.214285714,0,1,1,0.951219512
0,0.150684932,0.171021199,0.4,0,0,0.397959184,0.5,0.066666667,0.666666667,0.214285714,0.2,1,1,0.951219512
1,0.410958904,0.075050994,0.866666667,0,0,0.37755102,0.875,0.8,0.333333333,0.714285714,0,1,1,0.951219512
1,0.150684932,0.269215183,0.4,0,0,0.602040816,0.5,0.066666667,0.333333333,0.214285714,0.2,1,1,0.951219512
1,0.602739726,0.236641263,0.733333333,0,0,0.5,0.5,0.466666667,0.333333333,0.285714286,0,1,1,0.951219512
0,0.04109589,0.04706535,0.6,0,0,0.142857143,0,1,0.666666667,0,0.6,0.25,0,0.951219512
0,0.287671233,0.151106646,0.533333333,0,0,0.397959184,0.5,0.733333333,0.666666667,0.428571429,0.2,0.5,0,0.951219512
0,0.383561644,0.083546273,0.866666667,0,0,0.295918367,0.25,0.8,0,0.714285714,0.2,1,0,0.951219512
0,0.342465753,0.121424923,0.533333333,0,0.536960514,0.397959184,0.5,0.733333333,0.666666667,0.071428571,0.4,0.5,0,0.926829268
0,0.095890411,0.006708544,0.533333333,0,0,0.397959184,0.5,0.733333333,0.333333333,0.785714286,0,0.25,1,0.902439024
0,0,0.09772379,0.4,0,0,0.193877551,0.5,0.066666667,0.666666667,0.571428571,0.4,1,0,0.951219512
1,0.287671233,0.036804985,0.533333333,0.051780518,0,0.5,0.625,0.733333333,0.333333333,0.285714286,0,1,1,0.780487805
0,0.424657534,0.024536656,0.6,0,0,0.724489796,0.5,1,0.666666667,0.285714286,0.2,1,1,0.951219512
0,0.739726027,0.011829256,0.6,0,0,0.275510204,0.5,1,1,0.571428571,0.2,1,0,0.951219512
0,0.178082192,0.2279004,0.8,0,0,0.704081633,0.5,0.6,0.666666667,0.714285714,0.2,1,1,0.951219512
0,0.232876712,0.128686198,0.466666667,0,0,0.397959184,0.5,0.133333333,0.333333333,0.571428571,0,1,1,0.146341463
0,0.205479452,0.059433806,0.6,0,0,0.142857143,0.5,1,0.666666667,0.571428571,0.6,1,0,0.951219512
1,0.369863014,0.12184167,0.8,0,0.424242424,0.397959184,0.5,0.6,0.333333333,0.714285714,0,1,1,0.951219512
1,0.328767123,0.10609391,0.8,0,0,0.397959184,0.5,0.6,0.333333333,0.214285714,0,0.25,1,0
0,0.109589041,0.09338042,0.533333333,0,0,0.397959184,0.5,0.733333333,0.666666667,0.5,0.2,1,1,0.951219512
1,0.452054795,0.056678269,0.866666667,0,0,0.704081633,0.25,0.8,0.333333333,0.714285714,0,1,1,0.951219512
0,0.273972603,0.126819632,0.6,0,0,0.397959184,0.5,1,0,0.214285714,0.6,1,1,0.951219512
0,0.287671233,0.058043522,0.6,0,0,0.397959184,0.5,1,0.666666667,0.071428571,0.4,0.75,1,0.463414634
0,0.01369863,0.094431759,0.6,0,0,0.295918367,0,1,0.666666667,0,0.6,1,0,0.951219512
1,0.328767123,0.114891602,0.866666667,0.278282783,0,0.346938776,0.5,0.8,0.666666667,0.714285714,0.2,1,0,0.951219512
0,0.328767123,0.116597829,0.8,0.044160442,0,0.397959184,0.5,0.6,0,0.428571429,0.2,1,1,0.951219512
1,0.520547945,0.116459139,0.6,0,0,1,0.75,1,0.333333333,0.357142857,0,1,1,0.951219512
0,0.082191781,0.111249125,0.4,0,0,0.397959184,0.5,0.066666667,0.333333333,0.5,0,1,1,0.804878049
0,0.164383562,0.104136011,0.6,0,0,0.551020408,0.5,1,0,0.928571429,0.2,1,1,0.951219512
0,0.054794521,0.128601631,0.6,0,0,0.244897959,0.5,1,0.666666667,0.857142857,0.6,0.5,1,0.951219512
0,0.191780822,0.119486643,0.733333333,0.033250333,0,0.346938776,0.875,0.466666667,0.666666667,0.071428571,0.2,1,0,0.951219512
0,0.205479452,0.098863079,0.533333333,0,0,0.5,0.5,0.733333333,0,0.857142857,0.2,1,1,0.951219512
0,0.465753425,0.131579749,0.6,0,0,0.5,0.5,1,0.333333333,0.428571429,0,1,1,0.951219512
0,0.315068493,0.198268064,0.266666667,0,0,0.397959184,0.5,0.4,0.666666667,0.214285714,0.4,0.5,1,0.951219512
0,0.616438356,0.106161564,0.533333333,0,0,0.397959184,0.5,0.733333333,1,0.214285714,0.8,1,1,0.951219512
0,0.493150685,0.141738633,0.533333333,0,0,0.397959184,0.125,0.733333333,0,0.214285714,0.2,0.5,1,0.951219512
0,0.04109589,0.06651174,0.6,0,0,0.295918367,0.5,1,0.666666667,0.857142857,0.6,1,0,0.951219512
1,0.575342466,0.095943144,0.866666667,0.278282783,0,0.448979592,0.5,0.8,0.666666667,0.857142857,0.2,1,0,0.951219512
1,0.465753425,0.188463685,0.533333333,0,0,0.397959184,0.5,0.733333333,0.333333333,0.071428571,0,1,1,0.951219512
0,0.246575342,0.045169016,0.533333333,0,0,0.724489796,0.5,0.733333333,0.666666667,1,0.8,0.5,1,0.951219512
0,0.342465753,0.095123857,0.6,0,0,0.520408163,0.75,1,0.333333333,0.214285714,0,1,1,0.951219512
0,0.205479452,0.156899159,0.6,0,0,0.5,0.5,1,0,0.285714286,0.2,1,1,0.804878049
1,0.342465753,0.119074632,0.8,0,0.436639118,0.397959184,0.25,0.6,0.333333333,0.785714286,0,1,1,0.951219512
1,0.534246575,0.063118905,0.6,0.076880769,0,0.5,0.625,1,0.333333333,0.285714286,0,1,1,0.951219512
0,0.643835616,0.180161895,0.533333333,0,0,0.397959184,0.5,0.733333333,0.833333333,0.5,0.8,0.5,0,0.951219512
0,0.109589041,0.120303224,0.533333333,0,0.394628099,0.153061224,0.25,0.733333333,0.666666667,0.357142857,0.6,1,1,0.951219512
0,0.712328767,0.090230462,0.6,0,0,0.234693878,0.5,1,1,0.071428571,0.2,1,0,0.951219512
0,0.054794521,0.051476374,0.533333333,0,0,0.153061224,0.5,0.733333333,0.333333333,0.571428571,0.4,1,0,0.951219512
0,0.356164384,0.134788565,0.533333333,0,0,0.397959184,0.5,0.733333333,0,0.071428571,0.6,1,0,0.951219512
1,0.356164384,0.089068848,0.533333333,0,0,0.5,0.875,0.733333333,0,0.071428571,0.8,1,0,0.951219512
0,0.369863014,0.572219347,0.533333333,0,0,0.397959184,0.5,0.733333333,0.666666667,0.571428571,0.8,0.5,0,0.951219512
0,0,0.16411037,0.4,0,0,0.193877551,0.625,0.066666667,0.666666667,0.714285714,0.6,1,1,0.951219512
1,0.452054795,0.117420498,0.533333333,0,0,0.551020408,0.5,0.733333333,0.333333333,0.857142857,0,1,1,0.951219512
0,0.068493151,0.144258058,0.8,0,0,0.397959184,0.5,0.6,0.333333333,0.714285714,1,1,0,0.951219512
0,0.671232877,0.119341864,0.8,0,0,0.030612245,0,0.6,0.333333333,0,1,1,0,0.951219512
0,0.136986301,0.012994929,0.8,0,0,0.295918367,0.5,0.6,0.333333333,0.928571429,0,1,1,0.951219512
1,0.438356164,0.054983543,0.733333333,0,0,0.448979592,0.625,0.466666667,0.333333333,0.285714286,0,1,1,0.951219512
0,0.438356164,0.013896077,0.533333333,0,0,0.704081633,0.75,0.733333333,0,1,0.2,1,1,0.951219512
1,0.506849315,0.104517578,0.866666667,0,0,0.448979592,0.875,0.8,0.666666667,0.714285714,0.2,1,0,0.951219512
1,0.479452055,0.203609327,0.533333333,0,0,0.551020408,0.75,0.733333333,0.333333333,0.214285714,0,1,1,0.951219512
1,0.205479452,0.222331821,0.8,0,0,0.5,0.5,0.6,0.666666667,0.714285714,0.2,1,1,0.951219512
0,0.589041096,0.117826421,0.2,0,0,0.397959184,0.5,0.333333333,0.333333333,0.5,1,1,0,0.951219512
0,0.589041096,0.037233233,0.533333333,0,0,0.397959184,0.125,0.733333333,0.666666667,0.071428571,0.2,0.5,0,0.951219512
0,0.575342466,0.118909557,0.533333333,0,0,0.397959184,0.125,0.733333333,0.333333333,0.071428571,0,0.5,1,0.951219512
0,0,0.147968189,0.4,0,0,0.153061224,0.5,0.066666667,0.666666667,0.571428571,0.6,1,0,0.951219512
0,0.054794521,0.079119013,0.6,0,0,0.397959184,0.5,1,0.666666667,0.214285714,0.6,1,1,0.951219512
1,0.260273973,0.176349607,0.8,0,0,0.5,0.5,0.6,0.333333333,0.857142857,0,1,1,0.951219512
0,0.424657534,0.20554287,0.533333333,0,0,0.397959184,0.5,0.733333333,0,0.285714286,0.8,1,0,0.951219512
1,0.164383562,0.119334423,0.6,0,0,0.397959184,0.5,1,0.333333333,0.214285714,0,0.5,1,0.56097561
0,0.493150685,0.10492756,0.533333333,0,0.399449036,0.5,0.125,0.733333333,0.333333333,1,0,1,1,0.951219512
0,0.328767123,0.071331392,0.6,0,0,0.653061224,0.625,1,0.333333333,0.357142857,0,1,1,0.951219512
1,0.287671233,0.211927353,0.933333333,0,0,0.5,0.125,0.933333333,0.333333333,0.714285714,0,1,1,0.951219512
0,0.383561644,0.109943408,0.8,0,0,0.56122449,0.5,0.6,0.833333333,0.714285714,0.8,1,0,0.268292683
1,0.356164384,0.132123008,1,0,0,0.418367347,0.75,0.666666667,0.333333333,0.714285714,0,1,1,0.951219512
0,0.136986301,0.127117308,0.533333333,0,0,0.397959184,0.5,0.733333333,0,0.071428571,0.4,1,0,0.951219512
0,0.164383562,0.08021771,0.533333333,0,0,0.448979592,0.625,0.733333333,0.333333333,0.285714286,0,1,1,0.951219512
0,0.273972603,0.260782821,0.533333333,0,0,0.112244898,0.5,0.733333333,0.5,0.357142857,0.4,1,1,0.634146341
0,0.068493151,0.117783799,0.533333333,0,0,0.397959184,0.5,0.733333333,0.333333333,0.642857143,1,1,0,0.951219512
0,0.150684932,0.166481634,0.8,0,0,0.346938776,0.5,0.6,0.666666667,0.571428571,0.2,1,0,0.951219512
1,0.246575342,0.220574854,0.533333333,0,0,0.5,0.625,0.733333333,0.333333333,0.285714286,0,1,1,0.951219512
0,0,0.144926477,0.4,0,0,0.193877551,0.5,0.066666667,0.666666667,0.857142857,0.6,1,0,0.951219512
0,0.178082192,0.247425945,0.533333333,0,0,0.397959184,0.5,0.733333333,0.666666667,0.5,0.6,1,1,0.951219512
0,0.315068493,0.012120843,0.666666667,0,0,0.346938776,0.5,0.533333333,0,0.428571429,0.2,1,0,0.951219512
0,0.068493151,0.138742926,0.533333333,0,0,0.397959184,0.5,0.733333333,0.833333333,0.071428571,0.8,1,0,0.951219512
0,0.123287671,0.146248431,0.4,0,0,0.397959184,0.5,0.066666667,0,0.428571429,0.2,1,1,0.951219512
0,0.191780822,0.105699489,0.8,0,0,0.5,0.5,0.6,0.666666667,0.285714286,0.8,1,0,0.951219512
0,0.383561644,0.237192641,0.533333333,0.050130501,0,0.397959184,0.5,0.733333333,0.333333333,0.214285714,0,1,1,0.951219512
0,0.260273973,0.209024332,0.4,0,0,0.397959184,0.25,0.066666667,0.333333333,0.214285714,0,1,1,0.951219512
0,0.04109589,0.077734141,0.6,0,0,0.142857143,0.5,1,0.666666667,0.714285714,0.6,1,0,0.951219512
0,0.410958904,0.022712712,0.533333333,0,0,0.397959184,0.5,0.733333333,0.666666667,0.071428571,0.8,1,0,0.951219512
1,0.315068493,0.175938949,0.533333333,0,0,0.397959184,0.5,0.733333333,0.333333333,0.071428571,1,1,0,0.951219512
0,0.575342466,0.057204615,0.533333333,0,0,0.397959184,0.5,0.733333333,0,0.571428571,0.8,1,0,0.951219512
0,0.465753425,0.097821888,0.266666667,0,0,0.602040816,0,0.4,0.833333333,0,0.2,1,1,0.951219512
0,0.068493151,0.076236287,0.8,0,0,0.397959184,0.5,0.6,0.666666667,0.857142857,0.2,1,1,0.951219512
1,0.397260274,0.153143023,0.533333333,0.07298073,0,0.397959184,0.875,0.733333333,0.333333333,0.571428571,0,0.5,1,0.951219512
1,0.438356164,0.243283506,0.666666667,0,0,0.56122449,0.25,0.533333333,0.333333333,0.785714286,0,1,1,0.951219512
0,0.328767123,0.068356657,0.533333333,0,0,0.397959184,0.5,0.733333333,0.333333333,0.428571429,0,1,1,0.951219512
0,0.04109589,0.019450449,0.6,0,0,0.193877551,0,1,0.666666667,0,0.6,1,1,0.951219512
0,0.02739726,0.199721267,0.6,0,0,0.153061224,0.5,1,0.666666667,0.571428571,0.6,1,0,0.951219512
1,0.410958904,0.063028925,0.8,0,0,0.653061224,0.5,0.6,0.333333333,0.857142857,0,1,1,0.951219512
0,0.684931507,0.113830115,0.533333333,0,0,0.091836735,0.5,0.733333333,0.333333333,0.857142857,0,1,1,0.951219512
0,0.219178082,0.032664576,0.533333333,0.034110341,0,0.397959184,0.5,0.733333333,0.333333333,0.214285714,0,1,1,0.951219512
1,0.369863014,0.071336127,0.666666667,0,0,0.397959184,0.5,0.533333333,0.333333333,0.928571429,0,1,1,0.951219512
1,0.301369863,0.106878017,0.866666667,0,0,0.295918367,0.25,0.8,0,0.714285714,0.8,1,0,0.951219512
1,0.383561644,0.01255315,0.866666667,0.278282783,0,0.5,0.5,0.8,0,0.714285714,0.2,1,1,0.951219512
0,0.616438356,0.099976659,0.533333333,0,0,0.43877551,0.875,0.733333333,0.333333333,1,0,1,1,0.951219512
1,0.191780822,0.195496291,0.8,0,0,0.5,0.5,0.6,0.333333333,0.214285714,0,1,1,0.951219512
0,0.602739726,0.080101345,0.6,0,0,0.418367347,0.5,1,0.333333333,0.714285714,0,1,1,0.951219512
1,0.452054795,0.089078319,0.533333333,0,0,0.653061224,0.5,0.733333333,0.333333333,0.857142857,0,1,1,0.951219512
1,0.452054795,0.063687196,0.533333333,0,0.340909091,0.367346939,0.5,0.733333333,0.333333333,0.857142857,1,0.5,0,0.951219512
0,0.136986301,0.266264803,0.266666667,0,0,0.397959184,0.5,0.4,0.666666667,0.214285714,0.4,1,1,0.634146341
0,0.342465753,0.135074064,0.6,0,0,0.397959184,0.5,1,0.666666667,1,0.2,0.5,1,0.951219512
1,0.315068493,0.090085007,0.8,0,0,0.397959184,0.5,0.6,0.333333333,0.714285714,0,1,1,0.951219512
0,0.219178082,0.164161787,0.6,0,0,0.448979592,0.25,1,0.333333333,0.785714286,0,1,1,0.951219512
0,0.109589041,0.170386607,0.8,0,0,0.602040816,0.5,0.6,0.666666667,0.714285714,0.2,1,1,0.951219512
1,0.273972603,0.081586345,0.533333333,0,0,0.397959184,0.5,0.733333333,0.333333333,0.285714286,0,1,1,0.951219512
0,0.383561644,0.060462819,0.333333333,0,0,0.397959184,0.5,0,0.666666667,0.5,0.2,0.25,1,0.975609756
0,0.04109589,0.0743386,0.6,0,0,0.397959184,0.5,1,0.666666667,0.071428571,0.2,1,0,0.951219512
1,0.178082192,0.055442236,0.8,0,0.453856749,0.5,0.5,0.6,0.333333333,0.714285714,0,1,1,0.951219512
1,0.273972603,0.076887116,0.533333333,0,0,0.397959184,0.125,0.733333333,0.333333333,0.071428571,0,1,1,0.951219512
0,0.191780822,0.11805712,0.533333333,0,0,0.418367347,0.5,0.733333333,0.666666667,0.214285714,0.6,1,1,0.951219512
0,0.273972603,0.117351492,0.533333333,0,0,0.193877551,0.5,0.733333333,0.333333333,0.571428571,1,1,0,0.951219512
0,0.054794521,0.197763368,0.666666667,0,0,0.989795918,0.75,0.533333333,0.666666667,0.357142857,0.6,1,1,0.951219512
0,0.575342466,0.071844207,0.8,0,0,0.397959184,0.5,0.6,0.333333333,0.714285714,0,0.25,1,0.073170732
0,0.520547945,0.120185507,0.333333333,0,0,0.397959184,0.5,0,0.333333333,0.214285714,0,1,1,0.951219512
0,0.136986301,0.075107147,0.533333333,0,0,0.397959184,0.5,0.733333333,0.333333333,0.571428571,0,1,1,0.756097561
0,0.095890411,0.296600738,0.6,0,0,0.346938776,0.5,1,0.666666667,0.857142857,0.6,1,1,0.951219512
0,0.136986301,0.093817463,0.133333333,0,0,0.479591837,0.5,0.266666667,0.666666667,0.357142857,0.8,1,1,0.317073171
1,0.315068493,0.064371175,0.8,0,0.453856749,0.5,0.5,0.6,0.333333333,0.285714286,0,1,1,0.951219512
0,0.01369863,0.197470427,0.4,0,0,0.346938776,0.5,0.066666667,0.666666667,0.857142857,0.6,1,1,0.951219512
0,0.095890411,0.179854071,0.733333333,0,0,0.397959184,0.5,0.466666667,0.666666667,0.071428571,0.2,1,1,0.951219512
0,0.273972603,0.134057905,0.4,0,0,0.397959184,0.5,0.066666667,0.666666667,0.428571429,0.2,0.5,1,0.951219512
0,0.136986301,0.268943891,0.6,0,0,0.5,0.125,1,0,0.071428571,0.4,0.5,0,0.951219512
1,0.493150685,0.154050936,0.533333333,0,0,0.397959184,0.5,0.733333333,0.333333333,0.214285714,0,1,1,0.951219512
0,0.465753425,0.100937342,0.533333333,0,0,0.397959184,0.625,0.733333333,0.333333333,0.857142857,1,1,0,0.951219512
1,0.369863014,0.23402374,0.6,0,0,0.448979592,0.5,1,0.333333333,0.857142857,0,1,1,0.951219512
1,0.287671233,0.076887116,0.8,0.278282783,0,0.448979592,0.5,0.6,0.833333333,0.285714286,0.2,1,1,0.951219512
0,0.561643836,0.079389628,0.533333333,0,0,0.030612245,0,0.733333333,0.666666667,0,0.2,1,0,0.951219512
1,0.356164384,0.113870707,0.8,0.086140861,0,0.397959184,0.5,0.6,0.833333333,0.285714286,0.8,1,1,0.951219512
0,0.342465753,0.236066882,0.4,0,0,0.397959184,0.5,0.066666667,0.333333333,0.571428571,0,1,1,0.951219512
0,0.054794521,0.125101903,0.6,0,0,0.397959184,0.5,1,0.666666667,0.5,0.6,1,1,0.951219512
0,0.219178082,0.075688292,0.533333333,0,0,0.5,0.5,0.733333333,0,0.214285714,0.2,1,1,0.951219512
0,0.123287671,0.1761595,0.8,0,0,0.193877551,0.5,0.6,0.666666667,0.857142857,0.2,0.25,1,0.853658537
0,0.260273973,0.178599771,0.6,0,0,0.397959184,0.5,1,0,0.857142857,0.2,1,1,0.951219512
0,0.232876712,0.130552088,0.533333333,0.028850289,0,0.806122449,0,0.733333333,0.333333333,0,0,1,1,0.951219512
0,0.01369863,0.088265121,0.333333333,0,0,0.397959184,0.5,0,0.666666667,0.428571429,0.2,1,1,0.951219512
0,0.315068493,0.132726479,0.533333333,0,0,0.397959184,0.5,0.733333333,0.666666667,0.214285714,0.2,1,1,0.951219512
1,0.424657534,0.06164676,0.8,0,0,0.346938776,0.5,0.6,0.333333333,0.928571429,0,1,1,0.951219512
0,0.287671233,0.027271897,0.6,0,0,0.397959184,0.5,1,0.666666667,0.071428571,0.6,0.5,0,0.951219512
0,0.534246575,0.164010243,0.533333333,0,0,0.193877551,0.75,0.733333333,0.333333333,0.857142857,0,1,1,0.951219512
1,0.575342466,0.196987379,0.866666667,0.047870479,0,0.602040816,0.25,0.8,1,0.714285714,0.8,1,0,0.951219512
0,0.054794521,0.01871167,0.6,0,0,0.193877551,0.5,1,0.666666667,0.857142857,0.6,1,0,0.951219512
0,0.397260274,0.24103402,0.733333333,0,0,0.397959184,0.75,0.466666667,0,0.214285714,0.2,1,1,0.951219512
0,0.123287671,0.085153726,0.466666667,0,0,0.479591837,0.5,0.133333333,0.666666667,0.214285714,0.4,0.75,1,0.317073171
0,0.397260274,0.046430082,0.866666667,0,0,0.295918367,0.75,0.8,0,0.285714286,0.2,1,1,0.951219512
0,0.123287671,0.13596574,0.8,0,0,0.397959184,0.25,0.6,0.666666667,0.714285714,0.6,1,1,0.951219512
0,0.493150685,0.078380911,0.8,0,0,0.397959184,0.125,0.6,0.833333333,0.071428571,0.2,0.5,1,0.951219512
0,0.369863014,0.178477994,0.6,0,0,0.448979592,0,1,0.666666667,0,0.4,1,1,0.951219512
0,0.136986301,0.11592738,0.533333333,0,0,0.397959184,0.5,0.733333333,0.666666667,1,0.6,1,1,0.951219512
0,0.068493151,0.066528653,0.8,0,0,0.142857143,0,0.6,0.666666667,0,0.6,0.25,0,0.87804878
0,0.356164384,0.155740927,0.6,0.050130501,0,0.397959184,0.5,1,0.333333333,0.071428571,0,1,1,0.951219512
0,0.109589041,0.11449921,0.866666667,0,0,0.428571429,0.5,0.8,0.666666667,0.285714286,0.2,1,0,0.951219512
1,0.328767123,0.042640796,0.933333333,0,0,0.397959184,0.25,0.933333333,0.333333333,0.714285714,0,1,1,0
0,0.054794521,0.096527672,0.533333333,0,0,0.397959184,0.5,0.733333333,0,0.5,0.4,0.5,0,0.951219512
0,0.082191781,0.101478572,0.533333333,0,0,0.397959184,0.5,0.733333333,0.666666667,0.5,0.6,1,1,0.951219512
0,0.054794521,0.07444414,0.6,0,0,0.602040816,0.5,1,0.666666667,0.571428571,0.6,1,0,0.951219512
0,0.260273973,0.067510985,1,0,0,0.448979592,0.875,0.666666667,0.666666667,0.714285714,0.2,1,1,0.951219512
0,0.424657534,0.104989801,0.6,0,0,0.397959184,0.5,1,0,0.214285714,0.2,1,1,0.951219512
1,0.465753425,0.102587417,0.8,0,0,0.56122449,0.5,0.6,0.333333333,1,0,1,1,0.951219512
1,0.287671233,0.07231643,0.8,0,0,0.397959184,0.5,0.6,0.333333333,0.857142857,0,1,1,0.951219512
0,0.109589041,0.075654465,0.6,0,0,0.397959184,0.5,1,0.666666667,0.071428571,0.6,1,0,0.951219512
0,0.02739726,0.16606624,0.6,0,0,0.244897959,0.5,1,0.666666667,0.857142857,0.4,1,0,0.951219512
1,0.643835616,0.036769128,0.8,0.278282783,0,0.5,0.5,0.6,0,0.285714286,0.8,1,1,0.951219512
1,0.452054795,0.113597386,1,1,0,0.5,0.5,0.666666667,0.333333333,0.714285714,0,1,1,0.951219512
1,0.465753425,0.056678269,0.6,0,0.453856749,0.397959184,0.5,1,0.333333333,0.857142857,0,1,1,0.951219512
0,0.095890411,0.163899291,0.533333333,0,0,0.193877551,0.5,0.733333333,0.666666667,0.071428571,0.4,0.5,0,0.951219512
0,0.095890411,0.108388725,0.8,0,0,0.551020408,0.5,0.6,0.666666667,0.928571429,0.2,1,1,0.951219512
1,0.301369863,0.008157011,0.8,0,0,0.397959184,0.5,0.6,0.333333333,0.714285714,0,1,1,0.951219512
0,0.164383562,0.246526826,0.533333333,0,0,0.397959184,0.5,0.733333333,0.666666667,0.928571429,0.6,0.5,1,0.951219512
1,0.589041096,0.129744303,0.866666667,0,0,0.479591837,0.25,0.8,0.333333333,0.714285714,0,1,1,0.951219512
0,0.493150685,0.125003129,0.6,0,0,0.397959184,0.5,1,0.333333333,0.214285714,0,1,1,0.951219512
0,0.410958904,0.018740761,0.8,0,0,0.397959184,0.25,0.6,0.333333333,0.714285714,0,1,1,0.951219512
1,0.616438356,0.156583216,0.866666667,0.07298073,0,0.704081633,0.75,0.8,0.333333333,0.714285714,0,1,1,0.951219512
0,0.684931507,0.122257064,0.533333333,0.067230672,0,0.397959184,0.5,0.733333333,1,0.071428571,0.8,1,0,0.951219512
0,0.465753425,0.095242251,0.533333333,0.050130501,0,0.397959184,0.5,0.733333333,0.333333333,1,0,1,1,0.951219512
0,0.109589041,0.217433691,0.266666667,0,0,0.448979592,0.5,0.4,0.333333333,0.5,0,1,1,0.951219512
0,0.452054795,0.046659428,0.533333333,0,0,0.295918367,0.5,0.733333333,0.333333333,0.571428571,1,0.25,0,0.951219512
0,0,0.009976896,0.333333333,0,0,0.112244898,0.5,0,0.666666667,0.857142857,0.6,1,0,0.951219512
0,0.054794521,0.030452976,0.6,0,0,0.142857143,0.75,1,0.666666667,0.071428571,0.6,1,0,0.951219512
1,0.205479452,0.079677156,0.8,0,0,0.448979592,0.5,0.6,0.333333333,0.285714286,0,1,1,0.951219512
1,0.315068493,0.095739506,0.8,0,0,0.724489796,0.5,0.6,0.333333333,0.857142857,1,1,0,0
1,0.342465753,0.066048312,0.6,0,0,0.397959184,0.5,1,0.666666667,0.928571429,0.2,1,0,0.951219512
0,0.219178082,0.145011721,0.6,0,0,0.346938776,0.5,1,0.333333333,0.571428571,1,1,0,0.951219512
1,0.712328767,0.102715283,0.8,0.106051061,0,0.5,0.5,0.6,0.333333333,0.857142857,0,1,1,0.951219512
0,0.547945205,0.035636605,0.666666667,0,0.436639118,0.448979592,0.5,0.533333333,0.333333333,0.714285714,0,1,1,0.951219512
0,0.301369863,0.114401789,0.733333333,0,0,0.193877551,0.5,0.466666667,0.666666667,0.071428571,0.2,1,1,0.951219512
1,0.287671233,0.117224303,0.533333333,0,0,0.5,0.5,0.733333333,0,0.857142857,0.2,1,1,0.951219512
0,0.493150685,0.131250275,0.8,0,0,0.346938776,0.75,0.6,0.333333333,0.214285714,0,0.25,1,0.975609756
0,0.821917808,0.114800946,0.2,0,0,0.397959184,0.25,0.333333333,1,0.071428571,0.2,1,0,0.951219512
0,0.315068493,0.080152762,0.533333333,0,0,0.418367347,0.5,0.733333333,0.333333333,0.285714286,0,1,1,0.951219512
0,0.301369863,0.066871657,0.533333333,0,0,0.397959184,0.5,0.733333333,0.333333333,0.428571429,0,1,1,0.951219512
0,0.246575342,0.011899615,0.6,0,0,0.397959184,0.5,1,0.333333333,0.428571429,0,1,1,0.951219512
0,0.068493151,0.186315679,0.4,0,0,0.397959184,0.5,0.066666667,0.666666667,0.357142857,0.4,1,1,0.634146341
1,0.383561644,0.134007841,0.533333333,0.150241502,0,0.806122449,0.75,0.733333333,0.333333333,0.857142857,0,1,1,0.951219512
0,0.534246575,0.091581508,0.533333333,0,0,0.316326531,0.5,0.733333333,0,0.071428571,0.8,1,0,0.951219512
0,0.068493151,0.112046086,0.6,0,0,0.244897959,0,1,0.666666667,0,0.2,0.25,0,0.951219512
0,0.164383562,0.080058047,0.6,0,0,0.255102041,0.5,1,0.5,0.857142857,0.6,0.25,0,0.463414634
0,0.315068493,0.088356454,0.8,0,0,0.397959184,0.5,0.6,1,0.285714286,0.8,1,0,0.951219512
0,0.342465753,0.07372904,0.866666667,0,0,0.397959184,0.875,0.8,0,0.714285714,0.2,1,1,0.951219512
0,0.068493151,0.138486518,0.533333333,0,0,0.397959184,0.5,0.733333333,0.666666667,0.071428571,0.2,0,0,0.951219512
1,0.191780822,0.114404495,0.866666667,0,0.436639118,0.448979592,0.5,0.8,0.333333333,0.714285714,1,1,0,0.951219512
1,0.273972603,0.277818708,0.866666667,0,0,0.397959184,0.5,0.8,0.666666667,0.285714286,0.6,1,1,0.951219512
0,0.246575342,0.201611512,0.533333333,0,0,0.397959184,0.5,0.733333333,0.333333333,1,1,0.5,0,0.951219512
0,0.191780822,0.019760303,0.8,0,0,0.448979592,0.625,0.6,0.666666667,0.357142857,0.2,1,0,0.951219512
0,0.493150685,0.073848111,0.6,0,0,0.551020408,0.5,1,0.333333333,0.857142857,0,1,1,0.951219512
1,0.863013699,0.145404789,0.8,0.093860939,0,0.397959184,0.5,0.6,0.333333333,0.285714286,0,1,1,0.951219512
1,0.589041096,0.132181867,0.533333333,0,0,0.397959184,0.5,0.733333333,0.333333333,0.928571429,1,1,0,0.951219512
1,0.246575342,0.118924441,0.866666667,0.135501355,0,0.551020408,0.5,0.8,0.666666667,0.714285714,0.2,1,1,0
0,0.205479452,0.078214483,0.6,0,0,0.346938776,0.5,1,0.666666667,0.285714286,0.8,0.5,0,0.951219512
0,0.082191781,0.119691634,0.533333333,0,0,0.397959184,0.5,0.733333333,0.666666667,0.857142857,0.2,1,1,0.951219512
0,0.219178082,0.056722921,0.4,0,0,0.397959184,0.5,0.066666667,0.666666667,0.214285714,0.6,1,1,0.951219512
0,0.095890411,0.27683164,0.8,0,0,0.397959184,0.5,0.6,0.333333333,0.857142857,0,1,1,0.951219512
0,0.191780822,0.014944033,0.933333333,0,0,0.5,0.5,0.933333333,0.666666667,0.714285714,0.2,1,1,0.951219512
0,0.301369863,0.082666098,0.8,0,0.404499541,0.397959184,0.75,0.6,0,0.071428571,0.2,1,1,0.951219512
1,0.219178082,0.111036692,0.866666667,0.051780518,0,0.091836735,0.5,0.8,0.333333333,0.714285714,1,1,0,0.951219512
0,0.219178082,0.045850966,0.533333333,0,0,0.397959184,0.5,0.733333333,0.666666667,1,0.2,1,1,0.951219512
0,0.01369863,0.147544677,0.4,0.005940059,0,0.030612245,0.75,0.066666667,0.666666667,0.571428571,0.6,1,0,0.951219512
0,0.315068493,0.122177909,0.333333333,0,0,0.397959184,0.5,0,0,0.5,0.2,1,1,0.951219512
0,0.383561644,0.164441197,0.6,0,0,0.397959184,0.5,1,0,0.285714286,0.2,1,0,0.951219512
0,0.178082192,0.082075481,0.8,0,0,0.397959184,0.5,0.6,0,0.285714286,0.2,1,1,0.951219512
0,0.082191781,0.128971697,0.666666667,0,0,0.397959184,0.5,0.533333333,0.666666667,0.071428571,0.6,1,0,0.268292683
0,0.315068493,0.051069098,0.533333333,0,0.373737374,0.448979592,0.5,0.733333333,0.333333333,0.214285714,1,1,0,0.951219512
0,0.315068493,0.108432023,0.533333333,0,0,0.397959184,0.75,0.733333333,0.333333333,0.214285714,0,1,1,0.951219512
0,0.219178082,0.141857027,0.8,0.02202022,0,0.5,0.5,0.6,0.666666667,0.714285714,0.2,1,1,0.951219512
0,0,0.077856594,0.333333333,0,0,0.193877551,0.5,0,0.666666667,0.571428571,0.6,1,0,0.951219512
0,0.246575342,0.193726469,0.8,0,0,0.5,0.5,0.6,0.666666667,0.857142857,0.2,0.25,1,0.951219512
0,0.410958904,0.1388417,0.533333333,0,0,0.448979592,0.5,0.733333333,1,0.642857143,0.2,0.25,0,0.902439024
0,0.671232877,0.142428025,0.6,0,0,0.346938776,0,1,0,0,0.4,1,0,0.951219512
0,0.465753425,0.116538294,0.533333333,0,0,0.397959184,0.25,0.733333333,0.333333333,0.5,0,1,1,0.951219512
0,0.04109589,0.14002767,0.4,0,0,0.602040816,0.5,0.066666667,0.666666667,0.214285714,0.2,1,1,0.951219512
1,0.287671233,0.092727562,0.533333333,0,0,0.397959184,0.5,0.733333333,0.333333333,0.214285714,0,1,1,0.951219512
0,0.287671233,0.278273341,0.533333333,0,0,0.397959184,0.5,0.733333333,0.333333333,0.214285714,0,1,1,0.195121951
0,0.04109589,0.136897332,0.6,0,0,0.234693878,0,1,0.666666667,0,0.6,1,1,0.951219512
0,0.232876712,0.049447438,0.533333333,0,0,0.397959184,0.5,0.733333333,0.333333333,0.214285714,0,1,1,0.951219512
1,0.219178082,0.106205539,0.8,0.150241502,0,0.397959184,0.5,0.6,0.333333333,0.714285714,0,1,1,0.804878049
0,0.123287671,0.097802268,0.8,0,0,0.397959184,0.5,0.6,0.666666667,0.928571429,0.2,1,1,0.951219512
0,0.178082192,0.080710229,0.666666667,0,0,0.602040816,0.75,0.533333333,0.666666667,0.214285714,0.6,1,1,0.951219512
0,0.02739726,0.18116723,0.6,0,0,0.5,0.5,1,0.666666667,0.5,0.4,1,1,0.951219512
0,0.136986301,0.258871603,0.533333333,0,0,0.397959184,0.5,0.733333333,0.666666667,0.214285714,0.6,1,1,0.951219512
0,0.068493151,0.137908079,0.533333333,0,0,0.397959184,0.125,0.733333333,0.666666667,0.071428571,0.4,1,1,0.951219512
1,0.164383562,0.220326565,0.533333333,0,0,0.397959184,0.5,0.733333333,0.333333333,0.857142857,0,1,1,0.951219512
1,0.493150685,0.102774818,0.533333333,0,0,0.397959184,0.5,0.733333333,0.333333333,1,0,0.5,1,0.951219512
0,0.273972603,0.127284413,0.6,0,0,0.173469388,0.5,1,0.666666667,0.571428571,0.2,1,0,0.951219512
0,0.397260274,0.157930202,0.6,0,0,0.5,0.75,1,0,0.285714286,0.2,1,1,0.951219512
0,0.315068493,0.248718131,0.6,0,0,0.397959184,0.5,1,0.333333333,0.5,0,1,1,0.951219512
0,0.095890411,0.07770302,0.6,0,0,0.397959184,0.5,1,0.666666667,0.071428571,0.6,1,0,0.951219512
0,0.465753425,0.121743572,0.6,0.034640346,0,0.479591837,0.5,1,0.333333333,0.428571429,0,1,1,0.951219512
0,0.136986301,0.105009421,0.8,0,0,0.397959184,0.5,0.6,0.333333333,0.714285714,1,1,0,0.951219512
0,0.095890411,0.145038106,0.533333333,0,0,0.346938776,0.5,0.733333333,0.666666667,0.571428571,0.2,0,1,0.951219512
0,0.260273973,0.105462024,0.533333333,0,0,0.397959184,0.5,0.733333333,0.333333333,0.214285714,0,1,1,0.804878049
0,0.054794521,0.104470221,0.6,0,0,0.132653061,0.875,1,0.666666667,0.571428571,0.6,1,0,0.951219512
0,0.479452055,0.105721138,0.2,0,0,0.397959184,0.75,0.333333333,0.333333333,1,0,1,1,0.951219512
1,0.438356164,0.060769967,0.533333333,0,0,0.295918367,0.75,0.733333333,0.333333333,0.928571429,0,1,1,0.951219512
0,0.273972603,0.165956641,0.533333333,0,0,0.397959184,0.25,0.733333333,0,0.071428571,0.8,1,0,0.951219512
0,0.465753425,0.083149823,0.2,0,0,0.295918367,0.5,0.333333333,0.833333333,0.5,0.2,0.5,0,0.951219512
0,0.219178082,0.067456862,0.6,0,0,0.448979592,0.875,1,0,0.071428571,0.8,1,0,0.951219512
0,0.424657534,0.119891213,0.4,0,0,0.397959184,0.5,0.066666667,0,0.071428571,0.2,1,1,0.951219512
0,0.109589041,0.03676101,0.6,0,0,0.244897959,0.5,1,0.666666667,0.571428571,0.6,1,0,0.951219512
1,0.095890411,0.149659533,0.6,0,0,0.397959184,0.5,1,0.333333333,1,0,1,1,0.951219512
0,0.328767123,0.309291902,0.6,0,0,0.397959184,0.5,1,0.333333333,0.214285714,0,1,1,0.951219512
1,0.260273973,0.077895834,0.8,0,0,0.5,0.25,0.6,0.333333333,0.071428571,0,0.5,1,0
0,0.273972603,0.119218058,0.8,0,0,0.346938776,0.5,0.6,0.666666667,0.071428571,0.2,1,0,0.951219512
0,0.219178082,0.11973358,0.6,0,0,0.040816327,0.75,1,0.666666667,0.571428571,0.2,1,0,0.951219512
1,0.301369863,0.128983198,0.866666667,0,0,0.397959184,0.625,0.8,0.333333333,0.714285714,1,1,0,0.951219512
1,0.191780822,0.237359745,0.6,0,0,0.397959184,0.5,1,0.333333333,0.285714286,0,0.5,1,0.951219512
1,0.438356164,0.115327292,1,0,0,0.346938776,0.75,0.666666667,0.333333333,0.714285714,1,1,0,0.951219512
0,0.054794521,0.119414254,0.533333333,0,0,0.346938776,0.5,0.733333333,0.333333333,0.857142857,0,0.75,1,0.951219512
0,0.191780822,0.084925057,0.6,0,0,0.295918367,0.5,1,0,0.857142857,0.6,1,0,0.951219512
0,0.150684932,0.110260027,0.6,0,0,0.397959184,0.5,1,0.333333333,0.428571429,0,0.5,1,0.634146341
0,0.04109589,0.138201696,0.6,0,0,0.193877551,0.5,1,0.666666667,0.571428571,0.6,1,0,0.951219512
1,0.438356164,0.0813137,1,0.074300743,0,0.397959184,0.5,0.666666667,0,0.928571429,0.8,1,1,0.951219512
0,0.575342466,0.056151247,0.066666667,0,0,0.397959184,0.5,0.2,0.333333333,0.5,0,1,1,0.951219512
1,0.630136986,0.118072004,0.8,0,0,0.295918367,0,0.6,0.333333333,0,0,1,1,0.951219512
0,0.246575342,0.189362803,0.8,0,0,0.397959184,0.5,0.6,0.333333333,0.071428571,0,1,1,0.951219512
0,0.068493151,0.327268176,0.6,0,0,0.397959184,0.5,1,0.333333333,0.5,0,1,1,0.634146341
0,0.397260274,0.08607517,0,0,0,0.755102041,0.5,0.866666667,0.333333333,0.5,0.4,0.5,1,0.146341463
0,0.342465753,0.104543963,0.6,0,0,0.602040816,0.75,1,0.333333333,0.357142857,0,1,1,0.951219512
0,0.054794521,0.073866377,0.6,0,0,0.397959184,0,1,0.666666667,0,0.6,1,1,0.951219512
1,0.136986301,0.13694266,0.933333333,0,0,0.418367347,0.5,0.933333333,0.333333333,0.714285714,0,1,1,0.951219512
0,0.438356164,0.103664465,0.6,0,0,0.397959184,0.5,1,0,0.428571429,0.8,0.5,0,0.951219512
1,0.123287671,0.169918443,0.666666667,0.143441434,0,0.397959184,0.5,0.533333333,0.666666667,0.928571429,0.2,1,1,0.951219512
0,0.04109589,0.182880899,0.6,0,0,0.193877551,0.5,1,0.666666667,0.428571429,0.4,1,1,0.951219512
0,0.315068493,0.179419734,0.533333333,0,0,0.397959184,0.75,0.733333333,0.833333333,0.214285714,0.6,1,1,0.951219512
0,0.178082192,0.062083803,0.533333333,0,0,0.418367347,0.5,0.733333333,0.333333333,0.214285714,0,1,1,0.951219512
1,0.520547945,0.107965212,0.533333333,0,0,0.459183673,0.125,0.733333333,0.333333333,0.071428571,0,1,1,0.951219512
0,0.260273973,0.223498848,0.866666667,0,0,0.142857143,0.5,0.8,0.666666667,0.285714286,0.2,1,1,0.951219512
0,0.465753425,0.090585645,0.266666667,0,0,0.397959184,0.25,0.4,0.333333333,1,0,0.5,1,0.951219512
1,0.328767123,0.062652094,0.866666667,0,0,0.397959184,0.5,0.8,0.333333333,0.285714286,0,1,1,0.951219512
0,0.054794521,0.130949892,0.6,0,0,0.244897959,0.5,1,0.666666667,0.857142857,0.6,0.5,0,0.951219512
0,0.835616438,0.206361481,0.533333333,0,0,0.397959184,0,0.733333333,1,0,0.2,1,1,0.951219512
1,0.547945205,0.066389963,0.533333333,1,0,0.397959184,0.25,0.733333333,0.333333333,0.214285714,0,1,1,0.951219512
0,0.082191781,0.087264523,0.8,0,0,0.295918367,0.5,0.6,0.666666667,0.571428571,0.6,0.5,0,0.951219512
0,0.095890411,0.116003153,0.4,0,0,0.653061224,0.5,0.066666667,0.333333333,0.214285714,0,1,1,0.951219512
0,0.054794521,0.017046712,0.6,0,0,0.193877551,0.5,1,0.666666667,0.571428571,0.6,1,0,0.951219512
0,0.095890411,0.126620053,0.8,0,0,0.142857143,0.5,0.6,0.666666667,0.285714286,0.6,1,0,0.951219512
0,0.301369863,0.077537269,1,0,0,0.295918367,0.875,0.666666667,0.666666667,0.714285714,0.2,0.5,0,0.951219512
1,0.356164384,0.117127558,0.8,0,0.453856749,0.5,0.75,0.6,0.333333333,0.285714286,0,1,1,0.951219512
0,0.054794521,0.069774679,0.533333333,0,0,0.5,0.5,0.733333333,0.333333333,0.214285714,0,1,1,0.951219512
0,0.191780822,0.067502867,0.8,0,0,0.397959184,0.5,0.6,0.666666667,0.714285714,0.2,1,0,0.951219512
0,0.657534247,0.065668774,0.266666667,0,0,0.234693878,0.5,0.4,1,0.642857143,0.8,0.5,0,0.951219512
0,0.123287671,0.125257507,0.8,0,0,0.5,0.25,0.6,0.666666667,0.714285714,0.2,1,0,0.951219512
0,0.589041096,0.076247112,0.533333333,0,0,0.193877551,0.5,0.733333333,0.333333333,0.857142857,0,1,1,0.951219512
0,0.328767123,0.154141593,0.6,0,0,0.5,0.625,1,0.333333333,0.357142857,0,1,1,0.951219512
0,0.178082192,0.014098362,0.533333333,0,0,0.132653061,0.5,0.733333333,0.833333333,0.357142857,0.8,1,0,0.951219512
0,0.054794521,0.123519483,0.533333333,0,0,0.397959184,0.5,0.733333333,0.666666667,0.5,0.6,1,1,0.951219512
0,0.205479452,0.014093626,0.666666667,0,0,0.397959184,0.5,0.533333333,0.333333333,0.571428571,0,1,1,0.951219512
0,0.219178082,0.0667695,0.6,0,0,0.397959184,0.5,1,0,0.214285714,0.4,0.75,0,0.951219512
1,0.465753425,0.057944747,0.8,0.051780518,0,0.397959184,0.125,0.6,0.333333333,0.357142857,0,1,1,0.951219512
0,0.123287671,0.014427159,0.533333333,0,0,0.397959184,0.5,0.733333333,0.666666667,1,0.6,1,1,0.951219512
0,0.246575342,0.104765191,0.8,0.050130501,0,0.397959184,0.5,0.6,0.333333333,0.714285714,0,1,1,0.951219512
0,0.465753425,0.015510295,0.533333333,0,0,0.397959184,0.25,0.733333333,0.333333333,1,0,0,1,0.951219512
0,0.328767123,0.134932668,0.6,0,0,0.397959184,0.5,1,0.666666667,0.071428571,0.2,1,0,0.634146341
0,0.287671233,0.110827642,0.8,0,0,0.397959184,0.5,0.6,0.333333333,0.285714286,0,1,1,0.951219512
0,0.01369863,0.030324433,0.4,0,0,0.153061224,0.5,0.066666667,0.666666667,0.857142857,0.6,1,1,0.951219512
0,0.506849315,0.301026645,0.866666667,0,0,0.397959184,0.5,0.8,0.333333333,0.857142857,0,1,1,0.951219512
0,0.191780822,0.253056088,0.533333333,0,0,0.5,0.125,0.733333333,0.333333333,0.071428571,0,0.5,1,0.951219512
1,0.397260274,0.096882854,0.866666667,0,0,0.5,0.5,0.8,0.333333333,0.285714286,0,1,1,0.951219512
0,0.356164384,0.091484763,0.8,0,0,0.397959184,0.5,0.6,0,0.714285714,0.8,1,1,0.951219512
0,0.082191781,0.249950782,0.733333333,0,0.395087236,0.193877551,0,0.466666667,0.666666667,0,0.6,1,1,0.951219512
0,0.465753425,0.060099519,0.533333333,0,0,0.704081633,0.25,0.733333333,0.333333333,0.785714286,0,1,1,0.951219512
0,0.479452055,0.126785128,0.333333333,0,0,0.448979592,0.5,0,0.333333333,0.428571429,0,1,1,0.951219512
0,0.342465753,0.213754681,0.6,0,0,0.295918367,0.5,1,0.666666667,0.571428571,0.6,1,1,0.951219512
0,0.273972603,0.128443321,0.8,0,0,0.193877551,0.875,0.6,0.666666667,0.714285714,0.2,1,0,0.951219512
1,0.287671233,0.299769639,0.8,0,0,0.632653061,0.5,0.6,0.333333333,0.285714286,0,1,1,0.951219512
1,0.589041096,0.1142746,0.6,0,0,0.397959184,0.625,1,0.333333333,0.285714286,0,1,1,0.951219512
0,0.520547945,0.183578409,0.933333333,0,0,0.346938776,0.75,0.933333333,0,0.714285714,0.2,1,0,0.951219512
0,0.054794521,0.017918768,0.6,0,0,0.397959184,0.25,1,0.666666667,0.071428571,0.6,1,1,0.951219512
0,0,0.094993285,0.466666667,0,0,0.295918367,0.5,0.133333333,0.666666667,0.571428571,0.6,1,0,0.951219512
0,0.164383562,0.103816009,0.8,0,0,0,0.5,0.6,0.666666667,0.714285714,0.2,0.25,1,0.585365854
0,0.150684932,0.139549358,0.6,0,0.404499541,0.397959184,0.75,1,0.666666667,1,0.2,1,1,0.951219512
1,0.493150685,0.124163546,0.133333333,0.051780518,0,0.397959184,0.5,0.266666667,0.333333333,0.214285714,0,0.75,1,0.804878049
1,0.328767123,0.09256181,0.8,0,0,0.346938776,0.625,0.6,0.333333333,0.285714286,0,1,1,0.951219512
1,0.273972603,0.120898577,0.6,0.07298073,0,0.397959184,0.5,1,0.333333333,0.857142857,1,1,0,0.951219512
1,0.589041096,0.20620723,0.8,0,0,0.448979592,0.5,0.6,0.333333333,0.285714286,0,1,1,0.951219512
1,0.452054795,0.058226187,0.6,0,0,0.397959184,0.5,1,0.333333333,0.071428571,0,0.25,1,0.731707317
1,0.123287671,0.160139773,0.4,0,0,0.397959184,0.5,0.066666667,0.333333333,0.071428571,0,1,1,0.951219512
0,0.397260274,0.185009285,0.533333333,0.040640406,0,0.551020408,0.5,0.733333333,0.333333333,0.357142857,0,1,1,0.951219512
1,0.397260274,0.068682748,0.466666667,0.07298073,0,0.397959184,0.5,0.133333333,0.333333333,0.214285714,0,1,1,0
0,0.575342466,0.043015598,0.866666667,0,0,0.602040816,0.5,0.8,0.333333333,0.714285714,0,1,1,0.951219512
1,0.205479452,0.040825646,0.933333333,0.140841408,0,0.551020408,0.125,0.933333333,0.666666667,0.714285714,0.2,1,1,0.951219512
0,0.109589041,0.173687433,0.533333333,0,0,0.397959184,0.5,0.733333333,0.666666667,0.571428571,0.4,0.5,0,0.951219512
0,0.260273973,0.047494951,0.8,0,0,0.397959184,0.5,0.6,0.333333333,0.071428571,1,0.25,0,0.731707317
0,0.424657534,0.108532827,0.533333333,0,0,0.397959184,0.5,0.733333333,0,0.571428571,0.8,0.5,0,0.951219512
0,0.178082192,0.105572976,0.533333333,0,0,0.295918367,0.5,0.733333333,0.333333333,0.857142857,1,1,0,0.951219512
0,0.136986301,0.028828609,0.533333333,0,0,0.397959184,0.5,0.733333333,0.333333333,0.428571429,0,1,1,0.951219512
0,0.397260274,0.172968274,0.666666667,0,0,0.357142857,0.25,0.533333333,0,0.285714286,0.2,1,0,0.951219512
0,0.232876712,0.067842489,0.533333333,0,0,0.448979592,0.5,0.733333333,0.333333333,1,0,1,1,0.951219512
0,0.726027397,0.077922219,0.533333333,0,0,0.397959184,0.25,0.733333333,0.333333333,0.857142857,0,1,1,0.951219512
1,0.287671233,0.18632921,0.4,0,0,0.479591837,0.5,0.066666667,0.333333333,0.428571429,0,1,1,0.951219512
0,0.369863014,0.07620449,0.533333333,0,0,0.397959184,0.5,0.733333333,0.333333333,0.285714286,0,1,1,0.634146341
1,0.643835616,0.11746515,0.933333333,1,0,0.346938776,0.625,0.933333333,0.333333333,0.714285714,0,1,1,0.951219512
0,0.068493151,0.01769754,0.8,0,0,0.091836735,0.5,0.6,0.666666667,0.714285714,0.2,1,0,0.951219512
1,0.410958904,0.139393755,0.733333333,0,0,0.397959184,0.125,0.466666667,0.333333333,0.428571429,0,0.25,1,0.731707317
1,0.287671233,0.067121976,0.6,0.07298073,0,0.5,0.5,1,0.333333333,1,0,1,1,0.951219512
0,0.095890411,0.108210119,0.533333333,0,0,0.418367347,0.5,0.733333333,0.333333333,0.5,0,1,1,0.951219512
0,0.068493151,0.063817768,0.8,0,0,0.142857143,0.5,0.6,0.666666667,0.285714286,0.6,1,0,0.951219512
1,0.506849315,0.048051742,0.933333333,0,0,0.295918367,0.75,0.933333333,0.333333333,0.714285714,0,1,1,0.951219512
1,0.342465753,0.227163651,0.733333333,0,0,0.397959184,0.125,0.466666667,0.833333333,0.714285714,0.8,1,0,0.951219512
0,0.109589041,0.038869777,0.333333333,0,0,0.397959184,0.5,0,0.666666667,0.5,0.6,1,1,0.780487805
0,0.178082192,0.24594974,0.533333333,0,0,0.397959184,0.5,0.733333333,0.666666667,0.428571429,0.4,1,1,0.951219512
0,0.328767123,0.060753054,0.533333333,0,0,0.397959184,0.5,0.733333333,0.666666667,0.5,0.8,1,0,0.951219512
0,0.753424658,0.042259229,0.533333333,0,0,0.163265306,0.5,0.733333333,0.333333333,0.857142857,1,1,0,0.951219512
1,0.410958904,0.173015631,0.533333333,0,0,0.551020408,0.5,0.733333333,0.333333333,1,0,1,1,0.951219512
0,0.273972603,0.128811358,0.533333333,0,0,0.397959184,0.75,0.733333333,0.333333333,0.714285714,0,1,1,0.951219512
0,0.068493151,0.077571772,0.666666667,0,0,0.397959184,0.5,0.533333333,0.333333333,0.928571429,0,1,1,0.951219512
0,0.712328767,0.132996418,0.866666667,0,0,0.102040816,0.875,0.8,0.333333333,0.714285714,0,1,1,0.951219512
0,0.02739726,0.093049594,0.6,0,0,0.193877551,0.5,1,0.666666667,0.571428571,0.6,1,1,0.951219512
0,0.356164384,0.124498432,0.533333333,0,0,0.397959184,0.25,0.733333333,0,0.285714286,0.8,0,0,0.951219512
0,0.054794521,0.149131833,0.533333333,0,0,0.397959184,1,0.733333333,0.666666667,0.214285714,0.6,0.5,1,0.951219512
0,0.109589041,0.105056778,0.6,0,0,0.244897959,0.5,1,0.666666667,0.571428571,0.6,1,0,0.951219512
0,0.520547945,0.119911509,0.2,0,0,0.602040816,0.5,0.333333333,0.333333333,0.214285714,0,1,1,0.951219512
1,0.164383562,0.095165802,0.533333333,0,0,0.397959184,0.5,0.733333333,0.333333333,0.214285714,0,1,1,0.951219512
0,0.397260274,0.060938425,0.8,0,0,0.397959184,0.5,0.6,0,0.714285714,0.2,1,1,0.951219512
0,0.520547945,0.179920372,0.333333333,0,0,0.346938776,0.75,0,0.333333333,0.857142857,0,1,1,0.951219512
0,0.315068493,0.061905873,0.733333333,0,0,0.316326531,0.5,0.466666667,0,0.071428571,0.8,0.5,0,0.951219512
0,0.657534247,0.058908813,0.933333333,0.010860109,0,0.602040816,0.75,0.933333333,0.666666667,0.714285714,0.2,1,1,0.951219512
0,0.205479452,0.166142688,0.8,0,0,0.5,0.5,0.6,0.666666667,0.071428571,0.2,1,0,0.951219512
0,0.452054795,0.140539809,0.866666667,0,0,0.397959184,0.5,0.8,0.333333333,0.714285714,1,1,0,0.951219512
0,0.534246575,0.096855793,0.8,0,0,0.5,0.5,0.6,0.333333333,0.714285714,0,1,1,0.951219512
1,0.397260274,0.242088065,0.933333333,1,0,0.602040816,0.5,0.933333333,0.333333333,0.714285714,0,1,1,0.951219512
0,0.342465753,0.069206388,0.866666667,0,0,0.704081633,0.75,0.8,0,0.285714286,0.8,1,0,0.951219512
0,0.054794521,0.200222581,0.133333333,0,0,0.397959184,0.5,0.266666667,0.333333333,0.428571429,0,1,1,0.634146341
1,0.369863014,0.049603042,0.533333333,0,0,0.397959184,0.5,0.733333333,0,0.214285714,0.2,1,1,0.951219512
0,0.164383562,0.092106501,0.533333333,0,0,0.602040816,0.5,0.733333333,0.333333333,0.357142857,0,1,1,0.951219512
0,0.178082192,0.116967895,0.533333333,0,0,0.214285714,0.5,0.733333333,0.666666667,0.428571429,0.2,1,1,0.951219512
0,0.178082192,0.123437622,0.8,0,0,0.397959184,0.25,0.6,0.333333333,0.785714286,0,1,1,0.951219512
0,0.301369863,0.195913038,0.8,0,0,0.234693878,0.5,0.6,0,0.071428571,0.2,0.25,0,0.731707317
1,0.452054795,0.125003129,0.933333333,0,0,0.5,0.75,0.933333333,0,0.857142857,0.2,1,1,0.951219512
0,0.246575342,0.10440392,0.533333333,0,0,0.397959184,0.5,0.733333333,0.333333333,0.928571429,0,1,1,0.951219512
0,0.150684932,0.070368679,0.2,0,0,0.448979592,0.5,0.333333333,0.666666667,0.5,0.2,1,1,0.951219512
0,0.452054795,0.104376182,0.533333333,0,0,0.5,0.5,0.733333333,0.333333333,0.5,0,1,1,0.951219512
0,0.260273973,0.058848601,0.533333333,0,0,0.397959184,0.5,0.733333333,0.333333333,0.357142857,1,1,0,0.951219512
0,0.821917808,0.216206452,0.6,0,0,0.010204082,0,1,0.833333333,0,0.2,1,1,0.951219512
0,0.205479452,0.080699404,0.6,0,0,0.397959184,0.5,1,0.333333333,0.5,0,1,1,0.951219512
0,0.589041096,0.070671768,0.333333333,0,0,0.397959184,0,0,0.333333333,0,0,1,1,0.951219512
0,0.315068493,0.073060621,0.8,0,0,0.448979592,0.5,0.6,0.333333333,0.857142857,0,1,1,0.951219512
0,0.109589041,0.168548455,0.8,0,0,0.5,0.5,0.6,0.666666667,0.857142857,0.6,1,1,0.951219512
0,0.561643836,0.149452512,0.533333333,0,0,0.265306122,0.5,0.733333333,1,0.071428571,0.2,1,0,0.951219512
0,0.410958904,0.138496666,0.533333333,0,0,0.448979592,0.5,0.733333333,0.333333333,0.857142857,0,1,1,0.951219512
0,0.465753425,0.160624173,0.6,0,0,0.397959184,0.5,1,0,0.071428571,0.8,1,0,0.951219512
1,0.287671233,0.065521289,0.866666667,0,0,0.704081633,0.75,0.8,0.333333333,0.285714286,0,1,1,0.951219512
0,0.397260274,0.234488521,0.533333333,0,0,0.397959184,0.5,0.733333333,0.333333333,0.5,0,1,1,0.951219512
0,0.904109589,0.117600457,0.6,0,0,0.397959184,0.5,1,0.666666667,0.285714286,0.2,1,0,0.951219512
0,0.246575342,0.007852569,0.533333333,0,0,0.397959184,0.125,0.733333333,0,0.714285714,0.8,1,0,0.951219512
0,0.095890411,0.255949639,0.533333333,0,0,0.357142857,0,0.733333333,0.666666667,0,0.2,1,0,0.951219512
1,0.095890411,0.117668788,0.6,0,0,0.5,0.5,1,0.333333333,0.928571429,0,1,1,0.951219512
1,0.561643836,0.328098964,0.8,0,0,0.397959184,0.125,0.6,0.333333333,0.285714286,0,0.5,1,0.951219512
0,0.068493151,0.025119155,0.6,0,0,0.397959184,0.25,1,0.666666667,0.071428571,0.6,0,0,0.951219512
0,0.136986301,0.088177172,0.8,0.04101041,0,0.397959184,0.875,0.6,0.666666667,0.714285714,0.2,1,0,0.951219512
0,0.232876712,0.139284832,0.533333333,0,0,0.43877551,0.5,0.733333333,0,0.214285714,0.8,1,1,0.951219512
0,0.643835616,0.121987125,0.533333333,0,0,0.295918367,0.5,0.733333333,1,0.071428571,0.2,1,0,0.951219512
0,0.082191781,0.078990471,0.533333333,0,0,0.397959184,0.5,0.733333333,0.666666667,0.5,0.8,0.5,0,0.951219512
0,0.123287671,0.099865031,0.6,0,0,0.397959184,0.5,1,0.666666667,0.285714286,0.8,0.5,0,0.951219512
0,0.287671233,0.119291801,0.6,0,0,0.448979592,0.25,1,0.333333333,0.214285714,0,1,1,0.951219512
1,0.356164384,0.187092344,0.666666667,0,0.436639118,0.418367347,0.5,0.533333333,0.333333333,0.785714286,0,1,1,0.951219512
0,0.150684932,0.160512545,0.6,0,0,0.397959184,0.5,1,0.333333333,0.214285714,0,1,1,0.951219512
1,0.506849315,0.063258272,0.866666667,0,0,0.367346939,0.25,0.8,0,0.714285714,0.8,0.5,0,0.951219512
0,0.02739726,0.148821979,0.266666667,0,0,0.397959184,0.5,0.4,0.666666667,0.571428571,0.6,1,1,0.951219512
0,0,0.066647724,0.4,0,0,0.193877551,0.5,0.066666667,0.666666667,0.857142857,0.6,1,0,0.951219512
0,0.178082192,0.075964319,0.866666667,0,0,0.153061224,0.5,0.8,0.666666667,0.714285714,0.2,1,0,0.951219512
1,0.630136986,0.062472135,0.933333333,0.03103031,0,0.316326531,0.75,0.933333333,0.333333333,0.714285714,0,1,1,0.951219512
0,0.109589041,0.125753409,0.533333333,0,0,0.397959184,0.5,0.733333333,0.666666667,0.285714286,0.6,1,0,0.951219512
0,0.01369863,0.053158922,0.6,0,0,0.193877551,0.5,1,0.666666667,0.857142857,0.6,0.25,0,0.951219512
0,0.465753425,0.160375884,0.533333333,0,0,0.397959184,0.5,0.733333333,0.333333333,0.214285714,0,1,1,0.951219512
0,0.164383562,0.208485808,0.533333333,0,0,0.397959184,0.5,0.733333333,0.666666667,0.785714286,0.2,0.25,1,0.731707317
0,0.205479452,0.014761368,0.6,0,0,0.397959184,0.5,1,0.333333333,0.285714286,0,1,1,0.951219512
1,0.246575342,0.0670002,0.733333333,0,0.433195592,0.448979592,0.625,0.466666667,0.333333333,0.857142857,0,1,1,0.951219512
0,0.260273973,0.104996567,0.333333333,0,0,0.397959184,0.5,0,0.666666667,0.428571429,0.2,1,1,0.951219512
1,0.643835616,0.073574113,0.6,0,0,0.397959184,0.5,1,0.666666667,0.928571429,0.2,1,1,0.951219512
0,0.246575342,0.27001282,0.6,0,0,0.357142857,0.5,1,0.333333333,0.285714286,0,1,1,0.951219512
0,0.657534247,0.133647247,0.666666667,0,0,0.397959184,0.5,0.533333333,0.333333333,0.071428571,1,1,0,0.951219512
0,0.164383562,0.027003312,0.533333333,0,0,0.397959184,0.5,0.733333333,0.5,0.785714286,0.2,1,1,0.951219512
0,0.123287671,0.155310649,0.466666667,0,0,0.397959184,0.5,0.133333333,0.666666667,0.214285714,0.8,1,1,0.951219512
0,0.205479452,0.094627955,0.533333333,0,0,0.530612245,0.5,0.733333333,0.833333333,0.214285714,0.2,1,1,0.951219512
0,0.136986301,0.027644669,0.533333333,0,0,0.397959184,0.5,0.733333333,0.666666667,0.214285714,0.2,0.5,1,0.951219512
0,0.424657534,0.076859378,0.266666667,0,0,0.397959184,0.5,0.4,0.333333333,0.5,0,1,1,0.756097561
1,0.315068493,0.21239687,0.6,0,0,0.397959184,0.5,1,0,1,0.8,1,1,0.951219512
0,0.178082192,0.242344473,0.6,0,0,0.397959184,0.75,1,0.666666667,0.857142857,0.2,1,1,0.951219512
1,0.136986301,0.015389195,0.6,0,0,0.397959184,0.5,1,0.333333333,0.428571429,0,1,1,0.951219512
1,0.506849315,0.109951526,0.533333333,0,0,0.397959184,0.5,0.733333333,0.333333333,0.5,1,1,0,0.951219512
0,0.438356164,0.075987998,0.533333333,0,0,0.316326531,0.5,0.733333333,0,0.071428571,0.2,1,1,0.951219512
0,0.465753425,0.088989693,0.533333333,0,0,0.397959184,0.5,0.733333333,0.333333333,0.214285714,0,1,1,0.951219512
1,0.109589041,0.030680969,0.666666667,0,0,0.418367347,0.5,0.533333333,0.333333333,0.857142857,1,1,0,0.951219512
0,0.109589041,0.133741285,0.6,0,0,0.448979592,0.5,1,0.666666667,0.571428571,0.2,1,0,0.951219512
0,0.342465753,0.115710889,0.133333333,0,0,0.397959184,0.5,0.266666667,0.333333333,0.571428571,0,1,1,0.195121951
1,0.438356164,0.076859378,0.933333333,0,0,0.397959184,0.625,0.933333333,0.333333333,0.714285714,0,1,1,0.951219512
0,0.493150685,0.125299452,0.533333333,0,0,0.397959184,0.5,0.733333333,0,0.5,0.2,1,0,0.951219512
0,0.068493151,0.146205809,0.6,0,0,0.357142857,0.5,1,0.666666667,0.071428571,0.6,1,0,0.951219512
0,0.123287671,0.098322526,0.8,0,0,0.397959184,0.5,0.6,0.666666667,0.714285714,0.6,1,1,0
0,0.04109589,0.205391326,0.533333333,0,0.459366391,0.397959184,0.5,0.733333333,0.666666667,0.571428571,0.8,1,1,0.951219512
1,0.287671233,0.121811902,0.466666667,0,0,0.397959184,0.5,0.133333333,0.333333333,0.214285714,0,1,1,0.951219512
1,0.424657534,0.08849988,1,0,0.436639118,0.397959184,0.5,0.666666667,0.333333333,0.714285714,0,0.25,1,0.073170732
0,0.136986301,0.145487327,0.8,0,0,0.5,0.75,0.6,0.666666667,0.857142857,0.4,0.25,1,0
1,0.383561644,0.112328202,1,0,0,0.56122449,0.5,0.666666667,0.333333333,0.714285714,0,1,1,0.951219512
1,0.397260274,0.116875886,0.533333333,0,0,0.755102041,0.5,0.733333333,0.333333333,0.214285714,0,1,1,0.951219512
0,0.205479452,0.092852045,0.533333333,0,0,0.397959184,0.5,0.733333333,0.666666667,0.5,0.6,1,1,0.951219512
0,0.643835616,0.195564621,0.533333333,0,0,0.397959184,0.5,0.733333333,0.333333333,0.214285714,0,1,1,0.951219512
0,0.178082192,0.052878836,0.2,0,0,0.397959184,0.5,0.333333333,0.333333333,0.357142857,0,1,1,0.634146341
0,0.534246575,0.161413692,0.4,0,0,0.448979592,0.5,0.066666667,0.333333333,0.214285714,0,1,1,0.951219512
0,0.301369863,0.050243723,0.533333333,0,0.43067034,0.397959184,0.25,0.733333333,0,0.214285714,0.2,1,1,0.951219512
1,0.273972603,0.110163959,0.6,0,0,0.397959184,0.75,1,0.333333333,0.214285714,0,1,1,0.951219512
1,0.383561644,0.121721246,0.6,0,0.340909091,0.397959184,0.75,1,0.333333333,0.214285714,0,1,1,0.951219512
0,0.452054795,0.006862118,0.866666667,0,0,0.397959184,0,0.8,0.666666667,0,0.2,1,1,0.951219512
0,0.136986301,0.192929508,0.533333333,0,0,0.397959184,0.5,0.733333333,0.666666667,0.071428571,0.6,0.5,1,0.951219512
0,0.082191781,0.094461527,0.8,0,0.394628099,0.397959184,0.5,0.6,0.666666667,0.5,0.6,1,0,0.951219512
1,0.246575342,0.133971308,0.533333333,0,0,0.551020408,0.5,0.733333333,0.333333333,0.857142857,0,1,1,0.951219512
1,0.410958904,0.191208397,0.933333333,1,0,0.397959184,0.5,0.933333333,0.333333333,0.285714286,0,1,1,0.951219512
0,0.246575342,0.064748683,0.4,0,0,0.448979592,0.5,0.066666667,0.666666667,0.857142857,0.2,1,1,0.951219512
0,0.191780822,0.026510792,0.533333333,0,0,0.37755102,0.5,0.733333333,0,0.071428571,0.8,1,0,0.951219512
0,0.630136986,0.114245509,0.533333333,0,0,0.346938776,0.5,0.733333333,0.333333333,0.857142857,0,1,1,0.951219512
0,0.04109589,0.198623923,0.6,0,0,0.397959184,0.5,1,0.666666667,1,0.6,1,1,0.951219512
0,0.04109589,0.029212883,0.533333333,0,0,0.397959184,0.5,0.733333333,0.666666667,0.857142857,0.6,1,1,0.951219512
1,0.383561644,0.17471577,0.8,0.150241502,0,0.397959184,0.625,0.6,0.333333333,0.714285714,0,1,1,0.951219512
0,0.150684932,0.131656874,0.533333333,0,0,0.397959184,0.5,0.733333333,0,0.214285714,0.2,1,1,0.951219512
0,0.726027397,0.147844383,0.666666667,0,0,0.295918367,0,0.533333333,0.666666667,0,0.2,1,1,0.951219512
0,0.04109589,0.130984396,0.6,0,0,0.193877551,0.5,1,0.666666667,0.857142857,0.6,1,0,0.951219512
0,0.465753425,0.074333864,0.6,0.033250333,0,0.397959184,0.5,1,1,0.714285714,0.2,1,0,0.951219512
0,0.178082192,0.111348576,0.6,0,0,0.397959184,0.5,1,0.833333333,0.071428571,0.8,0.5,0,0.951219512
1,0.287671233,0.260867389,0.8,0.150241502,0,0.5,0.5,0.6,0.333333333,0.285714286,0,1,1,0.951219512
0,0.575342466,0.101996123,0.6,0,0,0.37755102,0.875,1,0,0.071428571,0.2,1,0,0.951219512
0,0.054794521,0.095565636,0.333333333,0,0,0.295918367,0.5,0,0.333333333,0.357142857,0,1,1,0.951219512
0,0.082191781,0.304447895,0.733333333,0,0,0.43877551,0.5,0.466666667,0.666666667,0.571428571,0.6,0.5,1,0.951219512
0,0.150684932,0.199270693,0.733333333,0,0,0.397959184,0.5,0.466666667,0.333333333,0.428571429,0,1,1,0.658536585
0,0.123287671,0.123993735,0.533333333,0,0,0.397959184,0.5,0.733333333,0.666666667,0.5,0.6,0.5,1,0.951219512
0,0.150684932,0.009248266,0.666666667,0,0,0.397959184,0.5,0.533333333,0.666666667,0.714285714,0.8,0,1,0.951219512
1,0.369863014,0.02422139,0.8,0,0,0.397959184,0.5,0.6,0.333333333,0.285714286,0,1,1,0.951219512
0,0.150684932,0.077941162,0.533333333,0.057210572,0,0.397959184,0.25,0.733333333,0.833333333,0.071428571,0.2,1,0,0.951219512
0,0.356164384,0.096406572,0.8,0,0,0.806122449,0.75,0.6,0.333333333,0.5,1,0.25,0,0.902439024
0,0,0.126204659,0.4,0,0,0.091836735,0.5,0.066666667,0.666666667,0.071428571,0.4,1,0,0.951219512
1,0.260273973,0.124647947,0.866666667,0,0,0.397959184,0.25,0.8,0.333333333,0.714285714,1,1,0,0.951219512
1,0.260273973,0.105384222,0.8,0.051780518,0,0.397959184,0.5,0.6,0.333333333,0.285714286,0,1,1,0.951219512
0,0.342465753,0.246115492,0.533333333,0,0,0.295918367,0.5,0.733333333,0.333333333,1,0,1,1,0.951219512
1,0.424657534,0.080873951,0.6,0,0,0.397959184,0.5,1,0.333333333,0.071428571,0,1,1,0.951219512
1,0.287671233,0.299769639,0.466666667,0,0,0.56122449,0.125,0.133333333,0.333333333,0.785714286,0,1,1,0.951219512
0,0.328767123,0.12082957,0.533333333,0,0,0.397959184,0.5,0.733333333,0,0.642857143,0.2,1,0,0.317073171
0,0.191780822,0.170879126,0.533333333,0,0,0.397959184,0.5,0.733333333,0.333333333,0.5,1,0,0,0.951219512
0,0.452054795,0.134516597,0.333333333,0,0,0.397959184,0.5,0,0.333333333,0.571428571,0,0.5,1,0.951219512
1,0.397260274,0.085123282,0.866666667,0,0.436639118,0.602040816,0.25,0.8,0.333333333,0.285714286,0,1,1,0.951219512
0,0.328767123,0.114965344,0.6,0,0,0.295918367,0.5,1,0,0.928571429,0.8,1,0,0.951219512
0,0.424657534,0.041005605,0.533333333,0,0,0.397959184,0.125,0.733333333,0.333333333,0.428571429,0,1,1,0.951219512
0,0.04109589,0.270328763,0.666666667,0,0,0.295918367,0.5,0.533333333,0.666666667,0.571428571,0.2,1,1,0.951219512
0,0.178082192,0.311780883,0.6,0,0,0.5,0.5,1,0.333333333,0.857142857,0,1,1,0.951219512
0,0.01369863,0.013503009,0.4,0.005940059,0,0.295918367,0.5,0.066666667,0.666666667,0.428571429,0.6,1,1,0.951219512
1,0.342465753,0.140560105,0.533333333,0,0,0.397959184,0.5,0.733333333,0.333333333,0.857142857,0,0.5,1,0.951219512
1,0.438356164,0.07930912,0.533333333,0,0,0.5,0.5,0.733333333,0.333333333,1,0,1,1,0.951219512
1,0.616438356,0.07658944,0.533333333,0.051780518,0,0.397959184,0,0.733333333,0.333333333,0,1,1,0,0.829268293
1,0.205479452,0.048120748,0.8,0,0,0.346938776,0.125,0.6,0.333333333,0.071428571,0,1,1,0.951219512
0,0.136986301,0.087618352,0.6,0,0,0.295918367,0.75,1,0.333333333,0.285714286,0,1,1,0.951219512
1,0.328767123,0.079723837,0.933333333,0,0,0.806122449,0.5,0.933333333,0.333333333,0.714285714,0,1,1,0.951219512
0,0.438356164,0.098290052,0.533333333,0,0,0.459183673,0.125,0.733333333,0.333333333,0.071428571,0,1,1,0.951219512
0,0.205479452,0.068383718,0.8,0,0,0.397959184,0.5,0.6,0.666666667,1,0.2,1,1,0.951219512
0,0.082191781,0.061415384,0.533333333,0,0,0.397959184,0.5,0.733333333,0.666666667,0.071428571,0.6,1,0,0.951219512
0,0.178082192,0.174166421,0.6,0,0,0.448979592,0.5,1,0.666666667,0.857142857,0.2,1,0,0.951219512
0,0.232876712,0.222331821,0.533333333,0.021740217,0,0.448979592,0.5,0.733333333,0.833333333,0.5,0.2,1,1,0.951219512
0,0.315068493,0.062181224,0.533333333,0,0,0.397959184,0.5,0.733333333,0.333333333,0.928571429,0,1,1,0.951219512
0,0.287671233,0.061590607,0.533333333,0,0,0.397959184,0.5,0.733333333,0,0.5,0.2,1,1,0.951219512
0,0.205479452,0.106589812,0.733333333,0,0,0.397959184,0.25,0.466666667,0,0.285714286,0.2,0.5,0,0.951219512
1,0.301369863,0.143592346,0.533333333,0.07298073,0,0.397959184,0.5,0.733333333,0.333333333,0.214285714,0,1,1,0.951219512
0,0.356164384,0.166086536,0.533333333,0,0,0.397959184,0.5,0.733333333,0.333333333,0.071428571,0,1,1,0.951219512
1,0.383561644,0.112821398,0.466666667,0,0,0.346938776,0.5,0.133333333,0.333333333,0.071428571,0,1,1,0
0,0.739726027,0.112311965,0.733333333,0,0,0.020408163,0,0.466666667,0.333333333,0,0,1,1,0.951219512
0,0.493150685,0.109419768,0.866666667,0,0.43067034,0.37755102,0.5,0.8,0,0.714285714,0.8,1,0,0.951219512
0,0.424657534,0.017951242,0.866666667,0,0,0.755102041,0.5,0.8,0.333333333,0.714285714,0,1,1,0.951219512
0,0.273972603,0.082024064,0.8,0,0,0.397959184,0.125,0.6,0.333333333,0.071428571,0,1,1,0.951219512
0,0.602739726,0.018160292,0.533333333,0,0,0.346938776,0.75,0.733333333,0.333333333,0.214285714,0,1,1,0.951219512
0,0.424657534,0.110708571,0.533333333,0,0,0.479591837,0.5,0.733333333,0.333333333,0.5,0,1,1,0.951219512
0,0.342465753,0.089269779,0.6,0,0,0.602040816,0.625,1,0.666666667,0.857142857,0.2,1,1,0.951219512
1,0.438356164,0.085908742,0.6,0,0,0.704081633,0.875,1,0.333333333,0.571428571,0,1,1,0.951219512
1,0.479452055,0.274914333,0.866666667,0.150241502,0,0.397959184,0.125,0.8,0.333333333,0.714285714,0,1,1,0.341463415
1,0.356164384,0.007355314,0.866666667,0,0.436639118,0.5,0.25,0.8,0.333333333,0.285714286,0,1,1,0.951219512
1,0.164383562,0.07184353,0.6,0.07298073,0,0.5,0.5,1,0.333333333,0.071428571,1,1,0,0.951219512
1,0.301369863,0.185712208,1,0,0,0.448979592,0.5,0.666666667,0.333333333,0.285714286,0,1,1,0.951219512
0,0.068493151,0.182608931,0.533333333,0,0,0.397959184,0.5,0.733333333,0.666666667,0.285714286,0.8,1,1,0.634146341
1,0.452054795,0.112470951,0.933333333,0,0,0.602040816,0.5,0.933333333,0.333333333,0.714285714,0,1,1,0.951219512
1,0.260273973,0.065521289,0.8,0,0,0.5,0.75,0.6,0.333333333,0.857142857,0,1,1,0.951219512
0,0.465753425,0.085627302,0.533333333,0,0,0.397959184,0.5,0.733333333,0.333333333,0.214285714,0,1,1,0.951219512
0,0.410958904,0.098514662,0.4,0,0,0.357142857,0.5,0.066666667,0.333333333,0.571428571,0,0,1,0.951219512
0,0,0.070347706,0.466666667,0,0,0.142857143,0.5,0.133333333,0.666666667,0.214285714,0.6,1,1,0.097560976
0,0.01369863,0.090221667,0.4,0,0,0.081632653,0.5,0.066666667,0.666666667,0.571428571,0.6,1,0,0.951219512
0,0.054794521,0.084288435,0.6,0,0,0.091836735,0.5,1,0.666666667,0.714285714,0.6,1,1,0.951219512
1,0.520547945,0.07610098,0.8,0.150241502,0,0.5,0.5,0.6,0.333333333,0.285714286,0,1,1,0.951219512
0,0.232876712,0.094855948,0.533333333,0,0,0.602040816,0.5,0.733333333,0,1,0.8,1,1,0.951219512
1,0.424657534,0.111379696,0.6,0,0,0.397959184,0.875,1,0.333333333,0.785714286,0,1,1,0.951219512
0,0.164383562,0.181351925,0.6,0,0,0.397959184,0.25,1,0.333333333,1,0,1,1,0.951219512
0,0.643835616,0.152284497,0.533333333,0.034710347,0,0.397959184,0.25,0.733333333,0.333333333,0.428571429,0,1,1,0.951219512
1,0.452054795,0.257343305,1,0,0,0.397959184,0.875,0.666666667,0.333333333,0.714285714,0,1,1,0.951219512
1,0.547945205,0.106773154,0.8,0,0.436639118,0.397959184,0.875,0.6,0.333333333,0.285714286,0,1,1,0.951219512
0,0.356164384,0.140964675,0.8,0,0.545684114,0.5,0.75,0.6,0.333333333,0.357142857,0,1,1,0.951219512
1,0.164383562,0.219861783,0.666666667,0,0,0.397959184,0.5,0.533333333,0.333333333,0.285714286,0,1,1,0.951219512
0,0.068493151,0.251210494,0.6,0,0,0.397959184,0.5,1,0.666666667,0.071428571,0.6,1,0,0.951219512
0,0.02739726,0.008892407,0.6,0,0,0.153061224,0.5,1,0.666666667,0.071428571,0.6,1,0,0.951219512
0,0.04109589,0.009988397,0.6,0,0,0.193877551,0.5,1,0.666666667,0.285714286,0.6,1,0,0.951219512
0,0.136986301,0.091329159,0.4,0,0,0.397959184,0.5,0.066666667,0.666666667,0.571428571,0.6,0.75,1,0.951219512
0,0.575342466,0.015645603,0.533333333,0,0,0.397959184,0.5,0.733333333,1,0.5,0.2,1,0,0.951219512
0,0.287671233,0.0874526,0.333333333,0,0,0.397959184,0.5,0,0,0.214285714,0.2,1,1,0.951219512
0,0.397260274,0.050716622,0.8,0,0,0.397959184,0.5,0.6,0.833333333,0.928571429,0.8,1,0,0.951219512
0,0.123287671,0.054468022,0.933333333,0,0,0.806122449,0.875,0.933333333,0.666666667,0.714285714,0.2,1,0,0.951219512
0,0.082191781,0.04743068,0.266666667,0,0,0.193877551,0.5,0.4,0.666666667,0.571428571,0.6,0.25,1,0.731707317
1,0.767123288,0.115639176,0.666666667,0.251242512,0,0.602040816,0.5,0.533333333,1,0.714285714,0.2,1,1,0.951219512
0,0.561643836,0.08762647,0.133333333,0,0,0.397959184,0.5,0.266666667,0.333333333,0.5,0,1,1,0.536585366
0,0.410958904,0.072961847,0.533333333,0,0,0.5,0.625,0.733333333,0.333333333,0.285714286,0,1,1,0.951219512
1,0.273972603,0.189487963,0.8,0,0,0.5,0.5,0.6,0.333333333,0.714285714,0,0.75,1,0
1,0.109589041,0.194587701,0.6,0,0,0.397959184,0.5,1,0.333333333,0.285714286,1,0.5,0,0.951219512
0,0.150684932,0.10067011,0.6,0,0,0.448979592,0.5,1,0.666666667,0.285714286,0.2,0.5,0,0.56097561
1,0.205479452,0.083921752,0.8,0,0.433195592,0.397959184,0.5,0.6,0.333333333,0.857142857,0,1,1,0.951219512
1,0.246575342,0.134400909,0.866666667,0,0,0.602040816,0.5,0.8,0.333333333,0.714285714,0,1,1,0.951219512
0,0.246575342,0.170718787,0.4,0,0,0.846938776,0.75,0.066666667,0,0.285714286,0.8,1,0,0.951219512
1,0.232876712,0.124216316,0.8,0,0,0.5,0.75,0.6,0.333333333,0.857142857,0,1,1,0
0,0.410958904,0.159250803,0.866666667,0.054550546,0,0.448979592,0.25,0.8,0,0.714285714,0.8,1,0,0.951219512
1,0.232876712,0.102475788,0.666666667,0.278282783,0,0.602040816,0.75,0.533333333,0.666666667,0.357142857,0.2,1,1,0.951219512
0,0.232876712,0.225853198,0.533333333,0,0,0.397959184,0.5,0.733333333,0.666666667,0.928571429,0.2,1,1,0.951219512
0,0.479452055,0.134259513,0.8,0,0,0.602040816,0.625,0.6,0.333333333,0.857142857,0,1,1,0.951219512
0,0.465753425,0.199239572,0.533333333,0,0,0.295918367,0.75,0.733333333,0.333333333,0.285714286,0,1,1,0.951219512
0,0.547945205,0.005864226,0.866666667,0,0.488751148,0.704081633,0.75,0.8,0.333333333,0.857142857,0,1,1,0.951219512
1,0.301369863,0.058649023,0.8,0.086140861,0,0.5,0.5,0.6,0.666666667,0.857142857,0.2,1,0,0.951219512
0,0.630136986,0.069100848,0.6,0,0,0.367346939,0.5,1,0.833333333,0.5,0.4,0.5,0,0.951219512
0,0.164383562,0.024591456,0.8,0,0,0.397959184,0.875,0.6,0.666666667,0.785714286,0.6,1,0,0.951219512
1,0.465753425,0.090982095,0.666666667,0,0,0.397959184,0.5,0.533333333,0.333333333,0.714285714,0,1,1,0.951219512
0,0.082191781,0.145188974,0.533333333,0,0,0.193877551,0,0.733333333,0.666666667,0,0.4,0.25,0,0.853658537
0,0.479452055,0.120046816,0.533333333,0,0,0.346938776,0.875,0.733333333,0.833333333,0.571428571,0.2,1,0,0.951219512
1,0.205479452,0.161664011,0.6,0,0,0.5,0.5,1,0,0.285714286,0.2,1,0,0.951219512
0,0.178082192,0.116967895,0.4,0,0,0.489795918,0.5,0.066666667,0.666666667,0.428571429,0.6,1,1,0.951219512
0,0.191780822,0.112561607,0.6,0,0,0.295918367,0.5,1,0,0.571428571,0.2,1,0,0.951219512
0,0.356164384,0.074733021,0.533333333,0,0,0.551020408,0.5,0.733333333,0.333333333,0.214285714,0,1,1,0.951219512
0,0.287671233,0.122213089,0.533333333,0,0,0.091836735,0.5,0.733333333,0.833333333,0.857142857,0.8,1,0,0.951219512
0,0.232876712,0.146975032,0.733333333,0,0,0.602040816,0.25,0.466666667,0.333333333,0.714285714,0,1,1,0.951219512
1,0.479452055,0.035017573,0.933333333,1,0,0.448979592,0.75,0.933333333,0.333333333,0.714285714,0,1,1,0.951219512
0,0.328767123,0.12082957,0.533333333,0,0,0.397959184,0.5,0.733333333,0.833333333,0.571428571,0.8,1,0,0.634146341
0,0.04109589,0.020292061,0.6,0,0,0.295918367,0.5,1,0.666666667,0.571428571,0.6,1,0,0.951219512
1,0.575342466,0.121758456,1,0,0,0.397959184,0.875,0.666666667,0.333333333,0.714285714,0,1,1,0.951219512
0,0.054794521,0.138407363,0.6,0,0,0.397959184,0,1,0.666666667,0,0.4,1,1,0.634146341
0,0.178082192,0.211907734,0.533333333,0,0,0.346938776,0.5,0.733333333,0.333333333,0.214285714,0,1,1,0.951219512
0,0.095890411,0.197669329,0.6,0,0,0.653061224,0.5,1,0.333333333,0.214285714,0,1,1,0.951219512
1,0.465753425,0.190046783,0.6,0,0,0.397959184,0.125,1,0.333333333,0.714285714,0,1,1,0.951219512
0,0.260273973,0.233102972,1,0,0,0.5,0.5,0.666666667,0.333333333,0.714285714,0,1,1,0.048780488
0,0.315068493,0.067011701,0.533333333,0,0,0.275510204,0.5,0.733333333,0,0.5,0.8,0.5,0,0.951219512
1,0.602739726,0.214189018,0.8,0,0.436639118,0.397959184,0.5,0.6,0.333333333,0.714285714,0,1,1,0.951219512
0,0.315068493,0.128169324,0.6,0,0,0.479591837,0.5,1,0.666666667,0.428571429,0.2,1,1,0.951219512
1,0.205479452,0.076835023,0.733333333,0,0,0.602040816,0.5,0.466666667,0.333333333,0.285714286,0,1,1,0.951219512
0,0.095890411,0.126938702,0.8,0,0,0.346938776,0.5,0.6,0.666666667,0.857142857,0.6,1,0,0.951219512
0,0.479452055,0.157526309,0.266666667,0,0,0.397959184,0.5,0.4,0.333333333,0.428571429,0,1,1,0.682926829
1,0.315068493,0.064285255,0.8,0,0,0.397959184,0.5,0.6,0.333333333,0.285714286,0,1,1,0.951219512
0,0.04109589,0.496261793,0.6,0,0,0.142857143,0.5,1,0.666666667,0.928571429,0.6,1,0,0.951219512
0,0.479452055,0.129855255,0.8,0,0,0.397959184,0.5,0.6,0,0.214285714,0.2,1,1,0.951219512
0,0.260273973,0.100981317,0.8,0,0,0.397959184,0.5,0.6,0.666666667,0.857142857,0.8,0.5,0,0.951219512
1,0.356164384,0.098580963,0.8,0,0,0.397959184,0.875,0.6,0.333333333,0.714285714,1,1,0,0.951219512
0,0.219178082,0.1545739,0.6,0,0,0.397959184,0.5,1,0.333333333,0.5,0,0.5,1,0.951219512
0,0.465753425,0.030723591,0.533333333,0,0,0.397959184,0.5,0.733333333,0.5,0.571428571,0.8,1,0,0.951219512
0,0.04109589,0.091057868,0.533333333,0,0.459366391,0.397959184,0.5,0.733333333,0.666666667,0.571428571,0.2,1,1,0.951219512
0,0.602739726,0.129326879,0.6,0,0,0.397959184,0.5,1,1,0.071428571,0.4,1,0,0.951219512
0,0.616438356,0.105271917,1,0,0,0.397959184,0.25,0.666666667,1,0.714285714,0.8,1,0,0.487804878
0,0.410958904,0.195618068,0.6,0,0,0.397959184,0.5,1,0,0.5,0.8,1,0,0.951219512
0,0.506849315,0.187089638,0.533333333,0,0,0.397959184,0.25,0.733333333,0.333333333,1,0,0.5,1,0.951219512
0,0.150684932,0.162111879,0.866666667,0,0,0.418367347,0.5,0.8,0.666666667,0.857142857,0.2,1,1,0.951219512
0,0.479452055,0.087635265,0.333333333,0,0,0.265306122,0.75,0,0,0.571428571,0.6,1,0,0.951219512
0,0.095890411,0.151822422,0.6,0,0,0.295918367,0.5,1,0.666666667,0.571428571,0.2,1,1,0.951219512
0,0.328767123,0.153422433,0.866666667,0,0,0.193877551,0.75,0.8,1,0.714285714,0.2,1,0,0.951219512
0,0.616438356,0.072659434,0.8,0.028290283,0,0.275510204,0.5,0.6,0.333333333,0.857142857,0,1,1,0.951219512
0,0.657534247,0.081221691,0.533333333,0,0,0.020408163,0.75,0.733333333,0.333333333,0.5,0,1,1,0.951219512
0,0.301369863,0.110239731,0.8,0,0,0.397959184,0.5,0.6,0,0.857142857,0.2,1,1,0.951219512
0,0.506849315,0.154299902,0.866666667,0,0,0.397959184,0.5,0.8,0.333333333,0.285714286,0,0.5,1,0.56097561
0,0.589041096,0.121034561,0.533333333,0,0,0.397959184,0.5,0.733333333,0.333333333,1,0,1,1,0.951219512
0,0.493150685,0.143027437,0.466666667,0,0,0.56122449,0.5,0.133333333,0.5,0.428571429,0.2,0.75,1,0.146341463
0,0.356164384,0.11934863,0.666666667,0,0,0.397959184,0.5,0.533333333,0,0.5,0.2,1,1,0.951219512
0,0.315068493,0.083059167,0.733333333,0,0,0.397959184,0.5,0.466666667,0,0.071428571,0.8,1,0,0.951219512
0,0.383561644,0.115608731,0.8,0,0,0.397959184,0.5,0.6,0,0.285714286,0.8,1,0,0.951219512
0,0.904109589,0.162143,0.533333333,0,0,0.193877551,0,0.733333333,1,0,0.2,1,0,0.951219512
0,0.02739726,0.147127253,0.533333333,0,0,0.5,0.5,0.733333333,0.666666667,0.857142857,0.6,1,1,0.951219512
0,0.082191781,0.152024031,0.533333333,0,0,0.602040816,0.5,0.733333333,0.666666667,0.857142857,0.6,1,1,0.951219512
0,0.178082192,0.062083803,0.533333333,0,0.399678604,0.418367347,0.5,0.733333333,0.666666667,0.5,0.2,1,1,0.951219512
0,0.095890411,0.120179418,0.666666667,0,0,0.602040816,0.5,0.533333333,0.666666667,0.285714286,0.6,1,0,0.951219512
0,0.534246575,0.027792831,0.2,0,0,0.397959184,0.5,0.333333333,0,1,0.8,1,1,0.951219512
1,0.369863014,0.23583686,0.6,0,0.436639118,0.806122449,0.75,1,0.333333333,0.357142857,0,1,1,0.951219512
0,0.684931507,0.231456957,0.533333333,0,0,0.193877551,0.75,0.733333333,1,0.571428571,0.2,1,0,0.951219512
0,0.643835616,0.127921711,0.6,0,0,0.071428571,0,1,0.333333333,0,0,1,1,0.951219512
0,0.04109589,0.109889285,0.6,0,0,0.142857143,0.5,1,0.666666667,0.714285714,0.6,1,1,0.951219512
0,0.04109589,0.106148033,0.6,0,0,0.397959184,0,1,0.666666667,0,0.4,0.5,0,0.951219512
0,0.246575342,0.028624295,0.466666667,0,0,0.397959184,0.5,0.133333333,0.666666667,0.857142857,0.2,0.5,0,0.951219512
0,0.561643836,0.066457617,1,0.040640406,0,0.397959184,0.875,0.666666667,0.333333333,0.714285714,0,0.25,1,0.463414634
0,0.301369863,0.162397378,0.2,0,0,0.397959184,0.5,0.333333333,0.666666667,0.571428571,0.6,1,1,0.634146341
1,0.356164384,0.225987829,0.866666667,0,0,0.448979592,0.5,0.8,0.333333333,0.714285714,0,1,1,0.951219512
0,0.123287671,0.155512257,0.533333333,0,0,0.397959184,0.5,0.733333333,0.333333333,0.5,0,1,1,0.634146341
0,0.109589041,0.094862714,0.6,0,0,0.397959184,0.875,1,0.666666667,0.928571429,0.2,0.5,1,0.951219512
0,0.397260274,0.215227503,0.6,0,0,0.397959184,0.5,1,0.333333333,0.071428571,0,1,1,0.951219512
0,0.616438356,0.134075495,0.533333333,0,0,0.37755102,0.5,0.733333333,0.666666667,0.571428571,0.4,0.5,0,0.951219512
0,0.068493151,0.117036902,0.533333333,0,0,0.153061224,0.5,0.733333333,0.666666667,0.428571429,0.6,1,1,0.951219512
0,0.739726027,0.08514899,0.266666667,0,0,0.397959184,0.5,0.4,0.333333333,0.571428571,0,1,1,0.951219512
1,0.438356164,0.133585005,0.666666667,0.076880769,0,0.602040816,0.5,0.533333333,0.333333333,0.285714286,0,1,1,0.951219512
0,0.164383562,0.103051522,0.533333333,0,0,0.397959184,0.75,0.733333333,0.333333333,0.214285714,0,1,1,0.951219512
0,0.01369863,0.081432771,0.4,0,0,0.193877551,0.5,0.066666667,0.666666667,0.571428571,0.6,1,1,0.951219512
1,0.178082192,0.105340248,0.666666667,0.150241502,0,0.653061224,0.75,0.533333333,0.333333333,0.714285714,0,1,1,0.951219512
0,0,0.157342967,0.4,0,0,0.397959184,0.25,0.066666667,0.666666667,0.714285714,0.6,1,0,0.951219512
0,0,0.110770813,0.333333333,0,0,0.142857143,0.5,0,0.666666667,0.571428571,0.4,1,1,0.951219512
1,0.342465753,0.295845046,0.6,0,0,0.479591837,0.5,1,0.333333333,0.214285714,0,1,1,0.951219512
0,0.205479452,0.106185919,0.533333333,0,0,0.37755102,0.5,0.733333333,0,0.5,0.2,1,0,0.951219512
0,0.191780822,0.025954679,0.866666667,0,0,0.5,0.25,0.8,0.666666667,0.714285714,0.2,1,0,0.951219512
0,0.356164384,0.062652094,0.533333333,0,0,0.448979592,0.625,0.733333333,0.333333333,0.357142857,0,1,1,0.951219512
0,0.479452055,0.109914993,0.533333333,0,0,0.397959184,0.75,0.733333333,0,0.214285714,0.2,1,1,0.951219512
0,0.630136986,0.158200817,0.8,0,0,0.5,0.75,0.6,0.333333333,0.714285714,0,1,1,0.951219512
1,0.150684932,0.18013957,0.666666667,0,0,0.602040816,0.5,0.533333333,0.666666667,0.285714286,0.2,1,1,0.951219512
1,0.232876712,0.010212331,0.8,0,0,0.5,0.5,0.6,0.333333333,0.357142857,0,1,1,0.951219512
0,0.164383562,0.265806111,0.333333333,0,0,0.397959184,0.5,0,0.833333333,0.857142857,0.8,1,0,0.951219512
0,0.301369863,0.134969201,0.533333333,0,0,0.193877551,0.75,0.733333333,0.666666667,0.214285714,0.6,0.5,0,0.951219512
0,0.219178082,0.070531725,0.533333333,0,0,0.397959184,0.75,0.733333333,0.333333333,0.214285714,0,1,1,0.951219512
0,0.315068493,0.052970845,0.533333333,0,0,0.397959184,0.5,0.733333333,0.333333333,0.428571429,0,1,1,0.951219512
0,0.246575342,0.118314204,0.6,0,0,0.5,0.5,1,0,0.071428571,0.2,1,0,0.951219512
0,0.164383562,0.17169503,0.8,0,0,0.806122449,0.625,0.6,0,0.714285714,0.2,1,0,0.951219512
0,0.369863014,0.028191988,0.8,0.031370314,0,0.397959184,0.75,0.6,0.333333333,0.285714286,0,1,1,0.951219512
0,0.219178082,0.168902961,0.333333333,0,0,0.397959184,0.5,0,0.333333333,0.5,0,1,1,0.317073171
1,0.356164384,0.129460157,0.8,0,0,0.397959184,0.5,0.6,0.666666667,0.714285714,0.2,1,0,0.951219512
1,0.328767123,0.109673469,1,0.150241502,0,0.551020408,0.75,0.666666667,0.333333333,0.714285714,0,1,1,0.951219512
0,0.095890411,0.126789188,0.733333333,0,0,0.295918367,0.5,0.466666667,0.666666667,0.428571429,0.6,1,1,0.951219512
0,0.287671233,0.16451291,0.8,0,0,0.397959184,0.25,0.6,0.833333333,0.714285714,0.8,0.5,1,0.951219512
0,0.068493151,0.131714379,0.8,0,0,0.397959184,0.5,0.6,0.666666667,0.857142857,0.2,1,0,0.951219512
1,0.506849315,0.079254321,0.8,0.150241502,0,0.397959184,0.625,0.6,0.333333333,0.285714286,0,1,1,0.951219512
1,0.397260274,0.066272245,0.866666667,0,0.453856749,0.193877551,0,0.8,0.333333333,0,0,1,1,0.951219512
1,0.287671233,0.128983198,0.733333333,0,0,0.397959184,0.5,0.466666667,0.333333333,0.071428571,1,1,0,0.951219512
0,0.602739726,0.20545898,0.533333333,0,0,0.397959184,0.75,0.733333333,0.333333333,1,0,0.5,1,0.951219512
0,0.095890411,0.111022485,0.533333333,0,0,0.397959184,0.5,0.733333333,0.333333333,0.214285714,0,1,1,0.951219512
1,0.465753425,0.102523146,0.533333333,0,0,0.397959184,0.5,0.733333333,0.333333333,1,0,1,1,0.951219512
0,0.191780822,0.102805262,0.6,0,0.362488522,0.397959184,0.5,1,0.333333333,0.214285714,0,1,1,0.951219512
1,0.205479452,0.027732619,0.866666667,0,0,0.602040816,0.5,0.8,0.333333333,0.285714286,0,1,1,0.951219512
0,0.232876712,0.237127693,0.333333333,0,0,0.295918367,0.5,0,0.5,0.571428571,0.8,0.5,0,0.951219512
0,0.232876712,0.099463168,0.866666667,0,0,0.295918367,0.5,0.8,0.666666667,0.714285714,0.6,1,0,0.951219512
0,0.493150685,0.095070411,0.333333333,0,0,0.397959184,0.75,0,0.333333333,0.214285714,0,1,1,0.951219512
0,0.657534247,0.091394783,0.866666667,0,0,0.153061224,0.75,0.8,0.333333333,0.714285714,0,1,1,0.951219512
1,0.260273973,0.1554649,0.933333333,0,0,0.806122449,0.625,0.933333333,0.333333333,0.714285714,0,1,1,0.951219512
0,0.01369863,0.125701992,0.533333333,0,0,0.295918367,0.5,0.733333333,0.666666667,0.857142857,0.6,1,0,0.951219512
0,0.02739726,0.071246148,0.533333333,0,0,0.234693878,0.5,0.733333333,0.666666667,0.571428571,0.6,1,1,0.951219512
0,0.04109589,0.105473525,0.6,0.044160442,0,0.244897959,0.5,1,0.666666667,0.571428571,0.4,1,0,0.951219512
0,0.191780822,0.133449021,0.6,0,0,0.551020408,0.5,1,0.333333333,0.071428571,0,1,1,0.951219512
1,0.150684932,0.045047239,0.8,0.086140861,0,0.397959184,0.5,0.6,0.666666667,0.857142857,0.2,1,1,0.951219512
1,0.205479452,0.067538723,0.8,0.076880769,0,0.397959184,0.75,0.6,0.333333333,0.714285714,0,1,1,0.951219512
1,0.328767123,0.095170538,0.533333333,0,0,0.397959184,0.5,0.733333333,0.333333333,0.214285714,0,1,1,0.951219512
0,0,0.099832557,0.4,0,0,0.295918367,0.5,0.066666667,0.666666667,0.785714286,0.6,1,0,0.951219512
0,0.397260274,0.181637423,0.533333333,0,0,0.397959184,0.5,0.733333333,0,0.785714286,0.2,1,1,0.12195122
0,0.383561644,0.12825795,0.8,0,0,0.397959184,0.5,0.6,0.5,0.285714286,0.8,1,1,0.951219512
0,0.109589041,0.103870132,0.8,0,0,0.397959184,0.5,0.6,0.666666667,0.285714286,0.6,1,1,0.951219512
1,0.246575342,0.077317394,0.533333333,0.07298073,0,0.397959184,0.875,0.733333333,0.333333333,0.214285714,0,1,1,0.951219512
0,0.068493151,0.305671751,0.066666667,0,0,0.397959184,0.5,0.2,0.666666667,0.214285714,0.2,1,1,0.317073171
0,0.095890411,0.217317326,0.533333333,0,0,0.397959184,0.5,0.733333333,0.5,1,0.6,1,1,0.707317073
0,0.356164384,0.066348018,0.533333333,0,0,0.448979592,0.75,0.733333333,0.333333333,1,0,1,1,0.951219512
0,0.068493151,0.248622739,0.533333333,0,0,0.397959184,0.5,0.733333333,0.666666667,0.571428571,0.2,1,1,0.951219512
0,0.191780822,0.050926349,0.6,0,0,0.5,0.5,1,0.666666667,0.5,0.2,1,0,0.951219512
1,0.465753425,0.023080748,0.6,0,0,0.397959184,0.75,1,0.333333333,0.714285714,1,1,0,0.951219512
1,0.479452055,0.094680725,0.533333333,1,0,0.397959184,0.5,0.733333333,0.333333333,0.285714286,0,0.25,1,0.585365854
1,0.328767123,0.055359698,0.866666667,0,0,0.602040816,0.625,0.8,0.333333333,0.285714286,0,1,1,0.951219512
1,0.397260274,0.121802431,0.6,0,0,0.37755102,0.25,1,0.333333333,0.785714286,0,1,1,0.951219512
1,0.328767123,0.349723127,0.8,0.074300743,0,0.448979592,0.5,0.6,0,0.928571429,0.8,0.5,1,0
0,0.232876712,0.112528457,0.533333333,0,0,0.397959184,0.5,0.733333333,0.333333333,0.5,0,1,1,0.951219512
0,0.479452055,0.008050794,0.533333333,0,0,0.846938776,0.5,0.733333333,0,0.214285714,0.8,1,1,0.951219512
0,0,0.114865893,0.4,0,0,0.153061224,0.25,0.066666667,0.666666667,0.571428571,0.6,1,0,0.951219512
0,0.109589041,0.1115353,0.6,0,0,0.397959184,0.5,1,0.666666667,0.428571429,0.2,1,1,0.951219512
0,0.04109589,0.151705382,0.333333333,0,0,0.397959184,0,0,0.666666667,0,0.6,0.5,1,0.951219512
0,0.205479452,0.161217497,0.6,0,0,0.37755102,0.5,1,0,0.857142857,0.2,1,0,0.951219512
0,0.205479452,0.246754819,0.8,0,0,0.316326531,0.5,0.6,0.666666667,0.857142857,0.4,1,1,0.951219512
0,0.150684932,0.183129865,0.8,0,0,0.030612245,0.75,0.6,0.666666667,0.714285714,0.2,1,0,0.951219512
0,0.136986301,0.071679132,0.6,0,0,0.397959184,0.25,1,0.333333333,0.714285714,0,0.75,1,0.951219512
0,0.561643836,0.084716683,0.533333333,0,0,0.397959184,0.5,0.733333333,0.333333333,0.5,0,1,1,0.951219512
0,0.232876712,0.119043511,0.533333333,0,0,0.346938776,0.25,0.733333333,0.666666667,0.714285714,0.8,0.5,0,0.951219512
1,0.191780822,0.245953799,0.8,0,0,0.551020408,0.5,0.6,0.333333333,0.285714286,0,1,1,0.951219512
1,0.438356164,0.13445165,1,0.150241502,0,0.5,0.625,0.666666667,0.333333333,0.714285714,0,1,1,0.951219512
0,0.273972603,0.116492289,0.533333333,0.029770298,0,0.551020408,0.25,0.733333333,0,0.571428571,0.8,1,0,0.951219512
0,0.671232877,0.059293086,0.533333333,0,0,0.448979592,0.75,0.733333333,1,0.928571429,0.2,1,0,0.951219512
0,0.109589041,0.107930033,0.8,0,0,0.397959184,0.5,0.6,0.666666667,0.285714286,0.6,1,0,0.951219512
0,0.479452055,0.024788328,0.6,0,0,0.397959184,0.5,1,0.333333333,0.071428571,0,1,1,0.951219512
1,0.301369863,0.174730654,0.866666667,0,0,0.5,0.5,0.8,0,0.571428571,0.2,1,0,0.951219512
0,0.561643836,0.111684815,0.533333333,0,0,0.397959184,0.5,0.733333333,0.333333333,0.071428571,0,1,1,0.951219512
0,0.260273973,0.088694046,0.533333333,0,0,0.397959184,0.5,0.733333333,0.666666667,0.214285714,0.2,1,1,0.951219512
1,0.219178082,0.207883013,0.666666667,0,0,0.397959184,0.125,0.533333333,0,0.214285714,0.8,0.5,0,0.951219512
0,0.273972603,0.056402242,0.333333333,0,0,0.346938776,0.5,0,0,0.285714286,0.8,1,0,0.951219512
0,0.136986301,0.141417955,0.4,0,0,0.397959184,0.25,0.066666667,0.333333333,0.214285714,0,1,1,0.634146341
0,0.356164384,0.08264242,0.533333333,0,0,1,0.75,0.733333333,0.333333333,0.357142857,0,1,1,0.951219512
0,0.02739726,0.18902927,0.6,0,0,0.275510204,0,1,0.666666667,0,0.6,1,1,0.951219512
0,0.356164384,0.117576779,0.533333333,0,0,0.397959184,0.5,0.733333333,1,1,0.8,0.5,1,0.951219512
0,0.232876712,0.130427605,0.533333333,0,0,0.5,0.5,0.733333333,0.666666667,0.857142857,0.2,1,1,0.951219512
0,0.02739726,0.023876356,0.6,0,0,0.5,0.5,1,0.666666667,1,0.2,1,1,0.951219512
0,0.287671233,0.127099718,0.533333333,0,0,0.602040816,0.75,0.733333333,0.333333333,0.214285714,0,1,1,0.951219512
0,0.479452055,0.090845435,0.733333333,0.048650487,0,0.295918367,0.25,0.466666667,0,0.571428571,0.2,1,0,0.951219512
0,0.219178082,0.067289081,0.733333333,0,0,0.448979592,0.5,0.466666667,0.333333333,0.214285714,0,1,1,0.780487805
1,0.356164384,0.068356657,0.533333333,0,0.436639118,0.397959184,0.5,0.733333333,0.333333333,0.214285714,0,1,1,0.951219512
1,0.465753425,0.053595965,0.533333333,0.076880769,0,0.397959184,0.5,0.733333333,0.333333333,1,0,1,1,0.951219512
0,0.191780822,0.207265335,0.4,0,0,0.397959184,0.5,0.066666667,0.666666667,0.214285714,0.2,1,1,0.951219512
0,0.136986301,0.127329064,0.8,0,0,0.397959184,0.25,0.6,0.666666667,0.714285714,0.6,1,0,0.951219512
0,0.657534247,0.013162034,0.6,0,0,0.448979592,0.75,1,1,0.285714286,0.8,1,0,0.951219512
0,0.657534247,0.069782121,0.6,0,0,0.193877551,0,1,0.333333333,0,0,1,1,0.951219512
0,0.068493151,0.105086546,0.533333333,0,0,0.397959184,0.5,0.733333333,0.666666667,0.857142857,0.8,1,0,0.951219512
0,0.150684932,0.171861459,0.2,0.034640346,0,0.346938776,0.5,0.333333333,0.333333333,0.214285714,0,1,1,0.951219512
0,0.794520548,0.224167944,0.533333333,0,0,0.142857143,0.75,0.733333333,0.333333333,0.357142857,0,0.25,1,0.951219512
0,0.136986301,0.09097736,0.6,0,0,0.397959184,0.5,1,0.666666667,0.571428571,0.6,0.5,0,0.951219512
1,0.232876712,0.095956675,0.866666667,0,0,0.602040816,0.625,0.8,0.333333333,0.857142857,0,1,1,0.951219512
0,0.109589041,0.181182114,0.4,0,0,0.397959184,0.5,0.066666667,0.5,0.428571429,0.2,1,1,0.634146341
0,0.095890411,0.230513187,0.8,0,0,0.653061224,0.5,0.6,0.666666667,0.5,0.2,1,1,0.951219512
0,0.479452055,0.037077629,0.533333333,0,0,0.43877551,0.5,0.733333333,0.333333333,0.857142857,0,1,1,0.951219512
1,0.424657534,0.089192654,0.866666667,0,0,0.397959184,0.25,0.8,0,0.714285714,0.2,1,0,0.951219512
1,0.328767123,0.08911147,0.8,0,0,0.602040816,0.75,0.6,0.333333333,0.285714286,0,1,1,0.951219512
0,0.767123288,0.1548161,0.2,0,0,0.397959184,0.75,0.333333333,0.333333333,0.357142857,0,1,1,0.951219512
0,0.054794521,0.070821959,0.6,0.02597026,0,0.397959184,0.5,1,0.666666667,0.071428571,0.6,1,1,0.951219512
0,0.082191781,0.122320658,0.4,0,0,0.397959184,0.5,0.066666667,0.666666667,0.214285714,0.6,1,1,0.951219512
0,0.082191781,0.137566428,0.6,0,0,0.397959184,0.5,1,0.666666667,0.5,0.8,0.25,1,0.975609756
0,0.698630137,0.086594751,0.2,0,0,0.071428571,0,0.333333333,0.333333333,0,0,1,1,0.951219512
1,0.506849315,0.165496595,0.8,0,0,0.244897959,0.5,0.6,0.333333333,0.928571429,0,1,1,0.951219512
0,0.123287671,0.116252795,0.8,0,0,0.5,0.5,0.6,0.666666667,0.714285714,0.2,1,1,0.951219512
0,0.123287671,0.112079236,0.533333333,0,0,0.479591837,0.5,0.733333333,0.333333333,0.428571429,0,1,1,0.951219512
0,0.082191781,0.199141474,0.266666667,0,0,0.397959184,0.5,0.4,0.333333333,0.5,0,1,1,0.951219512
1,0.315068493,0.16385261,0.6,0.07298073,0,0.5,0.5,1,0.333333333,0.214285714,0,1,1,0.951219512
0,0.273972603,0.174165745,0.533333333,0,0,0.37755102,0.5,0.733333333,0.666666667,0.071428571,0.6,1,1,0.951219512
0,0.356164384,0.048352801,0.6,0,0,0.5,0.5,1,0.666666667,0.285714286,0.8,1,1,0.951219512
0,0,0.122821973,0.4,0,0,0.193877551,0.5,0.066666667,0.666666667,0.857142857,0.6,1,0,0.951219512
1,0.506849315,0.103318077,0.533333333,0,0,0.479591837,0.5,0.733333333,0.333333333,0.285714286,0,1,1,0.951219512
0,0.205479452,0.222103828,0.533333333,0,0,0.448979592,0,0.733333333,0.333333333,0,0,0.5,1,0.951219512
0,0.150684932,0.063277891,0.8,0,0,0.397959184,0.5,0.6,0.666666667,0.071428571,0.6,1,1,0.951219512
1,0.178082192,0.202016758,0.666666667,0,0,0.5,0.5,0.533333333,0.333333333,0.285714286,0,1,1,0.951219512
0,0.328767123,0.01471604,0.533333333,0,0,0.397959184,0.5,0.733333333,0.666666667,0.428571429,0.2,1,1,0.951219512
0,0.205479452,0.015077988,0.533333333,0,0,0.653061224,0.75,0.733333333,0,0.357142857,0.2,1,1,0.951219512
0,0.109589041,0.236126418,0.8,0,0,0.397959184,0.5,0.6,0.666666667,0.857142857,0.6,1,0,0.951219512
0,0.109589041,0.175996455,0.533333333,0.044160442,0,0.418367347,0.5,0.733333333,0.666666667,0.857142857,0.2,1,1,0.951219512
0,0.02739726,0.079358507,0.6,0,0,0.397959184,0,1,0.666666667,0,0.6,1,1,0.951219512
0,0.452054795,0.071179171,0.8,0,0,0.234693878,0.25,0.6,0.333333333,0.714285714,1,1,0,0.951219512
0,0.246575342,0.118076063,0.533333333,0,0,0.397959184,0.5,0.733333333,0.333333333,0.5,0,1,1,0.951219512
0,0.315068493,0.113143429,0.8,0,0,0.397959184,0.5,0.6,0.666666667,0.714285714,0.2,1,0,0.951219512
0,0.369863014,0.122614952,0.6,0,0,0.397959184,0.5,1,0.333333333,0.714285714,0,1,1,0.951219512
0,0.150684932,0.135920412,0.533333333,0,0,0.5,0.5,0.733333333,0.333333333,0.571428571,0,1,1,0.951219512
0,0.01369863,0.130381601,0.6,0,0,0.255102041,0.5,1,0.666666667,0.571428571,0.6,1,1,0.951219512
0,0.068493151,0.013961025,0.6,0,0,0.193877551,0.75,1,0.666666667,0.357142857,0.6,1,1,0.951219512
1,0.287671233,0.177887377,0.6,0.07298073,0,0.397959184,0.5,1,0.333333333,0.857142857,0,1,1,0.951219512
0,0.315068493,0.140250251,0.333333333,0,0,0.5,0.5,0,0.333333333,0.214285714,0,1,1,0.951219512
1,0.684931507,0.28356454,0.733333333,0.200512005,0,0.030612245,0.75,0.466666667,0.333333333,0.285714286,1,1,0,0.951219512
0,0.465753425,0.108926572,0.533333333,0,0,0.397959184,0.5,0.733333333,0,0.571428571,0.2,1,0,0.951219512
0,0.068493151,0.106038434,0.533333333,0,0,0.479591837,0.5,0.733333333,0.666666667,0.285714286,0.2,1,0,0.951219512
0,0.547945205,0.101491427,0.533333333,0,0,0.448979592,0.5,0.733333333,0,0.071428571,0.2,1,0,0.951219512
0,0.054794521,0.121207754,0.4,0,0,0.397959184,0.5,0.066666667,0.666666667,0.357142857,0.8,1,1,0.951219512
1,0.136986301,0.016924935,0.733333333,0.076880769,0,0.704081633,0.75,0.466666667,0.333333333,1,0,1,1,0.951219512
0,0.315068493,0.286992555,0.533333333,0,0,0.244897959,0.5,0.733333333,0.666666667,0.571428571,0.6,1,1,0.951219512
0,0.369863014,0.017989805,0.533333333,0,0,0.397959184,0.75,0.733333333,0.333333333,0.357142857,0,1,1,0.951219512
0,0.479452055,0.013021991,0.533333333,0,0,0.397959184,0.5,0.733333333,0,0.571428571,0.2,1,1,0.951219512
0,0.164383562,0.166229962,0.666666667,0,0,0.224489796,0.5,0.533333333,0.666666667,0.857142857,0.6,0.5,1,0.951219512
1,0.424657534,0.110503581,0.666666667,0,0,0.397959184,0.75,0.533333333,0.333333333,0.214285714,0,1,1,0.951219512
0,0.01369863,0.173352547,0.533333333,0,0,0.397959184,0.875,0.733333333,0.666666667,0.071428571,0.6,1,0,0.951219512
0,0.301369863,0.223498848,0.533333333,0,0,0.602040816,0.5,0.733333333,0,0.857142857,0.2,1,1,0.951219512
0,0.205479452,0.133154727,0.6,0.034640346,0,0.397959184,0.5,1,0.333333333,0.285714286,0,1,1,0.951219512
0,0.082191781,0.10109024,0.6,0,0,0.193877551,0.5,1,0.666666667,0.571428571,0.8,1,0,0.951219512
0,0.383561644,0.185983499,0.733333333,0,0,0.346938776,0.5,0.466666667,0,0.071428571,0.8,0.5,1,0.951219512
0,0.04109589,0.110129455,0.6,0.010550106,0,0.295918367,0.5,1,0.666666667,0.857142857,0.6,1,1,0.951219512
0,0.095890411,0.256124862,0.866666667,0,0,0.397959184,0.875,0.8,0.666666667,0.714285714,0.2,0.5,0,0.951219512
0,0.260273973,0.176792063,0.8,0,0,0.397959184,0.5,0.6,0.666666667,0.571428571,0.2,1,0,0.951219512
0,0.397260274,0.050559666,0.8,0,0,0.397959184,0.875,0.6,0.666666667,0.285714286,0.8,1,0,0.951219512
0,0.205479452,0.247308904,0.666666667,0,0,0.397959184,0.625,0.533333333,0.333333333,0.285714286,0,1,1,0.951219512
0,0.753424658,0.193344226,0.666666667,0.067230672,0,0.244897959,0.5,0.533333333,0.833333333,0.571428571,0.8,1,0,0.951219512
0,0.232876712,0.056961062,0.6,0,0,0.397959184,0.5,1,0.833333333,0.285714286,0.8,1,0,0.951219512
0,0.054794521,0.203919857,0.6,0,0,0.397959184,0.5,1,0.666666667,0.857142857,0.2,1,1,0.951219512
0,0.164383562,0.084416977,0.533333333,0,0,0.37755102,0.5,0.733333333,0.666666667,0.857142857,0.8,1,1,0.951219512
0,0.136986301,0.163867493,0.6,0,0,0.357142857,0.5,1,0,0.071428571,0.8,0.5,0,0.951219512
0,0.342465753,0.18409799,0.533333333,0,0,0.397959184,0.125,0.733333333,0,0.071428571,0.2,0.5,1,0.951219512
1,0.369863014,0.053709623,0.866666667,0,0,0.5,0.5,0.8,0.333333333,0.285714286,0,1,1,0.951219512
0,0.123287671,0.159080992,0.6,0,0,0.397959184,0.5,1,0.666666667,0.857142857,0.2,0.5,1,0.341463415
0,0.328767123,0.11607013,0.533333333,0,0,0.5,0.5,0.733333333,0,0.857142857,0.2,1,1,0.951219512
1,0.369863014,0.150517382,0.866666667,0,0,0.295918367,0.75,0.8,0.333333333,0.714285714,0,1,1,0.951219512
0,0.452054795,0.068851882,0.666666667,0,0,0.846938776,0.5,0.533333333,0.333333333,0.785714286,0,1,1,0.951219512
0,0.136986301,0.180159189,0.8,0,0,0.397959184,0.5,0.6,0.666666667,0.857142857,0.6,1,0,0.951219512
0,0.191780822,0.054678425,0.666666667,0,0,0.397959184,0.5,0.533333333,0.666666667,0.071428571,0.2,1,0,0.951219512
0,0.04109589,0.018396404,0.6,0,0,0.295918367,0.5,1,0.666666667,0.714285714,0.2,1,0,0.951219512
1,0.438356164,0.095993208,0.8,0,0,0.5,0.625,0.6,0.333333333,0.285714286,0,1,1,0.951219512
0,0.205479452,0.103516979,0.133333333,0,0,0.397959184,0.5,0.266666667,0.666666667,0.571428571,0.2,1,0,0.634146341
0,0.164383562,0.130556148,0.6,0,0,0.397959184,0.25,1,0.666666667,0.071428571,0.2,0.75,1,0.170731707
1,0.315068493,0.097209622,0.533333333,0.076880769,0,0.551020408,0.5,0.733333333,0.333333333,0.285714286,0,1,1,0.951219512
1,0.356164384,0.156479706,0.8,0,0,0.397959184,0.5,0.6,0.333333333,0.714285714,0,1,1,0.951219512
0,0.136986301,0.060498676,0.533333333,0,0,0.397959184,0.5,0.733333333,0.666666667,0.857142857,0.6,0.25,1,0.951219512
0,0.123287671,0.095147536,0.6,0,0,0.397959184,0.5,1,0.333333333,0.071428571,1,1,0,0.951219512
0,0.136986301,0.094104315,0.533333333,0,0,0.397959184,0.5,0.733333333,0.666666667,0.285714286,0.6,1,1,0.951219512
1,0.575342466,0.013229688,0.533333333,0,0,0.397959184,0.125,0.733333333,0.333333333,0.214285714,0,1,1,0.951219512
0,0.328767123,0.061885577,0.6,0.039420394,0,0.397959184,0.25,1,0.333333333,1,0,1,1,0.951219512
0,0.342465753,0.23583686,0.6,0,0,0.397959184,0.5,1,0.333333333,0.214285714,0,1,1,0.951219512
0,0.095890411,0.07505573,0.8,0,0,0.397959184,0.5,0.6,0.666666667,0.714285714,0.2,1,1,0.951219512
0,0.246575342,0.15324721,0.533333333,0,0,0.193877551,0.5,0.733333333,0.666666667,0.571428571,0.6,1,1,0.951219512
0,0.438356164,0.065908268,0.6,0,0,0.316326531,0.625,1,0,0.285714286,0.8,1,0,0.951219512
0,0.315068493,0.089783271,0.666666667,0.043860439,0,0.397959184,0.5,0.533333333,0.333333333,0.928571429,0,1,1,0.951219512
0,0.260273973,0.005536782,0.533333333,0,0,0.397959184,0.125,0.733333333,0,0.071428571,0.8,0,0,0.951219512
1,0.328767123,0.115646617,0.866666667,0,0,0.397959184,0.25,0.8,0.333333333,0.714285714,1,0.25,0,0.87804878
1,0.246575342,0.120148297,0.866666667,0,0,0.397959184,0.75,0.8,0.333333333,0.857142857,0,1,1,0.951219512
0,0.753424658,0.02254696,0.733333333,0,0,0.153061224,0.25,0.466666667,0,0.714285714,0.8,0.5,0,0.951219512
0,0.328767123,0.105160965,0.6,0,0,0.397959184,0.5,1,0,0.5,0.2,1,1,0.951219512
0,0.356164384,0.038199328,0.533333333,0,0,0.397959184,0.5,0.733333333,0.666666667,0.214285714,0.4,1,1,0.951219512
1,0.342465753,0.225749688,0.8,0,0,0.479591837,0.875,0.6,0.333333333,0.285714286,0,1,1,0.951219512
0,0.054794521,0.174382913,0.6,0,0,0.153061224,0.5,1,0.666666667,0.571428571,0.6,1,0,0.951219512
0,0.04109589,0.066783031,0.6,0,0,0.295918367,0.5,1,0.666666667,0.071428571,0.6,0.25,0,0.951219512
0,0.109589041,0.074902156,0.533333333,0,0,0.397959184,0.5,0.733333333,0.666666667,0.214285714,0.4,1,1,0.951219512
0,0.068493151,0.330444519,0.533333333,0,0,0.397959184,0.5,0.733333333,0.666666667,0.071428571,0.6,1,0,0.634146341
1,0.397260274,0.035368019,0.866666667,0,0.433195592,0.448979592,0.5,0.8,0.333333333,0.714285714,0,1,1,0.951219512
0,0.465753425,0.009232705,0.533333333,0,0,0.602040816,0.75,0.733333333,0.333333333,0.357142857,0,1,1,0.951219512
1,0.301369863,0.159477443,0.666666667,0.051780518,0,0.397959184,0.5,0.533333333,0.333333333,0.5,0,1,1,0.951219512
0,0.273972603,0.024689554,0.8,0,0,0.397959184,0.125,0.6,0.333333333,0.714285714,0,1,1,0.951219512
0,0.191780822,0.114928135,0.533333333,0,0,0.367346939,0.5,0.733333333,0.333333333,0.071428571,1,1,0,0.951219512
0,0.260273973,0.114618957,0.6,0,0,0.397959184,0.5,1,0.833333333,1,0.2,1,1,0.951219512
0,0.232876712,0.108444877,0.666666667,0,0,0.397959184,0.5,0.533333333,0,0.928571429,0.8,1,0,0.951219512
1,0.260273973,0.132650707,0.933333333,1,0,0.448979592,0.5,0.933333333,0,0.714285714,0.2,1,1,0.951219512
1,0.520547945,0.078101501,0.533333333,0,0,0.5,0.5,0.733333333,0.333333333,0.214285714,0,1,1,0.951219512
0,0.328767123,0.046524797,0.6,0,0,0.244897959,0.25,1,0,0.285714286,0.8,1,0,0.951219512
0,0.561643836,0.145209946,0.533333333,0.029070291,0,0.428571429,0.5,0.733333333,0.833333333,0.571428571,0.2,1,0,0.951219512
0,0.589041096,0.083339253,0.133333333,0,0,0.397959184,0.5,0.266666667,0.333333333,0.214285714,0,1,1,0.634146341
0,0.082191781,0.214895323,0.6,0,0,0.295918367,0.5,1,0.666666667,0.428571429,0.6,1,1,0.951219512
0,0.082191781,0.204841978,0.6,0,0,0.346938776,0.5,1,0.666666667,0.571428571,0.8,1,1,0.634146341
0,0.602739726,0.010013429,0.533333333,0,0,0.397959184,0.5,0.733333333,0,1,0.2,1,1,0.951219512
1,0.493150685,0.12712475,0.733333333,0,0,0.806122449,0.5,0.466666667,0.333333333,0.857142857,0,1,1,0.951219512
1,0.123287671,0.216205099,0.8,0,0,0.602040816,0.75,0.6,0.666666667,0.857142857,0.2,1,1,0.951219512
0,0.260273973,0.117068022,0.533333333,0,0,0.346938776,0.5,0.733333333,0.666666667,1,0.2,1,1,0.951219512
0,0.164383562,0.074226295,0.6,0,0,0.602040816,0.5,1,0.666666667,0.857142857,0.2,1,1,0.951219512
0,0.767123288,0.050350615,0.6,0,0,0.37755102,0,1,0.666666667,0,0.2,0.25,1,0.951219512
1,0.136986301,0.195179671,0.6,0,0,0.418367347,0.5,1,0.333333333,0.857142857,1,1,0,0.951219512
0,0.109589041,0.066948783,0.533333333,0,0,0.5,0.5,0.733333333,0.666666667,0.857142857,0.4,1,0,0.951219512
0,0.315068493,0.113239498,0.8,0,0,0.295918367,0.5,0.6,0.666666667,0.285714286,0.2,1,1,0.048780488
0,0.643835616,0.101237725,0.533333333,0,0,0.071428571,0.125,0.733333333,0.333333333,0.714285714,0,1,1,0.951219512
0,0.452054795,0.257343305,0.6,0.043860439,0,0.397959184,0.5,1,0.333333333,0.5,0,1,1,0.951219512
1,0.136986301,0.139071047,0.466666667,0,0,0.397959184,0.625,0.133333333,0.333333333,0.071428571,0,1,1,0.951219512
0,0.301369863,0.103857954,0.533333333,0,0,0.397959184,0.5,0.733333333,0.333333333,0.285714286,0,1,1,0.951219512
0,0.219178082,0.209389662,0.8,0,0,0.397959184,0.5,0.6,0.666666667,0.857142857,0.6,1,1,0.951219512
0,0.191780822,0.253034439,0.6,0,0,0.397959184,0.5,1,0.666666667,0.071428571,0.2,1,0,0.951219512
1,0.410958904,0.126507072,0.533333333,0,0,0.5,0.5,0.733333333,0.333333333,0.5,0,1,1,0.780487805
0,0,0.185963203,0.4,0,0,0.06122449,0.25,0.066666667,0.666666667,0.714285714,0.6,1,0,0.951219512
1,0.424657534,0.217928916,0.8,0,0,0.5,0.25,0.6,0.333333333,0.714285714,1,1,0,0.951219512
1,0.438356164,0.124027562,0.6,0.07298073,0,0.397959184,0.5,1,0.333333333,0.285714286,0,1,1,0.951219512
0,0.054794521,0.059655034,0.666666667,0.021740217,0,0.602040816,0.5,0.533333333,0.666666667,0.285714286,0.6,1,0,0.951219512
0,0.630136986,0.044717766,0.533333333,0,0,0.448979592,0.75,0.733333333,0.333333333,0.357142857,0,1,1,0.951219512
0,0.150684932,0.239128891,0.266666667,0,0,0.397959184,0.5,0.4,0.333333333,0.214285714,0,1,1,0.951219512
0,0.534246575,0.207050196,0.533333333,0,0,0.397959184,0.5,0.733333333,0.333333333,0.5,0,1,1,0.951219512
0,0.315068493,0.012498351,0.666666667,0,0,0.602040816,0.75,0.533333333,0.333333333,0.357142857,0,1,1,0.951219512
1,0.671232877,0.07770302,0.6,0,0,0.397959184,0.5,1,0.333333333,0.285714286,0,1,1,0.951219512
0,0.02739726,0.072848865,0.533333333,0,0,0.142857143,0.5,0.733333333,0.666666667,0.214285714,0.4,1,0,0.951219512
0,0.01369863,0.134557866,0.466666667,0,0,0.193877551,0,0.133333333,0.666666667,0,0.4,0.5,1,0.951219512
0,0.054794521,0.081156067,0.733333333,0,0,0.040816327,0.5,0.466666667,0.666666667,0.571428571,0.6,1,0,0.951219512
0,0.301369863,0.108538916,0.533333333,0,0,0.397959184,0.5,0.733333333,0,0.071428571,0.8,1,0,0.951219512
0,0.273972603,0.116250765,0.8,0,0,0.397959184,0.5,0.6,0.666666667,0.071428571,0.6,1,0,0.951219512
0,0.178082192,0.185112119,0.733333333,0,0,0.397959184,0.5,0.466666667,0.333333333,0.214285714,0,1,1,0.951219512
0,0.534246575,0.027424794,0.8,0,0,0.295918367,0.75,0.6,0,0.357142857,0.2,1,1,0.951219512
1,0.739726027,0.022634233,0.8,0.200512005,0,0.295918367,0.625,0.6,0.333333333,0.857142857,0,1,1,0.951219512
0,0.260273973,0.123713649,0.8,0,0,0.397959184,0.5,0.6,0.666666667,0.285714286,0.6,1,1,0.951219512
0,0.164383562,0.127253969,0.4,0,0,0.397959184,0.5,0.066666667,0.666666667,0.285714286,0.2,1,0,0.951219512
1,0.493150685,0.106595901,0.533333333,0,0,0.397959184,0.5,0.733333333,0.333333333,0.071428571,1,1,0,0.951219512
1,0.493150685,0.056397506,0.6,0,0,0.5,0.5,1,0.333333333,0.285714286,0,1,1,0.951219512
0,0.315068493,0.048609885,0.533333333,0,0,0.244897959,0.5,0.733333333,0.333333333,0.214285714,0,1,1,0.951219512
0,0.342465753,0.141051948,0.533333333,0,0,0.397959184,0.5,0.733333333,0.833333333,0.428571429,0.8,1,1,0.756097561
1,0.698630137,0.155475048,0.8,0.200512005,0,0.397959184,0.25,0.6,0.333333333,0.285714286,0,1,1,0.951219512
1,0.452054795,0.224314076,0.533333333,0,0,0.37755102,0.5,0.733333333,0.333333333,0.785714286,0,1,1,0.951219512
0,0.01369863,0.087786133,0.4,0,0,0.142857143,0,0.066666667,0.666666667,0,0.4,1,1,0.951219512
1,0.438356164,0.151748003,0.533333333,0,0,0.397959184,0.5,0.733333333,0.333333333,0.071428571,0,1,1,0.951219512
0,0.054794521,0.074258769,0.6,0,0,0.285714286,0.5,1,0.666666667,0.071428571,0.6,1,0,0.951219512
0,0.205479452,0.012322451,0.8,0,0,0.316326531,0,0.6,0,0,0.8,1,0,0.951219512
0,0.369863014,0.122570977,0.666666667,0.034110341,0,0.397959184,0.5,0.533333333,0.333333333,0.214285714,0,1,1,0.951219512
0,0.164383562,0.17461023,0.533333333,0,0,0.397959184,0.25,0.733333333,0.666666667,0.571428571,0.8,0.5,0,0.951219512
1,0.397260274,0.092221512,0.866666667,0,0,0.5,0.75,0.8,0.333333333,0.214285714,0,1,1,0.951219512
0,0.219178082,0.099557206,0.8,0,0,0.397959184,0.5,0.6,0.333333333,0.571428571,1,1,0,0.951219512
0,0.191780822,0.130824733,0.6,0,0,0.397959184,0.5,1,0,0.071428571,0.8,1,0,0.951219512
0,0.219178082,0.113838233,0.533333333,0,0,0.397959184,0.5,0.733333333,0,0.285714286,0.8,1,0,0.951219512
1,1,0.131506682,0.866666667,0,0,0.397959184,0.5,0.8,0.333333333,0.714285714,1,1,0,0.951219512
0,0.438356164,0.014705216,0.8,0,0,0.5,0.25,0.6,0.666666667,0.714285714,0.6,1,0,0.951219512
1,0.534246575,0.114290837,0.8,0,0,0.397959184,0.5,0.6,0.333333333,0.857142857,0,1,1,0.951219512
1,0.301369863,0.328460911,0.733333333,0,0,0.5,0.5,0.466666667,0.333333333,0.857142857,0,1,1,0.951219512
0,0.205479452,0.118580083,0.933333333,0.039080391,0,0.397959184,0.5,0.933333333,0.333333333,0.714285714,0,1,1,0.951219512
0,0.123287671,0.109806747,0.6,0,0,0.397959184,0.5,1,0.666666667,0.071428571,0.2,1,0,0.951219512
0,0.383561644,0.056703978,0.2,0,0,0.397959184,0.5,0.333333333,0.333333333,0.5,0,0.5,1,0.951219512
1,0.397260274,0.010821891,0.8,0,0,0.397959184,0.75,0.6,0.333333333,0.357142857,0,1,1,0.951219512
1,0.232876712,0.169719541,0.6,0,0,0.448979592,0.5,1,0.333333333,0.285714286,1,1,0,0.951219512
1,0.219178082,0.016194274,1,0,0,0.448979592,0.5,0.666666667,0.333333333,0.714285714,0,1,1,0.951219512
0,0.424657534,0.064330583,0.2,0,0,0.397959184,0.5,0.333333333,0.333333333,0.428571429,0,1,1,0.951219512
0,0.315068493,0.112835605,0.8,0,0,0.295918367,0.5,0.6,0.666666667,0.714285714,0.2,1,1,0.951219512
0,0.02739726,0.057489438,0.6,0.005940059,0,0.295918367,0,1,0.666666667,0,0.6,1,1,0.951219512
0,0.246575342,0.076144955,0.6,0,0,0.357142857,0,1,0,0,0.2,0,0,0.951219512
1,0.232876712,0.135643032,0.8,0,0,0.397959184,0.5,0.6,0.333333333,0.285714286,0,1,1,0.951219512
0,0.123287671,0.169358947,0.533333333,0,0,0.479591837,0.5,0.733333333,0.333333333,0.214285714,0,1,1,0.951219512
0,0.150684932,0.088238736,0.533333333,0,0,0.397959184,0.5,0.733333333,0.666666667,0.428571429,0.6,1,1,0.951219512
0,0.301369863,0.110040829,0.8,0,0,0.397959184,0.5,0.6,0.666666667,0.714285714,0.2,1,1,0.951219512
0,0.068493151,0.067255931,0.8,0,0,0.295918367,0.25,0.6,0.666666667,0.071428571,0.6,1,0,0.951219512
1,0.424657534,0.248693776,0.866666667,0,0,0.397959184,0.75,0.8,0.333333333,0.285714286,0,1,1,0.634146341
0,0.273972603,0.106713618,0.533333333,0,0,0.397959184,0.5,0.733333333,0.333333333,0.214285714,0,1,1,0.951219512
0,0.342465753,0.123678469,0.533333333,0.040640406,0,0.397959184,0.5,0.733333333,0.333333333,0.857142857,0,1,1,0.951219512
0,0.547945205,0.120736208,0.266666667,0,0,0.397959184,0.25,0.4,0.333333333,0.571428571,0,1,1,0.951219512
0,0.479452055,0.04115512,0.533333333,0,0,0.37755102,0,0.733333333,0,0,0.8,1,0,0.951219512
0,0.260273973,0.080341516,0.533333333,0,0,0.346938776,0.5,0.733333333,0.666666667,0.071428571,0.2,0.25,0,0.926829268
0,0.178082192,0.162613193,0.6,0,0,0.193877551,0.5,1,0.833333333,1,0.2,1,1,0.951219512
0,0.191780822,0.159093846,0.666666667,0,0,0.397959184,0.5,0.533333333,0.333333333,0.5,0,1,1,0.097560976
0,0.397260274,0.14330617,0.533333333,0,0,0.5,0.75,0.733333333,0.333333333,0.285714286,1,1,0,0.951219512
1,0.356164384,0.109128857,0.8,0,0,0.397959184,0.5,0.6,0.333333333,0.857142857,0,1,1,0.951219512
1,0.273972603,0.097405141,0.866666667,0,0,0.5,0.25,0.8,0.333333333,0.714285714,1,1,0,0.951219512
1,0.356164384,0.076567791,0.8,0,0,0.653061224,0.5,0.6,0.333333333,0.857142857,0,1,1,0.951219512
0,0.534246575,0.128225476,0.533333333,0,0,0.397959184,0.5,0.733333333,1,0.5,0.2,0.5,0,0.951219512
1,0.315068493,0.163103006,0.533333333,0,0,0.346938776,0,0.733333333,0.333333333,0,1,1,0,0.951219512
0,0.547945205,0.121803784,0.533333333,0,0,0.418367347,0.5,0.733333333,1,0.571428571,0.8,1,0,0.951219512
1,0.616438356,0.128387169,0.8,0.140841408,0,0.397959184,0.875,0.6,0,0.714285714,0.2,1,1,0.951219512
0,0.561643836,0.062370655,0.6,0,0.250688705,0.397959184,0.5,1,0.833333333,0.071428571,0.2,1,0,0.951219512
0,0.068493151,0.245675742,0.8,0,0,0.397959184,0.625,0.6,0.666666667,0.071428571,0.6,1,1,0.853658537
0,0.191780822,0.081468627,0.533333333,0,0,0.5,0.75,0.733333333,0.333333333,0.214285714,0,1,1,0.951219512
0,0.082191781,0.071089191,0.8,0,0,0.397959184,0.5,0.6,0.666666667,0.071428571,0.6,1,0,0.951219512
0,0.068493151,0.013754681,0.6,0,0,0.295918367,0.5,1,0.666666667,0.571428571,0.2,1,0,0.951219512
0,0.246575342,0.020133075,0.533333333,0,0,0.295918367,0.5,0.733333333,0.333333333,0.5,0,1,1,0.951219512
0,0.205479452,0.065622093,0.6,0,0,0.602040816,0.75,1,0.666666667,0.714285714,0.2,1,1,0.951219512
1,0.123287671,0.220070833,0.8,0,0,0.397959184,0.125,0.6,0.666666667,0.714285714,0.2,1,1,0.951219512
0,0.753424658,0.167427433,0.533333333,0.022900229,0,0.091836735,0.25,0.733333333,0.333333333,0.285714286,0,1,1,0.951219512
0,0.150684932,0.014888557,0.533333333,0,0,0.397959184,0.5,0.733333333,0.666666667,0.214285714,0.6,1,1,0.951219512
0,0.123287671,0.143263549,0.733333333,0,0,0.357142857,0.5,0.466666667,0.666666667,0.071428571,0.2,1,0,0.951219512
0,0.616438356,0.17110712,0.8,0,0,0.397959184,0.875,0.6,0,0.714285714,0.2,1,1,0.951219512
0,0.260273973,0.017246967,0.8,0,0,0.397959184,0.5,0.6,0.333333333,0.285714286,0,1,1,0.951219512
0,0.589041096,0.016096177,0.2,0,0,0.397959184,0.5,0.333333333,0.5,0.5,0.2,1,1,0.951219512
1,0.328767123,0.115023527,0.6,0,0,0.5,0.5,1,0.333333333,0.857142857,0,1,1,0.951219512
1,0.246575342,0.127099718,0.866666667,0,0,0.448979592,0.5,0.8,0.333333333,0.285714286,0,1,1,0.951219512
0,0.164383562,0.082302121,1,0,0,0.397959184,0.5,0.666666667,0.666666667,0.714285714,0.6,1,1,0.951219512
0,0.424657534,0.208465512,0.533333333,0,0,0.5,0.5,0.733333333,0.333333333,0.857142857,0,1,1,0.951219512
1,0.219178082,0.064614729,0.533333333,0,0,0.5,0.25,0.733333333,0.333333333,0.214285714,0,1,1,0.951219512
1,0.246575342,0.636826634,0.533333333,0,0,0.397959184,0.5,0.733333333,0.333333333,0.285714286,1,1,0,0.951219512
0,0.01369863,0.146816046,0.533333333,0,0,0.346938776,0.5,0.733333333,0.666666667,0.428571429,0.6,1,1,0.951219512
0,0.082191781,0.073825108,0.533333333,0,0,0.346938776,0.75,0.733333333,0.666666667,0.428571429,0.6,1,0,0.951219512
0,0.136986301,0.190474354,0.533333333,0,0,0.397959184,0.5,0.733333333,0.666666667,0.571428571,0.2,0.5,0,0.56097561
1,0.630136986,0.105009421,0.6,0.200512005,0,0.091836735,0.75,1,0.333333333,0.714285714,1,1,0,0.951219512
0,0.068493151,0.0657574,0.6,0,0,0.989795918,0.5,1,0.666666667,0.714285714,0.6,1,1,0.951219512
1,0.205479452,0.008283523,0.666666667,0.051780518,0,0.602040816,0.5,0.533333333,0.333333333,0.857142857,0,1,1,0.951219512
0,0.547945205,0.164279505,0.533333333,0,0,0.448979592,0.5,0.733333333,0.666666667,0.285714286,0.2,1,0,0.951219512
0,0.506849315,0.120956083,0.8,0,0,0.346938776,0.5,0.6,0,0.428571429,0.2,1,1,0.951219512
0,0.315068493,0.118676152,0.8,0,0,0.397959184,0.5,0.6,0.666666667,0.928571429,0.2,1,1,0.951219512
0,0.616438356,0.075180889,0.2,0,0,0.530612245,0.5,0.333333333,0.333333333,1,0,1,1,0.951219512
1,0.424657534,0.111448027,0.866666667,0,0,0.5,0.25,0.8,0.333333333,0.714285714,0,1,1,0.951219512
0,0.246575342,0.123668321,0.533333333,0,0,0.397959184,0.5,0.733333333,0.666666667,0.857142857,0.8,0.5,0,0.951219512
0,0.054794521,0.072672965,0.6,0,0,0.346938776,0.5,1,0.666666667,0.857142857,0.8,1,0,0.951219512
1,0.315068493,0.116743961,0.533333333,0.051780518,0,0.397959184,0.5,0.733333333,0.333333333,0.714285714,1,1,0,0.951219512
0,0.328767123,0.018466763,0.533333333,0.04101041,0,0.397959184,0.25,0.733333333,0.833333333,0.571428571,0.2,0.5,0,0.951219512
0,0.191780822,0.020712191,0.8,0,0,0.367346939,0.5,0.6,0.666666667,0.928571429,0.2,1,1,0.951219512
1,0.452054795,0.183606147,0.6,0,0,0.397959184,0.5,1,0.333333333,0.214285714,0,1,1,0.951219512
0,0.287671233,0.096328094,0.533333333,0,0,0.602040816,0.5,0.733333333,0.833333333,0.857142857,0.2,1,1,0.951219512
0,0.397260274,0.101310791,0.6,0,0,0.397959184,0,1,0,0,0.2,1,1,0.951219512
0,0.219178082,0.159704083,0.733333333,0,0,0.5,0.25,0.466666667,0.333333333,0.214285714,0,1,1,0.951219512
0,0.328767123,0.132823224,0.6,0,0,0.397959184,0.5,1,0.666666667,0.857142857,0.2,1,1,0.951219512
0,0.356164384,0.055359698,0.6,0,0,0.448979592,0.5,1,0,0.285714286,0.2,1,1,0.951219512
1,0.356164384,0.116012624,0.6,0,0,0.397959184,0.5,1,0,0.928571429,0.2,1,1,0
1,0.191780822,0.690702009,0.8,0.086140861,0,0.397959184,0.5,0.6,0.666666667,0.071428571,0.2,1,1,0.951219512
0,0.547945205,0.218047987,0.333333333,0,0,0.397959184,0,0,0.333333333,0,1,1,0,0.951219512
0,0.082191781,0.047210129,0.6,0,0,0.295918367,0.5,1,0.666666667,0.214285714,0.6,1,1,0.951219512
0,0.068493151,0.366704891,0.266666667,0,0,0.346938776,0.5,0.4,0.5,0.571428571,0.4,1,1,0.634146341
1,0.205479452,0.082250704,0.8,0.135501355,0,0.479591837,0.5,0.6,0.666666667,0.285714286,0.2,1,1,0.951219512
0,0.383561644,0.304062945,0.533333333,0,0,0.397959184,0.5,0.733333333,0.333333333,0.428571429,0,1,1,0.951219512
0,0.095890411,0.129855255,0.866666667,0,0,0.397959184,0.5,0.8,0.666666667,0.714285714,0.2,1,0,0.951219512
0,0.424657534,0.139631219,0.533333333,0,0,0.397959184,0.5,0.733333333,0.333333333,0.857142857,0,1,1,0.951219512
0,0.068493151,0.137911462,0.6,0,0,0.397959184,0.5,1,0.666666667,0.857142857,0.6,0.5,0,0.951219512
0,0.287671233,0.137764653,0.6,0,0,0.397959184,0.5,1,0.333333333,0.857142857,0,0.25,1,0.731707317
1,0.356164384,0.204621427,0.6,0,0,0.928571429,0.625,1,0.333333333,0.285714286,0,1,1,0.951219512
0,0.136986301,0.049617249,0.6,0,0,0.193877551,0.5,1,0.666666667,0.857142857,0.2,1,1,0.951219512
0,0.356164384,0.168059319,0.8,0,0,0.551020408,0.25,0.6,0,0.714285714,0.8,1,0,0.951219512
0,0.136986301,0.186686422,0.8,0,0,0.5,0.5,0.6,0.666666667,0.071428571,0.6,0.25,0,0.609756098
0,0.04109589,0.109219513,0.6,0,0,0.193877551,0.5,1,0.666666667,0.428571429,0.6,1,1,0.951219512
0,0.287671233,0.104389713,0.8,0,0,0.551020408,0.5,0.6,0,0.285714286,0.2,1,0,0.951219512
0,0.383561644,0.03018642,0.8,0.050130501,0,0.448979592,0.125,0.6,0.333333333,0.071428571,0,1,1,0.951219512
0,0.328767123,0.107325208,0.6,0,0,0.06122449,0.25,1,0.666666667,0.714285714,0.4,1,1,0.951219512
0,0.136986301,0.106334757,0.8,0,0,0.397959184,0.5,0.6,0.333333333,0.285714286,0,1,1,0.951219512
0,0.219178082,0.116967895,0.533333333,0,0,0.397959184,0.5,0.733333333,0.666666667,0.5,0.2,1,1,0.951219512
0,0.109589041,0.070409271,0.533333333,0,0,0.397959184,0.5,0.733333333,0.666666667,0.071428571,0.6,0.25,1,0.731707317
0,0.287671233,0.035581805,0.6,0,0,0.397959184,0.5,1,0,0.857142857,0.2,1,0,0.951219512
0,0.479452055,0.074910274,0.533333333,0,0,0.448979592,0.125,0.733333333,0,0.071428571,0.2,1,1,0.951219512
0,0.328767123,0.110680157,0.533333333,0,0,0.397959184,0.5,0.733333333,0.333333333,0.214285714,0,1,1,0.951219512
0,0.561643836,0.040948776,0.333333333,0,0,0.397959184,0.5,0,0.666666667,0.571428571,0.2,1,1,0.951219512
0,0.123287671,0.041744384,0.6,0,0,0.397959184,0.5,1,0.666666667,0.714285714,0.2,1,1,0.951219512
0,0.109589041,0.260924894,0.533333333,0,0,0.397959184,0.5,0.733333333,0.666666667,0.071428571,0.4,0.5,0,0.951219512
1,0.315068493,0.201408551,0.533333333,0.086140861,0,0.602040816,0.5,0.733333333,0.833333333,0.071428571,0.2,1,0,0.951219512
0,0.123287671,0.158035741,0.533333333,0,0,0.602040816,0.5,0.733333333,0.666666667,0.071428571,0.2,1,1,0.951219512
0,0.315068493,0.073865024,0.533333333,0,0,0.397959184,0.5,0.733333333,0,0.071428571,0.2,1,1,0.951219512
0,0.068493151,0.116621508,0.533333333,0,0,0.397959184,0.5,0.733333333,0.666666667,0.5,0.6,1,0,0.951219512
0,0.178082192,0.154909462,0.666666667,0,0,0.397959184,0.5,0.533333333,0.333333333,1,0,1,1,0.951219512
0,0.150684932,0.133158787,0.533333333,0,0,0.5,0.5,0.733333333,0.666666667,0.214285714,0.6,1,1,0.951219512
1,0.616438356,0.139179969,0.533333333,0,0.453856749,0.602040816,0.5,0.733333333,0.333333333,1,0,1,1,0.951219512
0,0.232876712,0.155887059,0.533333333,0,0,0.397959184,0.5,0.733333333,0.666666667,0.928571429,0.6,0.5,1,0.951219512
0,0.082191781,0.126938702,0.533333333,0,0,0.204081633,0.875,0.733333333,0.666666667,0.571428571,0.6,1,0,0.951219512
0,0.068493151,0.073647179,0.8,0,0,0.173469388,0.25,0.6,0.666666667,0.714285714,0.6,0.5,0,0.951219512
1,0.342465753,0.076115187,0.533333333,0.076880769,0,0.448979592,0.5,0.733333333,0.333333333,0.214285714,0,0.5,1,0.951219512
1,0.273972603,0.11924309,0.533333333,0,0.436639118,0.448979592,0.5,0.733333333,0.333333333,0.285714286,0,1,1,0.951219512
0,0.068493151,0.120179418,0.6,0,0,0.5,0.5,1,0.666666667,0.571428571,0.2,1,0,0.951219512
1,0.397260274,0.150465289,0.8,0,0,0.397959184,0.5,0.6,0.333333333,0.071428571,0,1,1,0.12195122
1,0.369863014,0.059106362,0.866666667,0.051780518,0,0.397959184,0.5,0.8,0.333333333,0.285714286,0,1,1,0.951219512
1,0.410958904,0.01255315,0.866666667,0,0,0.397959184,0.5,0.8,0,0.714285714,0.2,1,1,0.951219512
0,0.342465753,0.126928554,0.6,0,0,0.520408163,0.5,1,0.333333333,0.214285714,0,1,1,0.951219512
0,0.109589041,0.131056785,0.533333333,0,0,0.397959184,0.25,0.733333333,0,0.928571429,0.8,1,0,0.951219512
0,0.643835616,0.166093301,0.533333333,0,0,0.37755102,0,0.733333333,0,0,0.8,1,0,0.951219512
0,0.095890411,0.151822422,0.8,0,0,0.397959184,0.5,0.6,0.666666667,0.285714286,0.2,1,1,0.951219512
1,0.356164384,0.116388779,0.333333333,0,0.433195592,0.397959184,0.5,0,0.333333333,0.5,0,0.5,1,0.951219512
0,0.136986301,0.063522798,0.8,0,0,0.5,0.25,0.6,0.5,0.714285714,0.2,1,0,0.951219512
0,0.657534247,0.172207846,0.533333333,0.018480185,0,0.397959184,0.5,0.733333333,1,0.214285714,0.2,1,1,0.951219512
0,0.01369863,0.06979024,0.4,0,0,0.397959184,0.5,0.066666667,0.333333333,0.214285714,0,1,1,0.951219512
0,0.232876712,0.300459707,0.733333333,0,0,0.397959184,0.5,0.466666667,0.666666667,0.714285714,0.2,1,1,0.951219512
0,0.260273973,0.061590607,0.733333333,0.028290283,0,0.397959184,0.5,0.466666667,0.333333333,0.5,0,1,1,0.951219512
0,0.328767123,0.224804565,0.533333333,0,0,0.397959184,0,0.733333333,0,0,0.8,1,0,0.951219512
1,0.479452055,0.126992825,0.866666667,0.07298073,0,0.602040816,0.25,0.8,0.333333333,0.285714286,0,1,1,0.951219512
1,0.424657534,0.206394631,0.8,0,0,0.193877551,0.75,0.6,0.333333333,0.714285714,1,1,0,0.951219512
1,0.602739726,0.100930577,0.533333333,0,0,0.397959184,0.5,0.733333333,0.333333333,0.214285714,0,1,1,0.951219512
0,0.054794521,0.195199291,0.6,0,0,0.295918367,0,1,0.666666667,0,0.6,1,1,0.951219512
1,0.356164384,0.060380282,0.6,0,0.436639118,0.142857143,0.75,1,0.333333333,0.285714286,0,1,1,0.951219512
0,0.123287671,0.036930144,0.466666667,0,0,0.989795918,0.625,0.133333333,0.333333333,0.857142857,0,0.75,1,0.146341463
0,0.493150685,0.05425153,0.6,0,0,0.397959184,0.5,1,0.666666667,0.071428571,0.4,1,0,0.951219512
0,0.054794521,0.540776597,0.533333333,0,0,0.5,0.5,0.733333333,0.666666667,0.571428571,0.2,0.5,0,0.951219512
0,0.095890411,0.009732666,0.533333333,0,0,0.397959184,0,0.733333333,0.666666667,0,0.4,0,0,0.951219512
0,0.657534247,0.035438379,0.6,0,0,0.142857143,0.5,1,0,0.571428571,0.2,0.25,0,0.951219512
1,0.452054795,0.055547775,0.666666667,0,0,0.5,0.5,0.533333333,0.333333333,0.214285714,0,1,1,0.951219512
0,0.219178082,0.065622093,0.2,0,0,0.397959184,0.5,0.333333333,0.666666667,0.428571429,0.2,1,1,0.951219512
1,0.410958904,0.093459575,0.6,0,0,0.5,0.5,1,0.333333333,0.214285714,0,0,1,0.951219512
0,0.232876712,0.055079612,0.533333333,0,0,0.5,0.5,0.733333333,0.833333333,0.857142857,0.8,1,0,0.951219512
0,0.547945205,0.180672681,0.2,0,0,0.285714286,0.5,0.333333333,1,0.571428571,0.8,0.5,0,0.951219512
1,0.438356164,0.117577455,0.866666667,0,0,0.5,0.5,0.8,0.333333333,0.714285714,1,1,0,0.951219512
0,0.315068493,0.198861388,0.533333333,0,0,0.397959184,0.5,0.733333333,0,0.214285714,0.2,0.25,0,0.585365854
0,0.726027397,0.132366561,0.6,0,0,0.040816327,0.625,1,0.666666667,0.285714286,0.2,1,1,0.951219512
0,0.054794521,0.135093007,0.6,0,0.404499541,0.275510204,0.5,1,0.666666667,0.857142857,0.6,1,0,0.951219512
1,0.219178082,0.133004536,0.733333333,0.07298073,0,0.602040816,0.5,0.466666667,0.333333333,0.5,0,1,1,0.951219512
1,0.397260274,0.171042172,0.8,0,0,0.5,0.5,0.6,0.333333333,0.714285714,0,1,1,0.951219512
1,0.178082192,0.150758906,0.533333333,1,0,0.397959184,0.5,0.733333333,0.333333333,1,0,1,1,0.951219512
0,0.136986301,0.115536342,0.533333333,0,0,0.602040816,0.25,0.733333333,0.666666667,0.357142857,0.6,0,1,0.951219512
0,0.082191781,0.138611678,0.8,0,0,0.397959184,0.5,0.6,0.666666667,0.071428571,0.6,1,0,0.951219512
0,0.657534247,0.095801071,0.466666667,0.020090201,0,0.43877551,0.25,0.133333333,1,0.285714286,0.2,1,1,0.951219512
0,0.575342466,0.101249903,0.8,0,0,0.37755102,0.25,0.6,0.666666667,0.071428571,0.2,1,1,0.951219512
1,0.260273973,0.159170971,0.933333333,0.051780518,0,0.602040816,0.5,0.933333333,0.333333333,0.714285714,0,1,1,0
1,0.794520548,0.068724693,1,0,0,0.193877551,0.875,0.666666667,0.333333333,0.714285714,0,0.5,1,0.951219512
0,0.452054795,0.082319711,0.533333333,0,0,0.346938776,0.5,0.733333333,0,0.071428571,0.8,1,0,0.951219512
1,0.438356164,0.092634876,0.8,0.150241502,0,0.397959184,0.25,0.6,0.333333333,0.785714286,0,0.5,1,0.951219512
0,0.109589041,0.100629518,0.533333333,0,0,0.397959184,0.5,0.733333333,0.666666667,0.857142857,0.6,1,1,0.951219512
0,0.150684932,0.084981886,0.533333333,0,0,0.397959184,0.5,0.733333333,0.333333333,0.5,1,1,0,0.951219512
0,0.273972603,0.217182019,1,0,0,0.346938776,0.5,0.666666667,0.333333333,0.714285714,1,1,0,0.951219512
0,0.191780822,0.287470867,0.6,0,0,0.397959184,0.5,1,0.333333333,0.357142857,0,1,1,0.634146341
0,0.273972603,0.11925865,0.866666667,0,0.43067034,0.397959184,0.125,0.8,0.666666667,0.714285714,0.2,1,1,0.951219512
0,0.547945205,0.151384026,0.533333333,0,0,0.397959184,0.125,0.733333333,0,0.071428571,0.8,1,0,0.951219512
1,0.424657534,0.122292244,0.533333333,0,0,0.397959184,0,0.733333333,0.333333333,0,0,1,1,0.951219512
0,0.205479452,0.205792513,0.133333333,0,0,0.602040816,0.5,0.266666667,0.333333333,0.214285714,0,1,1,0.634146341
0,0.02739726,0.20010554,0.533333333,0,0,0.397959184,0,0.733333333,0.666666667,0,0.2,0.5,0,0.951219512
0,0.232876712,0.136391282,0.6,0,0,0.397959184,0.5,1,0.333333333,0.214285714,0,1,1,0.951219512
0,0.410958904,0.071862473,0.8,0,0,0.602040816,0.75,0.6,0.333333333,0.285714286,0.6,1,1,0.951219512
0,0.315068493,0.016114443,0.6,0,0,0.397959184,0.75,1,0.333333333,0.214285714,0,1,1,0.951219512
0,0.726027397,0.052742852,0.533333333,0,0,0.040816327,0.5,0.733333333,1,0.071428571,0.8,1,0,0.951219512
0,0.246575342,0.304851111,0.333333333,0,0,0.5,0.75,0,0.333333333,1,0,0.5,1,0.951219512
0,0.109589041,0.079097364,0.6,0,0,0.397959184,0.875,1,0.666666667,1,0.2,0.5,1,0.951219512
1,0.178082192,0.287645413,0.6,0,0,0.397959184,0.75,1,0.333333333,0.857142857,0,1,1,0.951219512
0,0.01369863,0.128282306,0.4,0,0,0.091836735,0.5,0.066666667,0.666666667,0.857142857,0.6,1,0,0.951219512
1,0.287671233,0.210922695,0.8,0,0,0.397959184,0.5,0.6,0.333333333,0.857142857,0,1,1,0.951219512
1,0.315068493,0.141319857,0.733333333,0,0,0.5,0.5,0.466666667,0.333333333,0.285714286,0,1,1,0.951219512
0,0.164383562,0.064186481,0.533333333,0,0,0.397959184,0.5,0.733333333,0.666666667,0.571428571,0.2,1,1,0.951219512
0,0.397260274,0.18057526,0.8,0,0,0.397959184,0.5,0.6,0.666666667,0.214285714,0.2,1,0,0.951219512
0,0.342465753,0.11688671,0.533333333,0,0,0.346938776,0.5,0.733333333,0.833333333,0.071428571,0.8,1,0,0.829268293
0,0.438356164,0.129367471,0.533333333,0,0,0.397959184,0.125,0.733333333,1,0.071428571,0.2,1,0,0.951219512
0,0.109589041,0.091571359,0.8,0,0,0.397959184,0.5,0.6,0.666666667,0.071428571,0.6,0.25,0,0.463414634
0,0.04109589,0.113500641,0.6,0,0,0.193877551,0.5,1,0.666666667,0.857142857,0.6,1,1,0.951219512
0,0.191780822,0.141316474,0.8,0,0,0.295918367,0.5,0.6,1,0.571428571,0.2,1,0,0.951219512
1,0.342465753,0.138098862,0.733333333,0,0,0.346938776,0.25,0.466666667,0.333333333,0.071428571,1,1,0,0.804878049
0,0.150684932,0.127739723,0.533333333,0,0,0.397959184,0.25,0.733333333,0.666666667,1,0.6,0.5,0,0.951219512
0,0.150684932,0.100429263,0.533333333,0,0,0.397959184,0.625,0.733333333,0.666666667,0.214285714,0.2,1,1,0.951219512
0,0.273972603,0.052278747,0.533333333,0,0,0.397959184,0.5,0.733333333,0,0.071428571,0.8,1,0,0.951219512
0,0.315068493,0.047273724,0.8,0,0,0.397959184,0.5,0.6,0.666666667,0.071428571,0.2,1,1,0.951219512
0,0.136986301,0.070581788,0.6,0,0,0.5,0.75,1,0.333333333,0.571428571,1,1,0,0.951219512
0,0.287671233,0.07120082,0.8,0,0,0.448979592,0.5,0.6,0.666666667,0.571428571,0.4,1,0,0.951219512
0,0.506849315,0.125091079,0.8,0,0,0.37755102,0.875,0.6,0.333333333,0.285714286,0,1,1,0.951219512
0,0.082191781,0.043397841,0.6,0,0,0.397959184,0.5,1,0.666666667,0.071428571,0.2,1,0,0.951219512
1,0.136986301,0.1489079,0.533333333,0.043860439,0,0.397959184,0.5,0.733333333,0.333333333,0.071428571,0,1,1,0.951219512
0,0.02739726,0.117318341,0.6,0,0,0.193877551,0.5,1,0.666666667,0.571428571,0.6,1,0,0.951219512
0,0.082191781,0.146429067,0.6,0,0,0.193877551,0.5,1,0.666666667,0.714285714,0.2,1,1,0.951219512
1,0.273972603,0.118156571,0.866666667,0,0,0.5,0.5,0.8,0.333333333,0.857142857,0,1,1,0.951219512
0,0.465753425,0.123002608,0.533333333,0,0,0.397959184,0.5,0.733333333,0.333333333,0.785714286,0,1,1,0.951219512
0,0.191780822,0.065468519,0.533333333,0.031370314,0,0.448979592,0.5,0.733333333,0.333333333,0.357142857,0,1,1,0.951219512
0,0.136986301,0.180264053,0.466666667,0,0,0.397959184,0.5,0.133333333,0.666666667,0.428571429,0.4,1,1,0.634146341
1,0.123287671,0.067971031,0.666666667,0,0,0.653061224,0.5,0.533333333,0.333333333,0.214285714,0,1,1,0.951219512
0,0.02739726,0.05363994,0.6,0,0,0.244897959,0.25,1,0.666666667,0.071428571,0.6,1,0,0.951219512
0,0.232876712,0.14142269,0.533333333,0,0,0.397959184,0.5,0.733333333,0.666666667,0.5,0.8,0.5,0,0.951219512
0,0.301369863,0.06795547,0.533333333,0,0,0.397959184,0.5,0.733333333,0,0.571428571,0.2,0.75,0,0.146341463
1,0.301369863,0.068627948,0.866666667,0.086140861,0,0.397959184,0.5,0.8,0,0.285714286,0.2,1,0,0.951219512
0,0.178082192,0.119851297,0.533333333,0,0,0.37755102,0.5,0.733333333,0.5,0.571428571,0.8,0.5,0,0.951219512
0,0.082191781,0.153829709,0.6,0.02597026,0,0.5,0.5,1,0.666666667,0.428571429,0.6,1,1,0.951219512
0,0.150684932,0.081448331,0.666666667,0,0,0.397959184,0.875,0.533333333,0.666666667,0.285714286,0.2,0.5,0,0.268292683
0,0.369863014,0.139215826,0.6,0,0,0.397959184,0.125,1,0,0.071428571,0.8,0.5,0,0.951219512
0,0.095890411,0.087910616,0.8,0,0,0.295918367,0.5,0.6,0.666666667,0.071428571,0.2,1,0,0.951219512
0,0.479452055,0.143367059,0.533333333,0,0,0.448979592,0.5,0.733333333,0.333333333,0.285714286,1,1,0,0.951219512
0,0.534246575,0.224315429,0.6,0,0,0.397959184,0.5,1,0.333333333,1,0,0.5,1,0.951219512
0,0.273972603,0.101574641,0.533333333,0,0,0.448979592,0.5,0.733333333,0.333333333,0.214285714,0,1,1,0.951219512
0,0.273972603,0.01536484,0.533333333,0,0,0.397959184,0.875,0.733333333,0.833333333,0.571428571,0.8,1,0,0.951219512
0,0.136986301,0.03771831,0.6,0,0,0.448979592,0.5,1,0.666666667,0.285714286,0.2,1,1,0.951219512
1,0.657534247,0.083957608,0.866666667,0,0,0.5,0.5,0.8,0.333333333,0.714285714,0,1,1,0.951219512
1,0.671232877,0.0677153,0.2,0,0,0.397959184,0.625,0.333333333,0.333333333,0.214285714,0,1,1,0.951219512
1,0.356164384,0.144571295,0.6,0,0,0.397959184,0.25,1,0.333333333,0.214285714,0,0.5,1,0.951219512
1,0.178082192,0.128383786,0.8,0,0,0.418367347,0.5,0.6,0.333333333,0.285714286,0,1,1,0.951219512
0,0.287671233,0.091314275,0.533333333,0,0,0.397959184,0.25,0.733333333,0.666666667,1,0.2,1,1,0.951219512
0,0.178082192,0.092781685,0.266666667,0,0,0.448979592,0.5,0.4,0.666666667,0.214285714,0.6,1,1,0.951219512
0,0.123287671,0.174455979,0.8,0,0,0.397959184,0.5,0.6,0.666666667,0.857142857,0.2,1,0,0.951219512
0,0.136986301,0.040999516,0.533333333,0,0,0.397959184,0.5,0.733333333,0.666666667,0.428571429,0.4,0.25,1,0.951219512
0,0.273972603,0.107282586,0.8,0,0,0.448979592,0.25,0.6,0.666666667,0.714285714,0.2,1,0,0.951219512
0,0.246575342,0.061590607,0.866666667,0,0,0.448979592,0.5,0.8,0.333333333,0.285714286,0,1,1,0.951219512
1,0.575342466,0.259418922,0.533333333,0,0,0.397959184,0.5,0.733333333,0.333333333,0.428571429,0,1,1,0.951219512
0,0.068493151,0.085723371,0.533333333,0,0,0.397959184,0.5,0.733333333,0.666666667,0.857142857,0.6,0.25,0,0.975609756
0,0.479452055,0.072271779,0.533333333,0,0,0.397959184,0.5,0.733333333,0.333333333,0.5,0,1,1,0.951219512
0,0.02739726,0.099469933,0.533333333,0,0,0.397959184,0.5,0.733333333,0.666666667,0.428571429,0.2,1,1,0.951219512
0,0.082191781,0.119246473,0.733333333,0,0.453168044,0.193877551,0.5,0.466666667,0.666666667,0.071428571,0.6,1,0,0.951219512
0,0.287671233,0.119218058,0.6,0.06497065,0,0.346938776,0.5,1,0.666666667,0.071428571,0.8,1,0,0.951219512
0,0.410958904,0.057882506,0.6,0,0,0.397959184,0.5,1,0.333333333,0.214285714,0,1,1,0.951219512
1,0.219178082,0.030049083,0.8,0.150241502,0,0.755102041,0.5,0.6,0.333333333,0.714285714,0,1,1,0.951219512
0,0.082191781,0.111088109,0.666666667,0,0,0.357142857,0.5,0.533333333,0.666666667,0.071428571,0.6,1,0,0.951219512
0,0.616438356,0.068191582,0.2,0,0,0.397959184,0.5,0.333333333,0,0.214285714,0.6,1,1,0.951219512
1,0.493150685,0.113762461,0.8,0,0,0.397959184,0.5,0.6,0.333333333,0.214285714,0,1,1,0.951219512
1,0.287671233,0.134174269,0.733333333,0,0,0.397959184,0.5,0.466666667,0.333333333,0.928571429,0,1,1,0.951219512
0,0.369863014,0.017479695,0.533333333,0,0,0.448979592,0.75,0.733333333,0,0.214285714,0.2,1,1,0.951219512
0,0.520547945,0.04919509,0.866666667,0,0,0.37755102,0.25,0.8,0.5,0.714285714,0.2,1,0,0.951219512
0,0.671232877,0.012906303,0.6,0,0,0.193877551,0,1,0.333333333,0,0,1,1,0.951219512
0,0.260273973,0.234734104,0.6,0,0,0.397959184,0.125,1,0.833333333,0.071428571,0.2,0.5,1,0.951219512
1,0.493150685,0.078115708,0.533333333,0,0,0.397959184,0.5,0.733333333,0.333333333,0.071428571,0,1,1,0.951219512
0,0.410958904,0.133396251,0.6,0,0.340909091,0.469387755,0.5,1,0.333333333,0.214285714,0,1,1,0.951219512
0,0.054794521,0.269366051,0.6,0,0,0.234693878,0.5,1,0.666666667,0.857142857,0.6,1,1,0.951219512
0,0.547945205,0.069148882,0.533333333,0,0,0.602040816,0.5,0.733333333,0.333333333,0.285714286,0,1,1,0.951219512
1,0.356164384,0.109760743,0.533333333,0,0,0.397959184,0.5,0.733333333,0.333333333,0.5,0,1,1,0.951219512
0,0.246575342,0.077389107,0.533333333,0,0,0.459183673,0.5,0.733333333,0,0.214285714,0.2,1,1,0
1,0.287671233,0.129591405,0.666666667,0,0,0.479591837,0.5,0.533333333,0.333333333,0.428571429,0,1,1,0.951219512
0,0.082191781,0.099217585,0.6,0,0,0.551020408,0.5,1,0.333333333,0.428571429,0,1,1,0.951219512
0,0.780821918,0.136815471,0.2,0,0,0.397959184,0.25,0.333333333,0.333333333,0.785714286,0,1,1,0.951219512
0,0.109589041,0.056427274,0.533333333,0,0,0.295918367,0.5,0.733333333,0.666666667,0.571428571,0.8,1,0,0.097560976
0,0.315068493,0.043435051,0.8,0,0,0.5,0.75,0.6,0.666666667,0.714285714,0.2,1,1,0.951219512
0,0.397260274,0.101864199,0.533333333,0,0,0.397959184,0.875,0.733333333,0,0.071428571,0.8,1,0,0.951219512
0,0.219178082,0.152871055,0.533333333,0,0,0.397959184,0.5,0.733333333,0.833333333,0.571428571,0.2,1,0,0.268292683
1,0.164383562,0.256801399,0.666666667,0,0,0.397959184,0.5,0.533333333,0.333333333,0.214285714,0,1,1,0.951219512
0,0.506849315,0.062554673,0.333333333,0,0,0.653061224,0.75,0,0.333333333,0.857142857,0,1,1,0.951219512
0,0.465753425,0.132035735,0.8,0,0,0.551020408,0.5,0.6,0.333333333,0.285714286,0,1,1,0.951219512
0,0.109589041,0.071242089,0.733333333,0,0,0.397959184,0.5,0.466666667,0.666666667,0.071428571,0.2,1,0,0.951219512
0,0.068493151,0.049457586,0.533333333,0,0,0.397959184,0.5,0.733333333,0.666666667,0.928571429,0.6,1,1,0.951219512
1,0.232876712,0.17159152,0.533333333,0,0,0.397959184,0.625,0.733333333,0.333333333,0.285714286,0,1,1,0.951219512
0,0.438356164,0.203141839,0.533333333,0,0.45959596,0.704081633,0,0.733333333,0.333333333,0,0,1,1,0.951219512
0,0.123287671,0.143477334,0.6,0,0,0.397959184,0.5,1,0.333333333,0.214285714,0,1,1,0.951219512
0,0.232876712,0.221130967,0.533333333,0,0,0.397959184,0.5,0.733333333,0.833333333,0.428571429,0.8,1,0,0.951219512
0,0.369863014,0.177800104,0.066666667,0,0,0.091836735,0.5,0.2,0.666666667,0.571428571,0.6,1,1,0.951219512
0,0.561643836,0.026529736,0.666666667,0,0,0.397959184,0.5,0.533333333,0.333333333,0.214285714,0,1,1,0.951219512
1,0.260273973,0.102124666,0.733333333,0,0,0.397959184,0.5,0.466666667,0.333333333,0.071428571,0,1,1,0.951219512
0,0.602739726,0.14613342,0.533333333,0,0,0.5,0.5,0.733333333,0.333333333,0.214285714,0,1,1,0.951219512
0,0.575342466,0.114914604,1,0,0,0.397959184,0.75,0.666666667,0.333333333,0.714285714,0,1,1,0.951219512
1,0.205479452,0.02563603,0.533333333,0,0,0.397959184,0.5,0.733333333,0.333333333,0.5,0,1,1,0.951219512
0,0.356164384,0.081708798,0.533333333,0,0,0.397959184,0.625,0.733333333,0.333333333,0.214285714,0,1,1,0.951219512
0,0.191780822,0.074069338,0.733333333,0,0,0.346938776,0.5,0.466666667,0,0.071428571,0.8,1,0,0.756097561
0,0.04109589,0.069364021,0.333333333,0,0,0.397959184,0,0,0.833333333,0,0.8,1,0,0.951219512
0,0.219178082,0.059734865,0.6,0,0,0.091836735,0.75,1,0.333333333,0.571428571,1,1,0,0.951219512
0,0.383561644,0.166137276,0.4,0,0,0.5,0.25,0.066666667,0.333333333,0.571428571,0,0.5,1,0.951219512
1,0.219178082,0.067167981,0.866666667,0,0.436639118,0.448979592,0.5,0.8,0.333333333,0.285714286,0,1,1,0.268292683
0,0.575342466,0.205492807,0.533333333,0,0,0.448979592,0.5,0.733333333,0.333333333,0.571428571,0,1,1,0.12195122
0,0.643835616,0.062696746,0.2,0,0,0.704081633,0.75,0.333333333,0.333333333,0.214285714,0,1,1,0.951219512
0,0.356164384,0.071267797,0.6,0,0,0.397959184,0.5,1,0,0.285714286,0.2,0.5,0,0.951219512
0,0.191780822,0.081398267,0.533333333,0,0,0.397959184,0.5,0.733333333,0.666666667,0.571428571,0.6,1,1,0.951219512
0,0.232876712,0.146535283,0.6,0,0,0.397959184,0.5,1,0.833333333,0.5,0.2,0.75,1,0.951219512
1,0.465753425,0.102605684,0.666666667,0,0,0.397959184,0.5,0.533333333,0.333333333,0.928571429,0,1,1,0.951219512
0,0.082191781,0.142569421,0.6,0,0,0.346938776,0,1,0.666666667,0,0.6,1,0,0.951219512
0,0.082191781,0.15187181,0.6,0,0,0.397959184,0.5,1,0.666666667,0.428571429,0.6,1,1,0.951219512
1,0.465753425,0.091013216,0.6,0,0,0.397959184,0.5,1,0.333333333,0.714285714,0,1,1,0.951219512
0,0.246575342,0.165553424,0.133333333,0,0,0.142857143,0.75,0.266666667,0.333333333,0.571428571,1,1,0,0.634146341
0,0.02739726,0.201742084,0.466666667,0,0,0.244897959,0.5,0.133333333,0.666666667,0.571428571,0.6,1,1,0.951219512
0,0.246575342,0.306499156,0.8,0,0,0.397959184,0.5,0.6,0.333333333,0.857142857,0,1,1,0.951219512
1,0.082191781,0.019914553,0.666666667,0,0,0.551020408,0.5,0.533333333,0.333333333,0.214285714,0,1,1,0.951219512
0,0.232876712,0.12264269,0.4,0,0,0.397959184,0.5,0.066666667,0.333333333,0.214285714,0,1,1,0.951219512
1,0.287671233,0.202925347,0.6,0,0,0.5,0.625,1,0.333333333,0.857142857,0,1,1,0.951219512
1,0.452054795,0.084545519,0.8,0,0,0.397959184,0.5,0.6,0.333333333,0.071428571,1,1,0,0.951219512
1,0.520547945,0.132713625,0.866666667,0,0,0.397959184,0.5,0.8,0.333333333,0.285714286,0,1,1,0.951219512
0,0.301369863,0.063636456,0.6,0,0,0.469387755,0.75,1,0,0.857142857,0.8,1,1,0.951219512
0,0.205479452,0.084966325,0.6,0,0,0.295918367,0.5,1,0,0.857142857,0.8,1,0,0.951219512
1,0.397260274,0.072835334,0.866666667,0,0,0.5,0.75,0.8,0.333333333,0.285714286,0,1,1,0.951219512
1,0.273972603,0.232438613,0.8,0,0,0.397959184,0.5,0.6,0.333333333,0.214285714,0,0.25,1,0.024390244
0,0.315068493,0.009907213,0.866666667,0,0,0.397959184,0.25,0.8,0.666666667,0.714285714,0.2,1,0,0.951219512
0,0.246575342,0.018841565,0.6,0,0.468778696,0.397959184,0.5,1,0.333333333,0.428571429,0,1,1,0.951219512
0,0.465753425,0.022538165,0.533333333,0,0,0.397959184,0.5,0.733333333,0,0.714285714,0.2,1,1,0.951219512
0,0.068493151,0.051257852,0.733333333,0,0,0.051020408,0.5,0.466666667,0.333333333,0.285714286,0,0.25,1,0.951219512
0,0.438356164,0.105913275,0.666666667,0,0,0.193877551,0.5,0.533333333,0,0.571428571,0.8,1,0,0.951219512
0,0.123287671,0.123989,0.8,0,0,0.397959184,0.5,0.6,0.666666667,0.857142857,0.2,1,0,0.951219512
0,0.136986301,0.066105817,0.533333333,0,0,0.397959184,0.5,0.733333333,0,0.571428571,0.2,1,0,0.951219512
0,0.369863014,0.300349432,0.866666667,0,0,0.397959184,0.5,0.8,0.333333333,0.071428571,0,1,1,0.951219512
0,0.479452055,0.132300937,0.6,0,0,0.397959184,0.125,1,0.333333333,0.071428571,0,1,1,0.951219512
0,0.109589041,0.023724812,0.333333333,0,0,0.397959184,0.5,0,0.333333333,0.571428571,1,1,0,0.951219512
0,0.246575342,0.236519486,0.8,0,0,0.602040816,0.75,0.6,0.333333333,0.857142857,0,1,1,0.585365854
1,0.479452055,0.090718922,0.533333333,0,0,0.397959184,0.5,0.733333333,0.333333333,0.214285714,0,1,1,0.951219512
0,0.219178082,0.163678739,0.533333333,0,0,0.397959184,0.5,0.733333333,0.666666667,0.071428571,0.2,1,0,0.951219512
0,0.082191781,0.048444133,0.533333333,0,0,0.397959184,0.5,0.733333333,0.666666667,0.857142857,0.6,0.25,1,0.951219512
0,0.342465753,0.161661305,0.6,0,0,0.397959184,0.5,1,0.333333333,0.285714286,0,1,1,0.804878049
1,0.452054795,0.222927174,0.933333333,0,0,0.5,0.75,0.933333333,0.333333333,0.714285714,0,1,1,0.951219512
0,0.356164384,0.088980898,0.533333333,0,0,0.397959184,0.5,0.733333333,0.333333333,0.928571429,0,1,1,0.951219512
1,0.465753425,0.011149335,0.933333333,0,0,0.602040816,0.625,0.933333333,0.333333333,0.714285714,0,1,1,0.951219512
1,0.068493151,0.028332708,0.533333333,0.140841408,0,0.602040816,0.5,0.733333333,0.666666667,0.571428571,0.2,1,1,0.951219512
0,0.465753425,0.065049066,0.533333333,0,0,0.397959184,0.25,0.733333333,0.333333333,0.214285714,0,1,1,0.951219512
0,0.328767123,0.021538243,0.6,0,0,0.397959184,0.5,1,0.333333333,0.571428571,1,1,0,0.951219512
0,0.109589041,0.186829171,0.8,0,0,0.397959184,0.5,0.6,0.666666667,0.928571429,0.6,1,0,0.951219512
0,0.328767123,0.109538838,0.6,0,0,0.397959184,0.5,1,0.333333333,0.071428571,1,0.5,0,0.951219512
0,0.260273973,0.104589291,0.533333333,0,0,0.704081633,0.625,0.733333333,0.666666667,0.571428571,0.2,1,0,0.951219512
0,0.068493151,0.058800567,0.6,0,0,0.193877551,0.5,1,0.666666667,0.428571429,0.6,1,1,0.951219512
0,0.054794521,0.086404644,0.6,0,0,0.397959184,0.5,1,0.666666667,0.785714286,0.6,1,1,0.951219512
0,0.260273973,0.077389107,0.4,0,0.362488522,0.397959184,0.5,0.066666667,0.333333333,0.285714286,0,1,1,0.951219512
1,0.342465753,0.101800604,0.6,0,0,0.56122449,0.75,1,0.333333333,0.428571429,0,1,1,0.951219512
0,0.520547945,0.213314932,0.533333333,0,0,0.397959184,0.5,0.733333333,0,0.5,0.2,1,0,0.951219512
0,0.123287671,0.083457647,0.8,0,0,0.397959184,0.5,0.6,0.666666667,0.857142857,0.2,1,1,0.951219512
0,0.452054795,0.084263403,0.533333333,0,0,0.397959184,0.5,0.733333333,0,0.714285714,0.8,0.5,0,0.951219512
0,0.109589041,0.129850519,0.533333333,0,0,0.397959184,0.5,0.733333333,0.666666667,0.071428571,0.8,1,0,0.634146341
0,0.397260274,0.216539309,0.6,0,0,0.397959184,0.5,1,0.333333333,0.071428571,0,1,1,0.951219512
0,0.643835616,0.129555549,0.533333333,0,0,0.071428571,0.5,0.733333333,1,0.071428571,0.8,1,0,0.951219512
0,0.082191781,0.139147495,0.6,0,0,0.397959184,0.5,1,0.333333333,0.571428571,0,1,1,0.951219512
0,0.424657534,0.069886308,0.8,0,0,0.397959184,0.5,0.6,0.333333333,0.857142857,0,1,1,0.951219512
0,0.109589041,0.173679991,0.666666667,0,0,0.397959184,0.5,0.533333333,0.666666667,0.214285714,0.6,1,1,0.951219512
0,0.397260274,0.242936443,0.533333333,0,0,0.397959184,0.125,0.733333333,0,0.071428571,0.2,1,1,0.951219512
0,0.02739726,0.169848084,0.6,0,0,0.142857143,0.5,1,0.666666667,0.571428571,0.6,1,0,0.951219512
0,0.095890411,0.059559642,0.8,0,0,0.448979592,0.5,0.6,0.333333333,0.714285714,0,1,1,0.951219512
0,0.438356164,0.154638847,0.4,0,0,0.397959184,0.5,0.066666667,0.333333333,0.214285714,0,1,1,0.12195122
0,0.02739726,0.063608718,0.6,0,0,0.397959184,0.5,1,0,0.571428571,0.6,1,0,0.951219512
0,0.410958904,0.019217043,0.6,0,0,0.397959184,0.25,1,0,0.214285714,0.2,1,1,0.951219512
0,0.260273973,0.027228599,0.533333333,0,0,0.397959184,0.5,0.733333333,0.333333333,1,0,1,1,0.951219512
0,0.410958904,0.067456862,0.533333333,0,0,0.336734694,0.5,0.733333333,0.333333333,0.571428571,0,1,1,0.951219512
0,0.671232877,0.09207335,0.533333333,0.014240142,0,0.091836735,0.875,0.733333333,0.333333333,0.5,1,1,0,0.951219512
0,0.260273973,0.245378743,0.4,0,0,0.397959184,0.5,0.066666667,0.333333333,0.5,0,1,1,0.951219512
1,0.369863014,0.223409545,1,0.076880769,0,0.397959184,0.875,0.666666667,0.333333333,0.714285714,1,1,0,0.951219512
1,0.383561644,0.109766831,0.6,0.07298073,0,0.5,0.5,1,0.333333333,1,0,1,1,0.951219512
0,0.232876712,0.071508644,0.533333333,0,0,0.397959184,0.5,0.733333333,0.666666667,0.071428571,0.2,1,0,0.951219512
0,0.342465753,0.05194995,0.533333333,0,0,0.479591837,0.5,0.733333333,0.333333333,0.714285714,0,1,1,0.951219512
1,0.328767123,0.259913471,0.733333333,0,0,0.5,0.25,0.466666667,0.333333333,0.285714286,0,0.5,1,0.951219512
1,0.287671233,0.203286618,0.8,0,0,0.397959184,0.5,0.6,0.333333333,0.285714286,1,1,0,0.951219512
0,0.479452055,0.053556049,0.8,0,0.506198347,0.071428571,0,0.6,1,0,0.2,1,0,0.951219512
1,0.465753425,0.055575513,0.533333333,0,0,0.551020408,0.75,0.733333333,0.333333333,0.357142857,0,1,1,0.951219512
0,0.082191781,0.092418384,0.6,0,0,0.244897959,0.5,1,0.666666667,0.428571429,0.6,1,0,0.951219512
1,0.273972603,0.086859277,0.6,0,0,0.397959184,0.5,1,0.333333333,0.857142857,1,1,0,0.951219512
1,0.383561644,0.186477372,0.866666667,0,0,0.5,0.25,0.8,0.333333333,0.714285714,0,1,1,0.951219512
0,0.164383562,0.130989808,0.533333333,0,0,0.397959184,0.5,0.733333333,0.666666667,0.571428571,0.6,1,1,0.951219512
0,0.342465753,0.124220375,0.533333333,0,0,0.397959184,0.75,0.733333333,0.333333333,0.214285714,0,1,1,0.951219512
1,0.287671233,0.045553966,0.8,0,0,0.418367347,0.5,0.6,0.333333333,0.857142857,0,1,1,0.951219512
0,0.273972603,0.119724108,1,0,0,0.397959184,0.5,0.666666667,0.833333333,0.714285714,0.8,1,0,0.951219512
0,0.109589041,0.151636375,0.466666667,0,0,0.397959184,0.5,0.133333333,0.666666667,0.571428571,0.6,0.5,1,0.951219512
0,0.383561644,0.207954726,0.933333333,0,0,0.428571429,0.875,0.933333333,0,0.714285714,0.8,1,0,0.951219512
0,0.219178082,0.281119534,0.8,0,0,0.142857143,0.875,0.6,0.333333333,0.714285714,0,1,1,0.634146341
1,0.465753425,0.066329075,0.4,0,0,0.602040816,0.625,0.066666667,0.333333333,0.214285714,0,1,1,0.951219512
1,0.315068493,0.073557876,0.8,0.07298073,0,0.479591837,0.125,0.6,0.333333333,0.071428571,0,1,1,0.951219512
1,0.273972603,0.12525683,0.533333333,0,0,0.448979592,0.5,0.733333333,0.333333333,0.428571429,0,1,1,0.951219512
1,0.493150685,0.096953891,0.8,0,0,0.397959184,0.125,0.6,0.333333333,0.714285714,0,1,1,0.951219512
1,0.397260274,0.089469358,0.8,0,0,0.397959184,0.25,0.6,0.666666667,0.714285714,0.2,1,0,0.951219512
0,0.424657534,0.113472226,0.6,0,0,0.397959184,0.5,1,0.833333333,0.214285714,0.8,1,0,0.951219512
0,0.219178082,0.034435074,0.533333333,0,0,0.397959184,0.5,0.733333333,0.666666667,0.357142857,0.2,1,1,0.951219512
0,0.452054795,0.114537773,0.6,0,0,0.397959184,0.5,1,0.833333333,0.857142857,0.8,1,0,0.951219512
0,0.260273973,0.035578423,0.4,0,0,0.397959184,0.5,0.066666667,0.333333333,0.5,0,1,1,0.951219512
0,0.178082192,0.014563143,0.8,0,0,1,0,0.6,0.666666667,0,0.2,0.25,0,0.951219512
1,0.246575342,0.203534231,0.933333333,0,0,0.397959184,0.75,0.933333333,0.333333333,0.714285714,0,1,1,0.951219512
1,0.383561644,0.118451541,0.866666667,0.074300743,0,0.704081633,0.5,0.8,0,0.285714286,0.8,1,1,0.951219512
0,0.397260274,0.103551483,0.866666667,0,0,0.071428571,0.5,0.8,0,0.285714286,0.8,1,0,0.951219512
0,0.643835616,0.069486474,0.6,0,0,0.397959184,0.5,1,0.833333333,0.571428571,0.2,1,1,0.951219512
0,0.01369863,0.263014718,0.333333333,0,0,0.346938776,0.5,0,0.666666667,0.857142857,0.6,1,0,0.951219512
0,0.602739726,0.130316653,0.4,0,0,0.357142857,0.5,0.066666667,0.333333333,0.785714286,0,1,1,0.951219512
0,0.589041096,0.057333157,0.8,0,0,0.346938776,0.875,0.6,0,0.285714286,0.2,1,0,0.951219512
0,0.671232877,0.135423157,0.533333333,0,0,0.193877551,0.75,0.733333333,1,0.214285714,0.2,1,1,0.951219512
1,0.260273973,0.128489326,0.533333333,0,0,0.693877551,0.25,0.733333333,0.5,0.785714286,0.2,1,1,0.268292683
0,0.493150685,0.122248269,0.533333333,0,0,0.857142857,0.75,0.733333333,0.333333333,0.357142857,0,1,1,0.951219512
0,0.424657534,0.028888145,0.8,0,0,0.397959184,0.875,0.6,0.333333333,0.714285714,0,1,1,0.951219512
0,0.109589041,0.177214222,0.533333333,0,0,0.653061224,0.5,0.733333333,0.666666667,0.571428571,0.2,1,1,0.951219512
1,0.260273973,0.065521289,0.8,0,0,0.5,0.5,0.6,0.333333333,0.857142857,0,1,1,0.951219512
1,0.506849315,0.062387568,0.6,0.150241502,0,0.397959184,0.5,1,0.333333333,0.857142857,0,1,1,0.951219512
0,0.342465753,0.213986057,0.866666667,0,0,0.551020408,0.25,0.8,0.333333333,0.714285714,0,1,1,0.951219512
0,0.602739726,0.22809389,0.8,0,0,0.397959184,0.875,0.6,0,0.285714286,0.8,0.5,0,0.951219512
0,0.164383562,0.101461659,0.8,0,0,0.397959184,0.5,0.6,0.333333333,0.071428571,0,1,1,0.951219512
1,0.465753425,0.298879316,1,0.07298073,0,0.397959184,0.875,0.666666667,0.333333333,0.285714286,0,1,1,0.951219512
1,0.164383562,0.070433627,0.8,0,0,0.5,0.125,0.6,0.166666667,0.714285714,0,1,1,0.951219512
1,0.301369863,0.058848601,0.8,0,0,0.5,0.5,0.6,0.333333333,0.714285714,1,1,0,0.268292683
1,0.410958904,0.117429293,0.533333333,0.03103031,0,0.602040816,0.75,0.733333333,0.333333333,0.357142857,0,1,1,0.951219512
0,0.01369863,0.178778377,0.466666667,0,0,0.142857143,0.5,0.133333333,0.666666667,0.857142857,0.6,0.5,0,0.951219512
0,0.082191781,0.104244934,0.6,0,0,0.602040816,0.5,1,0.666666667,0.928571429,0.6,1,1,0.951219512
0,0.02739726,0.170651133,0.6,0,0,0.244897959,0.5,1,0.666666667,0.571428571,0.6,1,1,0.951219512
0,0.328767123,0.277077223,0.533333333,0,0,0.397959184,0.5,0.733333333,0.333333333,1,0,1,1,0.951219512
0,0.630136986,0.152447543,0.533333333,0,0,0.295918367,0.5,0.733333333,0.333333333,0.214285714,0,1,1,0.951219512
0,0.561643836,0.013156622,0.8,0,0,0.5,0.75,0.6,0.333333333,0.285714286,0,1,1,0.951219512
0,0.273972603,0.02577269,0.4,0,0,0.397959184,0.5,0.066666667,0.333333333,0.357142857,0,1,1,0.951219512
0,0.273972603,0.118707272,0.6,0,0,0.397959184,0.5,1,0.333333333,0.214285714,0,1,1,0.951219512
1,0.287671233,0.157307111,0.6,0,0.340909091,0.602040816,0.625,1,0.333333333,0.857142857,0,1,1,0.12195122
0,0.02739726,0.167150053,0.533333333,0,0,0.448979592,0.5,0.733333333,0.666666667,0.857142857,0.2,1,1,0.951219512
1,0.465753425,0.12730065,0.533333333,0,0,0.397959184,0.875,0.733333333,0.333333333,0.571428571,0,1,1,0.951219512
0,0.273972603,0.104365357,0.6,0,0,0.5,0.5,1,0.333333333,0.857142857,0,1,1,0.951219512
0,0.219178082,0.007838362,0.733333333,0,0,0.316326531,0.5,0.466666667,0,0.714285714,0.8,1,0,0.951219512
0,0.315068493,0.230243926,0.333333333,0,0,0.397959184,0.5,0,0.333333333,0.214285714,0,1,1,0.951219512
0,0.369863014,0.163619881,0.733333333,0,0,0.397959184,0.25,0.466666667,0,0.928571429,0.2,0.5,1,0.951219512
0,0.191780822,0.021190503,0.8,0,0,0.602040816,0.5,0.6,1,0.071428571,0.8,1,1,0.951219512
1,0.287671233,0.260000068,0.6,0,0,0.397959184,0.5,1,0.333333333,0.214285714,0,0.25,1,0.951219512
1,0.397260274,0.149864523,0.533333333,0,0,0.397959184,0.5,0.733333333,0.333333333,0.928571429,0,0.5,1,0.951219512
0,0.452054795,0.025069091,0.6,0,0,0.397959184,0.5,1,0,0.285714286,0.8,1,0,0.951219512
0,0.219178082,0.092641642,0.666666667,0,0,0.397959184,0.5,0.533333333,0.666666667,0.571428571,0.8,0.5,0,0.951219512
0,0.438356164,0.063541741,0.8,0,0,0.397959184,0.125,0.6,0.333333333,0.071428571,0,1,1,0.951219512
0,0.109589041,0.124285999,0.066666667,0,0,0.397959184,0.5,0.2,0.666666667,0.642857143,0.2,1,0,0.317073171
0,0.219178082,0.115909114,0.533333333,0,0,0.193877551,0.5,0.733333333,0.333333333,1,0,1,1,0.951219512
0,0.356164384,0.048400835,0.533333333,0,0,0.234693878,0.5,0.733333333,0,0.5,0.2,1,0,0.951219512
0,0.136986301,0.315260991,0.8,0,0,0.397959184,0.25,0.6,0.333333333,0.714285714,0,0.5,1,0.951219512
0,0,0.090685772,0.466666667,0,0,0.224489796,0.5,0.133333333,0.666666667,0.857142857,0.6,1,0,0.951219512
1,0.205479452,0.175217084,0.533333333,0,0,0.806122449,0.5,0.733333333,0.333333333,1,0,1,1,0.951219512
1,0.630136986,0.254587092,0.933333333,0.150241502,0,0.5,0.75,0.933333333,0.333333333,0.714285714,0,1,1,0.951219512
0,0.150684932,0.03662029,0.8,0,0,0.397959184,0.5,0.6,0.333333333,0.714285714,0,1,1,0.951219512
0,0.520547945,0.092606462,0.533333333,0,0,0.295918367,0.75,0.733333333,0.333333333,0.357142857,0,1,1,0.951219512
1,0.465753425,0.163671974,0.8,0,0,0.193877551,0.5,0.6,0.333333333,0.214285714,0,1,1,0.951219512
1,0.315068493,0.229884008,0.6,0,0,0.397959184,0.5,1,0.333333333,0.214285714,0,0.5,1,0.951219512
0,0.602739726,0.142533565,0.266666667,0,0,0.397959184,0.5,0.4,1,0.571428571,0.8,0.5,0,0.951219512
0,0.219178082,0.115164246,0.666666667,0,0,0.397959184,0.5,0.533333333,0,0.071428571,0.8,1,0,0.951219512
0,0.054794521,0.315950383,0.533333333,0,0,0.397959184,0.5,0.733333333,0.666666667,0.571428571,0.4,1,1,0.951219512
1,0.452054795,0.024404732,0.533333333,0.076880769,0,0.397959184,0.5,0.733333333,0.333333333,0.214285714,0,1,1,0.951219512
0,0.02739726,0.279519523,0.533333333,0,0,0.397959184,0,0.733333333,0.666666667,0,0.8,0.5,0,0.951219512
1,0.273972603,0.122219178,0.8,0,0,0.397959184,0.5,0.6,0.333333333,0.214285714,0,1,1,0.951219512
0,0.342465753,0.1136806,0.333333333,0,0,0.346938776,0.25,0,0.666666667,0.357142857,0.8,1,1,0.951219512
1,0.315068493,0.069206388,0.533333333,0,0,0.234693878,0.5,0.733333333,0.333333333,0.285714286,1,1,0,0.951219512
0,0.123287671,0.063257595,0.533333333,0,0,0.357142857,0.5,0.733333333,0.666666667,0.214285714,0.6,1,1,0.951219512
1,0.178082192,0.070121066,0.533333333,1,0,0.5,0.75,0.733333333,0.666666667,0.214285714,0.2,1,1,0.951219512
0,0.246575342,0.123272546,0.8,0,0,0.551020408,0.5,0.6,0.333333333,0.857142857,0,1,1,0.951219512
1,0.520547945,0.182487831,0.8,0.150241502,0,0.5,0.5,0.6,0.333333333,0.857142857,0,1,1,0.951219512
1,0.232876712,0.157583138,0.866666667,0,0,0.397959184,0.5,0.8,0.333333333,0.5,0,1,1,0.756097561
0,0.493150685,0.168832601,0.6,0,0,0.397959184,0.875,1,0.333333333,0.428571429,0,1,1,0.951219512
0,0.178082192,0.11390927,0.6,0,0,0.397959184,0.5,1,0.5,0.214285714,0.2,1,1,0
0,0.876712329,0.116587681,0.2,0.012640126,0,0.397959184,0.5,0.333333333,1,0.5,0.8,1,0,0.951219512
1,0.438356164,0.077442554,0.8,0,0,0.448979592,0.5,0.6,0.666666667,0.285714286,0.2,1,1,0.951219512
1,0.191780822,0.091331865,1,0,0.453856749,1,0.5,0.666666667,0.333333333,0.714285714,0,1,1,0.951219512
0,0.506849315,0.018407228,0.666666667,0,0,0.193877551,0.5,0.533333333,0.333333333,1,0,1,1,0.951219512
0,0.082191781,0.113068334,0.533333333,0,0,0.397959184,0.5,0.733333333,0.666666667,0.214285714,0.8,1,1,0.951219512
1,0.383561644,0.118594291,0.6,0,0,0.397959184,0.5,1,0.333333333,0.214285714,0,1,1,0.951219512
0,0.534246575,0.07610098,0.533333333,0,0,0.397959184,0.5,0.733333333,0.333333333,0.5,0,1,1,0.951219512
0,0.219178082,0.029676311,0.8,0.021740217,0,0.397959184,0.5,0.6,0.666666667,0.214285714,0.2,1,1,0.951219512
1,0.150684932,0.155973656,0.666666667,0,0,0.357142857,0.5,0.533333333,0.333333333,0.714285714,1,1,0,0.951219512
0,0.02739726,0.311560332,0.066666667,0,0,0.520408163,0.5,0.2,0.666666667,0.428571429,0.4,1,1,0.634146341
0,0.356164384,0.156880216,0.533333333,0,0,0.397959184,0.5,0.733333333,0.833333333,1,0.8,1,1,0.634146341
1,0.356164384,0.260110343,0.8,0,0.433195592,0.704081633,0.75,0.6,0.333333333,0.714285714,1,1,0,0.951219512
0,0.273972603,0.196411646,0.6,0,0,0.397959184,0.5,1,0.833333333,0.571428571,0.4,1,0,0.951219512
1,0.479452055,0.065320357,0.8,0,0,0.479591837,0.875,0.6,0.333333333,0.785714286,0,1,1,0.951219512
0,0.397260274,0.119138903,0.533333333,0,0,0.397959184,0.5,0.733333333,0,0.571428571,0.6,1,1,0.951219512
0,0.150684932,0.133626951,0.266666667,0,0,0.397959184,0.5,0.4,0.333333333,0.5,1,1,0,0.951219512
0,0.082191781,0.037664864,0.6,0,0,0.295918367,0.5,1,0.666666667,0.571428571,0.2,1,0,0.951219512
0,0.191780822,0.084737656,0.8,0,0,0.397959184,0.25,0.6,0,0.714285714,0.8,1,0,0.951219512
1,0.547945205,0.068198347,0.533333333,0,0,0.397959184,0.5,0.733333333,0.333333333,0.071428571,0,1,1,0.951219512
0,0.369863014,0.085836352,0.733333333,0,0.399678604,0.397959184,0.125,0.466666667,0,0.071428571,0.2,0.5,0,0.951219512
0,0.191780822,0.158413926,0.6,0,0,0.448979592,0.5,1,0.333333333,0.214285714,0,1,1,0.951219512
0,0.136986301,0.111950694,0.6,0,0,0.5,0.5,1,0.333333333,0.357142857,0,0.75,1,0.951219512
0,0.328767123,0.017989805,0.666666667,0,0,0.602040816,0.75,0.533333333,0.333333333,0.357142857,0,1,1,0.951219512
0,0.095890411,0.134546365,0.6,0,0,0.397959184,0.5,1,0.333333333,0.857142857,0,1,1,0.951219512
0,0.01369863,0.13727281,0.466666667,0,0,0.193877551,0.5,0.133333333,0.666666667,0.857142857,0.6,1,0,0.951219512
0,0.205479452,0.00998975,0.8,0,0,0.43877551,0.5,0.6,0.333333333,0.071428571,0,1,1,0.951219512
0,0.342465753,0.069548039,0.533333333,0,0,0.5,0.5,0.733333333,0.333333333,0.071428571,0,1,1,0.951219512
1,0.328767123,0.109364292,0.933333333,0,0,0.5,0.5,0.933333333,0.333333333,0.071428571,0,1,1,0
1,0.575342466,0.212058602,0.533333333,0,0.436639118,0.520408163,0.75,0.733333333,0.333333333,0.285714286,0,1,1,0.951219512
1,0.424657534,0.135760073,0.6,0,0,0.602040816,0.5,1,0.333333333,0.214285714,0,1,1,0.951219512
0,0.191780822,0.011756189,0.6,0,0,0.602040816,0.5,1,0.666666667,0.857142857,0.2,1,0,0.951219512
1,0.410958904,0.386620797,0.533333333,0,0,0.397959184,0.5,0.733333333,0.333333333,0.071428571,0,0.5,1,0.951219512
0,0.287671233,0.046271772,0.333333333,0,0,0.397959184,0.5,0,0,0.857142857,0.2,1,0,0.951219512
0,0.04109589,0.086404644,0.6,0,0,0.397959184,0.5,1,0.666666667,0.071428571,0.6,1,1,0.951219512
0,0.410958904,0.10557027,0.533333333,0.028290283,0,0.397959184,0.5,0.733333333,0.333333333,0.214285714,0,1,1,0.951219512
1,0.232876712,0.275625374,0.8,0.07298073,0,0.540816327,0.125,0.6,0.333333333,0.785714286,0,1,1,0.951219512
0,0.410958904,0.116285945,0.8,0,0,0.346938776,0.5,0.6,0,0.071428571,0.2,1,0,0.951219512
0,0.095890411,0.026850414,0.8,0,0,0.448979592,0.5,0.6,0.666666667,0.071428571,0.2,1,0,0.951219512
0,0.506849315,0.229667516,0.6,0,0,0.346938776,0.5,1,0,0.071428571,0.2,1,0,0.951219512
0,0.383561644,0.101492103,0.533333333,0,0,0.295918367,0.5,0.733333333,0,0.285714286,0.8,1,0,0.951219512
0,0.397260274,0.074365662,0.533333333,0,0,0.5,0.75,0.733333333,0.333333333,0.285714286,0,1,1,0.951219512
0,0.643835616,0.128848567,0.533333333,0,0,0.346938776,0.25,0.733333333,0.333333333,0.071428571,1,1,0,0.951219512
0,0.205479452,0.14571532,0.6,0,0,0.397959184,0.5,1,0.666666667,0.5,0.6,0.5,0,0.951219512
1,0.191780822,0.224552893,0.533333333,0,0,0.397959184,0.5,0.733333333,0.333333333,0.285714286,0,1,1,0.951219512
1,0.589041096,0.103046109,0.6,0.07298073,0,0.397959184,0.5,1,0.333333333,0.285714286,0,1,1,0.951219512
0,1,0.141766371,0.8,0,0,0.448979592,0.5,0.6,0.333333333,0.285714286,0,1,1,0.951219512
1,0.575342466,0.044334169,0.933333333,1,0,0.397959184,0.625,0.933333333,0.333333333,0.714285714,0,1,1,0.951219512
1,0.232876712,0.163149011,0.6,0,0,0.602040816,0.5,1,0.333333333,0.285714286,0,1,1,0.951219512
0,0.191780822,0.013533453,0.533333333,0,0,0.397959184,0.5,0.733333333,0.666666667,0.928571429,0.2,1,0,0.951219512
0,0.561643836,0.312256489,0.2,0,0,0.448979592,0.5,0.333333333,1,0.357142857,0.4,1,0,0.317073171
0,0.315068493,0.07198425,0.8,0,0,0.448979592,0.125,0.6,0.666666667,0.714285714,0.2,1,0,0.951219512
0,0.123287671,0.065557145,0.6,0,0,0.5,0.5,1,0.333333333,0.857142857,0,1,1,0.268292683
0,0.136986301,0.138753751,0.6,0,0,0.397959184,0.5,1,0,0.714285714,0.6,1,0,0.951219512
0,0.150684932,0.130198936,0.6,0,0,0.397959184,0.5,1,0.333333333,0.928571429,1,1,0,0.951219512
0,0.082191781,0.114031723,0.533333333,0,0,0.397959184,0.5,0.733333333,0.666666667,0.5,0.6,0.5,0,0.951219512
0,0.589041096,0.208466188,0.6,0.068490685,0,0.5,0.5,1,0,0.928571429,0.2,1,0,0.951219512
0,0.02739726,0.038890749,0.6,0,0,0.193877551,0.5,1,0.666666667,0.571428571,0.6,1,1,0.951219512
0,0.424657534,0.156514209,0.533333333,0,0,0.295918367,0.75,0.733333333,0.333333333,0.285714286,0,0.25,1,0.853658537
0,0.123287671,0.217341682,0.533333333,0,0,0.234693878,0.5,0.733333333,0.666666667,0.571428571,0.2,1,1,0.951219512
0,0.671232877,0.069116408,0.666666667,0,0,0.346938776,0.5,0.533333333,1,0.714285714,0.2,1,0,0.951219512
0,0.712328767,0.107293411,0.533333333,0,0,0.479591837,0.75,0.733333333,0.333333333,0.857142857,0,1,1,0.951219512
1,0.424657534,0.232461615,0.8,0,0,0.551020408,0,0.6,0.333333333,0,0,1,1,0.951219512
0,0.123287671,0.198119903,0.4,0,0,0.448979592,0.5,0.066666667,0.333333333,0.214285714,0,1,1,0.951219512
0,0.315068493,0.060420197,0.533333333,0,0,0.397959184,0.5,0.733333333,0.666666667,0.214285714,0.2,1,1,0.951219512
0,0.589041096,0.056260846,0.6,0.031370314,0,0.459183673,0.75,1,0.333333333,1,0,1,1,0.951219512
0,0.410958904,0.037171668,0.4,0,0,0.397959184,0.5,0.066666667,0,1,0.2,0.5,0,0.951219512
0,0.369863014,0.110801934,0.8,0,0,0.448979592,0.5,0.6,0.333333333,0.285714286,0,1,1,0.951219512
1,0.287671233,0.152439425,0.8,0,0.561065197,0.448979592,0.5,0.6,0.666666667,0.857142857,0.2,1,0,0.951219512
1,0.424657534,0.092720796,0.6,0,0,0.397959184,0.5,1,0,0.5,0.2,1,1,0.951219512
0,0.01369863,0.112926261,0.6,0,0,0.193877551,0.5,1,0.666666667,0.857142857,0.6,1,0,0.951219512
1,0.205479452,0.123225189,0.8,0.150241502,0,0.397959184,0.5,0.6,0.333333333,0.928571429,0,1,1,0.951219512
0,0.246575342,0.18781015,0.4,0,0,0.397959184,0.5,0.066666667,0.333333333,0.5,0,1,1,0.951219512
0,0.054794521,0.144466432,0.6,0,0,0.397959184,0.5,1,0.666666667,0.071428571,0.2,1,0,0.951219512
0,0.479452055,0.040573298,0.6,0,0,0.5,0.75,1,0.333333333,0.857142857,0,1,1,0.951219512
0,0.02739726,0.138628591,0.333333333,0,0,0.295918367,0,0,0.666666667,0,0.6,1,1,0.951219512
0,0.178082192,0.084372326,0.533333333,0,0,0.397959184,0.875,0.733333333,0,0.285714286,0.8,1,0,0.951219512
0,0.219178082,0.014760015,0.533333333,0,0,0.346938776,0.75,0.733333333,0.666666667,0.571428571,0.2,1,0,0.951219512
0,0.424657534,0.297755587,1,0,0,0.142857143,0.25,0.666666667,0.666666667,0.714285714,0.8,0.5,0,0.951219512
0,0.657534247,0.30405618,0.533333333,0,0,0.244897959,0.5,0.733333333,0,0.857142857,0.8,1,0,0
1,0.273972603,0.27693921,0.866666667,0,0,0.397959184,0.5,0.8,0.666666667,0.285714286,0.2,0.5,0,0.951219512
0,0.191780822,0.016740917,0.733333333,0,0,0.244897959,0,0.466666667,0.666666667,0,0.6,1,0,0.951219512
0,0.575342466,0.116545736,0.533333333,0,0,0.448979592,0.5,0.733333333,0.333333333,0.428571429,0,1,1,0.951219512
0,0.328767123,0.251638743,0.666666667,0,0,0.397959184,0.25,0.533333333,0.666666667,0.571428571,0.2,1,1,0.951219512
0,0.342465753,0.160062647,0.6,0,0,0.551020408,0.75,1,0,0.214285714,0.8,1,1,0.951219512
0,0.109589041,0.200159663,0.8,0,0,0.397959184,0.5,0.6,0.666666667,0.214285714,0.2,1,1,0.634146341
0,0.095890411,0.096261793,0.666666667,0,0,0.5,0.5,0.533333333,0.666666667,0.857142857,0.8,0.25,1,0.853658537
0,0.808219178,0.014011088,0.2,0,0,0.040816327,0,0.333333333,0.333333333,0,0,1,1,0.951219512
1,0.561643836,0.014805343,0.6,0.03103031,0,0.244897959,0.5,1,0.333333333,0.857142857,0,1,1,0.951219512
1,0.493150685,0.054221086,0.533333333,0,0,0.397959184,0.5,0.733333333,0.333333333,0.214285714,0,1,1,0.951219512
0,0.589041096,0.170507031,0.6,0,0,0.346938776,0.75,1,0.333333333,0.285714286,0,1,1,0.097560976
0,0.01369863,0.044581105,0.6,0,0,0.397959184,0.5,1,0.666666667,0.571428571,0.4,1,0,0.951219512
0,0.150684932,0.121539934,0.733333333,0,0,0.193877551,0.5,0.466666667,0.666666667,0.857142857,0.6,1,1,0.951219512
0,0.150684932,0.23124723,0.6,0,0,0.397959184,0.5,1,0.666666667,0.857142857,0.2,1,0,0.951219512
1,0.164383562,0.100676876,0.533333333,0,0,0.397959184,0.5,0.733333333,0.333333333,0.5,0,0.5,1,0.951219512
0,0.054794521,0.171963616,0.533333333,0,0.506198347,0.397959184,0.5,0.733333333,0.666666667,0.214285714,0.6,1,1,0.951219512
1,0.178082192,0.151718912,0.266666667,0,0,0.316326531,0.5,0.4,0.333333333,0.571428571,0,1,1,0.195121951
0,0.01369863,0.19387869,0.4,0,0,0.193877551,0.5,0.066666667,0.666666667,0.857142857,0.6,1,1,0.951219512
0,0.506849315,0.109622052,0.533333333,0,0,0.397959184,0.5,0.733333333,0,1,0.2,1,1,0.951219512
0,0.191780822,0.067538723,0.533333333,0,0,0.397959184,0.5,0.733333333,0.666666667,0.5,0.2,1,1,0.951219512
0,0.260273973,0.16451291,0.533333333,0,0,0.295918367,0.5,0.733333333,0.666666667,0.214285714,0.6,0.5,1,0.951219512
0,0.506849315,0.090070123,0.533333333,0,0.383838384,0.5,0.5,0.733333333,0.333333333,0.857142857,0,1,1,0.951219512
1,0.383561644,0.1320973,1,0,0,0.397959184,0.5,0.666666667,0.833333333,0.285714286,0.8,1,1,0.951219512
0,0.465753425,0.135991449,0.8,0,0,0.397959184,0.875,0.6,1,0.071428571,0.2,1,1,0.951219512
0,0.452054795,0.087491839,0.533333333,0,0,0.295918367,0.875,0.733333333,0.333333333,0.571428571,1,1,0,0.951219512
0,0.205479452,0.070260433,0.866666667,0,0,0.102040816,0.5,0.8,0.666666667,0.928571429,0.2,0.25,1,0.87804878
1,0.246575342,0.052761795,0.2,0,0,0.397959184,0.5,0.333333333,0.333333333,0.5,0,1,1,0
0,0.452054795,0.058143649,0.533333333,0,0,0.448979592,0.5,0.733333333,0,0.857142857,0.8,1,0,0.951219512
0,0.109589041,0.070196839,0.533333333,0,0,0.397959184,0.5,0.733333333,0.666666667,0.928571429,0.2,1,1,0.951219512
0,0.465753425,0.110590177,0.533333333,0,0,0.397959184,0.25,0.733333333,0,1,0.8,0.5,1,0.951219512
1,0.356164384,0.086224008,0.8,0.150241502,0,0.397959184,0.875,0.6,0.333333333,0.285714286,0,1,1,0.951219512
0,0.630136986,0.07130433,0.666666667,0,0,0.397959184,0.75,0.533333333,0.333333333,0.357142857,0,1,1,0.951219512
0,0.123287671,0.086398555,0.8,0,0,0.397959184,0.5,0.6,0.666666667,0.714285714,0.2,1,0,0.951219512
1,0.684931507,0.121164456,0.933333333,0.200512005,0,0.244897959,0.75,0.933333333,0.333333333,0.714285714,0,1,1,0.951219512
0,0.068493151,0.047544339,0.6,0,0,0.397959184,0.5,1,0.666666667,0.857142857,0.6,1,1,0.951219512
0,0.328767123,0.088148757,0.8,0,0,0.5,0.5,0.6,1,0.857142857,0.8,0.5,1,0.951219512
0,0.575342466,0.013711382,0.533333333,0,0,0.479591837,0.75,0.733333333,0.333333333,1,0,1,1,0.951219512
0,0.232876712,0.16371189,0.8,0,0,0.397959184,0.25,0.6,0.666666667,0.714285714,0.2,1,0,0.951219512
0,0.315068493,0.006406809,0.6,0,0,0.295918367,0.5,1,0.666666667,0.214285714,0.4,0,1,0.951219512
1,0.547945205,0.063471381,0.6,0,0,0.602040816,0.625,1,0.333333333,0.928571429,0,1,1,0.951219512
1,0.739726027,0.124702746,0.2,0.06097061,0,0.397959184,0.5,0.333333333,1,0.285714286,0.2,1,1,0.951219512
0,0.054794521,0.160337322,0.6,0,0,0.397959184,0.5,1,0.666666667,0.857142857,0.6,1,0,0.951219512
1,0.452054795,0.091565271,0.866666667,0.150241502,0,0.448979592,0.5,0.8,0.333333333,0.714285714,0,1,1,0.951219512
1,0.397260274,0.302347246,0.6,0,0.436639118,0.5,0.5,1,0.333333333,0.214285714,0,1,1,0.951219512
0,0.315068493,0.102257943,0.6,0,0,0.397959184,0.5,1,0.333333333,0.428571429,0,1,1,0.951219512
0,0.164383562,0.082447577,0.533333333,0,0,0.397959184,0.5,0.733333333,0.833333333,0.5,0.2,1,1,0.951219512
0,0.02739726,0.117746589,0.533333333,0,0,0.397959184,0.5,0.733333333,0.666666667,0.5,0.2,1,1,0.951219512
0,0.150684932,0.112918142,0.533333333,0,0,0.346938776,0.5,0.733333333,0.333333333,0.214285714,0,1,1,0.951219512
1,0.616438356,0.107589734,0.8,0,0,0.602040816,0.75,0.6,0.333333333,0.714285714,0,1,1,0.951219512
0,0.315068493,0.09090497,0.8,0,0,0.193877551,0.5,0.6,0,0.071428571,0.8,1,0,0.951219512
0,0.602739726,0.121034561,0.333333333,0,0,0.193877551,0.5,0,1,0.357142857,0.8,1,1,0.951219512
0,0.219178082,0.14939433,0.266666667,0,0,0.326530612,0.5,0.4,0.333333333,0.214285714,0,1,1,0.634146341
0,0.287671233,0.113114338,0.533333333,0,0,0.397959184,0.5,0.733333333,0.333333333,0.5,0,1,1,0.756097561
0,0.479452055,0.112777423,0.4,0,0,0.397959184,0.5,0.066666667,0.333333333,0.571428571,0,1,1,0.951219512
0,0.04109589,0.138140131,0.6,0,0,0.244897959,0.5,1,0.666666667,0.857142857,0.6,1,0,0.951219512
1,0.315068493,0.008605555,0.8,0.150241502,0,1,0.5,0.6,0.333333333,0.714285714,0,1,1,0.951219512
0,0.191780822,0.090041709,0.8,0,0,0.602040816,0.5,0.6,0.333333333,0.857142857,0,1,1,0.951219512
0,0.205479452,0.299180375,0.8,0,0,0.397959184,0.125,0.6,0.333333333,0.285714286,0,1,1,0.951219512
0,0,0.020011975,0.333333333,0,0,0.244897959,0.5,0,0.666666667,0.571428571,0.6,1,0,0.951219512
0,0.095890411,0.183754985,0.533333333,0,0,0.397959184,0.5,0.733333333,0.666666667,0.428571429,0.2,1,1,0.951219512
1,0.287671233,0.109310169,0.8,0.076880769,0,0.346938776,0.5,0.6,0.333333333,0.285714286,0,0.25,1,0.073170732
0,0.534246575,0.090683742,0.533333333,0,0,0.5,0.5,0.733333333,0.333333333,1,0,1,1,0.951219512
0,0.547945205,0.214805343,0.2,0,0,0.755102041,0.5,0.333333333,0,1,0.8,1,1,0.951219512
0,0.068493151,0.119691634,0.8,0,0,0.5,0.5,0.6,0.666666667,0.714285714,0.2,1,1,0.951219512
0,0.260273973,0.049091579,0.533333333,0,0,0.153061224,0.75,0.733333333,0.833333333,0.571428571,0.2,1,0,0.951219512
0,0.150684932,0.141348948,0.333333333,0,0,0.397959184,0.5,0,0.666666667,0.428571429,0.4,1,1,0.634146341
0,0.082191781,0.132012732,0.8,0,0,0.142857143,0.5,0.6,0.666666667,0.285714286,0.6,1,0,0.951219512
1,0.109589041,0.265426574,0.8,0,0,0.397959184,0.5,0.6,0.333333333,0.285714286,0,1,1,0.951219512
1,0.315068493,0.120190919,0.8,0.03103031,0,0.602040816,0.625,0.6,0.333333333,0.714285714,0,1,1,0.951219512
0,0.205479452,0.10853621,0.533333333,0,0,0.397959184,0.5,0.733333333,0.666666667,0.214285714,0.6,1,1,0.951219512
1,0.863013699,0.011321852,0.933333333,0.106051061,0,0.091836735,0,0.933333333,0.333333333,0,0,1,1,0.951219512
0,0.342465753,0.123943672,0.333333333,0,0,0.397959184,0.5,0,0,0.071428571,0.8,1,0,0.951219512
0,0.082191781,0.113075099,0.8,0,0,0.040816327,0.5,0.6,0.666666667,0.071428571,0.2,1,0,0.951219512
0,0.452054795,0.12306282,0.533333333,0,0,0.602040816,0,0.733333333,0.333333333,0,0,1,1,0.951219512
1,0.465753425,0.132612821,0.733333333,0,0,0.37755102,0.625,0.466666667,0.333333333,0.857142857,0,1,1,0.951219512
0,0.342465753,0.059040738,0.6,0,0,0.397959184,0.25,1,0.333333333,1,0,1,1,0.951219512
1,0.328767123,0.088435609,0.666666667,0.07298073,0,0.602040816,0.5,0.533333333,0.333333333,0.571428571,0,0.25,1,0.463414634
0,0.575342466,0.090174986,0.4,0,0,0.397959184,0.5,0.066666667,0.333333333,0.071428571,0,1,1,0.951219512
0,0.082191781,0.152515197,0.8,0,0,0.37755102,0.5,0.6,0.666666667,0.714285714,0.2,1,1,0.951219512
1,0.219178082,0.131021605,0.666666667,0,0,0.397959184,0.5,0.533333333,0.333333333,0.5,0,1,1,0.951219512
0,0.260273973,0.16233243,0,0,0,0.397959184,0.5,0.866666667,0.666666667,0.5,0.2,0.5,1,0.804878049
1,0.575342466,0.064272401,0.333333333,0,0.587465565,0.5,0.625,0,1,0.285714286,0.8,1,0,0.951219512
1,0.287671233,0.115683827,0.6,0,0,0.43877551,0.5,1,0.333333333,0.285714286,0,1,1,0.951219512
0,0.260273973,0.116102604,0.8,0,0,0.602040816,0.625,0.6,0,0.857142857,0.2,1,1,0.951219512
1,0.657534247,0.068335684,0.533333333,0,0,0.5,0.5,0.733333333,0.333333333,0.214285714,0,1,1,0.951219512
1,0.506849315,0.131707614,0.6,0,0.453856749,0.397959184,0.625,1,0.333333333,0.857142857,0,1,1,0.951219512
0,0.383561644,0.197741718,0.466666667,0,0,0.397959184,0.5,0.133333333,0.333333333,0.5,0,0.25,1,0
0,0.410958904,0.108031513,0.8,0,0,0.602040816,0.75,0.6,1,0.285714286,0.8,0.25,0,0.902439024
1,0.219178082,0.132682504,0.866666667,0,0,0.5,0.5,0.8,0.333333333,0.714285714,0,1,1,0.951219512
0,0.068493151,0.12649963,0.533333333,0,0,0.448979592,0.5,0.733333333,0.666666667,0.571428571,0.2,1,0,0.951219512
0,0.095890411,0.246577567,0.6,0,0,0.193877551,0.5,1,0.666666667,0.571428571,0.8,1,0,0.951219512
0,0.205479452,0.099112045,0.2,0,0,0.397959184,0,0.333333333,1,0,0.2,1,0,0.951219512
0,0.547945205,0.209165728,0.533333333,0,0,0.193877551,0.75,0.733333333,0.333333333,0.357142857,0,1,1,0.951219512
0,0.561643836,0.066898719,0.533333333,0,0,0.397959184,0.5,0.733333333,0,0.071428571,0.2,1,0,0.951219512
0,0.506849315,0.08574299,0.6,0,0,0.397959184,0.75,1,0.333333333,0.857142857,0,1,1,0.951219512
0,0.136986301,0.074252003,0.533333333,0,0,0.479591837,0.5,0.733333333,0.333333333,0.214285714,0,1,1,0.951219512
0,0.780821918,0.121780105,0.333333333,0,0,0.193877551,0.5,0,0.333333333,0.071428571,0,1,1,0.951219512
0,0.643835616,0.088507998,0.8,0,0,0.295918367,0.5,0.6,1,0.714285714,0.2,1,0,0.951219512
0,0.369863014,0.091279095,0.6,0,0,0.397959184,0.5,1,0.333333333,0.285714286,0,1,1,0.951219512
0,0.780821918,0.018675813,0.6,0,0,0.173469388,0.125,1,1,1,0.2,1,0,0.951219512
0,0.082191781,0.141198757,0.6,0,0,0.346938776,0.5,1,0.666666667,0.571428571,0.6,1,1,0.951219512
1,0.287671233,0.119082751,0.6,0.076880769,0,0.397959184,0.875,1,0.333333333,0.785714286,0,1,1,0.951219512
0,0.178082192,0.191681297,0.533333333,0,0,0.397959184,0.875,0.733333333,0.833333333,0.071428571,0.2,1,0,0.951219512
0,0.02739726,0.195109312,0.6,0,0,0.397959184,0.5,1,0.666666667,0.214285714,0.6,1,0,0.951219512
0,0.082191781,0.227905812,0.533333333,0,0,0.448979592,0.5,0.733333333,0.666666667,0.357142857,0.2,1,1,0.951219512
0,0,0.042654327,0.333333333,0,0,0.234693878,0.5,0,0.666666667,0.857142857,0.6,0.5,0,0.951219512
1,0.260273973,0.14522686,0.8,0,0,0.397959184,0.5,0.6,0.333333333,0.714285714,0,1,1,0.951219512
0,0.589041096,0.018251625,0.866666667,0.033250333,0,0.346938776,0.5,0.8,0.666666667,0.285714286,0.2,1,0,0.951219512
1,0.287671233,0.197356769,0.533333333,0,0,0.397959184,0.5,0.733333333,0.333333333,0.214285714,0,1,1,0.951219512
0,0.657534247,0.051322123,0.066666667,0,0,0.397959184,0.5,0.2,0.333333333,0.428571429,0,0.75,1,0
0,0.082191781,0.087022999,0.6,0,0,0.244897959,0.5,1,0.666666667,0.857142857,0.4,0.25,1,0.731707317
0,0,0.20945258,0.333333333,0,0,0.142857143,0.5,0,0.666666667,0.571428571,0.6,0.5,1,0.951219512
0,0.219178082,0.025376916,0.8,0,0,0.448979592,0.625,0.6,0.666666667,0.714285714,0.2,1,1,0.951219512
0,0.808219178,0.095064998,0.6,0,0,0.071428571,0,1,0.333333333,0,0,1,1,0.951219512
0,0.082191781,0.100971169,0.533333333,0,0,0.397959184,0.5,0.733333333,0.333333333,0.214285714,0,1,1,0.951219512
0,0.04109589,0.017250349,0.6,0,0,0.244897959,0.5,1,0.666666667,0.571428571,0.2,1,0,0.951219512
1,0.342465753,0.115819135,0.666666667,0,0,0.397959184,0.5,0.533333333,0.333333333,0.857142857,0,1,1,0.951219512
1,0.438356164,0.112343086,0.533333333,0.076880769,0,0.5,0,0.733333333,0.333333333,0,0,1,1,0.951219512
1,0.301369863,0.087857846,0.733333333,0,0,0.193877551,0.625,0.466666667,0.333333333,0.285714286,1,1,0,0.951219512
0,0.369863014,0.11859632,0.533333333,0,0,0.397959184,0.5,0.733333333,0.333333333,0.785714286,0,1,1,0.048780488
0,0.356164384,0.11917273,0.666666667,0,0,0.479591837,0.5,0.533333333,0,0.714285714,0.2,1,1,0.951219512
0,0.383561644,0.118594291,0.666666667,0,0,0.397959184,0.875,0.533333333,0.333333333,0.785714286,0,1,1,0.951219512
1,0.205479452,0.123915933,0.8,0,0,0.551020408,0.5,0.6,0.333333333,0.285714286,0,1,1,0.951219512
0,0.02739726,0.283780355,0.4,0,0,0.295918367,0.875,0.066666667,0.666666667,0.571428571,0.6,1,1,0.951219512
0,0.465753425,0.12156023,0.533333333,0,0,0.316326531,0.5,0.733333333,1,0.571428571,0.8,1,0,0.951219512
1,0.315068493,0.030409001,0.533333333,0,0,0.602040816,0.625,0.733333333,0.333333333,0.285714286,0,1,1,0.951219512
0,0.219178082,0.103102939,0.533333333,0,0,0.397959184,0.5,0.733333333,0.666666667,1,0.6,1,0,0.951219512
0,0.02739726,0.034698924,0.6,0,0,0.5,0,1,0.666666667,0,0.6,1,1,0.951219512
0,0.424657534,0.058751856,0.733333333,0,0,0.448979592,0.5,0.466666667,0.333333333,1,0,1,1,0.951219512
0,0.054794521,0.083995494,0.6,0,0,0.142857143,0.5,1,0.666666667,0.857142857,0.6,0.25,0,0.853658537
1,0.164383562,0.038459119,0.933333333,1,0,0.602040816,0.75,0.933333333,0,0.714285714,0.2,1,1,0.951219512
0,0.479452055,0.076115864,0.466666667,0,0,0.397959184,0.25,0.133333333,0.333333333,0.214285714,0,1,1,0.951219512
0,0.082191781,0.133731137,0.6,0,0,0.397959184,0.5,1,0.666666667,0.857142857,0.6,1,1,0.951219512
0,0.356164384,0.15704732,0.533333333,0,0,0.397959184,0.5,0.733333333,0.666666667,0.5,0.8,0.5,0,0.951219512
0,0.369863014,0.134122852,0.133333333,0,0,0.397959184,0.5,0.266666667,0.333333333,0.428571429,0,1,1,0.634146341
0,0.164383562,0.06166435,0.533333333,0,0,0.5,0.75,0.733333333,0.666666667,0.214285714,0.2,1,1,0.951219512
1,0.547945205,0.085576562,0.8,0,0,0.448979592,0.5,0.6,0.333333333,0.785714286,1,1,0,0.268292683
0,0.534246575,0.103903959,0.533333333,0,0,0.397959184,0.5,0.733333333,0.333333333,0.214285714,0,1,1,0.951219512
0,0.479452055,0.066914279,0.6,0,0,0.397959184,0.5,1,0.333333333,0.5,0,0,1,0.951219512
0,0.082191781,0.193718351,0.533333333,0,0,0.397959184,0.5,0.733333333,0.666666667,1,0.6,0.5,1,0.951219512
0,0.534246575,0.137711883,0.6,0,0,0.602040816,0.5,1,0.333333333,1,0,1,1,0
0,0.232876712,0.223544176,0.866666667,0,0,0.397959184,0.5,0.8,0.333333333,0.285714286,0,1,1,0.951219512
1,0.424657534,0.210750178,0.733333333,0,0.436639118,0.37755102,0.5,0.466666667,0.333333333,0.714285714,0,1,1,0.951219512
0,0.328767123,0.126331848,0.6,0,0.345270891,0.397959184,0,1,0,0,0.2,1,1,0.951219512
0,0.01369863,0.148700879,0.533333333,0,0,0.397959184,0.5,0.733333333,0.666666667,0.5,0.6,1,1,0.951219512
1,0.506849315,0.127758666,0.866666667,0,0,0.418367347,0.125,0.8,0,0.285714286,0.2,1,1,0.951219512
1,0.589041096,0.029742611,0.533333333,0,0.340909091,0.704081633,0,0.733333333,0.333333333,0,0,1,1,0.951219512
0,0.479452055,0.174449891,0.666666667,0,0,0.602040816,0.5,0.533333333,0.833333333,0.285714286,0.8,0.5,0,0.951219512
0,0.191780822,0.105558093,0.666666667,0,0,0.397959184,0.125,0.533333333,0.666666667,0.285714286,0.2,1,0,0.951219512
0,0.054794521,0.100645755,0.6,0,0,0.030612245,0.5,1,0.666666667,0.928571429,0.6,0.5,0,0.951219512
0,0.821917808,0.111807945,0.8,0.038180382,0,0.132653061,0.25,0.6,0.333333333,0.071428571,0,1,1,0.951219512
1,0.273972603,0.116036303,0.8,0.076880769,0,0.5,0.5,0.6,0.333333333,0.714285714,0,1,1,0.951219512
0,0.205479452,0.153482645,0.6,0,0,0.397959184,0.5,1,0.666666667,0.214285714,0.2,0.5,1,0.951219512
1,0.739726027,0.015572537,0.8,0.093860939,0,0.295918367,0,0.6,0.333333333,0,0,1,1,0.951219512
0,0.246575342,0.270678533,0.533333333,0,0,0.397959184,0.5,0.733333333,0.666666667,0.571428571,0.2,1,0,0.951219512
1,0.438356164,0.228228521,0.866666667,0,0,0.5,0.25,0.8,0.333333333,0.714285714,1,1,0,0.951219512
0,0.232876712,0.07352202,0.6,0,0,0.397959184,0.5,1,0,0.071428571,0.8,1,0,0.951219512
0,0.342465753,0.213754681,0.6,0,0,0.397959184,0.5,1,0.666666667,0.571428571,0.2,1,1,0.951219512
0,0.383561644,0.121802431,0.733333333,0,0,0.663265306,0.5,0.466666667,0.333333333,0.214285714,0,1,1,1
0,0.109589041,0.26907514,0.6,0,0,0.397959184,0.5,1,0.666666667,0.071428571,0.8,1,0,0.951219512
0,0.616438356,0.142858979,0.466666667,0,0,0.397959184,0,0.133333333,0,0,0.2,1,1,0.048780488
0,0.205479452,0.11066189,0.6,0,0,0.397959184,0.5,1,0.333333333,0.857142857,0,1,1,0.951219512
0,0.082191781,0.140604757,0.533333333,0,0,0.397959184,0.5,0.733333333,0.666666667,0.5,0.2,1,1,0.951219512
0,0.150684932,0.026504027,0.866666667,0,0,0.602040816,0.5,0.8,0.333333333,0.714285714,0,1,1,0.951219512
1,0.479452055,0.058423736,0.533333333,0,0,0.5,0.75,0.733333333,0.333333333,0.214285714,0,1,1,0.463414634
0,0.246575342,0.233631348,0.666666667,0,0,0.397959184,0.5,0.533333333,0.333333333,0.071428571,1,1,0,0.268292683
0,0.02739726,0.167767731,0.533333333,0,0,0.5,0.5,0.733333333,0.666666667,0.071428571,0.6,1,1,0.951219512
0,0.383561644,0.0902582,0.6,0,0,0.295918367,0.625,1,0.333333333,0.857142857,0,1,1,0.951219512
0,0.02739726,0.151987498,0.533333333,0,0,0.397959184,0.5,0.733333333,0.666666667,0.357142857,0.6,1,1,0.951219512
0,0.465753425,0.099768962,0.533333333,0,0,0.193877551,0.5,0.733333333,0.333333333,0.214285714,0,1,1,0.951219512
0,0.287671233,0.099992896,0.8,0,0,0.316326531,0.5,0.6,0.666666667,0.714285714,0.2,1,0,0.951219512
0,0.01369863,0.06626345,0.333333333,0,0,0.102040816,0.5,0,0.666666667,0.571428571,0.6,1,1,0.951219512
0,0.04109589,0.151752063,0.4,0,0,0.244897959,0.5,0.066666667,0.666666667,0.857142857,0.6,1,0,0.951219512
1,0.383561644,0.11528467,0.533333333,0.076880769,0,0.397959184,0.5,0.733333333,0.333333333,0.857142857,0,1,1,0.951219512
0,0.068493151,0.135642355,0.533333333,0,0,0.295918367,0.5,0.733333333,0.666666667,0.857142857,0.2,0.5,0,0.951219512
0,0.095890411,0.139932955,0.533333333,0,0,0.193877551,0.5,0.733333333,0.333333333,0.857142857,0,1,1,0.536585366
0,0.02739726,0.087667739,0.533333333,0,0,0.397959184,0.5,0.733333333,0.666666667,1,0.6,1,1,0.951219512
0,0.424657534,0.153358162,0.6,0,0,0.397959184,0.625,1,0,0.285714286,0.2,1,1,0.951219512
0,0.02739726,0.160991533,0.6,0,0,0.091836735,0.5,1,0.666666667,0.071428571,0.6,1,0,0.951219512
1,0.438356164,0.207017045,0.8,0,0,0.551020408,0.625,0.6,0.333333333,0.857142857,0,1,1,0.951219512
1,0.273972603,0.053734655,0.8,0,0,0.602040816,0.5,0.6,0.333333333,0.285714286,0,1,1,0.951219512
0,0.164383562,0.192988367,0.533333333,0,0,0.397959184,0.5,0.733333333,0.333333333,0.214285714,0,1,1,0.951219512
0,0.136986301,0.019504572,0.6,0,0,0.397959184,0.875,1,0.333333333,0.214285714,0,0.5,1,0.951219512
0,0.356164384,0.062181224,0.6,0,0,0.397959184,0.5,1,0.333333333,0.071428571,0,1,1,0.951219512
0,0.02739726,0.123804305,0.533333333,0,0,0.193877551,0,0.733333333,0.666666667,0,0.6,0.5,0,0.951219512
0,0.082191781,0.014085508,0.6,0,0,0.397959184,0.5,1,0.666666667,0.428571429,0.6,0,1,0.951219512
0,0.054794521,0.200974214,0.6,0.005940059,0,0.030612245,0.25,1,0.666666667,0.071428571,0.2,1,0,0.951219512
0,0.369863014,0.12459856,0.866666667,0,0.383149679,0.397959184,0.25,0.8,0.666666667,0.714285714,0.2,1,0,0.951219512
0,0.287671233,0.135967093,0.533333333,0,0,0.397959184,0.5,0.733333333,0.833333333,0.785714286,0.2,0.5,1,0.951219512
0,0.01369863,0.148773945,0.533333333,0,0,0.193877551,0.5,0.733333333,0.666666667,0.857142857,0.6,1,1,0.951219512
0,0.493150685,0.316170257,0.666666667,0,0,0.397959184,0.5,0.533333333,0,0.928571429,0.2,0.5,1,0.951219512
0,0.04109589,0.061559486,0.6,0,0,0.346938776,0.5,1,0.666666667,0.071428571,0.6,1,0,0.951219512
0,0.424657534,0.279351742,0.6,0,0,0.448979592,0.5,1,0,0.857142857,0.8,1,1,0.951219512
0,0.095890411,0.165897105,0.533333333,0,0,0.397959184,0.5,0.733333333,0.833333333,0.5,0.6,0.5,0,0.951219512
0,0.575342466,0.278857193,0.533333333,0,0,0.397959184,0.5,0.733333333,0.333333333,0.214285714,0,1,1,0
0,0.315068493,0.068632684,0.533333333,0,0,0.397959184,0.5,0.733333333,0,0.428571429,0.8,0.5,0,0.951219512
0,0.082191781,0.122133258,0.8,0,0,0.397959184,0.5,0.6,0.666666667,0.928571429,0.6,1,0,0.951219512
0,0.520547945,0.112548076,0.266666667,0,0,0.551020408,0.5,0.4,0.333333333,0.214285714,0,1,1,0.951219512
0,0.136986301,0.060437111,0.533333333,0,0,0.5,0.5,0.733333333,0.333333333,0.285714286,0,1,1,0.951219512
1,0.191780822,0.217886294,0.8,0,0,0.397959184,0.125,0.6,0.333333333,0.285714286,0,1,1,0.951219512
0,0.493150685,0.188080765,0.6,0,0,0.448979592,0.125,1,0,0.071428571,0.2,1,1,0.951219512
0,0.273972603,0.107702716,0.6,0,0,0.295918367,0,1,0.333333333,0,0,1,1,0.951219512
1,0.342465753,0.145306691,0.6,0.150241502,0,0.316326531,0.5,1,0.333333333,0.714285714,0,1,1,0.951219512
0,0.02739726,0.140595285,0.6,0,0,0.397959184,0.5,1,0.666666667,0.071428571,0.2,1,0,0.951219512
0,0.01369863,0.101344618,0.533333333,0,0,0.397959184,0.5,0.733333333,0.666666667,0.571428571,0.6,1,0,0.951219512
0,0.04109589,0.019496453,0.6,0,0,0.193877551,0.875,1,0.666666667,0.571428571,0.6,1,0,0.951219512
0,0.136986301,0.217645447,0.666666667,0,0,0.397959184,0.5,0.533333333,0.666666667,0.285714286,0.6,1,0,0.951219512
0,0.356164384,0.110410895,0.6,0,0,0.397959184,0.625,1,0.333333333,0.285714286,0,1,1,0.951219512
1,0.369863014,0.125344104,0.933333333,0,0,0.704081633,0.75,0.933333333,0.333333333,0.714285714,0,1,1,0.951219512
0,0.123287671,0.050197718,0.6,0,0,0.397959184,0.5,1,0.666666667,0.285714286,0.2,1,0,0.951219512
0,0.095890411,0.13094651,0.6,0,0,0.397959184,0.5,1,0.666666667,0.428571429,0.6,1,1,0.951219512
0,0.630136986,0.163228842,0.533333333,0,0,0.397959184,0.5,0.733333333,0,0.857142857,0.2,1,1,0.951219512
0,0,0.263114169,0.4,0,0,0.142857143,0.5,0.066666667,0.666666667,0.857142857,0.6,1,0,0.951219512
1,0.301369863,0.069384994,0.933333333,1,0,0.653061224,0.625,0.933333333,0.333333333,0.714285714,0,1,1,0.951219512
0,0.191780822,0.127126103,0.533333333,0,0,0.397959184,0.5,0.733333333,0,0.071428571,0.2,1,0,0.268292683
0,0.164383562,0.139704962,0.6,0,0,0.653061224,0.5,1,0.333333333,0.071428571,1,1,0,0.951219512
0,0.301369863,0.105587184,0.533333333,0,0,0.704081633,0.625,0.733333333,0.333333333,0.285714286,0,1,1,0.951219512
1,0.410958904,0.170329778,0.8,0.150241502,0,0.5,0.5,0.6,0.333333333,0.285714286,0,1,1,0.951219512
1,0.479452055,0.092932553,1,0,0,0.397959184,0.875,0.666666667,0.333333333,0.714285714,0,1,1,0.487804878
0,0.150684932,0.116660747,0.8,0,0.454545455,0.346938776,0.5,0.6,0.666666667,0.928571429,0.2,1,0,0.951219512
0,0.082191781,0.134844718,0.6,0,0,0.397959184,0.5,1,0.333333333,0.285714286,1,0.5,0,0.951219512
0,0.315068493,0.095529779,0.533333333,0.031370314,0,0.397959184,0.25,0.733333333,0.333333333,0.571428571,0.4,1,1,0.951219512
0,0.178082192,0.015829621,0.8,0,0,0.397959184,0.875,0.6,0,0.928571429,0.2,1,0,0.951219512
0,0.109589041,0.041271484,0.533333333,0,0,0.397959184,0.5,0.733333333,0.666666667,1,0.6,1,1,0.951219512
0,0.315068493,0.062317208,0.533333333,0,0,0.295918367,0.5,0.733333333,0.333333333,0.857142857,0.6,1,0,0.951219512
0,0.095890411,0.209978926,0.8,0,0,0.397959184,0.875,0.6,0.666666667,0.285714286,0.2,1,0,0.951219512
1,0.191780822,0.123546544,0.533333333,0,0,0.5,0.5,0.733333333,0.333333333,0.857142857,0,1,1,0.951219512
1,0.452054795,0.075630787,0.8,0,0,0.397959184,0.25,0.6,0.333333333,0.714285714,1,1,0,0.951219512
0,0,0.128701759,0.333333333,0,0,0.142857143,0.5,0,0.666666667,0.571428571,0.6,1,1,0.951219512
0,0.02739726,0.101933205,0.6,0,0,0.397959184,0.5,1,0.166666667,0.428571429,1,1,0,0.951219512
0,0.109589041,0.205233016,0.533333333,0,0,0.295918367,0.5,0.733333333,0.333333333,0.571428571,0,1,1,0.951219512
0,0.301369863,0.2338634,0.733333333,0,0,0.479591837,0.25,0.466666667,0.666666667,1,0.2,1,1,0.951219512
0,0.698630137,0.07001282,0.533333333,0,0,0.397959184,0.5,0.733333333,0.333333333,0.785714286,0,1,1,0.829268293
0,0.232876712,0.077740906,0.6,0,0,0.397959184,0.5,1,0.333333333,0.285714286,0,1,1,0.951219512
0,0.342465753,0.085160492,0.6,0,0,0.397959184,0.875,1,0,0.071428571,0.6,1,1,0.951219512
0,0.356164384,0.110234319,0.533333333,0,0,0.602040816,0.5,0.733333333,0.333333333,0.571428571,0,1,1,0.658536585
0,0.219178082,0.038539626,0.666666667,0,0,0.397959184,0.5,0.533333333,0.666666667,0.857142857,0.6,0.25,1,0.731707317
1,0.575342466,0.099263589,0.733333333,0.07298073,0,0.193877551,0.5,0.466666667,0.333333333,0.214285714,0,1,1,0.951219512
0,0.424657534,0.034625858,0.533333333,0,0,0.316326531,0,0.733333333,0.5,0,0.8,1,0,0.951219512
0,0.671232877,0.057885888,0.8,0,0,0.5,0.75,0.6,0.333333333,0.857142857,0,1,1,0.951219512
0,0.356164384,0.14402127,0.4,0,0,0.551020408,0.75,0.066666667,0.333333333,0.214285714,0,1,1,0.951219512
1,0.315068493,0.050487953,1,0,0,0.5,0.875,0.666666667,0.333333333,0.714285714,0,1,1,0.951219512
1,0.164383562,0.101660561,0.866666667,0,0,0.397959184,0.5,0.8,0.333333333,0.714285714,1,0.25,0,0.414634146
0,0.095890411,0.149214371,0.533333333,0,0,0.346938776,0.5,0.733333333,0.666666667,0.571428571,0.2,1,1,0.951219512
0,0.123287671,0.131461354,0.4,0,0,0.295918367,0.5,0.066666667,0.666666667,0.571428571,0.4,1,1,0.634146341
0,0.205479452,0.121433041,0.866666667,0,0,0.397959184,0.5,0.8,0.666666667,0.071428571,0.2,0.5,0,0.951219512
0,0.452054795,0.104376182,0.533333333,0,0,0.397959184,0.5,0.733333333,0.333333333,1,0,1,1,0.951219512
0,0.465753425,0.044885547,0.6,0,0,0.602040816,0.75,1,0.333333333,0.285714286,0,0,1,0.951219512
1,0.452054795,0.103465563,0.933333333,0,0,0.346938776,0.75,0.933333333,0.333333333,0.714285714,1,1,0,0.951219512
0,0.328767123,0.07184759,0.6,0,0,0.397959184,0.5,1,0.833333333,0.857142857,0.2,1,1,0.951219512
1,0.534246575,0.018330779,0.6,0.278282783,0,0.193877551,0.75,1,0.5,0.357142857,0.2,1,0,0.951219512
0,0.191780822,0.073453013,0.533333333,0,0,0.173469388,0.5,0.733333333,0.333333333,0.857142857,1,1,0,0.951219512
0,0.630136986,0.025596791,0.533333333,0,0.361111111,0.244897959,0.5,0.733333333,0.333333333,0.857142857,0,1,1,0.951219512
0,0.02739726,0.179046962,0.6,0,0,0.244897959,0.5,1,0.666666667,0.857142857,0.6,1,0,0.951219512
0,0.684931507,0.060108314,0.2,0.01797018,0,0.397959184,0.5,0.333333333,0.333333333,0.214285714,0,1,1,0.951219512
0,0.424657534,0.024761267,0.533333333,0,0,0.346938776,0.5,0.733333333,0,0.571428571,0.2,1,0,0.951219512
1,0.493150685,0.403147928,0.8,0,0.436639118,0.397959184,0.5,0.6,0.333333333,0.285714286,0,0.5,1,0.951219512
0,0.068493151,0.087552728,0.533333333,0,0,0.397959184,0.5,0.733333333,0.666666667,0.214285714,0.6,1,1,0.951219512
1,0.397260274,0.173159057,0.666666667,0,0.436639118,0.397959184,0.5,0.533333333,0.333333333,0.285714286,0,1,1,0.951219512
0,0.04109589,0.009674484,0.533333333,0,0,0.244897959,0.125,0.733333333,0.666666667,0.571428571,0.2,0,0,0.951219512
0,0.082191781,0.139454643,0.6,0,0,0.091836735,0,1,0.666666667,0,0.6,1,0,0.951219512
0,0.438356164,0.12974092,0.733333333,0,0,0.397959184,0.5,0.466666667,0,0.285714286,0.2,1,0,0.951219512
1,0.342465753,0.014799931,0.933333333,0,0,0.397959184,0.75,0.933333333,0.333333333,0.714285714,0,1,1,0.951219512
0,0.260273973,0.192619654,0.6,0,0,0.367346939,0.5,1,0,0.214285714,0.2,1,0,0.951219512
1,0.547945205,0.141194021,0.533333333,0,0,0.397959184,0.5,0.733333333,0.333333333,0.857142857,0,1,1,0.951219512
0,0.150684932,0.124756869,0.666666667,0,0.383149679,0.418367347,0.5,0.533333333,0.666666667,0.5,0.2,1,0,0.951219512
0,0.315068493,0.183638621,0.266666667,0,0,0.489795918,0.5,0.4,0.666666667,0.214285714,0.4,0.5,1,0.951219512
1,0.465753425,0.146791014,0.8,0,0,0.448979592,0.5,0.6,0.333333333,0.285714286,0,1,1,0.951219512
0,0.602739726,0.050569137,0.533333333,0,0,0.397959184,0.5,0.733333333,1,0.071428571,0.2,1,0,0.951219512
0,0.02739726,0.128175413,0.6,0,0,0.255102041,0.5,1,0.666666667,0.571428571,0.6,1,0,0.951219512
0,0.328767123,0.073743924,0.533333333,0,0,0.397959184,0.5,0.733333333,0.666666667,0.5,0.2,1,1,0.951219512
0,0.273972603,0.091996225,0.933333333,0,0,0.051020408,0,0.933333333,0.333333333,0,0,1,1,0.634146341
0,0.164383562,0.123572929,0.8,0,0,0.397959184,0.5,0.6,0.333333333,0.285714286,0,1,1,0.951219512
0,0.178082192,0.040825646,0.8,0,0,0.5,0.5,0.6,0.666666667,0.714285714,0.2,1,1,0.951219512
1,0.534246575,0.074490145,0.666666667,0.150241502,0,0.397959184,0.5,0.533333333,0.333333333,0.857142857,0,1,1,0.951219512
1,0.602739726,0.386961772,0.866666667,0,0,0.010204082,0,0.8,0.333333333,0,0,1,1,0.951219512
0,0.178082192,0.042939825,0.666666667,0,0,0.397959184,0.5,0.533333333,0.333333333,0.714285714,0,1,1,0.951219512
0,0.424657534,0.020919211,0.933333333,0,0,0.244897959,0.5,0.933333333,0,0.714285714,0.8,1,0,0.951219512
0,0.109589041,0.139815238,0.2,0,0,0.316326531,0,0.333333333,0.666666667,0,0.2,1,0,0.634146341
1,0.397260274,0.028888145,0.533333333,0,0.433195592,0.397959184,0.5,0.733333333,0.333333333,0.5,0,1,1,0.951219512
0,0.054794521,0.030871076,0.533333333,0,0,0.397959184,0.5,0.733333333,0.833333333,0.357142857,0.6,1,1,0.951219512
1,0.315068493,0.188331084,0.733333333,0.086140861,0,0.5,0.25,0.466666667,0,0.285714286,0.2,1,1,0.951219512
0,0.068493151,0.227033756,0.533333333,0,0.394628099,0.397959184,0.5,0.733333333,0.5,0.857142857,0.2,1,1,0.951219512
1,0.397260274,0.072955081,0.8,0,0,0.5,0.625,0.6,0.333333333,0.857142857,0,1,1,0.951219512
0,0.273972603,0.107080978,0.666666667,0,0,0.316326531,0.5,0.533333333,0.833333333,0.714285714,0.8,1,0,0.951219512
0,0.315068493,0.08848026,0.533333333,0,0,0.397959184,0.5,0.733333333,0.333333333,0.5,0,1,1,0.951219512
0,0.205479452,0.168304902,0.6,0,0,0.5,0.5,1,0.666666667,0.571428571,0.2,1,1,0.951219512
0,0.452054795,0.059416216,0.4,0,0,0.397959184,0.75,0.066666667,0,0.214285714,0.8,1,1,0
0,0.328767123,0.065237143,0.333333333,0,0,0.397959184,0.5,0,0.666666667,0.857142857,0.6,1,0,0.951219512
0,0.684931507,0.066331781,0.266666667,0,0,0.193877551,0.5,0.4,0,0.071428571,0.4,1,0,0.951219512
0,0.150684932,0.084132831,0.866666667,0,0,0.5,0.25,0.8,0.666666667,0.714285714,0.2,1,0,0.951219512
0,0.671232877,0.131434293,0.533333333,0,0,0.346938776,0,0.733333333,1,0,0.2,0.75,0,0.804878049
0,0.356164384,0.094806561,0.6,0,0,0.5,0.5,1,0.333333333,0.5,0,0.5,1,0.951219512
1,0.534246575,0.102107752,0.533333333,1,0,0.397959184,0.75,0.733333333,1,0.071428571,0.8,1,0,0.951219512
0,0.123287671,0.239910291,0.533333333,0,0,0.397959184,0.5,0.733333333,0.666666667,0.214285714,0.6,1,1,0.951219512
0,0.315068493,0.048422484,0.533333333,0,0,0.295918367,0.5,0.733333333,1,0.5,0.6,1,0,0.951219512
1,0.273972603,0.094410787,0.8,0,0,0.397959184,0.5,0.6,0.333333333,0.714285714,0,1,1,0
1,0.506849315,0.128427084,0.533333333,0,0,0.397959184,0.5,0.733333333,0.333333333,0.5,1,1,0,0.951219512
1,0.328767123,0.102537353,0.8,0,0,0.448979592,0.5,0.6,0.333333333,0.357142857,0,1,1,0.951219512
0,0.04109589,0.020580943,0.6,0,0,0.244897959,0.5,1,0.666666667,0.071428571,0.2,1,1,0.951219512
0,0.178082192,0.098716947,0.933333333,0,0,0.397959184,0.5,0.933333333,0.666666667,0.714285714,0.6,0.25,0,0
0,0.04109589,0.196761416,0.6,0,0,0.448979592,0,1,0.666666667,0,0.6,1,1,0.951219512
0,0.136986301,0.076554937,0.6,0,0,0.5,0.25,1,0.333333333,0.285714286,0,1,1,0.951219512
0,0.054794521,0.113506053,0.6,0,0,0.397959184,0.5,1,0.666666667,0.5,0.6,1,1,0.951219512
0,0.04109589,0.03473884,0.6,0,0,0.244897959,0.5,1,0.666666667,0.571428571,0.8,1,0,0.951219512
0,0.191780822,0.063636456,0.6,0,0,0.397959184,0.5,1,0.333333333,0.071428571,1,0.5,0,0.951219512
0,0.383561644,0.086797035,0.6,0,0,0.397959184,0.5,1,1,0.571428571,0.8,0.5,0,0.951219512
0,0.219178082,0.057801998,0.533333333,0,0.383838384,0.397959184,0.5,0.733333333,0.333333333,0.214285714,0,1,1,0.951219512
0,0.397260274,0.049268156,0.6,0,0.373737374,0.397959184,0.5,1,0.333333333,0.5,0,1,1,0.951219512
0,0.164383562,0.128943282,0.2,0,0.468778696,0.397959184,0.5,0.333333333,0.333333333,0.357142857,0,1,1,0.951219512
0,0.095890411,0.187823004,0.6,0,0,0.397959184,0.875,1,0.333333333,0.714285714,0,1,1,0.951219512
0,0.369863014,0.032769439,0.533333333,0,0,0.397959184,0.5,0.733333333,0,0.857142857,0.2,0.25,0,0.951219512
0,0.301369863,0.190714525,0.533333333,0,0,0.397959184,0.5,0.733333333,0,0.285714286,0.8,1,0,0.951219512
0,0.410958904,0.138265291,0.533333333,0,0,0.602040816,0.75,0.733333333,0.333333333,0.357142857,0,1,1,0.951219512
0,0.465753425,0.16578683,0.533333333,0,0,0.5,0.5,0.733333333,0.333333333,1,0,1,1,0.951219512
0,0.424657534,0.071053335,0.8,0,0,0.602040816,0.5,0.6,0,0.071428571,0.8,1,0,0
1,0.205479452,0.177800104,0.8,0.076880769,0,0.551020408,0.625,0.6,0.333333333,0.857142857,0,1,1,0.634146341
0,0.397260274,0.171345937,0.533333333,0,0,0.397959184,0.875,0.733333333,0.666666667,1,0.2,0.5,1,0.951219512
1,0.424657534,0.020760902,1,0,0,0.397959184,0.125,0.666666667,0.333333333,0.714285714,1,1,0,0.951219512
0,0.178082192,0.146213928,0.533333333,0,0,0.397959184,0.5,0.733333333,0.833333333,0.071428571,0.8,0.5,0,0.951219512
0,0.410958904,0.132683857,0.8,0,0.45959596,0.295918367,0.75,0.6,0.333333333,0.714285714,0,1,1,0.951219512
0,0.123287671,0.08827121,0.666666667,0,0,0.5,0.5,0.533333333,0.666666667,0.857142857,0.2,0.5,1,0.951219512
0,0.657534247,0.124407776,0.333333333,0,0,0.275510204,0.5,0,0,0.428571429,0.2,1,0,0.951219512
0,0.397260274,0.12206628,0.533333333,0,0,0.448979592,0.5,0.733333333,0.333333333,0.214285714,0,1,1,0
0,0.410958904,0.065908268,0.533333333,0,0,0.397959184,0.25,0.733333333,0,0.285714286,0.2,1,0,0.951219512
1,0.342465753,0.147941128,0.8,0,0.433195592,0.397959184,0.5,0.6,0.333333333,0.071428571,1,0.25,0,0.731707317
1,0.246575342,0.082235821,0.6,0,0,0.397959184,0.5,1,0.333333333,0.5,0,1,1,0.951219512
0,0.410958904,0.150966603,0,0,0,0.397959184,0.5,0.866666667,0.666666667,0.857142857,0.8,0.5,0,0.341463415
0,0.315068493,0.134788565,0.8,0,0,0.193877551,0.75,0.6,0,0.571428571,0.8,1,0,0.951219512
1,0.178082192,0.078049408,0.533333333,0,0.433195592,0.479591837,0.625,0.733333333,0.333333333,0.214285714,0,1,1,0.951219512
1,0.287671233,0.165727971,0.6,0.07298073,0,0.602040816,0.5,1,0.333333333,1,0,1,1,0.951219512
0,0.301369863,0.212471289,0.4,0.026350264,0,0.367346939,0.5,0.066666667,0.333333333,0.571428571,0,0.5,1,0.951219512
0,0.178082192,0.027652111,0.733333333,0,0,0.397959184,0.5,0.466666667,0.666666667,0.928571429,0.2,1,0,0.951219512
0,0.01369863,0.153291185,0.4,0,0.367768595,0.397959184,0.5,0.066666667,0.666666667,0.428571429,0.6,1,1,0.951219512
0,0.068493151,0.095417474,0.6,0,0,0.193877551,0.5,1,0.666666667,0.714285714,0.2,0.5,1,0.951219512
0,0.342465753,0.143188453,0.733333333,0,0,0.397959184,0.5,0.466666667,0,0.285714286,0.8,1,0,0.951219512
0,0.383561644,0.053283405,0.866666667,0,0,0.142857143,0.75,0.8,0,0.714285714,0.2,1,0,0.951219512
0,1,0.143952264,0.6,0,0,0.091836735,0,1,0.666666667,0,0.6,0.25,1,0.853658537
1,0.575342466,0.261374115,1,0.252362524,0,0.448979592,0.875,0.666666667,0,0.714285714,0.8,1,1,0.951219512
0,0.054794521,0.053381503,0.6,0,0,0.602040816,0.5,1,0.666666667,0.857142857,0.8,1,1,0.951219512
0,0.054794521,0.127078069,0.533333333,0,0,0.397959184,0.5,0.733333333,0.666666667,0.428571429,0.6,1,1,0.951219512
1,0.630136986,0.128146321,0.8,0.07298073,0,0.397959184,0.5,0.6,0.333333333,0.857142857,0,1,1,0.951219512
0,0.082191781,0.23412928,0.133333333,0,0,0.397959184,0.5,0.266666667,0.333333333,0.428571429,1,1,0,0.634146341
0,0.191780822,0.085044804,0.6,0,0,0.193877551,0.5,1,0.166666667,0.857142857,1,1,0,0.951219512
0,0.123287671,0.073838639,0.8,0,0,0.397959184,0.5,0.6,0.666666667,0.285714286,0.6,1,0,0.951219512
0,0.123287671,0.083906868,0.8,0,0,0.397959184,0.5,0.6,0.666666667,0.571428571,0.2,1,1,0.951219512
1,0.561643836,0.069787533,0.866666667,0,0,0.397959184,0.75,0.8,0.333333333,0.857142857,0,1,1,0.951219512
1,0.479452055,0.05254395,0.466666667,0,0,0.397959184,0,0.133333333,0.333333333,0,1,0.5,0,0.951219512
0,0.410958904,0.138606265,0.533333333,0,0,0.132653061,0.5,0.733333333,0,0.571428571,0.2,0.5,0,0.951219512
1,0.219178082,0.067538723,0.8,0,0.436639118,0.448979592,0.5,0.6,0.333333333,0.285714286,0,1,1,0.951219512
0,0.547945205,0.177520017,0,0,0,0.397959184,0,0.866666667,0.833333333,0,0.2,1,1,0.951219512
1,0.493150685,0.048705953,0.8,0,0,0.479591837,0.125,0.6,0.333333333,0.285714286,0,1,1,0.951219512
1,0.547945205,0.11360821,0.933333333,0,0,0.5,0.625,0.933333333,0.333333333,0.714285714,0,0.25,1,0.87804878
0,0.616438356,0.164131343,0.533333333,0,0,0.397959184,0.875,0.733333333,0.333333333,0.071428571,0,1,1,0.951219512
0,0.342465753,0.128664549,0.733333333,0,0,0.448979592,0.5,0.466666667,0,0.714285714,0.8,1,0,0.951219512
0,0.260273973,0.059255877,0.533333333,0,0,0.397959184,0.5,0.733333333,0.333333333,0.214285714,0,0.25,1,0.463414634
0,0.520547945,0.128790385,0.666666667,0,0,0.295918367,0.75,0.533333333,0.333333333,0.857142857,1,1,0,0.951219512
1,0.561643836,0.047146535,0.6,0,0.340909091,0.397959184,0.125,1,0.333333333,0.928571429,0,0.25,1,0.951219512
0,0.04109589,0.125743261,0.533333333,0,0,0.397959184,0.5,0.733333333,0.666666667,0.071428571,0.6,1,1,0.951219512
0,0.657534247,0.013910284,0.6,0.029640296,0,0.346938776,0.25,1,0,0.071428571,0.2,1,0,0.951219512
0,0.506849315,0.074064603,0.533333333,0,0,0.5,0.75,0.733333333,0.333333333,0.285714286,0,0.25,1,0
1,0.684931507,0.142124936,0.533333333,0,0,0.010204082,0,0.733333333,0.333333333,0,0,1,1,0.951219512
1,1,0.204111994,0.533333333,0,0,0.397959184,0,0.733333333,0.333333333,0,0,1,1,0.951219512
1,0.397260274,0.127636889,0.8,0,0,0.397959184,0.25,0.6,0.333333333,0.785714286,0,1,1,0.951219512
0,0.849315068,0.073764897,0.6,0,0,0.193877551,0.5,1,0.333333333,0.071428571,0,1,1,0.951219512
0,0.520547945,0.184181204,0.133333333,0,0,0.397959184,0.625,0.266666667,0.333333333,0.857142857,0,1,1,0.12195122
0,0.410958904,0.105524266,0.8,0,0,0.397959184,0.5,0.6,0.666666667,0.071428571,0.6,1,1,0.951219512
1,0.438356164,0.142440879,0.866666667,0,0,0.418367347,0.5,0.8,0.333333333,0.714285714,0,1,1,0.951219512
0,0.438356164,0.22790243,0.533333333,0.034110341,0,0.397959184,0.75,0.733333333,0.333333333,0.285714286,0,1,1,0.951219512
1,0.328767123,0.093107776,0.533333333,0,0.424242424,0.397959184,0.5,0.733333333,0.333333333,0.214285714,0,1,1,0.951219512
0,0.876712329,0.062348329,0.533333333,0,0,0.397959184,0.625,0.733333333,1,0.857142857,0.2,1,0,0
0,0.205479452,0.131467443,0.533333333,0,0,0.397959184,0.25,0.733333333,0.666666667,0.571428571,0.6,1,1,0.951219512
1,0.547945205,0.125741231,0.866666667,0,0,0.132653061,0.25,0.8,0.333333333,0.785714286,0,1,1,0.951219512
0,0.369863014,0.241166621,0.6,0,0,0.397959184,0.5,1,0.333333333,0.5,0,1,1,0.951219512
0,0.04109589,0.103453385,0.6,0,0,0.030612245,0.5,1,0.666666667,0.071428571,0.6,1,0,0.951219512
1,0.397260274,0.167959868,0.6,0,0,0.806122449,0.125,1,0.333333333,0.071428571,0,1,1,0.951219512
0,0.02739726,0.112060293,0.6,0,0,0.244897959,0,1,0.666666667,0,0.6,1,0,0.951219512
0,0.287671233,0.103857954,0.6,0,0,0.112244898,0.25,1,0.666666667,0.571428571,0.2,1,1,0.951219512
1,0.575342466,0.086788917,0.6,0.140841408,0,0.602040816,0.5,1,0.833333333,0.857142857,0.2,1,1,0.951219512
0,0.438356164,0.126835869,0.6,0,0,0.346938776,0.5,1,0,0.5,0.2,1,0,0.951219512
1,0.397260274,0.120308636,0.733333333,0,0,0.397959184,0.5,0.466666667,0.333333333,0.214285714,0,1,1,0.951219512
0,0.547945205,0.027049316,0.533333333,0,0,0.724489796,0.25,0.733333333,0.333333333,1,0,1,1,0.951219512
1,0.287671233,0.072697997,0.866666667,0,0,0.397959184,0.5,0.8,0.333333333,0.214285714,0,0.5,1,0.951219512
0,0.506849315,0.08194085,0.266666667,0,0.436639118,0.346938776,0.5,0.4,0.333333333,0.5,0,1,1,0.951219512
0,0.191780822,0.099476022,0.533333333,0,0,0.397959184,0.5,0.733333333,0.666666667,0.428571429,0.4,1,1,0.951219512
0,0.246575342,0.314108172,0.533333333,0,0,0.030612245,0,0.733333333,0.666666667,0,0.2,1,0,0.951219512
1,0.301369863,0.062754928,0.533333333,0.07298073,0,0.397959184,0,0.733333333,0.333333333,0,0,1,1,0.951219512
1,0.191780822,0.112533869,0.8,0.140841408,0,0.602040816,0.5,0.6,0.666666667,0.714285714,0.2,0.5,0,0.951219512
0,0.410958904,0.080873951,0.6,0,0,0.397959184,0.75,1,0.333333333,0.857142857,0,1,1,0.951219512
1,0.356164384,0.134954317,1,0,0,0.234693878,0.125,0.666666667,0.833333333,0.714285714,0.8,0.5,0,0.951219512
0,0.506849315,0.096844968,0.533333333,0,0,0.346938776,0.5,0.733333333,0.333333333,0.571428571,1,1,0,0.951219512
0,0.178082192,0.109551693,1,0,0,0.142857143,0.5,0.666666667,0.666666667,0.714285714,0.2,1,0,0.951219512
0,0.082191781,0.085853942,0.4,0,0,0.5,0.5,0.066666667,0.666666667,0.428571429,0.6,1,1,0.951219512
0,0.328767123,0.239628175,0.533333333,0,0,0.357142857,0.75,0.733333333,0.333333333,0.357142857,0,1,1,0.634146341
0,0.397260274,0.176905045,0.533333333,0,0,0.397959184,0.875,0.733333333,0.333333333,0.928571429,0,1,1,0.951219512
0,0,0.032359458,0.333333333,0,0,0.091836735,0.75,0,0.666666667,0.071428571,0.6,1,1,0.951219512
0,0.342465753,0.057500262,0.866666667,0,0,0.397959184,0.25,0.8,0,0.714285714,0.8,1,0,0.951219512
0,0.493150685,0.23240208,0.6,0,0,0.295918367,0.5,1,1,0.857142857,0.8,1,0,0.951219512
1,0.767123288,0.030545661,0.6,0,0,0.193877551,0.5,1,0.333333333,0.857142857,0,1,1,0.951219512
0,0.452054795,0.124898942,0.533333333,0,0,0.387755102,0.875,0.733333333,0.333333333,0.571428571,1,1,0,0.951219512
1,0.452054795,0.04755584,0.8,0,0,0.397959184,0.625,0.6,0.333333333,0.285714286,0,1,1,0.951219512
0,0.383561644,0.126156625,1,0,0,0.602040816,0.5,0.666666667,0.333333333,0.285714286,0,1,1,0.951219512
0,0.479452055,0.132612821,0.533333333,0,0,0.602040816,0.5,0.733333333,0.333333333,0.5,0,1,1,0.951219512
1,0.342465753,0.151206773,0.733333333,0,0,0.5,0.5,0.466666667,0.333333333,0.214285714,0,1,1,0.951219512
0,0.630136986,0.012392135,0.2,0,0,0.397959184,0.5,0.333333333,0.5,0.571428571,0.8,0,0,0.951219512
0,0.369863014,0.04293103,0.8,0,0,0.397959184,0.5,0.6,0.333333333,0.5,0,1,1,0.951219512
0,0.465753425,0.160859608,0.6,0,0,0.397959184,0.25,1,1,0.571428571,0.8,1,0,0.951219512
0,0.369863014,0.04549443,0.533333333,0,0,0.448979592,0.5,0.733333333,0.333333333,0.214285714,0,1,1,0.951219512
0,0.191780822,0.102169317,0.666666667,0,0,0.37755102,0.5,0.533333333,0,0.857142857,0.6,1,0,0.951219512
0,0.02739726,0.153360192,0.533333333,0,0,0.091836735,0.5,0.733333333,0.666666667,0.428571429,0.6,1,1,0.951219512
1,0.109589041,0.309371734,0.6,0.086140861,0,0.397959184,0.5,1,0.666666667,0.714285714,0.2,1,1,0.951219512
0,0.520547945,0.105881477,0.533333333,0,0,0.43877551,0.25,0.733333333,0.333333333,1,0,1,1,0.951219512
0,0.178082192,0.049673402,0.533333333,0,0,0.397959184,0.75,0.733333333,0.333333333,0.214285714,0,1,1,0.951219512
0,0.356164384,0.133770376,0.533333333,0,0,0.397959184,0.5,0.733333333,0.333333333,0.214285714,0,1,1,0.951219512
0,0.232876712,0.162534038,0.8,0,0,0.479591837,0.875,0.6,0.666666667,0.714285714,0.2,1,1,0.951219512
1,0.479452055,0.154471743,0.533333333,0,0,0.397959184,0.5,0.733333333,0.333333333,0.714285714,1,1,0,0.707317073
0,0.095890411,0.225378269,0.2,0,0,0.5,0.75,0.333333333,0.666666667,0.357142857,0.4,1,1,0.951219512
1,0.150684932,0.082302121,0.8,0.150241502,0,0.551020408,0.5,0.6,0.333333333,0.071428571,0,1,1,0.951219512
0,0.684931507,0.159176383,0.533333333,0,0,0.234693878,0.5,0.733333333,0.333333333,0.785714286,0,1,1,0.951219512
0,0.534246575,0.099779111,0.533333333,0,0,0.397959184,0.5,0.733333333,0.333333333,0.214285714,0,1,1,0.951219512
0,0.232876712,0.175661569,0.8,0,0.399678604,0.448979592,0.5,0.6,0.666666667,0.285714286,0.4,1,0,0.951219512
1,0.328767123,0.122614952,0.733333333,0,0,0.397959184,0.25,0.466666667,0.333333333,0.928571429,0,1,1,0.951219512
0,0.465753425,0.006368246,0.533333333,0,0,0.397959184,0.5,0.733333333,0.666666667,0.071428571,0.2,1,0,0.951219512
0,0.136986301,0.019493747,0.533333333,0,0,0.295918367,0.75,0.733333333,0.666666667,0.214285714,0.2,1,1,0.951219512
0,0.301369863,0.202951732,0.6,0,0,0.602040816,0.5,1,0.333333333,0.857142857,0,1,1,0.951219512
1,0.520547945,0.125252095,0.533333333,0.076880769,0,0.397959184,0.5,0.733333333,0.333333333,1,0,1,1,0.951219512
1,0.767123288,0.08576058,0.533333333,0,0,0.214285714,0,0.733333333,1,0,0.2,1,0,0.951219512
0,0.191780822,0.109551693,0.533333333,0,0,0.346938776,0.5,0.733333333,0.333333333,0.285714286,1,1,0,0.951219512
0,0.054794521,0.25684808,0.6,0,0,0.244897959,0.25,1,0.666666667,0.714285714,0.6,1,0,0.951219512
0,0.246575342,0.095859253,0.533333333,0,0,0.602040816,0.625,0.733333333,0.333333333,0.285714286,0,1,1,0.951219512
0,0.287671233,0.067523839,0.4,0,0,0.397959184,0.5,0.066666667,0.333333333,1,0,1,1,0.951219512
0,0.410958904,0.193384818,0.533333333,0,0,0.397959184,0.5,0.733333333,0.333333333,0.857142857,0,1,1,0.951219512
1,0.465753425,0.061414707,0.8,0.07298073,0,0.397959184,0.875,0.6,0.333333333,0.785714286,0,1,1,0.951219512
0,0.410958904,0.283442087,0.2,0,0,0.397959184,0.5,0.333333333,0.333333333,0.214285714,0,1,1,0.951219512
0,0.095890411,0.250054969,0.4,0,0,0.397959184,0.5,0.066666667,0,0.5,0.8,1,0,0.951219512
0,0.342465753,0.060742229,0.2,0,0,0.295918367,0.75,0.333333333,0.333333333,0.857142857,0,1,1,0.951219512
1,0.301369863,0.095859253,0.866666667,0,0,0.397959184,0.25,0.8,0.333333333,0.714285714,0,1,1,0.951219512
0,0,0.202286696,0.4,0,0,0.234693878,0.5,0.066666667,0.666666667,0.285714286,0.6,1,0,0.951219512
0,0.780821918,0.011894203,0.2,0,0,0.010204082,0,0.333333333,0.333333333,0,0,1,1,0.951219512
0,0.424657534,0.047231102,0.6,0,0,0.653061224,0.75,1,0.333333333,0.285714286,0,0.25,1,0.951219512
1,0.342465753,0.129861344,0.6,0,0,0.397959184,0.5,1,0.333333333,0.714285714,0,1,1,0.951219512
0,0.410958904,0.204872422,0.6,0,0,0.193877551,0.75,1,0.333333333,0.714285714,0,1,1,0.951219512
0,0.082191781,0.105138639,0.6,0,0,0.193877551,0.5,1,0.666666667,0.071428571,0.6,1,0,0.951219512
0,0.082191781,0.129018378,0.533333333,0,0,0.397959184,0.5,0.733333333,0.666666667,0.714285714,0.2,1,1,0.048780488
1,0.342465753,0.251638743,0.866666667,0.076880769,0,0.397959184,0.5,0.8,0.333333333,0.714285714,0,1,1,0.951219512
0,0.657534247,0.109185686,0.533333333,0,0,0.132653061,0.5,0.733333333,0,0.571428571,0.4,1,0,0.951219512
0,0.273972603,0.100064609,0.733333333,0.068490685,0,0.806122449,0.5,0.466666667,0.666666667,0.714285714,0.2,1,1,0.951219512
0,0.068493151,0.015670635,0.533333333,0,0,0.214285714,0,0.733333333,0.333333333,0,1,1,0,0.951219512
0,0.328767123,0.086347138,0.666666667,0,0.500229568,0.846938776,0.625,0.533333333,0.333333333,0.857142857,0,0.75,1,0.634146341
0,0.260273973,0.024343843,0.533333333,0,0,0.397959184,0.5,0.733333333,0.333333333,0.214285714,0,1,1,0.951219512
1,0.328767123,0.242942532,0.6,0,0,0.397959184,0.125,1,0.333333333,0.285714286,0,0.5,1,0.951219512
0,0.328767123,0.109534103,0.266666667,0,0,0.397959184,0.5,0.4,0.833333333,0.571428571,0.2,1,1,0.951219512
0,0.369863014,0.011386124,0.6,0,0,0.397959184,0.5,1,0.666666667,0.571428571,0.2,1,0,0.951219512
0,0.082191781,0.013071378,0.533333333,0,0,0.397959184,0.5,0.733333333,0.666666667,0.071428571,0.8,1,0,0.951219512
0,0.136986301,0.057644365,0.6,0,0,0.397959184,0.5,1,0,0.214285714,0.8,1,0,0.951219512
0,0.287671233,0.05876471,0.533333333,0,0,0.653061224,0.5,0.733333333,0.333333333,1,0,1,1,0.951219512
0,0.136986301,0.124551202,0.733333333,0.040640406,0,0.397959184,0.125,0.466666667,0.333333333,0.071428571,0,1,1,0.195121951
0,0.232876712,0.015770086,0.8,0,0,0.295918367,0,0.6,0.333333333,0,0,1,1,0.951219512
0,0.260273973,0.109569959,0.8,0,0,0.602040816,0.5,0.6,0.666666667,0.285714286,0.2,1,1,0.951219512
0,0.01369863,0.12740416,0.533333333,0,0,0.295918367,0.5,0.733333333,0.666666667,0.071428571,0.4,1,0,0.951219512
0,0.315068493,0.04404664,0.533333333,0,0,0.397959184,0.5,0.733333333,0.333333333,1,0,1,1,0.951219512
0,0.356164384,0.017354536,0.733333333,0,0,0.428571429,0.25,0.466666667,0.333333333,0.928571429,0,1,1,0.951219512
1,0.465753425,0.127699807,0.866666667,0,0,0.397959184,0.25,0.8,0.333333333,0.714285714,0,1,1,0.634146341
0,0.397260274,0.100255393,0.533333333,0,0.365013774,0.428571429,0.5,0.733333333,0,0.071428571,0.8,1,0,0.951219512
0,0.684931507,0.109875077,0.6,0,0,0.244897959,0.5,1,1,0.857142857,0.2,1,0,0.658536585
0,0.068493151,0.031547613,0.6,0,0,0.295918367,0.5,1,0.666666667,0.071428571,0.2,1,0,0.951219512
1,0.506849315,0.074910274,0.533333333,0.150241502,0,0.520408163,0.75,0.733333333,0.333333333,0.214285714,0,1,1,0.951219512
0,0.575342466,0.196798625,0.6,0,0.500229568,0.397959184,0.875,1,0.333333333,0.285714286,0,1,1,0.951219512
0,0.095890411,0.129077237,0.533333333,0,0,0.397959184,0,0.733333333,0.333333333,0,0,1,1,0.951219512
0,0.520547945,0.140704208,0.533333333,0,0,0.397959184,0.5,0.733333333,0,0.857142857,0.2,1,0,0.951219512
0,0.205479452,0.155629298,0.6,0,0,0.397959184,0.5,1,0.666666667,0.071428571,0.6,1,0,0.951219512
1,0.342465753,0.11873907,0.6,1,0,0.551020408,0.5,1,0.333333333,0.285714286,0,1,1,0.951219512
0,0.671232877,0.170049015,0.333333333,0,0,0.397959184,0.5,0,0.333333333,0.785714286,0,1,1,0.951219512
1,0.342465753,0.016227425,0.8,0,0,0.397959184,0.5,0.6,0.333333333,0.857142857,0,1,1,0.951219512
0,0.068493151,0.053158922,0.6,0,0,0.397959184,0.5,1,0.666666667,0.071428571,0.6,0.25,0,0.951219512
0,0.520547945,0.130664394,0.333333333,0,0,0.397959184,0.5,0,0.333333333,0.571428571,1,0.5,0,0.951219512
1,0.260273973,0.056402242,0.8,0,0,0.5,0.5,0.6,0.333333333,0.714285714,1,1,0,0.487804878
0,0.342465753,0.025756453,0.533333333,0,0,0.397959184,0.625,0.733333333,0.333333333,0.285714286,0,1,1,0.951219512
0,0.410958904,0.014898705,0.6,0,0,0.346938776,0.5,1,0.833333333,0.571428571,0.2,1,0,0.951219512
0,0.246575342,0.090491606,0.6,0,0,0.397959184,0.5,1,0,0.5,0.2,0,1,0.951219512
0,0.109589041,0.115953765,0.8,0,0,0.5,0.875,0.6,0.666666667,0.714285714,0.2,1,0,0.951219512
0,0.109589041,0.303113763,0.8,0,0,0.428571429,0.5,0.6,0.666666667,0.571428571,0.6,1,1,0.951219512
1,0.260273973,0.00556249,0.533333333,0.076880769,0,0.5,0.5,0.733333333,0.333333333,0.214285714,0,1,1,0.951219512
0,0.520547945,0.066872334,0.733333333,0,0,0.397959184,0.875,0.466666667,0,0.071428571,0.6,0.25,1,0.951219512
1,0.575342466,0.149100036,0.866666667,0,0,0.397959184,0.5,0.8,0.333333333,0.285714286,0,1,1,0.951219512
0,0.178082192,0.101709272,0.8,0,0,0.397959184,0.5,0.6,0.666666667,0.714285714,0.2,1,0,0.951219512
0,0.109589041,0.125171587,0.8,0,0,0.397959184,0.5,0.6,0.666666667,0.714285714,0.6,1,0,0.951219512
0,0.178082192,0.172514317,0.8,0,0,0.5,0.5,0.6,0.666666667,0.714285714,0.2,1,1,0.951219512
1,0.383561644,0.256043001,0.533333333,0,0,0.397959184,0.75,0.733333333,0.333333333,0.714285714,0,1,1,0.951219512
0,0.164383562,0.258485301,0.533333333,0,0,0.397959184,0.75,0.733333333,0.333333333,0.357142857,0,1,1,0.951219512
0,0.369863014,0.085704428,0.533333333,0,0,0.37755102,0.5,0.733333333,0.333333333,0.071428571,1,1,0,0.951219512
0,0.068493151,0.232323601,0.6,0,0,0.397959184,0.5,1,0.666666667,0.071428571,0.2,1,0,0.951219512
0,0.260273973,0.058918961,0.6,0,0,0.397959184,0.5,1,0,0.214285714,0.2,1,1,0.951219512
0,0.219178082,0.128653725,0.533333333,0,0,0.397959184,0.5,0.733333333,0.333333333,0.5,0,1,1,0.951219512
0,0.301369863,0.161718134,0.266666667,0,0,0.397959184,0.75,0.4,0.333333333,0.357142857,0.4,1,1,0.12195122
0,0.438356164,0.026993164,0.533333333,0,0,0.397959184,0.5,0.733333333,0.333333333,0.5,0,1,1,0.951219512
0,0.493150685,0.132625675,0.533333333,0,0.399449036,0.397959184,0.5,0.733333333,0.333333333,0.571428571,0,0.5,1,0.951219512
0,0.219178082,0.053704211,0.466666667,0,0,0.397959184,0.5,0.133333333,0,0.285714286,0.2,1,1,0.951219512
0,0.109589041,0.114531684,0.6,0,0,0.551020408,0.5,1,0.666666667,1,0.2,1,1,0.951219512
1,0.534246575,0.103903959,1,0,0,0.397959184,0.875,0.666666667,0.333333333,0.714285714,0,1,1,0.951219512
0,0.397260274,0.082836586,0.4,0,0,0.428571429,0.5,0.066666667,0,0.5,0.8,0,1,0.268292683
1,0.438356164,0.096997866,0.133333333,0,0,0.397959184,0.75,0.266666667,0.333333333,0.571428571,0,1,1,0.951219512
0,0.02739726,0.241441972,0.533333333,0,0,0.397959184,0.5,0.733333333,0.666666667,0.214285714,0.6,1,1,0.951219512
0,0.506849315,0.141430809,0.533333333,0,0,0.397959184,0.5,0.733333333,1,0.571428571,0.8,0.25,0,0.731707317
0,0.150684932,0.063010659,0.6,0,0,0.5,0.5,1,0.666666667,1,0.2,1,1,0.951219512
0,0.506849315,0.047911022,0.8,0,0,0.673469388,0.5,0.6,0.333333333,0.857142857,0,1,1,0.951219512
1,0.438356164,0.1320973,0.8,0,0,0.397959184,0.125,0.6,0.333333333,0.071428571,0,1,1,0.951219512
1,0.493150685,0.019440977,0.866666667,0,0,0.459183673,0.875,0.8,0.666666667,0.714285714,0.2,1,0,0.951219512
0,0.260273973,0.161358216,0.533333333,0,0,0.479591837,0.5,0.733333333,0.333333333,0.428571429,0,1,1,0.951219512
1,0.383561644,0.135195841,0.8,0.150241502,0,0.397959184,0.5,0.6,0.333333333,0.714285714,0,1,1,0.951219512
1,0.246575342,0.122007422,0.6,0,0,0.5,0.5,1,0.333333333,0.714285714,0,1,1,0.951219512
0,0.287671233,0.034528437,0.8,0,0,0.602040816,0.625,0.6,0.666666667,0.285714286,0.2,1,1,0.951219512
0,0.205479452,0.107365124,0.533333333,0,0,0.397959184,0.5,0.733333333,0.666666667,0.857142857,0.2,1,1,0.951219512
0,0.767123288,0.083427879,0.8,0,0,0.091836735,0,0.6,0.333333333,0,0,1,1,0.951219512
0,0.575342466,0.020969275,0.6,0,0,0.397959184,0.125,1,0.666666667,0.285714286,0.6,0.5,0,0.951219512
0,0.493150685,0.074965074,0.533333333,0,0,0.397959184,0.5,0.733333333,1,0.5,0.2,1,0,0.951219512
1,0.383561644,0.210750178,0.8,0.07298073,0,0.530612245,0.5,0.6,0.333333333,0.285714286,0,1,1,0.951219512
0,0.671232877,0.113432311,0.8,0,0,0.704081633,0.625,0.6,0.333333333,0.285714286,0,1,1,0.951219512
1,0.397260274,0.239361619,0.8,0,0,0.602040816,0.75,0.6,0.333333333,0.857142857,0,1,1,0.951219512
0,0.493150685,0.074300038,0.733333333,0,0,0.704081633,0.75,0.466666667,0,0.857142857,0.2,1,0,0.951219512
0,0.178082192,0.010534363,0.533333333,0,0,0.397959184,0.5,0.733333333,0.333333333,0.071428571,1,1,0,0.951219512
1,0.260273973,0.219708209,0.733333333,0.143441434,0,0.397959184,0.5,0.466666667,0.666666667,0.928571429,0.2,0.5,1,0.219512195
1,0.424657534,0.137140209,0.6,0,0,0.551020408,0.625,1,0.333333333,0.285714286,0,1,1,0.951219512
1,0.246575342,0.095137388,0.8,0,0.433195592,0.448979592,0.5,0.6,0.333333333,0.285714286,0,1,1,0.951219512
0,0.02739726,0.146964884,0.2,0,0,0.397959184,0.5,0.333333333,0.666666667,0.5,0.4,1,1,0.951219512
0,0.04109589,0.135508401,0.6,0,0,0.153061224,0.5,1,0.666666667,0.571428571,0.6,1,0,0.951219512
0,0.109589041,0.136672722,0.533333333,0,0,0.193877551,0.5,0.733333333,0.333333333,0.714285714,1,1,0,0
0,0.150684932,0.124946976,0.8,0,0,0.428571429,0,0.6,0.666666667,0,0.2,1,0,0.951219512
0,0.082191781,0.175832056,0.666666667,0,0,0.326530612,0.5,0.533333333,0.666666667,0.214285714,0.6,1,1,0.951219512
0,0.04109589,0.169954976,0.666666667,0,0,0.397959184,0.75,0.533333333,0.666666667,0.357142857,0.6,1,1,0.951219512
0,0.136986301,0.268137459,0.8,0,0,0.5,0.5,0.6,0.333333333,0.214285714,0.4,1,1,0.951219512
0,0.260273973,0.042230138,0.333333333,0,0,0.397959184,0.5,0,0,0.214285714,0.8,1,0,0.951219512
0,0.02739726,0.207383729,0.533333333,0,0,0.397959184,0.5,0.733333333,0.666666667,0.071428571,0.2,1,0,0.951219512
1,0.260273973,0.143090355,0.866666667,0,0,0.448979592,0.75,0.8,0.333333333,0.714285714,0,1,1,0.951219512
0,0.726027397,0.111395257,0.6,0,0,0.153061224,0.5,1,0.666666667,0.071428571,0.2,1,0,0.951219512
0,0.205479452,0.072280574,0.8,0,0,0.397959184,0.5,0.6,0.666666667,0.714285714,0.6,1,1,0.951219512
0,0.082191781,0.128971697,0.733333333,0,0,0.295918367,0,0.466666667,0.666666667,0,0.6,1,0,0.951219512
0,0.643835616,0.205640968,0.8,0,0,0.397959184,0.125,0.6,0,0.071428571,0.2,0.5,0,0.951219512
0,0.452054795,0.058987968,0.866666667,0,0,0.346938776,0.5,0.8,0,0.714285714,0.2,1,0,0.951219512
0,0.178082192,0.018978902,0.533333333,0,0,0.397959184,0.25,0.733333333,0.333333333,0.214285714,0,1,1,0.951219512
1,0.342465753,0.200583175,0.6,0,0,0.397959184,0.5,1,0.333333333,0.071428571,0,0.5,1,0.951219512
0,0.753424658,0.042830903,0.6,0.026530265,0,0.397959184,0.5,1,0.333333333,0.214285714,0,1,1,0.951219512
1,0.575342466,0.056524695,0.666666667,0,0,0.551020408,0.625,0.533333333,0.333333333,0.285714286,0,1,1,0.951219512
0,0.506849315,0.051236879,0.6,0,0,0.551020408,0.5,1,0,1,0.2,1,1,0.951219512
1,0.328767123,0.037470697,0.533333333,0,0,0.5,0.625,0.733333333,0.333333333,0.285714286,0,1,1,0.048780488
0,0.575342466,0.106800215,0.6,0,0,0.316326531,0.5,1,0,0.571428571,0.8,1,0,0.951219512
0,0.410958904,0.073720922,1,0,0,0.285714286,0.5,0.666666667,0,0.714285714,0.8,1,0,0.951219512
0,0.01369863,0.010842188,0.4,0,0,0.346938776,0,0.066666667,0.666666667,0,0.6,1,0,0.951219512
0,0.315068493,0.194781867,0.6,0,0,0.397959184,0.5,1,0,0.928571429,0.8,0.5,0,0.951219512
0,0.342465753,0.128024545,0.533333333,0,0,0.448979592,0.75,0.733333333,0.333333333,0.214285714,0,1,1,0.951219512
0,0.301369863,0.019438271,0.333333333,0,0,0.704081633,0.75,0,0.333333333,1,0,1,1,0.951219512
0,0.232876712,0.073185104,0.6,0,0,0.5,0.5,1,0,0.071428571,0.2,1,0,0.951219512
1,0.438356164,0.176234596,0.6,0.150241502,0,0.602040816,0.5,1,0.333333333,0.214285714,0,1,1,0.634146341
1,0.315068493,0.241859395,0.533333333,0.150241502,0,0.448979592,0.5,0.733333333,0.333333333,0.428571429,0,1,1,0.951219512
1,0.465753425,0.109988736,0.6,0,0,0.397959184,0.25,1,0.333333333,0.785714286,0,1,1,0.951219512
0,0.260273973,0.191104887,0.666666667,0,0,0.5,0.5,0.533333333,0.333333333,0.928571429,0,1,1,0.951219512
0,0.109589041,0.139938367,0.6,0,0,0.397959184,0.5,1,0.666666667,0.571428571,0.2,0.75,0,0.951219512
1,0.383561644,0.092720796,0.866666667,0,0,0.397959184,0.25,0.8,0.333333333,0.714285714,0,1,1,0.536585366
1,0.260273973,0.094410787,0.533333333,0,0,0.602040816,0.5,0.733333333,0.333333333,0.571428571,0,1,1,0.951219512
0,0.684931507,0.093518434,0.533333333,0,0,0.020408163,0,0.733333333,1,0,0.8,1,1,0.951219512
0,0.493150685,0.062328033,0.533333333,0,0,0.193877551,0.5,0.733333333,1,0.571428571,0.8,0.5,0,0.951219512
0,0.232876712,0.199373526,0.8,0,0,0.602040816,0.75,0.6,0.333333333,0.857142857,0,0.25,1,0.853658537
0,0.698630137,0.138784195,0.533333333,0,0,0.234693878,0.5,0.733333333,0.333333333,0.785714286,0,1,1,0.951219512
0,0.095890411,0.100954932,0.533333333,0,0,0.5,0.75,0.733333333,0.666666667,0.214285714,0.6,1,1,0.951219512
0,0.397260274,0.073800076,0.533333333,0,0,0.295918367,0.25,0.733333333,0,0.071428571,0.8,1,0,0.951219512
0,0.02739726,0.124869851,0.6,0,0,0.193877551,0.5,1,0.666666667,0.857142857,0.6,1,0,0.951219512
1,0.561643836,0.089172358,0.866666667,0,0,0.346938776,0.5,0.8,0.333333333,0.714285714,0,1,1,0.951219512
0,0.02739726,0.189888473,0.533333333,0,0,0.397959184,0.25,0.733333333,0.666666667,0.214285714,0.4,0.5,0,0.951219512
1,0.561643836,0.181328246,0.733333333,0.051780518,0,0.602040816,0.5,0.466666667,0.333333333,0.285714286,0,1,1,0.951219512
0,0.520547945,0.165108939,0.8,0,0,0.397959184,0.875,0.6,0,0.285714286,0.8,0.5,1,0.951219512
1,0.575342466,0.200142073,0.733333333,0,0,0.397959184,0.5,0.466666667,1,0.285714286,0.2,1,0,0.951219512
1,0.534246575,0.140653467,0.6,0,0,0.448979592,0.5,1,0.333333333,0.928571429,0,1,1,0.951219512
0,0.630136986,0.080293482,0.266666667,0,0,0.5,0.5,0.4,0,1,0.2,1,1,0.951219512
0,0.657534247,0.215043484,0.6,0,0,0.397959184,0.5,1,0.333333333,0.285714286,0,1,1,0.951219512
0,0.410958904,0.194317086,0.533333333,0,0,0.551020408,0.5,0.733333333,0,0.928571429,0.8,0.5,0,0.951219512
0,0.260273973,0.068853912,0.8,0,0,0.448979592,0.5,0.6,0.333333333,0.285714286,0,1,1,0.951219512
0,0.410958904,0.115327292,0.533333333,0,0,0.346938776,0.75,0.733333333,0.333333333,0.071428571,1,1,0,0.487804878
1,0.205479452,0.197147719,1,0,0,0.397959184,0.5,0.666666667,0,0.714285714,0.2,1,1,0.951219512
0,0.164383562,0.230744563,0.666666667,0,0,0.397959184,0.5,0.533333333,0.666666667,0.214285714,0.4,1,1,0.951219512
1,0.315068493,0.151206773,0.6,0,0,0.43877551,0.5,1,0.333333333,0.214285714,0,1,1,0.951219512
0,0.136986301,0.218613572,0.8,0,0,0.193877551,0.5,0.6,0.666666667,0.714285714,0.2,1,0,0.951219512
0,0.602739726,0.03787459,0.333333333,0,0,0.551020408,0.5,0,0.333333333,0.357142857,0,1,1,0.951219512
0,0.410958904,0.131826685,0.533333333,0,0,0.37755102,0.5,0.733333333,0,0.071428571,0.2,1,0,0.951219512
0,0.232876712,0.170532063,0.533333333,0,0,0.397959184,0.75,0.733333333,0.333333333,0.357142857,0,1,1,0.634146341
1,0.342465753,0.008441833,1,0.150241502,0,0.397959184,0.75,0.666666667,0.333333333,0.714285714,0,1,1,0.951219512
1,0.493150685,0.141691952,0.866666667,0.143441434,0,0.5,0.25,0.8,0.666666667,0.285714286,0.2,1,0,0.951219512
0,0.342465753,0.099561942,0.533333333,0,0,0.397959184,0.5,0.733333333,0,0.214285714,0.2,1,1,0.951219512
0,0.136986301,0.129134066,0.533333333,0,0,0.397959184,0.5,0.733333333,0.333333333,0.5,0,1,1,0.951219512
0,0.205479452,0.165587928,0.533333333,0,0,0.418367347,0.5,0.733333333,0.666666667,0.071428571,0.2,1,0,0.951219512
1,0.369863014,0.062181224,0.866666667,0,0,0.448979592,0.5,0.8,0.333333333,0.285714286,0,1,1,0.951219512
0,0.178082192,0.031940005,0.6,0,0,0.397959184,0.5,1,0,0.714285714,0.8,1,0,0.951219512
0,0.109589041,0.141256262,0.533333333,0,0,0.346938776,0.5,0.733333333,0.666666667,0.857142857,0.2,1,0,0.951219512
1,0.273972603,0.046030925,0.533333333,0,0,0.602040816,0.75,0.733333333,0.333333333,0.285714286,0,1,1,0.951219512
1,0.465753425,0.088989693,0.6,0.07298073,0,0.397959184,0.5,1,0.333333333,0.214285714,0,1,1,0.951219512
0,0.095890411,0.24633266,0.666666667,0,0,0.397959184,0.5,0.533333333,0.666666667,0.857142857,0.2,1,0,0.951219512
0,0.109589041,0.147564973,0.8,0,0,0.397959184,0.5,0.6,0.333333333,0.571428571,1,1,0,0.951219512
0,0.356164384,0.135687683,0.533333333,0,0,0.397959184,0.25,0.733333333,0,1,0.2,1,1,0.951219512
0,0.465753425,0.020114808,0.6,0,0,0.397959184,0.875,1,0,0.714285714,0.2,1,0,0.951219512
0,0.465753425,0.610085142,0.533333333,0,0,0.5,0.5,0.733333333,0,0.214285714,0.2,1,1,0.951219512
0,0.136986301,0.063286686,0.6,0,0,0.397959184,0.5,1,0.666666667,0.285714286,0.8,1,0,0.951219512
0,0.534246575,0.100495564,0.533333333,0,0,0.459183673,0.25,0.733333333,0,0.071428571,0.2,1,0,0.951219512
1,0.246575342,0.112330231,0.666666667,0,0,0.5,0.5,0.533333333,0.333333333,0.857142857,0,1,1,0.268292683
0,0.068493151,0.110847938,0.6,0,0,0.397959184,0.5,1,0.333333333,0.285714286,0,0.5,1,0.951219512
0,0.01369863,0.048146457,0.533333333,0,0,0.295918367,0.5,0.733333333,0.666666667,0.571428571,0.6,1,0,0.951219512
1,0.589041096,0.097752205,0.533333333,0,0,0.448979592,0.5,0.733333333,0.333333333,0.714285714,0,1,1,0.951219512
1,0.424657534,0.101447452,0.866666667,0,0,0.397959184,0.75,0.8,1,0.285714286,0.8,1,0,0
0,0.178082192,0.055442236,0.4,0,0,0.397959184,0.5,0.066666667,0.666666667,0.071428571,0.6,1,1,0.951219512
0,0.671232877,0.112193571,0.133333333,0,0,0.142857143,0.5,0.266666667,0,0.642857143,0.2,0.5,0,0.951219512
0,0.506849315,0.015678076,0.533333333,0,0,0.397959184,0.5,0.733333333,0.666666667,0.857142857,0.2,1,1,0.951219512
1,0.178082192,0.067167981,0.6,0,0,0.397959184,0.5,1,0.333333333,0.214285714,0,1,1,0.951219512
0,0.287671233,0.267085443,0.133333333,0,0,0.755102041,0.5,0.266666667,0.333333333,0.571428571,0,1,1,0.634146341
0,0.342465753,0.076445337,0.8,0.031370314,0,0.397959184,0.5,0.6,0.333333333,0.285714286,0,1,1,0.951219512
1,0.287671233,0.058232952,0.866666667,0,0,0.397959184,0.5,0.8,0.333333333,0.714285714,0,1,1,0.951219512
0,0.123287671,0.065843321,0.6,0,0,0.295918367,0.75,1,0.833333333,0.214285714,0.2,1,1,0.951219512
0,0.04109589,0.070985681,0.6,0,0,0.397959184,0.875,1,0.666666667,0.928571429,0.6,1,1,0.951219512
0,0.219178082,0.108390078,0.6,0,0,0.397959184,0.5,1,0,0.428571429,0.6,1,1,0.951219512
0,0.301369863,0.207109054,0.333333333,0,0,0.112244898,0.5,0,0.833333333,0.571428571,0.6,0.5,0,0.951219512
0,0.452054795,0.369528081,0.533333333,0,0,0.397959184,0.5,0.733333333,0,0.071428571,0.2,0.5,1,0.951219512
0,0.383561644,0.095993208,0.533333333,0,0,0.5,0.5,0.733333333,0.333333333,0.214285714,0,1,1,0.951219512
0,0.328767123,0.052591307,0.533333333,0,0,0.397959184,0.5,0.733333333,0.333333333,0.428571429,0,1,1,0
0,0.616438356,0.170975871,0.533333333,0,0,0.602040816,0.75,0.733333333,0.333333333,0.285714286,0,1,1,0.170731707
0,0.246575342,0.0832168,0.666666667,0,0,0.5,0.5,0.533333333,0,0.214285714,0.2,1,1,0.951219512
0,0,0.027197478,0.4,0,0,0.112244898,0.5,0.066666667,0.666666667,0.571428571,0.6,1,0,0.951219512
1,0.369863014,0.089907078,0.533333333,0,0,0.37755102,0.25,0.733333333,0.333333333,0.571428571,1,0.5,0,0.56097561
0,0,0.131062197,0.466666667,0,0,0.071428571,0.5,0.133333333,0.666666667,0.571428571,0.6,1,0,0.951219512
0,0.520547945,0.200142073,0.8,0,0,0.397959184,0.5,0.6,1,0.5,0.8,1,0,0
1,0.369863014,0.108459085,0.533333333,0.105201052,0,0.5,0.5,0.733333333,0.666666667,0.857142857,0.2,1,0,0.951219512
0,0.301369863,0.07353961,0.533333333,0,0,0.397959184,0.5,0.733333333,0,0.571428571,0.6,1,1,0.951219512
0,0.191780822,0.105959956,0.733333333,0,0,0.346938776,0.25,0.466666667,0.333333333,0.071428571,1,1,0,0.951219512
0,0.260273973,0.202907758,0.533333333,0,0,0.397959184,0.5,0.733333333,0.333333333,0.5,0,1,1,0.951219512
1,0.301369863,0.046030925,0.6,0,0.453856749,0.62244898,0.5,1,0.333333333,0.285714286,0,1,1,0.951219512
0,0.246575342,0.181504822,0.533333333,0,0,0.346938776,0.75,0.733333333,0.333333333,0.285714286,0,1,1,0.951219512
0,0.109589041,0.129214574,0.8,0,0,0.193877551,0.875,0.6,0.666666667,0.714285714,0.2,0.25,1,0.463414634
1,0.397260274,0.122235415,0.8,0,0.554407713,0.346938776,0.5,0.6,0.333333333,0.071428571,0,0.25,1,0.731707317
0,0.780821918,0.257490791,0.533333333,0,0,0.132653061,0.75,0.733333333,1,0.357142857,0.2,1,0,0.951219512
0,0.01369863,0.044489096,0.4,0,0,0.397959184,0.5,0.066666667,0.333333333,0.428571429,0.6,1,1,0.951219512
0,0.068493151,0.085439901,0.533333333,0,0,0.56122449,0.25,0.733333333,0.666666667,0.785714286,0.8,1,1,0.951219512
0,0.082191781,0.017499315,0.4,0,0,0.397959184,0.5,0.066666667,0.666666667,0.571428571,0.4,1,1,0.731707317
0,0.095890411,0.123345612,0.8,0,0,0.142857143,0.5,0.6,0.666666667,0.857142857,0.6,1,0,0.951219512
0,0.04109589,0.21021639,0.533333333,0,0,0.397959184,0.5,0.733333333,0.666666667,0.071428571,0.8,1,0,0.268292683
0,0.438356164,0.121462809,0.6,0,0,0.316326531,0.5,1,0,0.071428571,0.8,1,0,0.951219512
1,0.356164384,0.067111152,0.6,0.07298073,0,0.397959184,0.5,1,0.333333333,0.857142857,0,1,1,0.951219512
0,0.410958904,0.110708571,0.333333333,0,0.500229568,0.520408163,0.5,0,0.333333333,0.857142857,0,1,1,0.951219512
0,0.164383562,0.068920889,0.8,0.033250333,0,0.091836735,0.5,0.6,0.666666667,0.285714286,0.6,1,0,0.951219512
0,0.287671233,0.038221654,0.6,0,0,0.397959184,0.25,1,0.333333333,0.785714286,0,1,1,0.951219512
0,0.082191781,0.063142584,0.266666667,0,0,0.397959184,0.5,0.4,0.666666667,1,0.6,1,1,0.951219512
0,0.095890411,0.097105435,0.6,0,0,0.43877551,0.25,1,0.333333333,0.071428571,1,1,0,0.951219512
0,0.657534247,0.156472264,0.6,0,0,0.234693878,0.5,1,1,0.571428571,0.8,1,0,0.951219512
1,0.191780822,0.109542221,0.8,0,0,0.397959184,0.5,0.6,0.333333333,0.285714286,0,1,1,0.951219512
1,0.287671233,0.108439465,0.8,0,0.424242424,0.540816327,0.5,0.6,0.333333333,0.285714286,0,1,1,0.951219512
1,0.643835616,0.170662635,0.866666667,0,0,0.040816327,0.875,0.8,0.333333333,0.714285714,1,1,0,0.951219512
0,0.164383562,0.080798179,0.333333333,0,0,0.244897959,0.5,0,0,0.5,0.2,0.5,0,0.951219512
0,0.205479452,0.078214483,0.6,0,0,0.397959184,0.5,1,0.666666667,0.071428571,0.6,0.5,0,0.951219512
1,0.493150685,0.075193067,0.6,0,0,0.602040816,0.5,1,0.333333333,0.285714286,0,1,1,0.951219512
0,0.054794521,0.092015168,0.6,0,0,0.397959184,0,1,0.666666667,0,0.6,1,1,0.951219512
0,0.232876712,0.31974914,0.533333333,0,0,0.397959184,0.25,0.733333333,0.666666667,0.214285714,0.2,0,1,0.951219512
0,0.232876712,0.175984954,0.8,0,0,0.397959184,0.5,0.6,0.666666667,0.071428571,0.2,1,0,0.951219512
0,0.657534247,0.190174648,0,0,0,0.295918367,0,0.866666667,0.333333333,0,0,0.5,1,0.951219512
0,0.273972603,0.110346624,0.533333333,0,0,0.397959184,0.5,0.733333333,0,0.5,0.8,0.5,0,0.951219512
0,0.356164384,0.141319857,0.8,0,0,0.346938776,0.5,0.6,0,0.285714286,0.2,1,1,0.951219512
1,0.136986301,0.185108736,0.533333333,0,0.433195592,0.397959184,0.5,0.733333333,0.333333333,1,0,1,1,0.951219512
0,0.123287671,0.032769439,0.8,0,0,0.397959184,0.5,0.6,0.666666667,0.714285714,0.6,0.25,0,0.951219512
0,0.424657534,0.110399394,0.533333333,0,0,0.153061224,0.5,0.733333333,0.5,0.571428571,0.8,1,0,0.951219512
1,0.479452055,0.112016318,0.533333333,0,0,0.551020408,0.5,0.733333333,0,0.214285714,0.4,1,1,0.951219512
0,0.164383562,0.126624112,0.6,0,0,0.397959184,0.875,1,0,0.071428571,0.8,0.5,1,0.951219512
0,0.082191781,0.115737273,0.533333333,0,0,0.397959184,0.5,0.733333333,0.666666667,0.214285714,0.2,1,1,0.804878049
0,0.054794521,0.029212883,0.733333333,0,0,0.142857143,0.5,0.466666667,0.666666667,0.571428571,0.4,1,1,0.951219512
0,0.01369863,0.082977306,0.466666667,0,0,0.397959184,0.25,0.133333333,0.666666667,0.785714286,0.6,1,1,0.951219512
0,0.506849315,0.295570372,0.8,0,0,0.397959184,0.25,0.6,0,0.285714286,0.2,0.5,1,0.951219512
0,0.301369863,0.116904977,0.6,0,0,0.551020408,0.5,1,0.333333333,0.5,0,1,1,0.951219512
0,0.301369863,0.080476824,0.866666667,0,0,0.397959184,0.25,0.8,0.333333333,0.714285714,0,1,1,0.951219512
1,0.383561644,0.171293844,0.866666667,0,0,0.397959184,0.25,0.8,0.333333333,0.714285714,0,1,1,0.243902439
0,0.575342466,0.162101731,0.333333333,0,0,0.244897959,0.25,0,1,0.571428571,0.2,1,0,0.804878049
0,0.287671233,0.014679507,0.6,0,0,0.397959184,0.5,1,0.333333333,1,0,1,1,0.951219512
0,0.465753425,0.109397442,0.266666667,0,0,0.397959184,0.5,0.4,0.333333333,0.857142857,0,1,1,0.951219512
0,0.383561644,0.111310013,0.666666667,0.034110341,0,0.397959184,0.75,0.533333333,0.333333333,0.857142857,0,1,1,0.951219512
0,0.369863014,0.134118117,0.6,0,0,0.397959184,0.25,1,0.666666667,0.571428571,0.8,0.5,0,0.951219512
0,0.054794521,0.143374501,0.533333333,0,0,0.295918367,0,0.733333333,0.333333333,0,1,0.5,0,0.951219512
0,0.589041096,0.105332129,0.533333333,0,0,0.397959184,0,0.733333333,0.666666667,0,0.2,1,0,0.951219512
0,0.369863014,0.045719717,0.866666667,0,0,0.193877551,0.5,0.8,0.833333333,0.285714286,0.8,1,0,0.951219512
1,0.643835616,0.079993776,0.533333333,0,0,0.397959184,0.5,0.733333333,0.333333333,0.857142857,0,1,1,0.951219512
0,0.082191781,0.149802958,0.533333333,0,0,0.5,0.5,0.733333333,0.333333333,0.571428571,0,1,1,0.951219512
0,0.095890411,0.141165606,0.6,0,0,0.602040816,0.5,1,0.333333333,0.214285714,0,1,1,0.951219512
0,0.082191781,0.068483169,0.533333333,0,0,0.397959184,0.5,0.733333333,0.666666667,0.214285714,0.8,1,1,0.951219512
0,0.082191781,0.076121953,0.6,0,0,0.397959184,0.5,1,0.666666667,0.5,0.2,0.5,0,0.951219512
0,0.287671233,0.153192411,0.733333333,0,0,0.397959184,0.5,0.466666667,0,0.285714286,0.8,0.5,0,0.951219512
1,0.260273973,0.217849085,0.6,0,0.433195592,0.397959184,0.5,1,0.333333333,0.214285714,0,1,1,0.951219512
0,0.04109589,0.174648793,0.533333333,0,0,0.397959184,0.5,0.733333333,0.666666667,0.5,0.6,1,1,0.951219512
0,0.095890411,0.103029196,0.6,0,0,0.397959184,0,1,0.666666667,0,0.6,1,1,0.951219512
0,0.082191781,0.112296405,0.8,0,0,0.397959184,0.5,0.6,0.666666667,0.714285714,0.2,1,0,0.951219512
0,0.04109589,0.094380343,0.6,0,0,0.295918367,0.5,1,0.666666667,0.071428571,0.6,1,0,0.951219512
0,0.260273973,0.077538622,0.6,0,0,0.346938776,0.5,1,0,0.285714286,0.8,1,0,0.951219512
0,0.04109589,0.088842208,0.533333333,0,0,0.397959184,0.5,0.733333333,0.666666667,0.571428571,0.6,1,0,0.951219512
0,0.164383562,0.065156635,0.533333333,0,0,0.397959184,0.5,0.733333333,0.666666667,0.214285714,0.6,1,1,0.951219512
0,0.082191781,0.183804372,0.333333333,0,0,0.397959184,0.5,0,0.666666667,0.428571429,0.6,1,1,0.634146341
0,0.095890411,0.078326788,0.533333333,0.005940059,0,0.142857143,0.5,0.733333333,0.666666667,0.571428571,0.6,1,0,0.951219512
0,0.205479452,0.221101876,0.6,0,0,0.397959184,0,1,0.666666667,0,0.8,0.5,0,0.951219512
0,0.465753425,0.281098561,0.533333333,0,0,0.397959184,0.5,0.733333333,0.333333333,1,0,0.5,1,0.951219512
1,0.287671233,0.014281027,0.533333333,0,0,0.755102041,0.5,0.733333333,0.333333333,0.857142857,0,1,1,0.951219512
0,0.205479452,0.077049485,0.533333333,0,0,0.397959184,0.5,0.733333333,0.833333333,0.214285714,0.2,1,1,0.951219512
1,0.328767123,0.141082392,0.866666667,0,0,0.704081633,0.625,0.8,0.333333333,0.714285714,0,1,1,0.951219512
0,0.506849315,0.005757333,0.533333333,0,0,0.397959184,0.5,0.733333333,0,0.785714286,0.2,1,1,0.951219512
1,0.260273973,0.094362753,0.6,0.051780518,0,0.397959184,0.5,1,0.333333333,0.857142857,0,1,1,0.951219512
0,0.397260274,0.123409207,0.8,0,0,0.602040816,0.5,0.6,0.666666667,0.714285714,0.6,1,1,0.951219512
0,0.191780822,0.025058943,0.533333333,0,0,0.397959184,0.5,0.733333333,0.333333333,0.5,0,1,1,0.951219512
0,0.410958904,0.109364292,0.933333333,0,0.518365473,0.193877551,0.75,0.933333333,0.666666667,0.714285714,0.2,1,1,0.951219512
1,0.410958904,0.183033796,0.733333333,0,0,0.397959184,0.125,0.466666667,0.333333333,0.071428571,0,0.5,1,0.951219512
0,0.479452055,0.084819517,0.4,0,0,0.397959184,0.5,0.066666667,0.333333333,0.5,0,0.75,1,0.146341463
0,0.191780822,0.060490557,0.666666667,0,0,0.397959184,0.5,0.533333333,0.333333333,0.714285714,1,1,0,0.951219512
0,0.191780822,0.13602054,0.533333333,0,0,0.397959184,0.5,0.733333333,0.833333333,0.928571429,0.2,1,0,0.951219512
0,0.301369863,0.020229143,0.533333333,0.034640346,0,0.193877551,0.875,0.733333333,0.333333333,0.071428571,1,0.25,0,0.951219512
0,0.246575342,0.111504856,0.533333333,0,0,0.397959184,0.5,0.733333333,0,0.428571429,0.8,1,0,0.951219512
0,0.328767123,0.097584423,0.6,0,0,0.397959184,0.5,1,0.833333333,0.428571429,0.2,1,1,0.951219512
0,0.178082192,0.015803236,0.4,0,0,0.5,0.5,0.066666667,0.333333333,0.428571429,0,1,1,0.951219512
0,0.109589041,0.100934636,0.8,0,0,0.397959184,0.5,0.6,0.666666667,0.714285714,0.2,0.25,0,0.951219512
0,0.136986301,0.142914455,0.666666667,0,0,0.428571429,0.25,0.533333333,0.666666667,0.071428571,0.6,1,1,0.951219512
0,0.082191781,0.068038684,0.6,0,0,0.346938776,0.5,1,0.666666667,0.857142857,0.4,1,0,0.951219512
0,0.410958904,0.062094627,0.533333333,0,0,0.397959184,0.5,0.733333333,0,0.714285714,0.8,0,0,0.951219512
0,0.123287671,0.01716037,0.6,0.050600506,0,0.397959184,0.5,1,0,0.714285714,0.2,1,0,0.951219512
0,0.054794521,0.202415238,0.533333333,0,0,0.448979592,0.5,0.733333333,0.666666667,0.428571429,0.6,0.5,1,0.951219512
0,0.178082192,0.133377308,0.533333333,0,0,0.397959184,0.5,0.733333333,0.333333333,0.071428571,1,1,0,0.951219512
0,0.438356164,0.092634876,0.533333333,0,0,0.397959184,0.5,0.733333333,0.333333333,1,0,0.5,1,0.951219512
1,0.315068493,0.022169452,0.6,0,0,0.397959184,0.625,1,0.333333333,1,0,1,1,0.951219512
1,0.123287671,0.012857592,0.533333333,0,0,0.397959184,0.5,0.733333333,0.333333333,0.071428571,1,1,0,0.951219512
0,0.315068493,0.090225727,0.533333333,0,0,0.244897959,0.5,0.733333333,0.833333333,0.857142857,0.8,0.5,0,0.951219512
0,0.109589041,0.083885219,0.8,0,0,0.397959184,0.5,0.6,0.666666667,0.071428571,0.6,0.5,0,0.951219512
0,0.383561644,0.125249389,0.6,0,0,0.479591837,0.5,1,0,0.071428571,0.2,1,0,0.951219512
0,0.150684932,0.054765698,0.6,0,0,0.397959184,0.5,1,0.666666667,0.857142857,0.2,1,1,0.951219512
0,0.082191781,0.025793663,0.533333333,0,0,0.397959184,0.5,0.733333333,0.666666667,0.214285714,0.6,1,1,0.951219512
0,0.02739726,0.166553347,0.533333333,0,0,0.397959184,0.5,0.733333333,0.666666667,0.428571429,0.2,1,1,0.951219512
0,0.178082192,0.205884522,0.8,0,0.536960514,0.5,0.5,0.6,0.666666667,0.714285714,0.2,1,0,0.951219512
0,0.164383562,0.120071848,0.133333333,0,0,0.397959184,0,0.266666667,0.333333333,0,1,1,0,0.951219512
0,0.315068493,0.236921349,0.666666667,0,0,0.5,0.5,0.533333333,0.333333333,0.857142857,0,1,1,0.951219512
0,0.520547945,0.015740318,0.533333333,0,0,0.397959184,0.5,0.733333333,0,0.214285714,0.2,1,1,0.951219512
0,0.328767123,0.216774744,0.533333333,0,0.143480257,0.397959184,0.5,0.733333333,0,0.071428571,0.2,0.75,0,0.951219512
0,0.219178082,0.257822294,0.4,0,0,0.397959184,0,0.066666667,0.666666667,0,0.2,1,0,0.951219512
0,0.068493151,0.070708301,0.733333333,0,0,0.602040816,0.5,0.466666667,0.666666667,0.785714286,0.6,1,1,0.951219512
0,0.095890411,0.177901584,0.6,0,0,0.346938776,0.5,1,0.666666667,0.285714286,0.2,0.5,1,0.951219512
0,0.397260274,0.009807085,0.533333333,0,0,0.397959184,0.5,0.733333333,0.333333333,0.214285714,0,0,1,0.951219512
0,0.150684932,0.054620919,0.133333333,0,0,0.397959184,0.5,0.266666667,0.666666667,0.5,0.8,0.75,0,0
0,0.465753425,0.011332677,0.533333333,0,0,0.397959184,0.5,0.733333333,0,0.071428571,0.8,1,0,0.951219512
1,0.397260274,0.111642193,0.666666667,0,0,0.346938776,0,0.533333333,0.333333333,0,1,0.5,0,0.951219512
1,0.232876712,0.077509531,0.866666667,0,0,0.397959184,0.5,0.8,0.333333333,0.285714286,0,0.25,1,0.87804878
0,0.054794521,0.342493649,0.6,0,0,0.397959184,0.5,1,0.666666667,0.071428571,0.6,1,0,0.951219512
0,0.643835616,0.164068425,0.6,0,0,0.397959184,0.5,1,0.333333333,0.285714286,0,1,1,0.951219512
1,0.671232877,0.134319725,0.6,0,0,0.397959184,0.5,1,0.333333333,0.928571429,0,1,1,0.951219512
0,0.301369863,0.034324799,0.6,0,0,0.193877551,0.5,1,0,0.571428571,0.2,1,0,0.951219512
0,0.287671233,0.329135419,0.533333333,0,0,0.397959184,0.5,0.733333333,0.333333333,0.428571429,0,1,1,0.951219512
0,0.657534247,0.313568295,0.533333333,0,0,0.214285714,0.5,0.733333333,1,0.071428571,0.2,1,0,0.951219512
0,0.136986301,0.06504636,0.6,0,0,0.397959184,0.5,1,0.666666667,0.214285714,0.2,0.5,1,0.951219512
0,1,0.203951655,0.533333333,0,0,0.244897959,0.5,0.733333333,1,0.071428571,0.8,1,0,0.951219512
0,0.260273973,0.021261539,0.333333333,0,0,0.397959184,0.5,0,0.333333333,0.214285714,0,1,1,0.951219512
0,0.383561644,0.037384777,0.866666667,0,0,0.5,0.875,0.8,0,0.785714286,0.2,1,1,0.951219512
0,0.287671233,0.289089144,0.6,0,0,0.397959184,0.5,1,0.666666667,0.571428571,0.6,0.5,0,0.951219512
0,0.095890411,0.200255055,0.533333333,0,0,0.397959184,0.5,0.733333333,0.666666667,0.214285714,0.6,1,1,0.951219512
0,0.465753425,0.035422142,0.533333333,0,0,0.602040816,0.5,0.733333333,0.666666667,0.357142857,0.2,1,1,0
0,0.410958904,0.070040558,0.733333333,0,0,0.571428571,0.5,0.466666667,0.833333333,0.071428571,0.8,1,0,0.951219512
0,0.205479452,0.137176065,0.2,0,0,0.397959184,0.5,0.333333333,0.333333333,0.5,0,1,1,0.951219512
0,0.068493151,0.136897332,0.533333333,0,0,0.418367347,0.5,0.733333333,0.666666667,0.5,0.2,1,1,0.951219512
1,0.301369863,0.121453338,0.533333333,0.150241502,0,0.5,0.5,0.733333333,0.333333333,0.857142857,0,1,1,0.951219512
0,0.452054795,0.221404965,0.6,0,0,0.5,0,1,0.333333333,0,0,0.25,1,0
0,0.465753425,0.127385894,0.8,0,0,0.397959184,0.5,0.6,0,0.071428571,0.2,1,0,0.951219512
1,0.246575342,0.121434394,0.6,0,0,0.397959184,0.25,1,0.333333333,0.214285714,0,1,1,0.951219512
0,0.109589041,0.129411446,0.533333333,0,0,0.397959184,0.5,0.733333333,0.833333333,0.571428571,0.8,0.5,1,0.951219512
0,0.260273973,0.054758933,0.8,0,0,0.346938776,0.5,0.6,0.666666667,0.214285714,0.2,1,1,0.951219512
0,0.04109589,0.091329159,0.533333333,0,0,0.397959184,0.875,0.733333333,0.666666667,0.571428571,0.4,0.75,1,0.951219512
1,0.369863014,0.12173613,0.8,0,0,0.397959184,0.5,0.6,0.333333333,0.285714286,0,1,1,0.951219512
0,0.136986301,0.136937924,0.8,0,0,0.5,0.5,0.6,0.666666667,0.714285714,0.2,1,1,0.951219512
0,0.328767123,0.100538862,0.733333333,0,0,0.448979592,0.5,0.466666667,0.666666667,0.071428571,0.2,1,0,0.951219512
0,0.191780822,0.069246304,0.666666667,0,0,0.5,0.75,0.533333333,0.333333333,0.214285714,0,1,1,0.951219512
1,0.342465753,0.210744766,0.8,0,0.453856749,0.704081633,0.75,0.6,0.333333333,0.285714286,0,1,1,0.951219512
1,0.219178082,0.111430437,0.866666667,0,0,0.397959184,0.5,0.8,0.333333333,0.714285714,0,1,1,0.951219512
0,0.397260274,0.186942829,0.533333333,0,0,0.397959184,0.5,0.733333333,0.666666667,0.214285714,0.6,1,1,0.951219512
0,0.520547945,0.098535635,0.533333333,0,0,0.397959184,0.5,0.733333333,0,0.428571429,0.2,1,1,0.951219512
0,0.534246575,0.015856682,0.533333333,0,0,0.397959184,0,0.733333333,0,0,0.6,1,1,0.951219512
1,0.205479452,0.101674768,0.866666667,0,0.453856749,0.479591837,0.5,0.8,0.333333333,0.285714286,0,1,1,0.951219512
0,0.452054795,0.07079828,0.533333333,0,0,0.326530612,0.5,0.733333333,0,0.857142857,0.2,1,0,0.951219512
0,0.123287671,0.187681608,0.6,0,0,0.244897959,0.5,1,0.333333333,0.571428571,0,1,1,0.951219512
1,0.465753425,0.138822081,0.6,0.086140861,0,0.397959184,0.5,1,0.833333333,0.071428571,0.2,0.5,1,0.951219512
0,0.452054795,0.175138606,0.6,0,0,0.397959184,0.5,1,0,0.857142857,0.2,1,0,0.951219512
1,0.369863014,0.103868779,0.533333333,0,0,0.602040816,0.5,0.733333333,0.333333333,0.285714286,0,1,1,0.951219512
1,0.547945205,0.020304915,0.866666667,0.150241502,0,0.397959184,0.125,0.8,0.333333333,0.285714286,0,0.5,1,0.951219512
0,0.712328767,0.175241439,0.533333333,0,0,0.397959184,0.5,0.733333333,1,0.071428571,0.2,1,0,0.951219512
1,0.219178082,0.009936981,0.666666667,0,0,0.397959184,0.5,0.533333333,0.333333333,0.928571429,1,1,0,0.951219512
0,0.301369863,0.102229529,0.533333333,0,0,0.255102041,0.5,0.733333333,0.333333333,0.857142857,0,0.25,1,0
1,0.410958904,0.011862406,0.866666667,0,0.453856749,0.5,0.25,0.8,0.333333333,0.285714286,0,0.5,1,0.951219512
1,0.383561644,0.13774774,0.866666667,0,0.648301194,0.5,0.5,0.8,0.666666667,0.285714286,0.2,1,0,0.951219512
0,0.219178082,0.118185662,0.533333333,0,0,0.397959184,0.5,0.733333333,0.333333333,1,0,1,1,0.097560976
1,0.232876712,0.206299239,0.6,0,0,0.193877551,0,1,0.333333333,0,1,1,0,0.951219512
1,0.424657534,0.090216932,0.533333333,0,0,0.602040816,0.5,0.733333333,0.333333333,0.5,0,1,1,0.951219512
0,0.589041096,0.04507633,0.6,0,0,0.5,0.75,1,0.333333333,0.285714286,0,1,1,0.951219512
1,0.369863014,0.089953082,0.866666667,0,0,0.43877551,0.25,0.8,0.333333333,0.714285714,0,1,1,0.951219512
0,0.273972603,0.102229529,0.533333333,0,0,0.397959184,0.5,0.733333333,0.666666667,1,0.4,0.25,1,0
1,0.191780822,0.049972431,0.8,0.051780518,0,0.397959184,0.125,0.6,0.333333333,0.071428571,1,0.25,0,0.951219512
0,0.178082192,0.161580797,0.2,0,0,0.37755102,0.5,0.333333333,0.666666667,0.214285714,0.2,1,1,0.951219512
0,0.328767123,0.107231169,0.466666667,0,0,0.397959184,0.75,0.133333333,0,0.214285714,0.8,1,1,0.951219512
0,0.01369863,0.071774524,0.6,0,0,0.153061224,0.5,1,0.666666667,0.571428571,0.6,1,0,0
1,0.328767123,0.137034669,0.866666667,0,0,0.602040816,0.125,0.8,0.333333333,0.285714286,0,1,1,0.951219512
1,0.561643836,0.120185507,0.6,0,0,0.653061224,0.625,1,0.333333333,0.285714286,0,1,1,0.951219512
0,0.260273973,0.076887116,0.8,0,0.518365473,0.397959184,0.125,0.6,0.666666667,0.714285714,0.6,1,1,0.951219512
1,0.671232877,0.252913339,0.4,0.106051061,0,0.397959184,0.5,0.066666667,0.333333333,0.571428571,0,1,1,0.951219512
0,0.123287671,0.241443325,0.6,0,0,0.653061224,0.5,1,0.666666667,0.357142857,0.4,1,0,0.951219512
0,0.479452055,0.11767623,0.533333333,0,0,0.397959184,0.5,0.733333333,0.333333333,1,0,1,1,0.951219512
0,0.561643836,0.114128468,0.6,0,0,0.418367347,0.5,1,0,0.571428571,0.8,1,0,0.243902439
0,0.04109589,0.115265727,0.6,0,0,0.193877551,0.5,1,0.666666667,0.857142857,0.6,0.5,1,0.951219512
0,0.424657534,0.058751856,0.666666667,0,0,0.397959184,0.5,0.533333333,0.333333333,0.071428571,0,1,1,0.951219512
1,0.342465753,0.092634876,0.8,0.07298073,0,0.448979592,0.5,0.6,0.333333333,0.714285714,0,1,1,0.951219512
1,0.164383562,0.065143105,0.866666667,0,0,0.397959184,0.5,0.8,0.666666667,0.714285714,0.2,1,0,0.951219512
0,0.191780822,0.055562659,0.533333333,0.033250333,0,0.397959184,0.5,0.733333333,0,0.214285714,0.4,1,1,0.951219512
0,0.397260274,0.118986682,0.533333333,0,0,0.397959184,0.5,0.733333333,0.833333333,0.5,0.6,0.5,0,0.951219512
1,0.452054795,0.129028526,0.533333333,1,0,0.602040816,0.75,0.733333333,0,0.285714286,0.2,1,0,0.951219512
0,0.205479452,0.062403805,0.533333333,0.024070241,0,0.397959184,0.5,0.733333333,0.333333333,0.214285714,0,1,1,0.951219512
0,0.287671233,0.018483677,0.8,0,0,0.397959184,0.5,0.6,0.333333333,0.285714286,1,1,0,0.951219512
0,0.054794521,0.062712306,0.6,0,0,0.479591837,0.5,1,0.666666667,0.714285714,0.6,1,1,0.951219512
0,0.246575342,0.137844484,0.533333333,0,0,0.397959184,0.875,0.733333333,0.333333333,0.785714286,0,1,1,0.951219512
0,0.095890411,0.12765042,0.533333333,0,0,0.357142857,0.5,0.733333333,0.333333333,0.214285714,1,1,0,0.951219512
0,0.273972603,0.02530385,0.8,0,0.454545455,0.397959184,0.5,0.6,0,0.214285714,0.2,1,1,0.951219512
0,0.561643836,0.156715817,0.8,0,0,0.479591837,0.125,0.6,0.666666667,0.714285714,0.2,1,1,0.951219512
1,0.534246575,0.130254412,0.6,0,0,0.397959184,0.5,1,0.333333333,0.285714286,0,1,1,0.951219512
1,0.424657534,0.016057614,0.8,0,0,0.5,0.625,0.6,0.333333333,0.285714286,0,1,1,0.951219512
1,0.575342466,0.086727352,0.866666667,0,0,0.397959184,0.25,0.8,0.333333333,0.714285714,0,1,1,0.951219512
0,0.383561644,0.120308636,0.733333333,0,0,0.397959184,0.5,0.466666667,0,0.285714286,0.8,1,1,0.951219512
0,0.246575342,0.083034811,0.8,0,0,0.397959184,0.75,0.6,0.333333333,0.857142857,0,1,1,0.268292683
0,0.328767123,0.145698406,0.533333333,0,0,0.5,0.5,0.733333333,0.333333333,1,0,1,1,0.951219512
1,0.095890411,0.111142232,0.733333333,0.03103031,0,0.397959184,0.5,0.466666667,0.333333333,0.714285714,1,1,0,0.951219512
0,0.219178082,0.333154051,0.4,0.034640346,0,0.397959184,0.5,0.066666667,0.333333333,1,0,1,1,0.634146341
1,0.438356164,0.121094773,0.6,0.150241502,0,0.5,0.625,1,0.333333333,0.285714286,0,1,1,0.951219512
1,0.150684932,0.401745466,1,0,0,0.602040816,0.5,0.666666667,0.666666667,0.714285714,0.2,1,0,0.268292683
0,0.082191781,0.112951969,0.6,0,0,0.295918367,0.5,1,0.666666667,0.571428571,0.6,1,0,0.951219512
0,0.452054795,0.056601821,0.8,0,0,0.5,0.75,0.6,0.333333333,0.214285714,0,1,1,0.951219512
0,0.150684932,0.088238736,0.6,0,0,0.397959184,0.5,1,0.333333333,0.214285714,0,1,1,0.951219512
0,0.794520548,0.076786312,0.6,0,0,0.071428571,0,1,0.333333333,0,0,1,1,0.951219512
0,0.315068493,0.067628026,0.8,0,0,0.5,0.5,0.6,0.666666667,0.285714286,0.2,1,0,0.951219512
0,0.164383562,0.01634176,0.8,0,0,0.397959184,0.5,0.6,0.666666667,0.071428571,0.2,1,0,0.951219512
0,0.136986301,0.085527851,0.533333333,0,0,0.530612245,0.5,0.733333333,0.333333333,0.214285714,0,1,1,0.951219512
0,0.082191781,0.160934704,0.8,0.005940059,0,0.397959184,0.25,0.6,0.666666667,0.714285714,0.6,1,0,0.951219512
0,0.02739726,0.114670374,0.4,0,0,0.275510204,0.5,0.066666667,0.666666667,0.571428571,0.6,1,0,0.951219512
0,0.205479452,0.123032376,0.533333333,0,0,0.5,0.5,0.733333333,0,0.5,0.6,1,1,0.951219512
1,0.273972603,0.064282549,0.6,0,0,0.5,0.5,1,0.333333333,0.857142857,0,1,1,0.951219512
1,0.493150685,0.126806778,0.533333333,0,0,0.397959184,0.5,0.733333333,0.333333333,0.857142857,0,1,1,0.951219512
0,0.01369863,0.094688844,0.6,0,0,0.153061224,0.5,1,0.666666667,0.571428571,0.6,0.25,1,0.951219512
0,0.219178082,0.048622063,0.6,0,0,0.193877551,0.5,1,0.333333333,0.928571429,0,1,1,0.951219512
1,0.095890411,0.235125819,0.8,0,0,0.43877551,0.5,0.6,0.333333333,0.714285714,0,1,1,0.951219512
0,0.02739726,0.253087886,0.533333333,0,0,0.346938776,0.5,0.733333333,0.666666667,0.571428571,0.2,1,1,0.951219512
0,0.479452055,0.094774764,0.6,0,0,0.397959184,0.5,1,0.333333333,0.857142857,0,1,1,0.951219512
0,0.095890411,0.197763368,0.533333333,0,0,0.397959184,0.5,0.733333333,0.666666667,0.428571429,0.6,1,1,0.951219512
0,0.082191781,0.150071544,0.733333333,0,0,0.397959184,0.5,0.466666667,0.666666667,0.5,0.8,1,1,0.951219512
0,0.191780822,0.156386343,0.533333333,0,0,0.5,0.5,0.733333333,0.333333333,0.071428571,0,1,1,0.951219512
1,0.273972603,0.227773211,0.8,0,0,0.357142857,0.875,0.6,0.333333333,0.714285714,0,1,1,0.951219512
0,0.465753425,0.013589606,0.466666667,0,0,1,0.75,0.133333333,0.333333333,0.571428571,0,1,1,0.951219512
0,0.342465753,0.225435098,0.666666667,0,0,0.346938776,0.5,0.533333333,0,0.071428571,0.2,1,0,0.951219512
0,0.01369863,0.121460103,0.4,0,0,0.193877551,0,0.066666667,0.666666667,0,0.6,1,1,0.634146341
0,0.452054795,0.122236091,0.533333333,0,0,0.653061224,0.5,0.733333333,0,0.857142857,0.8,1,0,0.951219512
0,0.383561644,0.079223876,0.733333333,0,0,0.397959184,0.5,0.466666667,0,0.928571429,0.8,1,0,0
0,0.534246575,0.252583189,0.2,0,0,0.397959184,0.75,0.333333333,0,0.571428571,0.8,1,0,0.951219512
0,0.438356164,0.267374325,0.533333333,0,0,0.704081633,0,0.733333333,0.5,0,0.2,1,1,0.951219512
1,0.328767123,0.013419795,0.533333333,0,0,0.397959184,0.5,0.733333333,0.333333333,0.5,0,1,1,0.951219512
1,0.493150685,0.052261833,0.533333333,0,0,0.479591837,0.5,0.733333333,0.333333333,1,0,1,1,0.951219512
0,0.273972603,0.013477977,0.533333333,0,0,0.397959184,0.5,0.733333333,0.666666667,1,0.2,1,1,0.951219512
0,0.205479452,0.116114781,0.533333333,0,0,0.336734694,0.5,0.733333333,0.666666667,0.571428571,0.2,1,0,0.951219512
0,0.849315068,0.090628266,1,0,0,0.397959184,0.25,0.666666667,1,0.714285714,0.8,1,0,0.951219512
0,0.068493151,0.052004749,0.066666667,0,0,0.397959184,0.5,0.2,0.666666667,0.571428571,0.4,1,1,0.195121951
1,0.506849315,0.062731925,0.8,0,0,0.397959184,0.75,0.6,0.333333333,0.285714286,0,1,1,0.951219512
0,0.232876712,0.028796812,0.8,0,0.365013774,0.5,0.5,0.6,0.666666667,0.285714286,0.2,1,1,0.951219512
1,0.397260274,0.103893811,0.6,0,0,0.397959184,0.875,1,0.333333333,0.285714286,0,1,1,0.951219512
0,0.095890411,0.180030647,0.733333333,0,0,0.295918367,0.5,0.466666667,0.666666667,0.857142857,0.6,1,1,0.951219512
1,0.465753425,0.122747553,0.8,0,0,0.448979592,0.5,0.6,0.333333333,0.285714286,0,1,1,0.951219512
0,0.301369863,0.242545404,0.533333333,0,0,0.397959184,0.5,0.733333333,0.666666667,0.071428571,0.8,0.5,0,0.951219512
0,0.643835616,0.092522571,0.866666667,0,0.472222222,0.602040816,0.5,0.8,0.333333333,0.714285714,0,0.25,1,0.073170732
1,0.520547945,0.263300217,0.866666667,0,0,0.397959184,0.5,0.8,1,0.285714286,0.2,1,0,0.951219512
1,0.438356164,0.074346042,0.6,0,0,0.397959184,0.875,1,0.333333333,0.5,0,1,1,0.951219512
0,0.123287671,0.106242072,0.866666667,0,0,0.397959184,0.875,0.8,0.666666667,0.714285714,0.2,1,0,0.951219512
0,0.219178082,0.107980096,0.733333333,0,0,0.418367347,0.5,0.466666667,0.666666667,0.5,0.2,1,0,0.951219512
1,0.136986301,0.04558238,0.533333333,0.043860439,0,0.397959184,0.5,0.733333333,0.333333333,0.857142857,0,1,1,0.951219512
0,0.205479452,0.140571606,0.6,0,0,0.397959184,0.5,1,0.666666667,0.857142857,0.2,1,0,0.951219512
0,0.164383562,0.073903587,0.4,0,0,0.602040816,0.5,0.066666667,0.333333333,1,0,1,1,0.951219512
1,0.410958904,0.060029835,0.8,0.076880769,0,0.397959184,0.25,0.6,0.333333333,0.071428571,1,1,0,0.951219512
0,0.082191781,0.020273118,0.8,0,0,0.448979592,0.5,0.6,0.666666667,0.285714286,0.2,1,0,0.951219512
0,0.02739726,0.110425779,0.533333333,0,0,0.295918367,0.5,0.733333333,0.666666667,0.571428571,0.2,1,0,0.951219512
0,0.301369863,0.127743782,0.8,0,0,0.295918367,0,0.6,0.333333333,0,1,1,0,0.951219512
0,0.369863014,0.028405097,0.533333333,0,0,0.397959184,0.5,0.733333333,0.333333333,0.285714286,0,1,1,0.951219512
0,0.136986301,0.130676571,0.333333333,0,0,0.397959184,0.5,0,0.333333333,0.5,0,1,1,0.951219512
0,0.205479452,0.102372955,0.866666667,0,0,0.193877551,0.5,0.8,0.666666667,0.714285714,0.2,1,0,0.951219512
0,0.123287671,0.046139847,0.8,0,0,0.37755102,0.25,0.6,0.666666667,0.714285714,0.2,1,0,0.951219512
0,0.205479452,0.140993766,0.4,0,0,0.326530612,0.5,0.066666667,0,0.571428571,0.2,1,1,0.951219512
0,0.260273973,0.093420336,0.533333333,0,0,0.397959184,0.75,0.733333333,0.666666667,0.214285714,0.2,1,1,0.951219512
1,0.767123288,0.194923264,0.6,0,0,0.051020408,0.75,1,0.333333333,0.857142857,0,1,1,0.951219512
0,0.684931507,0.145339165,0.866666667,0,0.564049587,0.397959184,0.5,0.8,0.333333333,0.714285714,0,1,1,0.951219512
0,0.150684932,0.141417955,0.6,0,0,0.397959184,0.5,1,0.333333333,0.428571429,0,1,1,0.634146341
0,0.575342466,0.121671859,0.533333333,0,0,0.153061224,0,0.733333333,0.333333333,0,0,1,1,0.951219512
1,0.246575342,0.086248364,0.666666667,0,0,0.193877551,0,0.533333333,0.333333333,0,1,1,0,0.951219512
0,0.04109589,0.01839708,0.6,0,0,0.704081633,0.5,1,0.666666667,0.5,0.2,1,1,0.951219512
1,0.205479452,0.133693928,0.8,0,0,0.653061224,0.25,0.6,0.333333333,0.714285714,0,1,1,0.951219512
0,0.232876712,0.025156365,0.533333333,0,0,0.5,0.5,0.733333333,0.666666667,0.285714286,0.2,1,1,0.951219512
0,0.342465753,0.37917618,0,0,0,0.397959184,0.5,0.866666667,0.333333333,0.214285714,0,1,1,0.658536585
0,0.232876712,0.069246304,0.6,0,0,0.193877551,0.5,1,0.666666667,0.428571429,0.4,1,1,0.951219512
1,0.356164384,0.126295992,0.6,0,0,0.37755102,0.5,1,0.333333333,0.857142857,0,1,1,0.951219512
1,0.301369863,0.092727562,0.866666667,0,0,0.397959184,0.125,0.8,0.666666667,0.714285714,0.2,1,1,0.756097561
0,0.561643836,0.127938625,0.733333333,0,0.43067034,0.397959184,0.5,0.466666667,0,0.071428571,0.2,1,1,0.951219512
1,0.465753425,0.129920202,0.666666667,0,0,0.397959184,0.5,0.533333333,0.333333333,0.428571429,0,1,1,0.951219512
0,0.712328767,0.116143196,0.533333333,0,0,0.071428571,0,0.733333333,0.333333333,0,0,1,1,0.951219512
0,0.095890411,0.150431462,0.666666667,0,0,0.346938776,0.5,0.533333333,0.666666667,0.571428571,0.6,1,0,0.951219512
0,0.301369863,0.118903468,0.6,0,0,0.397959184,0.5,1,0,0.428571429,0.2,1,1,0.951219512
0,0.465753425,0.104305822,0.4,0.054550546,0,0.397959184,0.5,0.066666667,0,0.5,0.8,0.5,0,0.951219512
0,0.301369863,0.025580554,0.6,0,0,0.806122449,0.75,1,0.333333333,0.357142857,0,1,1,0.951219512
1,0.260273973,0.116098544,0.6,0.07298073,0,0.43877551,0.5,1,0.333333333,0.214285714,0,1,1,0.951219512
0,0.191780822,0.176602632,0.6,0,0.395087236,0.153061224,0.5,1,0.666666667,0.571428571,0.6,1,1,0.951219512
0,0.02739726,0.138523728,0.6,0,0,0.275510204,0.5,1,0.666666667,0.071428571,0.6,1,1,0.951219512
0,0.136986301,0.159136468,0.533333333,0,0,0.397959184,0.5,0.733333333,0.333333333,0.214285714,0,1,1,0.951219512
0,0.178082192,0.203219641,0.533333333,0,0,0.397959184,0.5,0.733333333,0.333333333,1,0,1,1,0.951219512
0,0.246575342,0.082593032,0.733333333,0,0,0.397959184,0.5,0.466666667,0,0.071428571,0.8,1,0,0.951219512
0,0.602739726,0.147661041,0.533333333,0,0,0.346938776,0.125,0.733333333,0.666666667,0.071428571,0.8,1,0,0.804878049
0,0.287671233,0.014007029,0.533333333,0,0,0.397959184,0.5,0.733333333,0.666666667,0.285714286,0.2,1,0,0.951219512
0,0.04109589,0.071832706,0.533333333,0,0,0.428571429,0.5,0.733333333,0.666666667,0.428571429,0.6,1,1,0.951219512
0,0.082191781,0.200399157,0.333333333,0,0,0.173469388,0.5,0,0.666666667,0.214285714,0.6,1,1,0.951219512
1,0.232876712,0.078049408,0.866666667,0,0,0.551020408,0.5,0.8,0.333333333,0.285714286,0,1,1,0.951219512
0,0.068493151,0.135191781,0.8,0,0,0.142857143,0.5,0.6,0.666666667,0.428571429,0.6,1,0,0.951219512
1,0.136986301,0.129550813,0.8,0.076880769,0,0.448979592,0.5,0.6,0.333333333,0.857142857,0,1,1,0.951219512
0,0.520547945,0.045583057,0.533333333,0,0,0.602040816,0.625,0.733333333,0.333333333,1,0,1,1,0.951219512
0,0.657534247,0.127513083,0.533333333,0,0,0.397959184,0.125,0.733333333,1,0.071428571,0.2,1,0,0.951219512
0,0.191780822,0.075863515,0.4,0,0,0.397959184,0.5,0.066666667,0.333333333,0.214285714,0,1,1,0.951219512
0,0.301369863,0.221773001,0.6,0,0,0.755102041,0.5,1,0.833333333,0.571428571,0.8,1,0,0.951219512
0,0.287671233,0.111069166,0.533333333,0,0,0.346938776,0.5,0.733333333,0,0.571428571,0.8,1,0,0.951219512
1,0.438356164,0.066417024,0.6,0,0,0.5,0.75,1,0.333333333,0.214285714,0,1,1,0.951219512
0,0.02739726,0.252765177,0.6,0,0,0.214285714,0,1,0.666666667,0,0.6,1,1,0.951219512
0,0.191780822,0.187089638,0.533333333,0.050130501,0,0.397959184,0.5,0.733333333,0.333333333,0.428571429,0,1,1,0.951219512
1,0.452054795,0.175207612,0.533333333,0,0,0.397959184,0.5,0.733333333,0.333333333,1,0,1,1,0.951219512
1,0.493150685,0.061255721,0.533333333,0,0,0.346938776,0.5,0.733333333,0.333333333,0.285714286,0,1,1,0.951219512
0,0.465753425,0.073491575,0.333333333,0,0,0.397959184,0.5,0,0.666666667,0.357142857,0.6,1,1,0.951219512
0,0.219178082,0.101498868,0.533333333,0,0,0.448979592,0.5,0.733333333,0,0.857142857,0.2,0.25,1,0.585365854
0,0.410958904,0.164837648,0.6,0,0,0.806122449,0.75,1,0.333333333,0.285714286,0,1,1,0.951219512
1,0.589041096,0.125758145,0.8,0,0,0.448979592,0.5,0.6,0.333333333,0.285714286,0,1,1,0.951219512
0,0.342465753,0.095295698,0.6,0,0,0.397959184,0.125,1,0,0.071428571,0.4,1,0,0.804878049
0,0.315068493,0.189107749,0.533333333,0,0,0.397959184,0.5,0.733333333,0,0.785714286,0.2,0.5,0,0.951219512
0,0.232876712,0.158413926,0.533333333,0,0,0.448979592,0.75,0.733333333,0.333333333,0.357142857,0,1,1,0.951219512
0,0.178082192,0.086411409,0.666666667,0,0,0.530612245,0.5,0.533333333,0.333333333,0.428571429,0,1,1,0.951219512
0,0.410958904,0.055514625,0.533333333,0,0,0.153061224,0.5,0.733333333,0.333333333,0.214285714,0,1,1,0.951219512
0,0.260273973,0.234566323,0.666666667,0,0,0.397959184,0.5,0.533333333,0,0.214285714,0.2,1,1,0.951219512
1,0.328767123,0.034713808,0.6,0,0,0.316326531,0.5,1,0.333333333,0.714285714,1,1,0,0.951219512
0,0.02739726,0.123001255,0.6,0,0,0.397959184,0,1,0.666666667,0,0.6,1,1,0.951219512
1,0.493150685,0.05229769,0.6,0.07298073,0,0.448979592,0.5,1,0.333333333,1,0,1,1,0.951219512
1,0.479452055,0.10263951,0.533333333,1,0,0.448979592,0.5,0.733333333,0.333333333,0.857142857,0,1,1,0.951219512
0,0.095890411,0.12042906,0.8,0,0,0.397959184,0.5,0.6,0.666666667,0.285714286,0.2,1,0,0.951219512
0,0.123287671,0.193449089,0.533333333,0,0,0.448979592,0.5,0.733333333,0.333333333,0.071428571,0,1,1,0.951219512
0,0.04109589,0.102939217,0.533333333,0,0,0.397959184,0.5,0.733333333,0.666666667,0.571428571,0.6,0.5,1,0.951219512
0,0.547945205,0.075794509,0.533333333,0,0,0.448979592,0.5,0.733333333,0.333333333,0.071428571,1,1,0,0.951219512
0,0.246575342,0.155409423,0.8,0,0,0.448979592,0.75,0.6,0.333333333,0.214285714,0,1,1,0.951219512
0,0.424657534,0.030234454,0.533333333,0,0,0.846938776,0.625,0.733333333,0,0.857142857,0.8,0.25,0,0
1,0.438356164,0.021910339,0.733333333,0,0,0.397959184,0.625,0.466666667,0.333333333,0.214285714,0,1,1,0.951219512
0,0.383561644,0.222467129,0.6,0,0,0.5,0.75,1,0,0.714285714,0.2,1,0,0.951219512
1,0.438356164,0.080873951,0.933333333,1,0,0.5,0.625,0.933333333,1,0.714285714,0.8,1,1,0.951219512
0,0.698630137,0.124819111,0.2,0,0,0.295918367,0,0.333333333,0.333333333,0,0,1,1,0.951219512
0,0.260273973,0.306499156,0.533333333,0,0,0.397959184,0.5,0.733333333,0.333333333,0.357142857,0,1,1,0.951219512
1,0.109589041,0.115325939,0.8,0,0,0.448979592,0.625,0.6,0.666666667,0.857142857,0.2,1,1,0.951219512
0,0.136986301,0.062669007,0.666666667,0,0,0.397959184,0.5,0.533333333,0.333333333,0.214285714,0,1,1,0.951219512
1,0.205479452,0.011467308,0.6,0,0,0.397959184,0.25,1,0.333333333,0.785714286,1,1,0,0.243902439
0,0.205479452,0.098099268,0.8,0,0,0.397959184,0.5,0.6,0.333333333,0.857142857,0,1,1,0.951219512
0,0.561643836,0.091618041,0.4,0,0,0.397959184,0.5,0.066666667,0.333333333,0.857142857,0,1,1,0.951219512
0,0.328767123,0.089735914,0.6,0,0,0.397959184,0.5,1,0,0.214285714,0.2,1,1,0.951219512
0,0.04109589,0.20685197,0.533333333,0,0,0.397959184,0.5,0.733333333,0.666666667,0.571428571,0.2,1,1,0.951219512
0,0.616438356,0.083346018,0.533333333,0,0,0.153061224,0.5,0.733333333,0.333333333,0.857142857,0,1,1,0.951219512
0,0.328767123,0.125856919,0.6,0,0,0.5,0.5,1,0.666666667,0.214285714,0.2,1,1,0.585365854
1,0.191780822,0.12935597,0.8,0.07298073,0,0.5,0.5,0.6,0.333333333,0.071428571,0,1,1,0.951219512
0,0.191780822,0.085332332,0.133333333,0,0,0.56122449,0.5,0.266666667,0.333333333,0.428571429,0,1,1,0.634146341
1,0.273972603,0.041559689,0.6,0,0,0.397959184,0.5,1,0.333333333,0.214285714,0,1,1,0.951219512
0,0.068493151,0.017566969,0.733333333,0,0,0.346938776,0.5,0.466666667,0.666666667,0.571428571,0.8,1,0,0.951219512
1,0.246575342,0.155409423,0.533333333,0.047870479,0,0.397959184,0.5,0.733333333,0.666666667,0.857142857,0.2,1,1,0.951219512
0,0.630136986,0.063840094,0.533333333,0,0,0.244897959,0,0.733333333,0.333333333,0,0,1,1,0.951219512
0,0.493150685,0.086646844,0,0,0,0.346938776,0.25,0.866666667,0.666666667,0.5,0.2,1,0,0.951219512
0,0.109589041,0.080975432,0.8,0,0,0.551020408,0.5,0.6,0.666666667,0.285714286,0.6,1,1,0.951219512
0,0.506849315,0.125768969,0.533333333,0,0,0.37755102,0.875,0.733333333,0.666666667,0.571428571,0.2,0.5,0,0.951219512
0,0.205479452,0.150748758,0.8,0,0,0.397959184,0.25,0.6,0.333333333,0.071428571,1,1,0,0.951219512
0,0.082191781,0.028541081,0.6,0,0,0.5,0.5,1,0.5,0.571428571,0.2,1,0,0.951219512
0,0.095890411,0.172304591,0.8,0,0,0.397959184,0.5,0.6,0.666666667,0.857142857,0.2,1,0,0.951219512
0,0.02739726,0.198596862,0.533333333,0,0,0.397959184,0.5,0.733333333,0.666666667,0.571428571,0.2,1,0,0.951219512
1,0.561643836,0.085923626,0.8,0,0,0.397959184,0.125,0.6,0.333333333,0.071428571,0,1,1,0.951219512
0,0.232876712,0.126151213,0.866666667,0,0,0.397959184,0.5,0.8,0.666666667,0.571428571,0.2,0,1,0.951219512
1,0.383561644,0.009631862,0.6,0,0.436639118,0.346938776,0.5,1,0.333333333,0.071428571,1,1,0,0.951219512
0,0.315068493,0.116751403,0.533333333,0,0,0.397959184,0.5,0.733333333,0.833333333,0.5,0.8,1,1,0.951219512
1,0.246575342,0.111739614,0.8,0,0.433195592,0.520408163,0.5,0.6,0.333333333,0.857142857,0,1,1,0.951219512
0,0.191780822,0.070142039,0.4,0,0,0.397959184,0.5,0.066666667,0.333333333,0.5,0,1,1,0.951219512
0,0.424657534,0.179971112,0.533333333,0,0,0.551020408,0.5,0.733333333,0.333333333,0.214285714,0,1,1,0.951219512
1,0.520547945,0.062538436,1,0,0,0.397959184,0.5,0.666666667,0.333333333,0.714285714,0,1,1,0.951219512
0,0.082191781,0.132012732,0.733333333,0,0,0.244897959,0.5,0.466666667,0.333333333,0.857142857,1,1,0,0.951219512
0,0.547945205,0.025683387,0.6,0,0,0.397959184,0,1,0.333333333,0,0,1,1,0.951219512
0,0.082191781,0.022697151,0.8,0,0,0.5,0.5,0.6,0.666666667,0.285714286,0.2,1,0,0.951219512
0,0.452054795,0.088672397,0.533333333,0,0,0.112244898,0.5,0.733333333,0,0.642857143,0.8,0.5,0,0.951219512
0,0.109589041,0.151515275,0.933333333,0,0,0.295918367,0.5,0.933333333,0.666666667,0.714285714,0.2,1,0,0.951219512
0,0.575342466,0.063311041,0.8,0,0,0.295918367,0.25,0.6,0.333333333,0.785714286,0,0.5,1,0.951219512
0,0.287671233,0.055091789,0.666666667,0,0,0.448979592,0.5,0.533333333,0,0.285714286,0.2,1,0,0.951219512
0,0.452054795,0.109155918,0.533333333,0,0,0.602040816,0.5,0.733333333,0,0.857142857,0.2,1,1,0.951219512
0,0.150684932,0.079384216,0.8,0,0,0.448979592,0.5,0.6,0.333333333,0.857142857,0,1,1,0.024390244
0,0.136986301,0.123993735,0.533333333,0,0,0.193877551,0.5,0.733333333,0.666666667,0.214285714,0.6,0.5,1,0.951219512
0,0.109589041,0.042984477,0.6,0,0,0.397959184,0.5,1,0.666666667,0.714285714,0.6,1,0,0.951219512
0,0.205479452,0.054289416,0.533333333,0,0,0.397959184,0.75,0.733333333,0,0.214285714,0.8,1,1,0.951219512
0,0.04109589,0.129810603,0.6,0,0,0.112244898,0.5,1,0.666666667,0.857142857,0.6,1,0,0.951219512
1,0.246575342,0.01224262,0.8,0,0,0.448979592,0.5,0.6,0.333333333,0.857142857,0,1,1,0.951219512
0,0.260273973,0.053183954,0.733333333,0,0,0.397959184,0.5,0.466666667,0.666666667,0.928571429,0.2,1,0,0.951219512
1,0.397260274,0.120014343,0.866666667,0,0,0.397959184,0.5,0.8,0.333333333,0.857142857,0,1,1,0.951219512
0,0.123287671,0.119109812,0.533333333,0,0,0.397959184,0,0.733333333,0.666666667,0,0.8,0.5,0,0.951219512
0,0.082191781,0.12042703,0.533333333,0,0,0.397959184,0.125,0.733333333,0.666666667,0.142857143,0.6,1,1,0.951219512
0,0.232876712,0.212008538,0.533333333,0,0,0.397959184,0.5,0.733333333,0.333333333,1,0,1,1,0.951219512
0,0.520547945,0.072191947,0.6,0,0,0.091836735,0.5,1,0.833333333,0.285714286,0.8,1,0,0.951219512
0,0.506849315,0.184469409,0.333333333,0,0,0.428571429,0.5,0,0.833333333,0.857142857,0.8,1,0,0.536585366
0,0.01369863,0.101902085,0.4,0,0,0.346938776,0.375,0.066666667,0.666666667,0,0.6,1,1,0.951219512
0,0.150684932,0.013534806,0.8,0.021740217,0,0.397959184,0.5,0.6,0.666666667,0.714285714,0.2,1,0,0.951219512
0,0.808219178,0.163128715,0.6,0,0,0.397959184,0.75,1,1,1,0.2,1,1,0.951219512
0,0.219178082,0.223755256,0.6,0,0,0.653061224,0.75,1,0.666666667,0.857142857,0.2,1,1,0.951219512
1,0.520547945,0.174508073,0.733333333,0.076880769,0,0.397959184,0,0.466666667,0.333333333,0,0,0.5,1,0.951219512
0,0.095890411,0.405072677,0.333333333,0,0,0.397959184,0.5,0,0.333333333,0.428571429,0,1,1,0.951219512
0,0.369863014,0.050738271,0.8,0,0,0.37755102,0.875,0.6,0.666666667,0.714285714,0.2,0.25,0,0.951219512
0,0.164383562,0.057440727,0.666666667,0,0,0.397959184,0.5,0.533333333,0.666666667,0.071428571,0.6,1,0,0.951219512
0,0.383561644,0.132378063,0.133333333,0,0,0.397959184,0.5,0.266666667,0.5,0.571428571,0.2,1,1,0.170731707
0,0.246575342,0.150181819,0.6,0,0,0.397959184,0.5,1,0,0.071428571,0.2,1,0,0.951219512
0,0.369863014,0.065051095,0.333333333,0,0,0.397959184,0.5,0,0.833333333,0.5,0.8,0.5,0,0.951219512
1,0.273972603,0.107478106,0.8,1,0,0.602040816,0.5,0.6,0.333333333,0.857142857,0,1,1,0.951219512
0,0.328767123,0.120846484,0.533333333,0,0,0.397959184,0.875,0.733333333,0.333333333,0.357142857,0.4,1,1,0.951219512
1,0.383561644,0.107289352,0.533333333,0.150241502,0,0.551020408,0.625,0.733333333,0.333333333,0.285714286,0,1,1,0.951219512
0,0.616438356,0.117938049,0.533333333,0,0,0.397959184,0,0.733333333,0.666666667,0,0.2,1,1,0.951219512
0,0.095890411,0.155504139,0.8,0,0,0.193877551,0.625,0.6,0.666666667,0.857142857,0.6,1,0,0.951219512
1,0.506849315,0.135764132,0.8,0,0,0.346938776,0.5,0.6,0.333333333,0.857142857,0,1,1,0.951219512
0,0.342465753,0.163373621,0.6,0,0,0.397959184,0.5,1,0,0.071428571,0.8,1,0,0.951219512
0,0.191780822,0.267856696,0.533333333,0,0,0.397959184,0.5,0.733333333,0.666666667,0.214285714,0.4,0.5,1,0.951219512
0,0.315068493,0.07142543,0.533333333,0,0,0.397959184,0.5,0.733333333,0,0.571428571,0.2,0.5,1,0.951219512
0,0.136986301,0.031029385,0.533333333,0,0,0.397959184,0.5,0.733333333,0.833333333,0.214285714,0.6,1,1,0.951219512
0,0.465753425,0.11772697,0,0,0,0.295918367,0.5,0.866666667,0.666666667,0.5,0.2,1,1,0.951219512
0,0.424657534,0.179792506,0.2,0,0,0.397959184,0.5,0.333333333,0.333333333,0.5,0,1,1,0.951219512
1,0.383561644,0.214005676,0.6,0,0,0.551020408,0.625,1,0.333333333,0.285714286,0,1,1,0.951219512
1,0.178082192,0.101586818,0.8,0.076880769,0,0.5,0.5,0.6,0.333333333,0.714285714,1,1,0,0.951219512
0,0.205479452,0.061759741,0.6,0,0,0.397959184,0.5,1,0.333333333,0.5,0,1,1,0.951219512
0,0.178082192,0.159867805,0.466666667,0,0,0.397959184,0.5,0.133333333,0,0.571428571,0.2,1,0,0.951219512
0,0.287671233,0.100924488,0.6,0,0,0.397959184,0.125,1,0.333333333,0.571428571,0,0.5,1,0.951219512
0,0.301369863,0.12293969,0.533333333,0,0,0.704081633,0.75,0.733333333,0.333333333,0.857142857,0,1,1,0.951219512
1,0.383561644,0.167190645,0.933333333,1,0,0.5,0.5,0.933333333,0.333333333,0.714285714,0,1,1,0.951219512
0,0.082191781,0.072302223,0.533333333,0,0,0.397959184,0.5,0.733333333,0.333333333,0.214285714,0,1,1,0.951219512
0,0.301369863,0.154837749,0.866666667,0,0,0.5,0.625,0.8,0.333333333,0.285714286,0,1,1,0.951219512
0,0.150684932,0.060596097,0.8,0,0,0.397959184,0.5,0.6,0.666666667,0.428571429,0.6,1,1,0.951219512
0,0.02739726,0.022651147,0.6,0,0,0.448979592,0.5,1,0.666666667,0.428571429,0.2,1,1,0.951219512
1,0.438356164,0.136030688,0.866666667,0,0,0.704081633,0.625,0.8,0.833333333,0.285714286,0.2,1,1,0.951219512
0,0.260273973,0.082593032,0.533333333,0,0,0.295918367,0.5,0.733333333,0,0.571428571,0.6,1,0,0.951219512
0,0.136986301,0.105169084,0.6,0,0,0.479591837,0.5,1,0.666666667,0.428571429,0.2,1,1,0.951219512
0,0.260273973,0.143873785,0.8,0,0,0.397959184,0.25,0.6,0.666666667,0.714285714,0.8,1,1,0.951219512
0,0.123287671,0.035185354,0.6,0,0,0.346938776,0.5,1,0.666666667,0.714285714,0.2,1,0,0.951219512
0,0.164383562,0.121027119,0.533333333,0,0,0.173469388,0.5,0.733333333,0.333333333,0.071428571,1,1,0,0.951219512
0,0.095890411,0.094650281,0.533333333,0,0,0.397959184,0.5,0.733333333,0.666666667,0.214285714,0.6,1,1,0.951219512
0,0.328767123,0.057740433,0.6,0,0,0.316326531,0.5,1,0,0.857142857,0.2,0.25,0,0.951219512
0,0.123287671,0.119953454,0.6,0,0,0.295918367,0.5,1,0.666666667,0.071428571,0.2,1,1,0.951219512
1,0.369863014,0.213986057,0.8,0,0,0.5,0.5,0.6,0.333333333,0.857142857,0,1,1,0.951219512
0,0.698630137,0.276190283,0.866666667,0,0,0.040816327,0.875,0.8,1,0.714285714,0.2,1,0,0.951219512
0,0.767123288,0.184285391,0.533333333,0,0,0.193877551,0.5,0.733333333,0,0.571428571,0.2,1,0,0.951219512
0,0.260273973,0.084586788,0.666666667,0,0,0.448979592,0.5,0.533333333,0.666666667,0.928571429,0.2,1,1,0.951219512
0,0.493150685,0.233926995,0.4,0,0,0.397959184,0.5,0.066666667,0,0.571428571,0.8,1,0,0.951219512
0,0.616438356,0.068295769,0.866666667,0,0,0.397959184,0,0.8,0.333333333,0,1,1,0,0.951219512
0,0.219178082,0.111659783,0.666666667,0,0,0.397959184,0.5,0.533333333,0.333333333,0.214285714,0,0.5,1,0.951219512
1,0.191780822,0.040825646,0.8,0.140841408,0,0.5,0.5,0.6,0.666666667,0.285714286,0.2,1,1,0.951219512
0,0.465753425,0.358206229,0.533333333,0,0,0.397959184,0.5,0.733333333,0.333333333,0.214285714,0,1,1,0.951219512
0,0.452054795,0.22375052,0.6,0,0,0.397959184,0.125,1,0.333333333,0.285714286,0,0.5,1,0.951219512
0,0.219178082,0.130079189,0.533333333,0,0,0.397959184,0.5,0.733333333,0.333333333,0.214285714,0,1,1,0.951219512
1,0.383561644,0.093078008,0.8,0,0,0.602040816,0.625,0.6,0.333333333,0.5,0,1,1,0.951219512
0,0.575342466,0.01398335,0.666666667,0,0,0.357142857,0.5,0.533333333,0,0.714285714,0.2,1,0,0.951219512
1,0.602739726,0.116177699,0.8,0,0.561065197,0.5,0.75,0.6,0.666666667,0.285714286,0.2,1,0,0.951219512
0,0.726027397,0.01246723,0.533333333,0,0,0.295918367,0.5,0.733333333,0.333333333,0.357142857,0,1,1,0.951219512
0,0.123287671,0.018083167,0.466666667,0,0,0.397959184,0.5,0.133333333,0.333333333,0.642857143,1,0.75,0,0.146341463
0,0.479452055,0.131091965,0.6,0,0,0.397959184,0.625,1,0.333333333,0.214285714,0,1,1,0.951219512
1,0.356164384,0.039904879,0.8,0,0,0.397959184,0.75,0.6,0.333333333,0.857142857,0,1,1,0.951219512
1,0.410958904,0.092966379,0.8,0.150241502,0,0.397959184,0.5,0.6,0.333333333,0.928571429,0,1,1,0.951219512
1,0.205479452,0.106422031,0.666666667,0,0,0.397959184,0.5,0.533333333,0.333333333,0.428571429,0,1,1,0.951219512
0,0.356164384,0.102484583,0.333333333,0,0,0.397959184,0.5,0,0.833333333,0.571428571,0.8,1,0,0.951219512
0,0.410958904,0.088243472,0.533333333,0,0,0.397959184,0.5,0.733333333,0.333333333,0.5,0,1,1,0.951219512
1,0.657534247,0.095991178,0.933333333,0.200512005,0,0.602040816,0.5,0.933333333,0.333333333,0.714285714,0,1,1,0.951219512
0,0.150684932,0.229647896,0.533333333,0,0,0.5,0.5,0.733333333,0,0.214285714,0.8,1,1,0.951219512
0,0.068493151,0.116698633,0.533333333,0,0,0.397959184,0.5,0.733333333,0.666666667,0.714285714,0.2,1,0,0.951219512
0,0.712328767,0.242608322,0.733333333,0.029640296,0,0.051020408,0.5,0.466666667,0,0.071428571,0.2,1,0,0.268292683
0,0.219178082,0.115354353,0.533333333,0,0,0.397959184,0.5,0.733333333,0,0.571428571,0.8,1,0,0.951219512
1,0.342465753,0.0609276,0.933333333,0,0,0.724489796,0.875,0.933333333,0.333333333,0.714285714,0,0.25,1,0.463414634
0,0.561643836,0.01398335,0.6,0,0,0.397959184,0.5,1,0,0.071428571,0.2,1,0,0.951219512
1,0.383561644,0.207017045,0.533333333,0,0,0.397959184,0.25,0.733333333,1,0.785714286,0.2,1,1,0.951219512
1,0.506849315,0.065714102,0.8,0,0.453856749,0.346938776,0.75,0.6,0.333333333,0.285714286,1,1,0,0.951219512
0,0.01369863,0.116794025,0.533333333,0,0,0.244897959,0.625,0.733333333,0.666666667,0.357142857,0.6,1,1,0.951219512
1,0.232876712,0.112416152,0.6,0.03103031,0,0.448979592,0.5,1,0.333333333,0.285714286,0,1,1,0.951219512
0,0.410958904,0.178471905,0.666666667,0,0,0.255102041,0.5,0.533333333,0.333333333,0.571428571,0,1,1,0.951219512
0,0.315068493,0.044631169,0.533333333,0,0,0.244897959,0,0.733333333,0,0,0.2,1,1,0.951219512
0,0.424657534,0.072331314,0.8,0,0,0.43877551,0.5,0.6,0,0.857142857,0.8,1,0,0.951219512
0,0.164383562,0.145222801,0.6,0,0,0.551020408,0.5,1,0.333333333,0.285714286,0,1,1,0.951219512
1,0.424657534,0.325804826,0.533333333,0.07298073,0,0.37755102,0.25,0.733333333,0.333333333,0.285714286,0,0.5,1,0.951219512
0,0.780821918,0.072283956,0.533333333,0,0.493342516,0.193877551,0.75,0.733333333,0.333333333,0.857142857,0,1,1,0.951219512
0,0.671232877,0.011599909,0.533333333,0,0,0.5,0.5,0.733333333,0.333333333,0.857142857,0,1,1,0.951219512
1,0.246575342,0.063280597,0.533333333,0.051780518,0,0.397959184,0.5,0.733333333,0.333333333,0.285714286,0,1,1,0.951219512
0,0.150684932,0.091783116,0.666666667,0,0,0.806122449,0.75,0.533333333,0.333333333,0.357142857,0,1,1,0.951219512
0,0.205479452,0.302224117,0.533333333,0,0,0.908163265,0.5,0.733333333,0.333333333,0.785714286,0,1,1,0.951219512
0,0.273972603,0.212839326,0.533333333,0,0,0.397959184,0.5,0.733333333,0.333333333,1,0,1,1,0.951219512
0,0.164383562,0.015389195,0.6,0,0,0.602040816,0.5,1,0.333333333,0.428571429,0,1,1,0.951219512
0,0.657534247,0.071495114,0.533333333,0,0,0.448979592,0,0.733333333,0.333333333,0,0,1,1,0.951219512
1,0.575342466,0.162894633,0.933333333,0,0,0.551020408,0.625,0.933333333,0.333333333,0.714285714,0,1,1,0.951219512
1,0.342465753,0.007355314,0.8,0,0,0.5,0.5,0.6,0.333333333,0.714285714,0,1,1,0.951219512
1,0.232876712,0.015274184,0.8,0,0.359044995,0.602040816,0.5,0.6,0,0.857142857,0.2,0,1,0.951219512
0,0.287671233,0.238596456,0.533333333,0.034640346,0,0.397959184,0.875,0.733333333,0.333333333,0.071428571,0,1,1,0.951219512
1,0.465753425,0.096953891,0.6,0,0.433195592,0.397959184,0.875,1,0.333333333,0.857142857,0,1,1,0.951219512
1,0.410958904,0.117118763,0.533333333,0,0,0.397959184,0.875,0.733333333,0.333333333,0.285714286,0,1,1,0.951219512
0,0.04109589,0.068535263,0.533333333,0,0,0.234693878,0.875,0.733333333,0.666666667,0.928571429,0.6,1,0,0.951219512
0,0.260273973,0.260867389,0.533333333,0.050130501,0,0.295918367,0.5,0.733333333,0.333333333,0.214285714,0,1,1,0.951219512
0,0.369863014,0.060753054,0.6,0,0,0.397959184,0.5,1,0,0.071428571,0.4,1,0,0.951219512
0,0.095890411,0.057456287,0.733333333,0,0,0.397959184,0.5,0.466666667,0.333333333,0.071428571,1,1,0,0.951219512
0,0.342465753,0.0650971,0.533333333,0,0,0.602040816,0.5,0.733333333,0.333333333,1,0,0,1,0.951219512
0,0.465753425,0.117806125,0.8,0,0,0.397959184,0.25,0.6,0,0.071428571,0.2,1,0,0.951219512
0,0.109589041,0.08143886,0.666666667,0,0,0.602040816,0.5,0.533333333,0.666666667,0.071428571,0.6,1,0,0.951219512
0,0.753424658,0.144437341,1,0,0,0.295918367,0.5,0.666666667,0.666666667,0.714285714,0.2,1,1,0.951219512
0,0.109589041,0.046022806,0.666666667,0.048650487,0,0.397959184,0.5,0.533333333,0.666666667,0.071428571,0.2,1,0,0.951219512
0,0.01369863,0.106831336,0.4,0,0,0.244897959,0.5,0.066666667,0.666666667,0.857142857,0.6,1,1,0.951219512
0,0.01369863,0.045187282,0.466666667,0,0,0.214285714,0.5,0.133333333,0.666666667,0.428571429,0.6,1,1,0.951219512
0,0.136986301,0.105009421,0.8,0,0,0.397959184,0.5,0.6,0.666666667,0.285714286,0.6,1,0,0.951219512
0,0.260273973,0.079139986,0.533333333,0,0,0.397959184,0.5,0.733333333,1,0.571428571,0.2,1,0,0.951219512
0,0.493150685,0.056678269,0.6,0,0.399449036,0.397959184,0.5,1,0.333333333,0.285714286,0,1,1,0.951219512
0,0.260273973,0.01295772,0.533333333,0,0,0.428571429,0.5,0.733333333,0,1,0.8,1,1,0
0,0.136986301,0.122056132,0.6,0,0,0.397959184,0.5,1,0.666666667,0.071428571,0.2,1,0,0.951219512
0,0.273972603,0.118411626,0.6,0,0,0.602040816,0.5,1,0.666666667,0.071428571,0.2,1,0,0.951219512
1,0.575342466,0.125066723,0.533333333,0,0,0.234693878,0.5,0.733333333,0.333333333,0.785714286,0,1,1,0.951219512
1,0.465753425,0.05852454,0.6,0,0,0.397959184,0.5,1,0.333333333,0.857142857,0,1,1,0.951219512
0,0.109589041,0.079507346,0.533333333,0,0,0.479591837,0.5,0.733333333,0.333333333,0.5,0,1,1,0.951219512
0,0.315068493,0.063740643,0.533333333,0.028290283,0,0.5,0.5,0.733333333,0.333333333,1,0,1,1,0.951219512
0,0.589041096,0.075276281,0.2,0,0,0.551020408,0.625,0.333333333,0.333333333,0.285714286,0,1,1,0.512195122
0,0.01369863,0.134717529,0.4,0,0,0.142857143,0.5,0.066666667,0.666666667,0.571428571,0.6,1,1,0.951219512
0,0.506849315,0.130606888,0.533333333,0,0,0.448979592,0.5,0.733333333,0.333333333,0.5,0,1,1,0.951219512
0,0.178082192,0.108325807,0.533333333,0,0,0.295918367,0.5,0.733333333,0,0.214285714,0.2,1,1,0.951219512
0,0.109589041,0.122081164,0.533333333,0,0,0.704081633,0.5,0.733333333,0.833333333,0.071428571,0.2,1,0,0.951219512
1,0.164383562,0.219427446,0.8,0.086140861,0,0.397959184,0.5,0.6,0.666666667,0.714285714,0.2,1,1,0.951219512
0,0.616438356,0.06617753,0.533333333,0,0,0.397959184,0.5,0.733333333,1,0.214285714,0.8,0.5,0,0.951219512
0,0.369863014,0.119065837,0.733333333,0,0,0.448979592,0.75,0.466666667,0,0.285714286,0.8,0.5,0,0.951219512
0,0.369863014,0.154482567,0.733333333,0.023540235,0,0.397959184,0.125,0.466666667,0,0.285714286,0.2,1,0,0.951219512
0,0.315068493,0.039929234,0.533333333,0,0,0.397959184,0.5,0.733333333,0.333333333,0.571428571,0,0.5,1,0.951219512
0,0.616438356,0.018499914,0.533333333,0,0,0.397959184,0.75,0.733333333,0.333333333,0.857142857,0,1,1,0.951219512
0,0.068493151,0.098129713,0.6,0,0,0.142857143,0.875,1,0.666666667,0.571428571,0.6,1,0,0.951219512
0,0.369863014,0.108299422,0.066666667,0.039080391,0,0.602040816,0.5,0.2,0.333333333,1,1,1,0,0.951219512
0,0.287671233,0.014283056,0.533333333,0,0,0.397959184,0.5,0.733333333,0,0.857142857,0.8,1,0,0.951219512
0,0.328767123,0.060215207,0.533333333,0,0,0.397959184,0.5,0.733333333,0,0.857142857,0.8,1,0,0.951219512
0,0.287671233,0.145799887,0.8,0,0,0.397959184,0.5,0.6,0.666666667,0.071428571,0.2,0.5,1,0.951219512
1,0.287671233,0.118707272,0.8,0,0,0.397959184,0.5,0.6,0.333333333,0.714285714,0,1,1,0.951219512
0,0.383561644,0.028434188,0.266666667,0,0,0.193877551,0.5,0.4,0.666666667,0.571428571,0.2,1,1,0.951219512
1,0.465753425,0.089302253,0.8,0,0,0.397959184,0.5,0.6,0.333333333,0.714285714,0,1,1,0.951219512
0,0.287671233,0.08187049,0.533333333,0,0,0.551020408,0.5,0.733333333,0.666666667,0.357142857,0.6,1,1,0.951219512
0,0.136986301,0.116934068,0.666666667,0,0,0.397959184,0.5,0.533333333,0.666666667,0.285714286,0.6,1,1,0.951219512
0,0.808219178,0.020212906,0.533333333,0,0,0.010204082,0.75,0.733333333,1,0.285714286,0.2,1,0,0.951219512
0,0.04109589,0.112042026,0.533333333,0,0,0.397959184,0.5,0.733333333,0.666666667,0.428571429,0.4,0.5,1,0.951219512
0,0.369863014,0.067111152,0.333333333,0,0,0.5,0.75,0,0.666666667,0.214285714,0.6,1,1,0.951219512
0,0.095890411,0.083201916,0.6,0,0,0.397959184,0.5,1,0.333333333,0.071428571,1,1,0,0.951219512
0,0.04109589,0.337157799,0.533333333,0,0,0.397959184,0.5,0.733333333,0.666666667,1,0.2,1,1,0.951219512
0,0.246575342,0.111642193,0.6,0,0.545684114,0.397959184,0.25,1,0.333333333,0.285714286,0,1,1,0.951219512
0,0.273972603,0.108226356,0.6,0,0,0.193877551,0,1,0.333333333,0,0,1,1,0.951219512
0,0.109589041,0.112828839,0.8,0,0,0.397959184,0.25,0.6,0.666666667,0.714285714,0.6,1,1,0.951219512
0,0.520547945,0.122865948,0.2,0,0,0.397959184,0,0.333333333,0,0,0.8,1,0,0.951219512
0,0.123287671,0.107231846,0.6,0,0,0.397959184,0.5,1,0.333333333,1,0,1,1,0.951219512
0,0.178082192,0.249552978,0.6,0,0,0.397959184,0.5,1,0.333333333,0.214285714,0,1,1,0.951219512
0,0.205479452,0.110884471,0.6,0,0,0.602040816,0.5,1,0,0.285714286,0.4,1,1,0.951219512
1,0.328767123,0.291738464,1,1,0,0.602040816,0.625,0.666666667,0.333333333,0.285714286,0,1,1,0.951219512
1,0.315068493,0.03465089,0.8,0,0,0.397959184,0.5,0.6,0.333333333,0.285714286,0,1,1,0.951219512
0,0.246575342,0.199167859,0.533333333,0.028850289,0,0.397959184,0.5,0.733333333,0.333333333,0.5,0,1,1,0.951219512
0,0.123287671,0.069140764,0.533333333,0,0,0.397959184,0.5,0.733333333,0.333333333,0.5,0,1,1,0.951219512
1,0.547945205,0.231053064,0.6,0,0,0.602040816,0.75,1,0.333333333,0.857142857,0,1,1,0.951219512
0,0.178082192,0.131401819,0.8,0,0,0.43877551,0.5,0.6,0.666666667,0.285714286,0.2,1,1,0.951219512
1,0.397260274,0.115261668,0.666666667,0,0,0.602040816,0.625,0.533333333,0.333333333,0.285714286,0,1,1,0.951219512
0,0.534246575,0.125830534,0.466666667,0,0,0.397959184,0.25,0.133333333,0.666666667,0.428571429,0.2,1,1,0.951219512
0,0.383561644,0.112343086,0.866666667,0,0,0.5,0.5,0.8,0.333333333,0.714285714,0,1,1,0.951219512
1,0.424657534,0.097855038,0.8,0,0,0.448979592,0.5,0.6,0.333333333,0.857142857,0,1,1,0.951219512
1,0.260273973,0.144258735,0.8,0,0,0.397959184,0.5,0.6,0.333333333,0.285714286,0,0.5,1,0.951219512
0,0.657534247,0.127378452,0.6,0,0,0.173469388,0.75,1,0.333333333,0.857142857,0,1,1,0.951219512
1,0.369863014,0.0898949,1,0,0,0.397959184,0.5,0.666666667,0.333333333,0.714285714,0,1,1,0.951219512
0,0.095890411,0.068485876,0.533333333,0,0,0.397959184,0.5,0.733333333,0.666666667,0.285714286,0.2,1,0,0.951219512
0,0.082191781,0.281449008,0.533333333,0,0,0.397959184,0.5,0.733333333,0.666666667,0.214285714,0.2,1,1,0.951219512
0,0.205479452,0.06755496,0.533333333,0,0,0.295918367,0.5,0.733333333,0.333333333,0.857142857,0,1,1,0.951219512
0,0.01369863,0.07306468,0.466666667,0,0,0.234693878,0.5,0.133333333,0.666666667,0.857142857,0.6,1,0,0.951219512
0,0.369863014,0.061529719,0.8,0,0,0.397959184,0.5,0.6,0.666666667,0.071428571,0.8,0.5,0,0.951219512
0,0.520547945,0.106071584,0.6,0,0,0.193877551,0.5,1,0,0.571428571,0.2,1,0,0.951219512
0,0.534246575,0.058536717,0.2,0.050130501,0,0.448979592,0.5,0.333333333,0.333333333,0.5,1,1,0,0.951219512
0,0.383561644,0.102929745,0.8,0,0,0.397959184,0.25,0.6,0,0.714285714,0.8,1,0,0.951219512
0,0.095890411,0.213266897,0.666666667,0,0,0.448979592,0.5,0.533333333,0.333333333,0.214285714,0,1,1,0.951219512
1,0.205479452,0.11066189,0.8,0,0.436639118,0.397959184,0.5,0.6,0.333333333,0.928571429,0,1,1,0.951219512
0,0.095890411,0.146429067,0.6,0,0,0.397959184,0.125,1,0.666666667,0.142857143,0.2,1,1,0.951219512
1,0.438356164,0.089457857,0.533333333,0,0.433195592,0.448979592,0.5,0.733333333,0.333333333,0.857142857,0,1,1,0.951219512
0,0.232876712,0.014745131,0.666666667,0,0,0.397959184,0.5,0.533333333,0.333333333,0.214285714,0,1,1,0.219512195
0,0,0.011694625,0.466666667,0,0,0.142857143,0.5,0.133333333,0.666666667,0.428571429,0.6,1,1,0.951219512
0,0.493150685,0.098819781,0.133333333,0,0,0.234693878,0.5,0.266666667,0.333333333,0.571428571,0.4,1,0,0.536585366
1,0.205479452,0.080710229,0.533333333,0.07298073,0,0.397959184,0.5,0.733333333,0.333333333,0.857142857,0,1,1,0.951219512
0,0.506849315,0.027250924,0.2,0,0,0.704081633,0.625,0.333333333,0.333333333,1,0,1,1,0.951219512
1,0.424657534,0.106796156,0.866666667,0,0,0.397959184,0.875,0.8,0,0.714285714,0.2,1,1,0.951219512
0,0.082191781,0.255397584,0.8,0,0,0.295918367,0.875,0.6,0.666666667,0.285714286,0.6,1,1,0.951219512
0,0.123287671,0.21630455,0.6,0,0,0.367346939,0.5,1,0.666666667,0.214285714,0.8,0.25,1,0.87804878
0,0.02739726,0.033917523,0.533333333,0,0,0.346938776,0.5,0.733333333,0.333333333,0.214285714,0,1,1,0.951219512
0,0.616438356,0.184970046,0.866666667,0,0,0.193877551,0.75,0.8,0.5,0.857142857,0.2,1,0,0.951219512
0,0.164383562,0.136933865,0.8,0,0,0.397959184,0.5,0.6,0.666666667,0.285714286,0.2,1,1,0.951219512
0,0.02739726,0.247702648,0.533333333,0,0,0.295918367,0.5,0.733333333,0.666666667,0.571428571,0.8,1,0,0.951219512
0,0.205479452,0.223033391,0.8,0,0.399678604,0.448979592,0.5,0.6,0.666666667,0.071428571,0.2,1,1,0
0,0.369863014,0.213972526,0.666666667,0,0,0.193877551,0.5,0.533333333,0.333333333,0.071428571,0.4,1,0,0.951219512
0,0.095890411,0.117963081,0.733333333,0,0,0.244897959,0.5,0.466666667,0.666666667,0.857142857,0.6,1,1,0.951219512
0,0.205479452,0.130736106,0.533333333,0,0,0.397959184,0.5,0.733333333,0,0.071428571,0.8,1,0,0.951219512
0,0.260273973,0.113283473,0.533333333,0,0,0.193877551,0.5,0.733333333,0.666666667,0.642857143,0.4,1,0,0
1,0.273972603,0.062754928,0.8,0,0,0.397959184,0.5,0.6,0.333333333,0.714285714,0,1,1,0.951219512
1,0.438356164,0.13624312,0.866666667,0,0,0.56122449,0.125,0.8,0.666666667,0.285714286,0.2,1,1,0.951219512
1,0.342465753,0.251136075,0.6,0.150241502,0,0.5,0.5,1,0.333333333,0.285714286,0,1,1,0.951219512
0,0.054794521,0.133731137,0.533333333,0,0,0.479591837,0.5,0.733333333,0.666666667,0.214285714,0.2,1,1,0.951219512
0,0.219178082,0.144786434,0.533333333,0,0,0.397959184,0.875,0.733333333,0.666666667,1,0.4,1,1,0.951219512
0,0.493150685,0.391482395,1,0,0.323232323,0.397959184,0.5,0.666666667,0.666666667,0.714285714,0.8,1,0,0.951219512
0,0.479452055,0.137588077,0.533333333,0,0,0.602040816,0.5,0.733333333,0.333333333,0.857142857,1,1,0,0.951219512
0,0.02739726,0.16984673,0.533333333,0,0,0.142857143,0.5,0.733333333,0.666666667,0.571428571,0.6,1,1,0.951219512
1,0.273972603,0.022766835,0.733333333,0,0,0.397959184,0.125,0.466666667,0.333333333,0.285714286,1,1,0,0.951219512
0,0.410958904,0.17780078,0.6,0,0,0.397959184,0.5,1,0,0.5,0.2,1,0,0.951219512
0,0.01369863,0.134900194,0.466666667,0,0,0.193877551,0.5,0.133333333,0.666666667,0.428571429,0.6,1,1,0.951219512
1,0.506849315,0.015253888,1,0,0,0.602040816,0.25,0.666666667,0.333333333,0.285714286,0,1,1,0.951219512
1,0.191780822,0.156537211,0.533333333,0,0,0.408163265,0.25,0.733333333,0.333333333,0.785714286,0,1,1,0.951219512
1,0.356164384,0.070594643,0.666666667,0,0.433195592,0.448979592,0.75,0.533333333,0.333333333,0.857142857,0,1,1,0.951219512
0,0.328767123,0.066322986,0.866666667,0,0,0.295918367,0.5,0.8,0,0.571428571,0.8,1,0,0.951219512
1,0.205479452,0.1187526,0.8,0,0,0.448979592,0.5,0.6,0.333333333,0.285714286,0,1,1,0.951219512
1,0.301369863,0.007997348,0.6,0,0,0.397959184,0.5,1,0.333333333,0.857142857,0,1,1,0.731707317
1,0.356164384,0.154398677,0.6,0,0,0.704081633,0.625,1,0.333333333,0.285714286,0,1,1,0.951219512
0,0.232876712,0.257241825,0.533333333,0,0,0.397959184,0.875,0.733333333,0.666666667,0.571428571,0.8,0.5,0,0.951219512
1,0.383561644,0.164215234,0.6,0,0,0.551020408,0.5,1,0.333333333,0.214285714,0,1,1,0.951219512
1,0.410958904,0.21606235,0.533333333,0,0,0.071428571,0,0.733333333,0.333333333,0,1,1,0,0.951219512
0,0.424657534,0.140232661,0.533333333,0,0,0.397959184,0.5,0.733333333,0.333333333,0.214285714,0,1,1,0.951219512
0,0.260273973,0.023287092,0.533333333,0,0,0.397959184,0.5,0.733333333,0.666666667,0.571428571,0.6,1,1,0.951219512
0,0.561643836,0.101996123,0.8,0,0,0.397959184,0.75,0.6,0,0.714285714,0.2,1,0,0.951219512
0,0.205479452,0.095934349,0.533333333,0,0,0.397959184,0.5,0.733333333,0.333333333,1,0,1,1,0.951219512
0,0.315068493,0.163337765,0.4,0,0,0.153061224,0,0.066666667,0.333333333,0,1,1,0,0.951219512
0,0.465753425,0.047651908,0.533333333,0,0,0.397959184,0.5,0.733333333,0.333333333,0.214285714,0,1,1,0.951219512
1,0.205479452,0.06483325,0.8,0,0.436639118,0.602040816,0.5,0.6,0.333333333,0.285714286,0,1,1,0.951219512
0,0.780821918,0.1059904,0.533333333,0,0,0.132653061,0.75,0.733333333,0.333333333,0.357142857,0,1,1,0.951219512
1,0.589041096,0.232444702,0.866666667,0,0,0.5,0.5,0.8,0.333333333,0.285714286,0,1,1,0.951219512
0,0.520547945,0.182981703,0.133333333,0,0,0.244897959,0.5,0.266666667,0,0.571428571,0.8,0.5,1,0.951219512
1,0.698630137,0.118946767,0.533333333,0,0,0.071428571,0,0.733333333,0.333333333,0,0,1,1,0.951219512
0,0.136986301,0.141820494,0.533333333,0,0,0.397959184,0.5,0.733333333,0.666666667,0.428571429,0.6,1,1,0.951219512
0,0.657534247,0.103729412,0.533333333,0,0,0.316326531,0.5,0.733333333,0.333333333,0.571428571,0,1,1,0.951219512
0,0.068493151,0.236804308,0.6,0,0,0.346938776,0.5,1,0.666666667,0.571428571,0.6,1,1,0.951219512
1,0.246575342,0.086785534,0.8,0,0,0.397959184,0.5,0.6,0.333333333,0.857142857,0,1,1,0.951219512
1,0.315068493,0.29074869,0.6,0,0,0.397959184,0.5,1,0.333333333,0.714285714,0,1,1,0.951219512
0,0.301369863,0.112881609,0.533333333,0,0,0.397959184,0.5,0.733333333,0.666666667,0.071428571,0.2,1,0,0.951219512
0,0.438356164,0.055428705,0.466666667,0,0,0.397959184,0.5,0.133333333,0,0.5,0.2,1,0,0.951219512
0,0.150684932,0.12581768,0.666666667,0,0,0.397959184,0.5,0.533333333,0.333333333,0.857142857,0,1,1,0.951219512
0,0.520547945,0.22008707,0.6,0,0,0.397959184,0.875,1,0,0.071428571,0.2,1,1,0.951219512
0,0.232876712,0.226286182,0.4,0,0,0.846938776,0,0.066666667,0,0,0.6,1,1,0.951219512
0,0.068493151,0.355139485,0.8,0,0,0.244897959,0.5,0.6,0.666666667,0.857142857,0.2,1,1,0.951219512
0,0.273972603,0.007997348,0.533333333,0,0,0.295918367,0.75,0.733333333,0.333333333,0.928571429,0,1,1,0.951219512
0,0.520547945,0.092339229,0.333333333,0,0,0.397959184,0.5,0,0.333333333,0.5,0,1,1,0.951219512
0,0.465753425,0.045354387,0.6,0,0,0.397959184,0.5,1,0.333333333,0.857142857,0,1,1,0.951219512
0,0.04109589,0.107482165,0.6,0,0,0.346938776,0.5,1,0.666666667,0.857142857,0.8,1,0,0.951219512
1,0.273972603,0.113696837,0.8,0,0,0.397959184,0.25,0.6,0.333333333,0.571428571,0,1,1,0.951219512
1,0.232876712,0.068280208,0.733333333,0,0,0.448979592,0.5,0.466666667,0.333333333,0.714285714,1,1,0,0.951219512
0,0.369863014,0.132518782,0.666666667,0,0,0.397959184,0.875,0.533333333,0.833333333,0.785714286,0.8,1,1,0.951219512
0,0.191780822,0.086782152,0.533333333,0,0,0.397959184,0.5,0.733333333,0.333333333,0.571428571,0,0.5,1,0.951219512
0,0.164383562,0.235368019,0.533333333,0,0,0.397959184,0.125,0.733333333,0.666666667,0.571428571,0.8,1,1,0.951219512
0,0.136986301,0.07997145,0.4,0,0,0.346938776,0.5,0.066666667,0,0.214285714,0.8,0.75,1,0.951219512
0,0.602739726,0.061761094,0.533333333,0,0,0.367346939,0.5,0.733333333,0.333333333,0.214285714,0,1,1,0.951219512
0,0.328767123,0.117028783,0.8,0,0,0.397959184,0.5,0.6,0.333333333,0.714285714,0,1,1,0.951219512
0,0.205479452,0.120832276,0.866666667,0,0,0.397959184,0.25,0.8,0.666666667,0.714285714,0.2,0.75,0,0
0,0.02739726,0.24622915,0.533333333,0,0,0.418367347,0.5,0.733333333,0.666666667,0.5,0.6,1,1,0.951219512
0,0.095890411,0.109718121,0.6,0,0,0.448979592,0.5,1,0.666666667,0.285714286,0.6,1,0,0.951219512
1,0.342465753,0.116935421,1,0,0,0.428571429,0.25,0.666666667,0.333333333,0.285714286,0,1,1,0
0,0.123287671,0.134335285,0.266666667,0.026350264,0,0.346938776,0.5,0.4,0.333333333,0.214285714,0,1,1,0.634146341
0,0.150684932,0.035194826,0.2,0,0,0.397959184,0.5,0.333333333,0.333333333,0.214285714,0,1,1,0.951219512
0,0.328767123,0.091391401,0.533333333,0,0,0.479591837,0.5,0.733333333,0.333333333,0.071428571,0,1,1,0.951219512
1,0.520547945,0.127143017,0.333333333,0,0,0.397959184,0.5,0,0.333333333,0.214285714,0,1,1,0.951219512
0,0.123287671,0.134841335,0.533333333,0,0,0.397959184,0.5,0.733333333,0,0.214285714,0.2,1,1,0.951219512
0,0.095890411,0.068452725,0.8,0,0,0.397959184,0.5,0.6,0.666666667,0.071428571,0.6,1,1,0.951219512
0,0.191780822,0.068224732,0.6,0,0,0.653061224,0.875,1,0.666666667,0.571428571,0.6,1,0,0.951219512
0,0.068493151,0.121891734,0.533333333,0,0,0.397959184,0.5,0.733333333,0.666666667,0.071428571,0.8,1,0,0.951219512
1,0.342465753,0.124396952,0.6,0.086140861,0,0.520408163,0.5,1,0,0.571428571,0.2,1,0,0.951219512
1,0.328767123,0.024096231,0.8,0,0,0.5,0.875,0.6,0.333333333,0.071428571,0,1,1,0.951219512
0,0.232876712,0.114244832,0.533333333,0,0,0.346938776,0.5,0.733333333,0.333333333,0.071428571,1,0.5,0,0.951219512
0,0.356164384,0.100184356,0.533333333,0,0,0.397959184,0.5,0.733333333,0.666666667,0.5,0.6,1,1,0.951219512
0,0.068493151,0.199110353,0.533333333,0,0,0.397959184,0.5,0.733333333,0.666666667,0.214285714,0.6,1,1,0.951219512
1,0.342465753,0.077406697,0.8,0.095620956,0,0.448979592,0.5,0.6,0,0.071428571,0.8,1,1,0.951219512
0,0.01369863,0.116182435,0.4,0,0,0.193877551,0.5,0.066666667,0.666666667,0.857142857,0.6,1,0,0.951219512
0,0.452054795,0.071043187,0.333333333,0,0,0.397959184,0.5,0,0.333333333,0.214285714,0,1,1,0.951219512
0,0.273972603,0.131698819,0.533333333,0,0,0.397959184,0.5,0.733333333,0.333333333,0.214285714,0,1,1,0.951219512
0,0.410958904,0.101868934,0.533333333,0,0,0.397959184,0.5,0.733333333,0,0.571428571,0.6,0.5,0,0.951219512
0,0.438356164,0.040665307,0.266666667,0,0,0.397959184,0.5,0.4,0,0.5,0.2,1,0,0.951219512
1,0.397260274,0.04905234,0.533333333,0,0,0.397959184,0.5,0.733333333,0.333333333,0.5,0,1,1,0.951219512
0,0.02739726,0.01759606,0.533333333,0.02597026,0,0.397959184,0.5,0.733333333,0.666666667,0.428571429,0.4,1,1,0.951219512
1,0.479452055,0.160279139,0.733333333,0,0,0.551020408,0.5,0.466666667,0.333333333,0.285714286,0,1,1,0.951219512
0,0.424657534,0.153420404,0.466666667,0,0,0.5,0.5,0.133333333,1,0.428571429,0.8,1,0,0.951219512
0,0.534246575,0.078802394,0.2,0,0,0.193877551,0.5,0.333333333,1,1,0.2,1,1,0.951219512
0,0.136986301,0.035243537,0.533333333,0,0.399449036,0.397959184,0.625,0.733333333,0.333333333,0.214285714,0,1,1,0.951219512
0,0.095890411,0.095288932,0.466666667,0,0,0.397959184,0.5,0.133333333,0.666666667,0.5,0.6,0.5,1,0.951219512
0,0.506849315,0.101448805,0.533333333,0,0,0.448979592,0.5,0.733333333,1,1,0.2,1,1,0.951219512
0,0.410958904,0.117019988,0.133333333,0,0,0.397959184,0.5,0.266666667,0.666666667,0.642857143,0.6,1,0,0.195121951
1,0.260273973,0.437867825,0.8,0,0,0.448979592,0.5,0.6,0.333333333,0.285714286,0,0.5,1,0.951219512
0,0.04109589,0.088212352,0.6,0,0,0.448979592,0.5,1,0.666666667,0.071428571,0.2,1,0,0.951219512
0,0.739726027,0.106100676,0.6,0,0.32805326,0.397959184,0.5,1,1,0.714285714,0.2,1,1,0.951219512
0,0.04109589,0.125106639,0.533333333,0,0,0.295918367,0.75,0.733333333,0,0.857142857,0.2,1,0,0.951219512
0,0.369863014,0.14850536,1,0,0,0.37755102,0.25,0.666666667,0.5,0.714285714,0.8,1,0,0.951219512
1,0.479452055,0.085464257,0.533333333,0.076880769,0,0.551020408,0.75,0.733333333,0.333333333,0.857142857,0,1,1,0.951219512
1,0.397260274,0.138496666,0.8,0,0,0.551020408,0.5,0.6,0.666666667,0.285714286,0.2,1,1,0.951219512
0,0.02739726,0.089944964,0.6,0,0,0.295918367,0,1,0.666666667,0,0.6,1,1,0.951219512
1,0.452054795,0.110921681,0.6,0,0,0.5,0.5,1,0.333333333,0.857142857,0,1,1,0.951219512
0,0.342465753,0.173696228,1,0,0,0.397959184,0.5,0.666666667,0.333333333,0.714285714,0,1,1,0.243902439
0,0.534246575,0.063890834,0.533333333,0,0,0.397959184,0.5,0.733333333,0,0.071428571,0.2,1,0,0.951219512
0,0.232876712,0.113876119,0.533333333,0,0,0.448979592,0.75,0.733333333,0.5,0.571428571,0.8,1,0,0.951219512
0,0.02739726,0.151249395,0.533333333,0,0,0.346938776,0.5,0.733333333,0.666666667,1,0.6,1,1,0.951219512
0,0.506849315,0.12562622,0.133333333,0,0,0.510204082,0.5,0.266666667,0.333333333,0.857142857,0,1,1,0.951219512
0,0.356164384,0.107231169,0.6,0,0,0.551020408,0.625,1,0.333333333,0.857142857,0,1,1,0.951219512
0,0.328767123,0.22382291,0.533333333,0,0,0.357142857,0.5,0.733333333,0,0.071428571,0.8,1,0,0.951219512
0,0.684931507,0.111389168,0.2,0,0,0.193877551,0.25,0.333333333,1,0.571428571,0.2,1,0,0.951219512
0,0.369863014,0.128939223,0.8,0,0,0.448979592,0.5,0.6,0.666666667,0.714285714,0.2,1,0,0.951219512
1,0.397260274,0.122110932,0.8,0.076880769,0,0.397959184,0.875,0.6,0.333333333,0.285714286,0,1,1,0.951219512
1,0.260273973,0.05876471,0.533333333,0,0,0.448979592,0.5,0.733333333,0.333333333,0.5,0,1,1,0.951219512
0,0.095890411,0.131614928,0.6,0.050600506,0,0.295918367,0.5,1,0.666666667,0.857142857,0.6,1,0,0.951219512
1,0.315068493,0.072265013,0.6,0,0.433195592,0.683673469,0.5,1,0.333333333,0.214285714,0,1,1,0.951219512
0,0.219178082,0.254639862,0.666666667,0,0,0.602040816,0.5,0.533333333,0.333333333,0.214285714,0,1,1,0.951219512
1,0.397260274,0.032789059,0.666666667,0,0,0.397959184,0.25,0.533333333,0.333333333,0.285714286,0,1,1,0.951219512
0,0.383561644,0.027899724,0.6,0,0,0.397959184,0.5,1,0.333333333,0.214285714,0,1,1,0.951219512
0,0.136986301,0.056784486,0.8,0,0,0.397959184,0.5,0.6,0.666666667,0.285714286,0.4,1,0,0.951219512
0,0.123287671,0.014766781,0.666666667,0,0,0.397959184,0.5,0.533333333,0.666666667,0.571428571,0.2,1,1,0.951219512
0,0.410958904,0.151896165,0.6,0,0,0.602040816,0.5,1,0,0.857142857,0.8,1,0,0.951219512
0,0.260273973,0.069482415,0.533333333,0,0,0.397959184,0.5,0.733333333,0.666666667,0.571428571,0.2,1,0,0.951219512
0,0.438356164,0.014217432,0.533333333,0,0,0.846938776,0.75,0.733333333,0.333333333,0.357142857,0,1,1,0.951219512
0,0.273972603,0.102771435,0.666666667,0,0,0.397959184,0.5,0.533333333,0.333333333,0.071428571,0,1,1,0.951219512
0,0.123287671,0.237012682,0.6,0,0,0.397959184,0.5,1,0.666666667,0.857142857,0.2,1,0,0.951219512
1,0.301369863,0.074559828,0.533333333,0.07298073,0,0.397959184,0.5,0.733333333,0.333333333,0.214285714,0,1,1,0.951219512
1,0.397260274,0.128145645,0.533333333,0,0,0.397959184,0.5,0.733333333,0.333333333,0.214285714,0,1,1,0.951219512
1,0.534246575,0.132955825,0.533333333,0,0.436639118,0.397959184,0.625,0.733333333,0.333333333,0.857142857,0,1,1,0.951219512
0,0.917808219,0.102264032,0.2,0,0,0.020408163,0,0.333333333,1,0,0.2,1,1,0.951219512
1,0.534246575,0.113317299,0.533333333,0,0,0.397959184,0.5,0.733333333,0.333333333,0.285714286,0,1,1,0.951219512
0,0.438356164,0.012890743,0.533333333,0,0,0.397959184,0.5,0.733333333,0.333333333,0.214285714,0,1,1,0.951219512
0,0.301369863,0.015969664,0.733333333,0,0,0.397959184,0.5,0.466666667,0.333333333,0.5,0,1,1,0.951219512
0,0.246575342,0.176345548,0.8,0,0,0.397959184,0.5,0.6,0,1,0.2,1,1,0.951219512
0,0.205479452,0.118810783,0.666666667,0,0,0.224489796,0.5,0.533333333,0.666666667,0.285714286,0.2,1,0,0.951219512
1,0.547945205,0.115939558,0.6,0,0,0.346938776,0.875,1,0.333333333,0.714285714,0,0.5,1,0.951219512
0,0.342465753,0.145917605,0.533333333,0,0,0.275510204,0.5,0.733333333,0.666666667,0.571428571,0.8,0.5,0,0.341463415
0,0.04109589,0.114953843,0.533333333,0,0,0.295918367,0.625,0.733333333,0.666666667,0.5,0.6,1,0,0.951219512
1,0.356164384,0.096128515,0.6,0.150241502,0,0.602040816,0.5,1,0.333333333,0.214285714,0,1,1,0.951219512
1,0.534246575,0.159021456,0.8,0,0,0.5,0.5,0.6,0.333333333,0.714285714,0,1,1,0.951219512
0,0.273972603,0.077317394,0.533333333,0,0,0.397959184,0.5,0.733333333,0.666666667,0.214285714,0.6,1,1,0.951219512
0,0.369863014,0.113239498,0.733333333,0,0,0.397959184,0.5,0.466666667,0.666666667,0.928571429,0.2,1,1,0.951219512
1,0.438356164,0.118582113,0.6,0,0,0.5,0.625,1,0.333333333,1,0,1,1,0.951219512
1,0.424657534,0.057772907,0.866666667,0.150241502,0,0.091836735,0.25,0.8,0.333333333,0.714285714,1,1,0,0.951219512
0,0.301369863,0.10298928,0.533333333,0,0,0.397959184,0.25,0.733333333,0,0.071428571,0.8,1,0,0.951219512
1,0.328767123,0.120762593,0.666666667,0.07298073,0,0.397959184,0.5,0.533333333,0.333333333,0.071428571,0,1,1,0.951219512
0,0.123287671,0.104444512,0.6,0,0,0.346938776,0.5,1,0.666666667,0.571428571,0.2,1,0,0.951219512
0,0.068493151,0.1374115,0.533333333,0,0,0.367346939,0.5,0.733333333,0.666666667,1,0.2,1,1,0.951219512
0,0.356164384,0.232438613,0.8,0,0,0.5,0.75,0.6,0.333333333,0.285714286,0,0.25,1,0.731707317
0,0.424657534,0.04094607,0.4,0,0,0.418367347,0.125,0.066666667,0,0.071428571,0.2,1,0,0.951219512
0,0.054794521,0.135828403,0.6,0,0,0.397959184,0,1,0.666666667,0,0.8,0.75,0,0.951219512
1,0.712328767,0.118425833,0.933333333,0.200512005,0,0.448979592,0.75,0.933333333,0.333333333,0.714285714,0,1,1,0.951219512
1,0.273972603,0.18587593,0.866666667,0,0,0.5,0.125,0.8,0.333333333,0.928571429,0,1,1,0.951219512
0,0.602739726,0.083214094,0.533333333,0,0.597566575,0.316326531,0,0.733333333,0.333333333,0,0,1,1,0.951219512
0,0.342465753,0.017138721,0.6,0,0,0.602040816,0.75,1,0.333333333,0.357142857,0,1,1,0.951219512
0,0.150684932,0.13814622,0.8,0,0,0.397959184,0.25,0.6,0.666666667,0.714285714,0.2,1,0,0.951219512
0,0.410958904,0.109766831,0.6,0,0,0.397959184,0.75,1,0.333333333,0.214285714,0,1,1,0.951219512
0,0.301369863,0.06954195,0.6,0,0,0.397959184,0.5,1,0.333333333,0.5,0,1,1,0.951219512
0,0.191780822,0.106422031,0.866666667,0,0,0.295918367,0.5,0.8,0.666666667,0.714285714,0.2,1,1,0.951219512
0,0.232876712,0.178562561,0.333333333,0,0,0.397959184,0.75,0,0.333333333,0.357142857,0,1,1,0.951219512
0,0.273972603,0.042478427,0.6,0,0,0.397959184,0.5,1,0.666666667,0.214285714,0.2,0.5,1,0.951219512
0,0.342465753,0.076996039,0.533333333,0,0,0.397959184,0.5,0.733333333,0.333333333,0.5,0,1,1,0.951219512
0,0.712328767,0.092285783,0.533333333,0,0,0.397959184,0,0.733333333,0,0,0.2,1,0,0.951219512
1,0.301369863,0.065668774,0.8,0,0,0.295918367,0.5,0.6,0.333333333,0.714285714,1,1,0,0.951219512
0,0.068493151,0.220467961,0.533333333,0,0,0.397959184,0.5,0.733333333,0.333333333,0.5,1,0.5,0,0.951219512
0,0.054794521,0.014025296,0.333333333,0,0,0.244897959,0.5,0,0.666666667,0.5,0.6,1,1,0.951219512
0,0.356164384,0.114965344,0.8,0,0,0.346938776,0.75,0.6,0.333333333,0.714285714,1,1,0,0.951219512
0,0.465753425,0.127714691,0.533333333,0,0,0.397959184,0.5,0.733333333,0.333333333,0.571428571,0.4,0.5,0,0.56097561
1,0.246575342,0.128367549,0.8,0.07298073,0,0.346938776,0.5,0.6,0.333333333,0.428571429,0,1,1,0.951219512
0,0.095890411,0.136477202,0.533333333,0,0,0.397959184,0.5,0.733333333,0.666666667,0.214285714,0.6,0.5,1,0.951219512
0,0.452054795,0.393904399,0.266666667,0,0,0.397959184,0.5,0.4,0,0.071428571,0.8,1,0,0.951219512
0,0.205479452,0.32775393,0.8,0,0,0.397959184,0.5,0.6,0.666666667,0.714285714,0.6,1,1,0.951219512
0,0.369863014,0.026887624,0.066666667,0,0,0.397959184,0.5,0.2,0.333333333,0.571428571,1,0.25,0,0.975609756
0,0,0.231516492,0.4,0,0,0.051020408,0.5,0.066666667,0.666666667,0.857142857,0.6,1,1,0.951219512
0,0.273972603,0.113916711,0.533333333,0,0,0.397959184,0.875,0.733333333,0.333333333,0.785714286,0,1,1,0.951219512
0,0.219178082,0.061250985,0.466666667,0,0,0.397959184,0.5,0.133333333,0.333333333,0.785714286,0,1,1,0.951219512
1,0.397260274,0.13689192,1,0,0,0.602040816,0.625,0.666666667,0.333333333,0.714285714,0,1,1,0.951219512
1,0.356164384,0.063358399,0.533333333,0,0,0.346938776,0.5,0.733333333,0.333333333,0.071428571,1,1,0,0.951219512
0,0.246575342,0.186300119,0.733333333,0,0,0.295918367,0.5,0.466666667,0.666666667,1,0.2,0.5,1,0.56097561
0,0.178082192,0.03489309,0.733333333,0,0,0.397959184,0.5,0.466666667,0.666666667,0.928571429,0.2,1,0,0.951219512
1,0.191780822,0.227149444,0.8,0,0.436639118,0.5,0.75,0.6,0.333333333,0.714285714,0,1,1,0.804878049
1,0.465753425,0.075193067,0.866666667,0,0,0.5,0.5,0.8,0.333333333,0.285714286,0,1,1,0.951219512
0,0.054794521,0.111916867,0.533333333,0,0,0.397959184,0.5,0.733333333,0.666666667,1,0.6,0.5,1,0.951219512
1,0.328767123,0.142283246,0.8,0.150241502,0,0.448979592,0.5,0.6,0.333333333,0.857142857,0,1,1,0.951219512
0,0.178082192,0.059293763,0.8,0,0,0.397959184,0.5,0.6,0.666666667,0.857142857,0.2,1,0,0.951219512
0,0.082191781,0.137561015,0.533333333,0,0,0.397959184,0.5,0.733333333,0.666666667,0.714285714,0.2,1,0,0.048780488
0,0.054794521,0.088842208,0.6,0,0,0.112244898,0.5,1,0.666666667,0.071428571,0.6,1,0,0.951219512
1,0.246575342,0.105668368,0.6,0,0,0.602040816,0.75,1,0.333333333,0.214285714,0,1,1,0.951219512
0,0.589041096,0.04113753,0.533333333,0,0.43067034,0.5,0.75,0.733333333,0.833333333,0.571428571,0.2,0.5,1,0.951219512
0,0.260273973,0.131698819,0.6,0,0,0.397959184,0.25,1,0.333333333,0.785714286,0,1,1,0.951219512
0,0.232876712,0.094855948,0.533333333,0,0,0.704081633,0.75,0.733333333,0.333333333,0.357142857,0,1,1,0.951219512
0,0,0.085249118,0.4,0,0,0.142857143,0.5,0.066666667,0.666666667,0.428571429,0.6,1,1,0.951219512
0,0.068493151,0.119063131,0.733333333,0,0,0.397959184,0.5,0.466666667,0.666666667,0.428571429,0.6,1,1,0.951219512
0,0.328767123,0.025378269,0.6,0,0,0.397959184,0.5,1,0.833333333,0.285714286,0.2,0.5,0,0.951219512
0,0.136986301,0.156472264,0.533333333,0,0,0.397959184,0.75,0.733333333,0.333333333,0.857142857,0,1,1,0.951219512
0,0.397260274,0.207002838,0.533333333,0,0,0.397959184,0.25,0.733333333,0.666666667,0.571428571,0.8,1,0,0.951219512
0,0.068493151,0.267024555,0.8,0,0,0.397959184,0.5,0.6,0.666666667,0.285714286,0.4,1,0,0.951219512
0,0.369863014,0.136423079,0.533333333,0.028290283,0,0.418367347,0.5,0.733333333,0.333333333,0.214285714,0,1,1,0.951219512
1,0.342465753,0.050739624,0.933333333,0.07298073,0,0.346938776,0.5,0.933333333,0.333333333,0.714285714,0,1,1,0.951219512
0,0.424657534,0.080018131,0.6,0,0,0.234693878,0.875,1,0.666666667,0.714285714,0.2,0.5,0,0.951219512
0,0.178082192,0.082843351,0.6,0,0,0.448979592,0.5,1,0.666666667,0.071428571,0.6,1,1,0.951219512
0,0.082191781,0.039668091,0.8,0,0,0.397959184,0.5,0.6,0.666666667,0.285714286,0.2,1,1,0.951219512
1,0.205479452,0.158142634,0.8,0,0,0.397959184,0.5,0.6,0.666666667,0.714285714,0.2,1,1,0.951219512
1,0.561643836,0.114860481,1,0,0,0.234693878,0.625,0.666666667,0.333333333,0.714285714,0,1,1,0.951219512
0,0,0.074254033,0.4,0,0,0.193877551,0.5,0.066666667,0.666666667,0.214285714,0.6,1,1,0.951219512
0,0.02739726,0.050989267,0.6,0,0,0.244897959,0.5,1,0.666666667,0.571428571,0.6,1,0,0.951219512
0,0.164383562,0.097974785,0.666666667,0,0.453168044,0.397959184,0.5,0.533333333,0.666666667,0.928571429,0.6,0.5,1,0.951219512
0,0.602739726,0.03271464,0.6,0,0,0.295918367,0.125,1,0.333333333,0.071428571,1,1,0,0.951219512
0,0.328767123,0.182286223,0.133333333,0,0,0.397959184,0.5,0.266666667,0,0.5,0.2,1,0,0.634146341
0,0.191780822,0.029472673,0.6,0,0,0.397959184,0.875,1,0.666666667,0.214285714,0.2,1,1,0.951219512
0,0.383561644,0.104424216,0.533333333,0,0,0.346938776,0.5,0.733333333,0,0.571428571,0.4,0.5,0,0.951219512
1,0.301369863,0.069686053,0.733333333,0,0,0.397959184,0.5,0.466666667,0.333333333,0.928571429,0,1,1,0.243902439
1,0.315068493,0.062181224,0.8,0,0,0.602040816,0.5,0.6,0.333333333,0.285714286,0,1,1,0.951219512
0,0.424657534,0.18317384,0.8,0,0,0.397959184,0.25,0.6,0.333333333,0.714285714,0,1,1,0.951219512
0,0.054794521,0.110019856,0.733333333,0,0,0.316326531,0.5,0.466666667,0.666666667,0.857142857,0.6,1,0,0.951219512
0,0.068493151,0.075394675,0.6,0,0,0.295918367,0.5,1,0.666666667,0.428571429,0.2,1,0,0.951219512
1,0.369863014,0.208846402,0.6,0.051780518,0,0.602040816,0.625,1,0.333333333,0.857142857,0,1,1,0.951219512
0,0.356164384,0.144040213,0.533333333,0,0,0.397959184,0.5,0.733333333,0.333333333,0.857142857,0,1,1,0.951219512
0,0.246575342,0.168523423,0.8,0,0,0.5,0.5,0.6,0.333333333,0.857142857,0,1,1,0.951219512
1,0.328767123,0.088435609,0.866666667,0,0.433195592,0.448979592,0.5,0.8,0.333333333,0.928571429,0,0.25,1,0.073170732
0,0.095890411,0.147174611,0.533333333,0,0,0.295918367,0.5,0.733333333,0.666666667,0.857142857,0.2,1,1,0.951219512
0,0.136986301,0.082296709,0.8,0,0,0.357142857,0.5,0.6,0.666666667,0.714285714,0.8,1,0,0
0,0.123287671,0.115547166,0.666666667,0,0,0.397959184,0.5,0.533333333,0.666666667,0.071428571,0.6,1,0,0.951219512
0,0.561643836,0.144317594,0.266666667,0,0,0.397959184,0.5,0.4,0,0.357142857,0.2,0.5,1,0.951219512
1,0.520547945,0.073529462,0.333333333,0,0,0.397959184,0.5,0,0.333333333,0.214285714,0,0.5,1,0.951219512
0,0.232876712,0.104713097,0.533333333,0,0,0.397959184,0.25,0.733333333,0.666666667,0.785714286,0.6,1,1,0.951219512
0,0.287671233,0.080509974,0.666666667,0,0,0.5,0.5,0.533333333,0.666666667,0.357142857,0.2,1,1,0.951219512
0,0.479452055,0.036085826,0.733333333,0,0,0.397959184,0.5,0.466666667,0.666666667,0.5,0.6,0.25,1,0.951219512
0,0.136986301,0.122867977,0.533333333,0,0,0.5,0.5,0.733333333,0,0.214285714,0.2,1,1,0.951219512
0,0.095890411,0.098509926,0.6,0,0,0.397959184,0.5,1,0.666666667,0.428571429,0.6,0.5,1,0.951219512
1,0.123287671,0.070837519,0.533333333,0,0,0.397959184,0.5,0.733333333,0.333333333,0.214285714,0,1,1,0.951219512
0,0.150684932,0.07228328,0.733333333,0,0,0.397959184,0.5,0.466666667,0.333333333,0.5,0,1,1,0.951219512
1,0.452054795,0.06092963,0.8,0,0.554407713,0.193877551,0.5,0.6,0.333333333,0.285714286,1,1,0,0.951219512
0,0.383561644,0.046758879,0.066666667,0,0,0.244897959,0.5,0.2,0.333333333,0.571428571,1,1,0,0.195121951
0,0.246575342,0.218854419,0.6,0,0,0.397959184,0.5,1,0,0.285714286,0.2,1,1,0.634146341
1,0.397260274,0.173707729,0.933333333,0,0,0.397959184,0.5,0.933333333,0.333333333,0.714285714,0,0.5,1,0.951219512
0,0.287671233,0.118156571,0.533333333,0,0,0.397959184,0.5,0.733333333,0.333333333,0.5,0,1,1,0.951219512
1,0.452054795,0.130092719,0.8,0,0.436639118,0.602040816,0,0.6,0.333333333,0,0,0.5,1,0.951219512
0,0.136986301,0.154174066,0.6,0,0,0.397959184,0.5,1,0.666666667,0.857142857,0.2,1,1,0.951219512
0,0.493150685,0.079735339,0.8,0,0,0.448979592,0.5,0.6,0,0.857142857,0.2,1,1,0.951219512
0,0.082191781,0.125228416,0.133333333,0,0,0.397959184,0.5,0.266666667,0.333333333,1,0.4,1,1,0.634146341
0,0.794520548,0.076389185,0.533333333,0,0,0.255102041,0.625,0.733333333,0.333333333,0.071428571,0,1,1,0.951219512
1,0.205479452,0.066223535,0.6,0,0.436639118,0.397959184,0.875,1,0.333333333,0.714285714,1,1,0,0.951219512
0,0,0.099954334,0.4,0,0,0.214285714,0.5,0.066666667,0.666666667,0.571428571,0.4,1,0,0.951219512
0,0.205479452,0.148966758,0.8,0,0,0.5,0.25,0.6,0.333333333,0.714285714,0,1,1,0.951219512
0,0.369863014,0.014099715,0.6,0,0,0.806122449,0.625,1,0.333333333,0.285714286,0,1,1,0.951219512
0,0.287671233,0.069820007,0.6,0,0,0.448979592,0.625,1,0,0.285714286,0.2,1,1,0.951219512
0,0.109589041,0.138215227,0.8,0,0,0.428571429,0.5,0.6,0.333333333,0.285714286,0,1,1,0.951219512
0,0.123287671,0.302590123,0.533333333,0,0,0.193877551,0.5,0.733333333,0.666666667,0.428571429,0.2,1,1,0.634146341
0,0.01369863,0.19490635,0.466666667,0,0,0.112244898,0.5,0.133333333,0.666666667,0.071428571,0.6,1,1,0.951219512
0,0.04109589,0.224750442,0.533333333,0,0,0.255102041,0.5,0.733333333,0.833333333,0.857142857,0.6,1,0,0.951219512
0,0.219178082,0.256297379,0.533333333,0,0,0.295918367,0.125,0.733333333,0.666666667,0.071428571,0.6,1,0,0.951219512
1,0.534246575,0.03953346,0.466666667,0,0,0.397959184,0.5,0.133333333,0.333333333,0.714285714,0,1,1,0.951219512
0,0.082191781,0.060082605,0.6,0,0,0.602040816,0.875,1,0.666666667,0.785714286,0.6,1,1,0.951219512
0,0.150684932,0.110374362,0.266666667,0,0,0.397959184,0.5,0.4,0,0.714285714,0.2,0.5,0,0.951219512
0,0.082191781,0.123624346,0.6,0,0,0.346938776,0.5,1,0.666666667,0.714285714,0.2,0.75,0,0.951219512
1,0.178082192,0.110884471,0.6,0,0,0.602040816,0.75,1,0.5,0.214285714,0.6,1,1,0.951219512
0,0.02739726,0.143807485,0.533333333,0,0,0.346938776,0.5,0.733333333,0.666666667,0.857142857,0.2,1,1,0.951219512
0,0.410958904,0.177601202,0.8,0,0,0.602040816,0.75,0.6,0.333333333,0.714285714,0,1,1,0.951219512
0,0.191780822,0.103657699,0.4,0,0,0.397959184,0.5,0.066666667,0.333333333,0.571428571,1,1,0,0
0,0.273972603,0.112881609,0.6,0,0,0.387755102,0.5,1,0,0.071428571,0.8,1,0,0.951219512
1,0.287671233,0.140687294,0.666666667,0,0,0.397959184,0.5,0.533333333,0.333333333,0.214285714,0,1,1,0
0,0.01369863,0.119199792,0.4,0,0,0.193877551,0.5,0.066666667,0.666666667,0.285714286,0.6,1,1,0.951219512
0,0.054794521,0.156027779,0.533333333,0,0,0.346938776,0.5,0.733333333,0.666666667,0.571428571,0.4,1,0,0.951219512
0,0.260273973,0.137013696,0.533333333,0,0,0.397959184,0.5,0.733333333,0,0.571428571,0.8,1,0,0.951219512
1,0.273972603,0.084529282,0.666666667,0,0,0.448979592,0.5,0.533333333,0,0.857142857,0.2,1,1,0.951219512
1,0.191780822,0.186914415,0.8,0,0,0.428571429,0.5,0.6,0.333333333,0.928571429,0,1,1,0.951219512
0,0.465753425,0.084315496,0.533333333,0,0,0.397959184,0.5,0.733333333,0.333333333,0.5,0,1,1,0.951219512
0,0.287671233,0.142184471,0.133333333,0,0,0.397959184,0.5,0.266666667,0.333333333,0.5,0,1,1,0.634146341
1,0.123287671,0.096529025,0.6,0,0,0.5,0.5,1,0.333333333,0.857142857,0,1,1,0.951219512
0,0.383561644,0.122148818,0.533333333,0.039420394,0,0.397959184,0.5,0.733333333,0.333333333,0.571428571,0,1,1,0.951219512
0,0.438356164,0.094026513,0.666666667,0,0,0.397959184,0.5,0.533333333,0,0.714285714,0.8,0.5,0,0.951219512
0,0.068493151,0.173098845,0.8,0,0,0.397959184,0.5,0.6,0.666666667,0.857142857,0.2,1,0,0.951219512
0,0.164383562,0.005079442,0.6,0,0,0.071428571,0,1,0,0,0.8,1,0,0.951219512
0,0.397260274,0.016198334,0.533333333,0,0.436639118,0.397959184,0.25,0.733333333,0.333333333,0.214285714,0,1,1,0.951219512
0,0.02739726,0.297450469,0.533333333,0,0,0.397959184,0.5,0.733333333,0.666666667,0.857142857,0.2,1,0,0.951219512
0,0.191780822,0.074640336,0.8,0,0,0.397959184,0.5,0.6,0.666666667,0.071428571,0.2,0.25,0,0.853658537
0,0.178082192,0.130874797,0.6,0,0,0.602040816,0.625,1,0.666666667,0.285714286,0.2,1,0,0.951219512
1,0.479452055,0.015349279,0.533333333,0,0.433195592,0.602040816,0.75,0.733333333,0.333333333,0.357142857,0,1,1,0.951219512
0,0.205479452,0.040902771,0.533333333,0,0,0.397959184,0.5,0.733333333,0.666666667,0.214285714,0.6,1,1,0.951219512
0,0.123287671,0.13209527,0.533333333,0,0,0.397959184,0.125,0.733333333,0.666666667,0.071428571,0.2,0.5,0,0.951219512
0,0.479452055,0.180119274,0.6,0,0,0.397959184,0.25,1,0.333333333,1,0,0.5,1,0.951219512
0,0.630136986,0.172029916,0.533333333,0,0,0.265306122,0.875,0.733333333,0,0.071428571,0.2,1,0,0.951219512
0,0.260273973,0.077871478,0.733333333,0,0,0.397959184,0.5,0.466666667,0.333333333,0.857142857,1,1,0,0.951219512
0,0.232876712,0.08679027,0.666666667,0,0,0.397959184,0.5,0.533333333,0,0.928571429,0.8,0.5,0,0.951219512
0,0.547945205,0.075672055,0.6,0,0,0.397959184,0.625,1,0.333333333,0.285714286,0,1,1,0.951219512
0,0.246575342,0.158420691,0.533333333,0.033250333,0,0.5,0.5,0.733333333,0.666666667,0.571428571,0.2,1,1,0.951219512
0,0.02739726,0.199721267,0.6,0,0,0.224489796,0.5,1,0.666666667,0.571428571,0.6,1,0,0.951219512
1,0.260273973,0.109839221,0.666666667,0,0,0.602040816,0.25,0.533333333,0.666666667,0.785714286,0.2,0.5,0,0.951219512
1,0.260273973,0.108577479,0.6,0,0,0.397959184,0,1,0,0,0.2,1,0,0.951219512
0,0.410958904,0.128428438,0.533333333,0,0,0.367346939,0.5,0.733333333,0,0.857142857,0.2,1,0,0.951219512
0,0.123287671,0.061287518,0.733333333,0,0,0.397959184,0.5,0.466666667,0.666666667,0.857142857,0.6,1,0,0.463414634
0,0.109589041,0.148400497,0.6,0,0,0.234693878,0.5,1,0.666666667,0.928571429,0.8,1,0,0.951219512
0,0.616438356,0.125160086,0.466666667,0,0,0.479591837,0.5,0.133333333,0.333333333,0.357142857,0,1,1,0.268292683
1,0.232876712,0.13880855,0.8,0,0,0.448979592,0.5,0.6,0.333333333,0.285714286,0,1,1,0.951219512
0,0.410958904,0.234341036,0.8,0,0,0.479591837,0.25,0.6,0,0.714285714,0.2,1,1,0.951219512
0,0.164383562,0.13961363,0.6,0,0,0.397959184,0.25,1,0.666666667,0.071428571,0.2,1,0,0.951219512
1,0.328767123,0.232480558,0.6,0,0,0.653061224,0.5,1,0.333333333,1,0,1,1,0.951219512
1,0.301369863,0.012440169,0.6,0,0,0.5,0.5,1,0,0.428571429,0.2,1,1,0.951219512
1,0.219178082,0.15160796,0.666666667,0,0,0.448979592,0.5,0.533333333,0.333333333,0.214285714,0,1,1,0.951219512
1,0.465753425,0.075378438,0.533333333,0.043860439,0,0.397959184,0.5,0.733333333,0.333333333,0.5,0,1,1,0.951219512
0,0.082191781,0.081829898,0.666666667,0,0,0.397959184,0.5,0.533333333,0.666666667,0.928571429,0.2,1,0,0.951219512
1,0.246575342,0.033189569,0.8,0,0,0.397959184,0.5,0.6,0.333333333,0.857142857,0,1,1,0.951219512
1,0.328767123,0.187580804,0.533333333,0.076880769,0,0.397959184,0.5,0.733333333,0.333333333,0.428571429,0,1,1,0.951219512
0,0.205479452,0.012168201,0.6,0,0,0.295918367,0.5,1,0,0.285714286,0.8,1,0,0.951219512
0,0.397260274,0.10382751,1,0,0,0.448979592,0.75,0.666666667,0.666666667,0.714285714,0.2,1,0,0.951219512
0,0.260273973,0.083219506,0.8,0.015060151,0,0.448979592,0.5,0.6,0,0.714285714,0.8,1,0,0
1,0.232876712,0.132183896,0.6,0,0.433195592,0.397959184,0.5,1,0.333333333,0.428571429,0,1,1,0.951219512
0,0.109589041,0.190865393,0.666666667,0,0,0.295918367,0.5,0.533333333,0.666666667,0.714285714,0.2,1,0,0.951219512
0,0.123287671,0.098322526,0.533333333,0,0,0.397959184,0.5,0.733333333,0.333333333,0.214285714,0,1,1,0.756097561
0,0.794520548,0.140945055,0.6,0,0,0.091836735,0.875,1,1,0.071428571,0.2,1,0,0.951219512
1,0.301369863,0.110031358,0.533333333,0.143441434,0,0.397959184,0.5,0.733333333,0.833333333,0.285714286,0.2,1,1,0.951219512
0,0.219178082,0.074640336,0.533333333,0,0,0.346938776,0.5,0.733333333,0.5,0.571428571,0.2,0.25,0,0.902439024
1,0.301369863,0.205322996,0.866666667,0.086140861,0,0.520408163,0.5,0.8,0.666666667,0.285714286,0.2,0.5,1,0.951219512
0,0.01369863,0.11059153,0.533333333,0,0,0.295918367,0.5,0.733333333,0.666666667,0.428571429,0.6,1,1,0.951219512
0,0.219178082,0.362354079,0.8,0,0,0.397959184,0.5,0.6,0.833333333,0.285714286,0.8,0.5,0,0.951219512
0,0.02739726,0.148685995,0.6,0,0,0.346938776,0.5,1,0.666666667,0.571428571,0.2,1,1,0.951219512
1,0.178082192,0.027738031,0.533333333,0,0,0.520408163,0.5,0.733333333,0.333333333,0.857142857,0,1,1,0.951219512
1,0.315068493,0.090085007,0.533333333,0,0.340909091,0.397959184,0.5,0.733333333,0.333333333,0.285714286,0,1,1,0.951219512
0,0,0.210321254,0.333333333,0,0,0.346938776,0.5,0,0.666666667,0.214285714,0.6,0.75,0,0.195121951
0,0.315068493,0.097070932,0.533333333,0,0,0.397959184,0.5,0.733333333,0.833333333,0.5,0.8,1,1,0.951219512
0,0.712328767,0.069355903,0.533333333,0,0,0.193877551,0.5,0.733333333,0.333333333,0.571428571,0,1,1,0.951219512
0,0.205479452,0.147576474,0.533333333,0,0,0.448979592,0.5,0.733333333,0.666666667,0.5,0.2,1,1,0.951219512
1,0.383561644,0.088243472,0.8,0,0,0.397959184,0.625,0.6,0.333333333,0.285714286,0,1,1,0.951219512
0,0.178082192,0.148388319,0.8,0,0,0.397959184,0.5,0.6,0.666666667,0.857142857,0.2,1,0,0.634146341
0,0.178082192,0.115506574,0.533333333,0,0,0.397959184,0.5,0.733333333,0,0.5,0.6,1,1,0.951219512
0,0.123287671,0.15012702,0.6,0,0,0.193877551,0.875,1,0.666666667,0.571428571,0.2,1,1,0.951219512
0,0.452054795,0.01637491,0.6,0,0,0.397959184,0.125,1,0,0.285714286,0.8,1,1,0.951219512
0,0.246575342,0.052244244,0.6,0.039080391,0,0.602040816,0.75,1,0.333333333,0.285714286,0,1,1,0.951219512
0,0.438356164,0.126540222,0.6,0,0,0.5,0.75,1,0.333333333,0.857142857,0,1,1,0.951219512
0,0.506849315,0.145825595,0.6,0,0,0.397959184,0.5,1,0.333333333,0.071428571,0,1,1,0.951219512
0,0.109589041,0.077022424,0.6,0,0,0.397959184,0.5,1,0.666666667,0.571428571,0.6,1,0,0.951219512
0,0.506849315,0.051236879,0.533333333,0,0,0.316326531,0.5,0.733333333,0,0.571428571,0.8,1,1,0.951219512
0,0.191780822,0.061953908,0.333333333,0,0,0.448979592,0.5,0,0.666666667,0.214285714,0.2,1,1,0.951219512
1,0.438356164,0.145175443,0.533333333,0,0,0.397959184,0.25,0.733333333,0.333333333,0.5,0,0.5,1,0.951219512
0,0.424657534,0.171293844,0.733333333,0,0,0.397959184,0.75,0.466666667,0.333333333,0.714285714,0,1,1,0.951219512
0,0.657534247,0.121479722,0.533333333,0,0,0.397959184,0,0.733333333,0.333333333,0,0,1,1,0.951219512
0,0.136986301,0.104691448,0.8,0,0,0.326530612,0.5,0.6,0.666666667,0.714285714,0.8,0.75,0,0.951219512
1,0.397260274,0.060903922,0.933333333,0.150241502,0,0.5,0.125,0.933333333,0.333333333,0.714285714,0,1,1,0.951219512
0,0.095890411,0.195461111,0.6,0,0,0.193877551,0.5,1,0.666666667,0.928571429,0.6,1,0,0.951219512
0,0.301369863,0.106192008,0.533333333,0,0,0.397959184,0.5,0.733333333,0.833333333,0.571428571,0.4,0.5,1,0.951219512
0,0.02739726,0.02061071,0.533333333,0,0,0.397959184,0.875,0.733333333,0.666666667,0.785714286,0.6,1,1,0.951219512
0,0.493150685,0.056397506,0.266666667,0,0,0.5,0.5,0.4,0.333333333,0.428571429,0,1,1,0.951219512
0,0.109589041,0.121090714,0.533333333,0,0,0.397959184,0.5,0.733333333,0.666666667,0.071428571,0.6,1,0,0.951219512
0,0.205479452,0.168302872,0.8,0.021740217,0,0.602040816,0.75,0.6,0.666666667,0.714285714,0.6,0.5,0,0
0,0.410958904,0.139468174,0.533333333,0,0,0.193877551,0.5,0.733333333,0.5,0.857142857,0.8,1,0,0.12195122
0,0.712328767,0.062608119,0.533333333,0,0,0.071428571,0.5,0.733333333,1,0.928571429,0.8,1,0,0.951219512
0,0.383561644,0.038299456,0.533333333,0,0,0.479591837,0.5,0.733333333,0.333333333,0.5,0,0.5,1,0
0,0.616438356,0.043592684,0.8,0,0,0.397959184,0.25,0.6,0.333333333,0.714285714,1,1,0,0.951219512
1,0.410958904,0.106085792,0.866666667,0,0,0.5,0.5,0.8,0,0.714285714,0.8,1,0,0.951219512
0,0.315068493,0.208983739,0.8,0,0,0.448979592,0.25,0.6,0.666666667,0.714285714,0.8,1,0,0.951219512
0,0.561643836,0.135699184,0.533333333,0.039080391,0,0.397959184,0.25,0.733333333,0.333333333,0.785714286,0,1,1,0.951219512
0,0.493150685,0.170929867,0.8,0,0,0.448979592,0.5,0.6,0.666666667,0.714285714,0.2,1,0,0.634146341
0,0.068493151,0.064674941,0.533333333,0,0,0.193877551,0.5,0.733333333,0.666666667,0.714285714,0.6,1,0,0.951219512
1,0.136986301,0.070129861,0.866666667,0,0,0.448979592,0.5,0.8,0.333333333,0.285714286,0,1,1,0.951219512
1,0.219178082,0.124470018,0.533333333,0,0,0.397959184,0.5,0.733333333,0.333333333,0.214285714,0,1,1,0.951219512
1,0.739726027,0.094730112,0.533333333,0,0.545684114,0.448979592,0.5,0.733333333,0.333333333,0.285714286,0,1,1,0.951219512
0,0.301369863,0.157890286,0.733333333,0,0,0.602040816,0.5,0.466666667,0,0.714285714,0.2,1,1,0.951219512
1,0.479452055,0.115593848,0.466666667,0,0,0.5,0.75,0.133333333,0.333333333,0.285714286,0,1,1,0.951219512
0,0.02739726,0.139289568,0.6,0,0,0.010204082,0,1,0.666666667,0,0.6,0.25,1,0.853658537
0,0.068493151,0.13387321,0.6,0,0,0.397959184,0.75,1,0.666666667,0.214285714,0.2,1,1,0.951219512
0,0.301369863,0.100015899,1,0,0,0.397959184,0.75,0.666666667,0,0.071428571,0.4,0.75,1,0
1,0.219178082,0.057801998,0.533333333,0,0.433195592,0.5,0.5,0.733333333,0.333333333,1,0,1,1,0.951219512
0,0.383561644,0.078250339,0.8,0,0,0.397959184,0.75,0.6,0.333333333,0.285714286,0,1,1,0.951219512
1,0.246575342,0.118156571,0.866666667,0,0,0.397959184,0.5,0.8,0.833333333,0.714285714,0.2,1,1,0.951219512
1,0.191780822,0.200427572,0.6,0,0,0.397959184,0.5,1,0.333333333,0.214285714,0,1,1,0.951219512
1,0.493150685,0.209442432,0.866666667,0,0,0.397959184,0.5,0.8,0.333333333,0.285714286,0,1,1,0.951219512
1,0.657534247,0.083989405,0.533333333,0.093860939,0,0.397959184,0,0.733333333,0.333333333,0,0,1,1,0.951219512
0,0.369863014,0.081708798,0.6,0,0,0.602040816,0.625,1,0,0.5,0.2,1,1,0.951219512
0,0.520547945,0.145178149,0.533333333,0.040640406,0,0.397959184,0.5,0.733333333,0.333333333,0.857142857,0,1,1,0.951219512
0,0.054794521,0.010127764,0.6,0,0,0.397959184,0.5,1,0.666666667,0.071428571,0.6,1,1,0
0,0.301369863,0.025047442,0.8,0,0,0.397959184,0.5,0.6,0,0.714285714,0.2,1,1,0.951219512
0,0.260273973,0.061997882,0.8,0,0,0.448979592,0.5,0.6,0.666666667,0.714285714,0.2,1,0,0.268292683
0,0.02739726,0.250591463,0.333333333,0,0,0.193877551,0.5,0,0.666666667,0.428571429,0.2,1,1,0.951219512
0,0.589041096,0.009766493,0.6,0,0,0.397959184,0.5,1,0.333333333,0.214285714,0,1,1,0.951219512
0,0.315068493,0.360260873,0.6,0,0,0.397959184,0.125,1,0.333333333,0.357142857,0,1,1,0.951219512
0,0.095890411,0.113213113,0.533333333,0,0,0.397959184,0.5,0.733333333,0.333333333,0.5,0,1,1,0.951219512
0,0.328767123,0.198983164,0.6,0,0,0.397959184,0.5,1,0.333333333,0.928571429,1,1,0,0.951219512
0,0.054794521,0.286950609,0,0,0,0.397959184,0,0.866666667,0.333333333,0,0.4,1,0,0.634146341
0,0.356164384,0.127561117,0.533333333,0,0,0.397959184,0.5,0.733333333,0.333333333,0.214285714,0,1,1,0.951219512
0,0.02739726,0.008892407,0.6,0,0,0.244897959,0.5,1,0.666666667,0.857142857,0.2,1,0,0.951219512
0,0.356164384,0.196822304,0.533333333,0,0,0.397959184,0.625,0.733333333,0.666666667,0.285714286,0.6,1,1,0.951219512
0,0.410958904,0.015262683,0.533333333,0,0,0.602040816,0.5,0.733333333,0.333333333,1,0,1,1,0.951219512
0,0.438356164,0.060235503,0.866666667,0,0,0.755102041,0.5,0.8,0,0.285714286,0.2,1,0,0.951219512
1,0.534246575,0.12217182,0.533333333,0,0,0.397959184,0.5,0.733333333,0.333333333,0.5,0,1,1,0.951219512
0,0.643835616,0.042819402,0.2,0.025800258,0,0.5,0.5,0.333333333,0.333333333,0.071428571,0,1,1,0.951219512
0,0.150684932,0.185388146,0.533333333,0,0,0.397959184,0.875,0.733333333,0.333333333,0.071428571,0.6,1,0,0.951219512
0,0.01369863,0.152894734,0.4,0,0,0.295918367,0.5,0.066666667,0.666666667,0.857142857,0.6,1,1,0.951219512
1,0.273972603,0.126829103,0.6,0,0,0.346938776,0.5,1,0.333333333,0.214285714,0,1,1,0.951219512
0,0.109589041,0.117723587,0.533333333,0,0,0.5,0.5,0.733333333,0.666666667,0.071428571,0.2,1,0,0.951219512
0,0.479452055,0.148081171,0.666666667,0,0,0.397959184,0.875,0.533333333,0.333333333,0.285714286,0,1,1,0.951219512
0,0.356164384,0.131618988,0.533333333,0,0,0.448979592,0.5,0.733333333,0.833333333,0.428571429,0.8,0.5,0,0.951219512
0,0.246575342,0.13736279,0.666666667,0,0,0.346938776,0.5,0.533333333,0,0.571428571,0.8,1,0,0.951219512
0,0.02739726,0.152963741,0.333333333,0,0,0.397959184,0.5,0,0.666666667,0.357142857,0.6,1,1,0.951219512
0,0.095890411,0.1309641,0.533333333,0,0,0.448979592,0.5,0.733333333,0.666666667,0.857142857,0.8,1,1,0.951219512
1,0.287671233,0.090524756,1,1,0,0.357142857,0.5,0.666666667,0.333333333,0.285714286,1,1,0,0.951219512
0,0.328767123,0.12198239,0.8,0,0,0.397959184,0.125,0.6,0.333333333,0.071428571,0,1,1,0.951219512
0,0.342465753,0.047273724,0.333333333,0,0,0.346938776,0.75,0,1,1,0.8,1,1,0.951219512
1,0.452054795,0.052932282,0.533333333,0.150241502,0,0.193877551,0.75,0.733333333,0.333333333,0.571428571,1,1,0,0.951219512
0,0.109589041,0.130064981,0.533333333,0,0,0.346938776,0.5,0.733333333,0.666666667,0.214285714,0.2,1,1,0.951219512
0,0.01369863,0.203007209,0.466666667,0,0,0.193877551,0.5,0.133333333,0.666666667,0.571428571,0.6,0.5,1,0.951219512
0,0.205479452,0.2211675,0.533333333,0,0,0.397959184,0.5,0.733333333,0.666666667,0.214285714,0.6,1,1,0.951219512
0,0.383561644,0.076887116,0.6,0,0,0.397959184,0.25,1,0,0.071428571,0.8,0.5,0,0.951219512
0,0.301369863,0.111928368,0.866666667,0,0,0.397959184,0.25,0.8,0,0.714285714,0.2,1,0,0.951219512
0,0.136986301,0.041790388,0.666666667,0,0,0.479591837,0.5,0.533333333,0.333333333,0.214285714,0,1,1,0.951219512
0,0.260273973,0.073387389,0.866666667,0,0,0.397959184,0.5,0.8,0.333333333,0.714285714,0,0.25,1,0.073170732
0,0.547945205,0.314983611,0.533333333,0,0,0.397959184,0.5,0.733333333,0.333333333,1,0,1,1,0.951219512
0,0.054794521,0.132400388,0.533333333,0,0,0.346938776,0,0.733333333,0.333333333,0,0.4,1,0,0.951219512
1,0.301369863,0.166196135,0.8,0,0,0.602040816,0.5,0.6,0.333333333,0.857142857,0,1,1,0.951219512
0,0.260273973,0.042153689,0.6,0,0,0.397959184,0.25,1,0.333333333,0.285714286,0,1,1,0.951219512
0,0.136986301,0.196277692,0.866666667,0,0,0.551020408,0.5,0.8,0.333333333,0.714285714,0,1,1,0.951219512
0,0.273972603,0.212997636,0.6,0,0,0.295918367,0.25,1,0.333333333,1,0,1,1,0.951219512
0,0.465753425,0.22210924,0.066666667,0,0,0.540816327,0.5,0.2,0.333333333,0.571428571,0,1,1,0.634146341
0,0.287671233,0.01494674,0.533333333,0,0,0.551020408,0.5,0.733333333,0.333333333,0.857142857,0,1,1,0.951219512
0,0.01369863,0.094219327,0.4,0,0,0.142857143,0,0.066666667,0.666666667,0,0.4,1,0,0.951219512
1,0.205479452,0.116866414,0.733333333,0,0.433195592,0.397959184,0.5,0.466666667,0.333333333,0.214285714,0,1,1,0.512195122
0,0.602739726,0.122584508,0.533333333,0,0,0.234693878,0.5,0.733333333,1,0.071428571,0.8,1,0,0.951219512
0,0.164383562,0.169082243,0.6,0,0,0.295918367,0.5,1,0.666666667,0.571428571,0.2,0.5,0,0.56097561
1,0.150684932,0.145864835,0.8,0,0,0.5,0.75,0.6,0.666666667,0.714285714,0.2,0.5,1,0.951219512
0,0.232876712,0.024795094,0.8,0,0,0.397959184,0.5,0.6,0.333333333,0.714285714,1,1,0,0.951219512
0,0.397260274,0.031798608,0.6,0,0,0.397959184,0.5,1,0.333333333,0.214285714,0,1,1,0.951219512
0,0.109589041,0.164526441,0.8,0,0,0.397959184,0.5,0.6,0.666666667,0.071428571,0.2,1,0,0.951219512
0,0.136986301,0.126399502,0.6,0,0,0.397959184,0.5,1,0.666666667,0.071428571,0.6,1,0,0.658536585
0,0.136986301,0.110638212,0.533333333,0,0,0.336734694,0.5,0.733333333,0.333333333,0.071428571,1,1,0,0.951219512
0,0.054794521,0.230931287,0.333333333,0,0,0.37755102,0.5,0,0.833333333,0.857142857,0.8,0.5,0,0.951219512
0,0.219178082,0.201858448,0.866666667,0,0,0.448979592,0.5,0.8,0.333333333,0.714285714,0,1,1,0.951219512
1,0.136986301,0.115919262,0.8,0,0.453856749,0.5,0.5,0.6,0.333333333,0.285714286,0,1,1,0.951219512
0,0.109589041,0.120269397,0.8,0,0,0.397959184,0.25,0.6,0.666666667,0.714285714,0.6,1,0,0.951219512
0,0.315068493,0.109482009,0.533333333,0,0,0.5,0.75,0.733333333,0,0.571428571,0.8,1,0,0.951219512
0,0.054794521,0.130945833,0.533333333,0,0,0.367346939,0.5,0.733333333,0.666666667,0.571428571,0.6,1,1,0.951219512
0,0.219178082,0.123032376,0.533333333,0,0,0.397959184,0.5,0.733333333,0.333333333,0.5,0,1,1,0.951219512
0,0.465753425,0.125768969,0.8,0,0,0.397959184,0.125,0.6,1,0.714285714,0.2,0.5,0,0.951219512
1,0.191780822,0.06654286,0.8,0,0,0.397959184,0.5,0.6,0.333333333,0.714285714,0,1,1,0.951219512
1,0.643835616,0.089028932,0.8,0,0,0.397959184,0.875,0.6,0.333333333,0.714285714,0,1,1,0.951219512
0,0.410958904,0.132998447,0.6,0,0,0.397959184,0.5,1,0.333333333,0.214285714,0,1,1,0.951219512
0,0.602739726,0.075743092,0.533333333,0,0,0.397959184,0.5,0.733333333,0.333333333,0.785714286,0,0.5,1,0.463414634
1,0.369863014,0.125708081,0.8,0.076880769,0,0.397959184,0.5,0.6,0.333333333,0.857142857,0,1,1,0.951219512
1,0.698630137,0.134833217,0.6,0,0,0.397959184,0.75,1,0.333333333,0.857142857,0,1,1,0.951219512
1,0.616438356,0.040038833,0.8,0,0,0.551020408,0.75,0.6,0.333333333,0.214285714,0,1,1,0.951219512
0,0.04109589,0.190115113,0.6,0,0,0.346938776,0.5,1,0.666666667,0.571428571,0.6,1,1,0.951219512
0,0.479452055,0.012064691,0.6,0.031370314,0,0.418367347,0.25,1,0.333333333,0.785714286,0,1,1,0.951219512
0,0.219178082,0.079652801,0.533333333,0,0,0.397959184,0.5,0.733333333,0.333333333,1,0,1,1,0.951219512
0,0.808219178,0.070303731,0.533333333,0,0,0.326530612,0.5,0.733333333,1,0.571428571,0.8,1,0,0.951219512
1,0.575342466,0.124168282,0.533333333,0,0,0.397959184,0.5,0.733333333,0.333333333,1,0,1,1,0.951219512
0,0.150684932,0.080524858,0.533333333,0,0,0.397959184,0,0.733333333,0.833333333,0,0.8,1,0,0.951219512
0,0.493150685,0.057590918,0.133333333,0,0,0.397959184,0.5,0.266666667,0.333333333,0.5,0,0.25,1,0.609756098
1,0.383561644,0.066705906,0.8,0,0,0.448979592,0.125,0.6,0.333333333,0.071428571,0,0.25,1,0.463414634
1,0.465753425,0.109397442,0.533333333,0,0,0.397959184,0.5,0.733333333,0.333333333,0.214285714,0,1,1,0.951219512
1,0.191780822,0.128144292,0.8,0,0,0.397959184,0.25,0.6,0.333333333,0.714285714,1,1,0,0.951219512
0,0.356164384,0.022238459,0.6,0,0,0.602040816,0.5,1,0.333333333,1,0,1,1,0.951219512
0,0.328767123,0.11917273,0.533333333,0,0,0.193877551,0,0.733333333,0.333333333,0,0,1,1,0.048780488
1,0.342465753,0.064459125,0.533333333,0,0,0.397959184,0.5,0.733333333,0.333333333,1,0,1,1,0.951219512
0,0.219178082,0.103476387,0.8,0,0,0.346938776,0.5,0.6,0.666666667,0.571428571,0.2,0.25,0,0.902439024
0,0.383561644,0.106762329,0.6,0,0,0.5,0.5,1,0,0.571428571,0.2,1,0,0.951219512
1,0.438356164,0.020919211,0.933333333,0,0,0.551020408,0.5,0.933333333,0.666666667,0.714285714,0.2,1,0,0.951219512
1,0.136986301,0.135943414,0.8,0.07298073,0,0.448979592,0.5,0.6,0.333333333,0.714285714,1,1,0,0.219512195
0,0.04109589,0.078227337,0.6,0,0,0.397959184,0,1,0.666666667,0,0.4,1,1,0.951219512
1,0.315068493,0.185428739,0.2,0,0,0.397959184,0.5,0.333333333,0.333333333,0.5,0,1,1,0.634146341
0,0.369863014,0.063331338,0.8,0,0,0.357142857,0.5,0.6,0,0.714285714,0.2,1,0,0.951219512
0,0.082191781,0.15657645,0.533333333,0,0,0.397959184,0.5,0.733333333,0.333333333,0.571428571,1,1,0,0.951219512
0,0.301369863,0.15462667,0.6,0,0,0.244897959,0.5,1,0.666666667,0.571428571,0.2,1,0,0.951219512
1,0.671232877,0.109592961,0.6,0,0,0.5,0.5,1,1,0.857142857,0.8,1,0,0.951219512
0,0.561643836,0.11490175,0.533333333,0,0,0.43877551,0.5,0.733333333,0.333333333,0.5,0,1,1,0.951219512
1,0.506849315,0.054910477,0.866666667,0,0,0.397959184,0.875,0.8,0.333333333,0.714285714,0,0.25,1,0.463414634
0,0.356164384,0.015527209,0.533333333,0,0,0.397959184,0.75,0.733333333,0.5,0.214285714,0.2,1,1,0.951219512
1,0.452054795,0.102587417,0.533333333,0,0,0.479591837,0.625,0.733333333,0.333333333,0.857142857,0,1,1,0.951219512
1,0.452054795,0.203091099,0.533333333,0,0.433195592,0.397959184,0.75,0.733333333,0.333333333,0.285714286,0,1,1,0.951219512
1,0.273972603,0.073902234,0.933333333,0.150241502,0,0.448979592,0.5,0.933333333,0.333333333,0.714285714,0,1,1,0.951219512
1,0.520547945,0.083250627,0.8,0,0,0.397959184,0.5,0.6,0.333333333,0.714285714,0,0.25,1,0.073170732
0,0.479452055,0.120046816,0.533333333,0,0,0.5,0.5,0.733333333,0.833333333,0.642857143,0.2,1,0,0.951219512
0,0.02739726,0.132750835,0.6,0,0,0.275510204,0.5,1,0.666666667,0.285714286,0.6,1,0,0.951219512
0,0.561643836,0.098582993,0.6,0,0,0.397959184,0.5,1,0.333333333,0.857142857,0,0.5,1,0.951219512
0,0.123287671,0.025585289,0.6,0,0,0.397959184,0.5,1,0.333333333,0.857142857,1,1,0,0.951219512
0,0.219178082,0.141989629,0.533333333,0,0,0.397959184,0.75,0.733333333,0.333333333,0.214285714,0,1,1,0.951219512
0,0.178082192,0.107703392,0.533333333,0,0,0.37755102,0.5,0.733333333,0.666666667,0.214285714,0.6,1,1,0.951219512
0,0.561643836,0.207190915,0.466666667,0,0,0.397959184,0.25,0.133333333,0.333333333,0.357142857,0,1,1,0.951219512
0,0.109589041,0.166174486,0.8,0,0,0.448979592,0.5,0.6,0.666666667,0.714285714,0.2,1,1,0.951219512
0,0.191780822,0.04743068,0.6,0,0,0.295918367,0.5,1,0.333333333,0.571428571,0.4,0.25,1,0.731707317
0,0.068493151,0.187872392,0.4,0,0,0.397959184,0.5,0.066666667,0.666666667,0.571428571,0.2,1,0,0.951219512
0,0.054794521,0.165123147,0.6,0,0,0.244897959,0.25,1,0.666666667,0.714285714,0.6,1,0,0.951219512
0,0.410958904,0.056419832,0.6,0,0,0.397959184,0.5,1,0.333333333,0.285714286,0,0.25,1,0.951219512
1,0.328767123,0.10774872,0.533333333,0,0,0.397959184,0.5,0.733333333,0.333333333,0.285714286,0,1,1,0.951219512
0,0.150684932,0.189094895,0.533333333,0,0,0.5,0.5,0.733333333,0.666666667,0.5,0.8,0.5,0,0.951219512
0,0.164383562,0.237559324,0.8,0,0,0.397959184,0.5,0.6,0.666666667,0.714285714,0.2,1,1,0.951219512
0,0.04109589,0.1254855,0.6,0,0,0.357142857,0.5,1,0.666666667,0.857142857,0.2,0.5,0,0.951219512
0,0.273972603,0.19190929,0.533333333,0,0,0.397959184,0.5,0.733333333,0.666666667,0.5,0.2,1,1,0.951219512
0,0.630136986,0.076901324,0.533333333,0.021740217,0,0.397959184,0.5,0.733333333,0.666666667,0.5,0.2,1,1,0.951219512
0,0.136986301,0.134348139,0.2,0,0,0.5,0.5,0.333333333,0.666666667,0.357142857,0.6,1,1,0
0,0.068493151,0.059137483,0.533333333,0,0,0.397959184,0.5,0.733333333,0.666666667,0.428571429,0.6,1,0,0.951219512
0,0.246575342,0.11151771,0.533333333,0,0,0.346938776,0.5,0.733333333,0,0.571428571,0.2,1,0,0.951219512
0,0.068493151,0.0650971,0.666666667,0,0,0.755102041,0.75,0.533333333,0.666666667,0.357142857,0.2,0,1,0.951219512
0,0.136986301,0.078325435,0.6,0,0,0.5,0.125,1,0.333333333,0.214285714,0,1,1,0.951219512
0,0.01369863,0.077793676,0.4,0,0,0.193877551,0.5,0.066666667,0.666666667,0.571428571,0.4,1,1,0.951219512
0,0.232876712,0.151718912,0.533333333,0,0,0.397959184,0.5,0.733333333,0.666666667,0.214285714,0.6,1,1,0.951219512
1,0.315068493,0.090814991,0.866666667,0,0,0.397959184,0.5,0.8,0.333333333,0.285714286,0,1,1,0.951219512
0,0.082191781,0.114696759,0.6,0,0,0.397959184,0.5,1,0.666666667,0.5,0.6,1,1,0.951219512
0,0.01369863,0.165536511,0.333333333,0,0,0.397959184,0.5,0,0.666666667,0.857142857,0.4,0.5,0,0.951219512
0,0.109589041,0.26314326,0.6,0.044160442,0,0.244897959,0.5,1,0.666666667,0.571428571,0.2,1,0,0.951219512
0,0.273972603,0.088472818,0.333333333,0,0,0.5,0.5,0,0.333333333,0.214285714,0,1,1,0.951219512
0,0,0.154021845,0.4,0,0,0.397959184,0.5,0.066666667,0.666666667,0.071428571,0.6,1,1,0.951219512
0,0.191780822,0.170532063,0.466666667,0,0,0.397959184,0.5,0.133333333,0.833333333,0.071428571,0.6,1,1,0.634146341
1,0.547945205,0.131194799,0.8,0,0,0.397959184,0.5,0.6,0.333333333,0.857142857,0,1,1,0.951219512
0,0.164383562,0.277970929,0.6,0,0,0.397959184,0.5,1,0.666666667,0.928571429,0.2,1,0,0.951219512
0,0.068493151,0.200288205,0.533333333,0,0,0.183673469,0.5,0.733333333,0.666666667,0.571428571,0.6,1,0,0.951219512
1,0.452054795,0.100424527,0.866666667,0.07298073,0,0.397959184,0.5,0.8,0.333333333,0.285714286,0,0.25,1,0.731707317
0,0.616438356,0.103876897,0.533333333,0,0,0.397959184,0.5,0.733333333,0.333333333,0.214285714,0,1,1,0.951219512
1,0.657534247,0.070114301,0.8,0,0,0.397959184,0.625,0.6,0.333333333,0.285714286,0,1,1,0.951219512
1,0.479452055,0.257343305,0.666666667,0,0,0.397959184,0.25,0.533333333,0.333333333,0.785714286,0,1,1,0.951219512
0,0.01369863,0.119040805,0.4,0,0,0.153061224,0.5,0.066666667,0.666666667,0.571428571,0.6,1,1,0.951219512
0,0.095890411,0.214545553,0.4,0,0,0.397959184,0.5,0.066666667,0.666666667,0.428571429,0.2,1,1,0.951219512
0,0.328767123,0.141976098,0.533333333,0,0,0.397959184,0.5,0.733333333,0.333333333,0.5,0,1,1,0.951219512
1,0.205479452,0.1706694,0.6,0,0,0.397959184,0.5,1,0.333333333,0.928571429,0,1,1,0.951219512
0,0.246575342,0.02666572,0.533333333,0,0,0.397959184,0.5,0.733333333,0.333333333,1,0,1,1,0.951219512
0,0.356164384,0.037246087,0.8,0,0,0.142857143,0.5,0.6,0.666666667,0.5,0.2,1,1,0.951219512
0,0.301369863,0.113119074,0.533333333,0,0,0.5,0.75,0.733333333,0.333333333,0.285714286,0,1,1,0.951219512
0,0.191780822,0.189638154,0.533333333,0,0,0.397959184,0.5,0.733333333,0.333333333,0.5,1,1,0,0.951219512
1,0.328767123,0.139955281,0.933333333,0,0,0.5,0.125,0.933333333,0.333333333,0.714285714,0,1,1,0.463414634
0,0.068493151,0.079305737,0.533333333,0,0,0.275510204,0.5,0.733333333,0.666666667,0.071428571,0.6,1,0,0.951219512
0,0.246575342,0.130122487,0.733333333,0,0,0.397959184,0.5,0.466666667,0,0.571428571,0.6,1,0,0.951219512
0,0.054794521,0.120775447,0.533333333,0,0,0.316326531,0.5,0.733333333,0.333333333,0.428571429,0,1,1,0.951219512
0,0.315068493,0.187480676,0.8,0,0,0.346938776,0.5,0.6,0.833333333,0.071428571,0.8,0.5,1,0.951219512
0,0.246575342,0.063081695,0.533333333,0,0,0.397959184,0.125,0.733333333,0,0.285714286,0.8,1,0,0.951219512
0,0.136986301,0.120078614,0.533333333,0,0,0.397959184,0.5,0.733333333,0.666666667,0.071428571,0.2,0.5,0,0.951219512
0,0.082191781,0.064620141,0.6,0,0.371212121,0.244897959,0.5,1,0.666666667,0.071428571,0.6,1,0,0.951219512
0,0.369863014,0.105316569,0.533333333,0,0,0.397959184,0.5,0.733333333,0.333333333,0.214285714,0,1,1,0.756097561
0,0.260273973,0.114359843,0.8,0,0,0.448979592,0.5,0.6,0,0.285714286,0.2,1,0,0.951219512
0,0.616438356,0.070716419,0.6,0,0,0.397959184,0.5,1,0,0.071428571,0.2,1,0,0.951219512
0,0.136986301,0.191807809,0.6,0,0,0.397959184,0.5,1,0.333333333,0.214285714,0,1,1,0.951219512
0,0.643835616,0.082961745,0.533333333,0,0,0.112244898,0.5,0.733333333,0.333333333,0.285714286,0,1,1,0.951219512
1,0.273972603,0.161767521,0.733333333,0,0,0.448979592,0.25,0.466666667,0.333333333,0.714285714,0,1,1,0.048780488
1,0.561643836,0.059379006,0.8,0,0.436639118,0.704081633,0.5,0.6,0.333333333,0.857142857,0,1,1,0.951219512
0,0.095890411,0.024986554,0.533333333,0,0,0.397959184,0.5,0.733333333,0,0.5,0.2,1,1,0.951219512
0,0.01369863,0.069635989,0.533333333,0,0,0.244897959,0.5,0.733333333,0.666666667,0.571428571,0.6,1,1,0.951219512
0,0.068493151,0.128853303,0.533333333,0,0,0.551020408,0.5,0.733333333,0.666666667,0.5,0.4,1,1,0.951219512
0,0.589041096,0.184748819,0.6,0,0,0.5,0.75,1,0.333333333,0.571428571,1,0.5,0,0.951219512
0,0.04109589,0.139993167,0.6,0,0,0.193877551,0.5,1,0.666666667,0.571428571,0.6,1,1,0.951219512
0,0.356164384,0.1003907,0.533333333,0,0,0.397959184,0.5,0.733333333,0,0.285714286,0.8,1,0,0.951219512
1,0.493150685,0.127266823,1,0,0,0.602040816,0.625,0.666666667,0,0.285714286,0.2,1,1,0.951219512
0,0.164383562,0.125384696,0.533333333,0,0,0.397959184,0.5,0.733333333,0.666666667,0.071428571,0.2,1,0,0.951219512
1,0.164383562,0.070307114,0.533333333,0,0,0.653061224,0.75,0.733333333,0.333333333,0.714285714,0,1,1,0.951219512
0,0.164383562,0.121147543,0.866666667,0,0,0.397959184,0.875,0.8,0.666666667,0.714285714,0.2,1,1,0.951219512
1,0.287671233,0.059022471,0.866666667,0,0,0.397959184,0.125,0.8,0.333333333,0.285714286,0,1,1,0.951219512
0,0.410958904,0.1933219,0.666666667,0,0,0.43877551,0.5,0.533333333,0,0.714285714,0.8,1,0,0.951219512
0,0.520547945,0.12264472,0.533333333,0,0,0.397959184,0.5,0.733333333,1,0.071428571,0.2,1,0,0.951219512
0,0.109589041,0.154515041,0.6,0,0,0.397959184,0.5,1,0,0.928571429,0.6,1,0,0.951219512
0,0.534246575,0.062970743,0.8,0.045080451,0,0.397959184,0.5,0.6,0.333333333,0.285714286,0,1,1,0.951219512
0,0.04109589,0.433855958,0.6,0,0,0.326530612,0.5,1,0.666666667,0.571428571,0.6,1,1,0.195121951
1,0.493150685,0.228565436,0.8,0,0,0.479591837,0.5,0.6,0.333333333,0.714285714,1,1,0,0.951219512
0,0.068493151,0.222800662,0.6,0,0,0.346938776,0.5,1,0.666666667,0.857142857,0.2,1,1,0
0,0.164383562,0.108806148,0.8,0,0,0.397959184,0.5,0.6,0.333333333,0.928571429,0,1,1,0.951219512
1,0.465753425,0.06204524,1,0.105201052,0,0.602040816,0.5,0.666666667,1,0.714285714,0.2,1,0,0.951219512
0,0.287671233,0.24914029,0.533333333,0,0,0.295918367,0.5,0.733333333,0.666666667,0.571428571,0.8,0.5,0,0.951219512
0,0.164383562,0.110515082,0.6,0,0,0.275510204,0.5,1,0,0.571428571,0.8,1,0,0.951219512
0,0.164383562,0.091650514,0.533333333,0,0,0.316326531,0,0.733333333,0.666666667,0,0.2,1,1,0
0,0.178082192,0.065622093,0.6,0,0,0.193877551,0.5,1,0.666666667,0.857142857,0.6,1,1,0.951219512
0,0.684931507,0.149782662,0.733333333,0,0,0.346938776,0.25,0.466666667,0.333333333,0.285714286,0,1,1,0.951219512
0,0.465753425,0.101956208,0.333333333,0,0,0.244897959,0.5,0,0,0.571428571,0.8,1,0,0.951219512
0,0.04109589,0.137301225,0.6,0,0,0.091836735,0.5,1,0.666666667,0.285714286,0.6,1,0,0.951219512
1,0.452054795,0.122338925,0.533333333,0,0,0.397959184,0.125,0.733333333,0.333333333,0.285714286,0,1,1,0.951219512
1,0.342465753,0.022958971,1,0.278282783,0,0.602040816,0.5,0.666666667,0.5,0.571428571,0.2,1,1,0
0,0.794520548,0.015857359,0.533333333,0,0,0.071428571,0,0.733333333,1,0,0.2,1,0,0.951219512
0,0.561643836,0.028862436,0.6,0,0,0.551020408,0.25,1,0.666666667,0.714285714,0.2,1,0,0.951219512
0,0.520547945,0.091581508,0.8,0,0,0.734693878,0.5,0.6,0,0.071428571,0.8,1,0,0.951219512
0,0.808219178,0.132978828,0.2,0,0,0.295918367,0.5,0.333333333,1,0.785714286,0.2,1,1,0.951219512
1,0.219178082,0.105367309,0.6,0.07298073,0,0.204081633,0.5,1,0.333333333,0.714285714,1,1,0,0.951219512
1,0.205479452,0.154720032,0.6,0,0,0.602040816,0.25,1,0.333333333,0.214285714,0,1,1,0.951219512
0,0.095890411,0.148288868,0.733333333,0,0,0.295918367,0.875,0.466666667,0.333333333,0.071428571,0,1,1,0.951219512
0,0.054794521,0.007931047,0.6,0,0,0.346938776,0.875,1,0.666666667,0.214285714,0.6,1,1,0.951219512
0,0.260273973,0.287937677,0.533333333,0,0,0.908163265,0.875,0.733333333,0.666666667,0.285714286,0.8,0.5,1,0.951219512
0,0.506849315,0.122167084,0.533333333,0,0,0.448979592,0.5,0.733333333,0,0.285714286,0.8,1,0,0.951219512
0,0.589041096,0.122844975,0.533333333,0,0,0.397959184,0.5,0.733333333,0,0.214285714,0.2,1,0,0.951219512
0,0.684931507,0.062871292,0.6,0,0,0.153061224,0.5,1,1,0.714285714,0.2,1,0,0.951219512
0,0.356164384,0.278604168,1,0,0,0.397959184,0.875,0.666666667,0.666666667,0.714285714,0.2,1,0,0.951219512
0,0.164383562,0.237923301,0.533333333,0,0,0.397959184,0.5,0.733333333,0,0.571428571,0.2,1,0,0.951219512
0,0.438356164,0.120153033,0.533333333,0,0,0.397959184,0,0.733333333,1,0,0.2,0.5,0,0.951219512
0,0.561643836,0.095571725,0.8,0,0,0.602040816,0.5,0.6,0.666666667,0.714285714,0.2,1,0,0.951219512
1,0.191780822,0.048622063,0.6,0,0,0.37755102,0.5,1,0.333333333,0.857142857,0,1,1,0
1,0.547945205,0.062356447,0.6,0,0,0.908163265,0.5,1,0.5,0.857142857,0.6,0.25,0,0.951219512
1,0.260273973,0.251152989,0.6,1,0,0.397959184,0.5,1,0.333333333,0.071428571,1,0.5,0,0.951219512
1,0.356164384,0.031230317,1,1,0,0.551020408,0.5,0.666666667,0.333333333,0.714285714,0,1,1,0.951219512
0,0.095890411,0.086404644,0.8,0,0,0.397959184,0.5,0.6,0.666666667,0.285714286,0.2,1,1,0.951219512
0,0.273972603,0.104497282,0.533333333,0,0,0.112244898,0.5,0.733333333,0,0.571428571,0.8,1,0,0.951219512
0,0.109589041,0.079148104,0.533333333,0,0,0.397959184,0.5,0.733333333,0.666666667,0.428571429,0.2,1,1,0.951219512
0,0.205479452,0.291764173,0.533333333,0,0,0.397959184,0.75,0.733333333,0.666666667,0.214285714,0.2,1,1,0.951219512
0,0.02739726,0.144015181,0.266666667,0,0,0.448979592,0.5,0.4,0.333333333,0.214285714,0,1,1,0.951219512
1,0.301369863,0.117648491,0.533333333,0,0,0.397959184,0.5,0.733333333,0.333333333,0.214285714,0,1,1,0.951219512
1,0.575342466,0.086144177,0.866666667,0,0,0.5,0.875,0.8,0.333333333,0.285714286,0,1,1,0.951219512
0,0.301369863,0.066784384,0.866666667,0,0,0.346938776,0.5,0.8,0.666666667,0.571428571,0.8,1,0,0.951219512
0,0.383561644,0.040665307,0.533333333,0,0,0.346938776,0.5,0.733333333,0.666666667,0.857142857,0.6,1,0,0.951219512
0,0.150684932,0.091783116,0.666666667,0,0,0.418367347,0.5,0.533333333,0.333333333,0.214285714,0,1,1,0.951219512
0,0.205479452,0.023314153,0.6,0,0,0.397959184,0.5,1,0,0.214285714,0.8,1,1,0.951219512
0,0.438356164,0.127758666,0.4,0,0.436639118,0.704081633,0.5,0.066666667,0.333333333,1,0,1,1,0.951219512
0,0.205479452,0.018241476,0.8,0,0,0.397959184,0.5,0.6,0.666666667,0.928571429,0.2,0.75,1,0.951219512
0,0.136986301,0.40034774,0.8,0,0,0.397959184,0.5,0.6,0.666666667,0.857142857,0.2,1,1,0.951219512
0,0.068493151,0.06112312,0.533333333,0,0,0.408163265,0.5,0.733333333,0.666666667,0.214285714,0.2,1,1,0.951219512
0,0.068493151,0.096796934,0.533333333,0,0,0.346938776,0.5,0.733333333,0.666666667,0.857142857,0.6,1,0,0.951219512
0,0.315068493,0.226422843,0.533333333,0,0,0.397959184,0.5,0.733333333,0,0.928571429,0.8,1,0,0.951219512
0,0.506849315,0.043286889,0.533333333,0,0,0.806122449,0.5,0.733333333,1,0.285714286,0.2,1,0,0.951219512
0,0.095890411,0.095012228,0.533333333,0,0,0.397959184,0.5,0.733333333,0.666666667,0.5,0.8,0.5,1,0.951219512
1,0.465753425,0.085065776,0.866666667,0,0,0.602040816,0.5,0.8,0.333333333,0.285714286,0,1,1,0.951219512
0,0.191780822,0.136226207,0.866666667,0,0.365013774,0.602040816,0.75,0.8,0,0.714285714,0.2,1,1,0.951219512
1,0.260273973,0.115402388,0.533333333,0,0,0.602040816,0.5,0.733333333,0.333333333,0.857142857,0,1,1,0.951219512
1,0.178082192,0.056961062,0.866666667,0,0,0.602040816,0.75,0.8,0.333333333,0.714285714,1,1,0,0.951219512
0,0.397260274,0.085996015,0.333333333,0,0,0.142857143,0.75,0,0.833333333,0.285714286,0.8,1,0,0.170731707
0,0.301369863,0.072481505,0.8,0,0,0.418367347,0.25,0.6,0.333333333,0.714285714,1,1,0,0.951219512
1,0.465753425,0.129251784,1,0,0,0.448979592,0.25,0.666666667,0,0.285714286,0.2,1,0,0.951219512
0,0.383561644,0.067767393,0.533333333,0,0,0.030612245,0,0.733333333,0.833333333,0,0.2,0.25,1,0.951219512
0,0.739726027,0.009352452,0.933333333,0,0,0.275510204,0.875,0.933333333,0.333333333,0.571428571,0,1,1,0.951219512
1,0.452054795,0.118762749,0.8,0,0,0.5,0.5,0.6,0.666666667,0.285714286,0.2,1,1,0.951219512
0,0.342465753,0.165780741,0.533333333,0,0,0.397959184,0.5,0.733333333,1,1,0.8,1,1,0.951219512
0,0.150684932,0.172941212,0.533333333,0,0,0.397959184,0.5,0.733333333,0.666666667,0.214285714,0.8,1,1,0.634146341
1,0.301369863,0.103820068,0.6,0,0,0.448979592,0.5,1,0.333333333,0.214285714,0,1,1,0.951219512
0,0.698630137,0.031297971,0.6,0,0.398301194,0.479591837,0.5,1,0.333333333,0.214285714,0,1,1,0.951219512
0,0.191780822,0.109542221,0.733333333,0,0,0.397959184,0.5,0.466666667,0.333333333,0.285714286,0,1,1,0.951219512
0,0.04109589,0.123363202,0.6,0,0,0.397959184,0.25,1,0.666666667,0.571428571,0.2,1,1,0.951219512
0,0.219178082,0.072916519,0.8,0,0,0.448979592,0.25,0.6,0.666666667,0.714285714,0.2,1,0,0.951219512
0,0.438356164,0.109124797,0.8,0,0,0.5,0.25,0.6,0.666666667,0.714285714,0.2,1,0,0.951219512
1,0.219178082,0.116119517,0.866666667,0.076880769,0,0.346938776,0.25,0.8,0.333333333,0.714285714,1,1,0,0.951219512
0,0.602739726,0.145442675,0.533333333,0,0,0.397959184,0.5,0.733333333,0,0.928571429,0.2,1,0,0.951219512
0,0.191780822,0.090269702,0.333333333,0,0,0.479591837,0.75,0,0.333333333,0.214285714,0,1,1,0.951219512
0,0.068493151,0.183168427,0.266666667,0,0,0.540816327,0.5,0.4,0.666666667,0.214285714,0.6,1,1,0.951219512
0,0.04109589,0.037935479,0.6,0,0,0.112244898,0.5,1,0.666666667,0.071428571,0.6,1,0,0.951219512
0,0,0.125727024,0.4,0,0,0.193877551,0.5,0.066666667,0.666666667,0.857142857,0.6,1,1,0.951219512
1,0.452054795,0.035939693,0.533333333,0,0,0.5,0.5,0.733333333,0.333333333,0.214285714,0,1,1,0.951219512
0,0.068493151,0.083505681,0.533333333,0,0,0.397959184,0.5,0.733333333,0.333333333,0.428571429,0,1,1,0.951219512
0,0.02739726,0.02061071,0.6,0,0,0.193877551,0.5,1,0.666666667,0.571428571,0.6,1,1,0.951219512
0,0.232876712,0.117758767,0.533333333,0,0,0.397959184,0.5,0.733333333,0.833333333,0.571428571,0.2,1,0,0.951219512
1,0.479452055,0.082922506,0.533333333,0,0,0.397959184,0.625,0.733333333,0.333333333,0.285714286,0,1,1,0.951219512
0,0.01369863,0.152975919,0.6,0,0,0.244897959,0.5,1,0.666666667,0.857142857,0.6,1,0,0.951219512
0,0.589041096,0.084705858,0.133333333,0,0,0.397959184,0.5,0.266666667,0.833333333,0.428571429,0.2,0.5,1,0.951219512
0,0.287671233,0.196411646,0.4,0,0,0.43877551,0.5,0.066666667,0,0.071428571,0.2,1,0,0.951219512
0,0.273972603,0.05890746,0.733333333,0,0,0.295918367,0.5,0.466666667,0.666666667,0.571428571,0.2,1,0,0.951219512
0,0.01369863,0.119294507,0.4,0,0,0.142857143,0.5,0.066666667,0.666666667,0.857142857,0.6,1,1,0.951219512
0,0.452054795,0.042347179,0.533333333,0,0,0.397959184,0.5,0.733333333,0.5,0.428571429,0.8,1,0,0.951219512
0,0.04109589,0.076262672,0.533333333,0,0,0.295918367,0.5,0.733333333,0.666666667,0.571428571,0.6,1,0,0.951219512
1,0.328767123,0.15358142,0.866666667,0,0.554407713,0.5,0.5,0.8,0.333333333,0.714285714,0,1,1,0.951219512
0,0.383561644,0.012180378,0.466666667,0,0,0.397959184,0.5,0.133333333,0.333333333,0.214285714,0,1,1,0.951219512
1,0.356164384,0.021419172,0.6,0,0,0.397959184,0.5,1,0.333333333,0.214285714,0,1,1,0.951219512
0,0.479452055,0.110849968,0.533333333,0,0,0.479591837,0.5,0.733333333,0.333333333,0.5,0,0.5,1,0.951219512
0,0.123287671,0.134732413,0.533333333,0,0,0.397959184,0.5,0.733333333,0.666666667,0.5,0.8,1,0,0.951219512
0,0.410958904,0.086201683,0.133333333,0,0,0.397959184,0.5,0.266666667,0.666666667,0.5,0.8,1,0,0.146341463
0,0.219178082,0.09143064,0.533333333,0,0,0.397959184,0.5,0.733333333,0.333333333,0.071428571,0.6,1,0,0.951219512
1,0.630136986,0.043299067,0.866666667,0,0,0.397959184,0.5,0.8,0.333333333,0.714285714,0,0.75,1,0.463414634
0,0.150684932,0.023396691,0.866666667,0,0,0.397959184,0.5,0.8,0.666666667,0.928571429,0.2,1,0,0.951219512
0,0.054794521,0.115375326,0.8,0,0,0.295918367,0.5,0.6,0.666666667,0.857142857,0.6,1,1,0.951219512
1,0.219178082,0.168117501,0.6,0,0,0.408163265,0.5,1,0.333333333,0.214285714,0,1,1,0.951219512
0,0.287671233,0.064162802,0.6,0,0,0.602040816,0.5,1,0.666666667,0.857142857,0.2,1,1,0.951219512
0,0.342465753,0.017354536,0.666666667,0,0,0.448979592,0.5,0.533333333,0.333333333,0.571428571,0,1,1,0.951219512
0,0.397260274,0.109144417,0.533333333,0,0,0.295918367,0.5,0.733333333,0,0.857142857,0.8,1,0,0.951219512
0,0.109589041,0.178905566,0.533333333,0,0,0.428571429,0.5,0.733333333,0.666666667,0.428571429,0.4,0.5,0,0.951219512
1,0.561643836,0.071045893,0.533333333,0,0,0.397959184,0.5,0.733333333,0.333333333,1,0,1,1,0.951219512
1,0.479452055,0.066488737,0.6,0,0,0.397959184,0.5,1,0.333333333,0.285714286,0,1,1,0.951219512
0,0.287671233,0.052278747,0.6,0,0,0.397959184,0.5,1,0.833333333,0.714285714,0.8,1,0,0.268292683
1,0.643835616,0.10230936,0.866666667,0,0.554407713,0.5,0.75,0.8,0.333333333,0.714285714,0,1,1,0.951219512
1,0.479452055,0.273168191,0.8,0,0,0.397959184,0.5,0.6,0.333333333,0.714285714,0,0.5,1,0.951219512
0,0.287671233,0.209596006,0.533333333,0,0,0.397959184,0.5,0.733333333,0,0.428571429,0.2,1,1,0.951219512
1,0.506849315,0.052377521,0.6,0,0,0.397959184,0.125,1,0.333333333,0.214285714,0,1,1,0.951219512
1,0.479452055,0.187503002,1,0,0,0.602040816,0.75,0.666666667,0.333333333,0.714285714,0,1,1,0.951219512
0,0.369863014,0.156880216,0.133333333,0,0,0.397959184,0.5,0.266666667,0.333333333,1,0,1,1,0.634146341
0,0.397260274,0.126533456,0.6,0,0,0.397959184,0.5,1,0.333333333,0.214285714,0.4,0.25,1,0.463414634
0,0.095890411,0.155127984,0.6,0,0,0.326530612,0.5,1,0.666666667,0.857142857,0.2,1,1,0.951219512
0,0.082191781,0.142569421,0.6,0,0,0.397959184,0.5,1,0.333333333,0.071428571,1,1,0,0.951219512
0,0.342465753,0.092862193,0.6,0,0,0.295918367,0.5,1,0,0.214285714,0.8,1,1,0.951219512
1,0.356164384,0.136996107,0.866666667,0.051780518,0,0.397959184,0.5,0.8,0.333333333,0.714285714,0,1,1,0.951219512
0,0.068493151,0.102552914,0.533333333,0,0,0.397959184,0.5,0.733333333,0.666666667,0.5,0.6,1,1,0.951219512
0,0.561643836,0.107111422,0.333333333,0,0,0.397959184,0.5,0,0.833333333,0.785714286,0.2,1,0,0.951219512
0,0.205479452,0.023314153,0.6,0,0,0.653061224,0.75,1,0.333333333,0.357142857,0,1,1,0.951219512
0,0.150684932,0.143885286,0.533333333,0,0,0.244897959,0.5,0.733333333,0.666666667,0.571428571,0.6,1,0,0.951219512
0,0.164383562,0.03386746,0.533333333,0,0,0.397959184,0.5,0.733333333,0.333333333,0.571428571,0.4,0.25,0,0
0,0.136986301,0.074591625,0.6,0,0,0.397959184,0.875,1,0.666666667,0.214285714,0.4,1,1,0.951219512
0,0.219178082,0.017355889,0.8,0,0,0.346938776,0.75,0.6,0.333333333,0.214285714,0,1,1,0.951219512
0,0.123287671,0.139985049,0.533333333,0,0,0.397959184,0.5,0.733333333,0.666666667,0.428571429,0.2,1,1,0.951219512
0,0.095890411,0.259664505,0.6,0,0,0.397959184,0.5,1,0.666666667,0.071428571,0.2,1,0,0.951219512
0,0,0.103626578,0.333333333,0,0,0.153061224,0.5,0,0.666666667,0.571428571,0.6,1,1,0.951219512
1,0.397260274,0.152814226,0.8,0,0,0.448979592,0.5,0.6,0.333333333,0.214285714,0,1,1,0.951219512
0,0.123287671,0.041341168,0.533333333,0,0,0.295918367,0.25,0.733333333,0.666666667,0.428571429,0.6,0,1,0.951219512
0,0.232876712,0.239908938,0.533333333,0,0,0.397959184,0.5,0.733333333,0.333333333,0.214285714,0,1,1,0.268292683
0,0.178082192,0.205884522,0.8,0,0,0.397959184,0.5,0.6,0.333333333,0.571428571,1,1,0,0.951219512
0,0.315068493,0.244806392,0.533333333,0,0,0.397959184,0.5,0.733333333,0,0.071428571,0.6,1,1,0.951219512
0,0.315068493,0.15136576,0.6,0,0,0.5,0.5,1,0.666666667,0.285714286,0.2,1,1,0.951219512
1,0.397260274,0.073633648,0.8,0.150241502,0,0.397959184,0.25,0.6,0.333333333,0.785714286,0,1,1,0.951219512
0,0.219178082,0.111931751,0.2,0,0,0.295918367,0,0.333333333,0.666666667,0,0.2,1,0,0.951219512
0,0.191780822,0.392003329,0.6,0,0,0.397959184,0.5,1,0.5,1,0.2,0.5,1,0
0,0.246575342,0.072867808,0.733333333,0,0,0.448979592,0.5,0.466666667,0.333333333,0.214285714,0,1,1,0.951219512
0,0.02739726,0.142181089,0.6,0,0,0.091836735,0.5,1,0.666666667,0.071428571,0.6,1,0,0.951219512
0,0.095890411,0.072419264,0.8,0,0,0.602040816,0.5,0.6,0.666666667,0.857142857,0.2,1,0,0.951219512
1,0.342465753,0.734156679,0.8,0,0,0.602040816,0.625,0.6,0.333333333,0.857142857,0,1,1,0.951219512
0,0.301369863,0.100206682,0.6,0,0,0.37755102,0.5,1,0,0.285714286,0.2,1,1,0.951219512
0,0.095890411,0.146206486,0.8,0,0,0.397959184,0.5,0.6,0.666666667,0.857142857,0.6,0.5,0,0.951219512
0,0.01369863,0.005258048,0.6,0,0,0.153061224,0,1,0.666666667,0,0.2,0.25,0,0.951219512
1,0.273972603,0.012342747,0.8,0,0.554407713,0.5,0.625,0.6,0.333333333,0.857142857,0,1,1,0.951219512
1,0.356164384,0.089636463,0.8,0,0,0.397959184,0.125,0.6,0.666666667,0.285714286,0.2,1,1,0.951219512
0,0.410958904,0.109491481,0.533333333,0,0,0.397959184,0.25,0.733333333,1,0.285714286,0.8,1,0,0.951219512
1,0.356164384,0.070743481,0.533333333,0,0,0.357142857,0.5,0.733333333,0.333333333,0.285714286,1,1,0,0.780487805
1,0.287671233,0.221492915,0.866666667,0,0,0.397959184,0.5,0.8,0,0.928571429,0.8,1,0,0
0,0.369863014,0.039904879,0.6,0,0,0.5,0.5,1,0,0.285714286,0.2,1,1,0.951219512
0,0.301369863,0.064849487,0.666666667,0,0,0.397959184,0.5,0.533333333,0.333333333,0.214285714,0,1,1,0.951219512
0,0.04109589,0.147618419,0.266666667,0,0,0.397959184,0.5,0.4,0.666666667,0.428571429,0.6,1,1,0.951219512
1,0.273972603,0.200529729,0.8,0,0,0.448979592,0.5,0.6,0.333333333,0.214285714,0,1,1,0.951219512
0,0.561643836,0.183578409,0.8,0,0,0.397959184,0.25,0.6,0.666666667,0.714285714,0.2,1,0,0.951219512
0,0.04109589,0.112462156,0.6,0,0,0.397959184,0.875,1,0.666666667,0.357142857,0.2,1,1,0.951219512
0,0.342465753,0.221811564,0.6,0,0,0.397959184,0.25,1,0.333333333,0.071428571,1,1,0,0.951219512
0,0.328767123,0.073586967,0.533333333,0,0,0.397959184,0.5,0.733333333,0,1,0.2,1,1,0.951219512
0,0.328767123,0.16289328,0.933333333,0,0,0.5,0.5,0.933333333,0.333333333,0.857142857,0,1,1,0.951219512
1,0.342465753,0.048119395,0.533333333,0,0,0.397959184,0.875,0.733333333,0.333333333,0.285714286,0,1,1,0.951219512
0,0.054794521,0.142211533,0.666666667,0,0,0.397959184,0.5,0.533333333,0.666666667,0.071428571,0.6,1,0,0.951219512
0,0.164383562,0.053623703,0.6,0,0,0.397959184,0.5,1,0.666666667,0.857142857,0.2,1,0,0.951219512
1,0.246575342,0.044317932,0.533333333,0,0,0.448979592,0.5,0.733333333,0.333333333,0.285714286,0,1,1,0.951219512
0,0.465753425,0.057316244,0.2,0,0,0.397959184,0.25,0.333333333,0.333333333,1,0,1,1,0.951219512
0,0.191780822,0.093388539,0.4,0,0,0.5,0.5,0.066666667,0,0.357142857,0.2,1,1,0.951219512
0,0.397260274,0.014816844,0.533333333,0,0,0.397959184,0.5,0.733333333,0.333333333,0.428571429,0,1,1,0.951219512
1,0.301369863,0.024075258,0.8,0,0,0.5,0.5,0.6,0,0.285714286,0.8,1,0,0.951219512
0,0.369863014,0.209414694,1,0,0,0.193877551,0.5,0.666666667,0.333333333,0.714285714,0,1,1,0.951219512
0,0.684931507,0.28356454,0.533333333,0,0,0.010204082,0.75,0.733333333,0.333333333,0.071428571,1,1,0,0.951219512
0,0.219178082,0.111581981,0.533333333,0,0,0.397959184,0.25,0.733333333,0.333333333,1,0,0.5,1,0.951219512
0,0.260273973,0.105852386,0.8,0,0,0.397959184,0.5,0.6,0.666666667,1,0.2,1,1,0.951219512
0,0.205479452,0.203041035,0.8,0,0,0.397959184,0.5,0.6,0.666666667,0.285714286,0.2,1,0,0.951219512
0,0.082191781,0.013980644,0.6,0.04101041,0,0.397959184,0.5,1,0.666666667,1,0.2,1,1,0.951219512
0,0.02739726,0.123112884,0.6,0,0,0.142857143,0.875,1,0.666666667,0.071428571,0.6,1,0,0.951219512
1,0.493150685,0.160846078,0.8,0,0,0.5,0.5,0.6,0.333333333,0.285714286,0,0.5,1,0.951219512
0,0.01369863,0.067553607,0.6,0,0,0.193877551,0,1,0.666666667,0,0.6,0.75,0,0
0,0.315068493,0.136631453,0.533333333,0,0,0.5,0.5,0.733333333,0.333333333,0.5,0,1,1,0.951219512
1,0.602739726,0.149063503,0.933333333,0,0,0.397959184,0,0.933333333,0.333333333,0,0,1,1,0.951219512
0,0.178082192,0.014473163,0.533333333,0,0,0.397959184,0.5,0.733333333,0.666666667,0.857142857,0.6,1,1,0.951219512
1,0.191780822,0.102805262,0.533333333,0,0,0.551020408,0.25,0.733333333,0.333333333,0.785714286,0,1,1,0.951219512
0,0.164383562,0.269306515,0.8,0,0,0.397959184,0,0.6,0.666666667,0,0.2,1,1,0.951219512
0,0.493150685,0.103821421,0.533333333,0,0,0.397959184,0.5,0.733333333,0.333333333,0.214285714,0,1,1,0.951219512
0,0.082191781,0.104343708,0.533333333,0,0,0.397959184,0.5,0.733333333,0.333333333,0.071428571,0,1,1,0.951219512
0,0.410958904,0.049281686,0.533333333,0,0,0.397959184,0.5,0.733333333,0,0.571428571,0.2,0.25,0,0.951219512
0,0.068493151,0.124928033,0.533333333,0,0,0.397959184,0.5,0.733333333,0.666666667,0.214285714,0.6,1,1,0.951219512
0,0.123287671,0.229053896,0.133333333,0,0,0.397959184,0.5,0.266666667,0.666666667,1,0.2,1,1,0
0,0.315068493,0.144604446,0.533333333,0,0,0.193877551,0.5,0.733333333,0.333333333,1,0,1,1,0.951219512
1,0.315068493,0.121138748,0.8,0,0,0.397959184,0.5,0.6,0.333333333,0.285714286,0,0.25,1,0.073170732
0,0.164383562,0.065851439,0.533333333,0,0,0.397959184,0.5,0.733333333,0.333333333,0.214285714,0,1,1,0.951219512
1,0.410958904,0.099749343,0.533333333,0,0,0.397959184,0.75,0.733333333,0.333333333,0.214285714,0,1,1,0.951219512
0,0.315068493,0.039561198,0.733333333,0,0,0.397959184,0.5,0.466666667,0.666666667,0.928571429,0.2,0.5,1,0.951219512
0,0.794520548,0.1172561,0.333333333,0,0,0.316326531,0.5,0,1,0.928571429,0.2,1,0,0.951219512
0,0.534246575,0.020215612,0.8,0,0,0.397959184,0.75,0.6,0.333333333,0.571428571,0,1,1,0.951219512
0,0.561643836,0.062970743,0.533333333,0,0,0.397959184,0.5,0.733333333,0.333333333,0.5,0,1,1,0.780487805
1,0.547945205,0.217803757,0.6,0.093860939,0,0.397959184,0.5,1,0.333333333,0.214285714,1,1,0,0.951219512
0,0.465753425,0.121981713,0.8,0,0,0.346938776,0.5,0.6,0.666666667,0.714285714,0.2,0.25,0,0.731707317
0,0.287671233,0.126871725,0.533333333,0,0,0.397959184,0.5,0.733333333,0,0.5,0.6,1,1,0.951219512
0,0.328767123,0.112403974,0.533333333,0,0,0.397959184,0.5,0.733333333,0.333333333,0.214285714,0,0.25,1,0.87804878
0,0.191780822,0.07727139,0.6,0,0,0.397959184,0.5,1,0.333333333,0.214285714,0,1,1,0.951219512
0,0.164383562,0.067481894,0.533333333,0,0,0.5,0.5,0.733333333,0,0.214285714,0.2,1,0,0.951219512
0,0.657534247,0.142428025,0.666666667,0,0,0.397959184,0.5,0.533333333,0,0.285714286,0.2,1,0,0.951219512
1,0.547945205,0.14452732,0.6,0,0,0.448979592,0.75,1,0.333333333,1,0,1,1,0.951219512
1,0.383561644,0.033556252,0.866666667,0,0,0.367346939,0.25,0.8,0.333333333,0.714285714,0,1,1,0.951219512
0,0.232876712,0.086411409,0.533333333,0,0,0.448979592,0.5,0.733333333,0.666666667,0.214285714,0.6,1,1,0.951219512
0,0.424657534,0.113767197,0.333333333,0,0,0.397959184,0.5,0,0.333333333,0.5,0,0.5,1,0.951219512
1,0.356164384,0.093526552,0.866666667,0,0,0.397959184,0.5,0.8,0.333333333,0.714285714,0,1,1,0.951219512
0,0.397260274,0.179983966,0.8,0,0,0.448979592,0.625,0.6,0.333333333,0.857142857,0,1,1,0.951219512
0,0.205479452,0.075193067,0.333333333,0,0,0.397959184,0.5,0,0.833333333,0.214285714,0.2,1,1,0.951219512
0,0.520547945,0.0990153,0.533333333,0,0,0.397959184,0.5,0.733333333,1,0.071428571,0.2,1,0,0.951219512
1,0.315068493,0.164763229,0.866666667,0,0,0.397959184,0.875,0.8,0.333333333,0.785714286,0,1,1,0.951219512
1,0.219178082,0.201132524,0.6,0.07298073,0,0.5,0.5,1,0.333333333,1,0,0.5,1,0.951219512
1,0.589041096,0.255033607,0.533333333,0,0,0.397959184,0.5,0.733333333,0.333333333,0.857142857,0,1,1,0.951219512
0,0.589041096,0.10016406,0.6,0,0,0.397959184,0.5,1,0.333333333,0.214285714,0,1,1,0.097560976
1,0.136986301,0.132798869,0.6,0,0,0.448979592,0.75,1,0.333333333,0.285714286,0,1,1,0.951219512
1,0.383561644,0.256610616,0.8,0.076880769,0,0.5,0.125,0.6,0.333333333,0.785714286,0,1,1,0.951219512
0,0.465753425,0.069507447,0.533333333,0,0,0.397959184,0.5,0.733333333,0.333333333,0.214285714,0,1,1,0.951219512
0,0.205479452,0.016767978,0.533333333,0,0,0.397959184,0.5,0.733333333,0.666666667,0.5,0.2,1,1,0.585365854
1,0.479452055,0.162113909,0.866666667,0,0.584710744,0.397959184,0.5,0.8,0,0.714285714,0.8,1,0,0.951219512
0,0.095890411,0.178021331,0.6,0,0,0.397959184,0.875,1,0.666666667,0.5,0.6,1,0,0.951219512
0,0.095890411,0.274256739,0.8,0,0,0.295918367,0.5,0.6,0.666666667,0.714285714,0.6,1,1,0.951219512
0,0.191780822,0.26881332,0.8,0,0,0.357142857,0.5,0.6,0.333333333,0.5,0,0.75,1,0.634146341
0,0.260273973,0.066965696,0.733333333,0,0,0.397959184,0.5,0.466666667,0,0.857142857,0.8,1,0,0.951219512
0,0.561643836,0.056475985,0.6,0,0,0.602040816,0.75,1,0.333333333,0.357142857,0,1,1,0.951219512
0,0.02739726,0.210758297,0.333333333,0,0,0.397959184,0.5,0,0.666666667,0.214285714,0.2,1,1,0.951219512
0,0.205479452,0.04553164,0.8,0,0,0.397959184,0.5,0.6,0.333333333,0.714285714,0,0.25,1,0.463414634
0,0.150684932,0.204992169,0.533333333,0,0,0.397959184,0.5,0.733333333,0.666666667,0.071428571,0.4,0.5,1,0
0,0.164383562,0.098082355,0.866666667,0,0,0.448979592,0.5,0.8,0.666666667,0.285714286,0.2,1,0,0.951219512
0,0.02739726,0.016945231,0.533333333,0.010550106,0,0.112244898,0,0.733333333,0.666666667,0,0.6,1,0,0.951219512
1,0.547945205,0.074938689,0.933333333,0.150241502,0,0.5,0.625,0.933333333,0.333333333,0.714285714,0,0.25,1,0.463414634
1,0.287671233,0.035922103,0.6,0,0,0.397959184,0.5,1,0.333333333,0.214285714,0,1,1,0.951219512
0,0.109589041,0.160139773,0.333333333,0,0,0.397959184,0.5,0,0.333333333,0.5,0,1,1,0.317073171
1,0.602739726,0.356723259,0.6,0,0,0.448979592,0.5,1,0.333333333,0.285714286,0,1,1,0.951219512
0,0.780821918,0.151359671,0.2,0,0,0.193877551,0.875,0.333333333,1,0.428571429,0.2,1,0,0.951219512
0,0.095890411,0.138904618,0.533333333,0,0,0.602040816,0.5,0.733333333,0.333333333,0.357142857,0,1,1,0.951219512
0,0.547945205,0.142026162,0.6,0,0,0.602040816,0.75,1,0.333333333,0.285714286,1,1,0,0.951219512
1,0.356164384,0.152699891,0.6,0,0,0.397959184,0.5,1,0.333333333,0.928571429,0,1,1,0.951219512
0,0.082191781,0.327830379,0.733333333,0,0,0.346938776,0.5,0.466666667,0.666666667,0.857142857,0.6,1,0,0.951219512
1,0.068493151,0.146146274,0.6,0,0,0.397959184,0.5,1,0.166666667,0.571428571,1,1,0,0.951219512
0,0.493150685,0.153030042,0.666666667,0,0.340909091,0.397959184,0.5,0.533333333,0.333333333,0.285714286,0,1,1,0.951219512
0,0.616438356,0.224405408,0.333333333,0,0,0.397959184,0.5,0,1,0.071428571,0.6,0.5,0,0.951219512
0,0.383561644,0.107319119,0.533333333,0.048650487,0,0.397959184,0.125,0.733333333,0,0.928571429,0.2,1,0,0.951219512
0,0.260273973,0.234834231,0.4,0,0,0.397959184,0.5,0.066666667,0.333333333,0.428571429,0,0.75,1,0.951219512
0,0.164383562,0.169821022,0.533333333,0,0,0.551020408,0.5,0.733333333,0.833333333,0.642857143,0.8,0.5,0,0.951219512
0,0.246575342,0.09615287,0.533333333,0,0,0.397959184,0.5,0.733333333,0.666666667,0.428571429,0.2,1,1,0.951219512
0,0.02739726,0.050895905,0.533333333,0,0,0.43877551,0,0.733333333,0.666666667,0,0.6,1,1,0.268292683
1,0.452054795,0.294198354,0.866666667,0,0,0.397959184,0.625,0.8,0.333333333,0.285714286,0,1,1,0.951219512
0,0.260273973,0.078634612,0.533333333,0,0,0.193877551,0.5,0.733333333,0,0.571428571,0.2,1,0,0.951219512
0,0.04109589,0.014854731,0.6,0,0,0.193877551,0.5,1,0.666666667,0.571428571,0.6,1,1,0.951219512
0,0.246575342,0.173880246,0.8,0,0,0.602040816,0.75,0.6,0.666666667,0.571428571,0.2,0.5,0,0.951219512
0,0.191780822,0.224603634,0.533333333,0,0,0.43877551,0.625,0.733333333,0.666666667,0.214285714,0.2,1,1,0.951219512
0,0.356164384,0.090302175,0.8,0,0,0.397959184,0.5,0.6,0.333333333,0.285714286,0,1,1,0.951219512
0,0.232876712,0.068504819,0.866666667,0,0,0.397959184,0.5,0.8,0.666666667,0.285714286,0.6,1,1,0.951219512
0,0.671232877,0.050088119,0.533333333,0,0,0.214285714,0.5,0.733333333,1,1,0.2,1,1,0.951219512
1,0.383561644,0.158719721,0.8,0,0,0.724489796,0.5,0.6,0.333333333,0.285714286,0,1,1,0.048780488
0,0.273972603,0.085121929,0.533333333,0,0,0.397959184,0.5,0.733333333,0.833333333,0.214285714,0.8,1,0,0.951219512
0,0.287671233,0.120744326,0.4,0,0,0.397959184,0.5,0.066666667,0.333333333,0.214285714,0,1,1,0.951219512
0,0.410958904,0.178086279,0.6,0,0,0.724489796,0.25,1,0,0.071428571,0.2,1,0,0.951219512
1,0.369863014,0.032339838,0.533333333,0,0,0.448979592,0.625,0.733333333,0.333333333,0.214285714,0,1,1,0.951219512
0,0.04109589,0.153325012,0.533333333,0,0,0.397959184,0.5,0.733333333,0.666666667,0.214285714,0.4,1,1,0.195121951
0,0.575342466,0.074134962,0.533333333,0,0,0.397959184,0.5,0.733333333,0,0.571428571,0.2,0.5,0,0.951219512
1,0.369863014,0.077935073,0.6,0.076880769,0,0.397959184,0.5,1,0.333333333,0.928571429,0,1,1,0.951219512
0,0.136986301,0.091707343,0.6,0,0,0.37755102,0.5,1,0.666666667,0.428571429,0.2,1,1,0.951219512
0,0.506849315,0.118665327,0.6,0,0,0.37755102,0.875,1,0,0.071428571,0.2,1,0,0.951219512
0,0.383561644,0.094398609,0.866666667,0,0,0.357142857,0.5,0.8,0.833333333,0.928571429,0.8,1,0,0.951219512
0,0.821917808,0.082160725,0.2,0,0,0.397959184,0.5,0.333333333,0.333333333,0.214285714,0,1,1,0.951219512
0,0.205479452,0.076835023,0.533333333,0,0,0.397959184,0.125,0.733333333,0,0.214285714,0.8,1,1,0.951219512
0,0.164383562,0.032234975,0.8,0,0,0.397959184,0.125,0.6,0.666666667,0.714285714,0.2,1,0,0.951219512
1,0.301369863,0.176349607,0.8,0,0,0.448979592,0.5,0.6,0.333333333,0.214285714,0,1,1,0.951219512
1,0.205479452,0.078049408,0.533333333,0,0,0.459183673,0.5,0.733333333,0.333333333,0.857142857,0,1,1,0.951219512
0,0.082191781,0.119870917,0.666666667,0,0,0.295918367,0.5,0.533333333,0.333333333,0.5,0.6,1,0,0.951219512
0,0.219178082,0.130817967,0.733333333,0,0,0.193877551,0.5,0.466666667,0.5,0.214285714,0.2,1,1,0.951219512
1,0.260273973,0.102232235,0.666666667,0,0,0.397959184,0.5,0.533333333,0.333333333,0.714285714,1,1,0,0.951219512
0,0.260273973,0.085686838,0.533333333,0,0,0.704081633,0.75,0.733333333,0.333333333,0.357142857,0,1,1,0.951219512
0,0.123287671,0.396973172,0.533333333,0,0,0.367346939,0.5,0.733333333,0.666666667,0.285714286,0.2,0.5,0,0.951219512
0,0.205479452,0.181816029,0.533333333,0,0,0.397959184,0.5,0.733333333,0.333333333,0.5,0,1,1,0.951219512
0,0.452054795,0.201938956,0.8,0,0,0.346938776,0.5,0.6,0.333333333,0.857142857,0,1,1,0.951219512
1,0.328767123,0.107792695,0.733333333,0,0,0.448979592,0.5,0.466666667,0.333333333,0.928571429,0,1,1,0.951219512
0,0.191780822,0.156610277,0.266666667,0,0,0.193877551,0.5,0.4,0.666666667,0.571428571,0.8,1,0,0.951219512
0,0.164383562,0.047843368,0.533333333,0,0,0.397959184,0.5,0.733333333,0.333333333,0.571428571,1,1,0,0.951219512
0,0.164383562,0.157146771,0.533333333,0,0,0.397959184,0.5,0.733333333,0,0.5,0.8,1,1,0.951219512
0,0.178082192,0.081373912,0.6,0,0,0.397959184,0.5,1,0.666666667,0.214285714,0.8,1,1,0.951219512
1,0.356164384,0.093107776,0.533333333,0,0,0.418367347,0.5,0.733333333,0.333333333,0.214285714,0,1,1,0.951219512
0,0.410958904,0.176902338,0.8,0,0,0.5,0.25,0.6,0.666666667,0.714285714,0.2,1,0,0.951219512
0,0.150684932,0.151915785,0.266666667,0,0,0.346938776,0.5,0.4,0.666666667,0.642857143,0.2,1,0,0.634146341
1,0.150684932,0.293305325,0.866666667,0,0,0.5,0.875,0.8,0.333333333,0.714285714,1,1,0,0.951219512
0,0.068493151,0.066243154,0.8,0,0,0.397959184,0.5,0.6,0.666666667,0.714285714,0.2,1,1,0.951219512
0,0.849315068,0.076082713,0.6,0,0,0.193877551,0.5,1,0.333333333,0.714285714,0.4,1,1,0.951219512
0,0.438356164,0.126718828,0.533333333,0,0,0.5,0.75,0.733333333,0.333333333,0.214285714,0,1,1,0.634146341
0,0,0.037563383,0.333333333,0,0,0.397959184,0,0,0.666666667,0,0.6,1,1,0.951219512
0,0.520547945,0.013314255,0.6,0,0,0.397959184,0.125,1,0.333333333,0.071428571,0,1,1,0.951219512
1,0.260273973,0.079349712,0.733333333,0,0,0.602040816,0.5,0.466666667,0.333333333,0.857142857,0,1,1,0.951219512
1,0.630136986,0.042979065,0.933333333,1,0,0.602040816,0.5,0.933333333,0.333333333,0.714285714,0,1,1,0.951219512
0,0.465753425,0.030319698,0.266666667,0,0,0.397959184,0.5,0.4,0.333333333,0.214285714,0,1,1,0.951219512
0,0.643835616,0.106643935,0.2,0,0,0.030612245,0,0.333333333,1,0,0.2,1,0,0.951219512
0,0.356164384,0.12342815,0.533333333,0,0,0.346938776,0.75,0.733333333,0,0.214285714,0.6,1,1,0.951219512
0,0.178082192,0.068704397,0.666666667,0.031370314,0,0.602040816,0.75,0.533333333,0.333333333,0.857142857,0,1,1,0.268292683
0,0.383561644,0.110752546,0.533333333,0,0,0.37755102,0.5,0.733333333,0,0.285714286,0.8,1,0,0.951219512
0,0.164383562,0.11127348,0.933333333,0,0,0.551020408,0.5,0.933333333,0.666666667,0.714285714,0.2,0.25,1,0.951219512
0,0.465753425,0.007075228,0.533333333,0,0.399449036,0.397959184,0.75,0.733333333,0.333333333,0.357142857,0,1,1,0.951219512
0,0.287671233,0.18962327,0.6,0,0,0.5,0.5,1,0.666666667,0.857142857,0.6,1,0,0.951219512
0,0.04109589,0.023944686,0.533333333,0,0,0.397959184,0.5,0.733333333,0.666666667,0.214285714,0.6,1,1,0.951219512
0,0.273972603,0.011859023,0.533333333,0,0,0.857142857,0.75,0.733333333,0.666666667,0.357142857,0.6,1,1,0.951219512
0,0.136986301,0.135505695,0.6,0,0.395087236,0.193877551,0.5,1,0.666666667,0.571428571,0.6,1,1,0.951219512
1,0.301369863,0.157476245,0.8,0,0,0.5,0.5,0.6,0.333333333,0.714285714,0,1,1,0.951219512
0,0.04109589,0.216765272,0.133333333,0,0,0.397959184,0.5,0.266666667,0.333333333,0.214285714,0,1,1,0.634146341
0,0.356164384,0.318760719,0.266666667,0,0,0.397959184,0.5,0.4,0.333333333,0.285714286,0,1,1,0.634146341
0,0.205479452,0.199624522,0.533333333,0,0,0.397959184,0.5,0.733333333,0,0.071428571,0.2,0.5,0,0.951219512
1,0.232876712,0.168117501,0.6,0,0,0.520408163,0.25,1,0.333333333,0.428571429,0,1,1,0.951219512
0,0.04109589,0.177996976,0.533333333,0,0,0.448979592,0.5,0.733333333,0.666666667,0.428571429,0.4,1,1,0.951219512
0,0.369863014,0.136072633,0.133333333,0,0,0.397959184,0.5,0.266666667,0.333333333,0.5,0,1,1,0.634146341
0,0.04109589,0.178021331,0.6,0,0,0.193877551,0.5,1,0.666666667,0.857142857,0.6,1,0,0.951219512
0,0.328767123,0.145306691,0.6,0,0,0.397959184,0.75,1,0.833333333,0.214285714,0.2,1,1,0.951219512
0,0.98630137,0.09509003,0.8,0,0,0.397959184,0.5,0.6,0.333333333,0.857142857,0,1,1,0.951219512
0,0.068493151,0.211585702,0.466666667,0,0,0.346938776,0.5,0.133333333,0.666666667,0.785714286,0.6,0.5,1,0.951219512
0,0.123287671,0.221938077,0.8,0,0,0.397959184,0.5,0.6,0.666666667,0.071428571,0.2,1,0,0.951219512
0,0.191780822,0.104886291,0.8,0,0,0.397959184,0.5,0.6,0.333333333,0.285714286,0,1,1,0.951219512
0,0.054794521,0.154100324,0.6,0,0,0.244897959,0.5,1,0.666666667,0.428571429,0.6,1,1,0.951219512
0,0.232876712,0.078296344,0.533333333,0,0,0.397959184,0.5,0.733333333,0.666666667,0.928571429,0.4,1,0,0.951219512
0,0.506849315,0.031535435,0.6,0,0.362488522,0.479591837,0.75,1,0.333333333,0.214285714,0,1,1,0.951219512
0,0.02739726,0.168440209,0.533333333,0,0,0.193877551,0.5,0.733333333,0.666666667,0.428571429,0.6,1,1,0.951219512
1,0.150684932,0.12079642,0.533333333,0,0,0.5,0.75,0.733333333,0.333333333,0.857142857,0,1,1,0.951219512
0,0.082191781,0.053381503,0.8,0,0,0.193877551,0.5,0.6,0.333333333,0.571428571,0,1,1,0.951219512
0,0.164383562,0.119492732,0.8,0,0,0.418367347,0.25,0.6,0.666666667,0.714285714,0.6,0.5,0,0.951219512
0,0.438356164,0.08998285,0.133333333,0,0,0.397959184,0.25,0.266666667,0.333333333,0.571428571,0,1,1,0.951219512
0,0.643835616,0.118607821,0.6,0,0,0.397959184,0.5,1,1,0.071428571,0.2,1,0,0.951219512
1,0.232876712,0.132183896,0.866666667,0,0,0.408163265,0.25,0.8,0.333333333,0.714285714,0,1,1,0.951219512
0,0.01369863,0.151412441,0.533333333,0,0,0.397959184,0,0.733333333,0.666666667,0,0.6,1,0,0.951219512
1,0.315068493,0.100184356,0.866666667,0,0.554407713,0.448979592,0.5,0.8,0.333333333,0.285714286,0,1,1,0.951219512
0,0.301369863,0.152710039,0.533333333,0,0,0.397959184,0.5,0.733333333,1,0.071428571,0.6,1,0,0.951219512
0,0.356164384,0.159302219,0.866666667,0,0,0.602040816,0.75,0.8,0.333333333,0.857142857,0,1,1,0.951219512
0,0.232876712,0.097426114,0.533333333,0,0,0.397959184,0.875,0.733333333,0.666666667,0.428571429,0.2,0.5,1,0.951219512
0,0.082191781,0.421977992,0.6,0,0,0.397959184,0.5,1,0.666666667,0.571428571,0.6,0.5,1,0.951219512
0,0.136986301,0.128510975,0.533333333,0,0,0.397959184,0.5,0.733333333,0.333333333,0.428571429,0,1,1,0.951219512
0,0.493150685,0.11931345,0.133333333,0,0,0.397959184,0.25,0.266666667,0.333333333,0.571428571,0,1,1,0.634146341
0,0.369863014,0.010118969,0.733333333,0,0,0.397959184,0.5,0.466666667,0.333333333,0.214285714,0,1,1,0.731707317
0,0.095890411,0.100745206,0.8,0,0,0.244897959,0.5,0.6,0.666666667,0.714285714,0.2,1,1,0.951219512
0,0.191780822,0.139040602,0.533333333,0,0,0.316326531,0.5,0.733333333,0,0.857142857,0.2,1,0,0.951219512
0,0.054794521,0.099641773,0.533333333,0,0,0.5,0.5,0.733333333,0.666666667,0.5,0.2,1,1,0.951219512
1,0.452054795,0.135991449,0.6,0,0,0.479591837,0.5,1,0.333333333,0.214285714,0,1,1,0.951219512
1,0.452054795,0.193233273,0.6,0,0,0.5,0.5,1,0.333333333,0.857142857,0,0.25,1,0.951219512
0,0.369863014,0.160128271,0.8,0,0,0.653061224,0.5,0.6,0,0.071428571,0.2,0.5,1,0.951219512
0,0.356164384,0.038595103,0.533333333,0,0,0.479591837,0.5,0.733333333,0.333333333,0.5,0,1,1,0.951219512
1,0.589041096,0.123919993,0.666666667,0,0,0.602040816,0.25,0.533333333,0.333333333,0.285714286,0,1,1,0.951219512
1,0.178082192,0.005001641,0.8,0,0,0.602040816,0.5,0.6,0.166666667,0.857142857,1,0.25,0,0.731707317
0,0.643835616,0.068523085,0.733333333,0,0,0.397959184,0.125,0.466666667,0.333333333,0.785714286,0,0.5,1,0.951219512
1,0.150684932,0.072565396,0.6,0.076880769,0,0.5,0.5,1,0.333333333,0.285714286,0.6,1,1,0.951219512
0,0.438356164,0.160542312,0.4,0,0,0.653061224,0.75,0.066666667,0.333333333,0.285714286,0,1,1,0.951219512
0,0.178082192,0.130516908,0.533333333,0,0,0.397959184,0.5,0.733333333,0.666666667,0.071428571,0.6,1,0,0.951219512
0,0.232876712,0.222161334,0.6,0,0.472222222,0.346938776,0.5,1,0.333333333,0.5,0,0.5,1,0.951219512
0,0.328767123,0.12042703,0.533333333,0,0,0.397959184,0.75,0.733333333,0,0.214285714,0.2,1,1,0.951219512
0,0,0.165217862,0.333333333,0,0,0.346938776,0,0,0.666666667,0,0.6,1,1,0.951219512
0,0.109589041,0.104650856,0.533333333,0,0,0.520408163,0.5,0.733333333,0.333333333,0.857142857,0,1,1,0.951219512
0,0.369863014,0.147261208,0.733333333,0,0,0.397959184,0.5,0.466666667,1,0.071428571,0.8,1,0,0.951219512
0,0.082191781,0.125228416,0.533333333,0,0,0.367346939,0.5,0.733333333,0.666666667,0.214285714,0.6,1,1,0.634146341
0,0.178082192,0.106126384,0.533333333,0,0,0.397959184,0.5,0.733333333,0.666666667,0.928571429,0.8,1,0,0.951219512
1,0.287671233,0.070826695,0.6,0,0.433195592,0.5,0.875,1,0.333333333,0.785714286,0,1,1,0.951219512
0,0.383561644,0.129976355,0.666666667,0,0,0.193877551,0.75,0.533333333,0.333333333,0.714285714,0,1,1,0.951219512
0,0.506849315,0.170243858,0.533333333,0,0,0.5,0.625,0.733333333,0,0.857142857,0.2,1,1,0.951219512
0,0.136986301,0.196288516,0.6,0,0,0.397959184,0.5,1,0.666666667,0.5,0.6,1,1,0.951219512
0,0.095890411,0.061415384,0.533333333,0,0,0.551020408,0.5,0.733333333,0.666666667,0.857142857,0.6,1,0,0.951219512
1,0.342465753,0.160371148,0.533333333,0,0,0.397959184,0.5,0.733333333,0.333333333,0.5,0,1,1,0.951219512
0,0.191780822,0.241004252,0.733333333,0,0,0.397959184,0.5,0.466666667,0.666666667,0.714285714,0.2,0.25,1,0.951219512
0,0.150684932,0.100975229,0.8,0,0,0.346938776,0.5,0.6,0.666666667,0.928571429,0.2,1,0,0.951219512
1,0.534246575,0.080726466,0.533333333,0,0,0.397959184,0.5,0.733333333,0.333333333,0.5,0,1,1,0.512195122
0,0.205479452,0.169045034,0.533333333,0,0,0.397959184,0.5,0.733333333,0.333333333,0.5,0,1,1,0.951219512
0,0.287671233,0.214932532,0.8,0,0,0.551020408,0.5,0.6,0.666666667,0.285714286,0.2,1,1,0.951219512
0,0.205479452,0.16121885,0.8,0,0,0.5,0.25,0.6,0.666666667,0.714285714,0.2,1,0,0.951219512
1,0.369863014,0.061447181,0.933333333,0,0,0.602040816,0.75,0.933333333,0.333333333,0.714285714,0,1,1,0.951219512
0,0.136986301,0.240200526,0.666666667,0,0,0.397959184,0.5,0.533333333,0.333333333,0.357142857,0,1,1,0.951219512
0,0.424657534,0.057295948,0.533333333,0,0,0.448979592,0.75,0.733333333,0.833333333,0.571428571,0.8,1,0,0.951219512
1,0.328767123,0.095288256,0.8,0,0,0.37755102,0.125,0.6,0.333333333,0.714285714,0,1,1,0.951219512
0,0.04109589,0.311548154,0.066666667,0,0,0.295918367,0.5,0.2,0.666666667,0.357142857,0.2,1,1,0.195121951
0,0.082191781,0.139782087,0.8,0,0,0.602040816,0.5,0.6,0.666666667,0.857142857,0.6,1,0,0.951219512
0,0.095890411,0.116442225,0.533333333,0,0,0.295918367,0.5,0.733333333,0.666666667,1,0.6,0.25,1,0
0,0.123287671,0.096529025,0.6,0,0,0.397959184,0.5,1,0.333333333,0.214285714,0,1,1,0.804878049
0,0.082191781,0.076588087,0.6,0,0,0.346938776,0.5,1,0.666666667,0.571428571,0.2,0.25,0,0.975609756
0,0.150684932,0.112794336,0.533333333,0,0,0.479591837,0.5,0.733333333,0.333333333,1,0,1,1,0.951219512
0,0.465753425,0.18463719,0.533333333,0.021050211,0,0.234693878,0,0.733333333,0.333333333,0,0,1,1,0.951219512
0,0.150684932,0.200735396,0.6,0,0,0.397959184,0.5,1,0.666666667,0.071428571,0.6,0.5,0,0.56097561
0,0.301369863,0.074116696,0.533333333,0,0,0.397959184,0.875,0.733333333,0,0.571428571,0.8,0.5,0,0.951219512
1,0.123287671,0.137973026,0.733333333,0,0,0.5,0.5,0.466666667,0.333333333,0.857142857,1,1,0,0.951219512
0,0.109589041,0.112397209,0.8,0,0,0.193877551,0.5,0.6,0.666666667,0.571428571,0.2,1,0,0.951219512
0,0.369863014,0.157117004,0.533333333,0,0,0.448979592,0.5,0.733333333,0,0.214285714,0.2,1,1,0.951219512
0,0.150684932,0.012601861,0.533333333,0,0,0.397959184,0.5,0.733333333,0.333333333,0.071428571,0,1,1,0.951219512
1,0.369863014,0.137349936,0.8,0,0,0.448979592,0.5,0.6,0.333333333,0.714285714,0,1,1,0.951219512
1,0.246575342,0.022543577,0.866666667,0,0,0.602040816,0.25,0.8,0.666666667,0.714285714,0.2,1,1,0.951219512
0,0.397260274,0.106928757,0.533333333,0,0,0.397959184,0.5,0.733333333,0.833333333,1,0.2,1,1,0.951219512
1,0.191780822,0.133004536,0.533333333,0,0,0.5,0.5,0.733333333,0.333333333,0.214285714,0,1,1,0.951219512
0,0.397260274,0.158780609,0.8,0,0,0.224489796,0.75,0.6,0.666666667,0.714285714,0.2,0.5,1,0.951219512
0,0.520547945,0.159166912,0.6,0,0,0.56122449,0.5,1,0.333333333,0.857142857,0,1,1,0.951219512
0,0.01369863,0.181320804,0.533333333,0,0,0.234693878,0.5,0.733333333,0.666666667,0.857142857,0.6,1,0,0.951219512
0,0.205479452,0.123546544,0.533333333,0,0,0.397959184,0.5,0.733333333,0.333333333,0.071428571,0,1,1,0.951219512
0,0.424657534,0.108043691,0.533333333,0,0,0.142857143,0.75,0.733333333,0,0.714285714,0.2,1,1,0.951219512
0,0.260273973,0.12168539,0.533333333,0,0,0.397959184,0.125,0.733333333,0,0.071428571,0.8,1,0,0.951219512
0,0.150684932,0.127520524,0.866666667,0,0,0.397959184,0.875,0.8,0.333333333,0.285714286,1,1,0,0.951219512
0,0.02739726,0.111144938,0.4,0,0,0.602040816,0.5,0.066666667,0.666666667,0.5,0.6,1,1,0.951219512
0,0.767123288,0.379646374,0.6,0,0,0.142857143,0.5,1,0.333333333,0.714285714,0,1,1,0.951219512
1,0.821917808,0.011090477,0.866666667,0.093860939,0,0.051020408,0,0.8,0.333333333,0,0,1,1,0.951219512
1,0.383561644,0.276789695,0.533333333,0,0,0.448979592,0.5,0.733333333,0.333333333,0.5,0,1,1,0.951219512
0,0.232876712,0.127778285,0.4,0,0,0.295918367,0.5,0.066666667,0.666666667,0.214285714,0.2,1,0,0.951219512
0,0.438356164,0.131445794,0.6,0,0,0.397959184,0.875,1,0,0.071428571,0.6,1,1,0.951219512
0,0.493150685,0.211271112,0.4,0,0,0.448979592,0.5,0.066666667,0.333333333,0.214285714,0,1,1,0.951219512
0,0.095890411,0.011856317,0.6,0,0,0.397959184,0.5,1,0.666666667,0.714285714,0.6,1,0,0.951219512
1,0.835616438,0.252319339,0.8,0.093860939,0,0.448979592,0.625,0.6,0.333333333,0.285714286,0,1,1,0.951219512
1,0.465753425,0.214932532,0.6,0,0,0.071428571,0.75,1,0,0.214285714,0.2,1,1,0.951219512
0,0.150684932,0.119037423,0.6,0,0,0.397959184,0.5,1,0.666666667,0.071428571,0.2,1,0,0.951219512
0,0.246575342,0.176797475,0.8,0,0,0.448979592,0.5,0.6,0.666666667,0.285714286,0.2,1,1,0.951219512
1,0.452054795,0.097871952,0.733333333,0.03103031,0,0.397959184,0.75,0.466666667,0.333333333,0.5,0,1,1,0.951219512
0,0.397260274,0.103136765,0.866666667,0,0,0.408163265,0.5,0.8,0.333333333,0.714285714,0,1,1,0.951219512
1,0.301369863,0.147514909,0.8,0,0,0.397959184,0.5,0.6,0.333333333,0.857142857,0,1,1,0.048780488
0,0.109589041,0.192210349,0.533333333,0,0,0.448979592,0.5,0.733333333,0.666666667,0.5,0.8,0.5,1,0.951219512
1,0.479452055,0.184047926,0.6,0,0,0.448979592,0.5,1,0.333333333,0.214285714,0,1,1,0.951219512
0,0.479452055,0.089835365,0.866666667,0,0,0.397959184,0.875,0.8,0,0.714285714,0.2,1,0,0.951219512
0,0.465753425,0.127385894,0.6,0,0,0.632653061,0.5,1,0,0.071428571,0.2,1,0,0.951219512
0,0.109589041,0.128371608,0.866666667,0,0,0.448979592,0.5,0.8,0.666666667,0.285714286,0.2,1,1,0.951219512
0,0.301369863,0.111558302,0.2,0,0,0.397959184,0.5,0.333333333,0.333333333,1,0,1,1,0.951219512
0,0.452054795,0.217937035,0.933333333,0,0.365013774,0.244897959,0.5,0.933333333,0.666666667,0.714285714,0.4,0.25,0,0.073170732
0,0.178082192,0.123841514,0.533333333,0.015060151,0,0.448979592,0.125,0.733333333,0.666666667,0.071428571,0.8,0.75,0,0.951219512
0,0.260273973,0.11244186,0.533333333,0,0.383149679,0.397959184,0.5,0.733333333,0.666666667,1,0.2,1,1,0.951219512
0,0.095890411,0.013980644,0.8,0,0,0.346938776,0.25,0.6,0.666666667,0.714285714,0.2,1,1,0.951219512
0,0.04109589,0.097076344,0.533333333,0,0,0.295918367,0.5,0.733333333,0.666666667,0.214285714,0.6,1,1,0.951219512
1,0.534246575,0.214309441,0.533333333,0,0,0.397959184,0.5,0.733333333,0.333333333,0.5,0,1,1,0.536585366
0,0.082191781,0.139405933,0.733333333,0,0,0.397959184,0.5,0.466666667,0.666666667,0.857142857,0.6,1,0,0.951219512
0,0.082191781,0.227185977,0.533333333,0,0,0.397959184,0.5,0.733333333,0.666666667,1,0.6,0.5,1,0.341463415
1,0.520547945,0.097519476,0.8,0,0,0.397959184,0.5,0.6,0.333333333,0.714285714,0,1,1,0.951219512
1,0.328767123,0.126331848,0.933333333,0,0,0.397959184,0.5,0.933333333,0.333333333,0.285714286,0,1,1,0.951219512
0,0.219178082,0.100911634,0.533333333,0,0,0.397959184,0.5,0.733333333,0.333333333,0.5,0,1,1,0.951219512
0,0.438356164,0.193742706,0.533333333,0,0,0.142857143,0.5,0.733333333,0.333333333,0.857142857,0,1,1,0.634146341
0,0.095890411,0.015795794,0.6,0,0,0.397959184,0,1,0.666666667,0,0.2,1,1,0
0,0.054794521,0.037935479,0.6,0,0,0.193877551,0.5,1,0.666666667,0.857142857,0.6,1,0,0.951219512
0,0.287671233,0.160091738,0.533333333,0,0.470844812,0.397959184,0.125,0.733333333,0.333333333,1,0,1,1,0.951219512
0,0.150684932,0.12325631,0.6,0,0,0.397959184,0.5,1,0.333333333,0.071428571,0.6,1,0,0.951219512
0,0.095890411,0.172446663,0.6,0,0,0.346938776,0.5,1,0.666666667,0.571428571,0.6,1,1,0.951219512
0,0.315068493,0.01471604,0.533333333,0,0,0.704081633,0.75,0.733333333,0.666666667,0.357142857,0.2,1,1,0.951219512
0,0.657534247,0.010880074,0.533333333,0,0,0.551020408,0.75,0.733333333,0.333333333,0.857142857,0,1,1,0.951219512
0,0.205479452,0.105924776,0.533333333,0,0,0.540816327,0.5,0.733333333,0.333333333,0.571428571,0,1,1,0.951219512
0,0.589041096,0.016428356,0.266666667,0,0,0.704081633,0.75,0.4,0.333333333,1,0,1,1,0.951219512
0,0.095890411,0.123005991,0.8,0,0,0.397959184,0.75,0.6,0.666666667,0.285714286,0.6,1,1,0.951219512
0,0.301369863,0.130621772,0.733333333,0,0,0.448979592,0.5,0.466666667,1,0.071428571,0.8,1,0,0.951219512
0,0.136986301,0.169264908,0.533333333,0,0,0.295918367,0.5,0.733333333,0.666666667,0.357142857,0.6,0.5,1,0.951219512
1,0.753424658,0.072130382,1,0,0.54912764,0.051020408,0,0.666666667,0.333333333,0,0,1,1,0.951219512
0,0.205479452,0.130481728,0.8,0,0,0.397959184,0.5,0.6,0.666666667,0.214285714,0.6,1,1,0.951219512
0,0.054794521,0.125818356,0.533333333,0,0,0.295918367,0.5,0.733333333,0.666666667,0.428571429,0.6,1,0,0.951219512
1,0.109589041,0.065714779,0.6,0.086140861,0,0.448979592,0.5,1,0.666666667,0.285714286,0.2,1,0,0.951219512
0,0.232876712,0.086236862,0.6,0.021740217,0,0.5,0.5,1,0.666666667,0.285714286,0.2,1,0,0.951219512
0,0.205479452,0.030019992,0.533333333,0,0,0.397959184,0.25,0.733333333,0.666666667,1,0.2,0,1,0.951219512
0,0.109589041,0.039960355,0.066666667,0,0,0.244897959,0.5,0.2,0.666666667,0.571428571,0.4,1,1,0.195121951
0,0.191780822,0.147458757,0.8,0,0,0.397959184,0.5,0.6,0.666666667,0.857142857,0.2,1,1,0.951219512
0,0.315068493,0.085858002,0.533333333,0,0,0.397959184,0.5,0.733333333,0,0.214285714,0.2,1,1,0.951219512
0,0.835616438,0.083489444,0.6,0,0,0.397959184,0.5,1,0.333333333,0.214285714,0,1,1,0.951219512
0,0.342465753,0.116183788,0.6,0,0,0.397959184,0,1,0,0,0.8,1,1,0.951219512
0,0.684931507,0.01663673,0.533333333,0,0,0.397959184,0.75,0.733333333,0.333333333,0.357142857,0,1,1,0.951219512
1,0.410958904,0.122094695,0.533333333,0,0,0.193877551,0.75,0.733333333,0.333333333,0.5,1,1,0,0.951219512
0,0.04109589,0.074883213,0.6,0,0,0.346938776,0.5,1,0.666666667,0.857142857,0.6,1,1,0.951219512
1,0.232876712,0.149815136,0.733333333,0,0,0.5,0.5,0.466666667,0.333333333,0.714285714,0,0.5,1,0.951219512
0,0.575342466,0.113901828,0.533333333,0,0,0.397959184,0.5,0.733333333,0,0.071428571,0.2,1,0,0.951219512
1,0.452054795,0.038603221,0.666666667,0.03103031,0,0.551020408,0.5,0.533333333,0.333333333,1,0,1,1,0.951219512
0,0.315068493,0.058918284,0.333333333,0,0,0.397959184,0.5,0,0,0.5,0.8,1,0,0.951219512
0,0.479452055,0.185409796,0.533333333,0,0,0.37755102,0.5,0.733333333,0,0.5,0.2,1,0,0.951219512
1,0.191780822,0.066482649,0.533333333,0.043860439,0,0.397959184,0.5,0.733333333,0.333333333,0.5,1,1,0,0.951219512
0,0.273972603,0.137908079,0.533333333,0,0,0.448979592,0.5,0.733333333,0.666666667,0.214285714,0.2,0.5,0,0.951219512
0,0.424657534,0.070020939,0.266666667,0,0,0.43877551,0.5,0.4,0.333333333,0.214285714,0,1,1,0.951219512
0,0.164383562,0.190108347,0.6,0,0,0.397959184,0.875,1,0.666666667,0.571428571,0.8,1,0,0.951219512
0,0.164383562,0.063522798,0.8,0,0,0.346938776,0.5,0.6,0.666666667,0.071428571,0.2,1,0,0.048780488
1,0.287671233,0.060582566,0.333333333,0.03103031,0,0.397959184,0.5,0,0.333333333,1,0,1,1,0.951219512
0,0.410958904,0.005866255,0.8,0,0.399449036,0.397959184,0.125,0.6,0.333333333,0.214285714,0,1,1,0.951219512
0,0.191780822,0.101128803,0.6,0,0.470844812,0.571428571,0.5,1,0.333333333,0.857142857,0,1,1,0.951219512
0,0.698630137,0.142885364,0.533333333,0,0,0.06122449,0.5,0.733333333,1,0.571428571,0.8,1,0,0.219512195
0,0.589041096,0.109735034,0.533333333,0,0,0.397959184,0.5,0.733333333,1,0.5,0.2,1,0,0.951219512
0,0.178082192,0.025376916,0.533333333,0,0,0.397959184,0.5,0.733333333,0.666666667,0.071428571,0.2,1,1,0.951219512
1,0.671232877,0.046231856,0.6,0,0,0.397959184,0.5,1,0.666666667,0.714285714,0.2,1,0,0.951219512
0,0.164383562,0.088108165,0.533333333,0,0,0.397959184,0.75,0.733333333,0.333333333,0.5,0,1,1,0.951219512
0,0.369863014,0.048613268,0.8,0,0,0.653061224,0.5,0.6,0,0.571428571,0.2,1,0,0.951219512
0,0.561643836,0.097667637,0.066666667,0,0,0.397959184,0.25,0.2,1,0.428571429,0.8,0.5,1,0.951219512
1,0.260273973,0.270284788,0.8,0,0,0.346938776,0.5,0.6,0.666666667,0.714285714,0.6,1,0,0.951219512
0,0.315068493,0.144356156,0.8,0,0,0.397959184,0.25,0.6,0.666666667,0.785714286,0.2,1,0,0.951219512
0,0.493150685,0.154151064,0.533333333,0,0,0.602040816,0.75,0.733333333,0.333333333,0.214285714,0,1,1,0.951219512
0,0.219178082,0.194986182,0.6,0,0,0.397959184,0.5,1,0,0.5,0.2,0.5,1,0.951219512
0,0.424657534,0.061810482,0.666666667,0,0,0.408163265,0.5,0.533333333,0,0.928571429,0.8,1,0,0.951219512
0,0.178082192,0.132183896,0.8,0,0,0.602040816,0.5,0.6,0.666666667,0.928571429,0.2,1,1,0.43902439
0,0.068493151,0.093396657,0.6,0,0,0.397959184,0.5,1,0,0.928571429,0.4,1,0,0.951219512
0,0.02739726,0.107187195,0.533333333,0,0,0.193877551,0.5,0.733333333,0.666666667,0.857142857,0.6,1,1,0.951219512
0,0.123287671,0.110624681,0.533333333,0,0,0.397959184,0.5,0.733333333,0.333333333,0.214285714,0,1,1,0.951219512
0,0.01369863,0.166221843,0.533333333,0,0,0.397959184,0.5,0.733333333,0.666666667,0.5,0.2,1,1,0.951219512
1,0.301369863,0.496917358,0.8,0,0,0.551020408,0.5,0.6,0.333333333,0.714285714,0,1,1,0.951219512
1,0.260273973,0.102996722,0.866666667,0.105201052,0,0.448979592,0.75,0.8,0.666666667,0.857142857,0.2,1,1,0.951219512
0,0.794520548,0.136027305,0.533333333,0,0,0.193877551,0.75,0.733333333,0.333333333,0.357142857,0,1,1,0.951219512
0,0.150684932,0.079273264,0.333333333,0,0.513774105,0.346938776,0.5,0,1,0.071428571,0.8,1,0,0.951219512
0,0.369863014,0.123943672,0.466666667,0,0,0.357142857,0,0.133333333,0.833333333,0,0.2,1,0,0.804878049
0,0.397260274,0.270148128,0.133333333,0,0,0.397959184,0.5,0.266666667,1,0.5,0.8,1,0,0.634146341
0,0.164383562,0.078736093,0.533333333,0,0,0.397959184,0.5,0.733333333,0.333333333,0.214285714,0,1,1,0.951219512
1,0.219178082,0.148966758,0.533333333,0,0,0.397959184,0.5,0.733333333,0.333333333,0.214285714,0,1,1,0.951219512
0,0.109589041,0.244823982,0.466666667,0,0,0.602040816,0.5,0.133333333,0.333333333,0.357142857,0,0.75,1,0.634146341
0,0.301369863,0.058848601,0.533333333,0,0,0.397959184,0.5,0.733333333,0,0.071428571,0.6,1,0,0.951219512
0,0.178082192,0.07247474,0.533333333,0,0,0.397959184,0.5,0.733333333,0,0.357142857,0.2,1,1,0.951219512
1,0.287671233,0.097721084,0.8,0,0,0.397959184,0.5,0.6,0.333333333,0.857142857,0,1,1,0.951219512
0,0.232876712,0.154977793,0.533333333,0,0,0.397959184,0.5,0.733333333,0.333333333,0.714285714,0,1,1,0
0,0.205479452,0.121167839,1,0,0,0.775510204,0.625,0.666666667,0.666666667,0.714285714,0.2,1,1,0.951219512
0,0.109589041,0.06101758,0.8,0,0,0.5,0.5,0.6,0.666666667,0.714285714,0.2,1,1,0.951219512
0,0.095890411,0.016051525,0.6,0,0.472222222,0.448979592,0.5,1,0.333333333,0.857142857,0,1,1,0.951219512
1,0.410958904,0.283624752,0.666666667,0,0,0.397959184,0.5,0.533333333,0.333333333,0.214285714,0,1,1,0.951219512
1,0.328767123,0.255787946,0.933333333,0,0,0.581632653,0.75,0.933333333,0.333333333,0.714285714,0,1,1,0.951219512
0,0.123287671,0.120249101,0.333333333,0,0,0.295918367,0.5,0,0,0.428571429,0.2,1,0,0.951219512
1,0.328767123,0.279517494,0.8,0.150241502,0,0.5,0.5,0.6,0.333333333,0.714285714,1,1,0,0.951219512
1,0.246575342,0.113180639,0.866666667,0,0.453856749,0.479591837,0.5,0.8,0.333333333,0.285714286,0,1,1,0.951219512
1,0.739726027,0.277288303,0.6,0.200512005,0,0.397959184,0.125,1,0.333333333,0.285714286,0,1,1,0.951219512
0,0.068493151,0.046586362,0.533333333,0,0,0.397959184,0.5,0.733333333,0.666666667,0.571428571,0.8,1,0,0.951219512
0,0.328767123,0.09256181,0.533333333,0,0,0.397959184,0.5,0.733333333,0.666666667,1,0.2,1,1,0.756097561
0,0.164383562,0.128472412,0.6,0,0,0.5,0.5,1,0.333333333,0.214285714,0,1,1,0.951219512
0,0.260273973,0.070541873,0.8,0,0,0.397959184,0.875,0.6,0.666666667,0.071428571,0.2,1,0,0.951219512
0,0.493150685,0.129970943,0.533333333,0,0,0.602040816,0.25,0.733333333,0.333333333,0.285714286,0,1,1,0.951219512
1,0.534246575,0.177135067,0.8,0,0,0.448979592,0.5,0.6,0.333333333,0.071428571,0,1,1,0.951219512
0,0.506849315,0.07854125,0.6,0,0,0.5,0.5,1,1,0.714285714,0.2,1,1,0.951219512
1,0.383561644,0.009041245,0.6,0.07298073,0,0.5,0.5,1,0.333333333,1,0,1,1,0.951219512
1,0.438356164,0.037263677,0.533333333,0,0,0.397959184,0.5,0.733333333,0.333333333,0.214285714,0,1,1,0.951219512
1,0.328767123,0.09256181,0.8,0,0,0.602040816,0.5,0.6,0.333333333,0.285714286,0,1,1,0.951219512
0,0.178082192,0.116636392,0.533333333,0,0,0.295918367,0.5,0.733333333,0.666666667,0.714285714,0.6,1,0,0.951219512
0,0.712328767,0.062050652,0.2,0,0,0.551020408,0.75,0.333333333,0.333333333,0.857142857,0,1,1,0.951219512
0,0.479452055,0.409876769,0.533333333,0,0,0.397959184,0.5,0.733333333,0,0.571428571,0.6,0.5,0,0.951219512
0,0.602739726,0.107666859,0.4,0,0,0.357142857,0.5,0.066666667,0,0.571428571,0.8,1,0,0.951219512
0,0.04109589,0.120384409,0.866666667,0,0,0.244897959,0.5,0.8,0.666666667,0.285714286,0.6,1,1,0.951219512
1,0.136986301,0.013107235,0.8,0,0.433195592,0.602040816,0.5,0.6,0.333333333,0.5,0,1,1,0.951219512
1,0.424657534,0.110130132,0.533333333,0,0.518365473,0.397959184,0.5,0.733333333,0,0.285714286,0.2,1,0,0.951219512
0,0.589041096,0.078090676,0.666666667,0,0,0.448979592,0.5,0.533333333,1,0.5,0.2,1,0,0.756097561
0,0.136986301,0.056789221,0.533333333,0,0,0.704081633,0.5,0.733333333,0.333333333,0.214285714,0,1,1,0.951219512
0,0.575342466,0.078460066,0.533333333,0,0,0.37755102,0.5,0.733333333,0,0.071428571,0.8,1,0,0.951219512
0,0.178082192,0.101162629,0.6,0,0,0.346938776,0.5,1,0,0.571428571,0.8,1,0,0.951219512
0,0.369863014,0.06612679,0.6,0,0,0.397959184,0.75,1,0,0.5,0.2,1,1,0.951219512
0,0.630136986,0.256296702,0.2,0,0,0.295918367,0.75,0.333333333,0.333333333,0.357142857,0,1,1,0.951219512
0,0.506849315,0.028992331,0.8,0,0,0.428571429,0,0.6,0.333333333,0,0,1,1,0.951219512
0,0.602739726,0.068505495,0.8,0,0,0.551020408,0,0.6,0.333333333,0,0,1,1,0.951219512
0,0.068493151,0.101739039,0.533333333,0,0,0.5,0.5,0.733333333,0.666666667,0.428571429,0.6,1,1,0.780487805
1,0.452054795,0.08675306,0.533333333,0,0,0.397959184,0.5,0.733333333,0.333333333,0.785714286,0,1,1,0.951219512
0,0.164383562,0.081448331,0.4,0,0,0.397959184,0.5,0.066666667,0.833333333,0.571428571,0.6,0.5,0,0.951219512
0,0.164383562,0.05322387,0.533333333,0,0,0.397959184,0.25,0.733333333,0.333333333,0.785714286,0,1,1,0.951219512
1,0.424657534,0.097001248,0.8,0,0,0.346938776,0.5,0.6,0.333333333,0.071428571,0,1,1,0.951219512
1,0.397260274,0.099139783,0.533333333,0.143441434,0,0.397959184,0.5,0.733333333,0,0.214285714,0.2,1,0,0.951219512
0,0.205479452,0.115813046,0.666666667,0,0,0.418367347,0.5,0.533333333,0.333333333,0.214285714,0,0,1,0.951219512
1,0.506849315,0.091301421,1,0,0,0.602040816,0.625,0.666666667,0.333333333,0.714285714,0,1,1,0.951219512
0,0.356164384,0.260925571,0.533333333,0.005940059,0,0.153061224,0.5,0.733333333,0,0.428571429,0.2,1,1,0.951219512
0,0.835616438,0.094622543,0.2,0,0,0.193877551,0.75,0.333333333,0.333333333,1,0,1,1,0.951219512
0,0,0.077611011,0.266666667,0,0,0.397959184,0,0.4,0.666666667,0,0.6,0.5,1,0.951219512
0,0.164383562,0.146521076,0.6,0,0,0.346938776,0.5,1,0.333333333,0.571428571,0,1,1,0.951219512
1,0.424657534,0.11772697,0.8,0,0,0.397959184,0.5,0.6,0.333333333,0.285714286,0,1,1,0.951219512
1,0.178082192,0.072102644,0.6,0,0,0.5,0.5,1,0.333333333,0.071428571,0,0.25,1,0.951219512
0,0.04109589,0.0709938,0.6,0,0,0.397959184,0,1,0.666666667,0,0.6,1,1,0.951219512
0,0.178082192,0.109167419,0.6,0,0,0.397959184,0.5,1,0,1,0.2,1,1,0.951219512
0,0.219178082,0.228548523,0.6,0,0,0.336734694,0.5,1,0.666666667,0.571428571,0.2,1,1,0.951219512
1,0.712328767,0.137092175,0.933333333,0,0,0.346938776,0,0.933333333,0.333333333,0,0,1,1,0.951219512
1,0.260273973,0.108340691,0.8,0,0,0.244897959,0.75,0.6,0.333333333,0.285714286,1,1,0,0.951219512
1,0.205479452,0.143545665,0.533333333,0,0,0.846938776,0.5,0.733333333,0.333333333,1,0,1,1,0.951219512
0,0.342465753,0.110172754,0.6,0,0,0.397959184,0.5,1,0.666666667,0.5,0.8,0.5,0,0.951219512
0,0.01369863,0.277880273,0.466666667,0,0,0.193877551,0.5,0.133333333,0.666666667,0.428571429,0.6,1,1,0.951219512
1,0.424657534,0.087426215,0.866666667,0,0,0.397959184,0.5,0.8,0.333333333,0.285714286,0,1,1,0.951219512
1,0.328767123,0.048930564,0.8,0,0.436639118,0.602040816,0.5,0.6,0.333333333,0.285714286,0,1,1,0.951219512
1,0.589041096,0.129692209,0.6,0,0,0.397959184,0.5,1,0.333333333,0.571428571,0,1,1,0.951219512
0,0.356164384,0.058077349,0.8,0,0,0.387755102,0.25,0.6,0,0.714285714,0.6,1,0,0.951219512
0,0.410958904,0.160542312,0.6,0,0,0.295918367,0.75,1,0.333333333,0.214285714,0,1,1,0.951219512
0,0.397260274,0.058226187,0.333333333,0,0,0.367346939,0.5,0,0.5,0.571428571,0.2,0.25,1,0.073170732
0,0.01369863,0.077036631,0.6,0,0,0.397959184,0,1,0.666666667,0,0.6,1,1,0.951219512
0,0.109589041,0.143871079,0.6,0,0,0.397959184,0.5,1,0.5,0.714285714,0.8,0.5,1,0.951219512
0,0.301369863,0.204126201,0.666666667,0,0,0.397959184,0.5,0.533333333,0.333333333,0.928571429,0,1,1,0.951219512
1,0.164383562,0.255344138,0.666666667,0,0,0.397959184,0.5,0.533333333,0.333333333,0.214285714,0,1,1,0.951219512
0,0.054794521,0.084590847,0.6,0,0,0.193877551,0.5,1,0.666666667,0.071428571,0.6,0.5,1,0.951219512
0,0.082191781,0.211536315,0.533333333,0,0,0.397959184,0.5,0.733333333,0.666666667,0.214285714,0.4,1,1,0.951219512
0,0.657534247,0.124083715,0.533333333,0,0,0.397959184,0.5,0.733333333,0,0.071428571,0.2,1,0,0.951219512
1,0.369863014,0.062706894,0.866666667,0,0,0.397959184,0.75,0.8,0.333333333,0.357142857,0,1,1,0.951219512
0,0.082191781,0.170217473,0.6,0,0,0.193877551,0.5,1,0.666666667,0.857142857,0.2,0.5,0,0.951219512
0,0.369863014,0.029165525,0.666666667,0,0,0.397959184,0.5,0.533333333,0.333333333,0.785714286,0,1,1,0.951219512
0,0.219178082,0.064036289,0.533333333,0,0,0.37755102,0.5,0.733333333,0.333333333,0.928571429,1,0.5,0,0.951219512
0,0.191780822,0.101115272,0.8,0,0.454545455,0.602040816,0.75,0.6,0.5,0.285714286,0.2,1,1,0.951219512
0,0.287671233,0.126553753,0.6,0,0,0.448979592,0.625,1,0.333333333,0.285714286,1,1,0,0.951219512
0,0.04109589,0.153168055,0.4,0,0,0.397959184,0,0.066666667,0,0,0.2,1,0,0.951219512
1,0.438356164,0.130127899,0.8,0,0,0.397959184,0.5,0.6,0.333333333,0.285714286,0,1,1,0.951219512
0,0.082191781,0.145900691,0.733333333,0,0,0.295918367,0.5,0.466666667,0.666666667,0.857142857,0.6,1,1,0.951219512
1,0.465753425,0.067419653,0.533333333,0,0,0.346938776,0.75,0.733333333,0.333333333,1,0,1,1,0.951219512
0,0,0.157171127,0.466666667,0,0,0.142857143,0.5,0.133333333,0.666666667,0.571428571,0.6,1,1,0.951219512
1,0.191780822,0.098338086,0.533333333,0,0,0.551020408,0.5,0.733333333,0.333333333,0.714285714,0,1,1,0.951219512
0,0.191780822,0.119417637,0.8,0,0,0.5,0.25,0.6,0.666666667,0.285714286,0.2,1,0,0.951219512
0,0.342465753,0.132643265,0.4,0,0,0.397959184,0.5,0.066666667,0.666666667,0.5,0.2,0.75,0,0.804878049
0,0.547945205,0.062232641,0.4,0,0,0.397959184,0.5,0.066666667,0.333333333,0.214285714,0,1,1,0.951219512
1,0.479452055,0.089354347,0.666666667,0,0.436639118,0.397959184,0.5,0.533333333,0.333333333,0.214285714,0,1,1,0.951219512
0,0.082191781,0.108210119,0.533333333,0,0,0.5,0.5,0.733333333,0.333333333,1,0,1,1,0.951219512
0,0,0.077495323,0.333333333,0,0,0.295918367,0.5,0,0.666666667,0.571428571,0.6,1,1,0.951219512
0,0.794520548,0.103972289,0.666666667,0,0,0.295918367,0.75,0.533333333,1,0.285714286,0.2,1,0,0.951219512
0,0.438356164,0.069353196,0.8,0,0,0.397959184,0.5,0.6,0,0.285714286,0.8,0.5,0,0.951219512
0,0.493150685,0.006676747,0.6,0,0,0.397959184,0.5,1,0.333333333,0.214285714,0,1,1,0.951219512
0,0.589041096,0.106777213,0.266666667,0,0.383838384,0.846938776,0.75,0.4,0.333333333,0.357142857,0,1,1,0.951219512
0,0.246575342,0.068240293,0.533333333,0,0,0.397959184,0.5,0.733333333,0.333333333,0.5,0,1,1,0.951219512
0,0.191780822,0.048128867,0.6,0,0,0.397959184,0.5,1,0.666666667,0.071428571,0.8,1,0,0.951219512
0,0.506849315,0.013598401,0.533333333,0,0,0.295918367,0,0.733333333,0,0,0.2,1,0,0.951219512
0,0.273972603,0.111401346,0.2,0,0,0.5,0.5,0.333333333,0.333333333,0.214285714,0,1,1,0.951219512
0,0.342465753,0.065894061,0.866666667,0,0.399678604,0.346938776,0.25,0.8,0.666666667,0.714285714,0.2,1,0,0.951219512
0,0.410958904,0.224132764,0.066666667,0,0,0.112244898,0.5,0.2,0.5,0.357142857,0.2,1,1,0.634146341
0,0.465753425,0.097203533,0.266666667,0,0,0.397959184,0.5,0.4,0,1,0.6,1,1,0.951219512
0,0.301369863,0.143599111,0.266666667,0.043860439,0,0.551020408,0.5,0.4,0.333333333,0.214285714,0,1,1,0.634146341
1,0.493150685,0.063217679,0.533333333,0,0,0.275510204,0.875,0.733333333,0.333333333,0.571428571,1,0,0,0.951219512
0,0.342465753,0.085640833,0.533333333,0,0,1,0.5,0.733333333,0.333333333,1,0,1,1,0.951219512
1,0.520547945,0.304974241,0.8,0,0,0.602040816,0.5,0.6,0.333333333,0.714285714,0,1,1,0.951219512
1,0.315068493,0.120846484,0.8,0,0,0.397959184,0.125,0.6,0.333333333,0.714285714,0,1,1,0.951219512
1,0.452054795,0.053983621,0.6,0,0,0.448979592,0.5,1,0.333333333,0.928571429,0,1,1,0.951219512
0,0.534246575,0.129418212,0.533333333,0,0,0.346938776,0.5,0.733333333,0.333333333,0.071428571,0,1,1,0
0,0.630136986,0.113089306,0.2,0,0,0.142857143,0.75,0.333333333,0.333333333,0.285714286,0,1,1,0.951219512
0,0.150684932,0.100429263,0.8,0,0,0.5,0.75,0.6,0.333333333,0.357142857,0,1,1,0.951219512
1,0.287671233,0.153411609,1,0,0,0.5,0.75,0.666666667,0.333333333,0.714285714,0,1,1,0.951219512
0,0.095890411,0.433855958,0.533333333,0,0,0.397959184,0.5,0.733333333,0.666666667,0.214285714,0.6,1,1,0.195121951
0,0.164383562,0.15030089,0.6,0,0,0.397959184,0.5,1,0,0.071428571,0.2,0.5,0,0.951219512
0,0.150684932,0.012601861,0.533333333,0,0,0.428571429,0.5,0.733333333,0.333333333,0.571428571,0,1,1,0.951219512
1,0.493150685,0.117729676,0.6,0,0.433195592,0.397959184,0.25,1,0.333333333,0.785714286,0,1,1,0.951219512
0,0.109589041,0.011713568,0.533333333,0,0,0.397959184,0.5,0.733333333,0.666666667,0.357142857,0.2,1,1,0.951219512
0,0.328767123,0.124220375,0.866666667,0,0,0.602040816,0.25,0.8,0.333333333,0.714285714,0,1,1,0.951219512
0,0.205479452,0.239894054,0.533333333,0,0,0.397959184,0.5,0.733333333,0.333333333,0.214285714,0,1,1,0.951219512
0,0,0.114369992,0.333333333,0,0,0.193877551,0,0,0.666666667,0,0.6,0.75,0,0.951219512
0,0.01369863,0.064265636,0.4,0,0,0.193877551,0.5,0.066666667,0.666666667,0.857142857,0.6,1,0,0.951219512
0,0.02739726,0.142465911,0.333333333,0,0,0.397959184,0.5,0,0.666666667,0.357142857,0.4,1,1,0.951219512
0,0.876712329,0.15895042,0.333333333,0.029360294,0,0.275510204,0.625,0,0.333333333,0.285714286,1,1,0,0.951219512
0,0.109589041,0.083405554,0.266666667,0,0,0.397959184,0.5,0.4,0.333333333,0.428571429,0,1,1,0.951219512
0,0.150684932,0.261099441,0.133333333,0,0,0.397959184,0.5,0.266666667,0.666666667,0.214285714,0.4,1,1,0.634146341
1,0.178082192,0.078049408,0.8,0.150241502,0,0.653061224,0.625,0.6,0.333333333,0.285714286,0,1,1,0.951219512
1,0.232876712,0.067538723,0.933333333,0,0.453856749,0.551020408,0.5,0.933333333,0.333333333,0.714285714,0,1,1,0.951219512
0,0.479452055,0.051937096,0.533333333,0,0,0.397959184,0.5,0.733333333,0.333333333,0.214285714,0,1,1,0.951219512
1,0.232876712,0.129048822,0.8,0,0.648301194,0.5,0.5,0.6,0.833333333,0.857142857,0.2,1,1,0.951219512
0,0.054794521,0.017068361,0.6,0,0,0.295918367,0.5,1,0.666666667,0.071428571,0.6,1,1,0.951219512
0,0.082191781,0.107853584,0.533333333,0,0,0.479591837,0.5,0.733333333,0.666666667,0.857142857,0.8,1,0,0.951219512
0,0.02739726,0.067753186,0.6,0,0,0.091836735,0.875,1,0.666666667,0.071428571,0.6,1,1,0.951219512
1,0.246575342,0.1554649,0.8,0.07298073,0,0.448979592,0.625,0.6,0.333333333,0.714285714,0,1,1,0.951219512
0,0.356164384,0.137750446,0.6,0,0,0.5,0.75,1,0.333333333,0.5,1,1,0,0.951219512
0,0.232876712,0.106149386,0.533333333,0,0,0.5,0.75,0.733333333,0.333333333,0.357142857,0,1,1,0.951219512
0,0.328767123,0.09390609,0.6,0,0,0.5,0.625,1,0.333333333,0.285714286,0,1,1,0.951219512
0,0.534246575,0.089367201,0.6,0,0,0.5,0.75,1,0.5,0.714285714,0.2,0.5,1,0.951219512
0,0.04109589,0.129264638,0.6,0,0,0.397959184,0,1,0.666666667,0,0.6,1,0,0.951219512
1,0.150684932,0.068920889,0.8,0,0.453856749,0.234693878,0.5,0.6,0.333333333,0.714285714,1,1,0,0.951219512
0,0.356164384,0.137899284,0.866666667,0,0,0.367346939,0.25,0.8,0.833333333,0.714285714,0.8,0.5,0,0.951219512
0,0.383561644,0.01485879,0.533333333,0,0,0.5,0.5,0.733333333,0.333333333,0.857142857,0,1,1,0.951219512
0,0.493150685,0.031594294,0.6,0,0,0.234693878,0.5,1,0.333333333,0.714285714,1,1,0,0.951219512
1,0.493150685,0.130573737,0.533333333,0.076880769,0,0.346938776,0.125,0.733333333,0.333333333,0.071428571,1,1,0,0.951219512
0,0.520547945,0.063118905,0.866666667,0.022280223,0,0.5,0.75,0.8,0.333333333,0.857142857,0,1,1,0.951219512
0,0.397260274,0.036972089,0.8,0,0,0.448979592,0.25,0.6,0,0.714285714,0.8,1,0,0.951219512
0,0.438356164,0.105575006,0.133333333,0,0,0.397959184,0.5,0.266666667,0.333333333,0.214285714,0,1,1,0.951219512
1,0.164383562,0.251306563,0.533333333,0,0.433195592,0.295918367,0.5,0.733333333,0.333333333,0.5,0,1,1,0.951219512
0,0.082191781,0.178289917,0.6,0,0.453168044,0.397959184,0.5,1,0.666666667,0.857142857,0.2,1,0,0.951219512
1,0.671232877,0.093999452,0.8,0,0,0.397959184,0.5,0.6,0.333333333,0.571428571,0,1,1,0.951219512
0,0.02739726,0.018585157,0.6,0,0,0.142857143,0.5,1,0.666666667,0.571428571,0.6,1,0,0.951219512
0,0.109589041,0.12229495,0.8,0,0,0.346938776,0.5,0.6,0.333333333,0.928571429,0,1,1,0.951219512
0,0.136986301,0.072958464,0.6,0,0,0.397959184,0.75,1,0.333333333,0.285714286,0,1,1,0.951219512
0,0.150684932,0.079273264,0.666666667,0,0,0.295918367,0.5,0.533333333,0.333333333,0.428571429,1,1,0,0.170731707
0,0.082191781,0.292446122,0.533333333,0,0,0.5,0.5,0.733333333,0.666666667,0.428571429,0.6,1,1,0.951219512
1,0.301369863,0.093494079,0.933333333,0,0,0.551020408,0.5,0.933333333,0.333333333,0.714285714,0,1,1,0.951219512
0,0.260273973,0.143832516,0.533333333,0,0,0.397959184,0,0.733333333,0.333333333,0,0,1,1,0.951219512
1,0.369863014,0.103650257,0.6,0,0,0.397959184,0.5,1,0.333333333,0.857142857,0,1,1,0.951219512
0,0.493150685,0.053869963,0.533333333,0,0,0.479591837,0.5,0.733333333,0,0.214285714,0.8,0.5,0,0.951219512
0,0.410958904,0.116443578,0.533333333,0,0,0.316326531,0.5,0.733333333,0,0.571428571,0.2,1,1,0.951219512
0,0.452054795,0.102726784,0.533333333,0,0,0.397959184,0.25,0.733333333,0.666666667,0.571428571,0.2,0.5,0,0.951219512
0,0.109589041,0.119702459,0.8,0,0,0.397959184,0.5,0.6,0.666666667,0.857142857,0.6,1,0,0.951219512
0,0.246575342,0.176760942,0.6,0,0,0.295918367,0,1,0.666666667,0,0.2,0.5,1,0.951219512
0,0.657534247,0.075230276,0.533333333,0,0,0.244897959,0,0.733333333,1,0,0.4,1,0,0.951219512
0,0.356164384,0.030015256,0.533333333,0,0,0.5,0.5,0.733333333,0.333333333,0.285714286,0,1,1,0.951219512
0,0.616438356,0.111268744,0.533333333,0,0,0.397959184,0,0.733333333,0.333333333,0,0,1,1,0.951219512
0,0.150684932,0.158748135,0.533333333,0,0,0.397959184,0.5,0.733333333,0.666666667,0.857142857,0.6,1,1,0.951219512
0,0.02739726,0.03675898,0.533333333,0,0,0.367346939,0.5,0.733333333,0.666666667,0.571428571,0.6,1,1,0.951219512
0,0.712328767,0.068161138,0.066666667,0,0,0.030612245,0.5,0.2,1,0.642857143,0.2,0.5,0,0.951219512
1,0.616438356,0.120004195,0.866666667,0.150241502,0,0.397959184,0.5,0.8,0.333333333,0.285714286,0,1,1,0.951219512
0,0.821917808,0.151199332,0.533333333,0,0,0.244897959,0.5,0.733333333,0.333333333,0.571428571,0,1,1,0.12195122
0,0.109589041,0.139625131,0.533333333,0,0,0.397959184,0.5,0.733333333,0.333333333,0.428571429,0,1,1,0.951219512
1,0.342465753,0.13345511,0.6,0.051780518,0,0.397959184,0.5,1,0.333333333,0.857142857,0,1,1,0.951219512
0,0.383561644,0.108609276,0.533333333,0.034110341,0,0.397959184,0.75,0.733333333,0.333333333,0.571428571,0,1,1,0.951219512
1,0.369863014,0.110553644,0.8,0,0,0.397959184,0.875,0.6,0.333333333,0.285714286,0,1,1,0.951219512
0,0.506849315,0.070977563,0.533333333,0,0,0.397959184,0.5,0.733333333,1,0.071428571,0.8,0.5,0,0.951219512
0,0.342465753,0.045159544,0.8,0,0,0.653061224,0.75,0.6,0.333333333,0.357142857,0,1,1,0.951219512
1,0.630136986,0.101810076,0.533333333,0,0,0.346938776,0.5,0.733333333,0.333333333,1,0,1,1,0.951219512
0,0.164383562,0.112794336,0.533333333,0,0,0.551020408,0.5,0.733333333,0.333333333,0.357142857,0,1,1,0.951219512
0,0.232876712,0.067538723,0.6,0,0,0.397959184,0.125,1,0.666666667,0.214285714,0.4,1,1,0.951219512
0,0.328767123,0.018466763,0.6,0,0,0.234693878,0.5,1,0,0.071428571,0.2,0.5,0,0.195121951
0,0.191780822,0.371452154,0.533333333,0,0,0.397959184,0.5,0.733333333,0,1,0.2,1,1,0.951219512
1,0.383561644,0.091931954,0.666666667,0.150241502,0,0.397959184,0.5,0.533333333,0.333333333,0.214285714,0,1,1,0.951219512
1,0.315068493,0.207687494,0.866666667,0,0,0.602040816,0.25,0.8,0.333333333,0.285714286,0,1,1,0.951219512
1,0.328767123,0.100465796,0.666666667,0,0,0.397959184,0.5,0.533333333,0.333333333,0.285714286,0,1,1,0.951219512
0,0.260273973,0.104996567,0.533333333,0,0,0.653061224,0.5,0.733333333,0.666666667,0.071428571,0.6,1,1,0.951219512
1,0.520547945,0.249014454,0.8,0,0,0.602040816,0.5,0.6,0.333333333,0.857142857,0,1,1,0
0,0.356164384,0.102630715,0.533333333,0,0,0.397959184,0.5,0.733333333,0.333333333,0.214285714,0,1,1,0.951219512
1,0.219178082,0.048143074,0.4,0,0,0.397959184,0.5,0.066666667,0,0.285714286,0.8,1,0,0.951219512
1,0.219178082,0.209336892,0.733333333,0,0,0.142857143,0.5,0.466666667,0.333333333,0.571428571,1,1,0,0.951219512
0,0.753424658,0.150684487,0.666666667,0,0.565886134,0.397959184,0,0.533333333,1,0,0.2,1,0,0.951219512
0,0,0.041304635,0.4,0,0,0.193877551,0.5,0.066666667,0.666666667,0.857142857,0.6,1,1,0.951219512
0,0.438356164,0.012890743,0.533333333,0,0,0.397959184,0.25,0.733333333,0.333333333,0.214285714,0,1,1,0.951219512
1,0.342465753,0.059878967,1,0,0,0.408163265,0.625,0.666666667,0.333333333,0.714285714,0,1,1,0.951219512
0,0.684931507,0.215043484,0.666666667,0,0,0.173469388,0.25,0.533333333,0.333333333,0.785714286,0,1,1,0.951219512
0,0.123287671,0.174540547,0.533333333,0,0,0.397959184,0.5,0.733333333,0.666666667,0.071428571,0.2,1,0,0.951219512
1,0.356164384,0.064418533,0.8,0,0,0.479591837,0.5,0.6,0.333333333,0.714285714,0,1,1,0.951219512
0,0.01369863,0.016230131,0.533333333,0,0,0.244897959,0.5,0.733333333,0.666666667,0.214285714,0.6,1,1,0.951219512
1,0.315068493,0.155309972,0.933333333,0,0,0.5,0.25,0.933333333,0.333333333,0.285714286,0,1,1,0.951219512
0,0.068493151,0.062159575,0.666666667,0,0,0.346938776,0.75,0.533333333,0.666666667,0.357142857,0.2,1,1,0.951219512
0,0.260273973,0.111479147,0.6,0,0,0.397959184,0.875,1,0.666666667,0.285714286,0.8,1,0,0.951219512
1,0.479452055,0.114720438,0.933333333,1,0,0.653061224,0.625,0.933333333,0.333333333,0.714285714,0,0.75,1,0.951219512
0,0.054794521,0.070611556,0.533333333,0,0,0.397959184,0.5,0.733333333,0.666666667,0.285714286,0.6,1,1,0.951219512
0,0.082191781,0.145881748,0.533333333,0,0,0.326530612,0.5,0.733333333,0.666666667,0.214285714,0.8,1,0,0.951219512
0,0.082191781,0.275424443,0.6,0,0,0.081632653,0.5,1,0.666666667,0.857142857,0.6,0.5,1,0.951219512
1,0.287671233,0.164842384,0.866666667,0.105201052,0,0.5,0.5,0.8,0.666666667,0.285714286,0.2,1,0,0.951219512
0,0.123287671,0.223582062,0.533333333,0,0,0.5,0.5,0.733333333,0.666666667,0.071428571,0.6,1,1,0.951219512
0,0.01369863,0.170061869,0.4,0,0,0.244897959,0.5,0.066666667,0.666666667,0.857142857,0.6,0.5,1,0.951219512
1,0.123287671,0.06101758,0.8,0,0,0.397959184,0.5,0.6,0.333333333,0.928571429,0,1,1,0.951219512
0,0.287671233,0.270622381,0.533333333,0,0,0.275510204,0.5,0.733333333,0,0.214285714,0.6,1,1,0.951219512
1,0.616438356,0.123123708,0.866666667,0.076880769,0,0.397959184,0.25,0.8,0.333333333,0.714285714,0,1,1,0.951219512
0,0.383561644,0.019200806,0.666666667,0,0,0.602040816,0.75,0.533333333,0.333333333,0.357142857,0,1,1,0.951219512
0,0.301369863,0.03307794,0.8,0,0,0.397959184,0.5,0.6,0,0.071428571,0.8,1,1,0.951219512
0,0.123287671,0.070928175,0.266666667,0,0,0.397959184,0.75,0.4,0.333333333,0.214285714,0,1,1,0.780487805
0,0.123287671,0.158810377,0.666666667,0,0,0.397959184,0.5,0.533333333,0,0.214285714,0.6,1,1,0.951219512
0,0.369863014,0.088682545,0.6,0,0,0.551020408,0.5,1,0.666666667,0.571428571,0.2,0.5,1,0.951219512
0,0.191780822,0.193970023,0.533333333,0,0,0.346938776,0.5,0.733333333,0.333333333,0.571428571,1,0.5,0,0.951219512
0,0.342465753,0.176971345,0.533333333,0,0,0.397959184,0.875,0.733333333,0,0.785714286,0.8,1,0,0.951219512
0,0.301369863,0.009147461,0.866666667,0,0,0.479591837,0.875,0.8,0.333333333,0.714285714,0,0.25,1,0.073170732
0,0.082191781,0.31183027,0.533333333,0,0,0.316326531,0,0.733333333,0.666666667,0,0.6,0.5,1,0.951219512
1,0.397260274,0.095561577,0.6,0.03103031,0,0.397959184,0.5,1,0.333333333,0.285714286,0,1,1,0.951219512
0,0.246575342,0.106878017,0.6,0,0,0.397959184,0.5,1,0.666666667,0.928571429,0.8,1,0,0.951219512
0,0.136986301,0.143807485,0.533333333,0,0,0.397959184,0.5,0.733333333,0.333333333,0.214285714,0,1,1,0.951219512
0,0.589041096,0.101556374,0.6,0,0,0.010204082,0,1,0.333333333,0,0,1,1,0.951219512
1,0.438356164,0.111578598,0.8,0,0,0.5,0.5,0.6,0.333333333,0.285714286,0,1,1,0.951219512
1,0.547945205,0.025443217,0.866666667,0,0,0.602040816,0.5,0.8,0.333333333,0.714285714,0,1,1,0.951219512
0,0.150684932,0.068761226,0.533333333,0,0,0.163265306,0.5,0.733333333,0.833333333,1,0.6,1,0,0.951219512
0,0.780821918,0.113773286,0.8,0,0,0.071428571,0.5,0.6,1,0.571428571,0.2,1,0,0.951219512
1,0.452054795,0.040005006,0.533333333,0.03103031,0,0.397959184,0.5,0.733333333,0.333333333,0.214285714,0,1,1,0.951219512
0,0.246575342,0.066471824,0.533333333,0,0,0.551020408,0.5,0.733333333,0.333333333,0.571428571,0,1,1,0.951219512
1,0.191780822,0.142777795,0.533333333,0,0,0.397959184,0.5,0.733333333,0.333333333,0.285714286,0,1,1,0.951219512
0,0.465753425,0.123610139,0.533333333,0,0,0.5,0.5,0.733333333,0.333333333,0.857142857,0,1,1,0.951219512
0,0.410958904,0.010000575,0.533333333,0,0,0.397959184,0.125,0.733333333,0,0.071428571,0.2,1,0,0.951219512
0,0.150684932,0.09974799,0.8,0,0,0.5,0.5,0.6,0.5,0.857142857,0.2,1,0,0.951219512
0,0.424657534,0.009618331,0.533333333,0,0,0.397959184,0.5,0.733333333,0,0.285714286,0.2,1,1,0.951219512
0,0.616438356,0.168560633,0.6,0,0,0.397959184,0.5,1,0.333333333,0.214285714,0,1,1,0.951219512
1,0.369863014,0.236108151,0.6,0,0,0.806122449,0.75,1,0.333333333,0.857142857,0,0.25,1,0.731707317
0,0.383561644,0.151765593,0.4,0,0,0.397959184,0,0.066666667,0,0,0.6,0.5,1,0.951219512
0,0.821917808,0.118645031,0.6,0,0,0.193877551,0.5,1,1,0.642857143,0.2,1,0,0.951219512
0,0.561643836,0.10194403,0.6,0,0,0.397959184,0.75,1,0.333333333,0.214285714,0,1,1,0.951219512
0,0.054794521,0.081986855,0.6,0,0,0.397959184,0.5,1,0.666666667,0.285714286,0.6,1,1,0.951219512
1,0.315068493,0.140030377,0.533333333,0,0,0.397959184,0.125,0.733333333,0.333333333,0.285714286,0,1,1,0.951219512
0,0.383561644,0.076586734,0.866666667,0,0,0.5,0.5,0.8,0,0.714285714,0.8,1,0,0.951219512
0,0.082191781,0.014028678,0.533333333,0,0,0.397959184,0.5,0.733333333,0.333333333,0.5,0,1,1,0.951219512
0,0.068493151,0.098129713,0.6,0,0,0.397959184,0,1,0.666666667,0,0.6,1,0,0.951219512
0,0.02739726,0.05501534,0.533333333,0,0,0.193877551,0,0.733333333,0.666666667,0,0.6,1,1,0.951219512
0,0.328767123,0.065946831,0.866666667,0,0,0.397959184,0.875,0.8,0.666666667,0.714285714,0.2,1,1,0.951219512
0,0.205479452,0.095956675,0.533333333,0,0,0.397959184,0.5,0.733333333,0.333333333,0.571428571,0,1,1,0.926829268
0,0.287671233,0.024225449,0.533333333,0,0,0.397959184,0.5,0.733333333,0.333333333,0.428571429,0,1,1,0.951219512
0,0.082191781,0.077571772,0.8,0,0,0.397959184,0.5,0.6,0.333333333,0.285714286,0,1,1,0.951219512
0,0.547945205,0.038254804,0.533333333,0,0,0.5,0.875,0.733333333,0,0.285714286,0.2,1,0,0.951219512
0,0.123287671,0.085793731,0.866666667,0.050130501,0,0.397959184,0.5,0.8,0.333333333,0.714285714,0,1,1,0.951219512
0,0.178082192,0.109307463,0.533333333,0,0,0.602040816,0.75,0.733333333,0.333333333,0.214285714,0,1,1,0.951219512
0,0.068493151,0.027045934,0.6,0,0,0.448979592,0.5,1,0.333333333,0.857142857,0,1,1,0.951219512
1,0.246575342,0.113114338,0.8,0,0,0.602040816,0.5,0.6,0.333333333,0.285714286,0,1,1,0.951219512
0,0.150684932,0.214557731,0.8,0,0,0.397959184,0.125,0.6,0.666666667,0.285714286,0.2,1,1,0.951219512
0,0.191780822,0.068383718,0.733333333,0,0,0.551020408,0.5,0.466666667,0.333333333,0.5,0,1,1,0.951219512
0,0.424657534,0.228467338,0.666666667,0,0,0.397959184,0.5,0.533333333,0.5,0.714285714,0.2,1,1,0.951219512
0,0.315068493,0.062181224,0.533333333,0,0,0.448979592,0,0.733333333,0.833333333,0,0.6,1,1,0.951219512
1,0.452054795,0.104280114,0.533333333,0,0,0.397959184,0.25,0.733333333,0.333333333,0.071428571,1,1,0,0.951219512
0,0.136986301,0.065434016,0.533333333,0,0,0.397959184,0.5,0.733333333,0.833333333,0.214285714,0.8,0.5,1,0.951219512
0,0.054794521,0.07200184,0.666666667,0,0.345270891,0.397959184,0.5,0.533333333,0.666666667,0.214285714,0.6,1,1,0.951219512
0,0.150684932,0.081580256,0.4,0,0,0.448979592,0.5,0.066666667,0.333333333,0.214285714,0,1,1,0.951219512
0,0.534246575,0.160395504,0.533333333,0,0,0.704081633,0.75,0.733333333,0.5,0.285714286,0.2,1,1,0.951219512
1,0.547945205,0.072367847,0.866666667,0.150241502,0,0.653061224,0.625,0.8,0.333333333,0.857142857,0,1,1,0.951219512
0,0.232876712,0.095836251,0.666666667,0,0,0.397959184,0.5,0.533333333,0.333333333,0.857142857,0,1,1,0.951219512
0,0.191780822,0.145183561,0.533333333,0,0,0.755102041,0,0.733333333,0,0,0.6,1,1,0.951219512
0,0.04109589,0.015107755,0.533333333,0,0,0.397959184,0.5,0.733333333,0.666666667,0.857142857,0.6,1,0,0.951219512
1,0.452054795,0.095242251,0.533333333,0.051780518,0,0.397959184,0.25,0.733333333,0.333333333,0.285714286,0,1,1,0.951219512
0,0.410958904,0.149070269,0.533333333,0,0,0.397959184,0.5,0.733333333,0.333333333,0.214285714,0,0.5,1,0.951219512
0,0.123287671,0.058066524,0.533333333,0,0,0.397959184,0.5,0.733333333,0,0.285714286,0.6,1,0,0.951219512
0,0.561643836,0.06227391,0.533333333,0,0,0.5,0.625,0.733333333,0,0.857142857,0.2,1,1,0.951219512
1,0.356164384,0.141319857,0.933333333,0,0.453856749,0.397959184,0.625,0.933333333,0.333333333,0.714285714,0,1,1,0.951219512
1,0.780821918,0.105033776,0.6,0,0,0.346938776,0.625,1,0.333333333,0.285714286,0,1,1,0.951219512
1,0.315068493,0.12623375,0.933333333,0.150241502,0,0.295918367,0.5,0.933333333,0.333333333,0.714285714,1,1,0,0.951219512
0,0.02739726,0.272691232,0.333333333,0,0,0.397959184,0.5,0,0,0.571428571,0.2,1,0,0.951219512
0,0.424657534,0.061091322,0.866666667,0,0,0.397959184,0.5,0.8,0,0.285714286,0.8,1,0,0.951219512
1,0.356164384,0.225749688,0.933333333,0,0,0.5,0.875,0.933333333,0.333333333,0.714285714,0,1,1,0.951219512
0,0.123287671,0.0311789,0.533333333,0,0,0.397959184,0.5,0.733333333,0.666666667,0.071428571,0.6,1,1,0.951219512
0,0.287671233,0.054800878,0.4,0,0,0.397959184,0.5,0.066666667,0.333333333,0.357142857,0,1,1,0.951219512
0,0.452054795,0.040636892,0.8,0,0,0.448979592,0.5,0.6,0,0.857142857,0.2,1,1,0.951219512
1,0.410958904,0.214366947,0.533333333,0.043860439,0,0.448979592,0.5,0.733333333,0.333333333,0.857142857,0,1,1,0.951219512
0,0.369863014,0.120244365,0.8,0,0,0.5,0.25,0.6,0.333333333,0.714285714,0,1,1,0.951219512
1,0.438356164,0.017778048,0.8,0,0,0.56122449,0.5,0.6,0.666666667,0.285714286,0.2,1,0,0.951219512
1,0.342465753,0.060420197,0.8,0,0,0.602040816,0.75,0.6,0.333333333,0.285714286,0,1,1,0.951219512
0,0.04109589,0.067722741,0.333333333,0,0,0.397959184,0.5,0,0.666666667,0.214285714,0.6,1,1,0.951219512
1,0.164383562,0.076039415,0.8,0.135501355,0,0.346938776,0.5,0.6,0.666666667,0.857142857,0.2,1,0,0.951219512
0,0.493150685,0.128633428,0.2,0,0,0.397959184,0.25,0.333333333,0.333333333,1,0,0.5,1,0.951219512
0,0.164383562,0.163394594,0.533333333,0,0,0.397959184,0.5,0.733333333,0.333333333,0.214285714,0,1,1,0.170731707
0,0.191780822,0.069281484,0.533333333,0,0,0.397959184,0.5,0.733333333,0.666666667,0.857142857,0.6,1,1,0.951219512
0,0.479452055,0.058790419,0.533333333,0,0,0.397959184,0.5,0.733333333,0,1,0.2,1,1,0.951219512
0,0.054794521,0.075394675,0.533333333,0,0,0.397959184,0.5,0.733333333,0.666666667,0.285714286,0.4,1,0,0.951219512
0,0.397260274,0.057910244,0.6,0,0,0.397959184,0.5,1,0,0.071428571,0.2,1,0,0.951219512
1,0.369863014,0.090085007,0.8,0.07298073,0,0.479591837,0.5,0.6,0.333333333,0.285714286,0,1,1,0.951219512
0,0.109589041,0.220367157,0.6,0,0,0.397959184,0.5,1,0,0.928571429,0.2,1,0,0.951219512
0,0.095890411,0.199236189,0.6,0,0,0.653061224,0.5,1,0.666666667,0.857142857,0.2,1,1,0.951219512
0,0.123287671,0.076316119,0.6,0,0,0.397959184,0.5,1,0.666666667,0.285714286,0.2,1,1,0.951219512
0,0.191780822,0.191665736,0.6,0,0,0.397959184,0.25,1,0.666666667,0.071428571,0.6,0.5,1,0.951219512
0,0.136986301,0.054746079,0.6,0,0,0.397959184,0.5,1,0.666666667,0.428571429,0.6,0.25,1,0.951219512
1,0.246575342,0.036541135,0.8,0,0,0.397959184,0.5,0.6,0.666666667,0.714285714,0.2,0.25,0,0.731707317
1,0.246575342,0.114618957,0.533333333,0.03103031,0,0.397959184,0.75,0.733333333,0.333333333,0.214285714,0,1,1,0.951219512
0,0.465753425,0.115457187,0.533333333,0,0,0.397959184,0.5,0.733333333,1,0.928571429,0.8,0.5,0,0.951219512
1,0.356164384,0.063915866,0.533333333,0,0,0.5,0.5,0.733333333,0.333333333,0.071428571,1,1,0,0.048780488
1,0.123287671,0.239449569,0.533333333,0,0.424242424,0.602040816,0.5,0.733333333,0.333333333,0.214285714,0,0.5,1,0.951219512
0,0.082191781,0.269366051,0.533333333,0,0,0.244897959,0.5,0.733333333,0.666666667,0.071428571,0.6,1,1,0.951219512
0,0.506849315,0.044009431,0.533333333,0,0,0.397959184,0.5,0.733333333,0.333333333,0.857142857,0,1,1,0.951219512
1,0.273972603,0.141778549,0.866666667,0,0,0.5,0.5,0.8,0.333333333,0.285714286,0,1,1,0.170731707
0,0.246575342,0.139101491,0.533333333,0,0,0.295918367,0.5,0.733333333,0,0.857142857,0.2,1,0,0.951219512
0,0.465753425,0.050123299,0.8,0,0,0.244897959,0.5,0.6,0.333333333,0.5,0,1,1,0.951219512
0,0.767123288,0.048781725,0.666666667,0,0,0.316326531,0,0.533333333,0.5,0,0.2,1,0,0.951219512
0,0.383561644,0.131365963,0.866666667,0,0,0.346938776,0.25,0.8,0.333333333,0.071428571,0,1,1,0.951219512
0,0.109589041,0.0326091,0.6,0,0,0.295918367,0.5,1,0.666666667,0.071428571,0.6,1,0,0.951219512
0,0.02739726,0.098989591,0.333333333,0,0,0.244897959,0,0,0.666666667,0,0.6,0.5,1,0.951219512
0,0.246575342,0.016713179,0.533333333,0,0,0.397959184,0.5,0.733333333,0,0.214285714,0.8,1,1,0.951219512
1,0.671232877,0.124746045,0.8,0,0,0.142857143,0.5,0.6,0.333333333,0.857142857,0,1,1,0.951219512
0,0.328767123,0.125588334,0.533333333,0,0,0.602040816,0.5,0.733333333,0.333333333,0.071428571,1,1,0,0.951219512
0,0.068493151,0.098129713,0.6,0,0,0.397959184,0.5,1,0.666666667,0.714285714,0.6,1,0,0.951219512
0,0.506849315,0.057095016,0.533333333,0,0,0.448979592,0.5,0.733333333,0.333333333,0.214285714,0,1,1,0.951219512
1,0.315068493,0.080152762,0.666666667,0,0,0.5,0.5,0.533333333,0.333333333,0.285714286,0,1,1,0.951219512
0,0.068493151,0.098129713,0.533333333,0,0,0.346938776,0.5,0.733333333,0.666666667,0.571428571,0.6,1,0,0.951219512
1,0.383561644,0.159049871,0.533333333,0,0,0.397959184,0.75,0.733333333,0.333333333,0.214285714,0,1,1,0.951219512
0,0.246575342,0.118276995,0.8,0,0,0.448979592,0.5,0.6,0.666666667,0.571428571,0.2,1,0,0.951219512
0,0,0.168127649,0.333333333,0,0,0.224489796,0.5,0,0.666666667,0.428571429,0.6,1,0,0.951219512
0,0.164383562,0.087083887,0.6,0,0,0.234693878,0.25,1,0,0.571428571,0.8,1,0,0.951219512
1,0.315068493,0.015179468,0.6,0,0,0.479591837,0.5,1,0,1,0.2,1,1,0.951219512
0,0.410958904,0.186179695,0.6,0,0,0.397959184,0.5,1,0.333333333,0.214285714,0,1,1,0.951219512
0,0.068493151,0.118099065,0.4,0,0,0.5,0.5,0.066666667,0,0.857142857,0.6,1,1,0.951219512
0,0.260273973,0.128023868,0.6,0,0,0.397959184,0.5,1,0,0.571428571,0.2,1,0,0.951219512
0,0.452054795,0.058142973,0.533333333,0,0,0.397959184,0.5,0.733333333,0,0.214285714,0.2,1,1,0.951219512
0,0.452054795,0.027250924,0.6,0,0.340909091,0.397959184,0.625,1,0.333333333,0.857142857,0,1,1,0.951219512
1,0.191780822,0.057801998,0.733333333,0,0,0.397959184,0.5,0.466666667,0.333333333,0.214285714,0,1,1,0.951219512
0,0.082191781,0.081027525,0.6,0,0,0.397959184,0.5,1,0.666666667,0.071428571,0.2,1,0,0.951219512
0,0.109589041,0.124811669,0.533333333,0,0,0.653061224,0.5,0.733333333,0.666666667,0.428571429,0.2,1,1,0.951219512
0,0.191780822,0.063411169,0.666666667,0,0,0.397959184,0.5,0.533333333,0,0.214285714,0.8,1,1,0.951219512
0,0.342465753,0.368756152,0.8,0,0,0.704081633,0.625,0.6,0.333333333,0.285714286,0,1,1,0.951219512
1,0.328767123,0.035915338,1,0,0,0.5,0.5,0.666666667,0,0.857142857,0.8,1,0,0.951219512
0,0.205479452,0.088543178,0.333333333,0,0,0.397959184,0,0,0.333333333,0,1,1,0,0.951219512
0,0.232876712,0.178331862,0.8,0,0,0.37755102,0.875,0.6,0.833333333,0.285714286,0.8,0.5,0,0.951219512
0,0.191780822,0.13599889,0.2,0,0,0.193877551,0.5,0.333333333,0.666666667,0.5,0.4,1,0,0.634146341
0,0.506849315,0.094963518,0.533333333,0,0,0.397959184,0.75,0.733333333,0.333333333,0.214285714,0,1,1,0.951219512
0,0.164383562,0.118705919,0.6,0,0,0.397959184,0.5,1,0.666666667,0.571428571,0.6,1,0,0.951219512
0,0.054794521,0.014992744,0.6,0,0,0.346938776,0,1,0.666666667,0,0.6,1,0,0.951219512
0,0.342465753,0.101885848,0.533333333,0,0,0.602040816,0.5,0.733333333,0,0.642857143,0.8,1,0,0.097560976
0,0.109589041,0.13280834,0.533333333,0,0,0.397959184,0.5,0.733333333,0.666666667,0.5,0.6,1,1,0.951219512
1,0.452054795,0.092461006,0.533333333,0,0,0.5,0.5,0.733333333,0.333333333,1,0,1,1,0.951219512
1,0.547945205,0.239086945,0.533333333,0,0,0.397959184,0.5,0.733333333,0,0.5,0.2,1,0,0.951219512
0,0.273972603,0.227662259,0.8,0,0,0.397959184,0.5,0.6,0,0.571428571,0.2,1,1,0.951219512
1,0.602739726,0.092206628,0.533333333,0,0,0.551020408,0.625,0.733333333,0.333333333,0.857142857,0,1,1,0.951219512
0,0.356164384,0.091206706,0.6,0,0,0.357142857,0.75,1,0,0.071428571,0.8,1,0,0.951219512
1,0.643835616,0.230830483,0.6,0,0,0.448979592,0.125,1,0.333333333,0.285714286,0,0,1,0.951219512
0,0.150684932,0.114666991,0.8,0,0.43067034,0.704081633,0.875,0.6,0.666666667,0.714285714,0.2,1,0,0.951219512
0,0.082191781,0.295746271,0.6,0,0,0.397959184,0.5,1,0.666666667,0.071428571,0.6,1,1,0.951219512
0,0.068493151,0.211317793,0.6,0,0,0.418367347,0.5,1,0.666666667,0.857142857,0.2,1,1,0.951219512
1,0.506849315,0.10492756,0.533333333,0,0,0.397959184,0.5,0.733333333,0.333333333,0.214285714,0,1,1,0.951219512
0,0.424657534,0.15882932,0.6,0,0,0.397959184,0.5,1,0.333333333,0.285714286,0,1,1,0.951219512
0,0.136986301,0.083229654,0.8,0,0,0.397959184,0.5,0.6,0.666666667,0.857142857,0.2,0.5,0,0.951219512
1,0.328767123,0.064010581,0.8,0,0.436639118,0.418367347,0.5,0.6,0.333333333,0.928571429,0,1,1,0.951219512
0,0.082191781,0.010551276,0.6,0,0,0.663265306,0.5,1,0.666666667,0.357142857,0.2,1,1,0.951219512
0,0.315068493,0.067705828,0.866666667,0,0,0.397959184,0.25,0.8,0.333333333,0.714285714,0,1,1,0.951219512
0,0.123287671,0.128102347,0.533333333,0,0,0.397959184,0.5,0.733333333,0.666666667,0.071428571,0.2,1,0,0.951219512
1,0.424657534,0.097001248,0.933333333,0,0,0.602040816,0.625,0.933333333,0.333333333,0.714285714,0,1,1,0.951219512
0,0.410958904,0.16657229,0.6,0,0,0.520408163,0.75,1,0.333333333,0.571428571,1,1,0,0.951219512
1,0.383561644,0.108238534,1,0,0.689623508,0.346938776,0.5,0.666666667,0,0.714285714,0.8,0.5,0,0.951219512
0,0.054794521,0.434239555,0.533333333,0,0,0.316326531,0.5,0.733333333,0.666666667,0.214285714,0.2,0.5,1,0.951219512
0,0.342465753,0.105063544,0.8,0,0,0.397959184,0.875,0.6,0.666666667,0.071428571,0.4,1,0,0.951219512
0,0,0.149254287,0.4,0,0,0.244897959,0.5,0.066666667,0.666666667,0.428571429,0.6,1,1,0.951219512
0,0.219178082,0.227541835,0.133333333,0,0,0.193877551,0.5,0.266666667,0.5,1,0.8,0.75,1,0.195121951
0,0.232876712,0.031921738,0.4,0,0,0.724489796,0.75,0.066666667,0.333333333,0.357142857,0,1,1,0.951219512
0,0.095890411,0.123363202,0.8,0,0,0.346938776,0.5,0.6,0.666666667,0.714285714,0.2,1,1,0.951219512
1,0.794520548,0.077084665,0.533333333,0,0,0.397959184,0.625,0.733333333,0.333333333,0.285714286,0,1,1,0.951219512
0,0.452054795,0.177417183,0.6,0,0,0.397959184,0.5,1,0.333333333,0.857142857,0,1,1,0.951219512
0,0.465753425,0.177701329,0.6,0,0,0.602040816,0.625,1,0.333333333,0.214285714,0,1,1,0.951219512
0,0.109589041,0.030597755,0.6,0,0,0.448979592,0.5,1,0.666666667,0.857142857,0.2,1,1,0.951219512
0,0.02739726,0.327239085,0.6,0,0,0.091836735,0.5,1,0.666666667,0.071428571,0.6,1,1,0.951219512
0,0.246575342,0.067639527,0.533333333,0,0,0.5,0.5,0.733333333,0.333333333,0.857142857,0,1,1,0.951219512
1,0.164383562,0.061635258,0.933333333,0.047870479,0,0.397959184,0.875,0.933333333,0.666666667,0.714285714,0.2,1,0,0.951219512
0,0.246575342,0.188221485,0,0,0,0.37755102,0.5,0.866666667,0.333333333,0.214285714,0,1,1,0.634146341
0,0.054794521,0.023852001,0.533333333,0,0,0.397959184,0.5,0.733333333,0,0.5,0.4,1,1,0.951219512
0,0.150684932,0.04319285,0.533333333,0,0,0.397959184,0.5,0.733333333,0.666666667,0.5,0.8,1,0,0.317073171
0,0.136986301,0.061726591,0.533333333,0,0,0.397959184,0.5,0.733333333,0.833333333,0.428571429,0.8,1,1,0.951219512
1,0.479452055,0.114945048,0.533333333,0,0,0.397959184,0.75,0.733333333,0.333333333,1,0,0.5,1,0.341463415
1,0.342465753,0.135804048,0.866666667,0,0,0.397959184,0.25,0.8,0.666666667,0.714285714,0.2,1,0,0.951219512
1,0.232876712,0.204375167,0.6,0,0,0.602040816,0.625,1,0.333333333,0.857142857,0,1,1,0.951219512
0,0.054794521,0.192050686,0.533333333,0,0,0.346938776,0.5,0.733333333,0.666666667,0.214285714,0.6,1,1,0.951219512
0,0.164383562,0.118525284,0.6,0,0,0.5,0.5,1,0.333333333,0.214285714,0,1,1,0.951219512
0,0.602739726,0.14032467,0.466666667,0,0,0.367346939,0.5,0.133333333,0,0.785714286,0.2,1,1,0.12195122
0,0.630136986,0.115906408,0.333333333,0,0,0.397959184,0.5,0,0.333333333,0.285714286,0,1,1,0.951219512
0,0.273972603,0.156484441,0.6,0,0,0.397959184,0.75,1,0.833333333,0.571428571,0.6,1,0,0.12195122
1,0.534246575,0.122566918,0.8,0,0.436639118,0.653061224,0.5,0.6,0.333333333,0.714285714,0,1,1,0.951219512
0,0.369863014,0.165025049,0.666666667,0,0.488751148,0.397959184,0,0.533333333,0.333333333,0,0,0.25,1,0.756097561
0,0.246575342,0.146272787,0.6,0,0,0.479591837,0.5,1,0.666666667,0.857142857,0.6,1,1,0.951219512
0,0.150684932,0.057996164,0.6,0,0,0.397959184,0.5,1,0.5,0.071428571,0.6,1,0,0.951219512
1,0.260273973,0.163276876,0.6,0,0,0.397959184,0.125,1,0.333333333,0.071428571,0,1,1,0.804878049
0,0.287671233,0.064849487,0.8,0,0,0.193877551,0.5,0.6,0.666666667,0.571428571,0.2,1,1,0.951219512
0,0.082191781,0.067088826,0.6,0,0,0.214285714,0.5,1,0.666666667,0.071428571,0.4,0.5,1,0.951219512
1,0.575342466,0.047146535,0.866666667,0,0,0.397959184,0.5,0.8,0.333333333,0.285714286,0,0.25,1,0.951219512
1,0.493150685,0.111927692,0.533333333,0,0,0.397959184,0.5,0.733333333,0.333333333,0.5,0,1,1,0.951219512
1,0.315068493,0.029097195,0.8,0,0,0.397959184,0.875,0.6,0.333333333,0.714285714,0,1,1,0.951219512
1,0.301369863,0.127743782,0.8,0,0,0.551020408,0.875,0.6,0.333333333,0.285714286,1,1,0,0.951219512
0,0.123287671,0.136096312,0.6,0,0,0.091836735,0.25,1,0.666666667,0.571428571,0.6,0.5,0,0.56097561
1,0.397260274,0.029900921,0.533333333,0,0,0.295918367,0.75,0.733333333,0.333333333,0.214285714,0,0.5,1,0.951219512
0,0.301369863,0.100017928,0.533333333,0,0,0.397959184,0.5,0.733333333,1,0.071428571,0.2,1,0,0.951219512
1,0.219178082,0.065051095,0.533333333,0,0,0.397959184,0.75,0.733333333,0.333333333,0.214285714,0,1,1,0.951219512
0,0.383561644,0.057882506,0.6,0,0,0.653061224,0.5,1,0.333333333,0.5,0,1,1,0.951219512
0,0.02739726,0.13652659,0.533333333,0,0,0.397959184,0,0.733333333,0.666666667,0,0.6,1,1,0.951219512
1,0.424657534,0.105538473,0.6,0,0,0.448979592,0.5,1,0.333333333,1,0,1,1,0.951219512
1,0.589041096,0.06009343,0.666666667,0,0,0.397959184,0.25,0.533333333,0,0.714285714,0.8,1,1,0.951219512
1,0.493150685,0.074910274,0.533333333,0,0,0.397959184,0,0.733333333,0.333333333,0,0,1,1,0.951219512
0,0.205479452,0.13406467,0.6,0,0,0.397959184,0.25,1,0.333333333,0.214285714,0.4,1,1,0.951219512
0,0.205479452,0.230196568,0.533333333,0,0,0.397959184,0.5,0.733333333,0,0.071428571,0.8,1,0,0.951219512
0,0.246575342,0.067644263,0.6,0,0,0.448979592,0.5,1,0.333333333,0.214285714,0,1,1,0.951219512
1,0.273972603,0.070816547,0.533333333,0,0,0.397959184,0.5,0.733333333,0.333333333,0.785714286,0,1,1,0.951219512
0,0.205479452,0.048598384,0.533333333,0,0,0.397959184,0.25,0.733333333,0.333333333,0.214285714,0,1,1,0.951219512
0,0.561643836,0.151846101,0.066666667,0,0,0.397959184,0.5,0.2,0.333333333,0.571428571,0,1,1,0.12195122
0,0.301369863,0.109614611,0.533333333,0,0,0.397959184,0.75,0.733333333,0.333333333,0.285714286,0,1,1,0.951219512
0,0.301369863,0.174165745,0.8,0,0,0.704081633,0.5,0.6,0.333333333,0.285714286,0,1,1,0.951219512
0,0.602739726,0.01511858,0.466666667,0,0,0.397959184,0.5,0.133333333,0.5,0.714285714,0.2,1,1,0.951219512
0,0.232876712,0.121167839,0.533333333,0,0,0.479591837,0.5,0.733333333,0.333333333,0.5,0,1,1,0.951219512
0,0.136986301,0.069468208,0.266666667,0,0,0.397959184,0.5,0.4,0.333333333,0.214285714,0,1,1,0.951219512
0,0.01369863,0.099637714,0.4,0,0,0.193877551,0.5,0.066666667,0.666666667,1,0.6,1,1,0.951219512
0,0.04109589,0.184701461,0.6,0,0,0.397959184,0.5,1,0.666666667,0.5,0.2,0.25,0,0
0,0.123287671,0.187180294,0.533333333,0,0,0.357142857,0.5,0.733333333,0.333333333,0.857142857,0,0.5,1,0.951219512
0,0.178082192,0.028684507,0.933333333,0,0,0.551020408,0.125,0.933333333,0.666666667,0.285714286,0.2,1,1,0
0,0.301369863,0.058630756,0.733333333,0,0,0.397959184,0.5,0.466666667,0.666666667,0.857142857,0.2,1,0,0.951219512
0,0.260273973,0.138777429,0.6,0,0,0.551020408,0.25,1,0,0.785714286,0.8,1,1,0.951219512
0,0.315068493,0.102195702,0.533333333,0,0,0.704081633,0.5,0.733333333,0.666666667,0.071428571,0.2,1,0,0.951219512
0,0.136986301,0.081643174,0.533333333,0,0,0.397959184,0.5,0.733333333,0.333333333,0.428571429,0,0.5,1,0.951219512
0,0.109589041,0.128674021,0.733333333,0,0,0.448979592,0,0.466666667,0.666666667,0,0.4,1,1,0.951219512
0,0.178082192,0.322326071,0.266666667,0,0,0.397959184,0.5,0.4,0.333333333,0.428571429,0.4,1,1,0.634146341
0,0.01369863,0.118350737,0.533333333,0,0,0.112244898,0.5,0.733333333,0.666666667,0.571428571,0.4,1,0,0.195121951
0,0.136986301,0.191462775,0.6,0,0,0.295918367,0.5,1,0.666666667,0.571428571,0.6,0.5,0,0.951219512
0,0.136986301,0.03689767,0.8,0.033250333,0,0.428571429,0.25,0.6,0.666666667,0.714285714,0.2,0,0,0.951219512
0,0.273972603,0.113696837,0.8,0,0,0.448979592,0.5,0.6,0.666666667,0.857142857,0.2,1,1,0.951219512
0,0.630136986,0.094632691,0.533333333,0,0,0.397959184,0.25,0.733333333,0.333333333,0.785714286,0,1,1,0.951219512
0,0.123287671,0.143033526,0.533333333,0,0,0.397959184,0.75,0.733333333,0,0.571428571,0.8,1,0,0.097560976
0,0.616438356,0.192271914,0.666666667,0,0,0.091836735,0,0.533333333,0.833333333,0,0.2,1,1,0.951219512
0,0.123287671,0.212262239,0.8,0,0,0.806122449,0.875,0.6,0.666666667,0.071428571,0.2,1,0,0.951219512
0,0.452054795,0.159888777,0.533333333,0,0,0.397959184,0.5,0.733333333,0.333333333,0.214285714,0,1,1,0.951219512
0,0.082191781,0.019942968,0.8,0,0,0.295918367,0.5,0.6,0.333333333,0.571428571,0,1,1,0.951219512
0,0.342465753,0.103937109,0.8,0,0,0.448979592,0.5,0.6,0,0.071428571,0.8,1,0,0.951219512
0,0.575342466,0.050714593,0.333333333,0,0,0.397959184,0,0,0,0,0.2,1,0,0.219512195
0,0.054794521,0.01461253,0.6,0,0,0.397959184,0.5,1,0.666666667,0.071428571,0.2,1,0,0.951219512
1,0.506849315,0.086203036,0.6,0.03103031,0,0.397959184,0.5,1,0.333333333,0.214285714,0,1,1,0.268292683
0,0.260273973,0.098550519,0.533333333,0,0,0.397959184,0.5,0.733333333,0,0.071428571,0.8,1,0,0.951219512
0,0.383561644,0.090217608,0.6,0,0,0.479591837,0.5,1,0,0.071428571,0.8,1,0,0.951219512
1,0.561643836,0.201472822,0.533333333,0,0,0.397959184,0.25,0.733333333,0.333333333,0.571428571,0,1,1,0.951219512
0,0.178082192,0.11179509,0.533333333,0,0,0.244897959,0.5,0.733333333,0.666666667,0.857142857,0.8,0.5,0,0.951219512
0,0.260273973,0.130058893,0.533333333,0.015060151,0,0.397959184,0.5,0.733333333,0.666666667,0.214285714,0.8,1,1,0.951219512
1,0.643835616,0.016693559,0.533333333,0,0,0.397959184,0.75,0.733333333,0.333333333,0.357142857,0,1,1,0.951219512
0,0.246575342,0.227590546,0.8,0,0,0.397959184,0.5,0.6,0.333333333,1,0,1,1,0.951219512
0,0.178082192,0.117075464,0.6,0,0,0.367346939,0.5,1,0,0.071428571,0.8,0.5,0,0.951219512
1,0.287671233,0.45372789,0.8,0,0,0.551020408,0.5,0.6,0,0.285714286,0.2,1,1,0.951219512
0,0.136986301,0.062271204,0.4,0,0,0.397959184,0.5,0.066666667,0.333333333,0.857142857,0,1,1,0.951219512
1,0.219178082,0.115475454,0.6,0,0.433195592,0.397959184,0.25,1,0.333333333,0.785714286,0,1,1,0.951219512
0,0.534246575,0.151233835,0.533333333,0.050130501,0,0.397959184,0.5,0.733333333,0.333333333,0.214285714,0,1,1,0.951219512
0,0.178082192,0.155332975,0.6,0,0,0.397959184,0.5,1,0.333333333,0.357142857,0,1,1,0.951219512
1,0.178082192,0.129213221,0.533333333,0,0,0.602040816,0.5,0.733333333,0.333333333,0.785714286,0,1,1,0.951219512
0,0.02739726,0.020149988,0.533333333,0,0,0.397959184,0.5,0.733333333,0.666666667,0.571428571,0.6,1,1,0.951219512
1,0.575342466,0.062013443,0.533333333,0,0,0.602040816,0.625,0.733333333,0.333333333,0.857142857,0,1,1,0.951219512
0,0.410958904,0.148746207,0.866666667,0,0,0.448979592,0.25,0.8,0,0.714285714,0.8,1,0,0.951219512
0,0.054794521,0.030871076,0.533333333,0,0,0.397959184,0.5,0.733333333,0.666666667,0.785714286,0.6,1,1,0.951219512
0,0.835616438,0.04229035,0.733333333,0,0,0.030612245,0,0.466666667,1,0,0.2,1,0,0.951219512
1,0.739726027,0.115085768,0.8,0.116781168,0,0.448979592,0.5,0.6,0.666666667,0.214285714,0.2,1,1,0.951219512
1,0.232876712,0.12042703,0.533333333,0,0,0.397959184,0.75,0.733333333,0.333333333,0.214285714,0,1,1,0.951219512
0,0.246575342,0.106478183,0.6,0,0,0.397959184,0.5,1,0.333333333,0.214285714,0,1,1,0.951219512
0,0.123287671,0.128542772,0.8,0,0,0.397959184,0.25,0.6,0.666666667,0.928571429,0.6,1,1,0.951219512
0,0.479452055,0.127573294,0.866666667,0.068490685,0,0.602040816,0.5,0.8,0,0.714285714,0.2,1,0,0.951219512
0,0.328767123,0.086477033,0.533333333,0,0,0.295918367,0.75,0.733333333,0.333333333,0.071428571,0,0.5,1,0.951219512
0,0.04109589,0.102429107,0.6,0,0,0.397959184,0.5,1,0.666666667,0.571428571,0.6,1,1,0.951219512
0,0.273972603,0.018038515,0.533333333,0,0,0.5,0.5,0.733333333,0.333333333,1,0,1,1,0.951219512
0,0.547945205,0.008011555,0.8,0,0,0.071428571,0,0.6,0.333333333,0,0,1,1,0.951219512
0,0.095890411,0.264918494,0.6,0,0,0.56122449,0.5,1,0.333333333,0.214285714,0,1,1,0.951219512
0,0.438356164,0.026611597,1,0,0,0.602040816,0.75,0.666666667,0.333333333,0.714285714,0,1,1,0.951219512
0,0.054794521,0.044573663,0.533333333,0,0,0.418367347,0.5,0.733333333,0.666666667,0.214285714,0.2,1,1,0.951219512
1,0.369863014,0.064010581,0.866666667,0,0,0.43877551,0.5,0.8,0.333333333,0.714285714,0,1,1,0.951219512
1,0.479452055,0.01190841,0.933333333,0,0,0.602040816,0.625,0.933333333,0.333333333,0.714285714,0,1,1,0.951219512
0,0.109589041,0.112882286,0.533333333,0,0,0.397959184,0.5,0.733333333,0.333333333,0.214285714,0,1,1,0.951219512
0,0.150684932,0.038442205,0.533333333,0,0,0.397959184,0.5,0.733333333,0.333333333,0.428571429,0,0.5,1,0.951219512
0,0.397260274,0.064576843,0.6,0,0,0.397959184,0.5,1,0.333333333,0.857142857,0,1,1,0.951219512
1,0.616438356,0.065559852,0.8,0.150241502,0,0.397959184,0.5,0.6,0.333333333,0.285714286,0,1,1,0.951219512
0,0.02739726,0.11430572,0.6,0,0,0.397959184,0,1,0.666666667,0,0.6,1,1,0.951219512
1,0.520547945,0.100897427,0.866666667,0,0,0.520408163,0.5,0.8,0.333333333,0.714285714,0,1,1,0.951219512
0,0.575342466,0.109400825,0.533333333,0,0,0.346938776,0.25,0.733333333,0.833333333,0.071428571,0.8,1,0,0.951219512
0,0.02739726,0.071758287,0.6,0,0,0.153061224,0.5,1,0.666666667,0.571428571,0.6,1,0,0.951219512
0,0.671232877,0.054821851,0.533333333,0,0,0.397959184,0,0.733333333,1,0,0.8,1,0,0.951219512
1,0.534246575,0.082260853,0.8,0,0,0.397959184,0.5,0.6,0.333333333,0.714285714,0,1,1,0.951219512
0,0.273972603,0.127768137,0.533333333,0,0,0.397959184,0.5,0.733333333,0,0.5,0.8,1,0,0.951219512
0,0.068493151,0.168005872,0.466666667,0,0,0.602040816,0.5,0.133333333,0.333333333,0.5,0,1,1,0.951219512
0,0.164383562,0.110851997,0.533333333,0,0,0.397959184,0.5,0.733333333,0,0.071428571,0.8,1,0,0.951219512
0,0.219178082,0.080840124,0.8,0.009140091,0,0.397959184,0.5,0.6,0,0.714285714,0.8,1,0,0.268292683
0,0.054794521,0.019550576,0.6,0,0,0.193877551,0.875,1,0.666666667,0.714285714,0.6,1,0,0.951219512
1,0.643835616,0.110444045,1,0,0,0.397959184,0.125,0.666666667,0.333333333,0.714285714,0,0.25,1,0.073170732
0,0.123287671,0.220268382,0.8,0,0,0.397959184,0.25,0.6,0.666666667,0.714285714,0.6,0.5,0,0.951219512
1,0.273972603,0.041394614,0.8,0,0.433195592,0.469387755,0.5,0.6,0.333333333,0.285714286,0,1,1,0.951219512
0,0.547945205,0.113895739,0.6,0,0,0.397959184,0.5,1,0.333333333,0.214285714,0,1,1,0.951219512
0,0.438356164,0.154483244,0.533333333,0,0,0.37755102,0.5,0.733333333,0.666666667,0.571428571,0.2,1,1,0.951219512
0,0.273972603,0.048724896,0.6,0,0,0.397959184,0.5,1,0.333333333,0.571428571,0,1,1,0.951219512
0,0.397260274,0.331087906,0.333333333,0,0,0.397959184,0.5,0,0,0.5,0.8,0.5,1,0.951219512
0,0.534246575,0.05362235,0.333333333,0,0,0.357142857,0.5,0,0,0.071428571,0.8,0.5,0,0.951219512
0,0.164383562,0.268528497,0.6,0,0,0.397959184,0.875,1,0.333333333,0.071428571,0,1,1,0.951219512
0,0.657534247,0.144229644,0.6,0,0,0.346938776,0.75,1,1,0.214285714,0.2,1,0,0.951219512
0,0.479452055,0.082469226,0.533333333,0.02597026,0,0.357142857,0.5,0.733333333,0,0.571428571,0.2,1,0,0.951219512
0,0.205479452,0.050757214,0.533333333,0,0,0.408163265,0.25,0.733333333,0.333333333,0.571428571,0,1,1,0.951219512
0,0.136986301,0.113978276,0.6,0,0,0.295918367,0.5,1,0.333333333,0.428571429,0,1,1,0.951219512
0,0.410958904,0.119651042,0.533333333,0,0,0.397959184,0.5,0.733333333,0,0.357142857,0.2,1,1,0.951219512
1,0.260273973,0.019438271,0.6,0,0,0.520408163,0.5,1,0.333333333,0.285714286,0,1,1,0.951219512
0,0.260273973,0.077816002,0.8,0,0,0.397959184,0.5,0.6,0.666666667,0.285714286,0.6,1,0,0.951219512
0,0.123287671,0.074365662,0.533333333,0,0,0.397959184,0.5,0.733333333,0.666666667,0.214285714,0.4,1,1,0.951219512
0,0.04109589,0.229034277,0.6,0,0,0.193877551,0.5,1,0.666666667,0.857142857,0.6,1,0,0.951219512
0,0.328767123,0.090909029,0.6,0,0,0.397959184,0.625,1,0,0.5,0.2,1,0,0.390243902
0,0.04109589,0.185290725,0.533333333,0,0,0.602040816,0.5,0.733333333,0.666666667,0.857142857,0.2,1,1,0.951219512
0,0.452054795,0.20364586,0.133333333,0,0,0.397959184,0.5,0.266666667,0,0.5,0.8,1,0,0.634146341
0,0.369863014,0.122357868,0.533333333,0,0,0.346938776,0.25,0.733333333,0,0.071428571,0.8,1,0,0.951219512
1,0.849315068,0.059938503,0.733333333,0,0,0.010204082,0,0.466666667,0.333333333,0,1,1,0,0.951219512
0,0.109589041,0.102971014,0.6,0,0,0.397959184,0.5,1,0,0.214285714,0.2,1,1,0.951219512
1,0.315068493,0.143152596,0.933333333,0,0,0.602040816,0.75,0.933333333,0.333333333,0.714285714,0,1,1,0.951219512
0,0.082191781,0.202346232,0.666666667,0,0,0.397959184,0.5,0.533333333,0.666666667,0.071428571,0.2,1,0,0.951219512
1,0.506849315,0.101791809,0.533333333,0,0,0.551020408,0.5,0.733333333,0.333333333,0.214285714,0,1,1,0.951219512
0,0.178082192,0.213053788,0.533333333,0,0,0.397959184,0.25,0.733333333,0.333333333,0.571428571,0,1,1,0.951219512
0,0.068493151,0.243968162,0.6,0,0,0.193877551,0.5,1,0.666666667,0.071428571,0.6,1,0,0.951219512
0,0.369863014,0.099907653,0.6,0,0,0.397959184,0.5,1,0,0.071428571,0.8,1,0,0.951219512
1,0.328767123,0.109191098,0.666666667,0,0,0.428571429,0.5,0.533333333,0.333333333,0.214285714,0,1,1,0.951219512
0,0.273972603,0.098338763,0.6,0,0,0.295918367,0.875,1,0.666666667,0.785714286,0.2,1,0,0.951219512
0,0.04109589,0.040751227,0.6,0,0,0.295918367,0.5,1,0.666666667,0.571428571,0.6,1,1,0.951219512
1,0.232876712,0.008105594,0.666666667,0.076880769,0,0.397959184,0.5,0.533333333,0.333333333,0.214285714,0,1,1,0.951219512
0,0.082191781,0.032557683,0.6,0,0,0.397959184,0.5,1,0.666666667,0.928571429,0.2,1,0,0.951219512
1,0.424657534,0.023718046,0.933333333,0,0.453856749,0.704081633,0.5,0.933333333,0.333333333,0.714285714,0,1,1,0.951219512
0,0.02739726,0.11994263,0.533333333,0,0,0.295918367,0.5,0.733333333,0.666666667,0.571428571,0.2,1,0,0.951219512
0,0.246575342,0.297675079,0.533333333,0,0,0.397959184,0.5,0.733333333,0,0.857142857,0.6,1,0,0.951219512
0,0.082191781,0.065639006,0.666666667,0,0,0.397959184,0.5,0.533333333,0.666666667,0.285714286,0.6,1,1,0.951219512
0,0.424657534,0.112205072,0.533333333,0,0,0.43877551,0.5,0.733333333,0,0.5,0.8,1,0,0.951219512
0,0.356164384,0.213978615,0.6,0,0,0.37755102,0.5,1,0,0.5,0.8,0.5,0,0.951219512
0,0.301369863,0.171434564,0.6,0,0,0.653061224,0,1,0,0,0.2,1,1,0.804878049
0,1,0.047589667,0.533333333,0.029640296,0,0.112244898,0.75,0.733333333,0.666666667,0.285714286,0.2,1,1,0.951219512
0,0.054794521,0.16032988,0.6,0,0,0.397959184,0,1,0.333333333,0,0,1,1,0.951219512
0,0.054794521,0.135390007,0.533333333,0,0,0.397959184,0.5,0.733333333,0.666666667,0.5,0.4,1,1,0.951219512
0,0.109589041,0.268943891,0.666666667,0,0,0.397959184,0.5,0.533333333,0.666666667,0.285714286,0.2,0.5,0,0.951219512
1,0.315068493,0.048486079,0.6,0,0,0.5,0.5,1,0.333333333,1,0,1,1,0.951219512
0,0.452054795,0.134513891,0.533333333,0,0,0.367346939,0.875,0.733333333,0.666666667,0.071428571,0.2,1,0,0.951219512
1,0.383561644,0.12825795,1,0,0,0.448979592,0.5,0.666666667,0.333333333,0.285714286,0,1,1,0.951219512
0,0.109589041,0.027231305,0.733333333,0,0.365932048,0.244897959,0.5,0.466666667,0,0.928571429,0.6,1,0,0.951219512
0,0.082191781,0.168005872,0.333333333,0,0,0.397959184,0.5,0,0.666666667,0.214285714,0.2,1,1,0.951219512
0,0.068493151,0.115080356,0.6,0,0,0.112244898,0,1,0.666666667,0,0.2,0.25,0,0.902439024
1,0.397260274,0.081608671,0.533333333,0,0,0.448979592,0.5,0.733333333,0.333333333,0.857142857,0,1,1,0.951219512
0,0.246575342,0.118314204,0.533333333,0,0,0.397959184,0.5,0.733333333,0.666666667,0.071428571,0.8,1,0,0.951219512
0,0.04109589,0.143388031,0.6,0,0,0.346938776,0.25,1,0.666666667,0.285714286,0.2,1,0,0.951219512
1,0.520547945,0.058494096,0.6,0,0,0.5,0.5,1,0.333333333,0.928571429,0,1,1,0.048780488
0,0.178082192,0.043878859,0.6,0,0,0.244897959,0.5,1,0.666666667,0.071428571,0.2,0.5,1,0.951219512
0,0.150684932,0.286552129,0.8,0,0,0.397959184,0.5,0.6,0.333333333,0.285714286,0,1,1,0.951219512
1,0.397260274,0.020760902,0.866666667,0,0,0.214285714,0.5,0.8,0.333333333,0.714285714,1,1,0,0.951219512
0,0.068493151,0.176122967,0.4,0,0,0.397959184,0.5,0.066666667,0.666666667,0.214285714,0.6,1,1,0.951219512
0,0.02739726,0.232720052,0.6,0,0,0.244897959,0.5,1,0.666666667,0.071428571,0.2,1,0,0.951219512
1,0.452054795,0.242890438,0.533333333,0,0.436639118,0.602040816,0.75,0.733333333,0.333333333,0.857142857,0,1,1,0.951219512
0,0.205479452,0.12721473,0.933333333,0,0,0.602040816,0.5,0.933333333,0.666666667,0.714285714,0.2,1,1,0.951219512
0,0.630136986,0.209129871,0.266666667,0,0,0.397959184,0,0.4,0.833333333,0,0.2,0.5,1,0.951219512
0,0.068493151,0.144015181,0.533333333,0,0,0.397959184,0.5,0.733333333,0.666666667,0.071428571,0.2,1,0,0.951219512
0,0.287671233,0.237539028,0.6,0,0,0.397959184,0.5,1,0.666666667,0.857142857,0.8,0.5,0,0.951219512
0,0.054794521,0.188718063,0.6,0,0,0.397959184,0.5,1,0.666666667,0.571428571,0.2,1,1,0.951219512
0,0.575342466,0.123929464,0.866666667,0,0,0.397959184,0.125,0.8,0.666666667,0.285714286,0.2,1,1,0.951219512
0,0.630136986,0.081765627,0.533333333,0,0,0.448979592,0.5,0.733333333,0.333333333,0.714285714,0,1,1,0.951219512
1,0.232876712,0.050694973,0.8,0,0,0.448979592,0.5,0.6,0.333333333,0.714285714,0,1,1,0.951219512
0,0.328767123,0.135132923,0.4,0,0,0.397959184,0.5,0.066666667,0.333333333,0.214285714,0,0.5,1,0.951219512
1,0.465753425,0.033043437,0.533333333,0,0,0.5,0.75,0.733333333,0.333333333,0.357142857,0,1,1,0.951219512
0,0.369863014,0.077067075,0.6,0.018310183,0,0.5,0.5,1,0,1,0.8,1,1,0.951219512
0,0.575342466,0.089172358,0.533333333,0,0,0.397959184,0.5,0.733333333,0.333333333,0.214285714,0,1,1,0.951219512
0,0.342465753,0.012923216,1,0,0,0.397959184,0.5,0.666666667,0.5,0.714285714,0.8,0,0,0.951219512
0,0.068493151,0.128630722,0.8,0,0,0.397959184,0.5,0.6,0.666666667,0.071428571,0.6,1,0,0.951219512
0,0.068493151,0.13094651,0.6,0,0,0.448979592,0.5,1,0.666666667,0.571428571,0.2,1,1,0.951219512
0,0.219178082,0.017970862,0.8,0,0,0.397959184,0.5,0.6,0,0.285714286,0.2,1,1,0.951219512
0,0.493150685,0.077688137,0.533333333,0,0,0.397959184,0.5,0.733333333,0.333333333,0.5,0,1,1,0.951219512
1,0.246575342,0.208237519,0.8,0,0,0.551020408,0,0.6,0.333333333,0,1,1,0,0.951219512
0,0.136986301,0.188693708,0.8,0,0,0.397959184,0.875,0.6,0.666666667,0.714285714,0.2,0.5,1,0.951219512
0,0.397260274,0.088561445,0.133333333,0,0,0.397959184,0.5,0.266666667,0.666666667,0.5,0.6,1,0,0.146341463
1,0.452054795,0.123815129,0.6,0,0,0.5,0.5,1,0.333333333,0.285714286,0,1,1,0.951219512
0,0.219178082,0.205923084,0.6,0,0,0.5,0,1,0.333333333,0,1,1,0,0.951219512
0,0.095890411,0.072622225,0.6,0,0,0.367346939,0.5,1,0.666666667,0.857142857,0.2,1,0,0.951219512
1,0.315068493,0.118455601,0.6,0,0,0.602040816,0.5,1,0.333333333,0.857142857,0,1,1,0.951219512
1,0.164383562,0.083556422,0.8,0.150241502,0,0.5,0.5,0.6,0.333333333,0.285714286,1,1,0,0.12195122
0,0.356164384,0.159457146,0.533333333,0.054550546,0,0.5,0.625,0.733333333,0,0.214285714,0.8,1,1,0.951219512
0,0.109589041,0.184750172,0.533333333,0,0,0.5,0.5,0.733333333,0,0.571428571,0.2,1,1,0.951219512
0,0.438356164,0.106051965,0.533333333,0,0.143480257,0.397959184,0.5,0.733333333,0.833333333,0.714285714,0.8,1,0,0.804878049
0,0.054794521,0.07446173,0.6,0,0,0.346938776,0.5,1,0.666666667,0.928571429,0.6,1,0,0.951219512
0,0.493150685,0.121170545,0.533333333,0,0,0.397959184,0.5,0.733333333,0,0.285714286,0.2,1,0,0.951219512
0,0.287671233,0.010629755,0.666666667,0,0,0.397959184,0.5,0.533333333,0,0.214285714,0.2,1,1,0.951219512
0,0.068493151,0.068451372,0.533333333,0,0,0.397959184,0.5,0.733333333,0.333333333,1,0,0.75,1,0.146341463
1,0.589041096,0.24615676,0.533333333,0.150241502,0,0.142857143,0.625,0.733333333,0.333333333,0.071428571,1,1,0,0.951219512
0,0.273972603,0.020539674,0.533333333,0,0,0.397959184,0.5,0.733333333,0.333333333,0.357142857,0,1,1,0.951219512
0,0.054794521,0.171211983,0.6,0,0,0.397959184,0.5,1,0.666666667,0.857142857,0.4,1,1,0.951219512
0,0,0.15711768,0.333333333,0,0,0.193877551,0.5,0,0.666666667,0.571428571,0.6,1,1,0.951219512
0,0.219178082,0.299321771,0.6,0,0,0.397959184,0.5,1,0.833333333,0.571428571,0.2,1,1,0.951219512
0,1,0.182536541,0.6,0,0,0.397959184,0.75,1,0.333333333,0.357142857,0,1,1,0.951219512
1,0.232876712,0.126951557,0.6,0.07298073,0,0.397959184,0.5,1,0.333333333,0.5,0,0.5,1,0.951219512
1,0.136986301,0.117831833,0.8,0.135501355,0,0.397959184,0.5,0.6,0.666666667,0.714285714,0.2,0.25,1,0.951219512
0,0.02739726,0.098661471,0.533333333,0,0.394628099,0.397959184,0.5,0.733333333,0.666666667,0.571428571,0.2,1,0,0.951219512
0,0.506849315,0.143373148,0.533333333,0.068490685,0,0.5,0.75,0.733333333,1,0.214285714,0.2,1,1,0.951219512
0,0.410958904,0.177504457,0.533333333,0.039080391,0,0.397959184,0.25,0.733333333,0.333333333,0.571428571,0.4,1,1,0.951219512
1,0.479452055,0.051928301,0.8,0,0,0.295918367,0.5,0.6,0.5,0.714285714,0.2,1,1,0.951219512
0,0.534246575,0.076355358,0.333333333,0,0,0.602040816,0.75,0,0.333333333,1,0,1,1,0.951219512
0,0.219178082,0.131021605,0.533333333,0,0,0.397959184,0.5,0.733333333,0.666666667,0.571428571,0.6,1,1,0.951219512
0,0.054794521,0.079078421,0.6,0.029070291,0,0.397959184,0.5,1,0.666666667,0.571428571,0.2,1,1,0.951219512
0,0.438356164,0.086485828,0.533333333,0,0,0.5,0.5,0.733333333,0,0.285714286,0.8,1,1,0.951219512
0,0.287671233,0.163337088,0.533333333,0,0,0.397959184,0.5,0.733333333,0,0.214285714,0.2,1,1,0.951219512
0,0.246575342,0.105899744,0.533333333,0,0,0.397959184,0.5,0.733333333,0.666666667,0.5,0.6,1,1,0.951219512
0,0.04109589,0.241217361,0.6,0,0,0.244897959,0.5,1,0.666666667,0.571428571,0.2,1,0,0.951219512
1,0.506849315,0.007075228,0.8,1,0,0.704081633,0.625,0.6,0,0.285714286,0.2,1,1,0.951219512
0,0.164383562,0.048191108,0.266666667,0,0,0.397959184,0.5,0.4,0.666666667,0.5,0.2,1,1,0.951219512
0,0.315068493,0.143477334,0.266666667,0,0,0.040816327,0,0.4,0,0,0.8,1,0,0.12195122
0,0.328767123,0.125930662,0.6,0,0,0.448979592,0.5,1,0.333333333,0.214285714,0,1,1,0.951219512
0,0.602739726,0.116950981,0.4,0,0,0.397959184,0.5,0.066666667,1,0.571428571,0.2,0.5,1,0.951219512
0,0.315068493,0.289310372,0.266666667,0,0,0.397959184,0.5,0.4,0.333333333,0.5,0,1,1,0.634146341
0,0.082191781,0.106747445,0.466666667,0,0,0.37755102,0.5,0.133333333,0.666666667,0.571428571,0.2,1,0,0.951219512
0,0.02739726,0.25062529,0.533333333,0,0,0.397959184,0.5,0.733333333,0.666666667,0.571428571,0.6,0.5,0,0.951219512
0,0.01369863,0.10273152,0.533333333,0,0,0.091836735,0.5,0.733333333,0.666666667,0.928571429,0.6,1,0,0.951219512
0,0.136986301,0.13036807,0.6,0,0.362488522,0.397959184,0.5,1,0.333333333,0.071428571,0,1,1,0.951219512
0,0.287671233,0.048333181,0.533333333,0,0,0.479591837,0.5,0.733333333,0,0.571428571,0.8,1,0,0.951219512
0,0.260273973,0.013735061,0.6,0,0,0.397959184,0.25,1,0.333333333,0.071428571,0,0,1,0.951219512
0,0.602739726,0.100800005,0.533333333,0,0,0.357142857,0,0.733333333,1,0,0.2,1,0,0.951219512
0,0.315068493,0.300264188,0.4,0,0,0.520408163,0.875,0.066666667,0,1,0.8,1,0,0.951219512
0,0.520547945,0.091808824,0.6,0,0,0.581632653,0.5,1,0.333333333,0.214285714,0,1,1,0.951219512
1,0.424657534,0.159641841,0.6,0.07298073,0,0.397959184,0.5,1,0.333333333,0.714285714,1,1,0,0.951219512
0,0.109589041,0.126688384,0.6,0,0,0.142857143,0.5,1,0.333333333,0.285714286,1,1,0,0.951219512
0,0.136986301,0.144884532,0.8,0,0,0.397959184,0.5,0.6,0.666666667,0.714285714,0.4,1,0,0.951219512
0,0.04109589,0.263447025,0.533333333,0,0,0.295918367,0,0.733333333,0.666666667,0,0.2,1,0,0.951219512
1,0.479452055,0.252279423,0.8,0,0,0.397959184,0.125,0.6,0.333333333,0.071428571,0,1,1,0.951219512
0,0.205479452,0.108306864,0.8,0,0,0.37755102,0.5,0.6,0.666666667,0.714285714,0.2,1,1,0.951219512
0,0.082191781,0.094446643,0.533333333,0.046500465,0,0.5,0.5,0.733333333,0,0.214285714,0.2,1,1,0.512195122
1,0.219178082,0.262941652,0.866666667,0,0,0.5,0.875,0.8,0.333333333,0.714285714,0,1,1,0.951219512
1,0.438356164,0.063140554,0.533333333,0,0,0.5,0.75,0.733333333,0,0.857142857,0.2,1,1,0.951219512
0,0.136986301,0.131656874,0.6,0,0,0.5,0.75,1,0.333333333,0.357142857,0,1,1,0.951219512
0,0.410958904,0.222706623,0.533333333,0,0,0.030612245,0.5,0.733333333,0,0.642857143,0.2,1,0,0.951219512
0,0.082191781,0.204678256,0.6,0,0,0.234693878,0.5,1,0.666666667,0.071428571,0.6,1,1,0.951219512
1,0.191780822,0.067167981,0.533333333,0,0.424242424,0.5,0.5,0.733333333,0.333333333,1,0,1,1,0.951219512
0,0.397260274,0.102202467,0.533333333,0,0,0.357142857,0.5,0.733333333,0.333333333,0.857142857,0,1,1,0.951219512
0,0.04109589,0.22600136,0.6,0,0,0.346938776,0,1,0.666666667,0,0.2,1,0,0.951219512
0,0.01369863,0.11605254,0.466666667,0,0,0.295918367,0.5,0.133333333,0.666666667,0.571428571,0.6,1,1,0.951219512
0,0.630136986,0.193373317,0.6,0,0,0.397959184,0.5,1,0,0.571428571,0.2,1,1,0.951219512
0,0.287671233,0.0132351,0.533333333,0,0,0.5,0.75,0.733333333,0.333333333,0.357142857,0,1,1,0.951219512
0,0.082191781,0.065467166,0.533333333,0,0,0.602040816,0.5,0.733333333,0.666666667,0.428571429,0.4,1,1,0.951219512
1,0.410958904,0.026757052,0.933333333,0,0.436639118,0.602040816,0.5,0.933333333,0.333333333,0.714285714,1,1,0,0.390243902
0,0.219178082,0.021834566,0.533333333,0,0,0.346938776,0.5,0.733333333,0.333333333,0.714285714,0,1,1,0.951219512
1,0.465753425,0.065049066,0.8,0,0,0.397959184,0.5,0.6,0.333333333,0.571428571,0,1,1,0.951219512
0,0.301369863,0.296846998,0.266666667,0,0,0.397959184,0.5,0.4,0.333333333,0.428571429,0,1,1,0.951219512
1,0.657534247,0.117155972,0.6,0,0,0.397959184,0.5,1,0.333333333,0.928571429,0,1,1,0.951219512
0,0.616438356,0.085991956,0.6,0,0,0.234693878,0,1,0.333333333,0,0,1,1,0.951219512
0,0.082191781,0.163615145,0.8,0,0,0.5,0.25,0.6,0.666666667,0.714285714,0.4,1,0,0.951219512
0,0.575342466,0.006431841,0.533333333,0,0,0.091836735,0.5,0.733333333,1,0.571428571,0.2,1,0,0.951219512
0,0.479452055,0.109691059,0.733333333,0,0,0.316326531,0.5,0.466666667,0,0.714285714,0.8,1,0,0.951219512
1,0.589041096,0.049867568,0.866666667,0,0,0.5,0.5,0.8,0.333333333,0.071428571,0,0.25,1,0.853658537
1,0.561643836,0.178317655,0.533333333,0.086140861,0,0.520408163,0.5,0.733333333,1,0.214285714,0.8,1,1,0.634146341
0,0.123287671,0.078659644,0.6,0,0,0.397959184,0.5,1,0.666666667,0.285714286,0.6,0.5,0,0.951219512
0,0.534246575,0.126835869,0.6,0,0,0.448979592,0.5,1,0.333333333,0.214285714,0,1,1,0.951219512
0,0.465753425,0.078514189,0.2,0,0,0.397959184,0.5,0.333333333,0.333333333,0.714285714,0,1,1,0.951219512
0,0.109589041,0.11406352,0.6,0,0,0.397959184,0.875,1,0.333333333,0.071428571,1,0.5,0,0.951219512
0,0.684931507,0.12551865,0.6,0,0.423324151,0.704081633,0.5,1,0.333333333,0.857142857,0,1,1,0.951219512
0,0.068493151,0.12649963,0.6,0,0,0.163265306,0.875,1,0.666666667,0.071428571,0.2,1,0,0.951219512
1,0.643835616,0.195585594,0.733333333,0.093860939,0,0.448979592,0.125,0.466666667,0.333333333,0.285714286,0,1,1,0.951219512
0,0.082191781,0.200859202,0.533333333,0,0,0.397959184,0.5,0.733333333,0.333333333,0.5,0,1,1,0.951219512
1,0.547945205,0.074606509,0.333333333,0,0,0.602040816,0.5,0,0.333333333,1,0,1,1,0.951219512
0,0.054794521,0.055267689,0.533333333,0,0,0.397959184,0.5,0.733333333,0.666666667,0.214285714,0.2,1,1,0.951219512
0,0.287671233,0.139298363,0.133333333,0,0,0.397959184,0.25,0.266666667,0.333333333,0.428571429,0.4,1,1,0.634146341
1,0.397260274,0.010681848,0.6,0,0,0.897959184,0.5,1,0.333333333,0.214285714,0,1,1,0.951219512
0,0.616438356,0.150497762,0.8,0.050130501,0,0.5,0.625,0.6,0.333333333,0.285714286,0,1,1,0.951219512
0,0.342465753,0.218005365,0.533333333,0,0,0.397959184,0.5,0.733333333,0.333333333,0.428571429,0,0.5,1,0.951219512
0,0.410958904,0.143195218,0.6,0,0,0.295918367,0.875,1,0.333333333,0.071428571,1,1,0,0.951219512
0,0,0.059902646,0.6,0,0,0.193877551,0.5,1,0.666666667,0.071428571,0.6,1,1,0.951219512
0,0.109589041,0.165060229,0.733333333,0,0,0.397959184,0.5,0.466666667,0.333333333,0.857142857,0,1,1,0.951219512
1,0.219178082,0.143407651,0.2,0,0,0.397959184,0.5,0.333333333,0.666666667,0.357142857,0.2,1,1,0.634146341
1,0.506849315,0.203375245,1,0,0,0.459183673,0.875,0.666666667,0.333333333,0.714285714,0,1,1,0.219512195
0,0.246575342,0.11413388,0.6,0,0,0.387755102,0.5,1,0,0.071428571,0.8,1,0,0.951219512
0,0.246575342,0.101728215,0.8,0,0,0.397959184,0.25,0.6,0,0.714285714,0.2,1,1,0.804878049
0,0.315068493,0.08014532,0.6,0,0,0.397959184,0.125,1,0,0.285714286,0.2,0.5,0,0.951219512
0,0.04109589,0.105930865,0.6,0,0,0.193877551,0,1,0.666666667,0,0.6,1,0,0.951219512
0,0.328767123,0.088247531,0.533333333,0,0,0.448979592,0.75,0.733333333,0.333333333,1,0,1,1,0.951219512
0,0.561643836,0.065538879,0.533333333,0,0,0.37755102,0.5,0.733333333,1,0.928571429,0.8,1,0,0.951219512
0,0.287671233,0.108439465,0.6,0,0,0.581632653,0.5,1,0,0.214285714,0.6,1,1,0.756097561
0,0.301369863,0.11877425,0.6,0,0,0.397959184,0.5,1,0.666666667,0.214285714,0.2,1,1,0.951219512
0,0.095890411,0.161260795,0.666666667,0,0,0.397959184,0.5,0.533333333,0.333333333,0.214285714,0,1,1,0.317073171
0,0.479452055,0.132834725,0.533333333,0,0.399678604,0.37755102,0.5,0.733333333,0,0.071428571,0.8,1,0,0.951219512
0,0.260273973,0.203299473,0.8,0,0,0.346938776,0.25,0.6,0.666666667,0.714285714,0.6,0.5,1,0.951219512
1,0.287671233,0.026995193,0.8,0.150241502,0,0.5,0.5,0.6,0.333333333,0.857142857,0,1,1,0.951219512
0,0.616438356,0.095801747,0.666666667,0.031370314,0,0.397959184,0.625,0.533333333,0.333333333,0.285714286,0,1,1,0.951219512
1,0.301369863,0.123784685,0.533333333,0,0,0.397959184,0.5,0.733333333,0.333333333,0.5,0,1,1,0.951219512
0,0.342465753,0.084531312,0.533333333,0,0,0.5,0.25,0.733333333,0,0.785714286,0.8,1,0,0.951219512
0,0.246575342,0.31245945,0.533333333,0,0.323232323,0.397959184,0.5,0.733333333,0.666666667,0.214285714,0.2,1,1,0.951219512
1,0.479452055,0.13593259,0.6,0,0,0.397959184,0.5,1,0.333333333,0.214285714,0,1,1,0.951219512
0,0.452054795,0.059291733,0.533333333,0,0,0.316326531,0.5,0.733333333,0.333333333,0.071428571,0,1,1,0.951219512
0,0.520547945,0.179112586,0.6,0,0,0.397959184,0.5,1,0,0.785714286,0.2,1,1,0.951219512
0,0.260273973,0.127234349,0.8,0,0,0.448979592,0.5,0.6,0.333333333,0.714285714,0,1,1,0.951219512
0,0.301369863,0.039208722,0.6,0,0,0.397959184,0.5,1,0.333333333,0.857142857,1,0.25,0,0.731707317
1,0.561643836,0.058754562,0.533333333,0.07298073,0,0.397959184,0,0.733333333,0.333333333,0,1,1,0,0.951219512
1,0.273972603,0.173895806,0.8,0,0,0.551020408,0.5,0.6,0.333333333,0.714285714,0,1,1,0.951219512
0,0.273972603,0.143832516,0.533333333,0,0,0.418367347,0.5,0.733333333,0.333333333,1,0,1,1,0.951219512
0,0.082191781,0.150071544,0.6,0,0,0.397959184,0,1,0.666666667,0,0.2,1,1,0.951219512
0,0.397260274,0.122188734,0.2,0,0,0.295918367,0.5,0.333333333,0.333333333,0.357142857,0,0.5,1,0.951219512
1,0.438356164,0.205693062,0.533333333,0,0,0.479591837,0.5,0.733333333,0.333333333,1,0,0.5,1,0.951219512
0,0.095890411,0.13865024,0.6,0,0,0.295918367,0.5,1,0.666666667,0.571428571,0.2,1,1,0.951219512
0,0.287671233,0.088473495,0.8,0,0,0.448979592,0.875,0.6,0.666666667,0.285714286,0.2,1,0,0.951219512
1,0.315068493,0.10797739,0.8,0,0,0.234693878,0.5,0.6,0.333333333,0.714285714,1,1,0,0.951219512
0,0.150684932,0.138229434,0.6,0,0,0.132653061,0.5,1,0.666666667,0.571428571,0.2,0.5,1,0.951219512
0,0.082191781,0.090407039,0.533333333,0,0,0.244897959,0.5,0.733333333,0.666666667,0.428571429,0.2,1,0,0.951219512
0,0.068493151,0.278874783,0.6,0,0,0.244897959,0,1,0.666666667,0,0.6,1,1,0.951219512
0,0.164383562,0.056225666,0.533333333,0,0,0.193877551,0.25,0.733333333,0.666666667,0.571428571,0.6,1,1,0.951219512
0,0.561643836,0.164761876,0.2,0,0,0.397959184,0.5,0.333333333,0.333333333,0.428571429,0,1,1,0.951219512
0,0.178082192,0.063231887,0.8,0,0,0.5,0.75,0.6,0.333333333,0.857142857,0,1,1,0.951219512
0,0.287671233,0.072909077,0.533333333,0,0,0.346938776,0.5,0.733333333,0,0.642857143,0.8,1,0,0.951219512
0,0.520547945,0.120042081,0.533333333,0,0,0.193877551,0.75,0.733333333,0.333333333,0.214285714,0,1,1,0.951219512
0,0.452054795,0.148101467,0.8,0,0,0.5,0.75,0.6,0,0.857142857,0.2,1,1,0.951219512
1,0.342465753,0.121008176,0.8,0,0,0.275510204,0,0.6,0.333333333,0,1,1,0,0.951219512
0,0.315068493,0.150426726,0.6,0,0,0.397959184,0.5,1,0.666666667,0.214285714,0.2,1,1,0.951219512
0,0.191780822,0.111892512,0.8,0,0,0.397959184,0.5,0.6,0.333333333,0.714285714,0,1,1,0.951219512
0,0.301369863,0.061590607,0.8,0,0.383149679,0.397959184,0.5,0.6,0.666666667,0.285714286,0.2,1,1,0.951219512
1,0.424657534,0.023718046,0.866666667,0,0,0.397959184,0.5,0.8,0.333333333,0.714285714,0,1,1,0.951219512
1,0.465753425,0.272645904,0.533333333,0,0.436639118,0.397959184,0.5,0.733333333,0.333333333,0.5,0,0.5,1,0.951219512
0,0.356164384,0.200399157,0.533333333,0,0,0.397959184,0.875,0.733333333,0.5,0.285714286,0.8,1,0,0.951219512
1,0.465753425,0.187471881,0.866666667,0.07298073,0,0.397959184,0.25,0.8,0.333333333,0.714285714,0,1,1,0.951219512
0,0.479452055,0.099872473,0.466666667,0,0,0.397959184,0.5,0.133333333,0.666666667,0.5,0.2,1,1,0.951219512
0,0.068493151,0.168861016,0.4,0,0,0.142857143,0,0.066666667,0.666666667,0,0.4,0.5,0,0.951219512
0,0.301369863,0.087623088,0.6,0,0,0.397959184,0.5,1,0,0.071428571,0.8,0.5,0,0.951219512
1,0.273972603,0.116036303,0.8,0,0,0.397959184,0.5,0.6,0.333333333,0.285714286,0,1,1,0.951219512
1,0.315068493,0.125199325,0.8,0,0,0.653061224,0.5,0.6,0.333333333,0.285714286,0,1,1,0.951219512
0,0.698630137,0.319334423,0.4,0,0,0.295918367,0,0.066666667,0.333333333,0,0,1,1,0.951219512
0,0.356164384,0.097501209,0.333333333,0,0,0.397959184,0.5,0,0.333333333,0.428571429,0,1,1,0.951219512
0,0.602739726,0.01511858,0.8,0,0,0.295918367,0.25,0.6,0,0.571428571,0.2,1,1,0.951219512
1,0.328767123,0.181232177,0.866666667,0.150241502,0,0.704081633,0.5,0.8,0.333333333,0.285714286,0,1,1,0.951219512
0,0.561643836,0.08098558,0.8,0,0,0.724489796,0.75,0.6,0.666666667,0.357142857,0.6,1,1,0.951219512
1,0.178082192,0.13017864,0.8,0,0,0.448979592,0.5,0.6,0.666666667,0.285714286,0.8,1,0,0.951219512
0,0.287671233,0.069744912,0.6,0,0,0.397959184,0,1,0.333333333,0,1,0.5,0,0.951219512
0,0.095890411,0.009730637,0.8,0,0,0.397959184,0.5,0.6,0.333333333,0.071428571,1,1,0,0.804878049
1,0.410958904,0.197110509,0.8,0,0,0.602040816,0.125,0.6,0.333333333,0.714285714,0,1,1,0.951219512
1,0.287671233,0.162345284,0.733333333,0,0,0.56122449,0.25,0.466666667,0.333333333,0.785714286,0,1,1,0.951219512
0,0.109589041,0.106693322,0.533333333,0,0,0.397959184,0.5,0.733333333,0.333333333,0.857142857,0,1,1,0.951219512
0,0.438356164,0.111578598,0.8,0,0,0.397959184,0.5,0.6,0.333333333,0.571428571,0,1,1,0.951219512
0,0.301369863,0.091510471,0.533333333,0,0,0.397959184,0.5,0.733333333,0.333333333,0.214285714,0,1,1,0.951219512
1,0.191780822,0.307704746,0.8,0,0,0.448979592,0.625,0.6,0.666666667,0.714285714,0.2,1,1,0.951219512
0,0.424657534,0.142203414,0.533333333,0,0,0.193877551,0,0.733333333,0.333333333,0,0,1,1,0.951219512
0,0.287671233,0.035927516,0.733333333,0,0,0.448979592,0.5,0.466666667,0.333333333,0.214285714,0,1,1,0.951219512
0,0.068493151,0.145686229,0.533333333,0,0,0.397959184,0.5,0.733333333,0,1,0.2,1,1,0.951219512
1,0.438356164,0.099045068,0.533333333,0,0.545684114,0.397959184,0.625,0.733333333,0.333333333,0.071428571,1,1,0,0.951219512
1,0.369863014,0.246115492,0.533333333,0,0,0.448979592,0.5,0.733333333,0.333333333,0.928571429,0,1,1,0.951219512
0,0.178082192,0.131935607,0.8,0,0,0.5,0.5,0.6,0.666666667,0.857142857,0.2,1,0,0.951219512
1,0.547945205,0.193639872,0.8,0.03103031,0,0.397959184,0.5,0.6,0.333333333,0.714285714,0,1,1,0.951219512
1,0.219178082,0.128842478,0.8,0,0,0.397959184,0.75,0.6,0.333333333,0.214285714,0,1,1,0.951219512
0,0.150684932,0.217901178,0.6,0,0,0.397959184,0.5,1,0.833333333,0.071428571,0.2,1,0,0.951219512
0,0.150684932,0.037707486,0.8,0,0,0.397959184,0.5,0.6,0,0.714285714,0.2,1,0,0.951219512
0,0.02739726,0.030390734,0.533333333,0,0,0.193877551,0.5,0.733333333,0.666666667,0.857142857,0.6,1,0,0.951219512
0,0.315068493,0.184501882,0.8,0,0,0.397959184,0.875,0.6,0,0.071428571,0.8,0.5,0,0.951219512
0,0.178082192,0.06654286,0.6,0,0,0.520408163,0.5,1,0.666666667,0.285714286,0.2,1,1,0.951219512
0,0.054794521,0.133411812,0.6,0,0,0.193877551,0.5,1,0.666666667,0.857142857,0.6,1,0,0.951219512
0,0.123287671,0.056505076,0.6,0.033250333,0,0.397959184,0.125,1,0.666666667,0.214285714,0.2,1,1,0.951219512
0,0.301369863,0.086726676,0.533333333,0,0,0.091836735,0.5,0.733333333,0.666666667,0.5,0.2,1,0,0.951219512
0,0.301369863,0.12758006,0.733333333,0,0,0.551020408,0.75,0.466666667,0.333333333,0.285714286,0,1,1,0.951219512
0,0.315068493,0.024096231,0.533333333,0,0,0.397959184,0.5,0.733333333,0.333333333,0.285714286,0,1,1,0.951219512
0,0.095890411,0.075011078,0.866666667,0,0,0.091836735,0.875,0.8,0.5,0.714285714,0.2,0.25,0,0.073170732
0,0.232876712,0.133693928,0.6,0,0,0.142857143,0.5,1,0,0.714285714,0.2,1,1,0.951219512
0,0.630136986,0.07130433,0.533333333,0,0,0.244897959,0.5,0.733333333,0,0.357142857,0.2,1,1,0.951219512
0,0.054794521,0.205120035,0.6,0,0,0.244897959,0.5,1,0.666666667,0.214285714,0.6,1,1,0.951219512
0,0.068493151,0.134304164,0.6,0,0,0.346938776,0,1,0.666666667,0,0.2,0.5,0,0.951219512
0,0,0.241128058,0.4,0,0,0.091836735,0.75,0.066666667,0.666666667,0.357142857,0.6,1,1,0.951219512
0,0.164383562,0.038881954,0.8,0,0,0.5,0.5,0.6,0,0.285714286,0.4,1,0,0.951219512
0,0.287671233,0.00690677,0.6,0.074430744,0,0.397959184,0.5,1,0,0.071428571,0.2,1,0,0.951219512
0,0.273972603,0.113283473,0.533333333,0,0,0.346938776,0.5,0.733333333,0.666666667,0.571428571,0.8,1,0,0.951219512
1,0.452054795,0.112752391,0.866666667,0,0,0.5,0.5,0.8,0.333333333,0.714285714,0,1,1,0.951219512
0,0.04109589,0.088475525,0.6,0,0,0.397959184,0.5,1,0.666666667,0.357142857,0.6,1,1,0.951219512
0,0.438356164,0.028149366,0.533333333,0,0,0.397959184,0.5,0.733333333,0,1,0.2,1,1,0.951219512
1,0.520547945,0.314983611,0.8,0,0,0.397959184,0.75,0.6,0.333333333,0.285714286,0,1,1,0.951219512
0,0.493150685,0.189071892,0.666666667,0,0,0.397959184,0.5,0.533333333,0.333333333,0.214285714,0,1,1,0.951219512
1,0.534246575,0.176440263,0.866666667,0,0,0.397959184,0.25,0.8,0.333333333,0.285714286,0,0.5,1,0.951219512
0,0.109589041,0.065096423,0.533333333,0,0,0.448979592,0.5,0.733333333,0.666666667,0.428571429,0.2,1,1,0.951219512
1,0.342465753,0.224804565,0.533333333,0,0,0.397959184,0.5,0.733333333,0,0.285714286,0.2,1,0,0.951219512
0,0.260273973,0.055928666,0.533333333,0,0,0.397959184,0.5,0.733333333,0,1,0.2,1,0,0.951219512
0,0.397260274,0.064234515,0.6,0,0.399449036,0.397959184,0.875,1,0.333333333,0.285714286,0,1,1,0.951219512
1,0.452054795,0.14156341,0.533333333,0,0,0.397959184,0.5,0.733333333,0.333333333,0.214285714,0,1,1,0.951219512
1,0.616438356,0.091405608,0.2,0,0,0.397959184,0.75,0.333333333,0.333333333,0.357142857,0,1,1,0.951219512
0,0.191780822,0.136298597,0.6,0,0,0.448979592,0.5,1,0.666666667,0.857142857,0.2,1,1,0.951219512
0,0.383561644,0.111399993,0.2,0,0,0.193877551,0.5,0.333333333,0.666666667,0.071428571,0.6,1,0,0.951219512
0,0.150684932,0.269306515,0.6,0,0,0.397959184,0.5,1,0.333333333,0.357142857,0,1,1,0.951219512
0,0.273972603,0.1194014,0.4,0,0,0.602040816,0.625,0.066666667,0.5,0.857142857,0.2,1,1,0
0,0.260273973,0.173705699,0.533333333,0,0,0.397959184,0.5,0.733333333,0.333333333,0.5,0,0.25,1,0.609756098
0,0.068493151,0.13033492,0.533333333,0,0,0.397959184,0,0.733333333,0.666666667,0,0.6,1,1,0.951219512
0,0.054794521,0.027752238,0.533333333,0,0,0.397959184,0.5,0.733333333,0.666666667,0.857142857,0.6,1,1,0.951219512
0,0.136986301,0.113642714,0.6,0,0,0.397959184,0.5,1,0.666666667,0.285714286,0.2,1,0,0.951219512
0,0.273972603,0.14543388,0,0,0,0.295918367,0.75,0.866666667,0.333333333,0.857142857,0,1,1,0.634146341
0,0.150684932,0.091873095,0.533333333,0,0,0.397959184,0.5,0.733333333,0.666666667,0.428571429,0.8,0.5,0,0.146341463
0,0.287671233,0.180391242,0.6,0,0,0.43877551,0.5,1,0,0.214285714,0.2,1,1,0.951219512
0,0.082191781,0.117237157,0.8,0,0,0.397959184,0.25,0.6,0.666666667,0.714285714,0.6,1,0,0.951219512
0,0.561643836,0.058761328,0.533333333,0,0,0.091836735,0.75,0.733333333,0,0.357142857,0.8,1,0,0.951219512
0,0.219178082,0.111906042,0.533333333,0,0,0.397959184,0.25,0.733333333,0.333333333,0.571428571,0,0,1,0.951219512
1,0.397260274,0.175590533,0.533333333,0,0,0.397959184,0.5,0.733333333,0.333333333,0.214285714,0,1,1,0.951219512
0,0.178082192,0.029223707,0.866666667,0,0,0.448979592,0.5,0.8,0.666666667,0.928571429,0.8,1,1,0.658536585
1,0.465753425,0.253355118,0.8,0,0,0.551020408,0.5,0.6,0.666666667,0.857142857,0.2,1,1,0.951219512
0,0.123287671,0.168453064,0.6,0,0,0.295918367,0.5,1,0.833333333,0.857142857,0.4,0.5,1,0.951219512
0,0.082191781,0.133588388,0.533333333,0,0,0.37755102,0.875,0.733333333,0.666666667,0.071428571,0.2,1,1,0.951219512
0,0.479452055,0.115432155,0.533333333,0,0,0.551020408,0.5,0.733333333,0.333333333,1,0,1,1,0.951219512
0,0.520547945,0.025337677,0.6,0,0,0.5,0.5,1,0.333333333,0.857142857,0,1,1,0.951219512
1,0.232876712,0.110597619,0.8,0,0,0.602040816,0.625,0.6,0.333333333,0.714285714,0,1,1,0.951219512
0,0.136986301,0.112638732,0.8,0,0.307621671,0.397959184,0.5,0.6,0.666666667,0.928571429,0.2,1,1,0.951219512
1,0.191780822,0.098778512,0.8,0.086140861,0,0.397959184,0.25,0.6,0.666666667,0.214285714,0.2,1,1,0.951219512
0,0.534246575,0.079527642,0.533333333,0,0,0.091836735,0.5,0.733333333,0.333333333,0.571428571,1,1,0,0.951219512
1,0.219178082,0.110554321,0.8,0.150241502,0,0.602040816,0.5,0.6,0.333333333,0.285714286,0,1,1,0.951219512
0,0.575342466,0.098633733,0.6,0,0,0.397959184,0.5,1,0,0.071428571,0.8,1,0,0.951219512
0,0.301369863,0.116617449,0.533333333,0,0,0.397959184,0.5,0.733333333,0.333333333,0.5,0,1,1,0.951219512
0,0.383561644,0.179383201,0.6,0,0,0.5,0.5,1,0,0.071428571,0.2,1,1,0.951219512
0,0.095890411,0.119080721,0.4,0,0,0.397959184,0.5,0.066666667,0.666666667,0.5,0.8,1,0,0.951219512
0,0.109589041,0.035441085,0.066666667,0,0,0.397959184,0.5,0.2,0.666666667,0.571428571,0.2,0.25,0,0.731707317
0,0.424657534,0.194763601,0.466666667,0,0,0.397959184,0.5,0.133333333,0.833333333,0.071428571,0.6,0.5,0,0.951219512
0,0.219178082,0.085146961,0.6,0,0,0.244897959,0.5,1,0.833333333,0.571428571,0.8,0.5,0,0.951219512
0,0.520547945,0.275653112,0.6,0,0,0.37755102,0.5,1,0,0.571428571,0.8,1,0,0.951219512
1,0.506849315,0.16578683,0.6,0,0,0.397959184,0.5,1,0.333333333,0.214285714,0,1,1,0.951219512
1,0.452054795,0.071179171,0.533333333,0.07298073,0,0.295918367,0.25,0.733333333,0.333333333,0.071428571,1,1,0,0.951219512
0,0.095890411,0.123363202,0.8,0,0,0.346938776,0.5,0.6,0.666666667,0.714285714,0.2,1,1,0.951219512
1,0.205479452,0.078049408,0.8,0,0,0.397959184,0.125,0.6,0.333333333,0.714285714,0,1,1,0.951219512
0,0.287671233,0.077389107,0.533333333,0,0.506198347,0.397959184,0.5,0.733333333,0,0.214285714,0.2,1,1,0.951219512
0,0.068493151,0.120885723,0.6,0.024070241,0,0.397959184,0.5,1,0.333333333,0.214285714,0,1,1,0.951219512
1,0.315068493,0.027443061,0.8,0,0,0.5,0.5,0.6,0.333333333,0.285714286,0,1,1,0
0,0.383561644,0.114654814,0.866666667,0,0,0.397959184,0.25,0.8,0.666666667,0.714285714,0.2,1,0,0.951219512
0,0.123287671,0.068534586,0.333333333,0,0,0.346938776,0.5,0,0,0.5,0.6,1,1,0.951219512
0,0.136986301,0.015505559,0.6,0,0,0.459183673,0.5,1,0.333333333,0.214285714,0,1,1,0.951219512
1,0.383561644,0.085908742,0.533333333,0,0,0.5,0.625,0.733333333,0.333333333,0.857142857,0,1,1,0.951219512
0,0.136986301,0.118505664,0.8,0,0,0.5,0.5,0.6,0.333333333,0.285714286,0,1,1,0.951219512
0,0.109589041,0.243351837,0.533333333,0,0,0.397959184,0.5,0.733333333,0,0.071428571,0.2,1,0,0.951219512
0,0.643835616,0.081342791,0.533333333,0,0,0.397959184,0.5,0.733333333,0.333333333,0.428571429,1,0.5,0,0.951219512
0,0.383561644,0.013454298,0.533333333,0,0,0.704081633,0.75,0.733333333,0.333333333,0.357142857,0,1,1,0.951219512
1,0.452054795,0.186957713,0.866666667,0,0,0.5,0.625,0.8,0.333333333,0.285714286,0,1,1,0.951219512
0,0.287671233,0.142849508,0.533333333,0,0,0.397959184,0.5,0.733333333,0.666666667,0.5,0.2,1,1,0.951219512
1,0.383561644,0.115030292,0.8,0.076880769,0,0.5,0.5,0.6,0.333333333,0.285714286,0,1,1,0.951219512
0,0.164383562,0.120454092,0.6,0,0,0.091836735,0.25,1,0.666666667,0.571428571,0.6,1,0,0.951219512
0,0.397260274,0.108523356,0.4,0,0,0.265306122,0.5,0.066666667,1,0.571428571,0.2,1,0,0.195121951
0,0.534246575,0.147318713,0.2,0,0,0.295918367,0.5,0.333333333,0.666666667,0.571428571,0.6,1,0,0.951219512
0,0.301369863,0.154210599,0.533333333,0,0,0.397959184,0,0.733333333,0.333333333,0,0,0.5,1,0.951219512
0,0.150684932,0.117285867,0.6,0,0,0.479591837,0.25,1,0.333333333,0.785714286,0,1,1,0.951219512
0,0.136986301,0.068920889,0.666666667,0,0,0.346938776,0.5,0.533333333,0.666666667,0.071428571,0.6,1,0,0.951219512
1,0.328767123,0.060420197,0.866666667,0,0,0.5,0.5,0.8,0.333333333,0.285714286,0,1,1,0.951219512
0,0.082191781,0.126938702,0.8,0,0,0.346938776,0.5,0.6,0.666666667,0.071428571,0.6,1,0,0.951219512
1,0.753424658,0.092958938,0.933333333,0.200512005,0,0.479591837,0.625,0.933333333,0.333333333,0.714285714,0,1,1,0.951219512
1,0.383561644,0.237554588,0.8,0,0,0.397959184,0.125,0.6,0.333333333,0.714285714,0,1,1,0.951219512
0,0.082191781,0.117489505,0.533333333,0,0,0.397959184,0.5,0.733333333,0.666666667,0.214285714,0.8,1,1,0.951219512
0,0,0.01658599,0.333333333,0,0,0.173469388,0.5,0,0.666666667,0.571428571,0.6,1,0,0.951219512
0,0.191780822,0.044865927,0.733333333,0,0,0.397959184,0.5,0.466666667,0,0.571428571,0.8,0,0,0.951219512
0,0.109589041,0.1121293,0.6,0,0,0.081632653,0.125,1,0.666666667,0.285714286,0.6,1,1,0.951219512
0,0.260273973,0.06257091,0.533333333,0,0,0.479591837,0.5,0.733333333,0,0.214285714,0.8,1,1,0.951219512
0,0.068493151,0.07125359,0.8,0,0,0.316326531,0.5,0.6,0.666666667,0.071428571,0.6,1,0,0.951219512
0,0.123287671,0.131190063,0.533333333,0,0,0.397959184,0.5,0.733333333,0.666666667,0.071428571,0.6,0.5,1,0.951219512
0,0.191780822,0.088875358,0.666666667,0,0,0.5,0.5,0.533333333,0.333333333,0.857142857,0,1,1,0.951219512
0,0.082191781,0.074765495,0.533333333,0,0,0.397959184,0.5,0.733333333,0.666666667,0.428571429,0.6,1,1,0.951219512
0,0.438356164,0.119866857,0.533333333,0,0,0.397959184,0.5,0.733333333,0.333333333,0.214285714,0,1,1,0.951219512
0,0.397260274,0.070395741,0.866666667,0,0,0.397959184,0.5,0.8,0.666666667,0.714285714,0.2,1,0,0.951219512
1,0.561643836,0.020929359,0.6,0,0.554407713,0.397959184,0.75,1,0.333333333,0.357142857,0,1,1,0.951219512
0,0.068493151,0.092462359,0.6,0,0,0.142857143,0,1,0.666666667,0,0.6,0.25,0,0.853658537
0,0.287671233,0.13443203,0.8,0,0.399449036,0.397959184,0.25,0.6,0.333333333,0.214285714,0,1,1,0.951219512
1,0.205479452,0.311780883,0.866666667,0,0,0.397959184,0.5,0.8,0.333333333,0.714285714,0,1,1,0.951219512
0,0.109589041,0.175819879,0.8,0,0,0.295918367,0.5,0.6,0.666666667,0.071428571,0.2,1,1,0.951219512
0,0.109589041,0.057956925,0.8,0,0,0.397959184,0.5,0.6,0.666666667,0.714285714,0.2,1,1,0
0,0.452054795,0.017762488,0.533333333,0,0,0.397959184,0.5,0.733333333,0.333333333,0.285714286,0,1,1,0.951219512
0,0.095890411,0.22826776,0.6,0,0,0.397959184,0.5,1,0.666666667,0.857142857,0.4,0.5,0,0.951219512
0,0.04109589,0.139932955,0.6,0,0,0.397959184,0.5,1,0.666666667,0.571428571,0.2,1,1,0.951219512
1,0.397260274,0.373176647,0.533333333,0,0,0.602040816,0.5,0.733333333,0.333333333,0.214285714,0,0.5,1,0.951219512
0,0.232876712,0.133229147,0.533333333,0,0,0.397959184,0.5,0.733333333,0.333333333,0.5,0,0.5,1,0
1,0.630136986,0.168938141,0.6,0,0,0.397959184,0.75,1,0.333333333,0.285714286,0,1,1,0.951219512
0,0.191780822,0.110427132,0.533333333,0,0,0.602040816,0.75,0.733333333,0,0.928571429,0.2,1,1,0.951219512
0,0.191780822,0.109940025,0.8,0,0,0.397959184,0.5,0.6,0,0.428571429,0.6,1,1,0.951219512
1,0.493150685,0.144429222,0.666666667,0,0,0.397959184,0.5,0.533333333,0.333333333,0.214285714,0,0.5,1,0.951219512
1,0.164383562,0.10421043,0.8,0,0,0.5,0.5,0.6,0.333333333,0.714285714,0,1,1,0.951219512
0,0.178082192,0.048598384,0.8,0,0,0.428571429,0.625,0.6,0.666666667,0.285714286,0.6,1,1,0.951219512
0,0.095890411,0.063654046,0.533333333,0,0,0.397959184,0.5,0.733333333,0,0.428571429,0.8,1,1,0.951219512
0,0.863013699,0.085549501,0.533333333,0,0,0.193877551,0.5,0.733333333,0,0.071428571,0.4,1,0,0.951219512
0,0.684931507,0.105597332,0.6,0,0,0.397959184,0.625,1,0.333333333,0.857142857,0,1,1,0.951219512
1,0.383561644,0.102082044,0.4,0.043860439,0,0.397959184,0.5,0.066666667,0.333333333,0.5,0,1,1,0.951219512
0,0.068493151,0.139147495,0.6,0,0.394628099,0.295918367,0.5,1,0.666666667,1,0.6,1,1,0.951219512
0,0.465753425,0.066417701,0.8,0,0,0.397959184,0.5,0.6,0.833333333,0.714285714,0.2,1,1,0.951219512
0,0.397260274,0.060746965,0.533333333,0,0,0.244897959,0.25,0.733333333,0,0.071428571,0.8,1,0,0.951219512
1,0.328767123,0.397360151,0.6,0,0,0.397959184,0.5,1,0.333333333,0.071428571,1,0.5,0,0.951219512
0,0.301369863,0.167645278,0.6,0,0,0.234693878,0.5,1,0,0.071428571,0.8,1,0,0.951219512
0,0.232876712,0.025203722,0.533333333,0,0,0.193877551,0.875,0.733333333,0.666666667,0.571428571,0.6,1,0,0.951219512
0,0.054794521,0.192050686,0.533333333,0,0,0.397959184,0.5,0.733333333,0.666666667,0.571428571,0.6,1,1,0.951219512
0,0.260273973,0.096915328,0.533333333,0,0,0.397959184,0.5,0.733333333,0.333333333,0.214285714,0,1,1,0.951219512
0,0.342465753,0.11502285,0.533333333,0,0,0.397959184,0.25,0.733333333,0.333333333,0.214285714,0,1,1,0.951219512
0,0.616438356,0.037644568,0.066666667,0,0,0.397959184,0.5,0.2,0.333333333,0.428571429,0,1,1,0.634146341
0,0.438356164,0.093918268,0.533333333,0,0,0.397959184,0.5,0.733333333,0.666666667,0.214285714,0.2,0.5,1,0.951219512
1,0.520547945,0.135520579,0.866666667,0,0,0.397959184,0.125,0.8,0,0.285714286,0.2,1,1,0
0,0.465753425,0.005757333,0.6,0,0,0.397959184,0.75,1,0.333333333,0.214285714,0,1,1,0.951219512
1,0.356164384,0.212041012,0.933333333,0,0,0.5,0.125,0.933333333,0.333333333,0.714285714,0,0.25,1,0.463414634
0,0.520547945,0.107598529,0.6,0,0,0.346938776,0.25,1,0.5,0.071428571,0.8,0.5,0,0.951219512
0,0.205479452,0.024514331,0.6,0,0,0.397959184,0.5,1,0.333333333,0.214285714,0,1,1,0.951219512
0,0.01369863,0.14866164,0.4,0,0,0.551020408,0.5,0.066666667,0.666666667,0.5,0.6,1,1,0.951219512
0,0.424657534,0.144311505,0.533333333,0,0,0.397959184,0.25,0.733333333,0.333333333,0.571428571,0,0.5,1,0.951219512
0,0.739726027,0.210067552,0.533333333,0,0,0.346938776,0.75,0.733333333,0.333333333,0.357142857,0,0,1,0.951219512
0,0.397260274,0.174279403,0.533333333,0,0,0.397959184,0.5,0.733333333,0,0.214285714,0.2,0.5,1,0.951219512
0,0.547945205,0.109854105,0.533333333,0,0,0.397959184,0.5,0.733333333,0.333333333,0.214285714,0,1,1,0.951219512
0,0.205479452,0.079665655,0.533333333,0,0,0.397959184,0.5,0.733333333,0,0.428571429,0.2,1,1,0.951219512
0,0.602739726,0.093156486,0.533333333,0,0,0.397959184,0.25,0.733333333,1,0.071428571,0.2,1,0,0.951219512
0,0.424657534,0.0424994,0.8,0,0,0.5,0.5,0.6,0.333333333,0.714285714,0,1,1,0.951219512
1,0.273972603,0.113114338,0.8,0,0,0.397959184,0.5,0.6,0.333333333,0.5,0,1,1,0.951219512
0,0.643835616,0.184537062,0.6,0,0,0.091836735,0.5,1,1,0.285714286,0.2,1,0,0.951219512
0,0.01369863,0.130983719,0.6,0,0,0.244897959,0.5,1,0.666666667,0.857142857,0.6,1,1,0
0,0.438356164,0.121123864,0.533333333,0,0,0.234693878,0.5,0.733333333,0,0.571428571,0.2,1,0,0.951219512
0,0.191780822,0.156496619,0.8,0,0.316804408,0.397959184,0.5,0.6,1,0.857142857,0.8,1,0,0.12195122
0,0.109589041,0.010983584,0.533333333,0,0,0.397959184,0.5,0.733333333,0.666666667,0.571428571,0.2,1,0,0.951219512
0,0.01369863,0.178997575,0.6,0,0.367768595,0.193877551,0,1,0.666666667,0,0.6,1,0,0.951219512
0,0.04109589,0.055554541,0.533333333,0,0,0.397959184,0.5,0.733333333,0.666666667,0.285714286,0.8,1,0,0.951219512
0,0.383561644,0.096614945,0.333333333,0,0,0.37755102,0.5,0,0,0.571428571,0.2,0.5,0,0.146341463
0,0.684931507,0.02511036,0.666666667,0,0,0.234693878,0.5,0.533333333,0,0.571428571,0.2,1,0,0.951219512
0,0.369863014,0.125229769,0.533333333,0,0,0.397959184,0.5,0.733333333,0.5,0.5,0.8,1,0,0.951219512
0,0.397260274,0.122292244,0.8,0,0,0.367346939,0.875,0.6,0.333333333,0.714285714,0,1,1,0.951219512
0,0.164383562,0.116323155,0.533333333,0,0,0.397959184,0.5,0.733333333,0.666666667,1,0.6,1,1,0.951219512
0,0.712328767,0.083845303,0.4,0,0,0.397959184,0.5,0.066666667,0.666666667,0.5,0.2,1,0,0.951219512
1,0.356164384,0.093529935,0.666666667,0,0,0.5,0.625,0.533333333,0.333333333,0.285714286,0.4,1,1,0.951219512
0,0.479452055,0.085387132,0.8,0,0,0.602040816,0.625,0.6,0.333333333,0.285714286,0,1,1,0.951219512
0,0.356164384,0.216061673,0.8,0,0,0.448979592,0.5,0.6,0.333333333,1,0,1,1,0.951219512
0,0.424657534,0.104676564,0.6,0,0,0.479591837,0.5,1,0,0.071428571,0.2,1,0,0.951219512
1,0.356164384,0.10077362,0.533333333,0,0,0.448979592,0.25,0.733333333,0.333333333,0.785714286,0,1,1,0.951219512
0,0.342465753,0.01885239,0.666666667,0,0,0.295918367,0.5,0.533333333,0.333333333,0.571428571,0,1,1,0.951219512
1,0.356164384,0.222630174,0.666666667,0,0,0.397959184,0.5,0.533333333,0.333333333,0.857142857,0,1,1,0.951219512
0,0.082191781,0.079480961,0.6,0,0.395087236,0.397959184,0.5,1,0.666666667,0.071428571,0.2,1,0,0.951219512
0,0.712328767,0.191554784,0.733333333,0,0,0.234693878,0.5,0.466666667,0.333333333,0.285714286,0,1,1,0.951219512
1,0.520547945,0.097958549,0.6,0,0,0.397959184,0.5,1,0.333333333,0.785714286,0,0.5,1,0
0,0.452054795,0.06561871,0.266666667,0,0,0.479591837,0.5,0.4,0.333333333,0.5,0,1,1,0.951219512
0,0.178082192,0.202562723,0.4,0,0,0.295918367,0.5,0.066666667,0.333333333,0.571428571,1,0.5,0,0.951219512
0,0,0.09521316,0.466666667,0,0,0.193877551,0.5,0.133333333,0.666666667,0.857142857,0.6,1,0,0.951219512
0,0.219178082,0.29810874,0.533333333,0,0,0.397959184,0.5,0.733333333,0.333333333,0.5,0,0.75,1,0.634146341
1,0.479452055,0.110921681,0.8,0,0,0.397959184,0.5,0.6,0.333333333,0.285714286,0,1,1,0.951219512
1,0.520547945,0.010733942,0.533333333,0,0,0.397959184,0.25,0.733333333,0,0.071428571,0.2,1,0,0.951219512
0,0.287671233,0.014281027,0.533333333,0,0,0.602040816,0.5,0.733333333,0.333333333,0.214285714,0,1,1,0.951219512
1,0.520547945,0.091206029,0.533333333,0,0,0.5,0.5,0.733333333,0.333333333,0.214285714,0,1,1,0.951219512
0,0.109589041,0.083592955,0.6,0,0,0.397959184,0.5,1,0.666666667,0.071428571,0.6,1,0,0.951219512
0,0.068493151,0.0980032,0.666666667,0,0,0.5,0.5,0.533333333,0.666666667,0.214285714,0.6,1,1,0.951219512
0,0.04109589,0.150319156,0.6,0,0,0.193877551,0.5,1,0.666666667,0.857142857,0.6,0.5,0,0.951219512
0,0.547945205,0.066935929,0.8,0,0,0.387755102,0.875,0.6,0,0.5,0.2,0.5,1,0.951219512
0,0.616438356,0.175344273,0.866666667,0,0,0.295918367,0.75,0.8,0.833333333,0.357142857,0.2,1,1,0.951219512
1,0.438356164,0.239361619,0.8,0,0,0.5,0.5,0.6,0.333333333,0.285714286,0,1,1,0.951219512
0,0.123287671,0.12222256,0.8,0,0,0.397959184,0.25,0.6,0.666666667,0.714285714,0.2,1,0,0.951219512
1,0.410958904,0.061089969,0.533333333,0,0,0.295918367,0.5,0.733333333,0.333333333,0.857142857,0,1,1,0.951219512
0,0.301369863,0.116884004,0.533333333,0,0,0.397959184,0.5,0.733333333,0.666666667,0.5,0.2,1,0,0.951219512
0,0.643835616,0.187709346,0.6,0,0,0.193877551,0.75,1,0.333333333,0.857142857,0,1,1,0.951219512
1,0.356164384,0.174173187,0.866666667,0,0,0.397959184,0.125,0.8,0.333333333,0.285714286,0,1,1,0.951219512
1,0.561643836,0.03991435,0.533333333,0,0,0.37755102,0.5,0.733333333,0.333333333,1,0,1,1,0.951219512
0,0.273972603,0.139943103,0.2,0,0,0.43877551,0.5,0.333333333,0,0.857142857,0.8,1,0,0.951219512
0,0.232876712,0.336292508,0.533333333,0,0,0.397959184,0.5,0.733333333,0.333333333,0.214285714,0,1,1,0.951219512
1,0.328767123,0.206029301,0.933333333,0,0,0.448979592,0.5,0.933333333,0,0.714285714,0.2,1,1,0.951219512
1,0.520547945,0.076255907,0.533333333,0,0,0.397959184,0.5,0.733333333,0.333333333,0.5,0,1,1,0.951219512
0,0.739726027,0.113961363,0.866666667,0,0,0.193877551,0.5,0.8,0.666666667,0.571428571,0.2,1,0,0.951219512
0,0.273972603,0.039237136,0.733333333,0,0,0.397959184,0.5,0.466666667,0.666666667,0.857142857,0.8,0.5,0,0.951219512
0,0.191780822,0.09475988,0.666666667,0,0,0.479591837,0.75,0.533333333,0.333333333,0.857142857,0,1,1,0.951219512
0,0.452054795,0.044394381,0.8,0,0,0.071428571,0.5,0.6,0,0.071428571,0.2,1,0,0.951219512
0,0.383561644,0.122535797,0.666666667,0,0,0.43877551,0.5,0.533333333,0,0.857142857,0.2,1,0,0.951219512
1,0.301369863,0.243715814,0.866666667,0,0,0.602040816,0.625,0.8,0.333333333,0.285714286,0,1,1,0.951219512
0,0.068493151,0.15187181,0.8,0,0,0.193877551,0.5,0.6,0.666666667,0.714285714,0.2,1,1,0.219512195
0,0.109589041,0.018506679,0.6,0,0,0.479591837,0.5,1,0.666666667,0.571428571,0.2,1,1,0.951219512
0,0.369863014,0.085622567,0.6,0,0,0.397959184,0.5,1,0.333333333,1,0,1,1,0.951219512
0,0.205479452,0.07020428,0.533333333,0.029770298,0,0.346938776,0.5,0.733333333,0.666666667,0.071428571,0.8,0.5,0,0.951219512
1,0.246575342,0.164334981,0.8,0,0,0.448979592,0.5,0.6,0.333333333,0.714285714,0,1,1,0.951219512
1,0.219178082,0.169238523,0.533333333,0,0,0.346938776,0.5,0.733333333,0.333333333,0.071428571,1,1,0,0.951219512
0,0.383561644,0.048247937,0.466666667,0,0,0.704081633,0,0.133333333,1,0,0.8,1,0,0.951219512
1,0.410958904,0.121094773,0.533333333,0,0,0.5,0.5,0.733333333,0.333333333,1,0,1,1,0.951219512
0,0.164383562,0.105083163,0.533333333,0,0,0.397959184,0.5,0.733333333,0,0.5,0.8,1,0,0.951219512
0,0.575342466,0.069085288,0.533333333,0,0.345270891,0.183673469,0.25,0.733333333,1,0.571428571,0.2,1,0,0.951219512
0,0.342465753,0.156344398,0.866666667,0,0,0.5,0.5,0.8,0,0.857142857,0.2,1,1,0.951219512
0,0.054794521,0.085570473,0.6,0,0,0.397959184,0.5,1,0.666666667,0.857142857,0.6,1,1,0.951219512
1,0.369863014,0.117028783,0.8,0,0.436639118,0.397959184,0.25,0.6,0.333333333,0.714285714,0,1,1,0.951219512
0,0.534246575,0.210642609,0.866666667,0,0,0.244897959,0.75,0.8,0.333333333,0.285714286,0,1,1,0.951219512
0,0.095890411,0.178203996,0.4,0,0,0.387755102,0.5,0.066666667,0.666666667,1,0.6,1,1,0.951219512
0,0.01369863,0.060498676,0.533333333,0,0,0.142857143,0.5,0.733333333,0.666666667,0.857142857,0.6,0.25,1,0.951219512
1,0.410958904,0.119347277,0.866666667,0.150241502,0,0.448979592,0.5,0.8,0.333333333,0.714285714,0,1,1,0.951219512
0,0.082191781,0.082061951,0.066666667,0,0,0.357142857,0.5,0.2,0.666666667,0.357142857,0.2,1,1,0.634146341
0,0.301369863,0.306504568,0.4,0,0,0,0.5,0.066666667,0,0.357142857,0.8,1,1,0.951219512
0,0.369863014,0.100500976,0.133333333,0,0,0.397959184,0.5,0.266666667,0.333333333,0.571428571,0,1,1,0.804878049
1,0.520547945,0.160038969,0.866666667,0,0.453856749,0.397959184,0.75,0.8,0.333333333,0.714285714,0,1,1,0.951219512
1,0.136986301,0.069967492,0.666666667,0.07298073,0,0.5,0.125,0.533333333,0.333333333,0.071428571,0,1,1,0.951219512
1,0.452054795,0.178576092,0.8,0,0,0.397959184,0.875,0.6,0.333333333,0.285714286,0,1,1,0.951219512
1,0.397260274,0.045850289,0.533333333,0,0,0.397959184,0.125,0.733333333,0.333333333,0.071428571,0,1,1,0.268292683
0,0.095890411,0.138422247,0.266666667,0,0,0.448979592,0.75,0.4,0.333333333,0.214285714,0,1,1,0.951219512
0,0.465753425,0.114263099,0.8,0,0,0.244897959,0.75,0.6,0.333333333,0.285714286,1,1,0,0.951219512
0,0.534246575,0.01112498,0.4,0,0,0.397959184,0.5,0.066666667,0.833333333,0.5,0.2,1,0,0.951219512
0,0.191780822,0.101674768,0.533333333,0,0,0.153061224,0.5,0.733333333,0.666666667,0.571428571,0.6,1,1,0.951219512
1,0.219178082,0.150858357,0.8,0,0,0.5,0.75,0.6,0,0.857142857,0.2,1,1,0.951219512
0,0.178082192,0.017157664,0.6,0,0,0.397959184,0.5,1,0.333333333,0.428571429,0,1,1,0.951219512
1,0.479452055,0.012479408,0.8,0,0,0.448979592,0.125,0.6,0.333333333,0.285714286,0,1,1,0.951219512
0,0.246575342,0.153661928,0.533333333,0,0,0.418367347,0.5,0.733333333,0.333333333,0.214285714,0,1,1,0.951219512
0,0.479452055,0.028157484,0.533333333,0,0,0.397959184,0.125,0.733333333,0,0.071428571,0.2,1,0,0.951219512
0,0.246575342,0.08883206,0.8,0,0,0.397959184,0.5,0.6,0.5,0.714285714,0.2,0.25,0,0.731707317
1,0.369863014,0.113870707,0.533333333,0,0,0.397959184,0.5,0.733333333,0.666666667,0.214285714,0.6,1,1,0.951219512
1,0.356164384,0.075234336,0.8,0,0,0.397959184,0.625,0.6,0.333333333,0.285714286,0,1,1,0.951219512
0,0.191780822,0.105997165,0.533333333,0,0,0.397959184,0.5,0.733333333,0.333333333,0.214285714,0,0.25,1,0.951219512
0,0.684931507,0.123245485,0.866666667,0,0,0.091836735,0,0.8,0.333333333,0,0,1,1,0.951219512
0,0.109589041,0.092660585,0.6,0,0,0.397959184,0.875,1,0.666666667,0.571428571,0.2,0.5,1,0.951219512
0,0.438356164,0.165164415,0.533333333,0.050130501,0,0.397959184,0.5,0.733333333,0.333333333,0.285714286,0,1,1,0.634146341
0,0.479452055,0.12126526,0.6,0,0.399449036,0.602040816,0.5,1,0.333333333,0.285714286,0,1,1,0.951219512
0,0.520547945,0.09927712,0.533333333,0,0,0.397959184,0.25,0.733333333,0.333333333,1,0,1,1,0.951219512
0,0.095890411,0.122064927,0.8,0,0,0.408163265,0,0.6,0.666666667,0,0.2,1,1,0.951219512
0,0.205479452,0.175961275,0.733333333,0,0,0.397959184,0.5,0.466666667,0.666666667,0.071428571,0.2,1,0,0.951219512
0,0.095890411,0.016769331,0.6,0,0,0.397959184,0.5,1,0.666666667,0.214285714,0.2,1,1,0.951219512
0,0.356164384,0.148621048,0.6,0,0,0.397959184,0.25,1,0,0.071428571,0.8,1,0,0.951219512
0,0.452054795,0.095828809,0.533333333,0,0,0.397959184,0.5,0.733333333,0,0.071428571,0.2,1,0,0.951219512
0,0.301369863,0.151616079,0.533333333,0,0,0.448979592,0.5,0.733333333,0.333333333,0.214285714,0,1,1,0.951219512
0,0.109589041,0.153113932,0.533333333,0,0,0.244897959,0.5,0.733333333,0.666666667,0.857142857,0.6,1,0,0.951219512
1,0.506849315,0.223966336,0.8,0,0,0.806122449,0.5,0.6,1,0.071428571,0.2,1,0,0.951219512
0,0.109589041,0.12278341,0.533333333,0,0,0.346938776,0.5,0.733333333,0.666666667,0.571428571,0.2,0.5,0,0.951219512
1,0.356164384,0.112069765,0.8,0,0,0.397959184,0.5,0.6,0.666666667,0.714285714,0.2,1,1,0
0,0.068493151,0.270527665,0.6,0,0,0.397959184,0.5,1,0.666666667,0.071428571,0.6,1,0,0.951219512
0,0.315068493,0.014459633,0.533333333,0,0,0.397959184,0.75,0.733333333,0,0.214285714,0.2,1,1,0.951219512
0,0.164383562,0.089510627,0.8,0,0,0.397959184,0.5,0.6,0.666666667,0.857142857,0.6,1,1,0.951219512
0,0.068493151,0.071679132,0.533333333,0,0,0.551020408,0.5,0.733333333,0.666666667,0.857142857,0.2,0,1,0.951219512
1,0.575342466,0.124298854,0.8,0,0,0.397959184,0.25,0.6,0.333333333,0.714285714,0,1,1,0.951219512
0,0.520547945,0.045924708,0.8,0,0,0.397959184,0.5,0.6,0,0.714285714,0.8,1,0,0.951219512
0,0.315068493,0.133317773,0.533333333,0,0,0.142857143,0.625,0.733333333,0,0.071428571,0.8,1,0,0
0,0.054794521,0.104553435,0.6,0,0,0.316326531,0.25,1,0.666666667,0.571428571,0.2,1,0,0.951219512
0,0.068493151,0.087082534,0.533333333,0,0,0.397959184,0.5,0.733333333,0.666666667,0.571428571,0.6,1,1,0.951219512
0,0.095890411,0.057815529,0.533333333,0,0,0.367346939,0.5,0.733333333,0.666666667,0.571428571,0.2,1,1,0.951219512
0,0.109589041,0.169107275,0.666666667,0.034180342,0,0.397959184,0,0.533333333,0.666666667,0,0.6,1,0,0.951219512
0,0.095890411,0.015670635,0.533333333,0,0,0.5,0.75,0.733333333,0.833333333,0.571428571,0.8,1,0,0.951219512
0,0.287671233,0.162783004,0.6,0,0,0.244897959,0.5,1,0,0.857142857,0.6,1,0,0.951219512
0,0.739726027,0.134216891,0.533333333,0,0,0.275510204,0.875,0.733333333,0.333333333,0.785714286,0,1,1,0.951219512
0,0.739726027,0.092519865,0.466666667,0,0,0.397959184,0.5,0.133333333,0.666666667,0.571428571,0.2,1,0,0.951219512
0,0.767123288,0.058902048,0.8,0,0,0.142857143,0,0.6,1,0,0.2,1,0,0.951219512
1,0.397260274,0.25805164,0.6,0.150241502,0,0.5,0.5,1,0.333333333,0.285714286,0,1,1,0.951219512
0,0.054794521,0.103264631,0.6,0,0,0.397959184,0.875,1,0.666666667,0.428571429,0.6,1,1,0.951219512
1,0.547945205,0.047146535,0.8,0.150241502,0,0.448979592,0.5,0.6,0.333333333,0.857142857,0,0.25,1,0.951219512
0,0.095890411,0.096440399,0.533333333,0,0,0.397959184,0.5,0.733333333,0.666666667,0.285714286,0.6,0.25,0,0.853658537
1,0.561643836,0.127024623,0.6,0.150241502,0,0.397959184,0.125,1,0.333333333,0.285714286,0,1,1,0.951219512
0,0.178082192,0.04788599,0.533333333,0,0,0.295918367,0.5,0.733333333,0.333333333,1,0,0.5,1,0.951219512
0,0.287671233,0.134332579,0.6,0,0.468778696,0.397959184,0.5,1,0.333333333,0.214285714,0,1,1,0.097560976
1,0.452054795,0.14156341,0.733333333,0,0,0.397959184,0.125,0.466666667,0.333333333,0.214285714,0,1,1,0.951219512
0,0.712328767,0.169179665,0.6,0,0,0.316326531,0,1,0.333333333,0,0,1,1,0.951219512
0,0.808219178,0.153990048,0.533333333,0,0,0.020408163,0,0.733333333,0,0,0.2,1,0,0.951219512
0,0.095890411,0.125228416,0.533333333,0,0,0.397959184,0.5,0.733333333,0.666666667,0.571428571,0.6,1,1,0.634146341
0,0.561643836,0.144638949,0.4,0,0,0.316326531,0,0.066666667,0,0,0.8,0.5,0,0.951219512
0,0.383561644,0.110260027,0.266666667,0,0,0.397959184,0.5,0.4,0.333333333,0.428571429,0,0.25,1,0.463414634
1,0.205479452,0.189552234,0.6,0,0,0.346938776,0.75,1,0.333333333,0.285714286,0,1,1,0.951219512
0,0.150684932,0.147871444,0.6,0.033250333,0,0.5,0.5,1,0.666666667,0.714285714,0.2,0.5,0,0.951219512
1,0.164383562,0.146521076,0.6,0,0.433195592,0.5,0.5,1,0.333333333,0.285714286,0,1,1,0.951219512
0,0.068493151,0.035338928,0.466666667,0,0,0.295918367,0.5,0.133333333,0.666666667,1,0.8,1,1,0.951219512
0,0.547945205,0.079998512,0.8,0,0,0.346938776,0.25,0.6,1,0.714285714,0.2,1,0,0.951219512
0,0.342465753,0.126289226,0.266666667,0,0,0.459183673,0.5,0.4,0,0.5,0.2,0.5,0,0.951219512
0,0.205479452,0.078846369,0.533333333,0,0,0.397959184,0.5,0.733333333,0.666666667,0.071428571,0.8,1,0,0.951219512
1,0.273972603,0.208066355,0.533333333,0,0,0.551020408,0.5,0.733333333,0.333333333,1,0,1,1,0.951219512
0,0.328767123,0.292573988,0.533333333,0,0,0.397959184,0.5,0.733333333,0,0.928571429,0.8,1,0,0.951219512
1,0.397260274,0.103962141,0.8,0,0,0.448979592,0.5,0.6,0.333333333,0.071428571,0,1,1,0.951219512
0,0.205479452,0.041496095,0.6,0,0,0.418367347,0.5,1,0,0.285714286,0.8,1,0,0.951219512
0,0.575342466,0.127780315,0.466666667,0,0,0.479591837,0.5,0.133333333,1,0.5,0.4,1,0,0.951219512
0,0.136986301,0.081270402,0.333333333,0,0,0.397959184,0.5,0,0.666666667,0.5,0.2,1,1,0
1,0.479452055,0.206172727,0.533333333,0,0,0.5,0.5,0.733333333,0.333333333,0.214285714,0,1,1,0.951219512
1,0.315068493,0.026388339,0.866666667,0,0,0.5,0.5,0.8,0.333333333,0.714285714,0,1,1,0.951219512
0,0.068493151,0.156207738,0.8,0,0,0.193877551,0.5,0.6,0.666666667,0.071428571,0.6,1,1,0.951219512
0,0,0.015005598,0.4,0,0,0.316326531,0.5,0.066666667,0.666666667,0.428571429,0.6,1,1,0.951219512
1,0.191780822,0.105959956,0.8,0,0,0.5,0.5,0.6,0,0.285714286,0.2,1,0,0.951219512
0,0.109589041,0.062114247,0.866666667,0,0,0.397959184,0.875,0.8,0.666666667,0.285714286,0.2,1,1,0.951219512
1,0.410958904,0.048116689,0.533333333,0,0,0.846938776,0.5,0.733333333,0.333333333,0.928571429,0,1,1,0.951219512
1,0.287671233,0.099379277,0.933333333,0,0,0.448979592,0.625,0.933333333,0.333333333,0.714285714,0,1,1,0.951219512
0,0.561643836,0.137753152,0.533333333,0,0,0.397959184,0.125,0.733333333,0.666666667,0.071428571,0.4,0,1,0.951219512
1,0.342465753,0.241419646,0.733333333,0,0,0.551020408,0.5,0.466666667,0.333333333,0.857142857,0,1,1,0.951219512
0,0.410958904,0.092187685,0.8,0,0,0.5,0.5,0.6,0.333333333,0.714285714,0,1,1,0.951219512
0,0.082191781,0.033483186,0.8,0.025800258,0,0.397959184,0.5,0.6,0.333333333,0.857142857,0,1,1,0.951219512
0,0.397260274,0.127381158,0.533333333,0,0,0.397959184,0.5,0.733333333,0.333333333,0.857142857,1,1,0,0.951219512
0,0.465753425,0.127758666,0.533333333,0,0,0.448979592,0.5,0.733333333,0,0.857142857,0.2,1,1,0.951219512
0,0.191780822,0.142699993,0.533333333,0,0,0.397959184,0.5,0.733333333,0.333333333,0.571428571,0,1,1,0.634146341
0,0.082191781,0.11807471,0.533333333,0,0,0.397959184,0.5,0.733333333,0.666666667,0.785714286,0.6,0,1,0.951219512
0,0.01369863,0.122998549,0.4,0,0,0.234693878,0.75,0.066666667,0.666666667,0.357142857,0.6,1,1,0.951219512
0,0.547945205,0.146798456,0.8,0,0.362488522,0.367346939,0.875,0.6,0.333333333,0.285714286,0,0.75,1,0.951219512
1,0.561643836,0.139039926,0.866666667,0.076880769,0,0.448979592,0.25,0.8,0.333333333,0.714285714,0,0.5,1,0.951219512
0,0.575342466,0.059525138,0.866666667,0,0,0.602040816,0.875,0.8,0,0.714285714,0.2,1,0,0.951219512
0,0.493150685,0.091027423,0.533333333,0,0,0.448979592,0.25,0.733333333,0.333333333,0.571428571,0,1,1,0.951219512
1,0.452054795,0.165496595,1,0,0,0.5,0.5,0.666666667,0.333333333,0.857142857,0,1,1,0.951219512
0,0.493150685,0.309910257,0.733333333,0,0,0.479591837,0.5,0.466666667,0,0.071428571,0.8,1,0,0.951219512
0,0.520547945,0.048674156,0.533333333,0,0,0.5,0.5,0.733333333,0.333333333,1,0,1,1,0.951219512
1,0.589041096,0.038539626,0.866666667,0,0,0.37755102,0.875,0.8,0.333333333,0.714285714,0,0.25,1,0.073170732
0,0.383561644,0.137008961,0.533333333,0,0,0.112244898,0,0.733333333,0.333333333,0,0,1,1,0.951219512
0,0.301369863,0.137019785,0.8,0,0,0.602040816,0.5,0.6,0.333333333,0.285714286,0,1,1,0.951219512
0,0.575342466,0.114860481,0.8,0.050130501,0,0.397959184,0.5,0.6,0.333333333,0.714285714,0,1,1,0.951219512
1,0.547945205,0.012005155,0.533333333,0,0,0.397959184,0.125,0.733333333,0.333333333,0.214285714,0,0.5,1,0.951219512
1,0.150684932,0.074251327,0.8,0,0,0.551020408,0.5,0.6,0.333333333,0.714285714,0,1,1,0.951219512
0,0.109589041,0.100615987,0.533333333,0,0,0.397959184,0.5,0.733333333,0.666666667,0.5,0.6,1,1,0.951219512
0,0.205479452,0.242115803,0.6,0,0,0.397959184,0.5,1,0.833333333,0.285714286,0.8,0.5,0,0.951219512
1,0.397260274,0.120308636,0.6,0,0.433195592,0.397959184,0.5,1,0.333333333,0.857142857,0,1,1,0.951219512
0,0.424657534,0.331087906,0.533333333,0,0,0.479591837,0.5,0.733333333,0,0.5,0.2,0.5,1,0.951219512
0,0.123287671,0.094393873,0.333333333,0,0,0.397959184,0.5,0,0.666666667,0.357142857,0.2,0.5,1,0.951219512
1,0.712328767,0.210221126,0.8,1,0,0.397959184,0,0.6,0.333333333,0,0,1,1,0.951219512
0,0.109589041,0.082421192,0.8,0,0,0.295918367,0.5,0.6,0.666666667,0.071428571,0.2,1,1,0.951219512
0,0.342465753,0.065094394,0.533333333,0,0,0.418367347,0.5,0.733333333,0,0.857142857,0.2,1,0,0.951219512
0,0.479452055,0.058652405,0.533333333,0,0,0.397959184,0.5,0.733333333,0,1,0.2,1,1,0.951219512
0,0.356164384,0.058803273,0.666666667,0,0,0.397959184,0.75,0.533333333,0.333333333,0.214285714,0,1,1,0.951219512
0,0.164383562,0.220023476,0.6,0,0,0.397959184,0.75,1,0.333333333,0.214285714,0,0.25,1,0.853658537
1,0.643835616,0.006726811,0.6,0,0,0.091836735,0,1,0.333333333,0,0,1,1,0.951219512
0,0.273972603,0.104330177,0.8,0,0,0.346938776,0.5,0.6,0,0.214285714,0.2,1,1,0.951219512
0,0.150684932,0.085275503,1,0,0,0.397959184,0.25,0.666666667,0,0.714285714,0.2,1,0,0.951219512
0,0.246575342,0.015590803,0.533333333,0,0,0.397959184,0.5,0.733333333,0.333333333,0.214285714,0,1,1,0.951219512
0,0.219178082,0.122032453,0.533333333,0,0,0.346938776,0.5,0.733333333,0.833333333,0.857142857,0.2,1,0,0.951219512
0,0.520547945,0.139482381,0.866666667,0,0,0.5,0.75,0.8,0,0.285714286,0.2,1,0,0.43902439
0,0.123287671,0.12848662,0.8,0,0,0.5,0.5,0.6,0.666666667,0.071428571,0.4,1,0,0.951219512
0,0.616438356,0.009932245,0.6,0,0,0.397959184,0.5,1,1,0.071428571,0.2,1,0,0.951219512
0,0.232876712,0.160946205,0.4,0,0,0.602040816,0.75,0.066666667,0.333333333,1,0,1,1,0.951219512
0,1,0.203951655,0.8,0,0,0.091836735,0.5,0.6,0.666666667,0.714285714,0.6,1,0,0.951219512
0,0.178082192,0.055562659,0.6,0,0,0.295918367,0.5,1,0,1,0.2,1,1,0.951219512
0,0.273972603,0.062905119,0.6,0,0,0.397959184,0.25,1,0.333333333,1,0,1,1,0.951219512
0,0.164383562,0.169621444,0.866666667,0,0,0.448979592,0.5,0.8,0.333333333,0.285714286,0,1,1,0.268292683
0,0.301369863,0.075184948,0.8,0,0,0.602040816,0.5,0.6,0.666666667,0.285714286,0.2,1,1,0.951219512
0,0.054794521,0.121970889,0.533333333,0,0,0.448979592,0.5,0.733333333,0.666666667,0.071428571,0.6,1,0,0.951219512
0,0.424657534,0.151932022,0.4,0,0,0.306122449,0.5,0.066666667,0,0.571428571,0.2,1,0,0.951219512
0,0.095890411,0.207241656,0.6,0,0.345270891,0.397959184,0.5,1,0.666666667,0.285714286,0.2,1,1,0.951219512
0,0.095890411,0.017018297,0.8,0,0,0.5,0.75,0.6,0.666666667,0.357142857,0.8,1,1,0.951219512
1,0.410958904,0.080316484,0.8,0,0,0.5,0.5,0.6,0.333333333,0.714285714,0,1,1,0.951219512
0,0.205479452,0.126762803,0.6,0,0.399449036,0.397959184,0.5,1,0.333333333,0.071428571,1,0.75,0,0
0,0.04109589,0.062159575,0.533333333,0,0,0.397959184,0.5,0.733333333,0.666666667,0.428571429,0.6,1,1,0.951219512
0,0.01369863,0.126346056,0.466666667,0.005940059,0,0.132653061,0.5,0.133333333,0.666666667,0.857142857,0.6,1,1,0.951219512
0,0.356164384,0.119409518,0.6,0,0,0.448979592,0.5,1,0,1,0.2,1,1,0.951219512
0,0.849315068,0.024550864,0.2,0,0,0.397959184,0,0.333333333,1,0,0.2,1,1,0.951219512
0,0.068493151,0.088475525,0.533333333,0,0,0.397959184,0.75,0.733333333,0.666666667,0.571428571,0.6,1,1,0.292682927
0,0.232876712,0.161312888,0.8,0,0,0.448979592,0.5,0.6,0.333333333,0.857142857,0,1,1,0.56097561
1,0.232876712,0.179302016,0.733333333,0,0.436639118,0.5,0.5,0.466666667,0.333333333,0.857142857,0,0.5,1,0.951219512
0,0.410958904,0.092640288,0.533333333,0,0,0.653061224,0.5,0.733333333,0.333333333,0.285714286,0,1,1,0.951219512
0,0.616438356,0.109156595,0.6,0,0,0.704081633,0.75,1,0.333333333,0.285714286,0,1,1,0.951219512
0,0.205479452,0.125186471,0.533333333,0,0,0.397959184,0.5,0.733333333,0.333333333,0.214285714,0,1,1,0.951219512
0,0.164383562,0.203340065,0.533333333,0,0,0.295918367,0.5,0.733333333,0,0.571428571,0.8,1,0,0.951219512
1,0.547945205,0.127209994,0.6,0,0,0.397959184,0.5,1,0.333333333,0.214285714,0,1,1,0.951219512
1,0.260273973,0.027457268,0.8,0.043860439,0,0.5,0.75,0.6,0.333333333,0.285714286,0,1,1,0.951219512
0,0.205479452,0.252804416,0.533333333,0,0,0.5,0.5,0.733333333,0.666666667,0.214285714,0.6,1,1,0.951219512
0,0.191780822,0.133442932,0.4,0,0,0.397959184,0.5,0.066666667,0.333333333,0.071428571,0,1,1,0.804878049
1,0.452054795,0.129974325,0.533333333,0,0,0.846938776,0.75,0.733333333,0.333333333,0.357142857,0,1,1,0.951219512
0,0.082191781,0.097991022,0.6,0,0,0.193877551,0.5,1,0.666666667,0.571428571,0.2,1,0,0.951219512
0,0.136986301,0.045923355,0.6,0,0,0.193877551,0.5,1,0.833333333,0.071428571,0.8,1,0,0.951219512
0,0.561643836,0.155864057,0.533333333,0,0,0.397959184,0.5,0.733333333,0.666666667,0.071428571,0.8,1,0,0.951219512
0,0.054794521,0.082016623,0.733333333,0.005940059,0,0.397959184,0,0.466666667,0.666666667,0,0.6,1,0,0.951219512
0,0.109589041,0.133886064,0.4,0,0,0.397959184,0.5,0.066666667,0.833333333,0.214285714,0.6,1,1,0.951219512
1,0.328767123,0.056438775,0.866666667,0,0,0.448979592,0.75,0.8,0.666666667,0.285714286,0.2,0.25,1,0.951219512
1,0.383561644,0.023084131,0.866666667,0,0,0.357142857,0.5,0.8,0.333333333,0.714285714,0,1,1,0.219512195
0,0.465753425,0.075193067,0.533333333,0,0,0.397959184,0.5,0.733333333,0.333333333,0.428571429,0,1,1,0.951219512
0,0.205479452,0.145674051,0.666666667,0,0,0.397959184,0.5,0.533333333,0.333333333,0.857142857,0,1,1,0.951219512
0,0.109589041,0.029141846,0.533333333,0,0,0.397959184,0.25,0.733333333,0.666666667,0.214285714,0.6,0.5,1,0.951219512
0,0.287671233,0.01565778,0.533333333,0,0.468778696,0.397959184,0.5,0.733333333,0.333333333,0.428571429,0,1,1,0.951219512
0,0.178082192,0.06019897,0.533333333,0,0,0.397959184,0.5,0.733333333,0.333333333,0.785714286,0,1,1,0.951219512
0,0.301369863,0.207539332,0.8,0,0,0.367346939,0.5,0.6,0.333333333,0.428571429,1,0.25,0,0.731707317
0,0.191780822,0.120385085,0.866666667,0,0,0.448979592,0.25,0.8,0.666666667,0.285714286,0.2,1,1,0.951219512
1,0.369863014,0.097507975,0.6,0,0,0.43877551,0.5,1,0.333333333,0.928571429,0,1,1,0.951219512
0,0.739726027,0.197261377,0.866666667,0.020500205,0,0.193877551,0.25,0.8,1,0.285714286,0.2,1,1,0.951219512
1,0.342465753,0.141319857,0.8,0,0,0.397959184,0.5,0.6,0.333333333,0.285714286,0,1,1,0.951219512
0,0.342465753,0.208684033,0.533333333,0.039080391,0,0.448979592,0.75,0.733333333,0.333333333,0.857142857,0,1,1,0.951219512
0,0.068493151,0.08284944,0.333333333,0,0,0.397959184,0.5,0,0.333333333,0.857142857,1,1,0,0.951219512
1,0.410958904,0.159381374,0.6,0,0,0.5,0.5,1,0.833333333,1,0.8,1,1,0.951219512
0,0.465753425,0.091275036,0.533333333,0,0,0.397959184,0.5,0.733333333,0.666666667,0.071428571,0.2,0.5,0,0.951219512
0,0.273972603,0.110498168,0.333333333,0,0,0.397959184,0.5,0,0.666666667,0.571428571,0.8,1,0,0.951219512
1,0.232876712,0.225571082,0.8,0,0.453856749,0.5,0.5,0.6,0.333333333,0.857142857,0,1,1,0.951219512
0,0.671232877,0.059266701,0.666666667,0,0,0.397959184,0,0.533333333,1,0,0.2,1,0,0.951219512
1,0.465753425,0.061111619,0.866666667,0,0.453856749,0.397959184,0.5,0.8,0.333333333,0.785714286,0,1,1,0.951219512
0,0.095890411,0.259664505,0.6,0,0,0.346938776,0.5,1,0.666666667,0.428571429,0.2,1,0,0.951219512
0,0.164383562,0.091369751,0.6,0,0,0.397959184,0.5,1,0.666666667,0.857142857,0.6,1,0,0.951219512
1,0.219178082,0.078049408,0.8,0.086140861,0,0.397959184,0.5,0.6,0.666666667,0.857142857,0.2,1,1,0.951219512
0,0.383561644,0.083376463,0.866666667,0,0,0.397959184,0.5,0.8,0,0.071428571,0.8,1,0,0.951219512
0,0.054794521,0.125818356,0.6,0,0,0.142857143,0.5,1,0.666666667,0.071428571,0.6,1,0,0.951219512
0,0.383561644,0.121382978,0.533333333,0,0,0.397959184,0.5,0.733333333,0.666666667,0.071428571,0.6,0.5,0,0.951219512
1,0.191780822,0.061806422,0.533333333,0,0,0.448979592,0.5,0.733333333,0.333333333,1,0,1,1,0.951219512
0,0.109589041,0.290183781,0.533333333,0,0,0.397959184,0.5,0.733333333,0.666666667,0.714285714,0.6,1,1,0.951219512
0,0.191780822,0.146240989,0.6,0,0,0.397959184,0.875,1,0.666666667,1,0.2,1,1,0.951219512
0,0.397260274,0.058617902,0.8,0,0,0.520408163,0.625,0.6,0.333333333,0.857142857,0,1,1,0.951219512
0,0.191780822,0.078049408,0.6,0,0,0.397959184,0.25,1,0.333333333,0.571428571,0,1,1,0.951219512
0,0.095890411,0.107241317,0.8,0,0,0.367346939,0.5,0.6,0.666666667,0.285714286,0.6,1,0,0.951219512
0,0.178082192,0.050864784,0.533333333,0,0,0.397959184,0.5,0.733333333,0.666666667,0.571428571,0.2,1,1,0.951219512
0,0.397260274,0.049425112,0.866666667,0,0,0.56122449,0.25,0.8,0.333333333,0.714285714,0,1,1,0.951219512
1,0.301369863,0.109655203,0.533333333,0,0,0.397959184,0.5,0.733333333,0.333333333,0.071428571,1,1,0,0.951219512
0,0.287671233,0.104497282,0.8,0,0,0.397959184,0.5,0.6,0.333333333,0.071428571,1,1,0,0.951219512
1,0.410958904,0.112328202,0.933333333,0,0.436639118,0.418367347,0.75,0.933333333,0.333333333,0.714285714,0,1,1,0.951219512
0,0.246575342,0.144277678,0.8,0,0,0.479591837,0.25,0.6,0.333333333,0.785714286,0,1,1,0.951219512
0,0.616438356,0.067165275,0.266666667,0,0,0.204081633,0,0.4,0.333333333,0,0,1,1,0.951219512
0,0.150684932,0.111460204,0.6,0,0,0.142857143,0.5,1,0.666666667,0.071428571,0.2,1,0,0.951219512
0,0.123287671,0.14696962,0.533333333,0,0,0.56122449,0.5,0.733333333,0.333333333,0.5,1,1,0,0.951219512
0,0.02739726,0.229285272,0.266666667,0,0.394628099,0.346938776,0,0.4,0.666666667,0,0.4,1,1,0.195121951
0,0.136986301,0.137790361,0.6,0.028290283,0,0.397959184,0.5,1,0.333333333,0.071428571,0,1,1,0.951219512
0,0.410958904,0.226464111,0.866666667,0,0,0.397959184,0.5,0.8,0,0.714285714,0.2,1,0,0.951219512
1,0.383561644,0.10550397,0.8,0,0,0.551020408,0.125,0.6,0.666666667,0.071428571,0.2,1,1,0.951219512
0,0.164383562,0.083885219,0.333333333,0,0,0.316326531,0.5,0,0.666666667,0.571428571,0.6,0.5,0,0.951219512
0,0.205479452,0.315871228,0.4,0,0,0.397959184,0.875,0.066666667,0.666666667,0.785714286,0.6,1,1,0.951219512
0,0,0.063897599,0.4,0.005940059,0,0.397959184,0.5,0.066666667,0.666666667,0.214285714,0.6,1,1,0.951219512
0,0.02739726,0.145472443,0.6,0,0,0.244897959,0.75,1,0.666666667,0.571428571,0.6,1,0,0.951219512
1,0.657534247,0.146062384,0.8,0,0,0.397959184,0.5,0.6,0.333333333,0.714285714,0,1,1,0.951219512
0,0.246575342,0.058630756,0.8,0,0,0.316326531,0.5,0.6,0.333333333,0.571428571,1,1,0,0.951219512
1,0.191780822,0.079677156,0.866666667,0.076880769,0,0.602040816,0.125,0.8,0.333333333,0.285714286,0,1,1,0.951219512
0,0.191780822,0.106185919,0.533333333,0,0,0.397959184,0.5,0.733333333,0.666666667,0.571428571,0.2,1,0,0.951219512
0,0.04109589,0.102414224,0.733333333,0,0,0.142857143,0.5,0.466666667,0.666666667,0.071428571,0.6,1,0,0.951219512
1,0.671232877,0.117743883,0.8,0,0,0.040816327,0.5,0.6,0.333333333,0.857142857,0,1,1,0.951219512
0,0.301369863,0.136659867,0.8,0,0,0.091836735,0.25,0.6,1,0.714285714,0.8,0.25,0,0.585365854
1,0.178082192,0.048598384,0.533333333,0,0,0.653061224,0.5,0.733333333,0.333333333,0.285714286,0,1,1,0.951219512
1,0.328767123,0.011823843,0.533333333,0,0,0.520408163,0.5,0.733333333,0.333333333,0.214285714,0,1,1,0.951219512
0,0.328767123,0.192746167,0.533333333,0,0,0.397959184,0.5,0.733333333,0.333333333,1,1,1,0,0.951219512
1,0.287671233,0.156677254,0.8,0,0,0.704081633,0.5,0.6,0.333333333,0.857142857,0,1,1,0.951219512
1,0.479452055,0.226798321,0.8,0,0,0.551020408,0.5,0.6,0.333333333,0.285714286,0,1,1,0.951219512
0,0.054794521,0.12902785,0.333333333,0,0,0.397959184,0.5,0,0.333333333,0.214285714,0,1,1,0.951219512
0,0.273972603,0.153490087,0.6,0,0,0.520408163,0.25,1,0.833333333,0.785714286,0.6,0.75,1,0.951219512
0,0.561643836,0.117606546,0.8,0,0,0.397959184,0.5,0.6,0,0.285714286,0.2,1,1,0.951219512
1,0.328767123,0.188331084,0.8,0.076880769,0,0.551020408,0.5,0.6,0.333333333,0.214285714,0,1,1,0.951219512
0,0.191780822,0.227455915,0.8,0,0,0.397959184,0.5,0.6,0.666666667,0.285714286,0.2,0.5,0,0.951219512
0,0.082191781,0.17335593,0.8,0,0,0.5,0.5,0.6,0.666666667,0.714285714,0.2,1,1,0.951219512
0,0.082191781,0.074410313,0.8,0,0,0.295918367,0.5,0.6,0.666666667,0.071428571,0.6,1,0,0.951219512
0,0.260273973,0.154605697,0.466666667,0,0,0.397959184,0.75,0.133333333,0.666666667,0.214285714,0.6,1,1,0.951219512
0,0.02739726,0.044711677,0.6,0,0,0.397959184,0.5,1,0.666666667,0.071428571,0.8,0.25,0,0.951219512
0,0.082191781,0.101927117,0.533333333,0,0.545684114,0.397959184,0.5,0.733333333,0.333333333,0.857142857,0,1,1,0.951219512
1,0.547945205,0.135319647,0.866666667,0,0,0.397959184,0.25,0.8,0.333333333,0.285714286,0,1,1,0.951219512
0,0.808219178,0.167325952,0.533333333,0,0,0.142857143,0.25,0.733333333,0.333333333,0.785714286,0,1,1,0.951219512
0,0.068493151,0.107241317,0.666666667,0,0,0.112244898,0.5,0.533333333,0.666666667,0.571428571,0.6,1,0,0.951219512
0,0.164383562,0.130547353,0.866666667,0,0,0.397959184,0.5,0.8,0.333333333,0.285714286,0,0.25,1,0.585365854
0,0.356164384,0.157769862,0.533333333,0,0,0.397959184,0.5,0.733333333,0.333333333,0.214285714,0,0.75,1,0.634146341
0,0.164383562,0.031760722,0.6,0,0,0.418367347,0.5,1,0.333333333,0.214285714,0,1,1,0.951219512
0,0.123287671,0.202428093,0.8,0,0,0.397959184,0.5,0.6,0.666666667,0.285714286,0.2,1,0,0.951219512
1,0.410958904,0.097001248,0.866666667,1,0,0.551020408,0.5,0.8,0.333333333,0.285714286,0,1,1,0.951219512
0,0.315068493,0.13083894,0.866666667,0,0,0.5,0.5,0.8,0.333333333,0.285714286,0,1,1,0.951219512
1,0.301369863,0.04553164,0.6,0,0,0.346938776,0.5,1,0.333333333,0.928571429,0,0.25,1,0.463414634
0,0.054794521,0.005712005,0.533333333,0.04101041,0,0.397959184,0.5,0.733333333,0.666666667,0.857142857,0.6,1,0,0.951219512
0,0.520547945,0.12313318,0.533333333,0,0,0.397959184,0.5,0.733333333,0,0.214285714,0.2,1,1,0.951219512
0,0.328767123,0.064285255,0.533333333,0.021740217,0,0.397959184,0.5,0.733333333,0.666666667,0.285714286,0.2,1,1,0.951219512
0,0.068493151,0.167990312,0.4,0,0,0.244897959,0.5,0.066666667,0.666666667,0.857142857,0.8,1,0,0.951219512
0,0.164383562,0.071871945,0.533333333,0,0,0.418367347,0.875,0.733333333,0.333333333,0.785714286,0,1,1,0.951219512
0,0.136986301,0.247203364,0.666666667,0,0,0.5,0.5,0.533333333,0.666666667,0.857142857,0.2,1,1,0.951219512
0,0.315068493,0.126785805,0.533333333,0,0,0.397959184,0.5,0.733333333,0,0.571428571,0.2,1,0,0.951219512
1,0.315068493,0.089636463,0.8,0,0,0.397959184,0.5,0.6,0.5,0.857142857,0.2,1,1,0.951219512
1,0.534246575,0.18831823,0.8,0,0,0.5,0.5,0.6,0.333333333,0.285714286,0,1,1,0.951219512
1,0.301369863,0.138140808,0.8,0,0,0.602040816,0.625,0.6,0.333333333,0.285714286,0,1,1,0.951219512
1,0.273972603,0.110596266,0.8,0,0,0.397959184,0.5,0.6,0.333333333,0.928571429,0,1,1,0.951219512
1,0.205479452,0.215429787,0.533333333,1,0,0.397959184,0.5,0.733333333,0.333333333,0.214285714,0,1,1,0.951219512
1,0.109589041,0.199820718,0.733333333,0.03103031,0,0.448979592,0.5,0.466666667,0.333333333,0.214285714,0,1,1,0.951219512
0,0.315068493,0.067111152,0.8,0,0,0.397959184,0.625,0.6,0.666666667,0.714285714,0.6,1,1,0.951219512
0,0.178082192,0.203219641,0.6,0,0,0.397959184,0.5,1,0.333333333,0.214285714,0,1,1,0.951219512
0,0.232876712,0.16796731,0.533333333,0,0,0.397959184,0.5,0.733333333,0.333333333,0.5,0,1,1,0.951219512
0,0.054794521,0.130892387,0.533333333,0,0,0.397959184,0.5,0.733333333,0.666666667,0.428571429,0.6,1,1,0.951219512
1,0.109589041,0.229051867,0.2,0,0,0.5,0.5,0.333333333,0.333333333,0.357142857,0,1,1,0.951219512
0,0.356164384,0.014099715,0.6,0,0,0.5,0.5,1,0.333333333,0.285714286,0,1,1,0.951219512
0,0.205479452,0.027573633,0.533333333,0,0,0.397959184,0,0.733333333,0.666666667,0,0.6,0.5,1,0.951219512
0,0.287671233,0.113119074,0.6,0,0.399678604,0.397959184,0.5,1,0,0.214285714,0.2,1,1,0.951219512
0,0.438356164,0.096803699,0.866666667,0,0,0.397959184,0.875,0.8,0,0.714285714,0.2,1,0,0.951219512
0,0.068493151,0.023245823,0.8,0,0,0.081632653,0.5,0.6,0.666666667,0.714285714,0.2,1,0,0.951219512
0,0.191780822,0.133449021,0.333333333,0,0,0.397959184,0.5,0,0.333333333,0.5,0,1,1,0.951219512
0,0.342465753,0.069709055,1,0,0,0.06122449,0.75,0.666666667,0.666666667,0.714285714,0.2,1,1,0
1,0.534246575,0.097383492,0.8,0.076880769,0,0.397959184,0.125,0.6,0.333333333,0.285714286,0,1,1,0.951219512
0,0.219178082,0.126684324,0.533333333,0,0,0.653061224,0.75,0.733333333,0.333333333,1,0,1,1,0.951219512
0,0.383561644,0.158719721,0.866666667,0,0,0.397959184,0.75,0.8,0,0.214285714,0.2,1,1,0.951219512
0,0.01369863,0.145620605,0.533333333,0,0,0.397959184,0.5,0.733333333,0.666666667,0.857142857,0.6,1,1,0.951219512
0,0.561643836,0.201472822,0.133333333,0,0,0.397959184,0.5,0.266666667,0.333333333,0.5,0,1,1,0.951219512
0,0.219178082,0.016905992,0.6,0,0,0.397959184,0.5,1,0.333333333,0.857142857,0,1,1,0.951219512
0,0.082191781,0.09022708,0.6,0,0,0.193877551,0.5,1,0.666666667,0.857142857,0.6,0.5,0,0.951219512
1,0.465753425,0.101791809,0.533333333,0.07298073,0,0.5,0.5,0.733333333,0.333333333,0.214285714,0,1,1,0.951219512
0,0.246575342,0.170807413,0.6,0,0,0.397959184,0,1,0.333333333,0,0,0.5,1,0.341463415
0,0.095890411,0.183660947,0.8,0,0,0.387755102,0.5,0.6,0.666666667,0.071428571,0.6,1,1,0.951219512
1,0.465753425,0.198487939,0.666666667,0,0,0.397959184,0.5,0.533333333,0.333333333,0.214285714,0,1,1,0.048780488
0,0.506849315,0.15063307,0.533333333,0.040640406,0,0.551020408,0.5,0.733333333,0.333333333,0.857142857,0,1,1,0.951219512
1,0.328767123,0.230379233,0.6,0,0.436639118,0.397959184,0.5,1,0.333333333,0.285714286,1,1,0,0.951219512
1,0.164383562,0.183110922,1,0,0,0.5,0.5,0.666666667,0.333333333,0.714285714,0,1,1,0.951219512
0,0.465753425,0.107562673,0.2,0,0,0.397959184,0.5,0.333333333,0,0.571428571,0.2,0.75,1,0.707317073
0,0.315068493,0.192888239,0.6,0,0,0.602040816,0.5,1,0.833333333,0.285714286,0.8,1,0,0.951219512
1,0.219178082,0.096539173,0.8,0,0.436639118,0.5,0.5,0.6,0.333333333,0.071428571,0,1,1,0.951219512
0,0.191780822,0.171732917,0.533333333,0,0,0.295918367,0.5,0.733333333,0.666666667,0.571428571,0.2,1,0,0.951219512
1,0.191780822,0.021333929,0.8,0,0,0.397959184,0.5,0.6,0.333333333,0.285714286,1,1,0,0.951219512
1,0.424657534,0.049454203,0.6,0,0,0.397959184,0.875,1,0.333333333,0.214285714,0,1,1,0.951219512
0,0.109589041,0.145577306,0.533333333,0,0,0.397959184,0.5,0.733333333,0.666666667,0.214285714,0.6,1,1,0.951219512
1,0.232876712,0.208081915,1,0,0,0.397959184,0.5,0.666666667,0.666666667,0.714285714,0.2,1,1,0.87804878
0,0.465753425,0.099268325,0.533333333,0,0,0.602040816,0.5,0.733333333,0.333333333,1,0,1,1,0.951219512
1,0.260273973,0.192267178,0.533333333,0,0,0.397959184,0.5,0.733333333,0.333333333,0.857142857,0,1,1,0.951219512
1,0.479452055,0.134259513,0.6,0.03103031,0,0.551020408,0.5,1,0.333333333,0.285714286,0,1,1,0.951219512
0,0.410958904,0.121025766,0.133333333,0,0.500229568,0.5,0.75,0.266666667,0.333333333,0.857142857,0,1,1,0.634146341
1,0.369863014,0.061885577,0.8,0,0,0.397959184,0.5,0.6,0.333333333,0.928571429,0,1,1,0.951219512
1,0.369863014,0.021260863,0.733333333,0.076880769,0,0.397959184,0.5,0.466666667,0.333333333,0.857142857,0,1,1,0.951219512
0,0.054794521,0.127955538,0.6,0,0,0.295918367,0,1,0.666666667,0,0.6,1,1,0.951219512
0,0.219178082,0.157886227,0.6,0,0,0.37755102,0.5,1,0.833333333,0.571428571,0.8,1,0,0.195121951
0,0.356164384,0.024096231,0.533333333,0.039080391,0,0.397959184,0.125,0.733333333,0.333333333,0.071428571,0,1,1,0.951219512
0,0.273972603,0.104138041,0.533333333,0,0,0.397959184,0.5,0.733333333,0,0.928571429,0.8,1,1,0.951219512
0,0.657534247,0.11375096,0.733333333,0.067230672,0,0.37755102,0,0.466666667,0.666666667,0,0.2,1,1,0.951219512
1,0.410958904,0.200225287,0.8,0,0,0.602040816,0.625,0.6,0,0.285714286,0.8,1,0,0.951219512
1,0.424657534,0.248693776,0.866666667,0,0,0.397959184,0.5,0.8,0.333333333,0.714285714,0,1,1,0.12195122
1,0.493150685,0.041166621,0.533333333,0.150241502,0,0.602040816,0.5,0.733333333,0.333333333,0.857142857,0,1,1,0.951219512
0,0.424657534,0.176655402,0.2,0,0.436639118,0.397959184,0.25,0.333333333,0.333333333,1,0,1,1,0.951219512
0,0.232876712,0.132486985,0.533333333,0,0,0.244897959,0.5,0.733333333,0.666666667,0.571428571,0.2,0.5,0,0.951219512
1,0.547945205,0.245729865,0.8,0,0,0.551020408,0.5,0.6,0.333333333,0.714285714,0,1,1,0.951219512
0,0.068493151,0.1399086,0.6,0,0,0.551020408,0.5,1,0.333333333,0.857142857,0,1,1,0.951219512
0,0.068493151,0.032654428,0.6,0,0,0.397959184,0.5,1,0.666666667,0.857142857,0.6,1,0,0.951219512
0,0.123287671,0.273518637,0.533333333,0,0,0.448979592,0.5,0.733333333,0.333333333,0.5,0,0.5,1,0.951219512
1,0.260273973,0.053278669,0.533333333,0,0,0.397959184,0.5,0.733333333,0.333333333,0.071428571,1,1,0,0.951219512
0,0.383561644,0.137563721,0.533333333,0,0,0.397959184,0.5,0.733333333,0,1,0.2,1,1,0.951219512
1,0.178082192,0.059839052,0.8,0,0,0.397959184,0.5,0.6,0.333333333,0.285714286,0.4,1,0,0.292682927
0,0.191780822,0.061666379,0.533333333,0,0,0.5,0.625,0.733333333,0.333333333,0.285714286,0,1,1,0.951219512
0,0.04109589,0.029055926,0.6,0,0,0.397959184,0.125,1,0.666666667,0.071428571,0.4,1,0,0.951219512
0,0,0.173187472,0.466666667,0,0,0.112244898,0.5,0.133333333,0.666666667,0.571428571,0.6,1,1,0.951219512
1,0.342465753,0.21733424,0.6,0,0,0.397959184,0.875,1,0.333333333,0.285714286,1,1,0,0.951219512
0,0.205479452,0.180598939,0.666666667,0,0,0.397959184,0.5,0.533333333,0.333333333,0.071428571,0,1,1,0.536585366
0,0.301369863,0.121246994,0.666666667,0,0,0.397959184,0.5,0.533333333,0.333333333,0.214285714,0,1,1,0.951219512
1,1,0.119041482,0.533333333,0.116781168,0,0.397959184,0.25,0.733333333,0.666666667,0.214285714,0.6,1,1,0.951219512
0,0.301369863,0.088144698,0.6,0,0,0.244897959,0.75,1,0.666666667,0.214285714,0.2,1,1,0.951219512
1,0.205479452,0.130481728,0.533333333,0.03103031,0,0.397959184,0.5,0.733333333,0.333333333,0.285714286,0,1,1,0.951219512
0,0.356164384,0.084862815,0.533333333,0,0,0.397959184,0.5,0.733333333,0.333333333,0.428571429,0,1,1,0.951219512
0,0.095890411,0.125818356,0.8,0,0,0.397959184,0.5,0.6,0.666666667,0.285714286,0.6,1,0,0.951219512
0,0.383561644,0.044409265,0.8,0,0,0.397959184,0.5,0.6,1,0.571428571,0.6,0.25,0,0.731707317
0,0.424657534,0.095897816,0.533333333,0,0,0.520408163,0.5,0.733333333,0,0.857142857,0.2,1,0,0.951219512
1,0.191780822,0.08396708,1,0,0,0.5,0.5,0.666666667,0.333333333,0.714285714,0,0.25,1,0.902439024
0,0.260273973,0.070409271,0.866666667,0,0,0.448979592,0.5,0.8,0.333333333,0.285714286,0,0.25,1,0.463414634
0,0.465753425,0.19813208,0.8,0,0,0.397959184,0.5,0.6,0.666666667,0.714285714,0.2,1,1,0.951219512
0,0.438356164,0.073957033,0.8,0,0,0.397959184,0.5,0.6,0.333333333,0.285714286,0,1,1,0.951219512
0,0.01369863,0.111201091,0.533333333,0,0,0.255102041,0.5,0.733333333,0.666666667,0.428571429,0.6,1,1,0.951219512
0,0.246575342,0.254355717,0.666666667,0,0,0.397959184,0.5,0.533333333,0.333333333,0.071428571,0,0.5,1,0.951219512
1,0.287671233,0.129119182,0.8,0,0,0.5,0.5,0.6,0.333333333,0.071428571,1,1,0,0.951219512
0,0.726027397,0.112193571,0.533333333,0,0,0.071428571,0.5,0.733333333,1,0.642857143,0.4,0.5,0,0.951219512
0,0.493150685,0.086181386,0.6,0,0,0.5,0.25,1,0.333333333,0.285714286,0,1,1,0.951219512
0,0.356164384,0.21187526,0.6,0,0,0.448979592,0.5,1,0,0.928571429,0.2,1,1,0.951219512
0,0.01369863,0.154181508,0.533333333,0,0,0.193877551,0.5,0.733333333,0.666666667,0.571428571,0.6,1,0,0.951219512
1,0.287671233,0.11878981,0.8,0,0,0.397959184,0.5,0.6,0.333333333,0.214285714,0,1,1,0.951219512
0,0.602739726,0.015368222,0.2,0.028850289,0,0.397959184,0.25,0.333333333,0.333333333,0.071428571,0,1,1,0.951219512
0,0.068493151,0.19000619,0.6,0,0,0.295918367,0.5,1,0.666666667,0.571428571,0.6,1,0,0.951219512
0,0.315068493,0.071331392,0.533333333,0,0,0.602040816,0.75,0.733333333,0.333333333,0.357142857,0,1,1,0.951219512
0,0.219178082,0.139284832,0.533333333,0,0,0.397959184,0.75,0.733333333,0.333333333,0.214285714,0,1,1,0.951219512
1,0.301369863,0.119218058,0.8,0,0,0.602040816,0.5,0.6,0.333333333,0.285714286,1,1,0,0.951219512
1,0.273972603,0.167442993,0.866666667,0,0,0.5,0.5,0.8,0.333333333,0.285714286,0,1,1,0.951219512
0,0.068493151,0.170274302,0.6,0,0,0.275510204,0,1,0.666666667,0,0.2,1,0,0.951219512
0,0.068493151,0.040040186,0.733333333,0,0,0.244897959,0.5,0.466666667,0.666666667,0.857142857,0.6,1,0,0.951219512
0,0.054794521,0.195602507,0.6,0,0.367768595,0.214285714,0.5,1,0.666666667,0.857142857,0.6,1,0,0.951219512
1,0.123287671,0.104907264,0.6,0.03103031,0,0.397959184,0.5,1,0.333333333,0.928571429,0,1,1,0.951219512
0,0.452054795,0.215313423,0,0,0,0.397959184,0.5,0.866666667,0.333333333,0.571428571,0,1,1,0.634146341
0,0.082191781,0.347658335,0.8,0,0,0.397959184,0.5,0.6,0.666666667,0.071428571,0.8,0.5,0,0.951219512
0,0.260273973,0.188467068,0.4,0,0,0.397959184,0.5,0.066666667,0.5,0.214285714,0.2,0.5,1,0.951219512
0,0.246575342,0.011131069,0.8,0.04101041,0,0.397959184,0.875,0.6,0.666666667,0.071428571,0.2,1,0,0.951219512
0,0.397260274,0.083807417,0.666666667,0,0,0.397959184,0.5,0.533333333,0,0.857142857,0.8,1,0,0.951219512
1,0.301369863,0.106390234,0.6,0.051780518,0,0.397959184,0.75,1,0.333333333,0.214285714,0,1,1,0.951219512
0,0.356164384,0.088828001,0.333333333,0,0,0.397959184,0.5,0,0.333333333,0.428571429,0,0.5,1,0.951219512
0,0.232876712,0.068704397,0.6,0,0,0.448979592,0.5,1,0.333333333,0.214285714,0,1,1,0.951219512
0,0.438356164,0.223897329,0.866666667,0,0,0.806122449,0.25,0.8,0.666666667,0.714285714,0.2,1,0,0.951219512
0,0.328767123,0.068541352,0.6,0,0,0.153061224,0.5,1,0.333333333,0.357142857,0,1,1,0.951219512
0,0.602739726,0.084749157,0.2,0,0,0.397959184,0.5,0.333333333,0.333333333,0.214285714,0,1,1,0.951219512
1,0.301369863,0.131698819,0.8,0,0,0.397959184,0.5,0.6,0.333333333,0.714285714,0,1,1,0.951219512
0,0.01369863,0.299479405,0.6,0,0,0.397959184,0.75,1,0.666666667,0.071428571,0.6,1,0,0.951219512
0,0.109589041,0.069140764,0.6,0,0,0.5,0.5,1,0.333333333,0.285714286,0,1,1,0.951219512
0,0.534246575,0.068970276,0.333333333,0,0,0.244897959,0.25,0,1,0.571428571,0.8,1,0,0.951219512
0,0.178082192,0.222331821,0.6,0,0,0.397959184,0.5,1,0.333333333,0.5,0,1,1,0.951219512
1,0.232876712,0.115445009,0.533333333,0,0,0.428571429,0.5,0.733333333,0.333333333,0.214285714,0,1,1,0.951219512
0,0.205479452,0.117125528,0.533333333,0,0,0.397959184,0.5,0.733333333,0.666666667,0.071428571,0.2,1,0,0.951219512
1,0.342465753,0.118144393,0.866666667,0,0.554407713,0.551020408,0.5,0.8,0.333333333,0.285714286,0,1,1,0.951219512
0,0.301369863,0.229997666,0.733333333,0,0,0.397959184,0.5,0.466666667,0.333333333,0.071428571,0,1,1,0.951219512
0,0.315068493,0.222952883,0.533333333,0,0,0.448979592,0.5,0.733333333,0.666666667,0.285714286,0.2,1,0,0.951219512
1,0.534246575,0.111684815,0.6,0,0,0.5,0.75,1,0.333333333,0.785714286,0,1,1,0.951219512
0,0.191780822,0.185453094,0.533333333,0.033250333,0,0.397959184,0.5,0.733333333,0.666666667,0.285714286,0.2,1,1,0.951219512
0,0.520547945,0.11664654,0.533333333,0,0,0.397959184,0.75,0.733333333,0.333333333,0.857142857,0,1,1,0.951219512
1,0.369863014,0.103523068,0.6,0,0.340909091,0.397959184,0.25,1,0.333333333,0.285714286,0,1,1,0.951219512
0,0.095890411,0.152964418,0.8,0,0,0.367346939,0.25,0.6,0.666666667,0.714285714,0.6,1,0,0.951219512
0,0.068493151,0.248693776,0.6,0,0,0.397959184,0,1,0.666666667,0,0.6,1,0,0.951219512
0,0.191780822,0.073766926,0.533333333,0,0,0.397959184,0.5,0.733333333,0.333333333,0.357142857,0,1,1,0.951219512
0,0.301369863,0.109629494,0.6,0,0,0.397959184,0.75,1,0.333333333,0.214285714,0,1,1,0.951219512
0,0.383561644,0.119347277,0.533333333,0,0,0.397959184,0.75,0.733333333,0.333333333,0.285714286,0,1,1,0.951219512
0,0.150684932,0.097782649,0.533333333,0,0,0.357142857,0.5,0.733333333,0,0.428571429,0.8,1,0,0.951219512
0,0.232876712,0.11124033,0.533333333,0,0,0.397959184,0.5,0.733333333,0,0.571428571,0.6,1,1,0.951219512
0,0.301369863,0.035927516,0.6,0,0,0.397959184,0.875,1,0.333333333,0.071428571,0,1,1,0
0,0.452054795,0.080166293,0.533333333,0,0,0.397959184,0.5,0.733333333,0.333333333,0.428571429,0,0.5,1,0.951219512
1,0.178082192,0.052397817,0.666666667,0,0,0.397959184,0.5,0.533333333,0.333333333,0.714285714,0,1,1,0.951219512
0,0.342465753,0.110438633,0.533333333,0,0,0.397959184,0.5,0.733333333,0.333333333,0.5,0,1,1,0.951219512
0,0.02739726,0.13184901,0.533333333,0,0,0.295918367,0.5,0.733333333,0.833333333,0.071428571,0.8,1,0,0.951219512
0,0.698630137,0.112157038,0.266666667,0.01797018,0,0.234693878,0.5,0.4,0.333333333,0.214285714,0,1,1,0.951219512
0,0.246575342,0.06342064,0.533333333,0,0,0.653061224,0.5,0.733333333,0,0.357142857,0.2,1,1,0.951219512
0,0.04109589,0.08120816,0.533333333,0,0,0.448979592,0.75,0.733333333,0.666666667,1,0.6,1,1,0.951219512
0,0.123287671,0.13431093,0.6,0,0,0.428571429,0.5,1,0,0.214285714,0.2,1,1,0.951219512
0,0.369863014,0.128939223,0.6,0,0,0.244897959,0.25,1,0,0.714285714,0.8,1,0,0.951219512
0,0.123287671,0.128410848,0.533333333,0,0,0.397959184,0.5,0.733333333,0.333333333,0.071428571,1,1,0,0.951219512
0,0.082191781,0.235079138,0.533333333,0,0,0.397959184,0.5,0.733333333,0.666666667,0.214285714,0.6,0.25,1,0.731707317
0,0.534246575,0.029798764,0.533333333,0,0,0.316326531,0.5,0.733333333,0.666666667,0.5,0.2,1,1,0.951219512
0,0.328767123,0.125199325,0.533333333,0,0,0.540816327,0.5,0.733333333,0.666666667,0.214285714,0.2,1,1,0.951219512
0,0.136986301,0.104230726,0.533333333,0,0,0.5,0.5,0.733333333,0.666666667,0.857142857,0.2,1,1,0.951219512
0,0.438356164,0.155243672,0.533333333,0,0,0.397959184,0.75,0.733333333,0,0.571428571,0.8,1,0,0.951219512
1,0.191780822,0.150361778,0.8,0.07298073,0,0.5,0.5,0.6,0.333333333,0.714285714,0,1,1,0.951219512
0,0.068493151,0.12159541,0.533333333,0,0,0.397959184,0.5,0.733333333,0.666666667,0.714285714,0.2,1,1,0.951219512
0,0.465753425,0.084263403,0.733333333,0,0,0.295918367,0.75,0.466666667,0,1,0.8,0.5,0,0.951219512
0,0.191780822,0.213727619,0.533333333,0.023540235,0,0.397959184,0.5,0.733333333,0.666666667,0.928571429,0.2,1,0,0.951219512
0,0.191780822,0.067167981,0.8,0,0,0.397959184,0.625,0.6,0.333333333,0.285714286,0,1,1,0.951219512
0,0.369863014,0.102109782,0.466666667,0,0,0.397959184,0.5,0.133333333,0,0.5,0.8,1,0,0.951219512
0,0.205479452,0.112579874,0.8,0,0,0.448979592,0.5,0.6,0.666666667,0.285714286,0.6,1,0,0.951219512
0,0.287671233,0.089691939,0.533333333,0,0,0.653061224,0.5,0.733333333,0.333333333,0.214285714,0,1,1,0.951219512
0,0.369863014,0.142309631,0.133333333,0,0,0.397959184,0.5,0.266666667,0.333333333,0.5,0,0.5,1,0.951219512
0,0.273972603,0.067639527,0.533333333,0,0,0.397959184,0.5,0.733333333,0.333333333,1,0,1,1,0.951219512
0,0.273972603,0.199296401,0.533333333,0,0,0.37755102,0.5,0.733333333,0,0.214285714,0.8,1,1,0.951219512
0,0.383561644,0.013979291,0.8,0,0,0.602040816,0.75,0.6,0.333333333,0.357142857,0,1,1,0.951219512
0,0.04109589,0.067255931,0.6,0,0.394628099,0.275510204,0.5,1,0.666666667,0.071428571,0.6,1,0,0.951219512
1,0.657534247,0.134019342,0.8,1,0,0.653061224,0.625,0.6,0.333333333,0.285714286,0,1,1,0.951219512
0,0.164383562,0.123208952,0.866666667,0,0,0.418367347,0.5,0.8,0.666666667,0.285714286,0.2,0.25,0,0
0,0.808219178,0.152450249,0.2,0,0,0.091836735,0.75,0.333333333,0.333333333,0.214285714,0,1,1,0.951219512
0,0.438356164,0.161621389,0.2,0.024070241,0,0.5,0.5,0.333333333,0.333333333,1,0,1,1,0.951219512
0,0.04109589,0.098721006,0.6,0,0,0.295918367,0.5,1,0.666666667,0.857142857,0.2,1,1,0.951219512
0,0.301369863,0.024205153,0.6,0,0,0.602040816,0.75,1,0.333333333,0.357142857,0,1,1,0.951219512
0,0.109589041,0.12745693,0.6,0,0,0.397959184,0,1,0.666666667,0,0.6,1,1,0.951219512
0,0.575342466,0.027959259,0.866666667,0,0,0.346938776,0.25,0.8,0.833333333,0.714285714,0.6,0.5,0,0.951219512
0,0.136986301,0.011854287,0.533333333,0,0,0.397959184,0.5,0.733333333,0.833333333,0.428571429,0.8,1,0,0.585365854
0,0.205479452,0.206299239,0.866666667,0,0.365013774,0.397959184,0.5,0.8,0.666666667,0.714285714,0.2,1,0,0.951219512
0,0.506849315,0.238658021,0.6,0,0,0.397959184,0.25,1,0.666666667,0.714285714,0.2,1,0,0.634146341
0,0.04109589,0.015033336,0.6,0,0,0.193877551,0.5,1,0.666666667,0.857142857,0.2,1,0,0.951219512
0,0.136986301,0.127624035,0.6,0,0,0.214285714,0.5,1,0.666666667,0.857142857,0.6,1,1,0.951219512
0,0.205479452,0.039712742,0.533333333,0.040640406,0,0.397959184,0.75,0.733333333,0.333333333,0.357142857,0,1,1,0.951219512
0,0.054794521,0.196806067,0.6,0,0,0.397959184,0.5,1,0.666666667,0.428571429,0.6,0.25,1,0.731707317
1,0.383561644,0.009618331,0.8,0,0,0.724489796,0.5,0.6,0.333333333,0.214285714,0,1,1,0.951219512
0,0.123287671,0.140364586,0.533333333,0,0,0.153061224,0.25,0.733333333,0.666666667,0.571428571,0.4,1,1,0.951219512
0,0.054794521,0.114897691,0.6,0,0,0.142857143,0.5,1,0.666666667,0.571428571,0.6,1,1,0.951219512
0,0.260273973,0.115683827,0.533333333,0,0,0.37755102,0.875,0.733333333,0.333333333,0.071428571,0,1,1,0.951219512
1,0.260273973,0.116098544,0.533333333,0.086140861,0,0.448979592,0.5,0.733333333,0,1,0.2,1,1,0.951219512
0,0.520547945,0.139039926,0.6,0,0,0.244897959,0.5,1,0.333333333,0.071428571,0,0.5,1,0.951219512
0,0.260273973,0.159476766,0.533333333,0,0,0.448979592,0.5,0.733333333,0.333333333,0.071428571,0,1,1,0.951219512
0,0.465753425,0.218938986,0.6,0,0.383838384,0.551020408,0.625,1,0.333333333,0.214285714,0,1,1,0.951219512
1,0.452054795,0.012544355,0.8,0,0,0.448979592,0.5,0.6,0.333333333,0.857142857,0,1,1,0.951219512
0,0.04109589,0.318274965,0.533333333,0,0,0.234693878,0.5,0.733333333,0.666666667,0.071428571,0.4,1,1,0.951219512
0,0.602739726,0.093156486,0.533333333,0.024140241,0,0.040816327,0.5,0.733333333,0.333333333,0.071428571,1,1,0,0.951219512
0,0.095890411,0.065739811,0.8,0,0,0.244897959,0.5,0.6,0.666666667,0.857142857,0.6,1,1,0.951219512
0,0.068493151,0.101519841,0.6,0,0,0.214285714,0.5,1,0.666666667,0.071428571,0.4,0.5,1,0.951219512
1,0.506849315,0.33785125,1,0,0.453856749,0.428571429,0.5,0.666666667,0.333333333,0.285714286,0,1,1,0.951219512
0,0.301369863,0.072262984,0.666666667,0,0,0.397959184,0.5,0.533333333,0.333333333,0.285714286,0,1,1,0.951219512
0,0.767123288,0.172600237,0.533333333,0,0,0.142857143,0.5,0.733333333,1,0.857142857,0.4,1,0,0.951219512
0,0.424657534,0.176943607,0.133333333,0,0,0.397959184,0.5,0.266666667,0.666666667,0.428571429,0.2,1,1,0.634146341
0,0.493150685,0.149571583,0.6,0,0,0.397959184,0.5,1,1,0.285714286,0.8,1,0,0.951219512
0,0.369863014,0.14276494,0.866666667,0,0,0.479591837,0.5,0.8,0.833333333,0.857142857,0.8,1,0,0.951219512
0,0.191780822,0.225430362,0.333333333,0,0,0.397959184,0,0,0.333333333,0,0,1,1,0.951219512
1,0.232876712,0.055562659,0.533333333,0,0,0.397959184,0.5,0.733333333,0.333333333,1,0,1,1,0.951219512
0,0.424657534,0.01843226,0.533333333,0,0,0.397959184,0.5,0.733333333,0,0.071428571,0.2,1,0,0.951219512
1,0.109589041,0.106635817,0.666666667,0.278282783,0,0.397959184,0.5,0.533333333,0.666666667,0.857142857,0.2,1,1,0.951219512
0,0.082191781,0.207154382,0.533333333,0,0,0.397959184,0.5,0.733333333,0.666666667,0.857142857,0.6,1,1,0.951219512
0,0.410958904,0.076859378,0.533333333,0,0,0.397959184,0.5,0.733333333,0,0.428571429,0.2,1,1,0.951219512
0,0.136986301,0.133282593,0.533333333,0,0,0.316326531,0.5,0.733333333,0.666666667,0.857142857,0.4,0.5,0,0.146341463
0,0.315068493,0.113165755,0.8,0,0,0.397959184,0.5,0.6,0,0.285714286,0.2,1,1,0.951219512
0,0,0.117982701,0.4,0,0,0.112244898,0.5,0.066666667,0.666666667,0.428571429,0.6,1,1,0.951219512
0,0.246575342,0.135429246,0.533333333,0,0,0.397959184,0.5,0.733333333,0.666666667,0.571428571,0.2,1,1,0.951219512
1,0.506849315,0.061493186,1,0,0.436639118,0.5,0.875,0.666666667,0.333333333,0.285714286,0,1,1,0.951219512
1,0.205479452,0.079298295,0.6,0,0,0.551020408,0.75,1,0.333333333,0.214285714,0,1,1,0.951219512
0,0.04109589,0.073279819,0.533333333,0,0,0.397959184,0.5,0.733333333,0.666666667,1,0.6,0.5,1,0.951219512
0,0.301369863,0.09898215,0.6,0,0,0.397959184,0.5,1,0.666666667,0.857142857,0.6,1,1,0.951219512
0,0.657534247,0.166893645,0.6,0.00401004,0,0.132653061,0,1,1,0,0.2,1,0,0.951219512
0,0.178082192,0.207444617,0.8,0,0,0.551020408,0.5,0.6,0.666666667,0.571428571,0.6,0.5,1,0.951219512
0,0.123287671,0.082186433,0.533333333,0,0,0.704081633,0.5,0.733333333,0.333333333,0.357142857,0,1,1,0.951219512
0,0.383561644,0.120786948,0.533333333,0,0,0.306122449,0.5,0.733333333,0.333333333,0.571428571,0,1,1,0.951219512
0,0.068493151,0.159288012,0.6,0,0,0.397959184,0.5,1,0.666666667,0.071428571,0.6,1,0,0.951219512
0,0.082191781,0.087299026,0.6,0,0,0.397959184,0.5,1,0.666666667,0.571428571,0.6,1,1,0.951219512
0,0.438356164,0.126166773,0.8,0,0,0.346938776,0.5,0.6,0,0.857142857,0.4,1,0,0.951219512
0,0.369863014,0.16761957,0.533333333,0,0,0.397959184,0.5,0.733333333,0,1,0.2,1,1,0.951219512
1,0.369863014,0.070594643,0.8,0,0,0.346938776,0.5,0.6,0.333333333,0.285714286,0,1,1,0.951219512
1,0.246575342,0.036256313,0.666666667,0,0,0.418367347,0.5,0.533333333,0.333333333,0.214285714,0,1,1,0.951219512
0,0.260273973,0.066870981,0.6,0,0,0.448979592,0.5,1,0.333333333,0.214285714,0,1,1,0.951219512
1,0.397260274,0.124870528,0.866666667,0,0,0.346938776,0.5,0.8,0.333333333,0.714285714,0,1,1,0.951219512
0,0.082191781,0.08827527,0.6,0,0,0.193877551,0.5,1,0.666666667,0.071428571,0.2,1,1,0.951219512
0,0.01369863,0.093722072,0.466666667,0,0,0.448979592,0.5,0.133333333,0.666666667,0.785714286,0.6,1,0,0.951219512
1,0.342465753,0.094121905,0.866666667,0.140841408,0,0.5,0.5,0.8,0.666666667,0.285714286,0.2,1,0,0.951219512
0,0.02739726,0.134105939,0.6,0,0,0.295918367,0.5,1,0.666666667,0.071428571,0.6,1,0,0.951219512
0,0.616438356,0.061604814,0.533333333,0,0,0.397959184,0.25,0.733333333,0,0.214285714,0.2,1,1,0.951219512
0,0.191780822,0.17411974,0.8,0,0,0.479591837,0.5,0.6,0.666666667,0.857142857,0.2,1,1,0.951219512
1,0.547945205,0.068029213,0.6,0,0,0.5,0.5,1,0.333333333,0.857142857,0,1,1,0.951219512
0,0.02739726,0.083003691,0.6,0,0,0.193877551,0,1,0.666666667,0,0.6,1,0,0.951219512
1,0.315068493,0.084470423,0.533333333,0,0,0.397959184,0.5,0.733333333,0.333333333,0.857142857,0,1,1,0.951219512
0,0.02739726,0.27460042,0.533333333,0,0,0.316326531,0.5,0.733333333,0.666666667,0.285714286,0.2,0.5,1,0.951219512
0,0.630136986,0.109965057,0.533333333,0,0,0.397959184,0.5,0.733333333,0,0.571428571,0.2,1,0,0.951219512
0,0.109589041,0.122606157,0.8,0,0,0.346938776,0,0.6,0.666666667,0,0.6,1,0,0.195121951
1,0.191780822,0.132073621,1,0,0.453856749,0.704081633,0.875,0.666666667,0.333333333,0.714285714,0,1,1,0.951219512
0,0.315068493,0.013463093,0.533333333,0,0,0.43877551,0.5,0.733333333,0.666666667,0.428571429,0.6,1,1,0.951219512
0,0.547945205,0.065256086,0.533333333,0,0,0.397959184,0.5,0.733333333,0.333333333,0.285714286,1,1,0,0.951219512
0,0.082191781,0.025039324,0.6,0,0,0.397959184,0.25,1,0.5,0.714285714,0.6,0.5,1,0.951219512
0,0.246575342,0.148090642,0.533333333,0,0,0.448979592,0.25,0.733333333,0.333333333,1,0,1,1,0.951219512
1,0.397260274,0.209374101,0.933333333,0,0,0.5,0.625,0.933333333,0.333333333,0.714285714,0,1,1,0.951219512
0,0.328767123,0.145759295,0.533333333,0.034640346,0,0.397959184,0.875,0.733333333,0.333333333,0.071428571,0,1,1,0.951219512
0,0.164383562,0.093161222,0.6,0,0,0.397959184,0.25,1,0,0.071428571,0.8,1,0,0.951219512
0,0.383561644,0.102782936,0.6,0,0,0.397959184,0.5,1,0,0.285714286,0.2,1,0,0.951219512
0,0.178082192,0.155910738,0.8,0,0,0.397959184,0.5,0.6,0,0.857142857,0.6,1,0,0.951219512
0,0.02739726,0.138780136,0.6,0,0,0.37755102,0.5,1,0.666666667,0.071428571,0.4,0.5,0,0.951219512
0,0.054794521,0.136628747,0.533333333,0,0,0.397959184,0,0.733333333,0.5,0,0.6,1,0,0.951219512
0,0.410958904,0.064038996,0.2,0,0,0.37755102,0.5,0.333333333,0.833333333,0.571428571,0.2,1,0,0.951219512
1,0.479452055,0.220910416,0.866666667,0,0,0.704081633,0.875,0.8,0.666666667,0.071428571,0.2,1,1,0.951219512
1,0.205479452,0.157213749,0.533333333,0.051780518,0,0.448979592,0.625,0.733333333,0.333333333,0.214285714,0,1,1,0.951219512
0,0.315068493,0.011935472,0.533333333,0,0,0.448979592,0.5,0.733333333,0,0.071428571,0.8,1,0,0.219512195
1,0.383561644,0.086839657,0.8,0,0,0.397959184,0.25,0.6,0,0.785714286,0.2,1,1,0.951219512
0,0.109589041,0.087673151,0.533333333,0,0,0.448979592,0.5,0.733333333,0.5,0.285714286,0.2,1,1,0.951219512
0,0.383561644,0.151112058,0.6,0,0,0.448979592,0.5,1,0.666666667,0.285714286,0.2,1,1,0.951219512
1,0.479452055,0.042282908,0.866666667,0,0,0.397959184,0.25,0.8,0.333333333,0.714285714,1,1,0,0.951219512
0,0.383561644,0.116039009,0.6,0,0,0.397959184,0.125,1,0.666666667,0.071428571,0.6,1,1,0.951219512
0,0.410958904,0.049009042,0.6,0,0,0.397959184,0.5,1,0.333333333,0.5,0,1,1,0.951219512
0,0.328767123,0.209414694,0.533333333,0,0,0.071428571,0.5,0.733333333,0.333333333,0.214285714,0,1,1,0.951219512
1,0.260273973,0.08392987,0.8,0,0,0.397959184,0.5,0.6,0.333333333,0.714285714,0,1,1,0.951219512
0,0.315068493,0.136072633,0.133333333,0,0,0.091836735,0.75,0.266666667,0.333333333,0.357142857,0,1,1,0.634146341
0,0.671232877,0.064210836,0.533333333,0,0,0.173469388,0.5,0.733333333,1,0.928571429,0.2,1,0,0.951219512
1,0.684931507,0.14834705,0.933333333,0.200512005,0,0.479591837,0.5,0.933333333,0.333333333,0.714285714,0,1,1,0.951219512
0,0.082191781,0.085397956,0.533333333,0,0,0.397959184,0.5,0.733333333,0.666666667,0.428571429,0.2,1,1,0.951219512
1,0.342465753,0.179262777,0.8,0,0,0.397959184,0.25,0.6,0.333333333,0.714285714,0,1,1,0.951219512
0,0,0.09118641,0.333333333,0,0,0.153061224,0.5,0,0.666666667,0.857142857,0.6,1,0,0.951219512
0,0.232876712,0.098410476,0.533333333,0,0,0.448979592,0.5,0.733333333,0.333333333,1,0,1,1,0.951219512
0,0.410958904,0.041342521,0.6,0,0,0.5,0.5,1,0.333333333,0.285714286,1,1,0,0.951219512
0,0.054794521,0.268548117,0.6,0,0,0.295918367,0.75,1,0.666666667,0.071428571,0.6,1,1,0.951219512
1,0.506849315,0.107080302,0.6,0,0,0.479591837,0.5,1,0.333333333,0.285714286,0,1,1,0.951219512
0,0.109589041,0.112435771,0.8,0,0,0.397959184,0.5,0.6,0.666666667,0.928571429,0.6,1,0,0.951219512
0,0.479452055,0.117708703,0.533333333,0,0,0.397959184,0.5,0.733333333,0,0.857142857,0.2,1,1,0.951219512
0,0.178082192,0.120067789,0.8,0.048650487,0,0.397959184,0.5,0.6,0.666666667,1,0.2,1,1,0.951219512
0,0.054794521,0.20741282,0.6,0,0,0.295918367,0.75,1,0.666666667,0.571428571,0.6,1,1,0.951219512
0,0.575342466,0.059648945,0.2,0,0,0.37755102,0.5,0.333333333,0.833333333,0.571428571,0.6,0.5,0,0.951219512
1,0.657534247,0.142948959,0.6,0.065140651,0,0.397959184,0.75,1,0.333333333,0.5,0,1,1,0.951219512
1,0.342465753,0.100184356,0.533333333,0,0,0.397959184,0.875,0.733333333,0.666666667,0.785714286,0.2,1,1,0.951219512
0,0.342465753,0.148518891,0.4,0,0,0.397959184,0.5,0.066666667,0.333333333,1,0,1,1,0.951219512
0,0.136986301,0.11622438,0.666666667,0,0,0.397959184,0.5,0.533333333,0,0.071428571,0.8,1,0,0.951219512
0,0.02739726,0.159875923,0.333333333,0.34095341,0,0.234693878,0.5,0,0.666666667,0.571428571,0.4,1,0,0.951219512
0,0.246575342,0.067466334,0.6,0,0,0.397959184,0.125,1,0.333333333,0.928571429,0,1,1,0.268292683
0,0.109589041,0.121801078,0.8,0,0,0.397959184,0.25,0.6,0.666666667,0.714285714,0.6,1,0,0.951219512
0,0.369863014,0.100572689,0.533333333,0,0,0.397959184,0.25,0.733333333,0.333333333,1,0,0.5,1,0.951219512
0,0.136986301,0.265806111,0.533333333,0,0,0.346938776,0.5,0.733333333,0.666666667,0.071428571,0.6,1,0,0.951219512
1,0.424657534,0.019767745,0.533333333,0,0,0.397959184,0.5,0.733333333,0.333333333,1,0,1,1,0.951219512
1,0.397260274,0.122110932,0.733333333,0,0.518365473,0.37755102,0.875,0.466666667,0,0.071428571,0.8,1,1,0.951219512
0,0.767123288,0.126564577,0.533333333,0,0,0.295918367,0.5,0.733333333,0.333333333,0.571428571,0,1,1,0.951219512
1,0.424657534,0.224675347,0.8,0,0,0.418367347,0.5,0.6,0.333333333,0.714285714,0,0.25,1,0.951219512
0,0.123287671,0.06617753,0.533333333,0,0.404499541,0.397959184,0.5,0.733333333,0.666666667,0.571428571,0.2,1,0,0.951219512
0,0.273972603,0.104223284,0.6,0,0,0.397959184,0.5,1,0,0.928571429,0.8,1,0,0.951219512
0,0.178082192,0.021739851,0.6,0,0,0.397959184,0.5,1,0.666666667,0.928571429,0.8,1,0,0.951219512
0,0.493150685,0.062001942,0.6,0,0,0.397959184,0.5,1,0.333333333,0.714285714,0,1,1,0.951219512
0,0.054794521,0.05745764,0.533333333,0,0,0.346938776,0.5,0.733333333,0.666666667,0.071428571,0.6,1,0,0.951219512
0,0.328767123,0.163366179,0.533333333,0,0,0.397959184,0.5,0.733333333,0.666666667,0.857142857,0.8,0.5,0,0.951219512
0,0.643835616,0.089374643,0.866666667,0,0,0.397959184,0.75,0.8,0.333333333,0.357142857,0,1,1,0.951219512
0,0.04109589,0.157038525,0.533333333,0,0,0.397959184,0.5,0.733333333,0.666666667,0.071428571,0.6,0.5,0,0.951219512
1,0.150684932,0.065431986,0.866666667,0,0,0.37755102,0.5,0.8,0.333333333,0.714285714,0,1,1,0.951219512
0,0.068493151,0.151252101,0.266666667,0,0,0.397959184,0.5,0.4,0.666666667,0.857142857,0.2,1,1,0.951219512
1,0.150684932,0.065232407,0.533333333,0,0,0.397959184,0.5,0.733333333,0.333333333,0.928571429,1,1,0,0.951219512
0,0.684931507,0.238531508,0.533333333,0,0,0.295918367,0.75,0.733333333,1,0.571428571,0.2,1,0,0.951219512
0,0.01369863,0.120986527,0.4,0,0,0.193877551,0.875,0.066666667,0.666666667,0.571428571,0.6,1,1,0.951219512
0,0.164383562,0.031281057,0.533333333,0,0,0.397959184,0.5,0.733333333,0.333333333,0.214285714,0,1,1,0.951219512
1,0.219178082,0.151360347,0.733333333,0,0,0.551020408,0.5,0.466666667,0.333333333,0.285714286,1,1,0,0.951219512
0,0.315068493,0.094092814,0.533333333,0,0,0.397959184,0.5,0.733333333,0,0.214285714,0.2,1,0,0.951219512
0,0,0.082905593,0.4,0.021760218,0,0.193877551,0.5,0.066666667,0.666666667,0.571428571,0.6,1,1,0.951219512
1,0.287671233,0.227934227,0.733333333,0,0,0.204081633,0.5,0.466666667,0.333333333,0.928571429,0,1,1,0.951219512
1,0.506849315,0.090683066,0.8,0,0,0.397959184,0.5,0.6,0.333333333,0.071428571,0,1,1,0.951219512
0,0.506849315,0.294476411,0.333333333,0,0,0.397959184,0.5,0,0.333333333,1,0,0.5,1,0.951219512
0,0.287671233,0.130154284,0.666666667,0,0,0.244897959,0,0.533333333,0.833333333,0,0.8,1,0,0.951219512
1,0.301369863,0.05876471,0.8,0,0.433195592,0.602040816,0.125,0.6,0.333333333,0.785714286,0,1,1,0.951219512
0,0.109589041,0.150448375,0.666666667,0,0,0.448979592,0.5,0.533333333,0.333333333,0.214285714,0,1,1,0.951219512
1,0.246575342,0.16967286,0.533333333,0,0,0.602040816,0.5,0.733333333,0.333333333,0.214285714,0,0.5,1,0.951219512
0,0.219178082,0.1454535,0.533333333,0,0,0.602040816,0.5,0.733333333,0.333333333,1,0,1,1,0.951219512
1,0.520547945,0.076255907,0.933333333,0,0,0.602040816,0.5,0.933333333,0.333333333,0.285714286,0,1,1,0.951219512
0,0.246575342,0.117855512,0.266666667,0,0,0.459183673,0.5,0.4,0.333333333,0.428571429,0,1,1,0.951219512
0,0.712328767,0.103328902,0.533333333,0.025380254,0,0.397959184,0.5,0.733333333,1,0.5,0.8,1,1,0.951219512
0,0.301369863,0.139793588,0.933333333,0,0,0.5,0.5,0.933333333,0,0.285714286,0.2,1,1,0.951219512
0,0.178082192,0.134457062,0.533333333,0,0,0.448979592,0.5,0.733333333,0.666666667,0.071428571,0.2,1,0,0.951219512
0,0.01369863,0.093722072,0.533333333,0,0,0.193877551,0.5,0.733333333,0.666666667,0.857142857,0.6,1,0,0.951219512
0,0.671232877,0.150501145,0.6,0,0,0.234693878,0.5,1,0.333333333,0.285714286,0,1,1,0.951219512
0,0.356164384,0.277100226,0.8,0.068490685,0,0.5,0.125,0.6,0.666666667,0.071428571,0.2,0.5,1,0.951219512
0,0.04109589,0.061106206,0.533333333,0,0,0.295918367,0.5,0.733333333,0.666666667,0.428571429,0.6,1,1,0.951219512
1,0.342465753,0.076047534,0.866666667,0,0,0.397959184,0.5,0.8,0.333333333,0.285714286,0,1,1,0.951219512
0,0.246575342,0.153104461,0.6,0,0,0.397959184,0.875,1,0.833333333,1,0.2,0.5,1,0.951219512
0,0.01369863,0.086117115,0.533333333,0,0,0.397959184,0.5,0.733333333,0.666666667,0.071428571,0.6,1,0,0.951219512
1,0.438356164,0.086962787,0.866666667,1,0,0.5,0.5,0.8,0.333333333,0.285714286,0,0.25,1,0
1,0.205479452,0.10743819,0.533333333,0,0,0.5,0.5,0.733333333,0.333333333,1,0,1,1,0.951219512
0,0.328767123,0.030015256,0.466666667,0,0,0.397959184,0.5,0.133333333,0.333333333,0.214285714,0,1,1,0.951219512
0,0.205479452,0.263900982,0.533333333,0,0,0.397959184,0.125,0.733333333,0.666666667,0.071428571,0.2,1,1,0.951219512
0,0.054794521,0.070409271,0.533333333,0,0,0.397959184,0.5,0.733333333,0.666666667,0.571428571,0.6,0.25,1,0.731707317
0,0.246575342,0.088472818,0.8,0,0,0.602040816,0.5,0.6,0.333333333,0.714285714,0,1,1,0.951219512
0,0.04109589,0.038112731,0.6,0,0,0.397959184,0,1,0.666666667,0,0.6,1,1,0.951219512
1,0.205479452,0.130204348,0.8,0,0,0.397959184,0.5,0.6,0.333333333,0.714285714,0,1,1,0.951219512
0,0.315068493,0.066603072,0.533333333,0,0,0.5,0.5,0.733333333,0.666666667,0.071428571,0.6,1,0,0.951219512
1,0.342465753,0.014879086,0.6,0,0,0.5,0.5,1,0.333333333,0.857142857,0,1,1,0.951219512
1,0.479452055,0.071299594,0.533333333,0,0,0.551020408,0.5,0.733333333,0.333333333,0.285714286,0,1,1,0.951219512
0,0.068493151,0.028600616,0.533333333,0,0,0.602040816,0.5,0.733333333,0.333333333,1,0,1,1,0.951219512
0,0.123287671,0.057072691,1,0,0,0.193877551,0.5,0.666666667,0.666666667,0.214285714,0.4,0.5,1,0.951219512
1,0.424657534,0.23051454,0.533333333,0,0.436639118,0.397959184,0.75,0.733333333,0.333333333,0.214285714,0,1,1,0.951219512
1,0.287671233,0.171867548,0.8,0,0,0.316326531,0.5,0.6,0.333333333,0.714285714,1,1,0,0.951219512
0,0.643835616,0.089233246,0.533333333,0,0,0.224489796,0.5,0.733333333,1,0.714285714,0.2,1,0,0.951219512
0,0.205479452,0.107978067,0.533333333,0,0,0.683673469,0.5,0.733333333,0,0.071428571,0.2,1,0,0.951219512
0,0.054794521,0.024244392,0.6,0,0.367768595,0.091836735,0.875,1,0.666666667,0.285714286,0.6,1,1,0.951219512
0,0.150684932,0.122847681,0.8,0,0,0.5,0.5,0.6,0.666666667,0.928571429,0.6,1,1,0.951219512
0,0.068493151,0.074410313,0.533333333,0,0,0.397959184,0.5,0.733333333,0.666666667,0.071428571,0.6,1,0,0.951219512
0,0.01369863,0.042117156,0.333333333,0,0,0.193877551,0.5,0,0.666666667,0.857142857,0.2,1,1,0.951219512
0,0.342465753,0.124168958,0.533333333,0,0,0.397959184,0.5,0.733333333,0.833333333,0.857142857,0.8,1,0,0.951219512
0,0.246575342,0.11709576,0.8,0,0,0.5,0.5,0.6,0.666666667,0.857142857,0.2,1,1,0.951219512
0,0.547945205,0.018330779,0.533333333,0,0,0.346938776,0.875,0.733333333,0.833333333,0.571428571,0.2,1,0,0.951219512
0,0.04109589,0.055786593,0.533333333,0,0,0.193877551,0.5,0.733333333,0.666666667,0.071428571,0.6,0.5,0,0.951219512
0,0.328767123,0.211670946,0.8,0,0,0.5,0.5,0.6,0.333333333,0.071428571,0,1,1,0.951219512
0,0.260273973,0.206178139,0.666666667,0,0,0.540816327,0.5,0.533333333,0,0.071428571,0.8,0.5,0,0.951219512
0,0.602739726,0.08377156,0.4,0,0,0.448979592,0.5,0.066666667,1,0.071428571,0.2,1,0,0.951219512
0,0,0.226614979,0.333333333,0,0,0.193877551,0,0,0.666666667,0,0.6,1,0,0.951219512
1,0.616438356,0.096725221,0.533333333,0,0,0.448979592,0.5,0.733333333,0.333333333,0.285714286,0,1,1,0.951219512
1,0.260273973,0.050415563,0.6,0.07298073,0,0.387755102,0.875,1,0.333333333,0.285714286,1,1,0,0.951219512
0,0.191780822,0.116378631,0.666666667,0,0.454545455,0.602040816,0.5,0.533333333,0.666666667,1,0.6,1,1,0.951219512
0,0.232876712,0.036599994,0.6,0,0,0.346938776,0.5,1,0.666666667,0.714285714,0.6,1,1,0.951219512
0,0.260273973,0.132454511,0,0,0,0.724489796,0.5,0.866666667,0,0.571428571,0.2,0.75,1,0.634146341
0,0.095890411,0.269906604,0.6,0,0,0.397959184,0.5,1,0.333333333,0.071428571,1,0.5,0,0.951219512
1,0.493150685,0.22628077,0.6,0,0,0.397959184,0.5,1,0.333333333,0.285714286,1,1,0,0.951219512
0,0.534246575,0.087131921,0.533333333,0.036740367,0,0.397959184,0,0.733333333,0,0,0.2,0.5,0,0.951219512
0,0.02739726,0.131646726,0.666666667,0,0,0.397959184,0.5,0.533333333,0.666666667,0.071428571,0.6,0.5,0,0.951219512
1,0.205479452,0.096017563,0.866666667,0,0.436639118,0.448979592,0.5,0.8,0.333333333,0.714285714,0,0.75,1,0.585365854
1,0.205479452,0.105340248,0.866666667,0.140841408,0,0.397959184,0.5,0.8,0.666666667,0.285714286,0.2,1,1,0.951219512
0,0.506849315,0.118122744,0.6,0,0,0.295918367,0.25,1,0.333333333,1,0,0.5,1,0.951219512
0,0.739726027,0.022674826,0.533333333,0,0,0.704081633,0,0.733333333,0.333333333,0,0,1,1,0.951219512
0,0.383561644,0.076859378,0.533333333,0,0,0.5,0.75,0.733333333,0.333333333,0.285714286,0,1,1,0.951219512
1,0.493150685,0.084744421,0.933333333,0.278282783,0,0.397959184,0.75,0.933333333,0.666666667,0.714285714,0.2,0.25,1,0.731707317
0,0.616438356,0.073765573,0.533333333,0,0,0.397959184,0,0.733333333,0.666666667,0,0.2,1,1,0.951219512
0,0.054794521,0.156813915,0.533333333,0,0,0.214285714,0.25,0.733333333,0.666666667,0.571428571,0.2,1,0,0.951219512
0,0.191780822,0.250374971,0.4,0,0,0.397959184,0.5,0.066666667,0.333333333,0.214285714,0,1,1,0.951219512
0,0.383561644,0.127241791,0.666666667,0,0,0.43877551,0.5,0.533333333,0,0.285714286,0.2,1,0,0.951219512
1,0.219178082,0.099384689,0.6,0,0,0.540816327,0.5,1,0.333333333,0.5,0,1,1,0.951219512
0,0.452054795,0.12442063,0.866666667,0,0,0.602040816,0.5,0.8,0.5,0.714285714,0.4,1,1,0
0,0.657534247,0.123997794,0.6,0,0,0.193877551,0.5,1,1,0.5,0.2,1,0,0.951219512
0,0.273972603,0.257811469,0.6,0,0,0.295918367,0.5,1,0.666666667,0.785714286,0.6,0.5,1,0.951219512
0,0.02739726,0.058180859,0.6,0,0,0.316326531,0,1,0.666666667,0,0.6,0.25,1,0.951219512
0,0.164383562,0.01735183,0.466666667,0,0,0.397959184,0.5,0.133333333,0.5,0.571428571,0.2,0.5,0,0.951219512
0,0.01369863,0.154425062,0.4,0,0,0.193877551,0.5,0.066666667,0.666666667,0.571428571,0.6,1,0,0.951219512
0,0.342465753,0.096996512,0.533333333,0,0,0.244897959,0.875,0.733333333,0,0.071428571,0.2,0.5,0,0.951219512
0,0.178082192,0.042816696,0.8,0,0,0.448979592,0.5,0.6,0.666666667,0.285714286,0.2,1,0,0.268292683
0,0.109589041,0.245505255,0.6,0,0,0.346938776,0.25,1,0.666666667,0.071428571,0.6,0.5,0,0.951219512
0,0.356164384,0.118194457,0.533333333,0,0,0.367346939,0.875,0.733333333,0.333333333,0.214285714,0,1,1,0.951219512
0,0.082191781,0.01048024,0.533333333,0,0,0.397959184,0.5,0.733333333,0.333333333,0.571428571,0,1,1,0.951219512
0,0.479452055,0.023342568,0.8,0,0,0.244897959,0.5,0.6,0,0.214285714,0.8,1,1,0.951219512
0,0.136986301,0.189835026,0.533333333,0,0,0.397959184,0.5,0.733333333,0.333333333,0.5,0,0.5,1,0.951219512
0,0.273972603,0.120010283,0.8,0,0,0.397959184,0.5,0.6,0.833333333,0.285714286,0.8,0.5,0,0.951219512
0,0.534246575,0.233292403,0.8,0,0,0.602040816,0.75,0.6,0.666666667,0.285714286,0.2,1,0,0.951219512
0,0.232876712,0.119375691,0.533333333,0,0,0.193877551,0.5,0.733333333,0.333333333,0.5,0.4,0.75,0,0.097560976
0,0.068493151,0.066358842,0.533333333,0,0,0.5,0.5,0.733333333,0.333333333,0.571428571,0.6,1,1,0.951219512
0,0.794520548,0.118488074,0.533333333,0,0,0.193877551,0.5,0.733333333,0.333333333,0.214285714,0,1,1,0.951219512
0,0.410958904,0.031225581,0.666666667,0,0,0.448979592,0,0.533333333,0.333333333,0,0,1,1,0.951219512
0,0.150684932,0.103337697,0.6,0,0,0.5,0.5,1,0.666666667,0.285714286,0.2,1,0,0.951219512
0,0.287671233,0.052037223,0.533333333,0,0,0.397959184,0.5,0.733333333,0,0.214285714,0.2,1,1,0.951219512
0,0.164383562,0.175345626,0.666666667,0,0,0.428571429,0.5,0.533333333,0.666666667,0.714285714,0.2,1,1,0.951219512
0,0.273972603,0.069686053,0.6,0,0,0.397959184,0.5,1,0.333333333,0.285714286,0,1,1,0.951219512
0,0.643835616,0.131859158,0.8,0,0,0.397959184,0.5,0.6,0,0.285714286,0.2,1,0,0.951219512
1,0.260273973,0.131407908,0.8,0,0,0.602040816,0.5,0.6,0.333333333,0.857142857,0,1,1,0.951219512
0,0.424657534,0.1607791,0.533333333,0,0,0.43877551,0.5,0.733333333,0.333333333,1,0,1,1,0.951219512
0,0.150684932,0.169628209,0.333333333,0,0,0.397959184,0.5,0,0.333333333,0.214285714,0,1,1,0.951219512
1,0.273972603,0.032769439,0.6,0,0,0.397959184,0.5,1,0,0.285714286,0.2,0.25,0,0.585365854
0,0.260273973,0.117421851,0.533333333,0,0,0.397959184,0.5,0.733333333,0.666666667,0.214285714,0.6,1,1,0.951219512
0,0.123287671,0.188957557,0.8,0,0,0.193877551,0.5,0.6,0.666666667,1,0.6,1,1,0.951219512
0,0.315068493,0.061885577,0.533333333,0,0,0.397959184,0.5,0.733333333,0,0.214285714,0.2,1,1,0.951219512
0,0.164383562,0.052230036,0.533333333,0,0,0.397959184,0.875,0.733333333,0.333333333,0.214285714,0,1,1,0.951219512
0,0.534246575,0.271351011,0.2,0,0,0.357142857,0.5,0.333333333,0.333333333,1,0,1,1,0.951219512
0,0.383561644,0.117245952,0.8,0,0,0.397959184,0.25,0.6,0,0.714285714,0.8,1,0,0.951219512
0,0.136986301,0.065381246,0.6,0,0,0.040816327,0,1,0.333333333,0,0,0.5,1,0.951219512
0,0.356164384,0.042723333,0.533333333,0,0,0.295918367,0.75,0.733333333,0,0.214285714,0.8,0,1,0.951219512
0,0.04109589,0.15127984,0.6,0,0,0.397959184,0.25,1,0.666666667,0.357142857,0.6,1,1,0.951219512
1,0.287671233,0.064849487,0.866666667,0.07298073,0,0.5,0.5,0.8,0.333333333,0.714285714,0,1,1,0.951219512
0,0.04109589,0.131509389,0.6,0.010550106,0,0.5,0,1,0.666666667,0,0.6,1,1,0.951219512
1,0.164383562,0.092107854,0.733333333,0.076880769,0,0.448979592,0.5,0.466666667,0.333333333,0.857142857,1,0.75,0,0.951219512
1,0.493150685,0.087310527,0.533333333,0,0,0.397959184,0.125,0.733333333,0.333333333,1,0,1,1,0.951219512
0,0.246575342,0.11828173,0.6,0,0,0.704081633,0.5,1,0,0.285714286,0.2,1,0,0.951219512
1,0.287671233,0.137427737,0.533333333,0,0,0.357142857,0.5,0.733333333,0.333333333,0.071428571,1,1,0,0.951219512
0,0.178082192,0.098865785,0.8,0,0,0.5,0.5,0.6,0.666666667,0.714285714,0.2,1,1,0.487804878
0,0.397260274,0.065227672,0.6,0,0,0.397959184,0.5,1,0,0.857142857,0.2,1,0,0.951219512
0,0.054794521,0.107008589,0.6,0,0,0.346938776,0.5,1,0.666666667,0.571428571,0.6,1,1,0.536585366
0,0.178082192,0.215488646,0.533333333,0,0,0.397959184,0.5,0.733333333,0.666666667,0.071428571,0.6,1,0,0.951219512
0,0.123287671,0.13596574,0.533333333,0,0,0.397959184,0.5,0.733333333,0.333333333,0.214285714,0,1,1,0.951219512
0,0.712328767,0.117315635,0.4,0,0,0.193877551,0.5,0.066666667,0.333333333,0.071428571,0,1,1,0.951219512
0,0.287671233,0.125213532,0.533333333,0,0,0.5,0.75,0.733333333,0.333333333,0.928571429,0,1,1,0.951219512
0,0.109589041,0.198336395,0.6,0,0,0.397959184,0.75,1,0.666666667,0.5,0.6,1,1,0.951219512
0,0.438356164,0.200225287,0.533333333,0,0,0.602040816,0.75,0.733333333,0.333333333,0.857142857,1,1,0,0.951219512
0,0.643835616,0.024970317,0.4,0,0,0.295918367,0,0.066666667,0.333333333,0,0,1,1,0.951219512
0,0.095890411,0.06438403,0.6,0,0,0.397959184,0.75,1,0.333333333,0.857142857,0,1,1,0.951219512
0,0.219178082,0.041471739,0.4,0,0,0.5,0.75,0.066666667,0.333333333,0.214285714,0,1,1,0.951219512
1,0.780821918,0.147970219,0.533333333,0,0,0.295918367,0.625,0.733333333,0.333333333,0.285714286,0,1,1,0.951219512
0,0.328767123,0.208684033,0.533333333,0.033250333,0,0.5,0.5,0.733333333,0.666666667,0.214285714,0.2,1,1,0.951219512
1,0.342465753,0.029143876,0.866666667,0,0,0.551020408,0.25,0.8,0.333333333,0.714285714,0,1,1,0.951219512
0,0.01369863,0.216815336,0.533333333,0,0,0.397959184,0.5,0.733333333,0.666666667,0.285714286,0.4,1,0,0.951219512
0,0.369863014,0.137460888,0.8,0,0,0.06122449,0.5,0.6,0.833333333,0.5,0.8,0.5,0,0.951219512
0,0.616438356,0.075316873,0.8,0,0,0.030612245,0,0.6,0.333333333,0,0,1,1,0.951219512
0,0.136986301,0.180264053,0.133333333,0,0,0.397959184,0.5,0.266666667,0.333333333,0.214285714,0,1,1,0.634146341
0,0.630136986,0.11882296,0.866666667,0.050130501,0,0.448979592,0.5,0.8,0.333333333,0.714285714,0,1,1,0.951219512
0,0.191780822,0.272929373,0.333333333,0,0,0.397959184,0.5,0,0.833333333,0.571428571,0.8,1,0,0.951219512
0,0.520547945,0.093512345,0.6,0,0,0.397959184,0.5,1,0.333333333,0.071428571,0,1,1,0.951219512
0,0.397260274,0.163777514,0.533333333,0,0.365013774,0.479591837,0.5,0.733333333,0.666666667,1,0.2,1,1,0.951219512
0,0.04109589,0.092015168,0.6,0,0,0.397959184,0.5,1,0.666666667,0.571428571,0.6,1,1,0.951219512
0,0.315068493,0.123180537,0.266666667,0,0,0.397959184,0.5,0.4,0.333333333,0.428571429,0,1,1,0.951219512
0,0.01369863,0.247444211,0.466666667,0,0,0.091836735,0.625,0.133333333,0.666666667,0.357142857,0.6,1,1,0.951219512
0,0.465753425,0.113112985,0.533333333,0.033250333,0,0.397959184,0.5,0.733333333,1,0.285714286,0.2,1,0,1
0,0.02739726,0.206868884,0.6,0,0,0.806122449,0.5,1,0.666666667,0.5,0.2,1,0,0.951219512
0,0.356164384,0.14940989,0.6,0,0,0.244897959,0.5,1,0.666666667,0.071428571,0.2,1,1,0.951219512
0,0.643835616,0.106349641,0.6,0,0,0.397959184,0.5,1,0.5,0.285714286,0.8,1,0,0.951219512
1,0.273972603,0.239124831,0.733333333,0,0,0.397959184,0.5,0.466666667,0.333333333,0.928571429,0,1,1,0.951219512
0,0.054794521,0.054537705,0.533333333,0,0,0.397959184,0.5,0.733333333,0.666666667,0.071428571,0.6,1,0,0.951219512
0,0.534246575,0.013190449,0.333333333,0,0,0.397959184,0.5,0,0.333333333,0.857142857,0,1,1,0.951219512
1,0.342465753,0.107187871,0.533333333,0.051780518,0,0.5,0.625,0.733333333,0.333333333,0.285714286,0,1,1,0.951219512
0,0.01369863,0.16072633,0.6,0,0,0.193877551,0.5,1,0.666666667,0.571428571,0.6,1,1,0.951219512
0,0.01369863,0.099279826,0.2,0,0,0.397959184,0.25,0.333333333,0.666666667,0.357142857,0.6,1,1,0.951219512
0,0.136986301,0.130506084,0.333333333,0,0,0.397959184,0.5,0,0.333333333,0.5,0,1,1,0.951219512
0,0.424657534,0.070147451,0.533333333,0,0,0.5,0.75,0.733333333,0.333333333,0.857142857,0,1,1,0.951219512
0,0.068493151,0.113506053,0.533333333,0,0,0.397959184,0.5,0.733333333,0.666666667,0.285714286,0.2,1,1,1
0,0.616438356,0.143877844,0.333333333,0,0,0.397959184,0.5,0,0.333333333,0.5,0,0.5,1,0.951219512
0,0.383561644,0.147954658,0.6,0,0,0.397959184,0.5,1,0.5,0.071428571,0.2,1,0,0.951219512
1,0.232876712,0.126684324,0.666666667,0,0,0.479591837,0.5,0.533333333,0.333333333,0.214285714,0,1,1,0.951219512
0,0.273972603,0.180193693,0.266666667,0,0,0.397959184,0.5,0.4,0.333333333,1,0,1,1,0.951219512
0,0.534246575,0.027513421,1,0,0.383149679,0.37755102,0.25,0.666666667,0,0.714285714,0.2,1,0,0.951219512
1,0.232876712,0.111996022,0.533333333,0,0,0.5,0.625,0.733333333,0,0.857142857,0.8,1,1,0.951219512
1,0.479452055,0.088269181,0.533333333,0,0,0.397959184,0.875,0.733333333,0.333333333,0.785714286,0,0.5,1,0.951219512
0,0.506849315,0.10614668,0.533333333,0,0,0.37755102,0.5,0.733333333,0.833333333,0.071428571,0.8,1,0,0.804878049
0,0,0.018952517,0.4,0,0,0.244897959,0.5,0.066666667,0.666666667,0.857142857,0.6,1,0,0.951219512
0,0.287671233,0.049359488,0.8,0,0,0.397959184,0.5,0.6,0.833333333,0.214285714,0.2,1,1,0.951219512
1,0.493150685,0.056678269,0.666666667,0,0,0.397959184,0.5,0.533333333,0.333333333,0.214285714,0,1,1,0.951219512
0,0.602739726,0.07995386,0.533333333,0,0,0.397959184,0.875,0.733333333,1,0.071428571,0.8,0,0,0.951219512
0,0.863013699,0.005287816,0.533333333,0,0,0.316326531,0.25,0.733333333,1,0.571428571,0.8,0,0,0.951219512
0,0.068493151,0.090438836,0.533333333,0,0,0.397959184,0,0.733333333,0.666666667,0,0.8,1,1,0.951219512
0,0.301369863,0.071101369,0.6,0,0,0.653061224,0.5,1,0,1,0.2,1,1,0.951219512
0,0.863013699,0.11639825,0.2,0,0,0.295918367,0.75,0.333333333,0.333333333,0.357142857,0,1,1,0.951219512
1,0.520547945,0.102020479,0.8,0.140841408,0,0.448979592,0.5,0.6,0.833333333,0.285714286,0.2,1,1,0.951219512
0,0.698630137,0.117634961,0.066666667,0,0,0.397959184,0,0.2,1,0,0.8,0.5,0,0.951219512
0,0.520547945,0.015597569,0.6,0,0,0.5,0.75,1,0.333333333,0.214285714,0,1,1,0.951219512
0,0.534246575,0.150767024,0.2,0,0,0.397959184,0.5,0.333333333,0.333333333,0.071428571,0,1,1,0.146341463
0,0.082191781,0.085570473,0.8,0.029070291,0,0.397959184,0,0.6,0.666666667,0,0.6,1,1,0.951219512
0,0.438356164,0.093040122,0,0,0,0.397959184,0.5,0.866666667,0.333333333,0.571428571,0,1,1,0
0,0.178082192,0.083921752,0.533333333,0,0,0.397959184,0.5,0.733333333,0.333333333,0.071428571,0,1,1,0.951219512
0,0.109589041,0.162302663,0.4,0,0,0.397959184,0.5,0.066666667,0.666666667,0.428571429,0.2,1,1,0.951219512
0,0.068493151,0.197836434,0.8,0,0,0.091836735,0.5,0.6,0.666666667,0.071428571,0.2,0.25,0,0.975609756
0,0.205479452,0.156863302,0.8,0,0.43067034,0.5,0.5,0.6,0.666666667,0.714285714,0.2,1,1,0.951219512
0,0.410958904,0.039187749,0.533333333,0,0,0.397959184,0.5,0.733333333,0,0.071428571,0.8,1,0,0.951219512
0,0.534246575,0.109787804,0.466666667,0,0,0.397959184,0.25,0.133333333,0,1,0.2,1,1,0.951219512
0,0.123287671,0.093543466,0.8,0,0,0.5,0.25,0.6,0.666666667,0.071428571,0.6,0.25,0,0.951219512
0,0.01369863,0.138164487,0.466666667,0,0,0.244897959,0,0.133333333,0.666666667,0,0.2,1,1,0.951219512
0,0.301369863,0.079349712,0.6,0,0,0.5,0.125,1,0.333333333,0.071428571,0,1,1,0.951219512
0,0.602739726,0.167630394,0.333333333,0.044160442,0,0.37755102,0.5,0,0.666666667,0.571428571,0.6,1,0,0.951219512
0,0.232876712,0.277753084,0.533333333,0,0,0.397959184,0.5,0.733333333,0,0.714285714,0.8,1,1,0.634146341
0,0.178082192,0.1511743,0.533333333,0,0,0.397959184,0.5,0.733333333,0,0.571428571,0.8,1,0,0.951219512
0,0.506849315,0.117481387,0.266666667,0,0,0.142857143,0,0.4,0,0,0.2,1,0,0.951219512
0,0.589041096,0.01419443,0.533333333,0,0,0.397959184,0.5,0.733333333,0.333333333,0.785714286,0,1,1,0.951219512
1,0.328767123,0.140886196,0.933333333,0,0,0.602040816,0.5,0.933333333,0.333333333,0.714285714,0,1,1,0.951219512
1,0.205479452,0.04743068,0.8,0,0,0.56122449,0.125,0.6,0.333333333,0.714285714,0,0.25,1,0.951219512
0,0.02739726,0.137477801,0.533333333,0,0,0.193877551,0.75,0.733333333,0.666666667,0.928571429,0.6,1,1,0.951219512
0,0.452054795,0.135818932,0.533333333,0,0,0.397959184,0.5,0.733333333,0,0.857142857,0.8,1,0,0.951219512
0,0.150684932,0.123613521,0.8,0,0,0.448979592,0.5,0.6,0.666666667,0.857142857,0.4,1,0,0.951219512
1,0.328767123,0.01025563,0.6,0,0,0.459183673,0.5,1,0.333333333,0.071428571,0,1,1,0.951219512
0,0.328767123,0.089783271,0.866666667,0,0,0.551020408,0.25,0.8,0.333333333,0.285714286,0,1,1,0.951219512
0,0.04109589,0.102580652,0.6,0,0,0.397959184,0,1,0.666666667,0,0.6,1,0,0.951219512
0,0.109589041,0.121436424,0.4,0,0,0.397959184,0.5,0.066666667,0.666666667,0.5,0.6,0.5,0,0.951219512
0,0.164383562,0.127344625,0.6,0,0,0.37755102,0.5,1,0.333333333,0.5,0,1,1,0.951219512
0,0.547945205,0.183578409,0.6,0,0,0.397959184,0.875,1,0,0.214285714,0.2,1,0,0.951219512
0,0.232876712,0.036549254,0.533333333,0,0,0.346938776,0.5,0.733333333,0.333333333,0.214285714,0,1,1,0.951219512
0,0.04109589,0.057456287,0.6,0,0,0.295918367,0.5,1,0.333333333,0.857142857,1,1,0,0.951219512
0,0.726027397,0.141611444,0.6,0,0,0.336734694,0.5,1,1,0.857142857,0.2,1,0,0.951219512
0,0.287671233,0.233329612,0.533333333,0,0,0.397959184,0.5,0.733333333,0.333333333,0.214285714,0,1,1,0.951219512
0,0.123287671,0.104847052,0.8,0,0,0.397959184,0.25,0.6,0.666666667,0.714285714,0.2,1,0,0.951219512
0,0.232876712,0.184250887,0.533333333,0,0,0.397959184,0.5,0.733333333,0.333333333,0.714285714,0,1,1,0.951219512
0,0.02739726,0.086803124,0.466666667,0,0,0.295918367,0,0.133333333,0.666666667,0,0.6,0.5,1,0.951219512
0,0.328767123,0.123697412,0.866666667,0,0,0.346938776,0.5,0.8,0.666666667,0.285714286,0.2,1,1,0.146341463
1,0.315068493,0.014811432,0.6,0,0,0.397959184,0.5,1,0,0.214285714,0.8,1,1,0.951219512
0,0.383561644,0.221377227,0.533333333,0,0,0.397959184,0.5,0.733333333,0.666666667,0.857142857,0.2,0.5,1,0.951219512
0,0.082191781,0.198918217,0.333333333,0,0,0.397959184,0.5,0,0.333333333,0.357142857,0,1,1,0.951219512
1,0.301369863,0.249188324,0.6,0,0,0.448979592,0.5,1,0,0.714285714,0.2,1,0,0.951219512
1,0.369863014,0.142283246,0.533333333,0,0,0.5,0.5,0.733333333,0,0.928571429,0.2,1,1,0.951219512
0,0.191780822,0.070862551,0.4,0,0,0.295918367,0.5,0.066666667,0.666666667,0.571428571,0.6,1,1,0.756097561
1,0.671232877,0.016835632,0.533333333,0,0,0.418367347,0.75,0.733333333,0.333333333,0.071428571,0,1,1,0.951219512
0,0.04109589,0.172963538,0.6,0,0,0.142857143,0.5,1,0.666666667,0.857142857,0.6,1,0,0.951219512
1,0.616438356,0.247581548,0.866666667,0,0,0.010204082,0,0.8,0.333333333,0,0,1,1,0.951219512
0,0.410958904,0.077230797,0.6,0,0,0.397959184,0.5,1,0.5,0.928571429,0.2,1,1,0.951219512
0,0.342465753,0.02920747,0.333333333,0,0,0.397959184,0.125,0,0.333333333,0.071428571,0,1,1,0.634146341
0,0.520547945,0.089931433,0.6,0.046500465,0,0.193877551,0.5,1,0,0.071428571,0.8,1,0,0.951219512
1,0.273972603,0.011231873,0.533333333,0,0,0.397959184,0.875,0.733333333,0.333333333,0.5,0,1,1,0.951219512
0,0.397260274,0.124768371,0.533333333,0,0,0.551020408,0.5,0.733333333,0,0.214285714,0.2,1,1,0.951219512
0,0.04109589,0.029212883,0.533333333,0,0,0.346938776,0.5,0.733333333,0.666666667,0.571428571,0.6,1,1,0.951219512
0,1,0.118707949,0.733333333,0,0,0.193877551,0.25,0.466666667,0.333333333,0.071428571,0,0.25,1,0.731707317
0,0.520547945,0.107904324,0.733333333,0,0,0.295918367,0.5,0.466666667,0,0.857142857,0.8,0.5,0,0.951219512
0,0.506849315,0.012599155,0.2,0,0,0.602040816,0.75,0.333333333,0.333333333,0.357142857,0,1,1,0.951219512
0,0.438356164,0.178622096,0.6,0,0,0.397959184,0.125,1,0,0.285714286,0.2,1,1,0.951219512
0,0.136986301,0.095520308,0.733333333,0,0,0.448979592,0.5,0.466666667,0,0.285714286,0.2,1,0,0.951219512
1,0.205479452,0.260101548,0.8,0,0.554407713,0.479591837,0.5,0.6,0.333333333,0.714285714,0,1,1,0.951219512
1,0.287671233,0.208729361,0.533333333,0,0,0.5,0.625,0.733333333,0.333333333,0.285714286,0,1,1,0.951219512
0,0,0.33502603,0.4,0,0,0.142857143,0.5,0.066666667,0.666666667,0.857142857,0.6,1,0,0.317073171
1,0.191780822,0.048605826,0.6,0,0,0.5,0.5,1,0.333333333,0.071428571,0,1,1,0.951219512
1,0.232876712,0.224466973,0.533333333,0,0,0.397959184,0.5,0.733333333,0.833333333,0.071428571,0.2,1,1,0.951219512
0,0.287671233,0.496228643,0.6,0,0,0.448979592,0.25,1,0,0.285714286,0.8,0.5,0,0.951219512
0,0.643835616,0.126135653,0.6,0,0,0.397959184,0.25,1,0.666666667,1,0.8,1,1,0.951219512
0,0.164383562,0.126930584,0.533333333,0,0,0.193877551,0.5,0.733333333,0.666666667,0.571428571,0.6,1,0,0.951219512
1,0.383561644,0.089168299,0.533333333,0,0,0.397959184,0.5,0.733333333,0.333333333,0.214285714,0,1,1,0.951219512
0,0.109589041,0.026328127,0.533333333,0,0,0.346938776,0.5,0.733333333,0.333333333,0.214285714,0,1,1,0.951219512
0,0.260273973,0.242526461,0.533333333,0,0.545684114,0.602040816,0.5,0.733333333,0.333333333,0.714285714,0,1,1,0.951219512
0,0.150684932,0.118864906,0.533333333,0,0,0.397959184,0.5,0.733333333,0.333333333,0.5,0,1,1,0.951219512
0,0.369863014,0.1588097,0.8,0,0,0.5,0.75,0.6,0.333333333,0.857142857,0,1,1,0.951219512
0,0.054794521,0.168161476,0.6,0,0,0.295918367,0.5,1,0.666666667,0.857142857,0.6,1,1,0.951219512
0,0.534246575,0.031921738,0.2,0,0,0.397959184,0.5,0.333333333,0.333333333,0.214285714,0,1,1,0.048780488
0,0.164383562,0.12956502,0.6,0,0,0.397959184,0.5,1,0.333333333,0.285714286,0,0.5,1,0.951219512
1,0.630136986,0.052205681,0.933333333,0,0,0.397959184,0.875,0.933333333,0.333333333,0.714285714,0,1,1,0.951219512
0,0.767123288,0.023157197,0.533333333,0,0,0.244897959,0.75,0.733333333,0.333333333,0.857142857,1,1,0,0.951219512
0,0.123287671,0.131543216,0.533333333,0,0,0.397959184,0.5,0.733333333,0.666666667,0.428571429,0.8,1,1,0.951219512
1,0.301369863,0.080509974,0.733333333,0.051780518,0,0.479591837,0.625,0.466666667,0.333333333,0.857142857,0,1,1,0.951219512
1,0.301369863,0.213210745,0.8,0,0,0.357142857,0.5,0.6,0.333333333,0.714285714,1,1,0,0.951219512
0,0.246575342,0.172927005,0.533333333,0,0,0.37755102,0.5,0.733333333,0.333333333,0.571428571,1,1,0,0.951219512
0,0.301369863,0.011018764,0.533333333,0,0,0.397959184,0.5,0.733333333,0,0.571428571,0.2,1,1,0.951219512
0,0.109589041,0.065096423,0.533333333,0,0,0.397959184,0.5,0.733333333,0.666666667,0.428571429,0.6,1,1,0.951219512
0,0.054794521,0.146111771,0.6,0,0,0.295918367,0.5,1,0.666666667,0.571428571,0.6,1,1,0.951219512
0,0.095890411,0.035100111,0.666666667,0,0,0.397959184,0.5,0.533333333,0.666666667,0.928571429,0.8,0.5,0,0.951219512
0,0.136986301,0.178051775,0.333333333,0,0,0.397959184,0.5,0,0.666666667,0.428571429,0.6,0.5,1,0.951219512
1,0.369863014,0.118144393,0.866666667,0,0,0.5,0.5,0.8,0.333333333,0.285714286,0,1,1,0.951219512
1,0.287671233,0.070578406,0.533333333,0,0,0.346938776,0.25,0.733333333,0.333333333,0.071428571,1,1,0,0.951219512
0,0.383561644,0.103551483,0.6,0,0,0.642857143,0.5,1,0,0.285714286,0.8,1,0,0.951219512
0,0.136986301,0.029821766,0.866666667,0,0,0.193877551,0.875,0.8,0.333333333,0.714285714,0,0.25,1,0.073170732
0,0.178082192,0.223544176,0.533333333,0,0,0.397959184,0.5,0.733333333,0.333333333,0.928571429,0,1,1,0.951219512
0,0.575342466,0.033556252,0.466666667,0,0,0.346938776,0.5,0.133333333,0,1,0.4,0.5,1,0.951219512
1,0.273972603,0.140687294,0.8,0.051780518,0,0.397959184,0.5,0.6,0.333333333,0.285714286,0,1,1,0.951219512
1,0.301369863,0.195373838,0.8,0,0,0.704081633,0.5,0.6,0.333333333,0.285714286,0,1,1,0.951219512
0,0.232876712,0.224466973,0.533333333,0.050130501,0,0.397959184,0.5,0.733333333,0.333333333,1,0,1,1,0.951219512
0,0,0.005051704,0.4,0,0,0.244897959,0.5,0.066666667,0.666666667,0.571428571,0.6,0.5,0,0.951219512
0,0.068493151,0.153325012,0.4,0,0,0.397959184,0.5,0.066666667,0.666666667,0.214285714,0.8,1,1,0.195121951
0,0.095890411,0.040609154,0.6,0,0,0.428571429,0.5,1,0.666666667,0.857142857,0.6,1,1,0.951219512
0,0.465753425,0.195201997,0.8,0,0,0.193877551,0.5,0.6,0.666666667,0.071428571,0.8,1,1,0.951219512
0,0.630136986,0.075743092,0.533333333,0,0,0.397959184,0.5,0.733333333,0.333333333,0.071428571,0,0.5,1,0.951219512
0,0.643835616,0.081765627,0.533333333,0,0,0.153061224,0.5,0.733333333,0.333333333,1,0,1,1,0.951219512
0,0.520547945,0.079477578,0.533333333,0,0,0.397959184,0.5,0.733333333,0,0.071428571,0.8,1,0,0.951219512
0,0.04109589,0.163266728,0.533333333,0,0,0.295918367,0.5,0.733333333,0.666666667,0.857142857,0.6,1,0,0.951219512
0,0.068493151,0.028779899,0.533333333,0,0,0.397959184,0.5,0.733333333,0.666666667,0.857142857,0.2,1,1,0.951219512
0,0.452054795,0.076115864,0.6,0,0,0.551020408,0.75,1,0.333333333,0.214285714,0,1,1,0.951219512
1,0.465753425,0.10675827,0.8,0,0,0.448979592,0.75,0.6,0.333333333,0.928571429,0,1,1,0.951219512
0,0.410958904,0.04905234,0.6,0,0,0.397959184,0.5,1,0.333333333,0.214285714,0,1,1,0.951219512
0,0.232876712,0.050909435,1,0,0,0.397959184,0.5,0.666666667,0.666666667,0.285714286,0.2,1,0,0.951219512
0,0.301369863,0.182575781,0.6,0,0,0.193877551,0.5,1,0.666666667,0.071428571,0.6,1,0,0.951219512
0,0.095890411,0.004820329,0.533333333,0,0,0.479591837,0.5,0.733333333,0,0.857142857,0.8,0,0,0.951219512
0,0.657534247,0.045929444,0.533333333,0.018480185,0,0.5,0.5,0.733333333,0,0.285714286,0.4,1,0,0.951219512
1,0.219178082,0.1231643,0.533333333,0.051780518,0,0.5,0.5,0.733333333,0.333333333,0.285714286,0,1,1,0.951219512
0,0.260273973,0.085849207,0.666666667,0,0,0.397959184,0.5,0.533333333,0.333333333,0.071428571,1,0.5,0,0.951219512
0,0.191780822,0.127075363,0.533333333,0,0,0.397959184,0.5,0.733333333,0,0.071428571,0.2,1,1,0.951219512
1,0.273972603,0.118156571,0.8,0,0,0.397959184,0.5,0.6,0.333333333,0.714285714,0.4,1,1,0.951219512
0,0.095890411,0.027045934,0.6,0,0,0.397959184,0.25,1,0.666666667,0.071428571,0.2,1,1,0.951219512
0,0.465753425,0.015567124,0.533333333,0,0,0.448979592,0.75,0.733333333,0.666666667,0.357142857,0.8,1,1,0.951219512
0,0.150684932,0.117285867,0.6,0,0,0.5,0.5,1,0,0.428571429,0.2,1,1,0.951219512
0,0.04109589,0.189223437,0.533333333,0,0,0.346938776,0.5,0.733333333,0.666666667,0.857142857,0.8,1,1,0.951219512
0,0.410958904,0.121432365,0.6,0,0,0.071428571,0,1,0.333333333,0,1,1,0,0.951219512
0,0.219178082,0.181194291,0.4,0,0,0.37755102,0.5,0.066666667,0.666666667,0.071428571,0.8,0.5,0,0.951219512
0,0.123287671,0.133004536,0.8,0,0,0.418367347,0.5,0.6,0.666666667,0.857142857,0.2,1,1,0.951219512
0,0.534246575,0.178374484,0.6,0,0,0.397959184,0,1,0.333333333,0,0,1,1,0.658536585
0,0.232876712,0.178258119,0.533333333,0,0,0.5,0.5,0.733333333,0,0.285714286,0.8,1,0,0.951219512
0,0.438356164,0.057996164,0.8,0,0,0.5,0.5,0.6,0,0.714285714,0.2,1,0,0.951219512
0,0.01369863,0.072185182,0.533333333,0,0,0.295918367,0.5,0.733333333,0.666666667,0.285714286,0.6,1,1,0.951219512
0,0.520547945,0.075251249,0.533333333,0,0,0.397959184,0.5,0.733333333,0,0.071428571,0.2,1,0,0.951219512
0,0.150684932,0.113135311,0.533333333,0,0,0.5,0.5,0.733333333,0.833333333,0.285714286,0.8,1,0,0.951219512
1,0.301369863,0.11162325,0.533333333,0,0,0.448979592,0.5,0.733333333,0.333333333,0.5,0,1,1,0.951219512
0,0.273972603,0.044788802,0.533333333,0,0,0.316326531,0.5,0.733333333,0.666666667,0.571428571,0.2,1,0,0.951219512
0,0.342465753,0.01471604,1,0,0,0.5,0.5,0.666666667,0.666666667,0.714285714,0.2,1,1,0.951219512
0,0.219178082,0.105608833,0.4,0,0,0.397959184,0.5,0.066666667,0.333333333,0.571428571,0,1,1,0.951219512
1,0.493150685,0.078469537,1,0,0,0.704081633,0.625,0.666666667,0.333333333,0.285714286,0,1,1,0.951219512
0,0.328767123,0.11875666,0.533333333,0.028850289,0,0.397959184,0.5,0.733333333,0.333333333,0.5,0,1,1,0.951219512
0,0.191780822,0.074461053,0.533333333,0,0,0.397959184,0.5,0.733333333,0.833333333,0.428571429,0.2,1,1,0.951219512
0,0.136986301,0.097408524,0.266666667,0,0,0.397959184,0.5,0.4,0.333333333,0.357142857,0,0,1,0.951219512
1,0.424657534,0.135195841,0.533333333,0,0,0.397959184,0.5,0.733333333,0.333333333,0.5,0,1,1,0.951219512
0,0.479452055,0.029309627,0.066666667,0,0,0.397959184,0.5,0.2,0.333333333,0.5,0,1,1,0.634146341
0,0.219178082,0.119044188,0.8,0,0,0.397959184,0.5,0.6,0.333333333,0.285714286,0,1,1,0.951219512
0,0.219178082,0.227226569,0.533333333,0,0,0.397959184,0.5,0.733333333,0.333333333,0.214285714,0,1,1,0.951219512
0,0.301369863,0.311126671,0.6,0,0,0.397959184,0.125,1,0,0.285714286,0.8,0.5,0,0.951219512
1,0.356164384,0.01025563,0.8,1,0,0.397959184,0.625,0.6,0.333333333,0.857142857,0,1,1,0.951219512
1,0.534246575,0.129716565,0.533333333,0,0,0.397959184,0.25,0.733333333,0.333333333,0.214285714,0,1,1,0.951219512
0,0.109589041,0.088475525,0.8,0.024630246,0,0.295918367,0.5,0.6,0.666666667,0.571428571,0.6,1,0,0.951219512
0,0.630136986,0.131992436,0.6,0,0,0.295918367,0.5,1,0.333333333,0.857142857,0,1,1,0.951219512
0,0.616438356,0.104461426,0.533333333,0,0,0.397959184,0.5,0.733333333,0,0.285714286,0.8,1,0,0.951219512
1,0.260273973,0.095243604,0.866666667,0,0,0.397959184,0.125,0.8,0.333333333,0.714285714,0,1,1,0.951219512
0,0.246575342,0.098225104,0.533333333,0,0,0.397959184,0.75,0.733333333,0.333333333,0.214285714,0,1,1,0.951219512
1,0.232876712,0.125822416,0.6,0.03103031,0,0.397959184,0.5,1,0.333333333,0.928571429,0,1,1,0.951219512
0,0.095890411,0.337555603,0.533333333,0,0,0.397959184,0.5,0.733333333,0.666666667,0.571428571,0.6,0.5,1,0.951219512
1,0.452054795,0.059667211,0.866666667,0,0,0.602040816,0.25,0.8,0.333333333,0.285714286,0,1,1,0.951219512
0,0.150684932,0.130606888,0.533333333,0,0,0.397959184,0.5,0.733333333,0.333333333,0.5,0,1,1,0.951219512
0,0.383561644,0.208734097,0.6,0,0,0.397959184,0.875,1,0.5,0.571428571,0.4,0.5,1,0.341463415
0,0.01369863,0.005258048,0.2,0,0,0.397959184,0.5,0.333333333,0.666666667,0.571428571,0.4,0.25,0,0.731707317
0,0.643835616,0.118019234,0.533333333,0,0,0.397959184,0.5,0.733333333,1,0.071428571,0.8,1,0,0.951219512
0,0.780821918,0.180142952,0.666666667,0,0,0.316326531,0,0.533333333,0.333333333,0,0,1,1,0.951219512
0,0.260273973,0.065569323,0.6,0,0,0.397959184,0.5,1,0.333333333,0.285714286,0,1,1,0.951219512
0,0.260273973,0.241901341,0.533333333,0,0,0.5,0.5,0.733333333,0.333333333,0.571428571,0,1,1,0.951219512
0,0.315068493,0.045465339,0.533333333,0,0,0.397959184,0.5,0.733333333,0.833333333,0.571428571,0.2,1,0,0.951219512
0,0.246575342,0.095733417,0.6,0,0,0.397959184,0.5,1,0.666666667,0.857142857,0.2,0,0,0.951219512
1,0.410958904,0.163777514,0.6,0,0,0.5,0.5,1,0.333333333,0.285714286,0,1,1,0.951219512
0,0.287671233,0.138081272,0.533333333,0,0.399449036,0.397959184,0.5,0.733333333,0.333333333,0.5,0,0.5,1,0.341463415
0,0.342465753,0.117127558,0.8,0,0,0.397959184,0.5,0.6,0.333333333,0.285714286,0,1,1,0.951219512
0,0.082191781,0.134300782,0.6,0,0,0.397959184,0.5,1,0.333333333,0.214285714,0,1,1,0.951219512
0,0.082191781,0.285082013,0.733333333,0,0,0.397959184,0.5,0.466666667,0.666666667,0.071428571,0.2,1,1,0.951219512
0,0.602739726,0.112323466,0.733333333,0,0,0.418367347,0.5,0.466666667,0.333333333,0.285714286,0,1,1,0.951219512
0,0.246575342,0.142467264,0.533333333,0,0,0.397959184,0.5,0.733333333,0.333333333,0.071428571,0,1,1,0.951219512
0,0.273972603,0.087947825,0.533333333,0,0,0.153061224,0.875,0.733333333,0,0.571428571,0.2,1,0,0.951219512
0,0.301369863,0.31945417,0.4,0,0,0.397959184,0.5,0.066666667,0.666666667,0.214285714,0.2,0.5,1,0.951219512
0,0.191780822,0.017355889,0.6,0,0,0.397959184,0.5,1,0.666666667,0.571428571,0.2,1,1,0.951219512
1,0.301369863,0.108178998,0.6,0,0,0.397959184,0.5,1,0.333333333,0.285714286,0,1,1,0.951219512
0,0.219178082,0.089009313,0.8,0,0,0.397959184,0.5,0.6,0.666666667,0.714285714,0.2,1,0,0.951219512
0,0.260273973,0.064952998,0.533333333,0,0,0.234693878,0.5,0.733333333,1,0.571428571,0.8,1,0,0.951219512
0,0.123287671,0.041107762,0.6,0,0,0.316326531,0.125,1,0.333333333,0.285714286,0,1,1,0.951219512
0,0.150684932,0.193744059,0.8,0,0,0.397959184,0.125,0.6,0.666666667,0.928571429,0.2,0.5,0,0.951219512
0,0.315068493,0.066797915,0.533333333,0,0,0.397959184,0.5,0.733333333,0.833333333,0.5,0.2,1,0,0.951219512
0,0.575342466,0.162659198,0.533333333,0,0,0.295918367,0.5,0.733333333,0.333333333,0.5,0,1,1,0.536585366
0,0.369863014,0.067111152,0.533333333,0,0.345270891,0.5,0.5,0.733333333,0.666666667,0.071428571,0.6,1,1,0.951219512
0,0,0.023145019,0.4,0,0,0.040816327,0.5,0.066666667,0.666666667,0.571428571,0.6,1,1,0.951219512
0,0.369863014,0.153870301,0.6,0.015060151,0,0.448979592,0.5,1,0.5,0.214285714,0.8,1,0,0.951219512
0,0.164383562,0.119936541,0.533333333,0,0,0.397959184,0.5,0.733333333,0,0.785714286,0.6,1,1,0.951219512
0,0.383561644,0.123459271,0.6,0,0,0.551020408,0.5,1,0.333333333,1,0,1,1,0.951219512
0,0.04109589,0.217723249,0.6,0,0,0.091836735,0.5,1,0.666666667,0.571428571,0.6,1,0,0.951219512
0,0.328767123,0.170207325,0.6,0,0,0.551020408,0.75,1,0.333333333,0.214285714,0,1,1,0.951219512
0,0.109589041,0.094553536,0.8,0,0,0.397959184,0.5,0.6,0.666666667,0.714285714,0.6,1,0,0.317073171
0,0.095890411,0.295522338,0.4,0,0,0.397959184,0.5,0.066666667,0.666666667,0.571428571,0.6,1,0,0.951219512
0,0.301369863,0.041883751,0.533333333,0,0,0.551020408,0.5,0.733333333,0.333333333,0.285714286,0,1,1,0.951219512
0,0.02739726,0.084765394,0.6,0,0,0.091836735,0.5,1,0.666666667,0.071428571,0.6,1,1,0.951219512
0,0.561643836,0.014251259,0.533333333,0,0,0.346938776,0.5,0.733333333,0,0.571428571,0.8,1,0,0.951219512
1,0.273972603,0.188911553,0.8,0.150241502,0,0.551020408,0.625,0.6,0.333333333,0.214285714,0,1,1,0.951219512
0,0.232876712,0.183771899,0.533333333,0,0,0.5,0.5,0.733333333,0.333333333,1,0,1,1,0.951219512
1,0.191780822,0.123735975,0.866666667,0,0,0.346938776,0.875,0.8,0.333333333,0.714285714,0,1,1,0.951219512
0,0.643835616,0.081780511,0.533333333,0,0,0.040816327,0.5,0.733333333,0.333333333,0.285714286,0,1,1,0.951219512
0,0.575342466,0.168817041,0.6,0,0,0.520408163,0.5,1,0,0.285714286,0.2,1,0,0.682926829
0,0.01369863,0.141414572,0.6,0,0,0.397959184,0,1,0.666666667,0,0.4,1,1,0.951219512
0,0.630136986,0.130453314,0.333333333,0,0,0.397959184,0,0,1,0,0.2,0.5,1,0.951219512
0,0.232876712,0.232333073,0.533333333,0,0,0.193877551,0.875,0.733333333,0.833333333,0.071428571,0.8,1,0,0.951219512
0,0.191780822,0.01709001,0.8,0,0,0.397959184,0.5,0.6,0.666666667,0.714285714,0.2,1,0,0.951219512
1,0.575342466,0.096035153,0.533333333,0.076880769,0,0.397959184,0,0.733333333,0.333333333,0,1,1,0,0.951219512
0,0.452054795,0.121109657,0.533333333,0,0,0.5,0.5,0.733333333,0.333333333,0.214285714,0,1,1,0.951219512
0,0.493150685,0.04769453,0.533333333,0,0,0.397959184,0.25,0.733333333,0,0.285714286,0.2,1,1,0.951219512
0,0.109589041,0.314125762,0.8,0,0,0.397959184,0.25,0.6,0.666666667,0.714285714,0.2,1,0,0.951219512
0,0.506849315,0.102515704,0.866666667,0,0,0.602040816,0.75,0.8,0,0.857142857,0.2,1,1,0.951219512
1,0.520547945,0.192001299,0.733333333,0,0,0.397959184,0.25,0.466666667,0.333333333,0.714285714,0,0.25,1,0.951219512
0,0.602739726,0.110306708,0.333333333,0,0,0.397959184,0.5,0,0.333333333,1,0,1,1,0.951219512
1,0.178082192,0.202709532,0.533333333,0,0,0.397959184,0.25,0.733333333,0.333333333,0.071428571,1,1,0,0.951219512
1,0.273972603,0.249188324,0.733333333,0,0,0.12244898,0.5,0.466666667,0.333333333,0.714285714,1,1,0,0.951219512
1,0.698630137,0.070838872,0.933333333,0,0,0.602040816,0.5,0.933333333,1,0.714285714,0.8,1,1,0.951219512
0,0.369863014,0.14775508,0.533333333,0,0,0.397959184,0.5,0.733333333,0.333333333,0.714285714,0,1,1,0.951219512
0,0.630136986,0.017635299,0.533333333,0,0,0.397959184,0.5,0.733333333,1,0.071428571,0.8,1,0,0.951219512
0,0.150684932,0.230135003,0.2,0,0,0.397959184,0.5,0.333333333,0.833333333,0.5,0.8,0.5,0,0.951219512
0,0.547945205,0.101059119,0.533333333,0.046500465,0,0.397959184,0.5,0.733333333,0.5,0.214285714,0.2,1,1,0.951219512
0,0.232876712,0.197946033,0.6,0,0,0.397959184,0,1,1,0,0.8,1,0,0.951219512
0,0.136986301,0.132898996,0.733333333,0,0,0.418367347,0.5,0.466666667,0.666666667,0.857142857,0.2,1,1,0.951219512
0,0.150684932,0.124756869,0.533333333,0,0,0.397959184,0.5,0.733333333,0.666666667,0.5,0.2,1,0,0.951219512
0,0.04109589,0.1834864,0.6,0,0,0.295918367,0.5,1,0.666666667,1,0.6,1,1,0.951219512
0,0.328767123,0.144571295,0.666666667,0,0,0.397959184,0.25,0.533333333,0.833333333,0.214285714,0.8,0.5,1,0.951219512
1,0.602739726,0.038956373,0.533333333,0,0,0.397959184,0.5,0.733333333,0.333333333,0.285714286,0,1,1,0.951219512
1,0.424657534,0.092489421,0.533333333,0.140841408,0,0.448979592,0.5,0.733333333,1,0.285714286,0.2,1,1,0.951219512
1,0.328767123,0.106039111,0.8,0.076880769,0,0.397959184,0.75,0.6,0.333333333,0.071428571,1,1,0,0.951219512
0,0.164383562,0.141451105,0.8,0.050130501,0,0.397959184,0.5,0.6,0.333333333,0.714285714,0,1,1,0.268292683
0,0.575342466,0.22211127,0.333333333,0.039420394,0,0.397959184,0.5,0,0.333333333,0.428571429,0,1,1,0.951219512
0,0.01369863,0.148099437,0.466666667,0,0,0.295918367,0.5,0.133333333,0.666666667,0.5,0.6,1,1,0.951219512
0,0.410958904,0.100372434,0.533333333,0,0,0.459183673,0.5,0.733333333,0.666666667,0.357142857,0.8,1,0,0.951219512
0,0.219178082,0.145280306,0.8,0,0,0.397959184,0.5,0.6,0.666666667,0.214285714,0.8,1,0,0.658536585
0,0.315068493,0.170743142,0.8,0,0,0.602040816,0.5,0.6,0.666666667,0.714285714,0.6,1,0,0.951219512
1,0.328767123,0.142833947,0.8,0.076880769,0,0.397959184,0.25,0.6,0.333333333,0.714285714,0,1,1,0.951219512
1,0.205479452,0.102774141,0.8,0,0,0.602040816,0.5,0.6,0.333333333,0.285714286,0,1,1,0.951219512
1,0.534246575,0.445842847,0.533333333,0,0,0.37755102,0.875,0.733333333,0.333333333,1,0,1,1,0.951219512
0,0.246575342,0.056332559,0.533333333,0,0,0.357142857,0.5,0.733333333,0.833333333,0.285714286,0.2,1,0,0.951219512
0,0.383561644,0.235112288,0.733333333,0,0,0.397959184,0.125,0.466666667,0.666666667,0.285714286,0.2,1,1,0.951219512
1,0.301369863,0.104330177,0.533333333,0,0,0.397959184,0.25,0.733333333,0,0.428571429,0.2,1,1,0.951219512
0,0.726027397,0.010950433,0.266666667,0,0,0.244897959,0,0.4,1,0,0.8,1,0,0.951219512
0,0.178082192,0.141162224,0.666666667,0,0,0.397959184,0.5,0.533333333,0,0.285714286,0.2,1,1,0.951219512
0,0.424657534,0.184445053,0.266666667,0,0,0.397959184,0.5,0.4,0.333333333,0.857142857,0,1,1,0
0,0.068493151,0.033532574,0.533333333,0,0,0.397959184,0.5,0.733333333,0.666666667,0.571428571,0.2,1,0,0.951219512
0,0.452054795,0.070717772,0.533333333,0,0,0.397959184,0.5,0.733333333,1,0.071428571,0.2,0,0,0.951219512
0,0.191780822,0.072156767,0.6,0,0,0.193877551,0.5,1,0,0.571428571,0.6,1,0,0.951219512
0,0.02739726,0.357886227,0.6,0,0,0.397959184,0,1,0.666666667,0,0.6,1,1,0.951219512
0,0.191780822,0.329958765,0.066666667,0,0,0.448979592,0.5,0.2,0.333333333,0.357142857,0,1,1,0.634146341
1,0.260273973,0.140687294,0.8,0,0.453856749,0.397959184,0.25,0.6,0.333333333,0.785714286,0,1,1,0.951219512
0,0.246575342,0.070033793,0.4,0,0,0.397959184,0.5,0.066666667,0,1,0.2,1,1,0.951219512
0,0.082191781,0.122623747,0.533333333,0,0,0.193877551,0.5,0.733333333,0.666666667,0.071428571,0.6,0.5,1,0.951219512
0,0.082191781,0.164376249,0.4,0,0,0.397959184,0.75,0.066666667,0.666666667,0.428571429,0.2,1,1,0.951219512
0,0.178082192,0.021424585,0.533333333,0,0.453168044,0.397959184,0.5,0.733333333,0.666666667,0.071428571,0.4,1,0,0.951219512
0,0.301369863,0.19713757,0.6,0,0,0.142857143,0.5,1,0,0.285714286,0.8,1,0,0.951219512
0,0.287671233,0.01461456,0.533333333,0,0,0.397959184,0.5,0.733333333,0.666666667,0.5,0.4,1,1,0.951219512
0,0.342465753,0.134609283,0.8,0,0,0.397959184,0.5,0.6,0,0.285714286,0.8,1,0,0.951219512
0,0.164383562,0.175038478,0.333333333,0,0,0.397959184,0.875,0,0.666666667,0.571428571,0.6,0.5,0,0.951219512
0,0.04109589,0.036810397,0.6,0.005940059,0,0.346938776,0,1,0.666666667,0,0.6,0.75,0,0.951219512
1,0.520547945,0.210001252,0.866666667,0.03103031,0,0.551020408,0.75,0.8,0.333333333,0.857142857,0,1,1,0.951219512
0,0.219178082,0.048605826,0.533333333,0,0,0.397959184,0.5,0.733333333,0.333333333,0.214285714,0,1,1,0.951219512
0,0.02739726,0.341482902,0.533333333,0,0,0.397959184,0.5,0.733333333,0,0.214285714,0.2,1,0,0.195121951
0,0.438356164,0.117429293,0.533333333,0,0,0.428571429,0.5,0.733333333,0.333333333,0.214285714,0,1,1,0.951219512
0,0.068493151,0.247490216,0.533333333,0,0,0.397959184,0.5,0.733333333,0.666666667,0.428571429,0.6,1,1,0.951219512
0,0.534246575,0.110168695,0.333333333,0,0,0.397959184,0.5,0,0.333333333,0.428571429,0,1,1,0.951219512
0,0.410958904,0.161843294,0.533333333,0,0,0.357142857,0.5,0.733333333,0,0.928571429,0.2,1,0,0.951219512
0,0.054794521,0.166087212,0.6,0,0.394628099,0.295918367,0.5,1,0.666666667,0.214285714,0.6,1,1,0.951219512
0,0.315068493,0.265397483,0.6,0,0,0.43877551,0.5,1,0.666666667,0.857142857,0.2,1,0,0.951219512
0,0.301369863,0.198436522,0.666666667,0,0,0.397959184,0.5,0.533333333,0.333333333,0.214285714,0,1,1,0.951219512
0,0.205479452,0.222331821,0.533333333,0,0,0.397959184,0.5,0.733333333,0.666666667,0.428571429,0.2,1,1,0.951219512
0,0.068493151,0.289997057,0.6,0,0,0.397959184,0.5,1,0.666666667,0.857142857,0.8,1,1,0.951219512
0,0.479452055,0.124631033,0.2,0,0,0.397959184,0.5,0.333333333,0.333333333,0.428571429,0,1,1,0.951219512
0,0.410958904,0.149667651,0.533333333,0,0,0.397959184,0.5,0.733333333,0,0.285714286,0.2,1,1,0.951219512
0,0.424657534,0.143553783,0.6,0,0,0.397959184,0.875,1,0,0.285714286,0.2,1,0,0.951219512
0,0.054794521,0.305929512,0.533333333,0,0,0.397959184,0.5,0.733333333,0.5,0.071428571,0.6,1,0,0.951219512
0,0.397260274,0.17103676,0.533333333,0,0,0.397959184,0.75,0.733333333,0.333333333,0.214285714,0,1,1,0.268292683
0,0.02739726,0.037645244,0.6,0,0,0.5,0.75,1,0.666666667,0.357142857,0.6,1,1,0.951219512
0,0.410958904,0.086434411,0.533333333,0,0,0.397959184,0.5,0.733333333,0.833333333,0.071428571,0.8,1,0,0.951219512
0,0.698630137,0.075344611,0.133333333,0,0,0.112244898,0.5,0.266666667,0.833333333,0.571428571,0.2,1,1,0.536585366
0,0.575342466,0.116812968,0.666666667,0,0,0.479591837,0,0.533333333,0,0,0.2,1,1,0.951219512
1,0.383561644,0.111310013,1,0.150241502,0,0.397959184,0.75,0.666666667,0.333333333,0.714285714,0,1,1,0.951219512
0,0.054794521,0.126316965,0.6,0,0,0.295918367,0.5,1,0.666666667,0.5,0.6,1,0,0.951219512
0,0.493150685,0.075642964,0.533333333,0.050130501,0,0.346938776,0.25,0.733333333,0.333333333,0.214285714,0,1,1,0.951219512
0,0.561643836,0.04411903,0.533333333,0,0,0.602040816,0.5,0.733333333,0.333333333,0.857142857,0,1,1,0.951219512
0,0.315068493,0.056392094,0.533333333,0,0,0.448979592,0.5,0.733333333,0.833333333,0.428571429,0.8,0,1,0.951219512
0,0.191780822,0.185635083,0.533333333,0,0,0.5,0.5,0.733333333,0,0.214285714,0.6,1,1,0.951219512
0,0.684931507,0.100041607,0.6,0,0,0.071428571,0.875,1,0.333333333,0.357142857,0,1,1,0.951219512
0,0.561643836,0.078395118,0.533333333,0,0,0.234693878,0.5,0.733333333,0,0.857142857,0.2,1,0,0.951219512
1,0.219178082,0.064360351,0.866666667,0,0,0.397959184,0.25,0.8,0.333333333,0.714285714,0,1,1,0.951219512
0,0.246575342,0.016933053,0.6,0.050130501,0,0.397959184,0.5,1,0.333333333,0.214285714,0,1,1,0.951219512
0,0.150684932,0.02825017,0.666666667,0.024630246,0,0.346938776,0.5,0.533333333,0.666666667,0.571428571,0.2,1,0,0.951219512
0,0.205479452,0.020708132,0.4,0,0,0.142857143,0,0.066666667,0.333333333,0,1,1,0,0.951219512
0,0.328767123,0.304901175,0.533333333,0.021740217,0,0.5,0.5,0.733333333,0,0.285714286,0.2,1,1,0.951219512
0,0.04109589,0.234418838,0.6,0,0,0.346938776,0,1,0.666666667,0,0.6,1,0,0.951219512
1,0.465753425,0.157681236,0.6,0.07298073,0,0.551020408,0.5,1,0.333333333,0.285714286,0,1,1,0.951219512
0,0.095890411,0.037560677,0.533333333,0,0,0.397959184,0.5,0.733333333,0.666666667,0.571428571,0.6,0.5,1,0.951219512
0,0.575342466,0.058272191,0.533333333,0,0,0.193877551,0.75,0.733333333,0.333333333,0.357142857,0,1,1,0.951219512
1,0.452054795,0.208525724,0.6,0.07298073,0,0.56122449,0.25,1,0.333333333,0.785714286,0,1,1,0.951219512
0,0.123287671,0.134774358,0.6,0,0,0.397959184,0.25,1,0.333333333,0.714285714,0,1,1,0.951219512
0,0.575342466,0.10668791,0.8,0,0.45959596,0.5,0.5,0.6,0.333333333,0.285714286,0,1,1,0.951219512
0,0.493150685,0.062238053,0.466666667,0,0,0.397959184,0.5,0.133333333,0.333333333,0.428571429,0.4,1,1,0.951219512
1,0.438356164,0.131813154,0.533333333,0,0,0.397959184,0.875,0.733333333,0.333333333,0.428571429,0,1,1,0.951219512
0,0.369863014,0.115861756,0.8,0,0,0.316326531,0.5,0.6,1,0.714285714,0.8,1,0,0.951219512
0,0,0.206103043,0.466666667,0,0,0.193877551,0.5,0.133333333,0.666666667,0.428571429,0.6,1,1,0.951219512
0,0.095890411,0.048371067,0.8,0,0,0.397959184,0.5,0.6,0.666666667,0.928571429,0.6,1,0,0.951219512
0,0.657534247,0.043194203,0.533333333,0,0,0.397959184,0,0.733333333,0.666666667,0,0.8,0.25,0,0.951219512
1,0.452054795,0.021705348,0.533333333,0.150241502,0,0.551020408,0.75,0.733333333,0.333333333,0.857142857,0,1,1,0.195121951
0,0.150684932,0.076612442,0.6,0,0,0.5,0.5,1,0.666666667,0.857142857,0.2,1,1,0.951219512
0,0.260273973,0.107282586,0.533333333,0,0,0.316326531,0.875,0.733333333,0.833333333,0.571428571,0.6,1,0,0.951219512
0,0.561643836,0.152622766,0.8,0,0,0.581632653,0.25,0.6,0.333333333,0.714285714,0,1,1,0.951219512
0,0.315068493,0.11649026,0.6,0,0,0.397959184,0.5,1,0,0.5,0.2,1,1,0.951219512
0,0.315068493,0.135687683,0.6,0,0.500229568,0.397959184,0.5,1,0.333333333,0.5,0,1,1,0.951219512
0,0.136986301,0.197086154,0.466666667,0,0,0.397959184,0.5,0.133333333,0.333333333,0.357142857,0,1,1,0.951219512
0,0.054794521,0.181173995,0.6,0,0,0.397959184,0.5,1,0.666666667,0.857142857,0.6,1,0,0.951219512
1,0.315068493,0.13345511,0.8,0,0,0.602040816,0.5,0.6,0.333333333,0.714285714,0,1,1,0.951219512
0,0.726027397,0.088332775,0.266666667,0,0,0.173469388,0.5,0.4,0.333333333,0.285714286,0,1,1,0.951219512
0,0.561643836,0.201424788,0.8,0,0,0.244897959,0.75,0.6,0.333333333,0.357142857,0,1,1,0.951219512
0,0.260273973,0.159163529,0.533333333,0,0,0.397959184,0.25,0.733333333,0.833333333,0.071428571,0.8,0.5,0,0.951219512
1,0.506849315,0.151457769,0.866666667,0,0,0.397959184,0.75,0.8,0.333333333,0.857142857,0,1,1,0.951219512
0,0.164383562,0.08813252,0.866666667,0,0,0.418367347,0.5,0.8,0.666666667,0.714285714,0.2,0.5,1,0.951219512
0,0.082191781,0.075299283,0.6,0,0,0.244897959,0.5,1,0.666666667,0.071428571,0.6,0.75,1,0.951219512
0,0.164383562,0.103834275,0.8,0,0,0.346938776,0.875,0.6,0.333333333,0.714285714,1,0.5,0,0.951219512
1,0.452054795,0.090011941,1,0.105201052,0,0.5,0.5,0.666666667,0,0.714285714,0.4,1,1,0.951219512
0,0.561643836,0.122747553,0.533333333,0,0,0.193877551,0.75,0.733333333,0,0.5,0.8,1,1,0.951219512
0,0.616438356,0.122856476,0.866666667,0,0,0.346938776,0.5,0.8,1,0.285714286,0.2,1,0,0.951219512
0,0.082191781,0.10109024,0.733333333,0,0,0.193877551,0.5,0.466666667,0.666666667,0.571428571,0.6,1,0,0.951219512
1,0.534246575,0.037747401,0.533333333,0,0,0.5,0.5,0.733333333,0.666666667,0.357142857,0.2,1,1,0
0,0.136986301,0.023678131,0.533333333,0,0,0.397959184,0.25,0.733333333,0.666666667,0.785714286,0.2,0.5,1,0.951219512
0,0.191780822,0.129148273,0.333333333,0,0,0.346938776,0.75,0,0.333333333,0.214285714,0,1,1,0.951219512
0,0.219178082,0.072621548,1,0,0,0.5,0.875,0.666666667,0.333333333,0.714285714,0,0.25,1,0.414634146
0,0.260273973,0.171567165,0.533333333,0,0,0.397959184,0.5,0.733333333,0,0.5,0.8,1,0,0.951219512
0,0.219178082,0.093388539,0.533333333,0,0,0.489795918,0.5,0.733333333,0,0.5,0.2,1,1,0.951219512
0,0.342465753,0.029415167,0.733333333,0,0,0.397959184,0.875,0.466666667,0,0.714285714,0.2,0.5,1,0.951219512
0,0.095890411,0.151758151,0.6,0,0.536960514,0.428571429,0.5,1,0,0.5,0.2,1,1,0.951219512
0,0.109589041,0.08945921,0.533333333,0,0,0.397959184,0.5,0.733333333,0.666666667,1,0.2,1,1,0.951219512
0,0.082191781,0.032810708,0.666666667,0,0,0.397959184,0.5,0.533333333,0.333333333,0.214285714,0,1,1,0.951219512
0,0.356164384,0.104872084,0.533333333,0,0,0.397959184,0.875,0.733333333,0,0.285714286,0.8,1,0,0.951219512
0,0.068493151,0.12843385,0.533333333,0,0,0.5,0.5,0.733333333,0.333333333,0.857142857,0,1,1,0.951219512
0,0.068493151,0.153795205,0.533333333,0,0,0.193877551,0.5,0.733333333,0.666666667,0.071428571,0.6,1,1,0.951219512
0,0.369863014,0.200080508,0.8,0,0,0.397959184,0.125,0.6,0,0.285714286,0.2,0.5,0,0.951219512
0,0.438356164,0.169020002,0.933333333,0,0,0.479591837,0.5,0.933333333,0.333333333,0.714285714,0,1,1,0.951219512
0,0.342465753,0.016244338,0.533333333,0,0,0.397959184,0.5,0.733333333,0,1,0.2,1,1,0.951219512
0,0.465753425,0.230696529,0.533333333,0,0,0.193877551,0.75,0.733333333,0.833333333,0.571428571,0.8,1,0,0.951219512
0,0.164383562,0.190991229,0.866666667,0,0,0.448979592,0.5,0.8,0.666666667,0.285714286,0.2,1,1,0.951219512
0,0.424657534,0.181404694,0.6,0,0,0.244897959,0.5,1,0.833333333,0.571428571,0.2,1,0,0.707317073
0,0.04109589,0.189975746,0.4,0,0,0.602040816,0.5,0.066666667,0.666666667,1,0.6,1,1,0.951219512
0,0.095890411,0.18203658,0.066666667,0,0,0.663265306,0.5,0.2,0.666666667,0.357142857,0.2,0.75,1,0.634146341
0,0.671232877,0.126572696,0.866666667,0,0,0.193877551,0.5,0.8,1,0.857142857,0.8,1,0,0.951219512
0,0.01369863,0.016087382,0.466666667,0,0,0.193877551,0,0.133333333,0.666666667,0,0.6,1,1,0.951219512
0,0.068493151,0.24159284,0.4,0,0,0.346938776,0.5,0.066666667,0.333333333,0.214285714,0,1,1,0.951219512
1,0.205479452,0.133552531,0.8,0,0,0.418367347,0.5,0.6,0.333333333,0.857142857,0,1,1,0.951219512
0,0.424657534,0.080830653,0.533333333,0,0,0.295918367,0.5,0.733333333,0.666666667,0.571428571,0.2,1,0,0.951219512
0,0.232876712,0.151934051,0.533333333,0,0,0.448979592,0.5,0.733333333,0.333333333,0.571428571,0,1,1,0.951219512
0,0.205479452,0.257822294,0.8,0,0,0.479591837,0.25,0.6,0.666666667,0.785714286,0.2,1,0,0.951219512
0,0.465753425,0.114945048,0.8,0,0,0.346938776,0.5,0.6,0.666666667,0.714285714,0.2,0.5,1,0.951219512
0,0.068493151,0.154100324,0.533333333,0,0,0.397959184,0.5,0.733333333,0.666666667,0.428571429,0.6,1,1,0.951219512
1,0.178082192,0.366087889,0.533333333,0,0,0.397959184,0.5,0.733333333,0.333333333,0.214285714,0,1,1,0.951219512
0,0.780821918,0.057425843,0.533333333,0,0,0.142857143,0.5,0.733333333,0.333333333,0.571428571,0,1,1,0.951219512
0,0.589041096,0.188285756,0.866666667,0,0,0.397959184,0,0.8,0.333333333,0,0,1,1,0.951219512
0,0.01369863,0.09246033,0.6,0,0,0.234693878,0.5,1,0.666666667,0.571428571,0.6,1,0,0.951219512
0,0.246575342,0.126212101,0.533333333,0,0,0.397959184,0.5,0.733333333,0.333333333,0.357142857,0,1,1,0.951219512
1,0.136986301,0.137485243,0.8,0,0.424242424,0.551020408,0.5,0.6,0.333333333,0.857142857,0,1,1,0.951219512
1,0.465753425,0.198782233,1,0,0,0.397959184,0.5,0.666666667,0.666666667,0.714285714,0.2,1,1,0.951219512
1,0.452054795,0.098780541,0.666666667,0.03103031,0,0.397959184,0.5,0.533333333,0.333333333,0.928571429,0,1,1,0.951219512
1,0.205479452,0.126684324,0.6,0,0,0.397959184,0.25,1,0.333333333,0.785714286,0,1,1,0.951219512
0,0.452054795,0.173741556,0.533333333,0,0,0.397959184,0.5,0.733333333,0,0.071428571,0.2,1,0,0.951219512
0,0.287671233,0.026354512,0.8,0,0,0.448979592,0.25,0.6,0.333333333,0.714285714,0,1,1,0.951219512
1,0.547945205,0.064495658,0.533333333,0,0,0.602040816,0.625,0.733333333,0.833333333,0.357142857,0.2,1,1,0.951219512
0,0.219178082,0.246815708,0.6,0,0,0.346938776,0.25,1,0.833333333,0.571428571,0.6,0.5,0,0.951219512
0,0.232876712,0.005115975,0.533333333,0,0,0.397959184,0.5,0.733333333,0,0.071428571,0.8,1,0,0.951219512
0,0.109589041,0.015945309,0.6,0,0,0.397959184,0.5,1,0.5,0.857142857,0.8,1,0,0.951219512
1,0.534246575,0.058272191,0.933333333,1,0,0.397959184,0.625,0.933333333,0.333333333,0.714285714,0,1,1,0.951219512
0,0.616438356,0.129381002,0.2,0.028290283,0,0.397959184,0.25,0.333333333,0.333333333,0.214285714,0,1,1,0.951219512
0,0.479452055,0.105711667,0.8,0,0,0.397959184,0.625,0.6,0.666666667,0.285714286,0.2,1,1,0.951219512
1,0.589041096,0.154410178,0.533333333,0.07298073,0,0.397959184,0.5,0.733333333,0.333333333,0.214285714,0,1,1,0.951219512
0,0.02739726,0.307264996,0.6,0,0,0.448979592,0,1,0.666666667,0,0.6,1,0,0.951219512
1,0.383561644,0.144218143,0.8,0,0.453856749,0.397959184,0.5,0.6,0.333333333,0.714285714,0,1,1,0.951219512
0,0.054794521,0.15633628,0,0,0,0.244897959,0.5,0.866666667,0.666666667,0.357142857,0.2,1,1,0.634146341
0,0.095890411,0.126261488,0.533333333,0,0,0.244897959,0.5,0.733333333,0.666666667,0.857142857,0.8,0.5,1,0.951219512
0,0.095890411,0.177799427,0.533333333,0,0,0.357142857,0.5,0.733333333,0.666666667,0.428571429,0.2,1,0,0.951219512
0,0.205479452,0.211078976,0.533333333,0,0,0.397959184,0.5,0.733333333,0.333333333,0.214285714,0,1,1,0.951219512
1,0.342465753,0.014838494,0.8,0.07298073,0,0.5,0.125,0.6,0.333333333,0.285714286,0,1,1,0.951219512
0,0.684931507,0.11132422,0.6,0,0,0.397959184,0.5,1,0,0.285714286,0.2,1,0,0.951219512
0,0.054794521,0.205115975,0.533333333,0,0,0.295918367,0.5,0.733333333,0.666666667,0.857142857,0.6,1,0,0.951219512
1,0.205479452,0.134388055,0.533333333,0,0,0.37755102,0.5,0.733333333,0,0.071428571,0.2,1,0,0.951219512
0,0.260273973,0.140177185,0.6,0,0,0.397959184,0.5,1,0.666666667,0.071428571,0.2,1,0,0.951219512
0,0.068493151,0.008531812,0.6,0,0,0.316326531,0.875,1,0.666666667,0.714285714,0.2,1,0,0.951219512
0,0.260273973,0.093197755,0.8,0,0,0.397959184,0.5,0.6,0,0.714285714,0.6,1,0,0.951219512
0,0.260273973,0.07025705,0.533333333,0,0,0.571428571,0.625,0.733333333,0.333333333,1,0,1,1,0.951219512
0,0.178082192,0.089153415,0.533333333,0,0,0.62244898,0.5,0.733333333,0.333333333,0.285714286,0,1,1,0.951219512
0,0.191780822,0.11012269,0.533333333,0,0,0.397959184,0.5,0.733333333,0,0.857142857,0.2,1,0,0.951219512
0,0.493150685,0.153573301,0.533333333,0,0,0.397959184,0.5,0.733333333,0,0.071428571,0.8,1,0,0.951219512
0,0.369863014,0.108988137,0.733333333,0,0,0.397959184,0.5,0.466666667,0,0.928571429,0.8,1,0,0.951219512
0,0.109589041,0.015234268,0.8,0,0,0.193877551,0.5,0.6,0.666666667,0.285714286,0.6,1,0,0.951219512
0,0.260273973,0.117599104,0.6,0,0,0.397959184,0.5,1,0.333333333,1,0,1,1,0.951219512
0,0.383561644,0.179383201,0.8,0,0,0.5,0.75,0.6,0.333333333,0.285714286,0,1,1,0.951219512
0,0.753424658,0.11591182,0.533333333,0,0,0.5,0.5,0.733333333,0.333333333,0.285714286,1,1,0,0.219512195
0,0.082191781,0.07125359,0.8,0,0,0.397959184,0.5,0.6,0.666666667,0.714285714,0.2,1,0,0.951219512
0,0.178082192,0.120385085,0.533333333,0,0,0.397959184,0.5,0.733333333,0.333333333,0.428571429,0,1,1,0.951219512
0,0.424657534,0.089378702,0.6,0,0,0.295918367,0,1,0,0,0.8,0.5,0,0.951219512
1,0.273972603,0.11218004,0.8,0,0,0.397959184,0.5,0.6,0,0.285714286,0.2,1,0,0.951219512
0,0.630136986,0.175402455,0.6,0,0,0.193877551,0.75,1,0.333333333,0.357142857,0,1,1,0.951219512
0,0.397260274,0.116599182,0.666666667,0,0,0.5,0.5,0.533333333,0.333333333,0.214285714,0,1,1,0.951219512
0,0.616438356,0.127220818,0.533333333,0,0,0.397959184,0.5,0.733333333,0.333333333,0.5,0,1,1,0.951219512
0,0.136986301,0.066556391,0.533333333,0,0,0.5,0.5,0.733333333,0.333333333,0.857142857,0,1,1,0.951219512
0,0.04109589,0.092053731,0.2,0,0,0.397959184,0.5,0.333333333,0.666666667,0.428571429,0.4,1,1,0
0,0.150684932,0.131876072,0.733333333,0,0,0.040816327,0.25,0.466666667,0.666666667,0.214285714,0.6,1,1,0.951219512
1,0.767123288,0.091818296,0.6,0.200512005,0,0.357142857,0.5,1,0.333333333,0.071428571,1,1,0,0.951219512
0,0.150684932,0.077023777,0.6,0,0,0.397959184,0.5,1,0.666666667,0.357142857,0.2,1,0,0.951219512
0,0.753424658,0.02800797,0.6,0,0,0.397959184,0.5,1,0.333333333,0.785714286,0,0.5,1,0.951219512
0,0.356164384,0.046652662,0.8,0,0.43067034,0.397959184,0.5,0.6,0,0.928571429,0.2,1,1,0.951219512
0,0.095890411,0.0743386,0.6,0,0,0.397959184,0.5,1,0.666666667,0.071428571,0.6,1,0,0.487804878
0,0.301369863,0.296651478,0.533333333,0,0,0.397959184,0.125,0.733333333,0.666666667,0.428571429,0.8,0.5,1,0.951219512
0,0.287671233,0.098827223,0.6,0,0,0.397959184,0.5,1,0.333333333,0.857142857,0,1,1,0.951219512
0,0.205479452,0.016444593,0.4,0,0,0.5,0.5,0.066666667,0.666666667,0.357142857,0.8,1,1,0.951219512
0,0.287671233,0.107229816,0.666666667,0,0,0.244897959,0.5,0.533333333,0,0.571428571,0.6,1,1,0.951219512
0,0.315068493,0.06612679,0.6,0,0,0.397959184,0.5,1,0.333333333,0.214285714,0,1,1,0.951219512
0,0.205479452,0.068602917,0.666666667,0,0,0.5,0.5,0.533333333,0,0.285714286,0.2,1,0,0.951219512
0,0.260273973,0.080595218,0.6,0,0,0.357142857,0.5,1,0.666666667,0.857142857,0.2,0.5,0,0.951219512
0,0.232876712,0.11603698,0.8,0,0,0.132653061,0.25,0.6,0.666666667,0.571428571,0.2,1,1,0.951219512
0,0.095890411,0.086422234,0.6,0,0,0.448979592,0.5,1,0.666666667,0.5,0.6,0.5,0,0.951219512
0,0.424657534,0.176677728,0.533333333,0,0.362488522,0.397959184,0.5,0.733333333,0.333333333,0.214285714,0,1,1,0.951219512
0,0.219178082,0.098206838,0.4,0,0,0.653061224,0.5,0.066666667,0.666666667,0.214285714,0.2,1,1,0.951219512
0,0.301369863,0.222822987,0.533333333,0,0.383149679,0.5,0.75,0.733333333,0.833333333,0.214285714,0.2,1,1,0.951219512
0,0.054794521,0.190569069,0.6,0,0,0.193877551,0.5,1,0.5,0.857142857,0.6,0.5,0,0.951219512
0,0.684931507,0.111021808,0.533333333,0,0,0.448979592,0.5,0.733333333,0.666666667,0.285714286,0.2,1,0,0.951219512
0,0.479452055,0.163383093,0.4,0,0,0.193877551,0.5,0.066666667,0,0.571428571,0.8,1,0,0.951219512
0,0.575342466,0.092172125,0.6,0,0,0.397959184,0.75,1,0.333333333,0.857142857,0,1,1,0.951219512
0,0.438356164,0.045148043,0.866666667,0,0,0.153061224,0.25,0.8,1,0.714285714,0.8,1,0,0.951219512
0,0.178082192,0.017970862,0.533333333,0,0,0.397959184,0.5,0.733333333,0.333333333,1,0,1,1,0.951219512
0,0.219178082,0.120124618,0.2,0,0,0.397959184,0.5,0.333333333,0.333333333,0.5,0,1,1,0.951219512
1,0.219178082,0.124550526,0.8,0,0.453856749,0.397959184,0.5,0.6,0.333333333,0.285714286,0,1,1,0.951219512
0,0.273972603,0.096017563,0.6,0,0,0.397959184,0.5,1,0.333333333,0.214285714,0,0.25,1,0.414634146
0,0.273972603,0.014789783,0.533333333,0,0,0.683673469,0.5,0.733333333,0.333333333,0.214285714,0,1,1,0.951219512
1,0.205479452,0.061806422,0.666666667,0,0,0.5,0.5,0.533333333,0.333333333,0.285714286,0,1,1,0.951219512
0,0.410958904,0.138100892,0.8,0,0,0.397959184,0.5,0.6,0.666666667,0.285714286,0.2,1,1,0.951219512
1,0.589041096,0.074112637,0.4,0,0,0.397959184,0.5,0.066666667,0.333333333,0.857142857,0,1,1,0.951219512
0,0.095890411,0.159702729,0.6,0,0,0.5,0.25,1,0,0.428571429,0.2,0.5,1,0.951219512
0,0.273972603,0.120883017,0.533333333,0,0,0.397959184,0.5,0.733333333,0.833333333,0.285714286,0.6,1,1,0.951219512
1,0.260273973,0.217849085,0.533333333,0,0,0.397959184,0.5,0.733333333,0.333333333,0.857142857,0,1,1,0.951219512
0,0.561643836,0.232581362,0.8,0,0,0.397959184,0.5,0.6,0.333333333,0.071428571,0,1,1,0.951219512
0,0.438356164,0.12635891,0.533333333,0,0,0.37755102,0.5,0.733333333,0.333333333,0.071428571,0,1,1,0.951219512
0,0.082191781,0.129077237,0.6,0,0,0.397959184,0.5,1,0.666666667,0.5,0.6,1,1,0.951219512
0,0.04109589,0.281449008,0.533333333,0,0,0.397959184,0.75,0.733333333,0.666666667,0.857142857,0.6,1,1,0.951219512
0,0.273972603,0.097408524,0.533333333,0,0,0.397959184,0.5,0.733333333,0.333333333,0.214285714,0,0,1,0.951219512
0,0.356164384,0.226934305,0.8,0,0,0.5,0.125,0.6,0.666666667,0.928571429,0.2,1,1,0.951219512
0,0.150684932,0.140995119,0.6,0,0,0.397959184,0.5,1,0.666666667,0.071428571,0.6,0.5,0,0.951219512
0,0.479452055,0.068201053,0.8,0,0.250688705,0.397959184,0.5,0.6,0.833333333,0.071428571,0.8,1,0,0.951219512
0,0.136986301,0.063914513,0.533333333,0,0,0.448979592,0.5,0.733333333,0,0.071428571,0.8,1,0,0.951219512
0,0.315068493,0.014099715,0.866666667,0,0,0.5,0.625,0.8,0.333333333,0.214285714,0,1,1,0.951219512
0,0.164383562,0.066406876,0.533333333,0,0,0.448979592,0.5,0.733333333,0.333333333,0.428571429,0,1,1,0.951219512
0,0.260273973,0.226779378,1,0,0,0.346938776,0.75,0.666666667,0.333333333,0.714285714,0,1,1,0.951219512
0,0.123287671,0.084833047,0.533333333,0,0,0.397959184,0.5,0.733333333,0.666666667,0.571428571,0.2,1,1,0.951219512
0,0.123287671,0.074848709,0.533333333,0,0,0.56122449,0.5,0.733333333,0.666666667,0.214285714,0.6,1,1,0.951219512
0,0.095890411,0.094887746,0.8,0,0,0.397959184,0.5,0.6,0,1,0.8,1,0,0.951219512
0,0.082191781,0.12907859,0.8,0,0,0.234693878,0.5,0.6,0.666666667,0.071428571,0.6,0.5,1,0.951219512
0,0.02739726,0.084210633,0.6,0,0,0.091836735,0.5,1,0.666666667,0.928571429,0.6,1,0,0.951219512
0,0.534246575,0.087808459,0.6,0,0,0.602040816,0.625,1,0.333333333,0.357142857,0,1,1,0.951219512
1,0.315068493,0.124522787,0.533333333,0,0.433195592,0.448979592,0.5,0.733333333,0.333333333,0.214285714,0,1,1,0.951219512
0,0.287671233,0.018133907,0.533333333,0.068490685,0,0.5,0.125,0.733333333,0.666666667,1,0.2,1,1,0.951219512
1,0.397260274,0.129071148,0.933333333,0,0,0.397959184,0.5,0.933333333,0.333333333,0.714285714,0,1,1,0.951219512
0,0.328767123,0.21939159,0.6,0,0,0.397959184,0.25,1,0.333333333,0.285714286,0,1,1,0.951219512
0,0.273972603,0.067797161,0.8,0,0,0.602040816,0.5,0.6,0.333333333,0.857142857,0,1,1,0.951219512
0,0.054794521,0.131516154,0.6,0,0,0.142857143,0.5,1,0.666666667,0.857142857,0.6,1,0,0.951219512
1,0.698630137,0.114907162,0.6,0.106051061,0,0.193877551,0.625,1,0.333333333,0.285714286,0,1,1,0.951219512
1,0.575342466,0.122487087,0.533333333,0,0,0.397959184,0.5,0.733333333,0.333333333,0.214285714,0,1,1,0.951219512
1,0.301369863,0.115557315,1,0,0,0.397959184,0.875,0.666666667,0,0.714285714,0.2,1,0,0.951219512
0,0.342465753,0.062181224,0.533333333,0,0,0.397959184,0.5,0.733333333,0.666666667,0.428571429,0.4,1,1,0.951219512
0,0.356164384,0.154398677,0.533333333,0,0,0.397959184,0.5,0.733333333,0.333333333,0.428571429,0,1,1,0.951219512
0,0.506849315,0.181316745,0.6,0,0,0.316326531,0.5,1,0.333333333,0.857142857,0,1,1,0.951219512
1,0.342465753,0.115090504,0.533333333,0,0.433195592,0.5,0.5,0.733333333,0.333333333,0.214285714,0,1,1,0.951219512
0,0.191780822,0.103119175,0.6,0,0,0.397959184,0.5,1,0.666666667,0.857142857,0.4,1,0,0
0,0.739726027,0.054743372,0.533333333,0,0,0.153061224,0.5,0.733333333,0,0.571428571,0.2,1,0,0.951219512
0,0.438356164,0.012842032,0.8,0,0,0.5,0.25,0.6,0.333333333,0.714285714,0,1,1,0.951219512
0,0.397260274,0.056544315,0.6,0,0,0.397959184,0.5,1,0,0.571428571,0.8,1,0,0.951219512
1,0.287671233,0.112330231,0.533333333,0,0,0.704081633,0.5,0.733333333,0.333333333,0.857142857,0,1,1,0.951219512
0,0.438356164,0.125728377,0.2,0,0,0.397959184,0.5,0.333333333,0.666666667,0.357142857,0.2,1,1,0.951219512
0,0.02739726,0.047306874,0.533333333,0,0,0.5,0.5,0.733333333,0.666666667,0.857142857,0.2,1,1,0.951219512
0,0,0.097726496,0.333333333,0,0,0.112244898,0.5,0,0.666666667,0.857142857,0.8,1,0,0.951219512
0,0.383561644,0.285079307,0.2,0,0,0.397959184,0.5,0.333333333,0.833333333,0.571428571,0.8,1,0,0.634146341
1,0.479452055,0.103778123,0.6,0,0,0.397959184,0.5,1,0.333333333,0.214285714,0,1,1,0.951219512
0,0.123287671,0.097773177,0.6,0,0,0.397959184,0.5,1,0.333333333,0.5,0,0.5,1,0.951219512
0,0.547945205,0.033159125,0.133333333,0,0,0.397959184,0.5,0.266666667,0.833333333,0.5,0.4,1,0,0.170731707
1,0.260273973,0.056538226,0.866666667,0,0,0.602040816,0.25,0.8,0.333333333,0.714285714,1,1,0,0.951219512
0,0.520547945,0.11076743,0.266666667,0,0,0.224489796,0.5,0.4,0.333333333,0.928571429,1,1,0,0.951219512
0,0.808219178,0.048807434,0.6,0.020620206,0,0.367346939,0.5,1,1,0.857142857,0.2,0.25,0,0.951219512
0,0.479452055,0.053719771,0.6,0,0,0.397959184,0.25,1,0.333333333,1,0,1,1,0.951219512
0,0.178082192,0.021424585,0.733333333,0,0,0.397959184,0.125,0.466666667,0.666666667,0.714285714,0.2,1,0,0.951219512
1,0.301369863,0.012604567,0.6,0,0.436639118,0.5,0.125,1,0.333333333,0.285714286,0,1,1,0.951219512
1,0.589041096,0.121209108,0.533333333,1,0,0.397959184,0.5,0.733333333,0.333333333,0.285714286,0,1,1,0.951219512
0,0.01369863,0.12175575,0.6,0,0,0.091836735,0.5,1,0.666666667,0.857142857,0.6,1,0,0.951219512
0,0.068493151,0.133108046,0.6,0,0,0.346938776,0.5,1,0.666666667,0.571428571,0.2,1,0,0.951219512
0,0.150684932,0.173491914,0.533333333,0,0,0.459183673,0.5,0.733333333,0.333333333,0.214285714,0,1,1,0.951219512
1,0.410958904,0.10550397,0.8,0.07298073,0,0.397959184,0.5,0.6,0.333333333,0.071428571,0,1,1,0.951219512
1,0.575342466,0.098411829,0.8,0,0.689623508,0.397959184,0.5,0.6,1,0.285714286,0.8,1,1,0.951219512
1,0.191780822,0.078021669,0.8,0,0,0.397959184,0.5,0.6,0.333333333,0.714285714,1,1,0,0.951219512
0,0.232876712,0.130771963,0.533333333,0,0,0.397959184,0.5,0.733333333,0.333333333,0.857142857,1,1,0,0.951219512
0,0.095890411,0.013961025,0.533333333,0,0,0.397959184,0.75,0.733333333,0.666666667,0.857142857,0.2,1,1,0.951219512
0,0.205479452,0.130391749,0.733333333,0,0,0.5,0.5,0.466666667,0.666666667,0.857142857,0.2,0.5,1,0.951219512
0,0.301369863,0.118232343,0.533333333,0.040640406,0,0.37755102,0.5,0.733333333,0.333333333,0.857142857,0,1,1,0.951219512
0,0.068493151,0.115551226,0.6,0,0,0.346938776,0.5,1,0.666666667,0.5,0.2,1,0,0.951219512
0,0.410958904,0.130446548,0.533333333,0,0,0.37755102,0.625,0.733333333,0.333333333,0.714285714,0,1,1,0.268292683
0,0.04109589,0.10109024,0.6,0,0,0.346938776,0.5,1,0.666666667,0.857142857,0.6,1,0,0.951219512
0,0.616438356,0.047777744,0.8,0.040640406,0,0.346938776,0.5,0.6,0.333333333,0.285714286,1,1,0,0.219512195
1,0.178082192,0.014563143,0.8,0,0,0.397959184,0,0.6,0.333333333,0,1,0.75,0,0.87804878
1,0.575342466,0.099131664,0.6,0,0,0.602040816,0.5,1,0.333333333,0.285714286,0,1,1,0.951219512
0,0.02739726,0.144433958,0.6,0,0,0.397959184,0,1,0.666666667,0,0.6,1,1,0.951219512
1,0.287671233,0.058709911,0.8,0,0,0.5,0.5,0.6,0.666666667,0.071428571,0.2,1,0,0.951219512
1,0.273972603,0.082593032,0.8,0,0,0.367346939,0.5,0.6,0.333333333,0.285714286,1,1,0,0.951219512
0,0.150684932,0.067136184,0.4,0,0,0.397959184,0.5,0.066666667,0.666666667,0.5,0.8,1,0,0.658536585
0,0.712328767,0.064467244,0.533333333,0.029640296,0,0.346938776,0,0.733333333,0,0,0.2,1,0,0.951219512
0,0.328767123,0.223794495,0.8,0,0.399449036,0.193877551,0.25,0.6,0.333333333,0.714285714,1,1,0,0.951219512
0,0.383561644,0.129243665,0.6,0,0,0.37755102,0.25,1,0,0.071428571,0.2,1,0,0.951219512
0,0.547945205,0.163033323,0.133333333,0,0,0.346938776,0.75,0.266666667,0.833333333,0.571428571,0.8,1,0,0.12195122
1,0.136986301,0.117285867,0.533333333,0,0,0.5,0.5,0.733333333,0.333333333,0.5,0,1,1,0.951219512
0,0.246575342,0.252434351,0.8,0,0,0.397959184,0.5,0.6,0.666666667,0.071428571,0.2,1,0,0.951219512
0,0.109589041,0.029384047,0.6,0,0,0.244897959,0.5,1,0.666666667,0.928571429,0.6,1,1,0.951219512
0,0.410958904,0.113435017,0.6,0,0,0.244897959,0.5,1,1,1,0.8,1,0,0.682926829
0,0.095890411,0.245862467,0.6,0,0,0.397959184,0.5,1,0.666666667,0.071428571,0.2,1,0,0.585365854
0,0.150684932,0.076791048,0.533333333,0,0,0.397959184,0.5,0.733333333,0.666666667,0.071428571,0.2,1,0,0.951219512
0,0.630136986,0.218153527,0.533333333,0,0,0.193877551,0,0.733333333,0.333333333,0,0,1,1,0.951219512
0,0.410958904,0.063572185,0.8,0,0,0.5,0.75,0.6,0,0.857142857,0.2,1,0,0.951219512
0,0.054794521,0.106884782,0.6,0,0,0.397959184,0.5,1,0.666666667,0.714285714,0.6,0.5,0,0.951219512
1,0.410958904,0.496832114,0.8,0,0.433195592,0.397959184,0.125,0.6,0.333333333,0.285714286,0,0.5,1,0.951219512
0,0.246575342,0.044625756,0.666666667,0,0,0.5,0.5,0.533333333,0.333333333,0.214285714,0,1,1,0.951219512
0,0.369863014,0.13085653,0.533333333,0,0,0.397959184,0.5,0.733333333,0.666666667,0.285714286,0.2,1,0,0.951219512
0,0.068493151,0.01407333,0.533333333,0,0,0.448979592,0.5,0.733333333,0.333333333,0.5,0,1,1,0.951219512
0,0.315068493,0.059647592,0.6,0,0,0.397959184,0.5,1,0.666666667,0.214285714,0.2,1,1,0.951219512
1,0.438356164,0.144218143,0.8,0,0,0.602040816,0.75,0.6,0.333333333,0.857142857,0,1,1,0.951219512
0,0.520547945,0.162659198,0.666666667,0,0,0.397959184,0.5,0.533333333,0.333333333,0.071428571,0,1,1,0.951219512
1,0.424657534,0.072961847,0.533333333,0,0,0.704081633,0.5,0.733333333,0.333333333,0.071428571,0,1,1,0.951219512
0,0.054794521,0.009029067,0.6,0,0,0.397959184,0.75,1,0.666666667,0.357142857,0.6,1,1,0.951219512
0,0.315068493,0.190242302,0.533333333,0,0,0.316326531,0.5,0.733333333,0,0.642857143,0.8,1,0,0.951219512
1,0.575342466,0.179112586,0.533333333,0,0,0.602040816,0.5,0.733333333,0,0.928571429,0.8,1,1,0.951219512
1,0.479452055,0.125094462,0.6,0,0,0.43877551,0.125,1,0.333333333,0.071428571,0,1,1,0.951219512
0,0.315068493,0.123876018,0.6,0,0,0.397959184,0.875,1,0.333333333,0.785714286,0,1,1,0.951219512
0,0.219178082,0.060399225,0.866666667,0,0,0.397959184,0.5,0.8,0.666666667,0.285714286,0.2,1,0,0.951219512
1,0.260273973,0.132289436,0.8,0.07298073,0,0.397959184,0.5,0.6,0.333333333,0.714285714,0,1,1,0.951219512
0,0.205479452,0.114285424,0.6,0,0,0.653061224,0.75,1,0.833333333,0.357142857,0.8,1,0,0.951219512
0,0.205479452,0.06239298,0.533333333,0,0,0.244897959,0.875,0.733333333,0,0.571428571,0.2,1,0,0.951219512
0,0.438356164,0.089347581,0.6,0,0,0.244897959,0.75,1,0.333333333,0.857142857,0,1,1,0.951219512
0,0.164383562,0.153726875,0.6,0,0,0.5,0.75,1,0.833333333,0.071428571,0.8,1,0,0.951219512
0,0.04109589,0.071362512,0.6,0,0,0.397959184,0.5,1,0.666666667,0.714285714,0.6,1,1,0.951219512
0,0.356164384,0.259676006,0.533333333,0,0,0.397959184,0,0.733333333,0.333333333,0,0,1,1,0.951219512
1,0.383561644,0.105524266,0.533333333,0,0.433195592,0.397959184,0.5,0.733333333,0.333333333,0.5,0,1,1,0.951219512
0,0.123287671,0.110616562,0.533333333,0,0,0.397959184,0.5,0.733333333,0,0.428571429,0.6,1,0,0.951219512
0,0.246575342,0.12123211,0.8,0,0,0.397959184,0.125,0.6,0.5,0.285714286,0.2,0.5,1,0.951219512
0,0.506849315,0.105836149,0.533333333,0,0,0.397959184,0.75,0.733333333,0.333333333,0.857142857,0,1,1,0.951219512
0,0.219178082,0.19382795,0.333333333,0,0,0.397959184,0.25,0,0,1,0.2,1,1,0.951219512
0,0.383561644,0.094026513,0.6,0,0,0.244897959,0.25,1,0.333333333,0.571428571,1,0.5,0,0.951219512
0,0.054794521,0.102580652,0.6,0,0,0.020408163,0,1,0.666666667,0,0.6,1,0,0.951219512
0,0.356164384,0.649522534,0.6,0,0,0.479591837,0.5,1,0.333333333,0.571428571,0,1,1,0.951219512
0,0.205479452,0.197316853,0.533333333,0,0,0.397959184,0.5,0.733333333,0.333333333,0.5,0,1,1,0.951219512
0,0.328767123,0.06797712,0.6,0,0,0.346938776,0.5,1,0.333333333,0.071428571,1,1,0,0.951219512
1,0.657534247,0.098701387,0.866666667,0.106051061,0,0.43877551,0.75,0.8,0.333333333,0.857142857,0,1,1,0.951219512
0,0.328767123,0.168103294,0.6,0,0,0.397959184,0.125,1,0.333333333,0.285714286,0,1,1,0.951219512
0,0.328767123,0.014238405,0.533333333,0,0,0.448979592,0.5,0.733333333,0.333333333,0.214285714,0,1,1,0.951219512
1,0.383561644,0.162229596,0.866666667,0,0,0.397959184,0.5,0.8,0.333333333,0.285714286,0,1,1,0.951219512
0,0.438356164,0.119637511,0.533333333,0.050130501,0,0.5,0.75,0.733333333,0.333333333,0.214285714,0,1,1,0.951219512
0,0.01369863,0.133582299,0.6,0,0,0.295918367,0,1,0.666666667,0,0.6,1,0,0.951219512
0,0.547945205,0.06586294,0.6,0,0.383838384,0.448979592,0.5,1,0.333333333,0.285714286,0,1,1,0.951219512
0,0.561643836,0.135699184,0.533333333,0,0,0.397959184,0.5,0.733333333,0,0.428571429,0.2,1,1,0.951219512
0,0.383561644,0.031861526,0.8,0,0,0.551020408,0.5,0.6,0.833333333,0.285714286,0.2,1,0,0.951219512
0,0.123287671,0.207178061,0.6,0,0,0.397959184,0.5,1,0.666666667,1,0.2,1,1,0.951219512
1,0.342465753,0.107663477,0.8,0.07298073,0,0.448979592,0.5,0.6,0.333333333,0.928571429,0,1,1,0.951219512
0,0.246575342,0.217849085,0.6,0,0,0.5,0.5,1,0.333333333,0.214285714,0,1,1,0.951219512
0,0.068493151,0.14746011,0.733333333,0,0,0.397959184,0.5,0.466666667,0.666666667,0.071428571,0.4,1,0,0.951219512
1,0.493150685,0.146791014,0.733333333,0,0,0.448979592,0.25,0.466666667,0.333333333,0.928571429,0,1,1,0.951219512
0,0.095890411,0.112926261,0.466666667,0,0,0.551020408,0.5,0.133333333,0.666666667,0.857142857,0.4,1,1,0.951219512
0,0.273972603,0.285371571,0.733333333,0,0,0.397959184,0.5,0.466666667,0,0.214285714,0.2,0.5,1,0.951219512
0,0.205479452,0.211147982,0.8,0,0,0.397959184,0.5,0.6,0.666666667,0.714285714,0.6,1,1,0.951219512
0,0.520547945,0.139482381,0.533333333,0,0,0.397959184,0.5,0.733333333,0,0.857142857,0.8,1,0,0.951219512
1,0.739726027,0.081030231,0.8,0.093860939,0,0.5,0.5,0.6,0.333333333,0.714285714,0,0.5,1,0.951219512
0,0.246575342,0.120348552,0.6,0,0,0.397959184,0.5,1,0.666666667,0.285714286,0.2,1,0,0.951219512
1,0.342465753,0.141844173,0.866666667,0,0,0.448979592,0.5,0.8,0.333333333,0.285714286,0,1,1,0.951219512
0,0.150684932,0.290461162,0.8,0,0,0.428571429,0.5,0.6,0.666666667,0.571428571,0.2,1,1,0.634146341
0,0.095890411,0.305941689,0.733333333,0,0,0.397959184,0.5,0.466666667,0.666666667,0.857142857,0.2,0.5,1,0
0,0.342465753,0.021538243,0.866666667,0,0.43067034,0.397959184,0.5,0.8,0,0.714285714,0.2,1,0,0.951219512
0,0.082191781,0.147768611,0.6,0,0,0.214285714,0.5,1,0.666666667,0.428571429,0.6,0.5,1,0.951219512
0,0.438356164,0.070020939,0.666666667,0,0,0.448979592,0.5,0.533333333,0.333333333,0.428571429,0,1,1,0.951219512
0,0.616438356,0.117995555,0.533333333,0,0,0.397959184,0.5,0.733333333,0.333333333,0.214285714,0,1,1,0.951219512
0,0.082191781,0.129188189,0.6,0,0,0.397959184,0.5,1,0.666666667,0.571428571,0.2,1,0,0.951219512
0,0.438356164,0.111803209,0.533333333,0,0,0.346938776,0.5,0.733333333,0.833333333,0.071428571,0.8,1,0,0.951219512
0,0.054794521,0.300975905,0.6,0,0,0.163265306,0.5,1,0.666666667,0.857142857,0.6,0.5,1,0.951219512
0,0.246575342,0.267931115,0.2,0,0,0.244897959,0.5,0.333333333,0.5,0.571428571,0.2,1,1,0.634146341
0,0.602739726,0.090996303,0.2,0,0,0.397959184,0.5,0.333333333,0.333333333,1,0,1,1,0.951219512
0,0.01369863,0.137457505,0.466666667,0,0,0.244897959,0,0.133333333,0.666666667,0,0.6,1,0,0.951219512
0,0.369863014,0.155829553,0.6,0,0,0.397959184,0.5,1,0.333333333,0.5,0,1,1,0.951219512
0,0.547945205,0.15610964,0.6,0,0,0.397959184,0.875,1,1,0.857142857,0.2,1,0,0.951219512
1,0.328767123,0.097611485,0.8,0.043860439,0,0.5,0.5,0.6,0.333333333,0.285714286,0,1,1,0.951219512
1,0.684931507,0.08497918,0.8,0,0,0.153061224,0,0.6,1,0,0.2,1,0,0.951219512
0,0.465753425,0.083779679,0.666666667,0,0,0.37755102,0.5,0.533333333,0,0.071428571,0.8,1,0,0.951219512
0,0.191780822,0.092222188,0.533333333,0,0,0.397959184,0.5,0.733333333,0.333333333,0.5,0,0.5,1,0.951219512
0,0.054794521,0.111630015,0.6,0,0,0.397959184,0,1,0.666666667,0,0.6,1,0,0.951219512
0,0.424657534,0.103498036,0.333333333,0,0,0.397959184,0.5,0,0.333333333,0.357142857,0,0.5,1,0.951219512
0,0.534246575,0.11321176,0.333333333,0,0,0.316326531,0.5,0,0.833333333,0.571428571,0.8,1,0,0.951219512
0,0.452054795,0.199650907,0.866666667,0,0,0.397959184,0.875,0.8,0,0.714285714,0.8,1,0,0.951219512
0,0.246575342,0.154819483,0.8,0,0,0.5,0.5,0.6,0.666666667,0.714285714,0.2,1,1,0.951219512
0,0.547945205,0.127829702,0.533333333,0,0,0.295918367,0.5,0.733333333,0.333333333,0.642857143,0,1,1,0.951219512
0,0.383561644,0.028397655,0.6,0,0,1,0.5,1,0,0.214285714,0.8,1,1,0.951219512
1,0.643835616,0.105263799,0.533333333,0,0,0.602040816,0.75,0.733333333,0.333333333,0.714285714,0,1,1,0.951219512
0,0.04109589,0.283988052,0.6,0,0,0.142857143,0.875,1,0.666666667,0.428571429,0.2,1,1,0.951219512
0,0.205479452,0.131089935,0.6,0,0,0.5,0.875,1,0.5,0.357142857,0.6,1,1,0.951219512
0,0.561643836,0.014275615,0.733333333,0,0,0.193877551,0.75,0.466666667,0.333333333,0.214285714,1,1,0,0.951219512
0,0.123287671,0.052121114,0.8,0,0,0.397959184,0.5,0.6,0.666666667,0.857142857,0.2,1,1,0.951219512
0,0.04109589,0.264684412,0.533333333,0,0.394628099,0.326530612,0.5,0.733333333,0.666666667,0.571428571,0.2,1,1,0.951219512
0,0.369863014,0.051770667,0.466666667,0,0,0.397959184,0.5,0.133333333,0.333333333,1,0,1,1,0.951219512
0,0.095890411,0.014387243,0.6,0,0,0.5,0.5,1,0,0.071428571,0.2,1,1,0.951219512
1,0.287671233,0.18809159,0.533333333,0,0,0.397959184,0.5,0.733333333,0.333333333,0.214285714,0,1,1,0.951219512
0,0.02739726,0.075448798,0.533333333,0,0,0.397959184,0.5,0.733333333,0.666666667,0.071428571,0.4,1,0,0.951219512
0,0.02739726,0.116311654,0.6,0,0,0.397959184,0.5,1,0.666666667,0.857142857,0.2,1,1,0.951219512
0,0.068493151,0.101042882,0.533333333,0,0,0.397959184,0.5,0.733333333,0.666666667,0.5,0.4,1,0,0.097560976
1,0.328767123,0.107285969,0.8,0,0,0.5,0.5,0.6,0.333333333,0.285714286,0,1,1,0.951219512
0,0.616438356,0.075409559,0.6,0,0,0.908163265,0.625,1,0.333333333,0.214285714,0,1,1,0.951219512
1,0.315068493,0.156479706,0.8,0,0,0.43877551,0.5,0.6,0.333333333,0.285714286,0,1,1,0.951219512
0,0.260273973,0.134071436,0.533333333,0,0,0.602040816,0.5,0.733333333,0.333333333,0.285714286,0,1,1,0.634146341
0,0.260273973,0.133497055,0.8,0,0,0.37755102,0.5,0.6,0.333333333,0.714285714,0,1,1,0.951219512
0,0.04109589,0.017704982,0.6,0,0,0.091836735,0.25,1,0.666666667,0.214285714,0.2,1,1,0.951219512
0,0.753424658,0.123738004,0.533333333,0,0,0.112244898,0.5,0.733333333,1,0.642857143,0.8,1,0,0.12195122
0,0.506849315,0.073401596,1,0,0,0.193877551,0,0.666666667,0.5,0,0.8,0.25,1,0.463414634
0,0.630136986,0.136564476,0.8,0,0,0.397959184,0.25,0.6,0.333333333,1,0,1,1,0.12195122
0,0.369863014,0.021460441,0.666666667,0,0,0.397959184,0.5,0.533333333,0,1,0.2,1,1,0.951219512
1,0.369863014,0.115726449,0.933333333,0,0,0.551020408,0.5,0.933333333,0.333333333,0.285714286,0,1,1,0.951219512
0,0.01369863,0.14109254,0.4,0,0,0.193877551,0.5,0.066666667,0.666666667,0.571428571,0.2,1,0,0.951219512
0,0.150684932,0.017276058,0.6,0,0,0.448979592,0.5,1,0,0.857142857,0.8,1,0,0.951219512
0,0.164383562,0.285051569,0.6,0,0,0.397959184,0.5,1,0.666666667,0.071428571,0.2,1,0,0.951219512
0,0.232876712,0.089649993,0.6,0,0,0.397959184,0.5,1,0.666666667,0.071428571,0.2,1,0,0.951219512
1,0.150684932,0.214557731,0.8,0,0,0.5,0.125,0.6,0.666666667,0.285714286,0.2,1,1,0.951219512
0,0.356164384,0.110438633,0.6,0,0,0.397959184,0.25,1,0.333333333,0.571428571,0,1,1,0.951219512
0,0.109589041,0.156364694,0.533333333,0,0,0.397959184,0.5,0.733333333,0.666666667,0.571428571,0.2,0.5,0,0.951219512
1,0.438356164,0.067433183,0.8,0,0,0.602040816,0.75,0.6,0.333333333,0.285714286,0,1,1,0.829268293
1,0.273972603,0.393041813,0.8,0,0,0.5,0.25,0.6,0.333333333,0.714285714,1,1,0,0.951219512
1,0.342465753,0.227049316,0.8,0,0.436639118,0.5,0.5,0.6,0.333333333,0.285714286,0,1,1,0.951219512
1,0.260273973,0.212839326,0.533333333,0,0,0.397959184,0.5,0.733333333,0.333333333,0.214285714,0,1,1,0.951219512
1,0.575342466,0.120596841,0.533333333,0,0,0.397959184,0.125,0.733333333,0.333333333,0.214285714,0,1,1,0.951219512
0,0.424657534,0.121170545,0.533333333,0,0,0.37755102,0.5,0.733333333,0,0.571428571,0.2,1,0,0.951219512
0,0.02739726,0.089646611,0.4,0,0,0.397959184,0.5,0.066666667,0.666666667,0.5,0.6,1,1,0.951219512
0,0.260273973,0.217899825,0.4,0,0,0.316326531,0.5,0.066666667,0.833333333,0.285714286,0.2,1,0,0.951219512
1,0.328767123,0.076567791,0.6,0,0,0.602040816,0.5,1,0.333333333,0.285714286,0,1,1,0.951219512
0,0.136986301,0.101358149,0.2,0,0,0.295918367,0.5,0.333333333,0.666666667,0.642857143,0.6,1,0,0.951219512
0,0.150684932,0.016450682,0.6,0,0,0.346938776,0.5,1,0.666666667,0.571428571,0.8,1,0,0.951219512
1,0.205479452,0.336283036,0.6,0,0,0.5,0.5,1,0.333333333,0.428571429,0,1,1,0.048780488
0,0.410958904,0.269777385,0.6,0,0,0.367346939,0.5,1,0,0.071428571,0.2,0.5,0,0.951219512
0,0.369863014,0.02894971,0.866666667,0,0,0.602040816,0.875,0.8,0.666666667,0.714285714,0.2,1,0,0.951219512
1,0.602739726,0.097595248,0.933333333,0,0,0.397959184,0.625,0.933333333,0.833333333,0.714285714,0.2,1,1,0.951219512
0,0.054794521,0.129644175,0.533333333,0,0,0.183673469,0.5,0.733333333,0.333333333,0.071428571,1,1,0,0.951219512
0,0.342465753,0.222819605,0.4,0,0,0.397959184,0.5,0.066666667,0,0.214285714,0.2,1,1,0.951219512
0,0.356164384,0.082063304,0.6,0,0,0.397959184,0.5,1,0.333333333,0.5,0,1,1,0.951219512
1,0.465753425,0.240119341,1,0,0,0.704081633,0.875,0.666666667,0.5,0.714285714,0.2,1,1,0.951219512
1,0.287671233,0.071386191,0.866666667,0.076880769,0,0.602040816,0.5,0.8,0.333333333,0.285714286,0,1,1,0.951219512
0,0.150684932,0.317009164,0.533333333,0,0,0.448979592,0.5,0.733333333,0.333333333,0.5,0,1,1,0.951219512
0,0.287671233,0.270284788,0.666666667,0,0,0.397959184,0.5,0.533333333,0,0.071428571,0.8,1,0,0.951219512
0,0.356164384,0.025288966,0.533333333,0,0,0.448979592,0,0.733333333,0,0,0.2,0,1,0.951219512
1,0.657534247,0.108515914,0.8,0,0,0.43877551,0.625,0.6,0.333333333,0.285714286,0,1,1,0.634146341
0,0.315068493,0.087660974,0.933333333,0,0,0.724489796,0.875,0.933333333,0.333333333,0.714285714,0,1,1,0.951219512
0,0.246575342,0.146837695,0.533333333,0,0,0.397959184,0.5,0.733333333,0.333333333,0.5,1,0.5,0,0.951219512
1,0.315068493,0.009882181,0.8,0,0,0.397959184,0.5,0.6,0.333333333,0.071428571,0,1,1,0.951219512
0,0.068493151,0.257650453,0.6,0,0,0.295918367,0,1,0.666666667,0,0.6,1,1,0.951219512
0,0.136986301,0.144414339,0.8,0,0,0.346938776,0.5,0.6,0.666666667,0.071428571,0.6,0.5,1,0.951219512
0,0.246575342,0.173420201,0.533333333,0,0,0.448979592,0.5,0.733333333,0,0.571428571,0.2,1,0,0.951219512
0,0.520547945,0.049041516,0.533333333,0,0,0.295918367,0.5,0.733333333,0.333333333,0.642857143,1,1,0,0.951219512
0,0.01369863,0.183579762,0.6,0,0,0.397959184,0.5,1,0.666666667,0.071428571,0.2,1,1,0.951219512
0,0.082191781,0.13408226,0.6,0,0,0.193877551,0.5,1,0.666666667,0.571428571,0.6,1,0,0.951219512
0,0.095890411,0.069011545,0.6,0,0,0.397959184,0.5,1,0.666666667,0.214285714,0.8,1,1,0.951219512
0,0.465753425,0.165197566,0.8,0,0,0.5,0.5,0.6,0.333333333,0.071428571,0,0.25,1,0.731707317
1,0.671232877,0.107600559,0.6,0,0,0.397959184,0.5,1,0.333333333,1,0,0.5,1,0.951219512
1,0.383561644,0.284510339,0.533333333,0.07298073,0,0.908163265,0.75,0.733333333,0.333333333,0.214285714,0,1,1,0.951219512
0,0.260273973,0.129510897,0.533333333,0,0,0.397959184,0.5,0.733333333,0,0.214285714,0.8,1,1,0.951219512
0,0.205479452,0.235708318,0.4,0,0,0.5,0.75,0.066666667,0,0.214285714,0.2,1,1,0.951219512
0,0.328767123,0.008441833,0.533333333,0.074430744,0,0.397959184,0.5,0.733333333,0,1,0.8,1,1,0.951219512
0,0.397260274,0.091084929,0.533333333,0,0,0.397959184,0.5,0.733333333,0.833333333,0.857142857,0.2,1,0,0.951219512
0,0.767123288,0.086389083,0.4,0,0,0.397959184,0.5,0.066666667,0.333333333,0.5,0,1,1,0.951219512
1,0.465753425,0.114231301,0.866666667,0,0,0.387755102,0.25,0.8,0.833333333,0.714285714,0.2,1,1,0.951219512
1,0.438356164,0.111310013,0.8,0.051780518,0,0.397959184,0.5,0.6,0.333333333,0.071428571,0,1,1,0.951219512
0,0.232876712,0.029521384,0.533333333,0,0,0.397959184,0,0.733333333,0.333333333,0,0,1,1,0.951219512
0,0.410958904,0.023389249,0.6,0,0,0.397959184,0.5,1,0,0.071428571,0.2,1,1,0.951219512
0,0.082191781,0.02771097,0.8,0,0.367768595,0.112244898,0.5,0.6,0.666666667,0.857142857,0.2,1,1,0.951219512
0,0.123287671,0.496677863,0.533333333,0,0,0.479591837,0.5,0.733333333,0.666666667,0.428571429,0.6,0.5,1,0.951219512
1,0.657534247,0.137758564,0.533333333,0,0.499081726,0.397959184,0.875,0.733333333,0.333333333,0.071428571,0,1,1,0.951219512
1,0.301369863,0.083359549,0.533333333,0,0,0.397959184,0.125,0.733333333,0.333333333,0.071428571,0,1,1,0.951219512
0,0.191780822,0.186814964,0.333333333,0,0,0.397959184,0.5,0,0.333333333,0.5,0,1,1,0.951219512
1,0.383561644,0.013578781,0.8,0,0,0.551020408,0.5,0.6,0.333333333,0.857142857,0,1,1,0.951219512
1,0.520547945,0.122348396,0.533333333,0,0.433195592,0.397959184,0.5,0.733333333,0.333333333,0.428571429,0,1,1,0.951219512
0,0.794520548,0.155483843,0.533333333,0.023460235,0,0.142857143,0.75,0.733333333,0,0.857142857,0.2,1,1,0.951219512
0,0.602739726,0.074392723,0.466666667,0,0,0.397959184,0.5,0.133333333,0.333333333,0.571428571,1,1,0,0.951219512
1,0.534246575,0.058233629,0.866666667,0,0,0.397959184,0.5,0.8,0.333333333,0.714285714,0,1,1,0
1,0.315068493,0.112777423,0.533333333,0,0,0.295918367,0.5,0.733333333,0.333333333,0.071428571,1,1,0,0.951219512
0,0.136986301,0.140597315,0.8,0,0.43067034,0.5,0.5,0.6,0.666666667,0.857142857,0.2,1,1,0.951219512
1,0.493150685,0.095070411,0.8,0,0,0.397959184,0.5,0.6,0.333333333,0.714285714,0,1,1,0.951219512
0,0.082191781,0.060617746,0.333333333,0,0,0.397959184,0.5,0,0.666666667,0.214285714,0.2,1,0,0.951219512
0,0.054794521,0.204841978,0.2,0,0,0.479591837,0.5,0.333333333,0.666666667,0.571428571,0.4,1,1,0.634146341
0,0.109589041,0.153159937,0.6,0,0,0.397959184,0.5,1,0.666666667,0.5,0.2,1,1,0.951219512
0,0.328767123,0.086341049,0.333333333,0,0,0.5,0.5,0,0.666666667,0.428571429,0.8,1,1,0.951219512
1,0.547945205,0.061729974,0.866666667,0,0,0.37755102,0.75,0.8,0.333333333,0.928571429,0,1,1,0.951219512
0,0.287671233,0.132664914,0.8,0,0,0.071428571,0.5,0.6,0.666666667,0.5,0.2,1,0,0.951219512
1,0.136986301,0.079409248,0.666666667,0,0,0.397959184,0,0.533333333,0.333333333,0,1,0,0,0.951219512
0,0.273972603,0.11925865,0.533333333,0,0,0.551020408,0.75,0.733333333,0.333333333,1,0,1,1,0.951219512
0,0.082191781,0.09474432,0.6,0,0,0.397959184,0.5,1,0.666666667,0.285714286,0.6,1,1,0.951219512
0,0.04109589,0.193450442,0.6,0,0,0.346938776,0.5,1,0.666666667,0.857142857,0.2,1,1,0.951219512
0,0.589041096,0.013051758,0.666666667,0,0,0.397959184,0.5,0.533333333,0.333333333,0.928571429,0,1,1,0.951219512
0,0.356164384,0.152898793,0.333333333,0,0,0.397959184,0.5,0,0.666666667,0.5,0.2,0.5,1,0.951219512
0,0.383561644,0.094115816,0.466666667,0,0,0.397959184,0.5,0.133333333,0.333333333,1,0,0.5,1,0.951219512
0,0.01369863,0.103960111,0.4,0,0,0.204081633,0.5,0.066666667,0.666666667,0.571428571,0.6,1,0,0.951219512
0,0.616438356,0.061122443,0.6,0,0,0.5,0.75,1,1,0.357142857,0.8,1,0,0.951219512
0,0.273972603,0.096309151,0.733333333,0.021050211,0,0.5,0.75,0.466666667,0.333333333,0.357142857,0,1,1,0.951219512
1,0.410958904,0.073633648,0.866666667,0,0,0.346938776,0.25,0.8,0.333333333,0.714285714,0,1,1,0.951219512
0,0.506849315,0.053595965,0.6,0,0,0.653061224,0.75,1,0.333333333,0.857142857,0,1,1,0.951219512
1,0.561643836,0.227414646,0.533333333,0,0,0.397959184,0.5,0.733333333,0.333333333,0.214285714,0,1,1,0.951219512
0,0.205479452,0.155276822,0.533333333,0,0,0.397959184,0.5,0.733333333,0.333333333,0.571428571,1,0.75,0,0.951219512
0,0.04109589,0.019667617,0.6,0,0,0.397959184,0.5,1,0.666666667,0.714285714,0.2,1,0,0.951219512
0,0.191780822,0.147046069,0.066666667,0,0.468778696,0.397959184,0.5,0.2,0.333333333,0.5,0,1,1,0.634146341
0,0.328767123,0.101206604,0.533333333,0,0,0.5,0.5,0.733333333,0.833333333,0.5,0.2,0.5,1,0.951219512
0,0.054794521,0.116262943,0.533333333,0,0,0,0.5,0.733333333,0.666666667,0.5,0.6,0.5,1,0.951219512
0,0.383561644,0.065724927,0.8,0,0,0.551020408,0.5,0.6,0.333333333,0.714285714,0,1,1,0.951219512
1,0.356164384,0.216227425,0.6,0,0,0.602040816,0.5,1,0.333333333,1,0,1,1,0.951219512
0,0.315068493,0.114152146,0.533333333,0,0,0.469387755,0.5,0.733333333,0.833333333,0.571428571,0.8,1,0,0.951219512
0,0.178082192,0.109265517,0.6,0,0,0.397959184,0.75,1,0.833333333,0.714285714,0.8,0.5,0,0.951219512
0,0.109589041,0.136069927,0.8,0,0,0.397959184,0.5,0.6,0.666666667,0.928571429,0.8,1,1,0.951219512
0,0.123287671,0.027436296,0.6,0,0,0.397959184,0.5,1,0,0.285714286,0.2,1,1,0.951219512
0,0.082191781,0.12660314,0.6,0,0,0.193877551,0.5,1,0.666666667,0.071428571,0.6,1,0,0.951219512
0,0.452054795,0.04413459,0.4,0,0,0.397959184,0.5,0.066666667,0.666666667,0.642857143,0.8,1,0,0.951219512
1,0.246575342,0.1831346,0.533333333,0.051780518,0,0.5,0.5,0.733333333,0.333333333,0.857142857,0,1,1,0.951219512
0,0.315068493,0.089898959,0.533333333,0.040640406,0,0.397959184,0.5,0.733333333,0.333333333,0.214285714,0,1,1,0.951219512
0,0.068493151,0.057207321,0.6,0,0.367768595,0.193877551,0,1,0.666666667,0,0.2,1,0,0.951219512
1,0.328767123,0.278863958,0.6,0,0,0.448979592,0.5,1,0.333333333,0.214285714,0,0.5,1,0.951219512
0,0.123287671,0.083373756,0.533333333,0,0,0.5,0.5,0.733333333,0.666666667,0.214285714,0.6,1,1,0.951219512
0,0.589041096,0.103615754,0.2,0,0,0.397959184,0.5,0.333333333,0,0.5,0.8,1,0,0.951219512
1,0.520547945,0.108503736,0.6,0,0,0.397959184,0.5,1,0.333333333,0.214285714,0,1,1,0.951219512
0,0.246575342,0.166725864,0.733333333,0,0,0.397959184,0.25,0.466666667,0.333333333,0.928571429,0,1,1,0.951219512
1,0.342465753,0.074371751,0.533333333,0,0,0.397959184,0.5,0.733333333,1,0.714285714,0.2,1,1,0.951219512
0,0.068493151,0.090109362,0.533333333,0,0,0.397959184,0.5,0.733333333,0.666666667,0.428571429,0.6,0,1,0.951219512
0,0.383561644,0.012984781,0.8,0.028290283,0,0.602040816,0.75,0.6,0.333333333,0.857142857,0,1,1,0.951219512
0,0.219178082,0.290683742,0.6,0,0,0.234693878,0.5,1,0.666666667,0.428571429,0.6,1,1,0.951219512
1,0.589041096,0.112280844,0.6,0,0.433195592,0.397959184,0.5,1,0.333333333,0.071428571,0,1,1,0.951219512
0,0.424657534,0.092720796,0.733333333,0,0,0.551020408,0.5,0.466666667,0.5,0.214285714,0.2,1,1,0.951219512
0,0.178082192,0.131848334,0.8,0,0,0.397959184,0.5,0.6,0.333333333,0.071428571,1,1,0,0.634146341
0,0.054794521,0.096160989,0.6,0,0,0.397959184,0.5,1,0.666666667,0.071428571,0.6,0.25,0,0.951219512
1,0.589041096,0.145487327,0.866666667,0,0,0.397959184,0.25,0.8,0.333333333,0.285714286,0,1,1,0.951219512
0,0.602739726,0.07350443,0.6,0,0,0.397959184,0.5,1,0.666666667,0.642857143,0.2,1,0,0.951219512
1,0.369863014,0.085721341,0.6,0,0,0.5,0.625,1,0.333333333,0.285714286,0,1,1,0.951219512
0,0.273972603,0.252378874,0.2,0,0,0.397959184,0.5,0.333333333,0.833333333,0.571428571,0.8,0.5,1,0.951219512
1,0.452054795,0.089354347,0.533333333,0,0,0.5,0.5,0.733333333,0.333333333,0.5,0,1,1,0.951219512
1,0.178082192,0.131021605,0.6,0,0,0.397959184,0.5,1,0.333333333,0.5,0,1,1,0.951219512
0,0.136986301,0.017833524,0.8,0,0,0.397959184,0.125,0.6,0.666666667,0.285714286,0.2,1,0,0.951219512
0,0.123287671,0.061061555,0.333333333,0,0,0.397959184,0,0,0.666666667,0,0.8,0,0,0.951219512
0,0.04109589,0.16772308,0.533333333,0,0,0.091836735,0.5,0.733333333,0.666666667,0.071428571,0.6,1,0,0.951219512
0,0.01369863,0.046193293,0.533333333,0,0,0.602040816,0,0.733333333,0.666666667,0,0.6,1,1,0.951219512
0,0.438356164,0.158822554,0.6,0,0,0.397959184,0.875,1,0.333333333,0.785714286,0,1,1,0.951219512
1,0.342465753,0.1573795,0.8,0,0,0.397959184,0.5,0.6,0.333333333,0.071428571,0,1,1,0.951219512
1,0.328767123,0.23316792,0.6,0,0,0.43877551,0.125,1,0.333333333,0.714285714,0,1,1,0.951219512
0,0.136986301,0.238615399,0.6,0,0,0.37755102,0.5,1,0.666666667,0.571428571,0.2,1,1,0.951219512
0,0.219178082,0.145011721,0.6,0,0,0.397959184,0.5,1,0.666666667,0.285714286,0.6,1,0,0.951219512
0,0.123287671,0.077745642,0.533333333,0,0,0.397959184,0.5,0.733333333,0,0.5,0.2,1,1,0.951219512
1,0.397260274,0.04481654,0.8,0,0,0.602040816,0.5,0.6,0.333333333,0.928571429,0,1,1,0.951219512
0,0.342465753,0.008441833,0.8,0,0,0.653061224,0.75,0.6,0,0.214285714,0.2,1,1,0.951219512
0,0.547945205,0.064017346,0.533333333,0,0,0.397959184,0.5,0.733333333,0,0.071428571,0.8,0.25,0,0.951219512
0,0.369863014,0.085710516,0.533333333,0,0,0.5,0.5,0.733333333,0.666666667,1,0.2,1,1,0.951219512
0,0,0.081118181,0.333333333,0,0,0.142857143,0.5,0,0.666666667,0.428571429,0.6,1,1,0.951219512
0,0.082191781,0.3275097,0.6,0,0,0.397959184,0.25,1,0.5,0.071428571,0.6,1,0,0.317073171
0,0.273972603,0.31945417,0.8,0,0,0.602040816,0.25,0.6,0.666666667,0.571428571,0.2,0.5,1,0.951219512
0,0.219178082,0.102038745,0.8,0,0,0.193877551,0.875,0.6,0.666666667,0.714285714,0.2,1,1,0.951219512
0,0.465753425,0.15523826,0.133333333,0,0,0.397959184,0.5,0.266666667,0.833333333,0.5,0.8,1,0,0.634146341
1,0.410958904,0.160938087,0.533333333,0,0,0.397959184,0.5,0.733333333,0.333333333,0.5,0,0.5,1,0.951219512
0,0.452054795,0.120746356,0.133333333,0,0,0.397959184,0.5,0.266666667,0.333333333,0.428571429,0,1,1,0.634146341
0,0.479452055,0.110503581,0.666666667,0,0,0.397959184,0.5,0.533333333,0,0.571428571,0.8,1,0,0.951219512
1,0.232876712,0.208311938,0.933333333,0,0,0.479591837,0.75,0.933333333,0.833333333,0.714285714,0.8,1,1,0.951219512
0,0.630136986,0.195399546,0.4,0,0,0.214285714,0.5,0.066666667,0.333333333,0.857142857,0,1,1,0.951219512
1,0.410958904,0.117303457,0.533333333,0,0,0.5,0.75,0.733333333,0.333333333,0.285714286,0,1,1,0.951219512
1,0.397260274,0.272486241,0.6,0,0,0.602040816,0.5,1,0.333333333,0.857142857,0,0.5,1,0.951219512
0,0.068493151,0.174142066,0.6,0,0,0.346938776,0.5,1,0.666666667,0.857142857,0.6,1,1,0.951219512
0,0.123287671,0.071856385,0.533333333,0,0,0.5,0.5,0.733333333,0.333333333,1,0,1,1,0.951219512
1,0.356164384,0.287550698,0.6,0,0,0.397959184,0.5,1,0.333333333,1,0,1,1,0.951219512
0,0,0.055616106,0.4,0,0,0.183673469,0.5,0.066666667,0.666666667,0.857142857,0.6,1,0,0.951219512
1,0.178082192,0.222331821,0.866666667,0.150241502,0,0.602040816,0.5,0.8,0.333333333,0.285714286,0,1,1,0.951219512
0,0.095890411,0.091626159,0.866666667,0,0,0.193877551,0.875,0.8,0.666666667,0.714285714,0.2,0.25,1,0.463414634
0,0.493150685,0.133697987,0.066666667,0,0,0.346938776,0.5,0.2,0.333333333,0.571428571,0,0.5,1,0.804878049
0,0.04109589,0.155242995,0.533333333,0,0,0.397959184,0.5,0.733333333,0.333333333,0.5,0,1,1,0.951219512
0,0.397260274,0.183151514,0.666666667,0,0,0.632653061,0.625,0.533333333,0,0.285714286,0.8,0.25,0,0.902439024
1,0.287671233,0.187649811,0.8,0,0,0.448979592,0.5,0.6,0,0.857142857,0.8,1,1,0.951219512
0,0.178082192,0.147046069,0.533333333,0,0,0.397959184,0.5,0.733333333,0.333333333,0.5,0,1,1,0.634146341
0,0.150684932,0.055369846,0.533333333,0,0,0.397959184,0.5,0.733333333,0.666666667,0.5,0.2,1,1,0.951219512
0,0.054794521,0.12660314,0.6,0,0,0.397959184,0.5,1,0.666666667,0.071428571,0.2,1,0,0.951219512
0,0.068493151,0.073868407,0.4,0,0,0.397959184,0.5,0.066666667,0.666666667,0.857142857,0.2,1,0,0.951219512
1,0.191780822,0.225176661,0.933333333,0.140841408,0,0.5,0.5,0.933333333,0,0.714285714,0.2,1,1,0.951219512
0,0.260273973,0.113566942,0.466666667,0,0,0.397959184,0.5,0.133333333,0,0.428571429,0.2,1,1,0.951219512
0,0.02739726,0.147453344,0.533333333,0,0,0.459183673,0.5,0.733333333,0.666666667,1,0.6,1,1,0.951219512
0,0.095890411,0.116317743,0.6,0,0,0.397959184,0.875,1,0.666666667,0.071428571,0.6,1,0,0.951219512
0,0.397260274,0.102183524,0.533333333,0,0,0.397959184,0.5,0.733333333,0.333333333,0.571428571,1,1,0,0.951219512
0,0.410958904,0.09172764,0.533333333,0,0,0.5,0.625,0.733333333,0.333333333,0.857142857,0,1,1,0.951219512
0,1,0.08759332,0.266666667,0,0,0.397959184,0.5,0.4,0.666666667,0.071428571,0.2,1,0,0.951219512
0,0.287671233,0.243688076,0.4,0,0,0.397959184,0.5,0.066666667,0.666666667,0.571428571,0.6,0.5,0,0.951219512
0,0.164383562,0.083221536,0.666666667,0,0,0.397959184,0.5,0.533333333,0.666666667,0.071428571,0.6,1,0,0.951219512
0,0.356164384,0.126232397,0.666666667,0,0,0.887755102,0.625,0.533333333,0.333333333,0.357142857,0,1,1,0.951219512
0,0.356164384,0.017989805,0.533333333,0,0,0.5,0.75,0.733333333,0.333333333,0.357142857,0,1,1,0.951219512
0,0.794520548,0.139526356,0.6,0,0,0.295918367,0.75,1,0.5,0.214285714,0.2,1,1,0.951219512
0,0.260273973,0.086798388,0.533333333,0,0,0.397959184,0.5,0.733333333,0,0.428571429,0.2,1,1,0.951219512
0,0.465753425,0.248635593,0.333333333,0,0,0.397959184,0.5,0,0.333333333,0.5,0,0.5,1,0.951219512
0,0.342465753,0.130255088,0.8,0,0,0.346938776,0.5,0.6,0.333333333,0.571428571,0,0.5,1,0.951219512
0,0.260273973,0.151202038,0.8,0,0,0.397959184,0.875,0.6,0.666666667,0.285714286,0.2,1,0,0.951219512
0,0.150684932,0.074591625,0.333333333,0,0,0.397959184,0.5,0,0,0.428571429,0.2,1,1,0.951219512
0,0.273972603,0.108439465,0.533333333,0,0,0.397959184,0.5,0.733333333,0,0.5,0.2,1,1,0.951219512
0,0.397260274,0.174279403,0.8,0,0,0.397959184,0.125,0.6,0.333333333,0.285714286,0,0.5,1,0.951219512
0,0.082191781,0.085735548,0.666666667,0,0,0.397959184,0.5,0.533333333,0.666666667,1,0.6,0.25,1,0.853658537
0,0.657534247,0.105717755,0.533333333,0,0,0.397959184,0,0.733333333,0.333333333,0,0,1,1,0.951219512
0,0.369863014,0.009874063,1,0,0.250688705,0.397959184,0.875,0.666666667,0,0.714285714,0.2,1,0,0.951219512
0,0.684931507,0.086376906,0.2,0,0,0.397959184,0.75,0.333333333,0.333333333,0.214285714,0,1,1,0.951219512
1,0.369863014,0.066375756,0.866666667,0.140841408,0,0.56122449,0.5,0.8,0.666666667,0.285714286,0.2,1,1,0.951219512
0,0.342465753,0.065476637,0.8,0,0,0.397959184,0.5,0.6,0.833333333,0.928571429,0.2,1,1,0.951219512
0,0.753424658,0.204505062,0.6,0,0,0.071428571,0,1,1,0,0.2,1,0,0.951219512
0,0.465753425,0.113225967,0.533333333,0,0,0.397959184,0.5,0.733333333,0,0.071428571,0.8,1,0,0.951219512
0,0.315068493,0.01519097,0.6,0,0,0.357142857,0.25,1,0.333333333,0.285714286,1,1,0,0.951219512
0,0.342465753,0.209794231,0.666666667,0.024070241,0,0.397959184,0.5,0.533333333,0.333333333,0.5,0,1,1,0.951219512
0,0.520547945,0.091206029,0.266666667,0,0,0.5,0.75,0.4,0.333333333,0.214285714,0,1,1,0.951219512
0,0.150684932,0.105701518,0.666666667,0,0,0.397959184,0,0.533333333,0.333333333,0,0.6,1,0,0.951219512
0,0.315068493,0.116715546,0.866666667,0,0.506198347,0.448979592,0.75,0.8,0,0.714285714,0.2,1,0,0.951219512
0,0.410958904,0.040994781,0.866666667,0,0,0.397959184,0.5,0.8,0.666666667,0.714285714,0.2,1,0,0.951219512
0,0.315068493,0.016420238,1,0,0,0.551020408,0.5,0.666666667,0.333333333,0.714285714,0,1,1,0.951219512
0,0.273972603,0.066105141,0.266666667,0,0,0.397959184,0.5,0.4,0.333333333,0.571428571,1,0.25,0,0.414634146
0,0.04109589,0.124794079,0.6,0.005940059,0,0.153061224,0.5,1,0.666666667,0.571428571,0.6,1,0,0.951219512
0,0.178082192,0.060110343,0.8,0,0,0.5,0.5,0.6,0.666666667,0.285714286,0.2,1,0,0.951219512
0,0.123287671,0.157754978,0.733333333,0,0,0.295918367,0.5,0.466666667,0.666666667,0.857142857,0.6,1,1,0.951219512
0,0.123287671,0.10745375,0.8,0,0,0.397959184,0.5,0.6,0.666666667,0.285714286,0.6,1,0,0.951219512
1,0.356164384,0.083768854,0.533333333,0,0.424242424,0.397959184,0.125,0.733333333,0.333333333,0.071428571,1,0.5,0,0.951219512
0,0.150684932,0.030296019,0.533333333,0,0,0.397959184,0.5,0.733333333,0.333333333,1,0,1,1,0.951219512
0,0.452054795,0.098773776,0.6,0,0,0.397959184,0.5,1,0.333333333,0.5,0,1,1,0.951219512
1,0.178082192,0.015077988,0.933333333,0,0,0.806122449,0.5,0.933333333,0.333333333,0.714285714,0,1,1,0.951219512
0,0.02739726,0.333453757,0.266666667,0,0,0.397959184,0,0.4,0.666666667,0,0.4,1,0,0.951219512
0,0.109589041,0.210365229,0.8,0,0,0.397959184,0.5,0.6,0.333333333,1,0,1,1,0.951219512
0,0.01369863,0.019311082,0.4,0,0,0.244897959,0.5,0.066666667,0.666666667,0.857142857,0.4,0,0,0.951219512
0,0.068493151,0.252520947,0.333333333,0,0,0.397959184,0.5,0,0.666666667,0.571428571,0.2,1,1,0.634146341
0,0.164383562,0.24246422,0.866666667,0,0,0.5,0.25,0.8,0.666666667,0.714285714,0.2,1,0,0.951219512
1,0.273972603,0.08698173,0.8,0,0,0.5,0.5,0.6,0.333333333,0.285714286,0,1,1,0.951219512
0,0.164383562,0.128318162,0.666666667,0,0,0.397959184,0.5,0.533333333,0.333333333,0.5,0,1,1,0
1,0.465753425,0.153030042,0.533333333,0,0.436639118,0.418367347,0.5,0.733333333,0.333333333,0.428571429,0,1,1,0.951219512
0,0.205479452,0.131089935,0.6,0,0,0.346938776,0.5,1,0.666666667,0.071428571,0.2,1,1,0.951219512
0,0.04109589,0.184642602,0.6,0,0,0.295918367,0,1,0.666666667,0,0.6,1,0,0.951219512
0,0.424657534,0.1730569,0.6,0,0,0.397959184,0.5,1,0,0.285714286,0.2,1,0,0.951219512
0,0.410958904,0.060157024,0.6,0.040640406,0,0.397959184,0.5,1,0.333333333,0.928571429,0,0.5,1,0.951219512
0,0.287671233,0.207427027,0.8,0,0,0.520408163,0.875,0.6,0.333333333,0.785714286,0,0.5,1,0.951219512
0,0.712328767,0.086523038,0.533333333,0,0,0.234693878,0.5,0.733333333,0.333333333,0.857142857,0,1,1,0.951219512
1,0.506849315,0.138639416,0.866666667,0,0.433195592,0.37755102,0.25,0.8,0.333333333,0.714285714,1,0.5,0,0.951219512
0,0.150684932,0.129556225,0,0,0,0.37755102,0.5,0.866666667,0.666666667,0.357142857,0.2,1,1,0.634146341
1,0.287671233,0.136473143,0.533333333,0,0,0.5,0.75,0.733333333,0.333333333,0.714285714,0,1,1,0.951219512
0,0.342465753,0.028290762,0.666666667,0,0,0.397959184,0.5,0.533333333,0,0.071428571,0.8,1,0,0.951219512
1,0.342465753,0.122857153,0.6,0,0,0.397959184,0.5,1,0.333333333,0.714285714,0,1,1,0.951219512
0,0.164383562,0.172226112,0.8,0,0,0.397959184,0.75,0.6,0.833333333,0.714285714,0.6,1,1,0.951219512
0,0.082191781,0.123891578,0.533333333,0,0,0.397959184,0.5,0.733333333,0.666666667,0.071428571,0.8,0.5,0,0.951219512
0,0.232876712,0.119044188,0.533333333,0,0,0.397959184,0.5,0.733333333,0.333333333,0.428571429,0,1,1,0
0,0.109589041,0.092019227,0.6,0,0,0.346938776,0.5,1,0.666666667,0.571428571,0.6,1,0,0.951219512
0,0.095890411,0.178334568,0.533333333,0,0,0.397959184,0.5,0.733333333,0.833333333,0.571428571,0.8,0.5,0,0.951219512
1,0.273972603,0.064971264,0.8,0,0,0.448979592,0.25,0.6,0.333333333,0.928571429,0,1,1,0.951219512
1,0.287671233,0.061590607,0.6,0.076880769,0,0.397959184,0.5,1,0.333333333,0.214285714,0,1,1,0.951219512
1,0.424657534,0.076859378,0.8,0,0,0.397959184,0.5,0.6,0.333333333,0.928571429,0,1,1,0.951219512
0,0.397260274,0.103234187,0.6,0,0,0.43877551,0.5,1,0.333333333,0.214285714,0,1,1,0.951219512
0,0.205479452,0.086466209,0.4,0,0,0.397959184,0.5,0.066666667,0.333333333,0.214285714,0,1,1,0.951219512
0,0.082191781,0.133411812,0.8,0,0,0.5,0.5,0.6,0.666666667,0.071428571,0.6,1,0,0.951219512
0,0.136986301,0.113978276,0.733333333,0,0,0.397959184,0.5,0.466666667,0.666666667,0.857142857,0.2,1,1,0.951219512
0,0.205479452,0.101396035,0.6,0,0,0.397959184,0.5,1,0.333333333,0.285714286,0,1,1,0.951219512
0,0.054794521,0.087386976,0.533333333,0,0,0.397959184,0.5,0.733333333,0.666666667,0.571428571,0.6,1,0,0.951219512
0,0.246575342,0.15769206,0.533333333,0,0,0.397959184,0.125,0.733333333,0.666666667,0.071428571,0.2,1,1,0.951219512
0,0.068493151,0.147768611,0.733333333,0,0,0.193877551,0.5,0.466666667,0.666666667,0.428571429,0.6,0.5,1,0.56097561
0,0.136986301,0.237307652,0.266666667,0,0,0.234693878,0.5,0.4,0.666666667,0.642857143,0.8,1,0,0.634146341
0,0.205479452,0.022541548,0.8,0,0,0.704081633,0.75,0.6,0.333333333,0.357142857,0,1,1,0.951219512
0,0.397260274,0.131783386,0.866666667,0,0,0.602040816,0.5,0.8,0.666666667,0.071428571,0.2,1,1,0.951219512
0,0.424657534,0.01255315,0.6,0.050130501,0,0.448979592,0.75,1,0.333333333,0.714285714,0,1,1,0.951219512
0,0.04109589,0.04920862,0.533333333,0,0,0.397959184,0.5,0.733333333,0.666666667,0.571428571,0.6,1,0,0.951219512
0,0.232876712,0.077327542,0.8,0,0,0.448979592,0.25,0.6,0.333333333,0.285714286,0,1,1,0.951219512
0,0.178082192,0.174166421,0.533333333,0,0,0.397959184,0.5,0.733333333,0.666666667,0.285714286,0.2,1,0,0.951219512
0,0.082191781,0.227033756,0.8,0,0,0.295918367,0.5,0.6,0.666666667,0.071428571,0.2,1,1,0.951219512
0,0.150684932,0.147768611,0.533333333,0,0,0.397959184,0,0.733333333,0.666666667,0,0.2,0.5,1,0.951219512
0,0.424657534,0.179729588,0.533333333,0,0,0.397959184,0.5,0.733333333,0.333333333,0.214285714,0,1,1,0.951219512
0,0,0.146209192,0.4,0,0,0.06122449,0.5,0.066666667,0.666666667,0.571428571,0.6,1,0,0.951219512
1,0.356164384,0.108611982,0.6,1,0,0.551020408,0.625,1,0.333333333,0.857142857,0,1,1,0.951219512
0,0.246575342,0.152666065,0.533333333,0,0,0.602040816,0.5,0.733333333,0.333333333,0.428571429,0,1,1,0.951219512
0,0.164383562,0.164527794,0.2,0,0,0.295918367,0.5,0.333333333,0.666666667,0.428571429,0.6,1,1,0.634146341
0,0.616438356,0.223097662,0.533333333,0,0,0.397959184,0.875,0.733333333,0.333333333,1,0,1,1,0.951219512
0,0.123287671,0.209282769,0.533333333,0,0,0.153061224,0,0.733333333,0.666666667,0,0.8,1,0,0.951219512
0,0.534246575,0.150808293,0.533333333,0,0,0.37755102,0.5,0.733333333,0.666666667,0.071428571,0.2,1,0,0.951219512
0,0.917808219,0.154778214,0.866666667,0,0,0.663265306,0.5,0.8,0.666666667,0.714285714,0.2,1,1,0.951219512
0,0.136986301,0.144515143,0.533333333,0,0,0.397959184,0.5,0.733333333,0.333333333,0.571428571,0,1,1,0.951219512
0,0.424657534,0.033623906,0.266666667,0,0,0.193877551,0,0.4,0.833333333,0,0.2,0,0,0.951219512
0,0.068493151,0.126607876,0.6,0,0,0.397959184,0,1,0.666666667,0,0.2,1,0,0.951219512
0,0.02739726,0.075184272,0.466666667,0.010550106,0,0.397959184,0.5,0.133333333,0.833333333,0.714285714,0.6,1,0,0.951219512
0,0.219178082,0.190286277,0.6,0.040640406,0,0.397959184,0.125,1,0.333333333,0.928571429,1,1,0,0.951219512
0,0.780821918,0.070855109,0.6,0,0,0.153061224,0.875,1,0.833333333,0.857142857,0.2,1,1,0.951219512
0,0.150684932,0.126702591,0.8,0,0,0.397959184,0.5,0.6,0.333333333,0.571428571,0,0.5,1,0.951219512
0,0.452054795,0.042199017,0.6,0,0,0.397959184,0.25,1,1,0.714285714,0.8,1,1,0.951219512
0,0.657534247,0.108666105,0.533333333,0,0,0.397959184,0.5,0.733333333,1,0.071428571,0.8,1,0,0.951219512
1,0.410958904,0.210750178,0.933333333,0.150241502,0,0.551020408,0.5,0.933333333,0.333333333,0.714285714,0,1,1,0.951219512
0,0.04109589,0.121523021,0.533333333,0,0,0.397959184,0.5,0.733333333,0.666666667,0.785714286,0.6,1,1,0.951219512
0,0.301369863,0.005161303,0.6,0,0,0.397959184,0.5,1,0,0.071428571,0.8,0,0,0.951219512
0,0.095890411,0.07627688,0.533333333,0,0,0.448979592,0.5,0.733333333,0.333333333,0.857142857,0,1,1,0.951219512
1,0.465753425,0.269146176,0.866666667,0,0,0.397959184,0.5,0.8,0.333333333,0.214285714,0,1,1,0.951219512
0,0.534246575,0.101380474,0.533333333,0,0,0.397959184,0.125,0.733333333,0.333333333,1,0,0,1,0.951219512
1,0.287671233,0.173892424,0.8,0.051780518,0,0.5,0.5,0.6,0.333333333,0.071428571,0,1,1,0.951219512
1,0.547945205,0.081467951,0.866666667,0.105201052,0,0.316326531,0.5,0.8,0.833333333,0.714285714,0.2,1,1,0.951219512
0,0.01369863,0.150643218,0.6,0,0,0.244897959,0.5,1,0.666666667,0.071428571,0.6,1,0,0.951219512
0,0.02739726,0.056755395,0.6,0,0,0.193877551,0.5,1,0.666666667,0.071428571,0.6,1,0,0.951219512
0,0.726027397,0.090888057,0.533333333,0.034710347,0,0.326530612,0.5,0.733333333,0.333333333,1,0,1,1,0.951219512
0,0.191780822,0.150658778,0.4,0,0,0.479591837,0.5,0.066666667,0.666666667,0.071428571,0.8,1,0,0.951219512
1,1,0.07446173,0.933333333,0.200512005,0,0.448979592,0.75,0.933333333,0.333333333,0.714285714,0,1,1,0.951219512
1,0.246575342,0.054227851,0.466666667,0,0,0.5,0.5,0.133333333,0,0.214285714,0.2,1,1,0.951219512
0,0.438356164,0.197637532,0.4,0,0,0.397959184,0.5,0.066666667,0.333333333,0.857142857,1,1,0,0.951219512
0,0.123287671,0.612222324,0.466666667,0,0,0.397959184,0.5,0.133333333,0.666666667,1,0.6,0.5,1,0.951219512
0,0.589041096,0.072515332,0.733333333,0,0,0.397959184,0.75,0.466666667,0.333333333,0.285714286,0,0.25,1,0.585365854
0,0.191780822,0.121537905,0.866666667,0,0.518365473,0.397959184,0.5,0.8,0.666666667,0.285714286,0.2,1,0,0.951219512
0,0.438356164,0.102776171,0.6,0,0,0.397959184,0.5,1,0.333333333,0.714285714,0,1,1,0.951219512
0,0.684931507,0.023113222,0.8,0,0,0.091836735,0,0.6,0.333333333,0,0,1,1,0.951219512
0,0.164383562,0.043788203,0.4,0,0.632231405,0.418367347,0.5,0.066666667,0.833333333,0.857142857,0.2,1,0,0.951219512
0,0.260273973,0.173198296,0.533333333,0,0,0.408163265,0.5,0.733333333,0.333333333,0.214285714,0,1,1,0.951219512
0,0.698630137,0.059240316,0.533333333,0,0,0.275510204,0.5,0.733333333,1,0.5,0.2,1,0,0.951219512
1,0.397260274,0.110156517,0.533333333,0,0.340909091,0.397959184,0.5,0.733333333,0.333333333,0.071428571,0,1,1,0.951219512
0,0.342465753,0.01471604,0.8,0,0,0.346938776,0.75,0.6,0.666666667,0.357142857,0.6,1,1,0.951219512
0,0.178082192,0.322326071,0.666666667,0,0,0.397959184,0.5,0.533333333,0.333333333,0.428571429,0,1,1,0.634146341
0,0.506849315,0.123623669,0.533333333,0,0,0.397959184,0.5,0.733333333,0.666666667,0.071428571,0.2,1,0,0.951219512
0,0.342465753,0.185879989,0.466666667,0,0,0.091836735,0.625,0.133333333,0,0.214285714,0.2,1,1,0.951219512
0,0.054794521,0.061559486,0.466666667,0.045080451,0,0.295918367,0.75,0.133333333,0.333333333,0.071428571,1,1,0,0.780487805
0,0.232876712,0.010231951,0.266666667,0,0,0.5,0.5,0.4,0.333333333,0.214285714,0,1,1,0.951219512
0,0.191780822,0.138380302,0.533333333,0,0,0.397959184,0.5,0.733333333,0.833333333,0.571428571,0.8,0.5,0,0.951219512
1,0.465753425,0.122747553,0.533333333,0,0,0.56122449,0.875,0.733333333,0.333333333,0.214285714,0,1,1,0.951219512
0,0.095890411,0.189223437,0.533333333,0,0,0.397959184,0.5,0.733333333,0.666666667,0.357142857,0.2,1,1,0.951219512
0,0.260273973,0.055665493,0.666666667,0,0,0.397959184,0.5,0.533333333,0,0.928571429,0.2,1,1,0.951219512
0,0.136986301,0.006858059,0.6,0,0,0.397959184,0.5,1,0.666666667,0.857142857,0.4,1,1,0.951219512
0,0.109589041,0.120129354,0.6,0,0,0.397959184,0.5,1,0.666666667,0.5,0.6,0.5,1,0.951219512
1,0.397260274,0.142440879,0.866666667,0,0,0.602040816,0.625,0.8,0.333333333,0.285714286,0,1,1,0.951219512
0,0.342465753,0.11502285,0.533333333,0,0,0.397959184,0.5,0.733333333,0.333333333,0.285714286,0,1,1,0.951219512
1,0.356164384,0.095288256,0.866666667,0.150241502,0,0.397959184,0.25,0.8,0.333333333,0.714285714,0,1,1,0.951219512
1,0.438356164,0.066272245,0.8,0,0,0.448979592,0.5,0.6,0.333333333,0.285714286,0,1,1,0.951219512
0,0.054794521,0.10011129,0.6,0.024630246,0,0.5,0.5,1,0.666666667,0.285714286,0.6,0.25,1,0.219512195
0,0.01369863,0.265597061,0.4,0,0.367768595,0.193877551,0.5,0.066666667,0.666666667,0.857142857,0.6,0.5,0,0.951219512
0,0.219178082,0.014506314,0.866666667,0,0,0.397959184,0.25,0.8,0.333333333,0.714285714,1,1,0,0.951219512
0,0.123287671,0.03097188,0.8,0,0,0.193877551,0.5,0.6,0.666666667,0.071428571,0.2,1,0,0.951219512
1,0.465753425,0.011992978,0.6,0,0,0.5,0.75,1,0.333333333,0.857142857,0,1,1,0.951219512
0,0.191780822,0.120908048,0.533333333,0,0,0.397959184,0.5,0.733333333,0.666666667,0.857142857,0.2,1,0,0.951219512
0,0.369863014,0.064066057,0.8,0,0,0.704081633,0.5,0.6,0.666666667,0.071428571,0.2,1,0,0.951219512
0,0.095890411,0.080463969,0.533333333,0,0,0.397959184,0.5,0.733333333,0.666666667,0.071428571,0.6,0.5,0,0.951219512
1,0.315068493,0.134199978,0.8,0,0,0.43877551,0.5,0.6,0.333333333,0.714285714,0,1,1,0.951219512
0,0.246575342,0.105899744,0.533333333,0,0,0.397959184,0.5,0.733333333,0.666666667,0.5,0.2,1,1,0.951219512
0,0.246575342,0.012440169,0.466666667,0,0,0.846938776,0.5,0.133333333,0.333333333,0.214285714,0,1,1,0.951219512
0,0.205479452,0.262665625,0.6,0,0,0.397959184,0.5,1,0.333333333,0.5,0,1,1,0.951219512
1,0.315068493,0.096128515,0.933333333,0,0,0.602040816,0.5,0.933333333,0.333333333,0.714285714,0,1,1,0.951219512
0,0.178082192,0.100998231,0.533333333,0,0,0.448979592,0.5,0.733333333,0.333333333,0.571428571,1,1,0,0.951219512
0,0.520547945,0.100361609,0.533333333,0.045080451,0,0.071428571,0.5,0.733333333,0.333333333,0.5,0,1,1,1
0,0.136986301,0.096017563,0.733333333,0,0,0.397959184,0.5,0.466666667,0.333333333,1,0,0.25,1,0
0,0.616438356,0.13879096,0.8,0,0,0.397959184,0.5,0.6,0.333333333,0.857142857,0,1,1,0.951219512
0,0.02739726,0.067988621,0.6,0,0,0.295918367,0,1,0.666666667,0,0.6,1,0,0.951219512
0,0.643835616,0.106641905,0.8,0,0,0.397959184,0.875,0.6,0.666666667,0.285714286,0.2,1,0,0.951219512
1,0.109589041,0.074344689,0.8,0,0,0.448979592,0.5,0.6,0.333333333,0.714285714,0,1,1,0.951219512
0,0.082191781,0.157285462,0.6,0,0,0.193877551,0.5,1,0.666666667,0.5,0.6,0.5,0,0.56097561
1,0.191780822,0.145361491,0.8,0,0,0.551020408,0.5,0.6,0.333333333,0.857142857,0,1,1,0.951219512
0,0.273972603,0.160633645,0.8,0,0,0.265306122,0.5,0.6,0.666666667,0.071428571,0.8,0.5,0,0.951219512
0,0.068493151,0.120197008,0.8,0,0,0.551020408,0.5,0.6,0.666666667,0.714285714,0.2,1,1,0.951219512
0,0.123287671,0.09915399,0.533333333,0,0,0.448979592,0.5,0.733333333,0.333333333,0.5,0,1,1,0.951219512
0,0.273972603,0.275861486,0.066666667,0,0,0.397959184,0.5,0.2,0.333333333,0.357142857,0,1,1,0.634146341
1,0.438356164,0.133123607,0.8,0,0,0.602040816,0.5,0.6,0.333333333,0.857142857,0,1,1,0.951219512
0,0.054794521,0.134446914,0.6,0,0,0.397959184,0,1,0.666666667,0,0.6,1,0,0.951219512
0,0.205479452,0.138667154,0.666666667,0,0,0.428571429,0.875,0.533333333,0,0.285714286,0.2,1,0,0.951219512
0,0.328767123,0.068356657,0.733333333,0,0,0.397959184,0.25,0.466666667,0.333333333,0.071428571,0,1,1,0.951219512
1,0.342465753,0.093107776,0.6,0,0,0.244897959,0.5,1,0.333333333,0.857142857,0,1,1,0.951219512
0,0,0.206844528,0.533333333,0,0,0.193877551,0.5,0.733333333,0.666666667,0.571428571,0.4,1,1,0.951219512
1,0.369863014,0.094947957,0.8,0.03103031,0,0.397959184,0.5,0.6,0.333333333,0.071428571,0,1,1,0.951219512
0,0.068493151,0.055731117,0.666666667,0,0,0.43877551,0.5,0.533333333,0.666666667,0.214285714,0.2,1,1,0.951219512
0,0.575342466,0.071351688,0.733333333,0,0,0.071428571,0,0.466666667,0,0,0.2,1,1,0.951219512
0,0.287671233,0.121215196,0.533333333,0,0,0.091836735,0.5,0.733333333,0.333333333,0.571428571,1,1,0,0.951219512
1,0.356164384,0.113870707,0.933333333,0.150241502,0,0.602040816,0.5,0.933333333,0.333333333,0.714285714,0,1,1,0.951219512
0,0.808219178,0.271571562,0.2,0,0,0.275510204,0.75,0.333333333,0.333333333,0.357142857,0,1,1,0.951219512
0,0.123287671,0.100615987,0.666666667,0,0,0.806122449,0.5,0.533333333,0.333333333,0.428571429,0,1,1,0.951219512
0,0.232876712,0.01630455,0.866666667,0,0.518365473,0.5,0.5,0.8,0.666666667,0.714285714,0.2,1,1,0.951219512
0,0.424657534,0.105291537,0.866666667,0,0,0.5,0.75,0.8,0.333333333,0.857142857,0,0.25,1,0.463414634
0,0.178082192,0.164804498,0.6,0,0,0.5,0.5,1,0.333333333,0.857142857,0,1,1,0.951219512
0,0.109589041,0.146809957,0.8,0,0,0.244897959,0.5,0.6,0.666666667,0.285714286,0.4,1,0,0.951219512
0,0.04109589,0.100673493,0.6,0,0,0.132653061,0.5,1,0.666666667,0.071428571,0.6,1,1,0.951219512
1,0.219178082,0.146650294,0.8,0,0.436639118,0.448979592,0.5,0.6,0.333333333,0.285714286,0,1,1,0.951219512
0,0.506849315,0.110260027,0,0,0,0.397959184,0.5,0.866666667,0.333333333,0.214285714,0,0.25,1,0.073170732
0,0.01369863,0.122761761,0.4,0,0,0.295918367,0.5,0.066666667,0.666666667,0.571428571,0.4,0.5,1,0.951219512
1,0.438356164,0.082288591,1,0,0.436639118,0.602040816,0.875,0.666666667,0.333333333,0.714285714,0,0.5,1,0
0,0.02739726,0.075908167,0.466666667,0,0.367768595,0.193877551,0.5,0.133333333,0.666666667,0.571428571,0.6,1,1,0.951219512
1,0.178082192,0.098431448,0.6,0,0,0.244897959,0.5,1,0.333333333,0.714285714,0,1,1,0.951219512
0,0.068493151,0.097751528,0.6,0,0,0.142857143,0.875,1,0.666666667,0.714285714,0.2,1,1,0
0,0.657534247,0.049726848,0.2,0,0,0.397959184,0.5,0.333333333,0.333333333,0.214285714,0,1,1,0.951219512
0,0.136986301,0.072733177,0.8,0,0,0.397959184,0.5,0.6,0.333333333,0.214285714,0,1,1,0.951219512
0,0.301369863,0.235792885,0.466666667,0,0,0.5,0.75,0.133333333,0.333333333,0.214285714,0,1,1,0.951219512
0,0.150684932,0.155736868,0.533333333,0,0,0.397959184,0.5,0.733333333,0.666666667,0.428571429,0.6,1,1,0.951219512
0,0.630136986,0.094092138,0.533333333,0,0,0.244897959,0.5,0.733333333,0.333333333,0.714285714,1,1,0,0.951219512
0,0.643835616,0.12123008,0.133333333,0,0,0.030612245,0.5,0.266666667,1,0.642857143,0.8,0.5,0,0.951219512
1,0.273972603,0.063275185,0.666666667,0.07298073,0,0.397959184,0.5,0.533333333,0.333333333,0.071428571,0,1,1,0.951219512
0,0.082191781,0.150447022,0.533333333,0,0,0.397959184,0.5,0.733333333,0.666666667,0.5,0.2,1,1,0.951219512
0,0.356164384,0.145306691,0.533333333,0.046500465,0,0.397959184,0.5,0.733333333,0.666666667,0.714285714,0.2,1,1,0.951219512
0,0.561643836,0.026640011,0.333333333,0,0,0.071428571,0.5,0,0.333333333,0.571428571,1,1,0,0.951219512
1,0.493150685,0.081816367,0.533333333,0.043860439,0,0.295918367,0.5,0.733333333,0.333333333,0.571428571,0,0.5,1,0.951219512
0,0.410958904,0.127758666,0.6,0,0,0.5,0.5,1,0.333333333,1,0,1,1,0.951219512
1,0.547945205,0.08028604,1,0,0.433195592,0.704081633,0.75,0.666666667,0.333333333,0.714285714,0,1,1,0.951219512
0,0.534246575,0.044062877,0.4,0,0,0.5,0.5,0.066666667,0.333333333,0.357142857,0,1,1,0.951219512
0,0.123287671,0.324451751,0.666666667,0,0,0.397959184,0.5,0.533333333,0.666666667,0.285714286,0.2,0.5,0,0.951219512
0,0.205479452,0.11547816,0.6,0,0,0.193877551,0.5,1,0.666666667,0.928571429,0.2,1,0,0.951219512
0,0.493150685,0.035204974,0.533333333,0,0,0.397959184,0.5,0.733333333,0.333333333,0.285714286,0,1,1,0.951219512
0,0.342465753,0.199044729,0.533333333,0,0,0.397959184,0.5,0.733333333,0.333333333,0.571428571,0,1,1,0.951219512
0,0.219178082,0.121757103,0.8,0,0,0.5,0.75,0.6,0.333333333,0.214285714,0,1,1,0.951219512
0,0.136986301,0.070418743,0.866666667,0,0,0.397959184,0.5,0.8,0.666666667,0.285714286,0.2,1,0,0.951219512
1,0.424657534,0.13191937,0.866666667,0.150241502,0,0.397959184,0.5,0.8,0.333333333,0.285714286,0,1,1,0.951219512
0,0.287671233,0.129591405,0.133333333,0,0,0.397959184,0.75,0.266666667,0.666666667,1,0.2,1,1,0.951219512
0,0.054794521,0.144275648,0.6,0,0,0.397959184,0.5,1,0.666666667,0.071428571,0.2,1,0,0.951219512
0,0.657534247,0.115863109,0.266666667,0,0,0.37755102,0.5,0.4,1,0.857142857,0.2,1,0,0.951219512
0,0.164383562,0.02758784,0.8,0,0,0.397959184,0.5,0.6,0.666666667,0.714285714,0.2,1,1,0.951219512
0,0.452054795,0.113818614,0.6,0,0,0.37755102,0.5,1,0.666666667,0.428571429,0.2,1,1,0.951219512
1,0.219178082,0.393678435,0.8,0,0.436639118,0.602040816,0.5,0.6,0.333333333,0.285714286,0,1,1,0.951219512
0,0.109589041,0.141156811,0.8,0,0,0.428571429,0.5,0.6,0.666666667,0.714285714,0.2,1,1,0.707317073
0,0.04109589,0.0322458,0.533333333,0,0,0.173469388,0.5,0.733333333,0.666666667,0.571428571,0.6,0.5,0,0.951219512
0,0.356164384,0.053895671,0.533333333,0,0,0.397959184,0.5,0.733333333,0,0.5,0.2,0.5,0,0.951219512
0,0.356164384,0.069836244,0.6,0,0.45959596,0.397959184,0.25,1,0.333333333,0.357142857,0,1,1,0.951219512
0,0.150684932,0.203020063,0.533333333,0,0,0.397959184,0.25,0.733333333,0.666666667,0.428571429,0.4,0.5,1,0.951219512
1,0.328767123,0.031523258,0.8,0.076880769,0,0.091836735,0.5,0.6,0.333333333,0.714285714,1,1,0,0.951219512
0,1,0.027129824,0.8,0,0,0.397959184,0.5,0.6,0.666666667,0.714285714,0.2,0.25,1,0.951219512
0,0.136986301,0.038881954,0.6,0,0,0.602040816,0.5,1,0.666666667,0.071428571,0.2,1,0,0.951219512
0,0,0.05650034,0.4,0,0,0.173469388,0.5,0.066666667,0.666666667,0.857142857,0.6,1,0,0.951219512
0,0.219178082,0.172905356,0.6,0,0,0.397959184,0.25,1,0.333333333,0.785714286,0,1,1,0.951219512
1,0.493150685,0.09423827,0.666666667,0.043860439,0,0.397959184,0.875,0.533333333,0.333333333,0.714285714,0,1,1,0.951219512
0,0.520547945,0.109766831,0.8,0,0,0.724489796,0.125,0.6,0.833333333,0.571428571,0.8,1,0,0
0,0.095890411,0.049914925,0.533333333,0,0,0.397959184,0.5,0.733333333,0.666666667,1,0.8,1,0,0.634146341
0,0.260273973,0.042287643,0.8,0,0,0.602040816,0.5,0.6,0.333333333,0.857142857,1,1,1,0
0,0.369863014,0.140250251,0.6,0,0,0.397959184,0.5,1,0,0.428571429,0.6,1,1,0.951219512
1,0.397260274,0.070395741,0.866666667,0,0,0.5,0.625,0.8,0.333333333,0.285714286,1,1,0,0.951219512
1,0.383561644,0.092187685,0.6,0.278282783,0,0.56122449,0.5,1,0,0.214285714,0.2,1,1,0.951219512
0,0.534246575,0.07193554,0.533333333,0,0,0.397959184,0.875,0.733333333,0,0.071428571,0.2,1,0,0.951219512
0,0.356164384,0.068943215,0.6,0,0,0.397959184,0.875,1,0.333333333,0.785714286,0,0.25,1,0.951219512
0,0.260273973,0.213210745,0.6,0,0,0.397959184,0.5,1,0.666666667,0.071428571,0.6,1,0,0.951219512
0,0.082191781,0.097173765,0.266666667,0,0,0.397959184,0.5,0.4,0.5,0.214285714,0.2,1,1,0.634146341
0,0.136986301,0.102547501,0.533333333,0,0,0.602040816,0.25,0.733333333,0.333333333,1,0,1,1,0.951219512
0,0.082191781,0.041730853,0.6,0,0,0.5,0.5,1,0.333333333,0.214285714,0,1,1,0.951219512
0,0.164383562,0.102667925,0.533333333,0,0,0.397959184,0.5,0.733333333,0.333333333,0.571428571,0,1,1,0.951219512
0,0.287671233,0.151816334,0.6,0,0,0.397959184,0.25,1,0.666666667,0.714285714,0.6,1,1,0.951219512
0,0.191780822,0.130263207,0.533333333,0,0,0.397959184,0.5,0.733333333,0,0.5,0.2,1,1,0.951219512
0,0.328767123,0.106448416,0.533333333,0,0,0.397959184,0.5,0.733333333,0.333333333,0.5,1,0.5,0,0
0,0.04109589,0.029792675,0.6,0.021760218,0,0.244897959,0.5,1,0.666666667,0.571428571,0.6,1,1,0.951219512
0,0.068493151,0.144807407,0.6,0,0,0.397959184,0.5,1,0.666666667,0.071428571,0.6,1,0,0.951219512
0,0.054794521,0.144208671,0.533333333,0,0,0.397959184,0.625,0.733333333,0.666666667,0.357142857,0.6,1,1,0.951219512
0,0.04109589,0.160848107,0.6,0,0,0.173469388,0,1,0.666666667,0,0.6,1,0,0
1,0.602739726,0.068505495,0.866666667,0,0,0.397959184,0.625,0.8,0.333333333,0.857142857,0,1,1,0.951219512
0,0.136986301,0.103564337,0.533333333,0.028850289,0,0.397959184,0.5,0.733333333,0.333333333,0.5,0,0.25,1,0.609756098
0,0.273972603,0.072903664,0.533333333,0,0,0.56122449,0.5,0.733333333,0,0.5,0.2,1,0,0.951219512
0,0.616438356,0.075296577,0.333333333,0,0,0.397959184,0.5,0,0,0.571428571,0.8,1,0,0.951219512
0,0.438356164,0.102119253,0.533333333,0,0,0.5,0.5,0.733333333,0,0.214285714,0.2,1,1,0.951219512
1,0.287671233,0.071386191,0.533333333,0,0,0.653061224,0.5,0.733333333,0.333333333,0.5,0,1,1,0.951219512
0,0.410958904,0.116174993,0.533333333,0.033250333,0,0.448979592,0.5,0.733333333,0,0.285714286,0.2,0,0,0.951219512
0,0.109589041,0.256614675,0.533333333,0,0,0.5,0.5,0.733333333,0.666666667,0.214285714,0.2,1,1,0.951219512
1,0.452054795,0.096845645,0.533333333,0,0,0.397959184,0.5,0.733333333,0.333333333,0.428571429,0,1,1,0.951219512
0,0.328767123,0.14940989,0.533333333,0,0,0.448979592,0.75,0.733333333,0.333333333,0.285714286,0,1,1,0.634146341
0,0.123287671,0.08026845,0.533333333,0,0,0.397959184,0.5,0.733333333,0.666666667,0.071428571,0.6,0.5,0,0.951219512
0,0.315068493,0.148204301,0.533333333,0,0,0.397959184,0.5,0.733333333,0.333333333,0.214285714,0,1,1,0.951219512
0,0.178082192,0.117706674,0.8,0,0,0.397959184,0.5,0.6,0.333333333,0.928571429,0,1,1,0.951219512
0,0.123287671,0.116147932,0.533333333,0,0,0.397959184,0.5,0.733333333,0.666666667,0.214285714,0.2,1,1,0.951219512
0,0.246575342,0.219875314,0.866666667,0,0,0.397959184,0.5,0.8,0.666666667,0.285714286,0.2,0.25,1,0.951219512
0,0.260273973,0.104338296,0.533333333,0,0,0.397959184,0.5,0.733333333,0,0.214285714,0.2,1,0,0.951219512
1,0.342465753,0.095479039,0.8,0,0,0.397959184,0.5,0.6,0.333333333,0.857142857,0,0.5,1,0.951219512
0,0.493150685,0.183202254,0.066666667,0,0,0.448979592,0.5,0.2,0.333333333,0.357142857,0,1,1,0.951219512
0,0.506849315,0.062328033,0.6,0.04101041,0,0.397959184,0.5,1,0.833333333,0.928571429,0.4,0.5,0,0.951219512
0,0.04109589,0.007931047,0.6,0,0,0.234693878,0.5,1,0.666666667,0.428571429,0.2,1,1,0.951219512
0,0.150684932,0.10421043,0.533333333,0,0,0.397959184,0.5,0.733333333,0.666666667,0.714285714,0.2,1,1,0.951219512
0,0.410958904,0.110079392,0.533333333,0,0,0.295918367,0.75,0.733333333,1,0.285714286,0.2,1,0,0.951219512
0,0.520547945,0.145427115,0.533333333,0,0,0.346938776,0,0.733333333,1,0,0.8,1,0,0.804878049
0,0.479452055,0.16398927,0.533333333,0,0,1,0.5,0.733333333,0.333333333,1,0,0.5,1,0.951219512
0,0.452054795,0.224247099,0.6,0,0,0.346938776,0.75,1,0.333333333,0.214285714,0,1,1,0.951219512
0,0.328767123,0.090909029,0.8,0,0,0.704081633,0.5,0.6,0.333333333,0.714285714,0,1,1,0.951219512
1,0.534246575,0.013639669,0.6,0,0,0.397959184,0.5,1,0.333333333,0.214285714,0,1,1,0.951219512
0,0.410958904,0.008414772,0.333333333,0,0,0.448979592,0.5,0,0,0.285714286,0.2,0,0,0.951219512
0,0.054794521,0.096596679,0.6,0,0,0.397959184,0.5,1,0.666666667,0.214285714,0.6,1,1,0.951219512
1,0.287671233,0.165466828,0.533333333,0,0,0.5,0.5,0.733333333,0.333333333,1,0,1,1,0.951219512
0,0.150684932,0.166391654,0.6,0,0,0.397959184,0.5,1,0.666666667,0.857142857,0.2,1,0,0.951219512
0,0.123287671,0.072018077,0.8,0,0,0.193877551,0.5,0.6,0.666666667,0.714285714,0.2,1,0,0.951219512
1,0.273972603,0.067644263,0.4,0,0,0.397959184,0.5,0.066666667,0.333333333,0.214285714,0,1,1,0.951219512
1,0.260273973,0.093239701,0.866666667,0,0,0.397959184,0.5,0.8,0.333333333,0.714285714,1,1,0,0.951219512
1,0.164383562,0.132798869,0.533333333,0,0,0.397959184,0.5,0.733333333,0.333333333,0.714285714,0,1,1,0.951219512
1,0.301369863,0.333420607,0.866666667,0,0,0.397959184,0.5,0.8,0.333333333,0.285714286,0,1,1,0.12195122
1,0.246575342,0.043880889,0.8,0,0,0.448979592,0.5,0.6,0.333333333,0.857142857,0,1,1,0.951219512
0,0.794520548,0.118060503,0.533333333,0,0,0.153061224,0,0.733333333,1,0,0.2,1,0,0.951219512
0,0.232876712,0.102769406,0.8,0,0,0.397959184,0.5,0.6,0.333333333,0.285714286,0,1,1,0.951219512
0,0.02739726,0.149848963,0.533333333,0,0,0.397959184,0.5,0.733333333,0.666666667,0.214285714,0.6,1,1,0.951219512
1,0.342465753,0.027397056,0.8,0.076880769,0,0.397959184,0.5,0.6,0.333333333,0.714285714,0,1,1,0.951219512
0,0.01369863,0.117800712,0.533333333,0.010550106,0,0.397959184,0.5,0.733333333,0.666666667,0.428571429,0.6,1,1,0.951219512
0,0.219178082,0.181816029,0.533333333,0,0,0.948979592,0.75,0.733333333,0.333333333,0.357142857,0,1,1,0.951219512
0,0.506849315,0.145527919,0.866666667,0,0,0.397959184,0.5,0.8,0.333333333,0.714285714,0,1,1,0.951219512
0,0.219178082,0.050757214,0.266666667,0,0,0.5,0.5,0.4,0.666666667,0.5,0.2,1,1,0.951219512
0,0.150684932,0.104319353,0.2,0,0.500229568,0.397959184,0.5,0.333333333,0.333333333,0.428571429,0,0.75,1,0.804878049
1,0.260273973,0.007997348,0.533333333,0.03103031,0,0.397959184,0.5,0.733333333,0.333333333,0.214285714,0,1,1,0.951219512
1,0.082191781,0.02149968,0.6,0,0.587465565,0.397959184,0.5,1,0.833333333,0.571428571,0.2,1,1,0.951219512
0,0.273972603,0.191212456,0.6,0,0,0.397959184,0.5,1,0,1,0.2,1,1,0.951219512
1,0.424657534,0.214366947,0.8,0,0.453856749,0.602040816,0.5,0.6,0.333333333,0.285714286,0,1,1,0.951219512
0,0.410958904,0.039556462,0.533333333,0,0,0.397959184,0.5,0.733333333,0.333333333,0.214285714,0,1,1,0.951219512
1,0.178082192,0.099858942,0.8,0,0,0.602040816,0.5,0.6,0.666666667,0.857142857,0.2,1,1,0.951219512
0,0.068493151,0.084216722,0.533333333,0,0,0.295918367,0.5,0.733333333,0.333333333,0.214285714,0,1,1,0.951219512
1,0.369863014,0.116528146,0.8,0.049340493,0,0.448979592,0.5,0.6,0,0.285714286,0.8,1,0,0.951219512
0,0.273972603,0.033923612,0.6,0,0,0.142857143,0.875,1,0.666666667,0.714285714,0.8,0.5,0,0.951219512
0,0.287671233,0.353483998,0.6,0,0,0.5,0.875,1,0.666666667,0.928571429,0.8,0.5,0,0.951219512
1,0.520547945,0.082373158,0.866666667,0,0,0.397959184,0.25,0.8,0.333333333,0.285714286,1,1,0,0.951219512
0,0.506849315,0.102569151,0.6,0,0,0.397959184,0.5,1,0.333333333,0.428571429,0,0.5,1,0.951219512
0,0.452054795,0.058873633,0.533333333,0.050130501,0,0.448979592,0.5,0.733333333,0.333333333,0.214285714,0,1,1,0.951219512
1,0.273972603,0.116102604,0.6,0,0,0.397959184,0.625,1,0.333333333,0.285714286,0,1,1,0.951219512
0,0.301369863,0.242029206,0.866666667,0,0,0.448979592,0.5,0.8,0.333333333,0.714285714,0,1,1,0.951219512
0,0.054794521,0.077347162,0.6,0,0,0.397959184,0.5,1,0.666666667,0.571428571,0.6,1,0,0.951219512
1,0.671232877,0.12551865,0.8,0,0,0.163265306,0.75,0.6,0.333333333,0.285714286,0,1,1,0.951219512
0,0.273972603,0.061340288,0.533333333,0,0,0.397959184,0.5,0.733333333,0.333333333,0.214285714,0,1,1,0.951219512
0,0.657534247,0.120537982,0.4,0,0,0.285714286,0,0.066666667,0.333333333,0,0,1,1,0.951219512
0,0.164383562,0.125161439,0.533333333,0,0,0.397959184,0.5,0.733333333,0.333333333,0.071428571,1,0.5,0,0.951219512
0,0.547945205,0.372280235,0.533333333,0,0,0.397959184,0.5,0.733333333,0,0.071428571,0.8,1,0,0.951219512
1,0.273972603,0.077577861,0.8,0,0,0.5,0.5,0.6,0.333333333,0.285714286,0,1,1,0.951219512
1,0.726027397,0.112048792,0.6,0.065140651,0,0.397959184,0.5,1,0.333333333,0.285714286,0,1,1,0.951219512
1,0.301369863,0.095859253,0.6,0,0,0.520408163,0.5,1,0.333333333,0.214285714,0,1,1,0.951219512
0,0.095890411,0.12108936,0.8,0,0,0.653061224,0.875,0.6,0.666666667,0.071428571,0.2,1,0,0.951219512
1,0.397260274,0.115098622,1,0,0,0.551020408,0.5,0.666666667,0.333333333,0.714285714,0,1,1,0.951219512
0,0.356164384,0.071926068,0.8,0,0.143480257,0.397959184,0.25,0.6,0,0.714285714,0.8,1,0,0.951219512
0,0.273972603,0.011344855,0.533333333,0,0,0.5,0.75,0.733333333,0.333333333,0.357142857,0,1,1,0.951219512
0,0.136986301,0.093223464,0.8,0,0,0.397959184,0.5,0.6,0.666666667,0.285714286,0.6,1,0,0.951219512
0,0.273972603,0.044711677,0.533333333,0,0,0.37755102,0.5,0.733333333,0.333333333,0.071428571,1,0.25,0,0.585365854
0,0.095890411,0.205829046,0.8,0,0,0.397959184,0,0.6,0.666666667,0,0.4,1,0,0.951219512
0,0.164383562,0.119065837,0.6,0,0,0.397959184,0.25,1,0.333333333,0.714285714,0,1,1,0.951219512
0,0.082191781,0.013944788,0.733333333,0,0,0.193877551,0,0.466666667,0.333333333,0,0,1,1,0.951219512
0,0.547945205,0.245977478,0.866666667,0,0,0.397959184,0.5,0.8,0.333333333,0.071428571,0,1,1,0.951219512
0,0.246575342,0.132116243,0.333333333,0,0,0.397959184,0.5,0,0.666666667,0.571428571,0.6,1,1,0.951219512
0,0.068493151,0.127854057,0.8,0,0,0.142857143,0.5,0.6,0.666666667,0.857142857,0.6,1,0,0.951219512
0,0.493150685,0.055409085,0.733333333,0,0,0.367346939,0.875,0.466666667,0.333333333,0.714285714,1,0.5,0,0.951219512
0,0.465753425,0.083849362,0.8,0,0,0.397959184,0.5,0.6,0,0.071428571,0.2,1,0,0.951219512
0,0.01369863,0.167850269,0.533333333,0,0,0.397959184,0.5,0.733333333,0.333333333,0.428571429,0,1,1,0.12195122
0,0.356164384,0.105625746,0.533333333,0,0,0.43877551,0.5,0.733333333,0.333333333,0.857142857,0.4,1,0,0.756097561
0,0.123287671,0.105720462,0.533333333,0,0,0.397959184,0.5,0.733333333,0,0.285714286,0.8,1,0,0.951219512
0,0.054794521,0.144684277,0.6,0,0,0.295918367,0.5,1,0.666666667,0.428571429,0.6,1,1,0.951219512
1,0.356164384,0.117266924,0.866666667,0,0,0.346938776,0.875,0.8,0.333333333,0.714285714,0,0,1,0.951219512
0,0.082191781,0.154326964,0.8,0,0,0.142857143,0.5,0.6,0.666666667,0.857142857,0.2,0.5,1,0.951219512
0,0.095890411,0.144399455,0.8,0,0,0.193877551,0.5,0.6,0.666666667,0.071428571,0.6,1,0,0.951219512
0,0.04109589,0.146895878,0.533333333,0,0,0.295918367,0.5,0.733333333,0.666666667,0.5,0.6,1,0,0.951219512
0,0.246575342,0.146067796,0.533333333,0,0,0.397959184,0.5,0.733333333,0.333333333,1,0,0.5,1,0.951219512
0,0.410958904,0.029153347,0.533333333,0,0,0.397959184,0.125,0.733333333,0.666666667,0.5,0.6,0.5,1,0.951219512
0,0.369863014,0.096547292,0.6,0,0,0.551020408,0.5,1,0.833333333,0.214285714,0.8,1,0,0.951219512
0,0.082191781,0.114897691,0.6,0,0,0.397959184,0.5,1,0.666666667,0.571428571,0.6,1,1,0.951219512
0,0.109589041,0.139625131,0.133333333,0,0,0.397959184,0.5,0.266666667,0.333333333,0.428571429,0.6,1,1,0.951219512
1,0.424657534,0.049877039,0.666666667,0,0,0.397959184,0.5,0.533333333,0.333333333,0.214285714,0,1,1,0.951219512
0,0.095890411,0.216430386,0.266666667,0,0,0.397959184,0.125,0.4,0.666666667,0.071428571,0.4,0.5,1,0.951219512
0,0.520547945,0.025648884,0.266666667,0,0,0.295918367,0.75,0.4,0.333333333,0.357142857,0,1,1,0.951219512
0,0.383561644,0.190381669,0.533333333,0,0.365013774,0.397959184,0.5,0.733333333,0,0.071428571,0.2,0.25,0,0.585365854
1,0.479452055,0.017935005,0.533333333,0,0,0.397959184,0.5,0.733333333,0,0.214285714,0.2,1,1,0.951219512
1,0.452054795,0.124184519,1,0.135501355,0,0.5,0.5,0.666666667,0.666666667,0.285714286,0.2,1,1,0.951219512
0,0.315068493,0.258218745,0.666666667,0,0,0.5,0.5,0.533333333,0.666666667,0.714285714,0.2,1,0,0.951219512
0,0.178082192,0.155305237,0.533333333,0,0,0.397959184,0.5,0.733333333,0.833333333,0.428571429,0.6,0.5,1,0.951219512
0,0.164383562,0.138144867,0.533333333,0,0,0.397959184,0.5,0.733333333,0,0.285714286,0.2,1,0,0.951219512
0,0.150684932,0.115599936,0.8,0,0,0.551020408,0.5,0.6,0.333333333,0.714285714,0,1,1,0.951219512
0,0.698630137,0.025753071,0.866666667,0.063600636,0,0.193877551,0.5,0.8,0.666666667,0.071428571,0.2,1,0,0.951219512
0,0.150684932,0.066218799,0.6,0,0,0.234693878,0.5,1,0,0.571428571,0.4,0.5,1,0.951219512
0,0.506849315,0.071299594,0.6,0,0,0.397959184,0.75,1,0,0.214285714,0.2,1,1,0
0,0.465753425,0.111888453,0.6,0,0,0.602040816,0.5,1,0.333333333,0.857142857,0,1,1,0.951219512
0,1,0.050740301,0.533333333,0,0,0.234693878,0.5,0.733333333,0.666666667,0.571428571,0.6,1,0,0.951219512
1,0.219178082,0.016877577,0.666666667,0.105201052,0,0.806122449,0.75,0.533333333,0,0.214285714,0.2,1,1,0.951219512
1,0.082191781,0.153745818,0.6,0,0,0.397959184,0.5,1,0.666666667,0.214285714,0.6,0.25,1,0
0,0.342465753,0.124522787,0.6,0,0,0.397959184,0.5,1,0.333333333,0.357142857,0,1,1,0.317073171
0,0.191780822,0.044655524,0.8,0,0,0.397959184,0.875,0.6,0.666666667,0.714285714,0.2,1,0,0.951219512
0,0.02739726,0.085154403,0.6,0,0,0.091836735,0.5,1,0.666666667,0.071428571,0.6,1,0,0.951219512
1,0.328767123,0.103868779,0.533333333,0,0,0.397959184,0.5,0.733333333,0.333333333,0.214285714,0,1,1,0.951219512
0,0.109589041,0.085735548,0.8,0.021740217,0,0.397959184,0.5,0.6,0.666666667,0.857142857,0.6,0.25,1,0.975609756
0,0.095890411,0.24178227,0.6,0,0,0.397959184,0.5,1,0.666666667,0.571428571,0.8,1,0,0.951219512
0,0.191780822,0.150938188,0.2,0,0,0.295918367,0.5,0.333333333,0.666666667,0.428571429,0.2,1,0,0.780487805
0,0.136986301,0.12325631,0.533333333,0,0,0.602040816,0.5,0.733333333,0.666666667,0.642857143,0.2,1,0,0.951219512
1,0.315068493,0.150267063,0.8,0,0,0.397959184,0.5,0.6,0.333333333,0.785714286,0,0.5,1,0.951219512
0,0.232876712,0.291162054,0.4,0,0,0.653061224,0.5,0.066666667,0.666666667,0.857142857,0.8,1,0,0.317073171
1,0.246575342,0.299830527,0.8,0,0,0.397959184,0.5,0.6,0.333333333,0.214285714,0,0.5,1,0.951219512
0,0.328767123,0.025598144,0.666666667,0,0,0.5,0.5,0.533333333,0,0.857142857,0.6,1,1,0.951219512
0,0.082191781,0.072231186,0.8,0,0,0.397959184,0.5,0.6,0.666666667,0.285714286,0.2,1,1,0.804878049
0,0.191780822,0.101315527,0.533333333,0,0,0.142857143,0,0.733333333,0.666666667,0,0.6,1,0,0.951219512
0,0.287671233,0.056859581,0.666666667,0,0,0.397959184,0.5,0.533333333,0,0.071428571,0.8,0.5,0,0.951219512
0,0.438356164,0.057910244,0.8,0,0,0.397959184,0.5,0.6,0,0.285714286,0.8,1,0,0.951219512
0,0.260273973,0.093865498,0.2,0,0,0.551020408,0.5,0.333333333,0.333333333,0.357142857,0,1,1,0.951219512
1,0.328767123,0.141319857,0.8,0,0,0.397959184,0.5,0.6,0.333333333,0.214285714,0,1,1,0.951219512
0,0.02739726,0.182960054,0.6,0,0,0.112244898,0.875,1,0.666666667,0.571428571,0.2,0.5,1,0.951219512
0,0.643835616,0.06323121,0.533333333,0,0,0.397959184,0.875,0.733333333,0.333333333,0.357142857,0,1,1,0.951219512
0,0.04109589,0.066075373,0.533333333,0,0,0.397959184,0.5,0.733333333,0.333333333,0.928571429,0.4,1,1,0.951219512
0,0.315068493,0.315212281,0.8,0,0,0.397959184,0.5,0.6,0.666666667,0.714285714,0.4,1,0,0.951219512
0,0.260273973,0.090886027,0.4,0,0,0.112244898,0.5,0.066666667,1,0.571428571,0.8,0.5,0,0.951219512
0,0.02739726,0.06039043,0.6,0,0,0.142857143,0.5,1,0.666666667,0.571428571,0.6,1,1,0.951219512
0,0.01369863,0.19387869,0.466666667,0,0,0.193877551,0.5,0.133333333,0.666666667,0.428571429,0.6,1,1,0.951219512
0,0.506849315,0.080762999,0.6,0,0,0.397959184,0.5,1,0,0.071428571,0.2,1,0,0.268292683
0,0.287671233,0.068853912,0.6,0,0,0.602040816,0.5,1,0.333333333,0.857142857,0,1,1,0.951219512
0,0.589041096,0.094772058,0.666666667,0,0,0.602040816,0.5,0.533333333,0.333333333,0.214285714,0,1,1,0.951219512
0,0.123287671,0.114064873,0.866666667,0,0,0.295918367,0.875,0.8,0.333333333,0.714285714,0,1,1,0.951219512
0,0.219178082,0.121536552,0.533333333,0,0,0.5,0.5,0.733333333,0.666666667,0.571428571,0.4,0.5,1,0.951219512
0,0.534246575,0.28654807,0.866666667,0,0,0.397959184,0.25,0.8,0,0.714285714,0.2,1,0,0.951219512
0,0.630136986,0.103768651,0.533333333,0,0,0.397959184,0.625,0.733333333,0.333333333,0.285714286,0,1,1,0.951219512
1,0.273972603,0.079773901,0.533333333,0,0,0.704081633,0.5,0.733333333,0.333333333,0.285714286,0,1,1,0.951219512
0,0.095890411,0.070798957,0.6,0,0,0.448979592,0.5,1,0.833333333,0.857142857,0.8,1,0,0.951219512
0,0.369863014,0.058516421,0.333333333,0.043860439,0,0.602040816,0.5,0,0.333333333,0.5,0,1,1,0.951219512
1,0.301369863,0.117648491,0.866666667,0,0,0.397959184,0.5,0.8,0.333333333,0.714285714,0,1,1,0.951219512
0,0.232876712,0.135224932,0.6,0,0,0.244897959,0.5,1,0.333333333,0.857142857,0,1,1,0.951219512
0,0.369863014,0.275248543,0.533333333,0,0,0.397959184,0.5,0.733333333,0,0.071428571,0.8,0.5,0,0.951219512
0,0.095890411,0.110129455,0.8,0,0,0.5,0,0.6,0.666666667,0,0.2,1,1,0.951219512
0,0.191780822,0.106010696,0.533333333,0,0,0.37755102,0.5,0.733333333,0.333333333,0.071428571,0.6,1,0,0.951219512
0,0.150684932,0.081455773,0.866666667,0,0,0.397959184,0.5,0.8,0.333333333,0.857142857,0,1,1,0.951219512
0,0.164383562,0.195347453,0.533333333,0,0,0.397959184,0.5,0.733333333,0.333333333,1,0,0.5,1,0.951219512
1,0.260273973,0.064952998,0.8,0,0.453856749,0.448979592,0.625,0.6,0.333333333,0.285714286,1,1,0,0.951219512
0,0.150684932,0.064045084,0.533333333,0,0,0.418367347,0.5,0.733333333,0.666666667,0.428571429,0.2,1,1,0.951219512
1,0.383561644,0.074115343,0.6,0,0,0.397959184,0.625,1,0.333333333,0.714285714,1,1,0,0
0,0.547945205,0.12668906,0.866666667,0,0,0.397959184,0.25,0.8,0,0.571428571,0.8,0.5,0,0.951219512
0,0.123287671,0.178622096,0.6,0,0,0.193877551,0.5,1,0.666666667,0.428571429,0.6,0.5,0,0.951219512
0,0.164383562,0.151646523,0.533333333,0,0,0.397959184,0.5,0.733333333,0.666666667,0.071428571,0.2,1,0,0.951219512
1,0.301369863,0.058514392,0.6,0,0,0.5,0.5,1,0,0.285714286,0.2,1,1,0.951219512
1,0.246575342,0.09898215,0.666666667,0.03103031,0,0.5,0.5,0.533333333,0.333333333,0.285714286,0,1,1,0.951219512
0,0.082191781,0.118548286,0.6,0,0,0.316326531,0.5,1,0.666666667,0.571428571,0.6,1,1,0.951219512
0,0.273972603,0.18829658,0.533333333,0,0,0.397959184,0.5,0.733333333,0,0.071428571,0.8,0.5,0,0.951219512
1,0.383561644,0.032461615,0.533333333,0,0,0.397959184,0.125,0.733333333,0.333333333,0.071428571,0,1,1,0.951219512
1,0.780821918,0.079556733,0.533333333,0.158311583,0,0.397959184,0.5,0.733333333,1,0.071428571,0.2,1,0,0.951219512
1,0.575342466,0.095526397,0.6,0,0,0.397959184,0.5,1,0.333333333,0.214285714,0,1,1,0.951219512
1,0.397260274,0.036025614,0.8,0,0,0.479591837,0.25,0.6,0.333333333,0.285714286,0,1,1,0.951219512
0,0.219178082,0.126057851,0.533333333,0,0,0.397959184,0.5,0.733333333,0.333333333,0.214285714,0,1,1,0.951219512
1,0.657534247,0.062895647,0.533333333,0,0,0.397959184,0.5,0.733333333,0.333333333,0.928571429,0,1,1,0.951219512
0,0.232876712,0.005258048,0.6,0,0,0.37755102,0.875,1,0.5,0.071428571,0.8,0.25,0,0.731707317
0,0.260273973,0.115683827,0.533333333,0,0,0.397959184,0.5,0.733333333,0.333333333,0.214285714,0,1,1,0.951219512
1,0.246575342,0.124373273,0.733333333,0,0,0.397959184,0.5,0.466666667,0.333333333,0.285714286,0,1,1,0.951219512
1,0.191780822,0.156198943,0.533333333,0,0,0.5,0.625,0.733333333,0.333333333,0.857142857,0,1,1,0.951219512
0,0.123287671,0.080015425,0.8,0,0,0.346938776,0.875,0.6,0.666666667,0.285714286,0.2,1,0,0.951219512
0,0.287671233,0.129351911,0.2,0,0,0.448979592,0,0.333333333,0.333333333,0,0,1,1,0.951219512
0,0.438356164,0.053423448,0.533333333,0,0,0.397959184,0.5,0.733333333,0.333333333,0.571428571,0,0.25,1,0.073170732
0,0.054794521,0.297480913,0.533333333,0,0,0.397959184,0.5,0.733333333,0.666666667,0.857142857,0.6,1,1,0.951219512
0,0.602739726,0.108078194,0.533333333,0,0,0.397959184,0.5,0.733333333,0.333333333,0.571428571,0,1,1,0.951219512
0,0.02739726,0.189583354,0.6,0,0,0.244897959,0.5,1,0.666666667,0.571428571,0.6,1,1,0.951219512
1,0.561643836,0.228415922,0.933333333,0,0.453856749,0.5,0.625,0.933333333,0.333333333,0.714285714,0,1,1,0.951219512
0,0.191780822,0.109882519,0.533333333,0,0,0.5,0.5,0.733333333,0,0.857142857,0.8,0.5,1,0.951219512
0,0.109589041,0.145128762,0.4,0,0,0.397959184,0.5,0.066666667,0.666666667,0.5,0.6,0.5,1,0.951219512
0,0.465753425,0.052763148,0.533333333,0,0,0.448979592,0.5,0.733333333,0,0.857142857,0.8,1,0,0.951219512
0,0.616438356,0.121932326,0.533333333,0,0,0.397959184,0.5,0.733333333,1,0.357142857,0.8,1,0,0.951219512
0,0.109589041,0.1206557,0.6,0,0,0.397959184,0.5,1,0.333333333,0.214285714,0,1,1,0.097560976
0,0.246575342,0.024245745,0.466666667,0,0,0.5,0.5,0.133333333,0.333333333,0.214285714,1,1,0,0.951219512
0,0.260273973,0.00690677,0.6,0,0,0.397959184,0.5,1,0,0.285714286,0.8,1,0,0.951219512
1,0.273972603,0.149880084,0.8,0.150241502,0,0.5,0.25,0.6,0.333333333,0.714285714,1,1,0,0.951219512
0,0.191780822,0.16372745,0.6,0,0,0.397959184,0.5,1,0.666666667,0.714285714,0.2,1,1,0.951219512
0,0.410958904,0.083187709,0.4,0,0,0.397959184,0.5,0.066666667,0.666666667,0.214285714,0.8,1,1,0.951219512
0,0.068493151,0.090438836,0.8,0,0,0.397959184,0.5,0.6,0.666666667,0.857142857,0.6,1,1,0.951219512
1,0.452054795,0.011990271,0.8,0,0,0.448979592,0.25,0.6,0.333333333,0.714285714,0,1,1,0.951219512
0,0.109589041,0.135467809,0.533333333,0,0,0.397959184,0.5,0.733333333,0.666666667,0.214285714,0.4,1,1,0.951219512
1,0.383561644,0.143553783,0.8,0.049340493,0,0.5,0.25,0.6,0,0.714285714,0.8,1,0,0.951219512
0,0.232876712,0.143475305,0.333333333,0,0,0.397959184,0.5,0,0.666666667,0.571428571,0.8,0.5,0,0.951219512
0,0.547945205,0.033998708,0.533333333,0,0.43067034,0.37755102,0.5,0.733333333,0,0.071428571,0.8,1,0,0.951219512
0,0.109589041,0.074902156,0.533333333,0,0,0.397959184,0.5,0.733333333,0.666666667,0.214285714,0.6,1,1,0.951219512
1,0.506849315,0.109475244,0.8,0,0,0.397959184,0.5,0.6,0.333333333,0.285714286,0,1,1,0.951219512
0,0.232876712,0.095826103,0.533333333,0,0,0.397959184,0.5,0.733333333,0.333333333,0.214285714,0,1,1,0.951219512
0,0.438356164,0.071903742,0.6,0,0,0.397959184,0.875,1,0.333333333,0.357142857,0,1,1,0.951219512
0,0.246575342,0.08736465,0.533333333,0,0,0.397959184,0.5,0.733333333,0.333333333,1,0.2,1,1,0.951219512
0,0.054794521,0.119691634,0.666666667,0,0,0.397959184,0.5,0.533333333,0.666666667,0.785714286,0.2,1,1,0.951219512
0,0.383561644,0.316911742,0.8,0,0,0.37755102,0.5,0.6,0.333333333,0.571428571,0,0.25,1,0
0,0.342465753,0.181937129,0.6,0,0,0.5,0.5,1,0.333333333,1,0,1,1,0.951219512
1,0.438356164,0.158719721,0.8,0,0,0.397959184,0.625,0.6,0.333333333,0.071428571,0,1,1,0.951219512
0,0.616438356,0.080394286,0.2,0,0,0.37755102,0.5,0.333333333,0,0.928571429,0.8,1,0,0.097560976
1,0.205479452,0.114203563,0.8,0.135501355,0,0.346938776,0.5,0.6,0.666666667,0.857142857,0.6,1,1,0.951219512
0,0.479452055,0.128655078,0.533333333,0,0,0.428571429,0.125,0.733333333,0,0.071428571,0.2,1,0,0.951219512
0,0.643835616,0.249237712,0.8,0,0,0.071428571,0,0.6,0.333333333,0,1,0.5,0,0.951219512
1,0.561643836,0.117076817,0.8,0,0,0.397959184,0.875,0.6,1,0.928571429,0.8,1,0,0.951219512
0,0.191780822,0.066163999,0.533333333,0,0,0.397959184,0.5,0.733333333,0.833333333,0.285714286,0.8,1,0,0.951219512
0,0.123287671,0.145593543,0.6,0,0,0.397959184,0.5,1,0.666666667,0.428571429,0.4,0.5,1,0
0,0.054794521,0.066565863,0.6,0,0,0.295918367,0.5,1,0.333333333,0.571428571,0.4,1,0,0.951219512
1,0.164383562,0.111715259,0.533333333,0,0,0.397959184,0.5,0.733333333,0.333333333,0.5,0,1,1,0.951219512
0,0.301369863,0.008413418,0.6,0,0,0.346938776,0.875,1,0,0.071428571,0.8,1,0,0.951219512
0,0.397260274,0.211951032,0.533333333,0,0,0.397959184,0.125,0.733333333,0.666666667,0.428571429,0.2,1,1,0.951219512
0,0.109589041,0.329438508,0.533333333,0,0,0.397959184,0.5,0.733333333,0,0.071428571,0.2,1,1,0.951219512
0,0.315068493,0.125825798,0.6,0,0,0.397959184,0.5,1,0,0.571428571,0.2,1,0,0.951219512
0,0.068493151,0.188931172,0.133333333,0,0,0.397959184,0,0.266666667,0.333333333,0,1,0.75,0,0.634146341
0,0.164383562,0.083885219,0.533333333,0,0,0.153061224,0.625,0.733333333,0.666666667,0.285714286,0.2,0.5,0,0.951219512
0,0.479452055,0.012972604,0.533333333,0,0,0.37755102,0.5,0.733333333,0,0.571428571,0.2,1,1,0.951219512
0,0.410958904,0.134138413,0.533333333,0,0,0.397959184,0.875,0.733333333,0.333333333,0.785714286,0,1,1,0.951219512
1,0.164383562,0.185607344,0.8,0,0,0.5,0.5,0.6,0.333333333,0.714285714,1,1,0,0.951219512
0,0.136986301,0.127429868,0.333333333,0,0,0.397959184,0.5,0,0.333333333,0.285714286,1,1,0,0.634146341
0,0.054794521,0.118260758,0.6,0,0,0.193877551,0.5,1,0.666666667,0.071428571,0.6,0.75,0,0.12195122
0,0.246575342,0.107117511,0.533333333,0,0,0.479591837,0.5,0.733333333,0.666666667,0.5,0.8,0.5,0,0.951219512
1,0.616438356,0.101845932,0.533333333,0,0,0.397959184,0.5,0.733333333,0.333333333,0.285714286,0,1,1,0.951219512
0,0.246575342,0.047585607,0.533333333,0,0,0.5,0.5,0.733333333,0,0.285714286,0.2,1,1,0.951219512
0,0.273972603,0.101060472,0.6,0,0,0.602040816,0,1,0.333333333,0,1,1,0,0.951219512
0,0.273972603,0.198436522,0.533333333,0,0,0.397959184,0.5,0.733333333,0,0.214285714,0.2,1,1,0.951219512
0,0.191780822,0.017504051,0.6,0,0,0.397959184,0.5,1,0.333333333,0.857142857,0,1,1,0.951219512
0,0.246575342,0.11828173,0.8,0,0.454545455,0.653061224,0.5,0.6,0,0.857142857,0.2,1,0,0.951219512
0,0.02739726,0.142994963,0.533333333,0.04101041,0,0.479591837,0.5,0.733333333,0.666666667,0.857142857,0.2,1,1,0.951219512
0,0.561643836,0.055784563,0.466666667,0,0,0.234693878,0.5,0.133333333,0.333333333,0.571428571,1,1,0,0.951219512
0,0.164383562,0.04743068,0.533333333,0,0,0.397959184,0.5,0.733333333,0.666666667,0.5,0.6,0.25,1,0.268292683
0,0.082191781,0.145900691,0.8,0,0,0.397959184,0.5,0.6,0.666666667,0.285714286,0.6,1,1,0.951219512
1,0.205479452,0.068704397,0.8,0,0,0.397959184,0.125,0.6,0.333333333,0.714285714,0,1,1,0.951219512
0,0.452054795,0.106460593,0.8,0,0,0.397959184,0.5,0.6,0.833333333,0.714285714,0.8,0.25,0,0.731707317
0,0.575342466,0.065383275,1,0,0,0.5,0.5,0.666666667,0.666666667,0.714285714,0.2,1,1,0.951219512
0,0.849315068,0.093109805,0.8,0,0,0.397959184,0.5,0.6,0.666666667,0.571428571,0.2,1,0,0.951219512
0,0.246575342,0.116250765,0.8,0,0,0.397959184,0.5,0.6,0.666666667,0.071428571,0.6,1,0,0.951219512
0,0.164383562,0.01634176,0.8,0,0,0.397959184,0.5,0.6,0.666666667,0.071428571,0.2,1,0,0.951219512
1,0.205479452,0.109940025,0.8,0,0,0.5,0.75,0.6,0.333333333,0.714285714,0,1,1,0.951219512
0,0.01369863,0.080212974,0.533333333,0,0,0.163265306,0.5,0.733333333,0.666666667,0.071428571,0.6,1,0,0.951219512
1,0.506849315,0.185409796,0.866666667,0,0,0.316326531,0.25,0.8,0.666666667,0.714285714,0.2,1,0,0.951219512
0,0.150684932,0.020599886,0.533333333,0,0,0.397959184,0.5,0.733333333,0.666666667,0.428571429,0.6,1,1,0.951219512
0,0.164383562,0.089909784,0.533333333,0,0,0.193877551,0.5,0.733333333,0.666666667,0.785714286,0.6,0.5,0,0.951219512
0,0.698630137,0.052932959,0.466666667,0,0,0.346938776,0.5,0.133333333,0.333333333,0.357142857,0,1,1,0.951219512
0,0.01369863,0.097164294,0.866666667,0,0,0.602040816,0.25,0.8,0.666666667,0.714285714,0.6,1,0,0.951219512
0,0.068493151,0.120850543,0.6,0,0,0.397959184,0.5,1,0.666666667,0.928571429,0.6,1,0,0.951219512
0,0.520547945,0.132421361,0.133333333,0,0,0.397959184,0.5,0.266666667,0.333333333,0.5,0,1,1,0.634146341
1,0.109589041,0.042942532,0.533333333,0,0,0.43877551,0.5,0.733333333,0.333333333,1,0,1,1,0.951219512
0,0.068493151,0.095025759,0.6,0,0,0.397959184,0.5,1,0.666666667,0.571428571,0.2,0.25,0,0.731707317
0,0.219178082,0.074161347,0.6,0,0,0.275510204,0.5,1,0.666666667,0.571428571,0.2,1,0,0.951219512
0,0.410958904,0.105478938,0.533333333,0,0,0.551020408,0.5,0.733333333,0.333333333,0.857142857,0,1,1,0.951219512
0,0.863013699,0.264162802,0.533333333,0,0,0.132653061,0,0.733333333,1,0,0.2,1,0,0.048780488
0,0.315068493,0.09256181,0.533333333,0.021740217,0,0.602040816,0.5,0.733333333,0.5,0.428571429,0.2,1,1,0.756097561
0,0.342465753,0.129861344,0.533333333,0,0,0.397959184,0.5,0.733333333,0.333333333,0.857142857,0,1,1,0.951219512
0,0.02739726,0.160678973,0.533333333,0,0,0.397959184,0.5,0.733333333,0.666666667,0.571428571,0.4,0.5,1,0.951219512
0,0.465753425,0.123112207,0.8,0,0,0.397959184,0.5,0.6,0,0.928571429,0.8,1,0,0.951219512
0,0.01369863,0.140023611,0.6,0,0,0.244897959,0.5,1,0.666666667,0.857142857,0.6,1,0,0.951219512
0,0.534246575,0.13268927,0.533333333,0,0,0.397959184,0.5,0.733333333,0,0.285714286,0.2,0.5,1,0
0,0.150684932,0.011994331,0.6,0,0,0.397959184,0.5,1,0.666666667,0.071428571,0.2,1,0,0.951219512
0,0.356164384,0.19696776,0.533333333,0.057210572,0,0.397959184,0.5,0.733333333,0,0.571428571,0.8,0.25,1,0.731707317
0,0.534246575,0.132943648,0.8,0,0,0.5,0.125,0.6,0.333333333,0.285714286,0,0.5,1,0.951219512
1,0.109589041,0.115366531,0.6,0,0.359044995,0.367346939,0,1,0.666666667,0,0.2,1,0,0.951219512
1,0.506849315,0.143065323,0.8,0.076880769,0,0.397959184,0.625,0.6,0.333333333,0.285714286,0,1,1,0
0,0.02739726,0.118310145,0.6,0,0,0.173469388,0.5,1,0.666666667,0.857142857,0.6,1,0,0.951219512
1,0.452054795,0.078382264,0.8,0,0.433195592,0.5,0.5,0.6,0.333333333,0.214285714,0,1,1,0.951219512
0,0.369863014,0.120590076,0.8,0,0,0.346938776,0.5,0.6,0,0.714285714,0.8,0.5,0,0.951219512
0,0.452054795,0.028398332,0.533333333,0,0,0.846938776,0.75,0.733333333,0.333333333,0.357142857,0,1,1,0.951219512
0,0.328767123,0.12743731,0.266666667,0,0,0.346938776,0.5,0.4,0,0.571428571,0.4,1,0,0.951219512
1,0.616438356,0.12738657,0.866666667,0,0,0.448979592,0.625,0.8,0.333333333,0.857142857,0,1,1,0.951219512
0,0.082191781,0.074410313,0.6,0,0,0.193877551,0.5,1,0.666666667,0.071428571,0.6,1,0,0.951219512
0,0.342465753,0.135935973,0.733333333,0,0,0.397959184,0.5,0.466666667,0.333333333,0.857142857,0,1,1,0.951219512
0,0.232876712,0.108537563,0.466666667,0,0,0.397959184,0.125,0.133333333,0.333333333,0.142857143,0,1,1,0.951219512
0,0.246575342,0.113114338,0.533333333,0,0,0.551020408,0.5,0.733333333,0.666666667,1,0.6,1,1,0.951219512
1,0.575342466,0.066417024,0.8,0,0,0.5,0.625,0.6,0.333333333,0.285714286,0,1,1,0.951219512
0,0.136986301,0.127684246,1,0,0,0.806122449,0.5,0.666666667,0.333333333,0.714285714,0,1,1,0.951219512
0,0.02739726,0.12354925,0.6,0,0,0.295918367,0.5,1,0.666666667,0.571428571,0.6,1,0,0.951219512
0,0.547945205,0.136450817,0.533333333,0,0,0.295918367,0.25,0.733333333,1,0.571428571,0.8,1,0,0.951219512
1,0.479452055,0.07917246,0.6,0,0,0.959183673,0.75,1,0.333333333,0.285714286,0,1,1,0.951219512
0,0.178082192,0.069517595,0.533333333,0,0,0.244897959,0.25,0.733333333,0.333333333,0.428571429,0.4,1,1,0.951219512
0,0.342465753,0.110715337,0.533333333,0,0,0.397959184,0,0.733333333,0.833333333,0,0.8,1,1,0.951219512
0,0.383561644,0.162592897,0.2,0,0,0.357142857,0.5,0.333333333,0.333333333,0.571428571,0,0.25,1,0.073170732
1,0.397260274,0.158260352,0.866666667,0,0,0.448979592,0.75,0.8,0.333333333,0.285714286,0,1,1,0.951219512
0,0.054794521,0.090438836,0.466666667,0,0,0.397959184,0.5,0.133333333,0.666666667,0.357142857,0.2,1,1,0.951219512
0,0.150684932,0.043317333,0.6,0,0,0.602040816,0.5,1,0.333333333,0.214285714,0,0,1,0.951219512
0,0.438356164,0.060910687,0.733333333,0,0,0.244897959,0.75,0.466666667,0,0.285714286,0.2,1,1,0.951219512
0,0.178082192,0.260963457,0.066666667,0,0,0.295918367,0.5,0.2,0.833333333,0.642857143,0.4,1,0,0.634146341
0,0.01369863,0.307175017,0.4,0,0,0.112244898,0.25,0.066666667,0.666666667,0.071428571,0.6,1,1,0.951219512
0,0.356164384,0.155076567,0.8,0.015060151,0,0.357142857,0.875,0.6,0,0.714285714,0.8,1,0,0.951219512
1,0.383561644,0.079189373,0.866666667,0,0,0.448979592,0.5,0.8,0.333333333,0.071428571,0,1,1,0.951219512
0,0.205479452,0.010551953,0.6,0,0.506198347,0.397959184,0.5,1,0.666666667,0.5,0.4,1,0,0.365853659
0,0.178082192,0.192288151,0.2,0,0,0.448979592,0.5,0.333333333,0.833333333,0.357142857,0.2,1,1,0.634146341
0,0.205479452,0.23564337,0.533333333,0,0,0.295918367,0.5,0.733333333,0,0.857142857,0.8,0.5,0,0.951219512
0,0.109589041,0.339913336,0.8,0,0,0.397959184,0.25,0.6,0.666666667,0.071428571,0.6,0.5,0,0.951219512
0,0.01369863,0.018878775,0.466666667,0,0,0.397959184,0,0.133333333,0.666666667,0,0.6,1,0,0.951219512
1,0.424657534,0.057630834,0.6,0,0,0.397959184,0.5,1,0.333333333,0.285714286,0,1,1,0.951219512
0,0.246575342,0.155409423,0.533333333,0,0,0.295918367,0.5,0.733333333,0.666666667,0.428571429,0.2,1,1,0.951219512
0,0.397260274,0.147837618,0.6,0,0,0.397959184,0.5,1,0.666666667,0.285714286,0.2,1,0,0.951219512
0,0.260273973,0.0781563,0.533333333,0,0,0.295918367,0.5,0.733333333,0.833333333,0.571428571,0.8,0.5,0,0.951219512
0,0.205479452,0.131256364,0.8,0,0,0.602040816,0.625,0.6,0.666666667,0.285714286,0.2,1,1,0.951219512
1,0.301369863,0.058971731,0.8,0,0,0.5,0.5,0.6,0.333333333,0.714285714,0,1,1,0.951219512
0,0.356164384,0.157654851,0.533333333,0,0,0.5,0.5,0.733333333,0.333333333,1,0,1,1,0.951219512
0,0.424657534,0.115030292,0.6,0,0,0.397959184,0.5,1,0.333333333,0.428571429,0,1,1,0.951219512
1,0.424657534,0.073633648,0.6,0,0,0.397959184,0.5,1,0.333333333,0.571428571,0,1,1,0.951219512
0,0.315068493,0.130497289,0.533333333,0,0,0.367346939,0.5,0.733333333,1,0.5,0.8,0.5,0,0.951219512
1,0.260273973,0.15389195,0.8,0,0,0.5,0.5,0.6,0.333333333,0.285714286,0,1,1,0.951219512
0,0.232876712,0.067604347,0.533333333,0,0.340909091,0.397959184,0.5,0.733333333,0.333333333,0.071428571,0,1,1,0.951219512
0,0.191780822,0.244329433,0.266666667,0,0,0.428571429,0.5,0.4,0.333333333,0.214285714,0,1,1,0.951219512
0,0.109589041,0.239839931,0.8,0,0,0.397959184,0.25,0.6,0.666666667,0.714285714,0.2,1,0,0.951219512
1,0.424657534,0.114654814,1,0,0,0.602040816,0.75,0.666666667,0.666666667,0.714285714,0.8,1,0,0.951219512
0,0.424657534,0.056124862,0.6,0,0,0.346938776,0.5,1,0,0.571428571,0.8,0.5,0,0.951219512
0,0.109589041,0.128371608,0.8,0,0,0.397959184,0.5,0.6,0.333333333,0.714285714,0,1,1,0.951219512
1,0.424657534,0.125643133,0.8,0,0,0.37755102,0.5,0.6,0.666666667,0.857142857,0.4,1,0,0.951219512
0,0.301369863,0.11877425,0.533333333,0,0,0.5,0.5,0.733333333,0,0.5,0.6,1,1,0.951219512
0,0.246575342,0.086724646,0.6,0,0,0.397959184,0.5,1,0.333333333,0.714285714,0,0,1,0.951219512
0,0.424657534,0.149213694,0.6,0,0,0.428571429,0.5,1,1,0.071428571,0.8,1,0,0.951219512
0,0.219178082,0.093613826,0.8,0,0,0.397959184,0.875,0.6,0.666666667,0.714285714,0.4,0.5,0,0.951219512
0,0.260273973,0.113105543,0.533333333,0,0,0.397959184,0.5,0.733333333,0,0.214285714,0.2,1,1,0.951219512
1,0.123287671,0.059441924,0.8,0,0,0.448979592,0.5,0.6,0.333333333,0.285714286,1,1,0,0.951219512
0,0.589041096,0.106033698,0.6,0,0,0.397959184,0.25,1,1,0.285714286,0.2,1,0,0.951219512
0,0.246575342,0.079365949,0.6,0,0,0.459183673,0.5,1,0.333333333,0.857142857,0,1,1,0.951219512
0,0.178082192,0.115914526,0.533333333,0,0,0.448979592,0.5,0.733333333,0.333333333,0.857142857,0,1,1,0.951219512
0,0.054794521,0.08872855,0.533333333,0,0,0.397959184,0.5,0.733333333,0.666666667,1,0.2,1,1,0.951219512
1,0.123287671,0.047494951,0.866666667,0,0,0.397959184,0.5,0.8,0.666666667,0.714285714,0.6,0.25,0,0.731707317
0,0.301369863,0.086203036,0.533333333,0,0,0.275510204,0.5,0.733333333,0.5,0.857142857,0.8,0.5,0,0.56097561
1,0.205479452,0.096518201,0.8,0,0.453856749,0.43877551,0.5,0.6,0.333333333,0.857142857,0,1,1,0.951219512
1,0.301369863,0.226094045,0.533333333,0,0,0.397959184,0.5,0.733333333,0.333333333,0.857142857,0,1,1,0.951219512
0,0.150684932,0.092989382,0.533333333,0,0,0.520408163,0.5,0.733333333,0.666666667,0.571428571,0.8,0.5,0,0.951219512
0,0.095890411,0.14746011,0.2,0,0,0.397959184,0.5,0.333333333,0.833333333,0.5,0.6,1,1,0.951219512
1,0.315068493,0.072265013,0.6,0.051780518,0,0.397959184,0.5,1,0.333333333,0.214285714,0,1,1,0.951219512
0,0.068493151,0.124928033,0.6,0,0,0.244897959,0,1,0.833333333,0,0.6,1,1,0.951219512
0,0.191780822,0.125948928,0.6,0,0,0.173469388,0.5,1,0.333333333,0.5,1,1,0,0.951219512
1,0.493150685,0.209442432,0.866666667,0,0,0.397959184,0.125,0.8,0.333333333,0.285714286,0,1,1,0.951219512
1,0.273972603,0.18587593,0.6,0.051780518,0,0.755102041,0.5,1,0.333333333,0.214285714,0,1,1,0.951219512
1,0.438356164,0.105751582,0.533333333,0,0,0.397959184,0.125,0.733333333,0.333333333,0.071428571,1,0.5,0,0.951219512
0,0.232876712,0.013162034,0.533333333,0,0,0.397959184,0.75,0.733333333,0.666666667,0.357142857,0.2,1,1,0.951219512
1,0.684931507,0.119488673,0.8,0,0,0.397959184,0.5,0.6,0.333333333,0.714285714,0,1,1,0.951219512
0,0.479452055,0.122338925,0.2,0,0,0.193877551,0.75,0.333333333,0.333333333,0.214285714,0,1,1,0.634146341
1,0.164383562,0.123805658,1,0,0,0.602040816,0.5,0.666666667,0,0.714285714,0.2,1,0,0.951219512
0,0.356164384,0.159595837,0.733333333,0,0,0.37755102,0.5,0.466666667,0.666666667,0.071428571,0.2,1,0,0.951219512
0,0.301369863,0.120883017,0.533333333,0.031370314,0,0.418367347,0.625,0.733333333,0.333333333,0.285714286,0,1,1,0.951219512
0,0.150684932,0.082946861,0.866666667,0,0,0.397959184,0.25,0.8,0.666666667,0.714285714,0.2,1,1,0.951219512
0,0.02739726,0.10522253,0.533333333,0,0,0.346938776,0.25,0.733333333,0,0.285714286,0.2,1,0,0.951219512
0,0.479452055,0.09038133,0.6,0,0,0.653061224,0.5,1,0.333333333,0.857142857,0,1,1,0.951219512
0,0.191780822,0.009550001,0.866666667,0,0,0.244897959,0.875,0.8,0,0.071428571,0.2,1,0,0.951219512
0,0.095890411,0.126323053,0.533333333,0,0,0.244897959,0.5,0.733333333,0.666666667,0.571428571,0.6,1,1,0.951219512
0,0.109589041,0.171389236,0.533333333,0,0,0.397959184,0.5,0.733333333,0.833333333,0.785714286,0.6,0.5,1,0.951219512
0,0.191780822,0.022541548,0.533333333,0,0,0.540816327,0.5,0.733333333,0.333333333,0.285714286,0,1,1,0.951219512
0,0.356164384,0.254675719,0.733333333,0,0,0.397959184,0.5,0.466666667,0.333333333,0.857142857,0,1,1,0.951219512
0,0.260273973,0.216232837,0.6,0,0,0.346938776,0.25,1,0,0.071428571,0.8,1,0,0.951219512
0,0.136986301,0.213673496,0.266666667,0,0,0.295918367,0.75,0.4,0.333333333,0.214285714,0,1,1,0.634146341
0,0.397260274,0.074346042,0.8,0,0,0.602040816,0.25,0.6,0.333333333,0.714285714,0,1,1,0.951219512
0,0.602739726,0.072577573,0.533333333,0,0,0.244897959,0.25,0.733333333,0.5,0.571428571,0.2,1,0,0.951219512
0,0.383561644,0.117184387,0.8,0,0,0.704081633,0.625,0.6,0.333333333,0.285714286,1,0.25,0,0
1,0.369863014,0.013337934,0.8,0,0,0.448979592,0.125,0.6,0.333333333,0.714285714,0,1,1,0.951219512
0,0.219178082,0.174154244,0.533333333,0,0,0.397959184,0.5,0.733333333,0.333333333,0.428571429,0,1,1,0.951219512
0,0.452054795,0.130446548,0.2,0,0,0.346938776,0.5,0.333333333,0.333333333,0.571428571,1,1,0,0
0,0.301369863,0.035922103,0.6,0,0,0.397959184,0.5,1,0.333333333,0.285714286,0,1,1,0.951219512
1,0.273972603,0.186061978,0.733333333,1,0,0.397959184,0.25,0.466666667,0.333333333,0.714285714,1,0.5,0,0
0,0.054794521,0.12972536,0.6,0,0,0.153061224,0.875,1,0.666666667,0.571428571,0.2,1,0,0.951219512
1,0.232876712,0.133449021,0.8,0,0,0.5,0.625,0.6,0.333333333,0.857142857,0,1,1,0.951219512
0,0.287671233,0.118833108,0.533333333,0,0,0.193877551,0.625,0.733333333,0.333333333,0.571428571,1,1,0,0.756097561
1,0.424657534,0.127554351,0.6,0,0,0.295918367,0.75,1,0.333333333,0.285714286,0,1,1,0.951219512
0,0.410958904,0.105476232,0.6,0,0,0.397959184,0.125,1,0.333333333,0.214285714,0,1,1,0
1,0.342465753,0.04553164,0.8,0,0,0.397959184,0.5,0.6,0.333333333,0.071428571,0,0.25,1,0.951219512
0,0.273972603,0.04269086,0.533333333,0,0,0.397959184,0.25,0.733333333,0.333333333,0.571428571,0,1,1,0.951219512
0,0.178082192,0.071482259,0.533333333,0,0,0.244897959,0.75,0.733333333,0.333333333,0.714285714,0,1,1,0.951219512
1,0.397260274,0.148794241,0.866666667,0,0,0.5,0.25,0.8,0,0.285714286,0.2,1,1,0.951219512
0,0.054794521,0.14746011,0.533333333,0,0,0.244897959,0.5,0.733333333,0.666666667,0.071428571,0.2,1,0,0.951219512
1,0.342465753,0.211802194,0.733333333,0.076880769,0,0.418367347,0.5,0.466666667,0.333333333,0.071428571,0,1,1,0.951219512
1,0.232876712,0.051369481,0.866666667,0,0,0.397959184,0.5,0.8,0.333333333,0.714285714,1,0.25,0,0.073170732
0,0.287671233,0.052037223,0.6,0,0,0.397959184,0.75,1,0,0.214285714,0.2,1,1,0.951219512
1,0.506849315,0.105490439,0.8,0.076880769,0,0.397959184,0.25,0.6,0.333333333,0.714285714,0,1,1,0.951219512
0,0.301369863,0.070617645,0.533333333,0.046500465,0,0.479591837,0.25,0.733333333,0.666666667,0.785714286,0.6,0,1,0.951219512
0,0.136986301,0.233448006,0.533333333,0,0,0.5,0.5,0.733333333,0.833333333,0.571428571,0.8,1,0,0.951219512
0,0.191780822,0.12245326,0.8,0,0,0.397959184,0.5,0.6,0.666666667,0.714285714,0.2,1,1,0.951219512
0,0.301369863,0.034926241,0.6,0,0,0.397959184,0.5,1,0.666666667,0.071428571,0.6,0.25,0,0.951219512
1,0.520547945,0.106894254,0.6,0,0,0.397959184,0.5,1,0.333333333,0.714285714,0,1,1,0.756097561
0,0.082191781,0.068611035,0.8,0,0,0.5,0,0.6,0.666666667,0,0.6,1,1,0.951219512
1,0.164383562,0.131666345,0.933333333,0,0,0.551020408,0.625,0.933333333,0.333333333,0.714285714,0,1,1,0.951219512
1,0.506849315,0.121736807,0.8,0,0,0.551020408,0.5,0.6,0.333333333,0.285714286,0,1,1,0.951219512
0,0.246575342,0.248745192,0.533333333,0,0,0.397959184,0.5,0.733333333,0,0.571428571,0.2,1,0,0.951219512
1,0.232876712,0.117224303,0.6,0,0,0.112244898,0.5,1,0.666666667,0.714285714,0.2,1,0,0.951219512
1,0.602739726,0.099872473,0.4,0,0,0.316326531,0.875,0.066666667,1,0.571428571,0.8,1,0,0.951219512
0,0.493150685,0.12883639,0.266666667,0,0,0.755102041,0.5,0.4,0.5,0.5,0.8,0.5,1,0.341463415
0,0.301369863,0.079349712,0.8,0,0.399678604,0.397959184,0.125,0.6,0.666666667,0.071428571,0.2,1,1,0.951219512
0,0.465753425,0.011992978,0.533333333,0,0,0.806122449,0.5,0.733333333,0,0.571428571,0.2,1,1,0.951219512
0,0.054794521,0.118594291,0.6,0,0,0.397959184,0,1,0.666666667,0,0.6,1,0,0.951219512
0,0.232876712,0.058662553,0.666666667,0,0,0.397959184,0.875,0.533333333,0.666666667,0.714285714,0.2,1,0,0.951219512
1,0.315068493,0.055337372,0.733333333,0,0,0.397959184,0.5,0.466666667,0.333333333,0.285714286,0,1,1,0.951219512
1,0.315068493,0.110553644,0.6,0,0,0.448979592,0.5,1,0.333333333,0.285714286,0,1,1,0.951219512
0,0.232876712,0.081750743,0.8,0,0,0.397959184,0.5,0.6,0.333333333,0.285714286,0,1,1,0.951219512
0,0.616438356,0.151518657,0.533333333,0,0,0.193877551,0.75,0.733333333,0.333333333,0.571428571,0,1,1,0.951219512
0,0.726027397,0.151388762,0.2,0,0,0.346938776,0.5,0.333333333,1,0.571428571,0.2,1,0,0.951219512
0,0.369863014,0.053895671,0.533333333,0,0,0.397959184,0,0.733333333,0.666666667,0,0.8,0.5,0,0.951219512
0,0.547945205,0.138965507,0.533333333,0,0,0.37755102,0.75,0.733333333,1,0.214285714,0.2,1,0,0.951219512
0,0.520547945,0.068406721,0.6,0,0,0.397959184,0.125,1,0.666666667,0.071428571,0.8,1,1,0.951219512
1,0.479452055,0.041166621,0.8,0,0,0.397959184,0.75,0.6,0.333333333,0.857142857,0,1,1,0.951219512
0,0.397260274,0.135224255,0.133333333,0,0,0.397959184,0.5,0.266666667,0.333333333,0.571428571,0,0.5,1,0.951219512
0,0.068493151,0.228049238,0.6,0,0,0.397959184,0.5,1,0.333333333,0.071428571,1,1,0,0.951219512
0,0.356164384,0.223782317,0.6,0,0,0.5,0.5,1,0.333333333,0.857142857,0,1,1,0.12195122
0,0.068493151,0.119691634,0.733333333,0,0,0.142857143,0,0.466666667,0.666666667,0,0.4,1,1,0.951219512
1,0.328767123,0.070423479,0.866666667,0,0,0.551020408,0.5,0.8,0.333333333,0.714285714,0,0.25,1,0.87804878
0,0.082191781,0.150071544,0.8,0,0,0.346938776,0,0.6,0.666666667,0,0.2,1,1,0.951219512
0,0.273972603,0.030538219,0.8,0,0,0.602040816,0.625,0.6,0,0.857142857,0.2,1,0,0.951219512
0,0.438356164,0.074365662,0.666666667,0,0,0.244897959,0.5,0.533333333,0.333333333,0.857142857,0,1,1,0.951219512
0,0.273972603,0.192087219,0.533333333,0,0,0.479591837,0.5,0.733333333,0.833333333,0.428571429,0.2,1,1,0.951219512
1,0.205479452,0.134599811,0.6,0,0,0.397959184,0.5,1,0.166666667,0.285714286,1,1,0,0.951219512
0,0.164383562,0.064627583,0.6,0,0,0.142857143,0.5,1,0.666666667,0.714285714,0.2,1,1,0.951219512
1,0.424657534,0.092640288,0.8,0,0,0.704081633,0.625,0.6,0.333333333,0.357142857,0,1,1,0.951219512
1,0.794520548,0.201384872,0.933333333,0,0.499081726,0.5,0.75,0.933333333,0.333333333,0.714285714,0,1,1,0.951219512
0,0.164383562,0.082302121,0.533333333,0,0,0.295918367,0.5,0.733333333,0.666666667,0.428571429,0.6,1,1,0.951219512
0,0.821917808,0.1009847,0,0,0,0.602040816,0.75,0.866666667,1,0.285714286,0.2,1,0,0.951219512
0,0.164383562,0.08827121,0.533333333,0,0,0.397959184,0.5,0.733333333,0.666666667,0.428571429,0.2,0.5,1,0.951219512
0,0.123287671,0.120821452,0.333333333,0,0,0.397959184,0.5,0,0,0.571428571,0.8,1,0,0.268292683
0,0.150684932,0.118525284,0.6,0,0,0.551020408,0.5,1,0.333333333,0.285714286,0,1,1,0.951219512
0,0.287671233,0.064425298,0.533333333,0,0,0.397959184,0.25,0.733333333,0.333333333,1,0,1,1,0.951219512
1,0.246575342,0.066870981,0.8,0.150241502,0,0.653061224,0.5,0.6,0.333333333,0.285714286,0,1,1,0.951219512
1,0.356164384,0.135019941,0.533333333,0,0,0.397959184,0.25,0.733333333,0.333333333,0.214285714,0,1,1,0.951219512
0,0.095890411,0.104244934,0.533333333,0,0,0.397959184,0.75,0.733333333,0.666666667,0.214285714,0.4,1,1,0.951219512
1,0.301369863,0.162477209,0.866666667,0,0,0.448979592,0.5,0.8,0.333333333,0.714285714,0,1,1,0.951219512
0,0,0.076026561,0.4,0,0,0.346938776,0.5,0.066666667,0.666666667,0.857142857,0.6,1,0,0.951219512
1,0.602739726,0.10035755,0.8,0.043860439,0,0.142857143,0,0.6,0.333333333,0,0,1,1,0.951219512
1,0.342465753,0.109154565,0.8,0,0,0.397959184,0.5,0.6,0.333333333,0.285714286,0,1,1,0.951219512
0,0.150684932,0.044296283,0.533333333,0,0,0.397959184,0.5,0.733333333,0.666666667,0.571428571,0.8,1,1,0.951219512
0,0.246575342,0.077317394,0.6,0.040640406,0,0.397959184,0.5,1,0.333333333,0.857142857,0,1,1,0.951219512
0,0.054794521,0.071791437,0.6,0,0,0.295918367,0.5,1,0.666666667,0.571428571,0.2,1,0,0.951219512
0,0.534246575,0.097798209,0.6,0,0,0.397959184,0.125,1,0.833333333,0.571428571,0.2,0.5,1,0.951219512
0,0.082191781,0.072763621,0.8,0,0,0.5,0.5,0.6,0.666666667,0.714285714,0.6,1,1,0.951219512
0,0.342465753,0.199817335,0.533333333,0,0,0.397959184,0.5,0.733333333,0,0.071428571,0.6,1,0,0.951219512
0,0.397260274,0.224132764,0.8,0,0,0.775510204,0.5,0.6,0.333333333,0.214285714,0,1,1,0.951219512
0,0.109589041,0.133004536,0.8,0,0,0.602040816,0.5,0.6,0.333333333,0.714285714,0,1,1,0.951219512
1,0.356164384,0.199904608,0.533333333,0,0,0.397959184,0.5,0.733333333,0.333333333,0.214285714,0,1,1,0.951219512
1,0.315068493,0.056723597,0.666666667,0,0,0.397959184,0.5,0.533333333,0.333333333,0.928571429,0,1,1,0.951219512
1,0.219178082,0.10825883,0.666666667,0,0,0.5,0.5,0.533333333,0.333333333,0.214285714,0,1,1,0.951219512
0,0.753424658,0.166750219,0.533333333,0,0,0.397959184,0.75,0.733333333,0.333333333,0.357142857,0,1,1,0.951219512
0,0.054794521,0.092923758,0.6,0,0,0.244897959,0.5,1,0.666666667,0.071428571,0.2,1,0,0.951219512
0,0.273972603,0.123741387,0.6,0,0,0.397959184,0.5,1,0,0.571428571,0.8,0.5,0,0.951219512
1,0.493150685,0.123882783,0.6,0,0.433195592,0.479591837,0.625,1,0.333333333,0.857142857,0,1,1,0.048780488
0,0.178082192,0.02863309,0.733333333,0,0,0.397959184,0.5,0.466666667,0.333333333,0.714285714,0,1,1,0.951219512
0,0.397260274,0.231833788,0.533333333,0,0,0.397959184,0.25,0.733333333,0.333333333,0.5,0,0.5,1,0.951219512
0,0.082191781,0.150071544,0.733333333,0,0,0.316326531,0.5,0.466666667,0.666666667,0.428571429,0.6,1,1,0.951219512
1,0.452054795,0.014736336,0.6,0,0,0.602040816,0.75,1,0.333333333,0.357142857,0,1,1,0.951219512
1,0.383561644,0.176005926,0.866666667,0,0,0.5,0.5,0.8,0.333333333,0.714285714,0,1,1,0.951219512
1,0.273972603,0.105668368,0.533333333,0,0,0.397959184,0.5,0.733333333,0.333333333,0.285714286,0,1,1,0.951219512
0,0.260273973,0.187308159,0.6,0,0,0.397959184,0.5,1,0,0.571428571,0.8,1,0,0.951219512
1,0.301369863,0.013313578,0.533333333,0,0,0.806122449,0.5,0.733333333,0.333333333,0.285714286,0,1,1,0.951219512
1,0.369863014,0.062652094,0.6,0,0,0.581632653,0.625,1,0.333333333,0.214285714,0,1,1,0.951219512
0,0.095890411,0.109718121,0.8,0,0,0.5,0.5,0.6,0.666666667,0.857142857,0.2,1,0,0.951219512
0,0.287671233,0.193661522,0.533333333,0,0,0.5,0.625,0.733333333,0.666666667,0.285714286,0.2,1,1,0.951219512
0,0.246575342,0.024781563,0.8,0,0,0.397959184,0.5,0.6,0.666666667,0.071428571,0.2,1,1,0.951219512
1,0.575342466,0.095526397,0.8,0.150241502,0,0.5,0.5,0.6,0.333333333,0.214285714,0,1,1,0.951219512
0,0.178082192,0.092572635,0.533333333,0,0,0.397959184,0.5,0.733333333,0,0.214285714,0.2,1,0,0.951219512
0,0.301369863,0.108538916,0.6,0,0,0.397959184,0.5,1,0,0.857142857,0.8,1,0,0.951219512
1,0.561643836,0.202368557,0.866666667,0.076880769,0,0.295918367,0.25,0.8,0.333333333,0.714285714,0,0.5,1,0.951219512
0,0.356164384,0.091321717,0.333333333,0,0,0.602040816,0.75,0,0.333333333,0.214285714,0,1,1,0
1,0.438356164,0.060938425,0.266666667,0,0.512167126,0.397959184,0.25,0.4,1,0.428571429,0.8,1,1,0.951219512
1,0.342465753,0.122594656,0.533333333,0,0,0.397959184,0.5,0.733333333,0.333333333,0.5,0,1,1,0.951219512
1,0.424657534,0.11764105,0.8,0,0,0.448979592,0.5,0.6,0.333333333,0.285714286,0,1,1,0.951219512
0,0.178082192,0.327531349,1,0,0,0.397959184,0.5,0.666666667,0.666666667,0.714285714,0.2,1,1,0
0,0.02739726,0.123348319,0.6,0,0,0.091836735,0,1,0.666666667,0,0.6,1,0,0.951219512
0,0.726027397,0.054168992,0.4,0,0,0.397959184,0.75,0.066666667,0.333333333,0.357142857,0,1,1,0.951219512
0,0.191780822,0.075087527,0.533333333,0,0,0.397959184,0.5,0.733333333,0.666666667,0.857142857,0.6,0.5,0,0.951219512
0,0.164383562,0.090695244,0.533333333,0,0,0.244897959,0.5,0.733333333,0.666666667,0.571428571,0.8,0.5,0,0.951219512
1,0.438356164,0.081381354,0.8,0,0,0.5,0.5,0.6,0.333333333,0.285714286,0,1,1,0.951219512
1,0.424657534,0.044055435,0.6,0,0,0.602040816,0.5,1,0.333333333,0.285714286,0,1,1,0.951219512
1,0.493150685,0.096406572,0.533333333,0,0,0.5,0.5,0.733333333,0.333333333,0.214285714,0,1,1,0.951219512
0,0.561643836,0.18833176,0.533333333,0,0,0.397959184,0.5,0.733333333,0.333333333,0.214285714,0,1,1,0.951219512
0,0.671232877,0.136113902,0.2,0,0,0.091836735,0,0.333333333,0,0,0.2,1,1,0.951219512
1,0.506849315,0.074910274,0.6,0,0,0.397959184,0.5,1,0.333333333,0.214285714,0,1,1,0.951219512
1,0.356164384,0.145306691,0.866666667,0,0,0.428571429,0.5,0.8,0.333333333,0.285714286,0,1,1,0.951219512
0,0.136986301,0.050331672,0.6,0,0,0.397959184,0.5,1,0,0.857142857,0.2,1,0,0.951219512
0,0.150684932,0.044721148,0.333333333,0,0,0.37755102,0,0,0.666666667,0,0.6,1,0,0.951219512
0,0.178082192,0.080602659,0.533333333,0,0,0.397959184,0.5,0.733333333,0.333333333,0.214285714,0,1,1,0.951219512
0,0.534246575,0.191012201,0.133333333,0,0,0.397959184,0.25,0.266666667,0.333333333,1,0,1,1,0.951219512
0,0.136986301,0.239346059,0.733333333,0,0,0.397959184,0.5,0.466666667,0.666666667,0.857142857,0.6,1,0,0.951219512
0,0.150684932,0.023599652,0.333333333,0,0,0.397959184,0.5,0,0.666666667,0.5,0.6,1,0,0.951219512
0,0.397260274,0.246600569,0.533333333,0,0,0.142857143,0.5,0.733333333,0.666666667,0.571428571,0.2,1,1,0.951219512
0,0.369863014,0.240484671,0.8,0,0,0.448979592,0.5,0.6,0.666666667,0.714285714,0.2,1,0,0.634146341
1,0.369863014,0.157654851,0.6,0,0,0.56122449,0.5,1,0.333333333,0.214285714,0,1,1,0.951219512
0,0.082191781,0.205101768,0.6,0,0,0.193877551,0.875,1,0.666666667,0.071428571,0.6,0.5,1,0.951219512
0,0.205479452,0.12042703,0.533333333,0,0,0.397959184,0.75,0.733333333,0.333333333,0.357142857,0,1,1,0.536585366
0,0.342465753,0.026957307,0.6,0,0,0.397959184,0.75,1,0.666666667,0.285714286,0.2,1,1,0.951219512
0,0.246575342,0.052278747,0.6,0,0,0.551020408,0.5,1,0,0.071428571,0.8,1,0,0.951219512
0,0.260273973,0.143616024,0.733333333,0,0.383149679,0.448979592,0.5,0.466666667,0.666666667,0.714285714,0.2,1,1,0.951219512
0,0.273972603,0.043677251,0.866666667,0,0,0.397959184,0.25,0.8,0.666666667,0.714285714,0.2,0.5,1,0
0,0.397260274,0.066705906,0.533333333,0,0,0.397959184,0.125,0.733333333,0.666666667,0.071428571,0.2,0,1,0.951219512
0,0.095890411,0.119063131,0.8,0,0,0.5,0.75,0.6,0.666666667,0.857142857,0.2,1,1,0.951219512
0,0.123287671,0.204661342,0.533333333,0,0,0.5,0.5,0.733333333,0.666666667,0.071428571,0.2,1,1,0.951219512
0,0.260273973,0.043624481,0.6,0,0,0.387755102,0.875,1,0,0.285714286,0.2,1,0,0.951219512
0,0.219178082,0.067167981,0.8,0,0,0.397959184,0.5,0.6,0.666666667,0.857142857,0.6,1,1,0.951219512
1,0.342465753,0.11929383,0.6,0,0.512167126,0.5,0.5,1,0.833333333,0.714285714,0.2,1,1,0.048780488
0,0.561643836,0.008686063,0.666666667,0,0.545684114,0.653061224,0.75,0.533333333,0.333333333,0.357142857,0,1,1,0.951219512
0,0.356164384,0.04293103,0.533333333,0,0,0.397959184,0.5,0.733333333,0.333333333,0.5,0,1,1,0.951219512
0,0.150684932,0.069786857,0.8,0,0,0.397959184,0.5,0.6,0.666666667,0.071428571,0.6,1,1,0.951219512
0,0,0.041174063,0.266666667,0,0,0.153061224,0.5,0.4,0.666666667,0.214285714,0.6,1,0,0.951219512
0,0.602739726,0.047871783,0.266666667,0,0,0.397959184,0.5,0.4,0.333333333,0.5,0,1,1,0.951219512
0,0.452054795,0.053574992,0.533333333,0,0,0.397959184,0.5,0.733333333,0.333333333,1,0,1,1,0.951219512
0,0.04109589,0.121548729,0.533333333,0,0,0.397959184,0.5,0.733333333,0.333333333,0.571428571,0.4,1,0,0.951219512
0,0.520547945,0.100484739,0.533333333,0,0,0.602040816,0.625,0.733333333,0.833333333,0.857142857,0.2,1,0,0.951219512
0,0.547945205,0.213526011,0.333333333,0,0,0.397959184,0.75,0,0.333333333,0.214285714,0,1,1,0.951219512
0,0.410958904,0.065716132,0.8,0,0,0.5,0.75,0.6,0.333333333,0.285714286,0,1,1,0.951219512
0,0.246575342,0.033189569,0.6,0,0,0.448979592,0.5,1,0.333333333,0.857142857,0,1,1,0.951219512
0,0.246575342,0.145119967,0.6,0,0,0.581632653,0.5,1,0.333333333,0.285714286,0,1,1,0.951219512
0,0.273972603,0.085686838,0.4,0,0,0.367346939,0.75,0.066666667,0.666666667,0.357142857,0.6,1,1,0.951219512
0,0.547945205,0.061737416,0.133333333,0,0,0.5,0.5,0.266666667,0.333333333,1,0,0.5,1,0.951219512
0,0.164383562,0.165025049,0.066666667,0,0,0.397959184,0,0.2,0.666666667,0,0.6,0.25,1,0.731707317
0,0.643835616,0.185673645,0.2,0,0,0.397959184,0,0.333333333,1,0,0.2,1,0,0.951219512
0,0.452054795,0.156165116,0.533333333,0,0,0.397959184,0.5,0.733333333,0.5,0.071428571,0.4,1,0,0.951219512
0,0.575342466,0.068000798,0.533333333,0,0,0.602040816,0.5,0.733333333,0,0.714285714,0.8,1,0,0.951219512
0,0.164383562,0.117301428,0.8,0,0,0.397959184,0.125,0.6,0.333333333,0.714285714,0,1,1,0.951219512
1,0.342465753,0.055689172,0.533333333,0.051780518,0,0.397959184,0.5,0.733333333,0.333333333,0.214285714,0,1,1,0.951219512
0,0.301369863,0.142018043,0.6,0.033250333,0,0.397959184,0.75,1,0,0.571428571,0.2,1,0,0.951219512
0,0.328767123,0.091206706,0.866666667,0,0,0.397959184,0.5,0.8,0,0.285714286,0.8,1,0,0.951219512
0,0.260273973,0.18826343,0.6,0,0,0.448979592,0.5,1,0.333333333,0.285714286,0,1,1,0.951219512
0,0.287671233,0.124542407,0.8,0,0,0.193877551,0.875,0.6,0.666666667,0.857142857,0.2,1,1,0.951219512
0,0.479452055,0.114107495,0.6,0,0,0.295918367,0.5,1,0.333333333,1,0,1,1,0.951219512
0,0.054794521,0.014990715,0.6,0,0,0.5,0,1,0.666666667,0,0.6,1,1,0.951219512
0,0.054794521,0.179937962,0.533333333,0,0,0.397959184,0.5,0.733333333,0.333333333,0.5,0,0.5,1,0.951219512
0,0.054794521,0.190405347,0.533333333,0,0,0.602040816,0.5,0.733333333,0.666666667,0.857142857,0.2,1,1,0.951219512
1,0.424657534,0.116704045,0.2,0,0,0.5,0.625,0.333333333,0.333333333,0.214285714,0,1,1,0.951219512
0,0.301369863,0.114052695,0.4,0,0,0.397959184,0,0.066666667,0.666666667,0,0.2,0.5,0,0.951219512
0,0.02739726,0.255499065,0.533333333,0,0,0.397959184,0.5,0.733333333,0.666666667,0.857142857,0.2,1,1,0.951219512
0,0.068493151,0.211510606,0.533333333,0,0,0.5,0.5,0.733333333,0.666666667,0.5,0.2,1,1,0.951219512
1,0.726027397,0.051655656,0.866666667,0.07896079,0,0.5,0.25,0.8,0.666666667,0.714285714,0.8,1,0,0.951219512
0,0.301369863,0.07526478,0.4,0,0,0.397959184,0.5,0.066666667,0.333333333,0.571428571,0,0.75,1,0.317073171
0,0.219178082,0.05944666,0.333333333,0,0,0.397959184,0.5,0,0.833333333,0.428571429,0.2,1,1,0.951219512
0,0.109589041,0.20299706,0.666666667,0,0,0.397959184,0.5,0.533333333,0.666666667,0.214285714,0.8,0,1,0.951219512
0,0.219178082,0.131848334,0.533333333,0,0,0.397959184,0.125,0.733333333,0.666666667,0.285714286,0.2,1,0,0.951219512
0,0.01369863,0.078649496,0.6,0,0,0.051020408,0,1,0.666666667,0,0.6,1,0,0.951219512
0,0.424657534,0.122110932,0.6,0,0,0.397959184,0.5,1,0,0.214285714,0.2,1,1,0.951219512
0,0,0.191597406,0.4,0,0,0.244897959,0.5,0.066666667,0.666666667,0.571428571,0.6,0.5,0,0.951219512
0,0.02739726,0.256437422,0.6,0,0,0.295918367,0.5,1,0.666666667,0.071428571,0.2,1,0,0.951219512
0,0.123287671,0.039728979,0.8,0,0,0.397959184,0.5,0.6,0.666666667,0.714285714,0.2,0.25,0,0.731707317
0,0.479452055,0.013228335,0.533333333,0,0,0.397959184,0.125,0.733333333,0,0.071428571,0.8,1,0,0.951219512
0,0.191780822,0.155329592,0.666666667,0,0,0.448979592,0.5,0.533333333,0.666666667,0.071428571,0.2,0.5,1,0.951219512
0,0.246575342,0.227645346,0.4,0,0,0.357142857,0.75,0.066666667,0.333333333,0.214285714,0,1,1,0.951219512
0,0.123287671,0.075162623,0.533333333,0,0,0.193877551,0.5,0.733333333,1,0.071428571,0.8,1,0,0.951219512
0,0.506849315,0.063894217,0.8,0,0,0.397959184,0.5,0.6,0.333333333,0.928571429,0,1,1,0.951219512
1,0.356164384,0.136631453,0.6,0,0,0.397959184,0.25,1,0.333333333,0.214285714,0,1,1,0.951219512
0,0.356164384,0.101360855,0.8,0,0,0.397959184,0.5,0.6,0.666666667,0.071428571,0.2,1,0,0.951219512
0,0.589041096,0.103876897,1,0,0,0.551020408,0.875,0.666666667,0.333333333,0.714285714,0,1,1,0.951219512
0,0.547945205,0.165589957,0.533333333,0,0,0.397959184,0.5,0.733333333,0.333333333,0.214285714,0,1,1,0.951219512
1,0.520547945,0.033436505,0.533333333,0.064180642,0,0.5,0.5,0.733333333,0.333333333,0.071428571,0,1,1,0.951219512
1,0.342465753,0.145196416,0.8,0,0,0.448979592,0.5,0.6,0.333333333,0.928571429,0,1,1,0.951219512
0,0.191780822,0.250520426,0.533333333,0,0,0.397959184,0.5,0.733333333,0.666666667,0.5,0.6,0.5,1,0.951219512
0,0.095890411,0.101935912,0.733333333,0,0.454545455,0.5,0.5,0.466666667,0.666666667,0.714285714,0.2,1,1,0.951219512
0,0.356164384,0.142743968,0.6,0,0,0.397959184,0.5,1,0,0.214285714,0.2,1,1,0.951219512
1,0.465753425,0.058652405,0.533333333,0,0,1,0.625,0.733333333,0.5,0.285714286,0.2,1,1,0.951219512
0,0.054794521,0.064727711,0.6,0,0,0.193877551,0.5,1,0.666666667,1,0.6,0.25,1,0.073170732
0,0.287671233,0.104662357,0.8,0,0,0.397959184,0.5,0.6,0.666666667,0.071428571,0.6,1,0,0.951219512
0,0.082191781,0.129264638,0.8,0,0,0.112244898,0.25,0.6,0.666666667,0.285714286,0.6,1,0,0.951219512
1,0.123287671,0.159101288,0.8,0.051780518,0,0.418367347,0.5,0.6,0.333333333,0.857142857,1,1,0,0.951219512
0,0.301369863,0.15914188,0.533333333,0,0,0.448979592,0.5,0.733333333,0.333333333,0.571428571,0,1,1,0.804878049
0,0.287671233,0.080476824,0.533333333,0,0,0.193877551,0.25,0.733333333,0.666666667,0.571428571,0.6,1,1,0.951219512
0,0.054794521,0.374144096,0.533333333,0,0,0.397959184,0.5,0.733333333,0.666666667,0.571428571,0.6,0.5,1,0.951219512
0,0.342465753,0.158700101,0.6,0.033250333,0,0.397959184,0.25,1,0,0.928571429,0.2,1,0,0.951219512
0,0.589041096,0.103853218,0.866666667,0,0,0.071428571,0.875,0.8,0.333333333,0.714285714,1,1,0,0.951219512
1,0.369863014,0.066048312,0.8,0,0,0.153061224,0,0.6,0.333333333,0,1,1,0,0.951219512
0,0.178082192,0.239894054,0.4,0,0,0.397959184,0.5,0.066666667,0.333333333,1,0,1,1,0.951219512
1,0.438356164,0.146190926,0.8,0,0.453856749,0.602040816,0.75,0.6,0.333333333,0.857142857,0,1,1,0.951219512
0,0.561643836,0.072457826,0.666666667,0,0,0.602040816,0.5,0.533333333,0,0.071428571,0.2,1,0,0.951219512
0,0.465753425,0.042282908,0.6,0,0,0.397959184,0.25,1,1,0.071428571,0.2,1,0,0.951219512
1,0.246575342,0.087475602,0.866666667,0,0,0.448979592,0.5,0.8,0.333333333,0.071428571,0,1,1,0.951219512
0,0.095890411,0.153325012,0.133333333,0,0,0.397959184,0.5,0.266666667,0.666666667,0.214285714,0.8,1,1,0.195121951
1,0.547945205,0.280071578,0.866666667,0,0,0.397959184,0.5,0.8,0,0.285714286,0.8,1,1,0.951219512
0,0.287671233,0.090583615,0.533333333,0,0,0.397959184,0.5,0.733333333,0.666666667,0.214285714,0.8,0.5,0,0.951219512
1,0.246575342,0.23269705,0.733333333,0,0,0.806122449,0.5,0.466666667,0.666666667,0.571428571,0.2,1,0,0.951219512
0,0.465753425,0.152227668,0.6,0,0,0.397959184,0.5,1,0,0.571428571,0.2,1,0,0.951219512
0,0.561643836,0.081467951,0.8,0.033250333,0,0.397959184,0.5,0.6,0,0.071428571,0.2,1,1,0.951219512
0,0.452054795,0.105490439,0.6,0,0,0.397959184,0.5,1,0.5,1,0.8,1,1,0.951219512
0,0.438356164,0.092640288,0.533333333,0,0,0.5,0.5,0.733333333,0,0.214285714,0.8,1,1,0.951219512
0,0.054794521,0.161260795,0.6,0,0,0.295918367,0.5,1,0.666666667,0.071428571,0.4,1,1,0.658536585
1,0.465753425,0.099873826,0.8,0.105201052,0,0.397959184,0.5,0.6,0,0.285714286,0.2,0.5,1,0.951219512
0,0.465753425,0.053346323,0.266666667,0,0,0.397959184,0.5,0.4,0.666666667,0.571428571,0.8,0.5,0,0.951219512
1,0.602739726,0.139974224,0.8,0,0,0.5,0.75,0.6,0.333333333,0.714285714,0,1,1,0.951219512
0,0.205479452,0.151248042,0.6,0,0,0.5,0.5,1,0.666666667,0.285714286,0.4,1,0,0.951219512
0,0.164383562,0.084364207,0.733333333,0,0,0.397959184,0.5,0.466666667,0.666666667,0.928571429,0.6,1,1,0.951219512
0,0.369863014,0.254029626,0.6,0,0,0.142857143,0.25,1,1,0.071428571,0.8,1,0,0.951219512
0,0.273972603,0.088682545,1,0,0,0.602040816,0.75,0.666666667,0.333333333,0.714285714,0,1,1,0.951219512
0,0.109589041,0.309456301,0.6,0,0,0.397959184,0.5,1,0.333333333,0.214285714,0.6,1,1,0.951219512
0,0.273972603,0.105085193,0.533333333,0,0,0.397959184,0.5,0.733333333,0.333333333,0.571428571,0,1,1,0.951219512
0,0.219178082,0.045850966,0.533333333,0,0,0.479591837,0.5,0.733333333,0.666666667,0.571428571,0.6,1,1,0.951219512
0,0.273972603,0.00988624,0.533333333,0,0,0.112244898,0.5,0.733333333,0,0.285714286,0.8,1,0,0.951219512
0,0.123287671,0.103275456,0.533333333,0,0,0.397959184,0.5,0.733333333,0.333333333,0.857142857,0,1,1,0.951219512
1,0.273972603,0.013789861,0.8,0,0,0.428571429,0.5,0.6,0.333333333,0.5,0,1,1,0.951219512
1,0.397260274,0.096997866,0.8,0,0,0.397959184,0.5,0.6,0.333333333,0.5,0,1,1,0.268292683
1,0.232876712,0.01630455,0.866666667,0,0,0.448979592,0.5,0.8,0.333333333,0.714285714,0,1,1,0.951219512
0,0.589041096,0.127155194,0.666666667,0,0,0.397959184,0.5,0.533333333,0,0.714285714,0.8,1,0,0.951219512
0,0.164383562,0.019616877,0.8,0,0,0.5,0,0.6,0.5,0,0.2,1,1,0.951219512
0,0.287671233,0.08313088,0.066666667,0,0,0.397959184,0.5,0.2,0.5,0.071428571,0.2,1,1,0
0,0.246575342,0.086785534,0.6,0.050130501,0,0.397959184,0.875,1,0.333333333,0.928571429,0,1,1,0.951219512
0,0.219178082,0.101115272,0.666666667,0,0,0.448979592,0.5,0.533333333,0.333333333,0.357142857,0,1,1,0.951219512
0,0.301369863,0.165727971,0.533333333,0,0,0.602040816,0.5,0.733333333,0,0.214285714,0.2,1,1,0.951219512
0,0.575342466,0.228415922,0.733333333,0,0,0.397959184,0.625,0.466666667,0.333333333,0.214285714,0,1,1,0.951219512
0,0.178082192,0.024514331,0.733333333,0,0.45959596,0.397959184,0.5,0.466666667,0.333333333,0.714285714,0,1,1,0.951219512
1,0.342465753,0.067389885,0.6,0,0.433195592,0.397959184,0.5,1,0.333333333,0.214285714,0,1,1,0.951219512
0,0.109589041,0.065695159,0.533333333,0,0,0.704081633,0.5,0.733333333,0.666666667,1,0.6,1,1,0.951219512
0,0.602739726,0.233508218,0.533333333,0,0,0.397959184,0.5,0.733333333,0.333333333,0.571428571,0,1,1,0.951219512
0,0.315068493,0.080923338,0.6,0,0,0.397959184,0.5,1,0,0.285714286,0.2,1,1,0.951219512
0,0.260273973,0.165815921,0.533333333,0,0,0.346938776,0.5,0.733333333,0.333333333,0.214285714,0,0.5,1,0.951219512
0,0.246575342,0.060363368,0.6,0,0,0.397959184,0.5,1,0,0.285714286,0.2,1,0,0.951219512
0,0.136986301,0.053592582,0.533333333,0,0,0.397959184,0.5,0.733333333,0.333333333,0.928571429,1,1,0,0.951219512
0,0.205479452,0.145407495,0.8,0,0,0.397959184,0.5,0.6,0.333333333,0.714285714,0,0.75,1,0.170731707
0,0.150684932,0.037463932,0.6,0,0,0.397959184,0.5,1,0.666666667,0.071428571,0.4,1,0,0.951219512
1,0.273972603,0.135118039,0.666666667,0,0,0.397959184,0.25,0.533333333,0.333333333,0.285714286,0,1,1,0.951219512
0,0.109589041,0.114546568,0.4,0,0,0.397959184,0.5,0.066666667,0.333333333,0.928571429,0,1,1,0.951219512
0,0.164383562,0.090187164,0.533333333,0,0,0.397959184,0.5,0.733333333,0.666666667,0.214285714,0.2,1,1,0.317073171
0,0.383561644,0.025899203,0.533333333,0,0,0.397959184,0.875,0.733333333,0.333333333,0.285714286,1,1,0,0.951219512
1,0.410958904,0.148508066,0.8,0,0.453856749,0.551020408,0.125,0.6,0.333333333,0.285714286,0,1,1,0.951219512
1,0.561643836,0.06227391,0.6,0,0,0.397959184,0.5,1,0.333333333,0.214285714,0,1,1,0.951219512
0,0.479452055,0.11931345,0.133333333,0,0,0.397959184,0.5,0.266666667,0.5,0.214285714,0.4,1,1,0.634146341
0,0.109589041,0.021602514,0.533333333,0,0,0.346938776,0.25,0.733333333,0,0.071428571,0.2,0,0,0.951219512
0,0.232876712,0.04553164,0.8,0,0,0.602040816,0.625,0.6,0.666666667,0.714285714,0.2,0.75,1,0.951219512
0,0.219178082,0.148524979,0.333333333,0,0,0.37755102,0.5,0,0.833333333,0.857142857,0.8,1,0,0.951219512
1,0.178082192,0.280936192,0.533333333,1,0,0.397959184,0.5,0.733333333,0.666666667,0.428571429,0.6,0.5,0,0.951219512
0,0.575342466,0.056071415,1,0,0,0.397959184,0.5,0.666666667,0.333333333,0.857142857,0,1,1,0.951219512
0,0.260273973,0.227616254,0.8,0,0,0.346938776,0.25,0.6,0.666666667,0.714285714,0.2,1,0,0.951219512
0,0.410958904,0.067165275,0.666666667,0,0,0.397959184,0,0.533333333,0,0,0.2,1,1,0.951219512
0,0.410958904,0.041119263,0.2,0,0,0.346938776,0.5,0.333333333,0.333333333,0.5,1,0.5,0,0.951219512
1,0.520547945,0.017016944,0.666666667,0,0,0.397959184,0.5,0.533333333,0.333333333,0.214285714,0,1,1,0.951219512
1,0.561643836,0.013156622,0.6,0,0,0.448979592,0.5,1,0.333333333,0.857142857,0,1,1,0.951219512
0,0.04109589,0.266796562,0.6,0,0,0.346938776,0.5,1,0.666666667,0.071428571,0.6,1,0,0.951219512
0,0.123287671,0.025585289,0.6,0,0,0.397959184,0.5,1,0.666666667,0.857142857,0.2,1,0,0.951219512
0,0.493150685,0.252279423,0.6,0,0,0.602040816,0.75,1,0.333333333,0.571428571,0,1,1,0.951219512
0,0.04109589,0.248451575,0.6,0,0,0.091836735,0.5,1,0.666666667,0.571428571,0.6,1,0,0.951219512
0,0.301369863,0.104742189,0.733333333,0,0,0.724489796,0.75,0.466666667,0.333333333,0.857142857,0,0.25,1,0.853658537
0,0.520547945,0.110973774,0.533333333,0,0,0.397959184,0.5,0.733333333,1,0.071428571,0.6,1,0,0.951219512
0,0.369863014,0.16280533,0.333333333,0,0,0.418367347,0.5,0,0,0.071428571,0.8,0.75,0,0.951219512
0,0.410958904,0.09079943,0.6,0,0,0.153061224,0.5,1,0.833333333,0.071428571,0.8,1,0,0.268292683
0,0.246575342,0.16967286,0.6,0,0,0.846938776,0.75,1,0.666666667,0.571428571,0.2,0.5,1,0.951219512
0,0.383561644,0.155784225,0.466666667,0,0,0.346938776,0.75,0.133333333,0,0.214285714,0.4,0.5,1,0.951219512
0,0.123287671,0.22179668,0.533333333,0,0,0.5,0.5,0.733333333,0.666666667,0.214285714,0.6,1,1,0.951219512
0,0.328767123,0.051841704,0.733333333,0,0,0.357142857,0.875,0.466666667,0,0.714285714,0.8,0.25,0,0.951219512
0,0,0.055530862,0.333333333,0,0,0.051020408,0,0,0.666666667,0,0.4,1,1,0.951219512
0,0.150684932,0.110851997,0.533333333,0,0,0.316326531,0.5,0.733333333,0.666666667,0.571428571,0.6,1,0,0.951219512
1,0.191780822,0.207602927,0.666666667,0.043860439,0,0.397959184,0.5,0.533333333,0.333333333,0.214285714,0,1,1,0.634146341
0,0.369863014,0.083059167,0.866666667,0,0,0.153061224,0.25,0.8,0,0.714285714,0.8,1,0,0
0,0.534246575,0.156138731,0.6,0,0,0.397959184,0.5,1,0.666666667,0.214285714,0.8,1,1,0.951219512
1,0.246575342,0.118924441,0.8,0,0,0.602040816,0.5,0.6,0.333333333,0.857142857,0,1,1,0.951219512
0,0.342465753,0.001003981,0.666666667,0,0,0.397959184,0.5,0.533333333,0,0.714285714,0.8,1,1,0.951219512
0,0.150684932,0.162184945,0.6,0,0,0.448979592,0.5,1,0.666666667,0.071428571,0.8,1,0,0.585365854
0,0.547945205,0.008185425,0.2,0,0,0.091836735,0.5,0.333333333,1,0.571428571,0.2,1,0,0.951219512
0,0.232876712,0.121104244,0.6,0,0,0.397959184,0.5,1,0.666666667,0.214285714,0.2,1,1,0.951219512
0,0.04109589,0.118302027,0.533333333,0,0,0.397959184,0.5,0.733333333,0.666666667,0.214285714,0.6,0.5,0,0.951219512
0,0.232876712,0.045263731,0.8,0,0,0.5,0.25,0.6,0.333333333,0.714285714,1,1,0,0.951219512
0,0.835616438,0.088821912,0.6,0,0,0.040816327,0,1,1,0,0.2,1,1,0.951219512
0,0.397260274,0.047896815,0.733333333,0,0,0.326530612,0.5,0.466666667,0.666666667,0.714285714,0.2,1,0,0.951219512
0,0.164383562,0.164527794,0.133333333,0,0,0.346938776,0.5,0.266666667,0.666666667,0.571428571,0.4,1,1,0.634146341
0,0.342465753,0.060498676,0.666666667,0.028850289,0,0.397959184,0.75,0.533333333,0.333333333,0.214285714,0,0.25,1,0.951219512
0,0.561643836,0.096238791,0.8,0,0,0.193877551,0.75,0.6,0,0.571428571,0.2,1,0,0.951219512
0,0.054794521,0.176656079,0.666666667,0,0,0.5,0.5,0.533333333,0.666666667,0.571428571,0.2,1,0,0.951219512
0,0.301369863,0.049724142,0.8,0,0,0.275510204,0.5,0.6,0.333333333,0.071428571,1,1,0,0.951219512
0,0.02739726,0.127793169,0.533333333,0,0,0.295918367,0.5,0.733333333,0.666666667,0.857142857,0.2,1,0,0.951219512
1,0.287671233,0.180142952,0.8,0,0,0.5,0.5,0.6,0.333333333,0.857142857,0,1,1,0.951219512
0,0.342465753,0.105031747,0.533333333,0.050130501,0,0.346938776,0.5,0.733333333,0.333333333,0.428571429,0,1,1,0.951219512
0,0.150684932,0.170631514,0.8,0,0,0.397959184,0.5,0.6,0.666666667,0.714285714,0.2,1,0,0.951219512
0,0.534246575,0.109909581,0.533333333,0,0,0.397959184,0.5,0.733333333,0.333333333,0.571428571,0,1,1,0.951219512
0,0.219178082,0.039348765,0.533333333,0,0,0.397959184,0.5,0.733333333,0.666666667,1,0.4,0.25,1,0.951219512
1,0.260273973,0.033483863,0.6,0,0,0.602040816,0.5,1,0.333333333,0.214285714,0,1,1,0.951219512
0,0.04109589,0.203997659,0.6,0,0,0.397959184,0.5,1,0.333333333,0.214285714,0,1,1,0.951219512
1,0.232876712,0.135944091,0.8,0,0,0.653061224,0.5,0.6,0.666666667,0.857142857,0.2,1,1,0.951219512
0,0.054794521,0.088827324,0.8,0,0,0.448979592,0.5,0.6,0.666666667,0.714285714,0.6,0.25,0,0.951219512
0,0.123287671,0.173717877,0.8,0,0,0.397959184,0.5,0.6,0.666666667,0.071428571,0.6,1,0,0.951219512
0,0.671232877,0.017817288,0.666666667,0.032730327,0,0.397959184,0.125,0.533333333,1,0.571428571,0.8,0.5,0,0.951219512
0,0.356164384,0.158074304,0.6,0,0,0.653061224,0.5,1,0.333333333,0.714285714,0,1,1,0.951219512
0,0.178082192,0.057801998,0.533333333,0,0,0.448979592,0.5,0.733333333,0.666666667,0.5,0.6,1,1,0.951219512
1,0.397260274,0.076859378,0.8,0,0.453856749,0.602040816,0.625,0.6,0.333333333,0.714285714,0,1,1,0.951219512
1,0.438356164,0.162229596,0.6,0,0,0.397959184,0.5,1,0.333333333,1,0,1,1,0.951219512
0,0.410958904,0.092720796,0.533333333,0,0,0.37755102,0.875,0.733333333,0,0.071428571,0.8,1,1,0.951219512
1,0.315068493,0.067111152,0.866666667,0,0,0.5,0.5,0.8,0.333333333,0.285714286,0,1,1,0.951219512
0,0.287671233,0.011231873,0.4,0,0,0.5,0.5,0.066666667,0.333333333,0.857142857,0,1,1,0.951219512
1,0.410958904,0.151112058,0.866666667,0,0,0.397959184,0.75,0.8,0.333333333,0.714285714,0,1,1,0.951219512
0,0.561643836,0.079493815,0.533333333,0,0,0.397959184,0.5,0.733333333,0.333333333,0.5,0,1,1,0.951219512
0,0.164383562,0.101498868,0.6,0,0,0.448979592,0.75,1,0.666666667,0.285714286,0.6,0.25,1,0.853658537
0,0.219178082,0.068033949,0.533333333,0,0,0.397959184,0.5,0.733333333,0.333333333,1,0,0.25,1,0
1,0.219178082,0.074733021,0.666666667,0,0,0.397959184,0.5,0.533333333,0.333333333,0.214285714,0,0.25,1,0.463414634
0,0.136986301,0.139704962,0.533333333,0,0,0.397959184,0.5,0.733333333,0.333333333,0.285714286,1,1,0,0.951219512
0,0.178082192,0.061507393,0.866666667,0,0,0.397959184,0.5,0.8,0.5,0.714285714,0.2,0.25,0,0.87804878
1,0.178082192,0.102769406,0.666666667,0.051780518,0,0.520408163,0.5,0.533333333,0.333333333,0.714285714,0,1,1,0.951219512
1,0.520547945,0.099022065,0.533333333,0,0,0.397959184,0.5,0.733333333,0.333333333,0.5,0,0,1,0.951219512
0,0.561643836,0.129716565,0.533333333,0,0,0.397959184,0.5,0.733333333,0.666666667,1,0.6,1,1,0.048780488
0,0.794520548,0.131810448,0.533333333,0,0,0.397959184,0.5,0.733333333,0.5,0.571428571,0.2,1,1,0.951219512
1,0.328767123,0.098225104,0.866666667,0,0,0.5,0.5,0.8,0.333333333,0.071428571,1,1,0,0.951219512
0,0.01369863,0.171841839,0.6,0,0,0.244897959,0,1,0.666666667,0,0.6,1,0,0.951219512
1,0.369863014,0.21239687,0.8,0,0.584710744,0.5,0.5,0.6,0,0.285714286,0.8,1,1,0.951219512
0,0.424657534,0.109766831,0.533333333,0,0,0.397959184,0.5,0.733333333,0.333333333,0.5,0,1,1,0.951219512
0,0.136986301,0.22448118,0.533333333,0,0,0.397959184,0.5,0.733333333,0.666666667,0.214285714,0.6,1,1,0.951219512
0,0.506849315,0.035271951,0.6,0,0,0.397959184,0.5,1,1,0.928571429,0.8,1,0,0.951219512
0,0.561643836,0.328784973,0.533333333,0,0,0.397959184,0.5,0.733333333,0,0.285714286,0.2,1,0,0.951219512
1,0.547945205,0.033278196,0.6,0.076880769,0,0.448979592,0.5,1,0.333333333,0.285714286,0,1,1,0.951219512
0,0.150684932,0.085519056,0.6,0,0,0.5,0.5,1,0.666666667,0.214285714,0.6,1,1,0.951219512
0,0.589041096,0.143172893,0.6,0,0,0.397959184,0.5,1,0.5,0.071428571,0.8,0.5,0,0.951219512
1,0.452054795,0.096631859,0.533333333,1,0,0.346938776,0.75,0.733333333,0,0.285714286,0.2,1,0,0.951219512
0,0.054794521,0.160857579,0.6,0,0,0.091836735,0.5,1,0.666666667,0.714285714,0.6,1,0,0.951219512
0,0.164383562,0.077202383,0.533333333,0,0,0.316326531,0.5,0.733333333,0,0.857142857,0.8,1,0,0.951219512
0,0.246575342,0.109310169,0.533333333,0,0,0.397959184,0.5,0.733333333,0.5,0.214285714,0.2,0.25,1,0
0,0.301369863,0.051927624,0.666666667,0,0,0.397959184,0.5,0.533333333,0.333333333,0.571428571,0,1,1,0.951219512
1,0.506849315,0.014598323,0.533333333,0,0,0.397959184,0.125,0.733333333,0.333333333,0.071428571,0,1,1,0.951219512
0,0.191780822,0.101038147,0.6,0,0,0.397959184,0.875,1,0,0.071428571,0.8,1,0,0.951219512
0,0.219178082,0.107065418,0.533333333,0,0,0.397959184,0.5,0.733333333,0.833333333,0.071428571,0.2,1,0,0.951219512
0,0.136986301,0.070614939,0.533333333,0,0,0.397959184,0.25,0.733333333,0.333333333,0.5,0,1,1,0.951219512
0,0.479452055,0.044047317,0.533333333,0,0,0.602040816,0.625,0.733333333,0.333333333,0.357142857,0,1,1,0.951219512
0,0.479452055,0.20272171,0.133333333,0,0,0.142857143,0.5,0.266666667,0.333333333,0.857142857,1,1,0,0.195121951
1,0.493150685,0.222684974,0.866666667,0,0,0.602040816,0.5,0.8,0.666666667,0.285714286,0.2,1,0,0.951219512
0,0.123287671,0.047226366,0.533333333,0,0,0.387755102,0.5,0.733333333,0.666666667,0.071428571,0.2,1,0,0.951219512
0,0.273972603,0.167508617,0.666666667,0,0,0.051020408,0.5,0.533333333,0.666666667,0.857142857,0.8,0.5,0,0.951219512
0,0.328767123,0.09256181,0.533333333,0,0.454545455,0.397959184,0.125,0.733333333,0.666666667,0.428571429,0.2,1,1,0.951219512
0,0.205479452,0.151566691,0.6,0,0,0.316326531,0.5,1,0.333333333,0.857142857,0,1,1,0.951219512
0,0.123287671,0.158035741,0.533333333,0,0,0.397959184,0.5,0.733333333,0.666666667,0.571428571,0.4,1,1,0.951219512
0,0.273972603,0.152997568,0.066666667,0,0,0.397959184,0.5,0.2,0.333333333,1,0,1,1,0.12195122
1,0.452054795,0.047547721,0.866666667,0,0,0.448979592,0.5,0.8,0.333333333,0.928571429,0,1,1,0.951219512
0,0.246575342,0.288131167,0.666666667,0,0,0.653061224,0.5,0.533333333,0.666666667,0.571428571,0.2,1,0,0.951219512
1,0.260273973,0.084586788,0.6,0,0,0.602040816,0.25,1,0.333333333,0.785714286,0,1,1,0.951219512
0,0.273972603,0.079139986,0.6,0,0,0.602040816,0.5,1,0,0.285714286,0.8,1,0,0.951219512
0,0.410958904,0.085989926,0.6,0,0,0.397959184,0.5,1,0.333333333,0.071428571,1,1,0,0.951219512
1,0.150684932,0.125776411,0.8,0,0,0.551020408,0.5,0.6,0.666666667,0.714285714,0.2,1,1,0.951219512
0,0.109589041,0.126193158,0.8,0,0.365013774,0.397959184,0.125,0.6,0.666666667,0.071428571,0.8,0.5,0,0.951219512
0,0.054794521,0.111791708,0.6,0,0,0.397959184,0.5,1,0.666666667,0.571428571,0.6,1,1,0.951219512
0,0.506849315,0.091027423,0.6,0,0,0.397959184,0.5,1,0.333333333,0.857142857,0,1,1,0.951219512
0,0.534246575,0.244183301,0.533333333,0,0,0.479591837,0.5,0.733333333,0.333333333,0.071428571,0,1,1,0.951219512
0,0.150684932,0.066222182,0.666666667,0,0,0.020408163,0.5,0.533333333,0,0.071428571,0.2,1,0,0.951219512
0,0.465753425,0.178079513,0.6,0,0,0.5,0.5,1,0,0.857142857,0.8,0.5,0,0.951219512
0,0.164383562,0.121775369,0.6,0,0,0.193877551,0.5,1,0.666666667,0.571428571,0.4,1,0,0.951219512
0,0.438356164,0.117108615,0.733333333,0,0,0.448979592,0.5,0.466666667,0.333333333,0.857142857,0,1,1,0.951219512
1,0.452054795,0.202464626,0.866666667,0.076880769,0,0.5,0.25,0.8,0.333333333,0.714285714,0,1,1,0.951219512
0,0.136986301,0.163403389,0.6,0,0,0.397959184,0.5,1,0.666666667,0.071428571,0.2,1,0,0.951219512
0,0.356164384,0.056570023,0.733333333,0,0,0.397959184,0.125,0.466666667,0.333333333,0.714285714,1,0.5,0,0.951219512
0,0,0.173968196,0.333333333,0,0,0.397959184,0.5,0,0.666666667,0.5,0.2,1,1,0.951219512
1,0.410958904,0.100061227,0.533333333,0.140841408,0,0.37755102,0.5,0.733333333,0.833333333,0.714285714,0.4,0.5,0,0.951219512
0,1,0.097215711,0.8,0.105661057,0,0.5,0.75,0.6,0.333333333,0.714285714,0,1,1,0.951219512
1,0.602739726,0.040038833,0.533333333,0.03103031,0,0.397959184,0,0.733333333,0.333333333,0,0,1,1,0.951219512
0,0.178082192,0.168233865,0.2,0,0,0.397959184,0,0.333333333,0.666666667,0,0.2,1,1,0.951219512
0,0,0.15208086,0.4,0,0,0.346938776,0,0.066666667,0.666666667,0,0.6,1,0,0.951219512
0,0.082191781,0.086920842,0.666666667,0,0,0.142857143,0.5,0.533333333,0.666666667,0.571428571,0.6,1,0,0.951219512
0,0.273972603,0.116508526,0.533333333,0,0,0.397959184,0.5,0.733333333,0.333333333,1,0,1,1,0.951219512
0,0.342465753,0.061885577,0.533333333,0,0,0.479591837,0.75,0.733333333,0.333333333,0.857142857,0,1,1,0.951219512
0,0.780821918,0.110722102,0.533333333,0,0,0.275510204,0.5,0.733333333,1,0.071428571,0.2,1,0,0.951219512
0,0.589041096,0.088091251,0.333333333,0,0,0.397959184,0.625,0,0.333333333,0.214285714,0,1,1,0.951219512
0,0.123287671,0.279279352,0.866666667,0.021740217,0,0.397959184,0.25,0.8,0.666666667,0.714285714,0.2,1,0,0.951219512
0,0.479452055,0.043687399,0.533333333,0,0,0.071428571,0.5,0.733333333,0.333333333,0.428571429,0,0.25,1,0.731707317
0,0.260273973,0.187336574,0.533333333,0,0,0.397959184,0.5,0.733333333,0,0.214285714,0.8,1,1,0.951219512
1,0.410958904,0.117885956,0.533333333,0,0,0.551020408,0.5,0.733333333,0.333333333,0.857142857,0,1,1,0.951219512
0,0.205479452,0.056647149,0.8,0,0,0.397959184,0.5,0.6,0.666666667,0.714285714,0.2,1,1,0.951219512
0,0.136986301,0.205230987,0.866666667,0,0,0.193877551,0.875,0.8,0.666666667,0.714285714,0.2,0.25,1,0.073170732
1,0.178082192,0.11568721,0.8,0,0,0.5,0.5,0.6,0.333333333,0.285714286,0,1,1,0.951219512
1,0.452054795,0.02563603,0.533333333,0,0,0.397959184,0.5,0.733333333,0.333333333,0.928571429,0,1,1,0.951219512
0,0.082191781,0.07632762,0.8,0,0,0.397959184,0.5,0.6,0.666666667,0.714285714,0.6,1,0,0.951219512
0,0.479452055,0.273958386,0.533333333,0,0,0.704081633,0.75,0.733333333,0.333333333,1,0,1,1,0.951219512
0,0.493150685,0.126513837,0.266666667,0,0,0.081632653,0.5,0.4,0.666666667,0.642857143,0.2,1,0,0.951219512
0,0.082191781,0.227037815,0.733333333,0,0,0.295918367,0.5,0.466666667,0.666666667,0.714285714,0.2,0.25,0,0.975609756
0,0.164383562,0.112551459,0.533333333,0,0,0.193877551,0.5,0.733333333,0.5,0.571428571,0.2,1,0,0.243902439
0,0.123287671,0.156466175,0.6,0,0,0.397959184,0.5,1,0.666666667,0.857142857,0.8,1,0,0
0,0.02739726,0.110138927,0.533333333,0,0,0.071428571,0.5,0.733333333,0.666666667,0.857142857,0.6,1,0,0.951219512
1,0.219178082,0.09735846,0.866666667,0,0,0.448979592,0.5,0.8,0.333333333,0.714285714,0,1,1,0.951219512
0,0.534246575,0.130206378,0.6,0.033250333,0,0.448979592,0.5,1,0,0.285714286,0.2,1,0,0.951219512
1,0.383561644,0.04383962,0.8,0,0,0.397959184,0.5,0.6,0.333333333,0.214285714,0,0.25,1,0.585365854
0,0.068493151,0.109829749,0.2,0,0,0.397959184,0,0.333333333,0.666666667,0,0.6,1,1,0.951219512
0,0.438356164,0.220132398,0.533333333,0,0,0.397959184,0.5,0.733333333,0,0.5,0.2,0.5,1,0.951219512
0,0.02739726,0.041387849,0.533333333,0,0,0.397959184,0.5,0.733333333,0.666666667,0.928571429,0.2,0.5,1,0.951219512
0,0.246575342,0.014674095,0.733333333,0,0,0.397959184,0.5,0.466666667,0.333333333,0.214285714,0,1,1,0.951219512
0,0.246575342,0.039237136,0.533333333,0,0,0.397959184,0.5,0.733333333,0.666666667,0.285714286,0.8,0.5,0,0.951219512
1,0.273972603,0.046016717,0.6,0,0,0.397959184,0.5,1,0.333333333,0.928571429,0,1,1,0.951219512
0,0,0.122780704,0.266666667,0,0,0.193877551,0.5,0.4,0.666666667,0.571428571,0.8,1,1,0.951219512
1,0.287671233,0.132650707,0.533333333,0,0,0.397959184,0.5,0.733333333,0.333333333,0.214285714,0,1,1,0.951219512
0,0.767123288,0.130771286,0.133333333,0,0,0.051020408,0.25,0.266666667,0.333333333,0.714285714,0,1,1,0.951219512
0,0.164383562,0.109263488,0.533333333,0,0,0.397959184,0.5,0.733333333,0.333333333,0.857142857,0,1,1,0.951219512
0,0.657534247,0.030199951,0.533333333,0,0,0.091836735,0.5,0.733333333,1,0.642857143,0.2,1,0,0.951219512
1,0.643835616,0.165197566,0.533333333,0,0,0.602040816,0.5,0.733333333,0.333333333,0.928571429,0,0.25,1,0.731707317
0,0.561643836,0.084341205,0.8,0,0,0.397959184,0.5,0.6,0.333333333,0.071428571,0,0.25,1,0.731707317
1,0.465753425,0.00671531,0.533333333,0,0,0.367346939,0.875,0.733333333,0,0.285714286,0.2,1,1,0.951219512
0,0.287671233,0.056187103,0.8,0,0,0.448979592,0.5,0.6,0.333333333,0.214285714,0,1,1,0.951219512
0,0.136986301,0.203403659,0.4,0,0,0.397959184,0.5,0.066666667,0.666666667,0.428571429,0.6,1,1,0.951219512
0,0.315068493,0.19452343,0.4,0,0,0.367346939,0.5,0.066666667,0.666666667,0.5,0.2,1,0,0.146341463
0,0.01369863,0.107068124,0.4,0,0,0.193877551,0.5,0.066666667,0.666666667,0.857142857,0.6,1,1,0.951219512
0,0.246575342,0.015945309,0.6,0,0,0.397959184,0,1,0.666666667,0,0.6,1,0,0.951219512
0,0.465753425,0.182843689,0.533333333,0.031370314,0,0.397959184,0.5,0.733333333,0.333333333,0.5,0,0.5,1,0.951219512
1,0.232876712,0.156863302,0.8,0,0,0.397959184,0.5,0.6,0.333333333,0.714285714,0,1,1,0
0,0.383561644,0.060577154,0.6,0.057210572,0,0.448979592,0.5,1,0,0.285714286,0.8,1,0,0.951219512
0,0.246575342,0.067039439,0.8,0,0,0.5,0,0.6,0.333333333,0,0,1,1,0.951219512
0,0.068493151,0.120557602,0.6,0,0,0.479591837,0.5,1,0,0.857142857,0.6,1,0,0.487804878
1,0.561643836,0.046577567,0.533333333,0,0,0.806122449,0.25,0.733333333,0.333333333,0.428571429,0,0.25,1,0.731707317
0,0.397260274,0.120880987,0.533333333,0,0,0.397959184,0.25,0.733333333,0.833333333,0.071428571,0.8,0.5,0,0.951219512
0,0.02739726,0.031246554,0.533333333,0,0,0.397959184,0.5,0.733333333,0.666666667,0.214285714,0.6,1,0,0.951219512
1,0.136986301,0.064627583,0.8,0,0,0.397959184,0.5,0.6,0.333333333,0.857142857,0.4,1,1,0.951219512
0,0.178082192,0.19230777,0.266666667,0,0,0.295918367,0.5,0.4,0,0.357142857,0.6,1,1,0.951219512
0,0.02739726,0.118310145,0.6,0,0,0.244897959,0.5,1,0.666666667,0.857142857,0.6,1,0,0.951219512
0,0.369863014,0.093220758,0.533333333,0,0,0.295918367,0.5,0.733333333,0.666666667,0.571428571,0.2,1,1,0.951219512
0,0.410958904,0.078556811,1,0,0,0.397959184,0.25,0.666666667,0.666666667,0.714285714,0.8,1,0,0.951219512
0,0.232876712,0.100911634,0.533333333,0,0,0.387755102,0.5,0.733333333,0.333333333,0.714285714,0,1,1,0.951219512
0,0.246575342,0.06087686,0.6,0,0,0.346938776,0.875,1,0.666666667,0.714285714,0.6,1,1,0.951219512
0,0.095890411,0.108455025,0.8,0,0,0.397959184,0.5,0.6,0.666666667,0.071428571,0.6,1,0,0.951219512
0,0.671232877,0.123722444,0.933333333,0,0,0.193877551,0.75,0.933333333,0.666666667,0.714285714,0.2,1,1,0
0,0.01369863,0.239086945,0.533333333,0,0,0.153061224,0.5,0.733333333,0.666666667,0.071428571,0.6,1,0,0.951219512
0,0.369863014,0.037543764,0.533333333,0,0,0.397959184,0.5,0.733333333,0.666666667,0.071428571,0.6,1,0,0.951219512
0,0.191780822,0.11720536,0.6,0,0,0.346938776,0.5,1,0,0.857142857,0.6,1,0,0.951219512
1,0.191780822,0.076138866,0.666666667,0,0,0.397959184,0.5,0.533333333,0.333333333,0.857142857,0,1,1,0.951219512
1,0.068493151,0.123973439,0.8,0.086140861,0,0.397959184,0.5,0.6,0.666666667,0.714285714,0.2,1,0,0.951219512
0,0.068493151,0.128057695,0.8,0,0,0.193877551,0.875,0.6,0.666666667,0.714285714,0.6,1,0,0.951219512
1,0.506849315,0.071299594,0.8,0,0,0.397959184,0.625,0.6,0.333333333,0.857142857,0,1,1,0.951219512
0,0.301369863,0.121016294,0.6,0,0,0.397959184,0.5,1,0.333333333,0.214285714,0,1,1,0.951219512
0,0.04109589,0.147938422,0.466666667,0,0,0.346938776,0,0.133333333,0.666666667,0,0.2,0.5,0,0.951219512
0,0.095890411,0.013961025,0.6,0,0,0.5,0.5,1,0.666666667,0.357142857,0.6,1,1,0.951219512
0,0.287671233,0.090732453,0.533333333,0,0,0.234693878,0.5,0.733333333,0.666666667,0.571428571,0.8,0.5,0,0.951219512
0,0.438356164,0.173159057,0.333333333,0,0,0.397959184,0.5,0,0.333333333,0.285714286,0,1,1,0.951219512
1,0.561643836,0.204852802,0.733333333,0,0,0.418367347,0.5,0.466666667,0.333333333,0.857142857,0,1,1,0.951219512
0,0.123287671,0.162558394,0.333333333,0,0,0.551020408,0.5,0,0.333333333,0.214285714,0,1,1,0.951219512
0,0.452054795,0.102443315,0.533333333,0,0,0.397959184,0.5,0.733333333,1,0.571428571,0.8,1,0,0.951219512
1,0.315068493,0.016244338,0.8,0,0,0.5,0.25,0.6,0.333333333,0.714285714,0,1,1,0.951219512
0,0.424657534,0.194170278,0.533333333,0,0,0.43877551,0.5,0.733333333,0.333333333,1,0,1,1,0.951219512
1,0.616438356,0.115283317,0.6,0,0,0.448979592,0,1,0.333333333,0,1,1,0,0.951219512
1,0.260273973,0.191744891,0.866666667,0,0,0.704081633,0.5,0.8,0.333333333,0.285714286,0,1,1,0.951219512
0,0.260273973,0.078878166,0.333333333,0,0,0.397959184,0.5,0,0.333333333,0.214285714,0,1,1,0.951219512
0,0.205479452,0.119254591,0.533333333,0,0,0.397959184,0.5,0.733333333,0.666666667,0.5,0.2,1,1,0.951219512
0,0.630136986,0.132991682,0.533333333,0,0,0.397959184,0.5,0.733333333,0.666666667,0.214285714,0.2,1,1,0.951219512
0,0.178082192,0.03132165,0.8,0,0,0.091836735,0.5,0.6,0.666666667,0.214285714,0.6,1,1,0.951219512
0,0.534246575,0.435521593,0.533333333,0,0,0.244897959,0,0.733333333,0.333333333,0,0,1,1,0.951219512
0,0.150684932,0.162077376,0.6,0,0,0.397959184,0.25,1,0.666666667,0.071428571,0.8,0.5,0,0.951219512
1,0.273972603,0.155162487,0.8,0,0,0.448979592,0.875,0.6,0.333333333,0.071428571,1,0.5,0,0.951219512
0,0.109589041,0.167395636,0.533333333,0,0,0.5,0.5,0.733333333,0.333333333,0.357142857,0,1,1,0.951219512
0,0.082191781,0.155664478,0.533333333,0,0,0.295918367,0.5,0.733333333,0.666666667,0.571428571,0.2,1,0,0.951219512
1,0.493150685,0.060180027,0.6,0,0,0.397959184,0.875,1,0.333333333,0.285714286,0,1,1,0.951219512
0,0.150684932,0.394287995,0.6,0,0,0.632653061,0.5,1,0.333333333,0.214285714,0,1,1,0.951219512
0,0.01369863,0.138314678,0.4,0,0,0.112244898,0.5,0.066666667,0.666666667,0.571428571,0.6,1,1,0.951219512
0,0.136986301,0.095165802,0.533333333,0,0,0.397959184,0.5,0.733333333,0.666666667,0.5,0.6,1,1,0.951219512
0,0.04109589,0.06905552,0.6,0,0,0.397959184,0,1,0.666666667,0,0.2,1,1,0.951219512
0,0.095890411,0.064674941,0.533333333,0,0,0.397959184,0.5,0.733333333,0.666666667,0.857142857,0.2,1,0,0.951219512
0,0.02739726,0.126644409,0.333333333,0,0,0.244897959,0.5,0,0.666666667,0.428571429,0.6,1,1,0.951219512
0,0.095890411,0.236106798,0.6,0,0,0.397959184,0.5,1,0.666666667,0.071428571,0.2,1,0,0.951219512
0,0.150684932,0.082091042,0.533333333,0,0,0.397959184,0.5,0.733333333,0.333333333,1,0,0.5,1,0.951219512
0,0,0.088154169,0.4,0,0,0.091836735,0.5,0.066666667,0.666666667,0.857142857,0.6,1,0,0.951219512
1,0.260273973,0.139540563,0.733333333,0,0,0.397959184,0.125,0.466666667,0.333333333,0.071428571,1,1,0,0.951219512
0,0.054794521,0.078995883,0.6,0,0,0.346938776,0.25,1,0.666666667,0.714285714,0.6,1,0,0.951219512
1,0.315068493,0.22926227,0.866666667,0,0,0.602040816,0,0.8,0.333333333,0,0,1,1,0.951219512
0,0.273972603,0.220574854,0.866666667,0,0,0.602040816,0.75,0.8,0.666666667,0.285714286,0.2,1,1,0.951219512
0,0.643835616,0.054007976,0.6,0,0,0.397959184,0.5,1,0.333333333,0.071428571,0,1,1,0.951219512
0,0.232876712,0.168280547,0.6,0,0.379017447,0.37755102,0.5,1,0.333333333,0.214285714,0,1,1,0.951219512
1,0.547945205,0.083770207,0.266666667,0,0,0.397959184,0.5,0.4,0.333333333,0.214285714,0,0.5,1,0.951219512
0,0.287671233,0.152089655,0.6,0,0,0.357142857,0.5,1,0.5,0.571428571,0.8,1,0,0.707317073
0,0.780821918,0.058789742,0.6,0,0,0.081632653,0.5,1,0,0.071428571,0.2,1,0,0.951219512
1,0.150684932,0.114338871,0.8,0,0.359044995,0.5,0.5,0.6,0.666666667,0.285714286,0.2,1,0,0.951219512
0,0.02739726,0.011477456,0.6,0,0,0.091836735,0.5,1,0.666666667,0.714285714,0.6,1,1,0.951219512
0,0.273972603,0.129585993,0.533333333,0,0,0.448979592,0.75,0.733333333,0.333333333,0.857142857,0,1,1,0.951219512
0,0,0.075543513,0.4,0,0,0.142857143,0.5,0.066666667,0.666666667,0.428571429,0.6,1,1,0.951219512
0,0.02739726,0.130289592,0.533333333,0,0,0.357142857,0,0.733333333,0.333333333,0,1,1,0,0.951219512
0,0.054794521,0.197998126,0.6,0,0,0.091836735,0.5,1,0.666666667,0.714285714,0.6,1,0,0.951219512
1,0.561643836,0.171029318,0.8,0,0,0.5,0.5,0.6,0.333333333,0.285714286,0,1,1,0.951219512
0,0.753424658,0.109427886,0.6,0,0,0.397959184,0.5,1,0.333333333,0.785714286,0,1,1,0.951219512
0,0.219178082,0.164208468,0.533333333,0.023540235,0,0.612244898,0.5,0.733333333,0.666666667,1,0.2,1,1,0.951219512
0,0.726027397,0.227062847,0.6,0,0,0.346938776,0.75,1,0.333333333,0.285714286,0,1,1,0.951219512
0,0,0.043027775,0.4,0,0,0.091836735,0.5,0.066666667,0.666666667,0.571428571,0.6,1,0,0.951219512
1,0.643835616,0.036334115,0.533333333,0.07298073,0,0.448979592,0.75,0.733333333,0.333333333,0.357142857,0,1,1,0.951219512
0,0.465753425,0.094925632,0.533333333,0,0,0.397959184,0.5,0.733333333,0.333333333,0.785714286,0,1,1,0.951219512
0,0.753424658,0.086328872,0.6,0,0,0.744897959,0.75,1,0.333333333,0.357142857,0,1,1,0.951219512
1,0.410958904,0.063252183,0.8,0,0,0.397959184,0.625,0.6,0.666666667,0.857142857,0.6,1,1,0.951219512
0,0.671232877,0.125888716,0.2,0.029640296,0,0.397959184,0.875,0.333333333,1,0.571428571,0.2,0.5,0,0.951219512
0,0.260273973,0.06178139,0.533333333,0,0,0.397959184,0.5,0.733333333,0.333333333,0.428571429,0,1,1,0.951219512
1,0.123287671,0.18601259,0.8,0,0,0.397959184,0.25,0.6,0.333333333,0.714285714,1,0.5,0,0.951219512
0,0.301369863,0.244510069,0.866666667,0,0,0.397959184,0.5,0.8,0,0.285714286,0.2,1,1,0.951219512
0,0.328767123,0.030015256,0.533333333,0,0,0.448979592,0.5,0.733333333,0.333333333,0.214285714,0,1,1,0.951219512
0,0.136986301,0.172544085,0.533333333,0.034640346,0,0.397959184,0.5,0.733333333,0.333333333,0.857142857,1,1,0,0.951219512
0,0.191780822,0.289452444,0.533333333,0,0,0.397959184,0.5,0.733333333,0.333333333,0.214285714,0,1,1,0.951219512
0,0.424657534,0.099648539,0.333333333,0,0,0.397959184,0.5,0,0.666666667,0.5,0.2,1,1,0.951219512
0,0.095890411,0.109889285,0.6,0,0,0.448979592,0.5,1,0.666666667,0.428571429,0.6,1,1,0.951219512
0,0.150684932,0.120925638,0.533333333,0,0,0.397959184,0.75,0.733333333,0,0.357142857,0.2,1,1,0.951219512
0,0.054794521,0.120885723,0.533333333,0,0,0.397959184,0.5,0.733333333,0.666666667,0.5,0.6,1,1,0.951219512
1,0.616438356,0.095801747,0.8,0,0,0.5,0.5,0.6,0.333333333,0.285714286,0,1,1,0.951219512
1,0.780821918,0.109358203,1,0,0,0.244897959,0.75,0.666666667,0.5,0.714285714,0.2,1,1,0.951219512
0,0.04109589,0.114598661,0.533333333,0,0,0.397959184,0.5,0.733333333,0.666666667,0.571428571,0.2,1,1,0.951219512
0,0.082191781,0.171071263,0.8,0,0,0.397959184,0.25,0.6,0.666666667,0.714285714,0.8,1,1,0.951219512
0,0.136986301,0.112594758,0.4,0,0,0.346938776,0.5,0.066666667,0.666666667,0.857142857,0.2,1,1,0.951219512
0,0.534246575,0.091276389,0.6,0,0,0.448979592,0.5,1,0,0.071428571,0.2,1,0,0.268292683
0,0.301369863,0.248333181,0.333333333,0,0,0.397959184,0.5,0,0.333333333,0.214285714,0,1,1,0.951219512
1,0.561643836,0.063902335,0.533333333,0,0,0.397959184,0.5,0.733333333,0.333333333,0.214285714,0,1,1,0.951219512
0,0.123287671,0.068523762,0.533333333,0,0,0.704081633,0.5,0.733333333,0.666666667,1,0.2,1,1,0.951219512
0,0.205479452,0.111892512,0.533333333,0,0,0.397959184,0.5,0.733333333,0.666666667,0.214285714,0.6,1,1,0.951219512
0,0.123287671,0.024648285,0.333333333,0.029070291,0,0.397959184,0.5,0,0.666666667,0.071428571,0.2,1,0,0.951219512
1,0.301369863,0.077317394,0.933333333,0.150241502,0,0.602040816,0.75,0.933333333,0.333333333,0.714285714,0,1,1,0.951219512
0,0.109589041,0.111176059,0.533333333,0,0,0.397959184,0.25,0.733333333,0.666666667,0.571428571,0.6,1,1,0.951219512
0,0.150684932,0.076039415,0.8,0.068490685,0,0.602040816,0.5,0.6,0.666666667,0.285714286,0.2,1,0,0.951219512
0,0.589041096,0.189172696,0.333333333,0,0,0.397959184,0.5,0,0,0.571428571,0.2,0.5,0,0.951219512
0,0.178082192,0.019568843,0.666666667,0,0,0.448979592,0.5,0.533333333,0.666666667,0.5,0.2,1,1,0.951219512
1,0.205479452,0.068478434,0.8,0,0,0.397959184,0.5,0.6,0.333333333,0.285714286,0,1,1,0.951219512
0,0.178082192,0.132183896,0.6,0,0,0.295918367,0.5,1,0.666666667,0.857142857,0.6,1,1,0.951219512
0,0.219178082,0.08443389,0.8,0,0,0.397959184,0.5,0.6,0.333333333,0.5,0,0.75,1,0.170731707
1,0.369863014,0.071663572,0.8,1,0,0.704081633,0.625,0.6,0.333333333,0.285714286,0,1,1,0.951219512
0,0.506849315,0.221385346,0.733333333,0,0,0.397959184,0.5,0.466666667,0.5,0.5,0.8,0.25,0,0.731707317
1,0.342465753,0.073787899,0.8,0,0,0.806122449,0.5,0.6,0.333333333,0.714285714,0,1,1,0
0,0.191780822,0.216555545,0.2,0,0,0.397959184,0.5,0.333333333,0.666666667,0.214285714,0.2,1,1,0.951219512
0,0.739726027,0.013189772,0.533333333,0,0.346648301,0.346938776,0.75,0.733333333,0.333333333,0.357142857,0,1,1,0.951219512
1,0.328767123,0.095251723,0.533333333,0,0.433195592,0.704081633,0.625,0.733333333,0.333333333,0.285714286,0,0.25,1,0.853658537
0,0.260273973,0.033159802,0.6,0,0,0.397959184,0.25,1,0.333333333,0.214285714,0,1,1,0.951219512
0,0.04109589,0.062890235,0.6,0,0,0.5,0.5,1,0.666666667,0.428571429,0.2,1,1,0.951219512
0,0.082191781,0.12463374,0.6,0,0,0.397959184,0.5,1,0.666666667,0.428571429,0.6,0.5,0,0.951219512
0,0.109589041,0.093211286,0.6,0,0,0.448979592,0.5,1,0.333333333,0.714285714,0,1,1,0.951219512
0,0.739726027,0.087582495,0.533333333,0.017310173,0,0.040816327,0.75,0.733333333,1,0.357142857,0.8,1,1,0.951219512
0,0.315068493,0.17457302,0.666666667,0,0,0.295918367,0.875,0.533333333,0.333333333,0.571428571,0,0.5,1,0.951219512
0,0.424657534,0.076337091,0.6,0,0,0.551020408,0.5,1,0,0.071428571,0.8,1,0,0.951219512
0,0.150684932,0.122214442,0.8,0,0,0.397959184,0.5,0.6,0.666666667,0.714285714,0.2,1,0,0.951219512
0,0.835616438,0.135883203,0.533333333,0,0,0.234693878,0.75,0.733333333,1,0.285714286,0.2,1,1,0.951219512
1,0.465753425,0.008050794,0.8,0,0,0.397959184,0.5,0.6,0.333333333,0.214285714,0,1,1,0.951219512
0,0.164383562,0.016780156,0.6,0,0,0.397959184,0.5,1,0.333333333,0.214285714,0,1,1,0.951219512
1,0.438356164,0.061089969,0.6,0,0.424242424,0.43877551,0.5,1,0.333333333,0.714285714,0,1,1,0.951219512
0,0.150684932,0.029541003,0.8,0,0,0.397959184,0,0.6,0.666666667,0,0.6,0.5,0,0.268292683
0,0.260273973,0.110170724,0.4,0,0,0.397959184,0.5,0.066666667,0,1,0.8,1,0,0.951219512
0,0.246575342,0.126829103,0.6,0,0,0.602040816,0.75,1,0.333333333,0.571428571,0,1,1,0.951219512
0,0.191780822,0.059433806,0.866666667,0,0,0.397959184,0.5,0.8,0,0.285714286,0.2,1,0,0.951219512
0,0.123287671,0.123487009,0.6,0,0,0.397959184,0.5,1,0.333333333,0.5,0,1,1,0.951219512
0,0.164383562,0.071860444,0.533333333,0,0,0.5,0.5,0.733333333,0,0.5,0.2,1,1,0.951219512
0,0.191780822,0.102536,0.533333333,0,0,0.397959184,0.75,0.733333333,0,0.571428571,0.8,1,0,0.951219512
0,0.506849315,0.160788572,0.6,0,0,0.397959184,0.5,1,0,0.5,0.2,0.5,0,0.951219512
0,0.02739726,0.148434323,0.6,0,0,0.193877551,0.5,1,0.666666667,0.5,0.6,1,1,0.951219512
0,0.232876712,0.097408524,0.4,0,0,0.602040816,0.5,0.066666667,0.333333333,0.357142857,0,0,1,0.951219512
1,0.328767123,0.131958609,0.8,0,0,0.448979592,0.5,0.6,0,0.714285714,0.2,1,1,0.951219512
0,0.383561644,0.12302764,0.666666667,0,0,0.397959184,0.5,0.533333333,0.666666667,0.571428571,0.8,1,0,0.634146341
0,0.520547945,0.214808726,0.333333333,0,0,0.397959184,0.5,0,0.333333333,0.214285714,0,1,1,0.951219512
0,0.438356164,0.121094773,0.666666667,0,0,0.295918367,0.5,0.533333333,0,0.214285714,0.6,1,1,0.902439024
0,0.178082192,0.250374971,0.533333333,0,0,0.397959184,0.5,0.733333333,0.333333333,0.428571429,0,1,1,0.951219512
1,0.410958904,0.197935885,0.866666667,0.278282783,0,0.397959184,0.5,0.8,0.833333333,0.928571429,0.2,1,1,0.951219512
0,0.082191781,0.117222949,0.8,0,0,0.397959184,0.5,0.6,0.666666667,0.714285714,0.6,1,0,0.951219512
0,0.753424658,0.080788031,0.6,0,0,0.051020408,0.5,1,1,0.071428571,0.2,1,0,0.951219512
0,0.205479452,0.095419504,0.8,0,0,0.397959184,0.5,0.6,0.333333333,0.714285714,0.4,1,1,0.951219512
0,0.561643836,0.124207521,0.533333333,0,0,0.234693878,0.5,0.733333333,0.333333333,0.285714286,0,1,1,0.12195122
0,0.534246575,0.177381327,0.266666667,0,0,0.397959184,0.5,0.4,1,0.857142857,0.8,1,0,0.951219512
0,0.136986301,0.187307483,0.8,0,0,0.397959184,0.5,0.6,0.666666667,0.714285714,0.6,1,0,0.951219512
0,0.01369863,0.151538277,0.6,0,0,0.193877551,0,1,0.666666667,0,0.6,1,1,0.951219512
0,0.150684932,0.023477199,0.666666667,0.021740217,0,0.357142857,0.5,0.533333333,0.666666667,0.928571429,0.6,1,0,0.951219512
1,0.315068493,0.05205346,0.8,0,0,0.397959184,0.5,0.6,0.333333333,0.857142857,0,1,1,0.951219512
0,0.095890411,0.16670895,0.133333333,0,0,0.397959184,0.5,0.266666667,0.666666667,0.357142857,0.4,0.5,1,0.634146341
0,0.397260274,0.048397452,0.866666667,0,0,0.397959184,0.5,0.8,0.333333333,0.714285714,0,1,1,0.951219512
0,0.123287671,0.183994479,0.533333333,0,0,0.397959184,0.5,0.733333333,0.666666667,0.214285714,0.8,0.5,0,0.951219512
0,0.232876712,0.133872534,0.6,0,0.399449036,0.397959184,0.25,1,0.333333333,0.214285714,0,1,1,0.951219512
0,0.109589041,0.10353051,0.533333333,0,0,0.367346939,0.5,0.733333333,0,0.857142857,0.8,1,0,0.951219512
0,0.095890411,0.122882861,0.866666667,0,0,0.448979592,0.5,0.8,0.666666667,0.642857143,0.2,1,0,0
0,0.232876712,0.133552531,0.6,0,0,0.663265306,0.5,1,0,1,0.2,1,1,0.951219512
0,0.109589041,0.06255332,0.6,0,0,0.153061224,0.5,1,0.333333333,0.428571429,0,1,1,0.951219512
0,0.342465753,0.048119395,0.6,0,0.323232323,0.397959184,0.5,1,0,0.285714286,0.2,1,1,0.951219512
1,0.232876712,0.371452154,0.6,0,0,0.5,0.5,1,0.333333333,0.285714286,0,1,1,0.951219512
0,0.205479452,0.228047209,0.6,0,0,0.653061224,0.5,1,0.333333333,0.857142857,0,0.5,1,0.951219512
0,0.602739726,0.111326927,0.533333333,0,0,0.397959184,0.5,0.733333333,0.333333333,0.5,0,1,1,0.951219512
0,0.164383562,0.149606763,0.8,0.034110341,0,0.448979592,0.5,0.6,0.333333333,0.214285714,0,1,1,0.951219512
0,0.164383562,0.059591439,0.266666667,0,0,0.265306122,0.75,0.4,1,0.571428571,0.8,1,0,0.951219512
0,0.438356164,0.078232073,0.533333333,0,0,0.397959184,0.75,0.733333333,0.333333333,0.214285714,0,1,1,0.951219512
0,0.260273973,0.167895597,0.533333333,0,0,0.295918367,0.75,0.733333333,0.333333333,0.214285714,0,1,1,0.951219512
0,0.068493151,0.126695149,0.6,0,0,0.244897959,0.5,1,0.666666667,0.357142857,0.6,1,1,0.951219512
0,0.328767123,0.079914621,0.533333333,0,0,0.37755102,0.5,0.733333333,0,0.857142857,0.8,0.5,0,0.951219512
0,0.01369863,0.210758297,0.533333333,0,0,0.397959184,0.5,0.733333333,0.666666667,0.857142857,0.6,1,0,0
0,0.397260274,0.056812224,0.8,0,0,0.193877551,0.75,0.6,0,0.285714286,0.2,1,1,0.951219512
0,0.712328767,0.011971328,0.2,0.018480185,0,0.091836735,0.75,0.333333333,0.666666667,0.357142857,0.4,1,1,0.951219512
1,0.219178082,0.162613193,0.866666667,0,0,0.551020408,0.5,0.8,0.333333333,0.285714286,0,1,1,0.951219512
0,0.178082192,0.039301408,0.533333333,0,0,0.397959184,0.5,0.733333333,0,0.714285714,0.6,1,0,0.951219512
0,0.232876712,0.09434178,0.666666667,0,0,0.551020408,0.75,0.533333333,0.333333333,0.285714286,0,1,1,0.951219512
0,0.205479452,0.106622962,0.8,0,0,0.193877551,0,0.6,0.666666667,0,0.2,1,0,0
0,0.315068493,0.029623541,0.866666667,0,0,0.193877551,0.5,0.8,0,0.714285714,0.2,1,1,0.951219512
1,0.205479452,0.011519401,0.333333333,0,0,0.806122449,0.5,0,0.333333333,1,0,1,1,0.951219512
0,0.315068493,0.130098132,0.533333333,0,0,0.397959184,0.5,0.733333333,0.333333333,0.5,1,1,0,0.951219512
0,0.438356164,0.302595536,0.666666667,0,0,0.5,0.5,0.533333333,0.333333333,0.214285714,0,0.5,1,0.951219512
0,0.383561644,0.022712712,0.4,0,0,0.357142857,0.5,0.066666667,0.333333333,0.571428571,1,1,0,0.951219512
1,0.246575342,0.195942806,0.8,0,0,0.5,0.5,0.6,0.333333333,0.285714286,0,0.25,1,0.585365854
1,0.328767123,0.141082392,0.8,0.076880769,0,0.397959184,0.625,0.6,0.333333333,0.285714286,0,1,1,0.951219512
0,0.630136986,0.151580222,0.533333333,0,0,0.346938776,0.5,0.733333333,0.333333333,0.857142857,1,1,0,0.951219512
1,0.506849315,0.086302487,0.866666667,0,0,0.448979592,0.5,0.8,0.333333333,0.285714286,0,0.25,1,0.951219512
0,0.205479452,0.121433041,0.666666667,0,0,0.346938776,0.5,0.533333333,0.666666667,0.285714286,0.2,0.5,0,0.219512195
1,0.452054795,0.099711457,0.533333333,0,0,0.397959184,0.125,0.733333333,0.333333333,0.071428571,0,1,1,0.951219512
0,0.506849315,0.063014718,0.533333333,0,0,0.397959184,0.5,0.733333333,0.333333333,0.214285714,0,1,1,0.951219512
1,0.328767123,0.072250129,0.533333333,0,0,0.489795918,0.5,0.733333333,0.333333333,0.857142857,0,1,1,0.951219512
1,0.547945205,0.188918995,0.8,0.043860439,0,0.12244898,0.75,0.6,0.333333333,0.285714286,0,1,1,0.951219512
0,0.082191781,0.070798957,0.333333333,0,0,0.397959184,0,0,0.333333333,0,1,1,0,0.951219512
0,0.068493151,0.254352334,0.6,0,0,0.397959184,0.5,1,0.666666667,0.857142857,0.6,1,1,0.951219512
0,0.164383562,0.100429263,0.866666667,0,0,0.5,0.875,0.8,0.333333333,0.928571429,0,1,1,0.268292683
0,0.315068493,0.067723418,0.866666667,0,0,0.397959184,0.125,0.8,0.666666667,0.714285714,0.2,1,1,0.951219512
1,0.493150685,0.122248269,0.866666667,0,0,0.37755102,0.25,0.8,0.333333333,0.071428571,0,1,1,0.951219512
0,0.178082192,0.124521434,0.866666667,0,0,0.397959184,0.5,0.8,0.666666667,0.714285714,0.2,1,1,0.512195122
0,0.479452055,0.203070126,0.533333333,0,0,0.397959184,0.5,0.733333333,0.333333333,0.214285714,0,1,1,0.951219512
0,0.109589041,0.080628368,0.8,0,0,0.397959184,0.5,0.6,0.333333333,0.714285714,0,1,1,0.951219512
0,0.191780822,0.155273439,0.6,0,0,0.397959184,0.5,1,0,0.928571429,0.8,1,0,0.951219512
0,0.219178082,0.10124855,0.8,0.010550106,0,0.397959184,0.25,0.6,0.666666667,0.071428571,0.2,1,0,0.951219512
0,0.150684932,0.031831082,0.8,0,0,0.142857143,0.5,0.6,0.333333333,0.071428571,0.4,1,0,0.951219512
0,0.630136986,0.301954855,0.533333333,0.036740367,0,0.295918367,0.5,0.733333333,0,0.857142857,0.2,1,0,0.951219512
0,0.657534247,0.070114301,0.4,0,0,0.234693878,0.5,0.066666667,0,0.428571429,0.2,1,1,0.951219512
0,0.287671233,0.247072115,0.533333333,0,0,0.357142857,0.5,0.733333333,0.666666667,0.214285714,0.2,1,1,0.951219512
1,0.178082192,0.116781171,0.8,0,0,0.397959184,0.875,0.6,0.333333333,0.285714286,0,1,1,0.951219512
1,0.232876712,0.105274623,0.6,0,0,0.642857143,0.5,1,0.333333333,0.714285714,0,1,1,0.951219512
1,0.452054795,0.209413341,0.933333333,0,0,0.755102041,0.625,0.933333333,0.333333333,0.714285714,0,1,1,0.951219512
0,0.315068493,0.017294324,0.533333333,0,0,0.397959184,0.5,0.733333333,0,0.714285714,0.8,1,0,0.951219512
0,0.219178082,0.155332975,0.6,0,0,0.397959184,0.5,1,0.833333333,0.5,0.2,1,1,0.951219512
0,0.136986301,0.13715374,0.533333333,0,0,0.346938776,0.5,0.733333333,0.333333333,0.857142857,0,1,1,0.634146341
0,0.02739726,0.179559777,0.266666667,0,0,0.153061224,0.5,0.4,0.666666667,0.357142857,0.4,1,1,0.634146341
1,0.671232877,0.106567486,0.8,0.200512005,0,0.397959184,0.5,0.6,0.333333333,0.857142857,0,1,1,0.951219512
0,0.698630137,0.099387395,0.6,0,0,0.397959184,0.5,1,0.666666667,0.071428571,0.2,1,0,0.951219512
0,0.493150685,0.258565132,0.733333333,0,0,0.397959184,0.5,0.466666667,0.666666667,0.071428571,0.8,0.5,0,0.951219512
0,0.232876712,0.067167981,0.533333333,0,0,0.397959184,0.5,0.733333333,0.666666667,1,0.6,1,1,0.951219512
0,0.232876712,0.072129706,0.533333333,0,0,0.397959184,0.5,0.733333333,0.833333333,0.5,0.2,1,0,0.951219512
0,0.136986301,0.283054431,0.8,0,0,0.551020408,0.5,0.6,0.666666667,0.714285714,0.2,1,1,0.951219512
0,0.150684932,0.115796132,0.533333333,0,0,0.704081633,0.125,0.733333333,0.666666667,0.285714286,0.8,1,0,0.804878049
0,0.452054795,0.183606147,0.6,0,0,0.397959184,0.5,1,0,0.214285714,0.2,1,1,0.951219512
0,0.150684932,0.070147451,0.6,0,0,0.397959184,0.5,1,0,0.071428571,0.8,1,0,0.951219512
0,0.438356164,0.012133021,0.533333333,0,0.383149679,0.397959184,0.5,0.733333333,0,0.214285714,0.2,1,1,0.951219512
1,0.219178082,0.164431726,0.8,0,0,0.244897959,0.5,0.6,0.333333333,0.714285714,0,1,1,0.951219512
0,0.410958904,0.054747432,0.533333333,0,0,0.755102041,0.75,0.733333333,0.333333333,0.571428571,1,1,0,0.536585366
0,0.369863014,0.134116764,0.8,0,0,0.397959184,0.5,0.6,0.333333333,0.214285714,0,1,1,0.951219512
0,0.465753425,0.021394817,0.533333333,0,0,0.397959184,0,0.733333333,0,0,0.8,0.5,0,0.951219512
0,0.123287671,0.154627346,0.533333333,0,0,0.397959184,0.5,0.733333333,0.666666667,0.5,0.8,0.5,0,0.951219512
0,0.753424658,0.109314228,0.2,0.022900229,0,0.448979592,0.75,0.333333333,0.333333333,0.571428571,0,1,1,0.951219512
0,0.082191781,0.188836457,0.6,0,0,0.244897959,0.5,1,0.666666667,0.857142857,0.6,0.5,1,0.951219512
0,0.082191781,0.120179418,0.6,0,0,0.397959184,0.5,1,0.666666667,0.571428571,0.6,1,0,0.951219512
0,0.109589041,0.074344689,0.533333333,0,0,0.397959184,0.5,0.733333333,0.666666667,0.428571429,0.6,1,1,0.951219512
1,0.356164384,0.162527273,0.8,0,0,0.397959184,0.5,0.6,0.333333333,0.428571429,0,0.5,1,0.341463415
0,0.123287671,0.104028442,0.8,0,0,0.397959184,0.5,0.6,0.666666667,0.071428571,0.6,1,0,0.951219512
1,0.465753425,0.055338049,0.533333333,0,0,0.397959184,0.5,0.733333333,0.666666667,0.214285714,0.2,1,1,0.951219512
0,0.301369863,0.095859253,0.6,0,0,0.397959184,0.5,1,0.333333333,0.5,0,1,1,0.951219512
1,0.246575342,0.213027403,0.733333333,0,0,0.397959184,0.5,0.466666667,0.333333333,0.714285714,0.4,1,1,0.951219512
0,0.287671233,0.035978933,0.8,0,0,0.5,0.5,0.6,0.666666667,0.071428571,0.2,1,0,0.951219512
0,0.630136986,0.114111554,0.133333333,0,0,0.244897959,0.625,0.266666667,0.333333333,0.857142857,0,1,1,0.951219512
1,0.246575342,0.171333083,0.6,0,0,0.5,0.5,1,0.333333333,0.214285714,0,0.5,1,0.56097561
0,0.232876712,0.151718912,0.6,0,0.365013774,0.397959184,0.5,1,0.666666667,0.285714286,0.2,1,1,0.951219512
0,0.01369863,0.054005947,0.533333333,0,0,0.295918367,0.5,0.733333333,0.666666667,0.571428571,0.6,1,0,0.951219512
0,0.643835616,0.069486474,0.533333333,0,0,0.173469388,0.5,0.733333333,0.333333333,0.428571429,0,1,1,0.951219512
0,0.520547945,0.144331124,0.6,0,0,0.397959184,0.75,1,0.333333333,0.357142857,0,1,1,0.951219512
1,0.356164384,0.076567791,0.8,0,0.436639118,0.551020408,0.5,0.6,0.333333333,0.857142857,0,1,1,0.951219512
0,0.150684932,0.124483548,0.533333333,0,0,0.397959184,0.5,0.733333333,0.666666667,0.071428571,0.2,1,0,0.951219512
1,0.520547945,0.058233629,0.866666667,0.150241502,0,0.5,0.5,0.8,0.333333333,0.714285714,0,1,1,0
1,0.424657534,0.048116689,0.866666667,0,0,0.5,0.5,0.8,0.333333333,0.714285714,0,1,1,0.951219512
0,0.136986301,0.085671277,0.8,0,0,0.346938776,0.25,0.6,0.666666667,0.714285714,0.2,1,1,0.951219512
0,0.246575342,0.202925347,0.533333333,0,0,0.5,0.5,0.733333333,0.833333333,0.214285714,0.2,1,1,0.951219512
0,0.452054795,0.120924285,0.866666667,0.046500465,0,0.704081633,0.25,0.8,0,0.285714286,0.2,1,0,0.951219512
0,0.465753425,0.082891385,0.533333333,0,0,0.397959184,0.5,0.733333333,0.833333333,0.428571429,0.8,1,0,0.951219512
0,0.054794521,0.153325012,0.133333333,0,0,0.397959184,0.5,0.266666667,0.333333333,0.571428571,0,1,1,0.634146341
0,0.164383562,0.120595488,0.8,0.068490685,0,0.479591837,0.5,0.6,0.666666667,0.857142857,0.2,1,1,0.951219512
1,0.287671233,0.172084039,0.866666667,0,0,0.602040816,0.5,0.8,0.333333333,0.285714286,0,1,1,0.951219512
0,0.260273973,0.154276223,0.533333333,0,0,0.163265306,0.5,0.733333333,0.833333333,0.857142857,0.8,0.5,0,0.951219512
1,0.301369863,0.238477385,0.6,0,0,0.397959184,0.25,1,0.333333333,0.785714286,0,1,1,0.951219512
0,0.164383562,0.162111879,0.733333333,0,0,0.448979592,0.5,0.466666667,0.333333333,0.214285714,0,1,1,0.951219512
0,0.630136986,0.118630824,0.533333333,0,0,0.397959184,0.5,0.733333333,0.666666667,0.285714286,0.2,1,1,0.951219512
0,0.219178082,0.101966356,0.8,0,0,0.397959184,0.5,0.6,0.666666667,0.285714286,0.4,0.25,0,0.731707317
0,0.356164384,0.030197244,0.533333333,0,0,0.602040816,0.75,0.733333333,0.333333333,0.214285714,0,1,1,0.951219512
1,0.301369863,0.043785497,0.866666667,1,0,0.397959184,0.5,0.8,0.333333333,0.714285714,0,1,1,0.951219512
0,0.493150685,0.102843825,0.8,0,0,0.37755102,0.25,0.6,0,0.071428571,0.8,1,0,0.146341463
0,0.547945205,0.084819517,0.533333333,0,0,0.040816327,0,0.733333333,0.333333333,0,0,0.75,1,0.097560976
1,0.383561644,0.064822426,0.8,1,0,0.244897959,0.625,0.6,0.333333333,0.285714286,1,0.25,0,0
0,0,0.017810522,0.4,0,0,0.224489796,0.5,0.066666667,0.666666667,0.071428571,0.6,1,0,0.951219512
0,0.383561644,0.126718828,0.133333333,0,0,0.397959184,0.5,0.266666667,0.333333333,0.5,0,1,1,0
1,0.397260274,0.163726097,0.6,0,0,0.602040816,0.75,1,0.333333333,0.857142857,0,1,1,0.951219512
0,0.136986301,0.006103043,0.733333333,0,0,0.397959184,0.875,0.466666667,0.666666667,0.071428571,0.2,1,0,0.268292683
0,0.205479452,0.117343373,0.4,0,0,0.397959184,0.5,0.066666667,0,0.571428571,0.8,1,0,0.951219512
0,0.109589041,0.202499805,0.8,0,0,0.551020408,0.25,0.6,0.666666667,0.714285714,0.2,1,0,0.951219512
0,0.273972603,0.110031358,0.6,0,0,0.479591837,0.25,1,0,0.785714286,0.8,1,1,0.268292683
0,0.273972603,0.006738312,0.6,0,0,0.397959184,0.5,1,0,0.857142857,0.2,1,1,0.682926829
1,0.575342466,0.231824317,0.8,0.03103031,0,0.397959184,0.875,0.6,0.333333333,0.714285714,0,1,1,0.951219512
1,0.273972603,0.15291503,0.533333333,0,0,0.357142857,0.5,0.733333333,0.333333333,0.5,0,0.5,1,0.951219512
1,0.246575342,0.122811825,0.733333333,0,0,0.397959184,0.5,0.466666667,0.333333333,0.071428571,0,1,1,0.951219512
0,0.109589041,0.08054583,0.533333333,0,0,0.357142857,0.5,0.733333333,0.666666667,0.357142857,0.2,1,1,0.12195122
0,0.109589041,0.133240648,0.533333333,0,0,0.051020408,0.5,0.733333333,0.666666667,0.571428571,0.6,1,0,0.951219512
0,0.506849315,0.083589572,0.6,0,0,0.5,0,1,0.333333333,0,0,1,1,0.951219512
0,0.397260274,0.122120403,0.6,0,0,0.397959184,0.5,1,0,0.285714286,0.2,1,1,0.951219512
0,0.164383562,0.018336192,0.533333333,0,0,0.397959184,0.5,0.733333333,0.333333333,0.357142857,0,1,1,0.951219512
0,0.04109589,0.107976037,0.533333333,0,0,0.346938776,0.5,0.733333333,0.666666667,0.571428571,0.6,0.5,1,0.951219512
0,0.301369863,0.013549013,0.8,0,0,0.602040816,0.125,0.6,0.666666667,0.714285714,0.2,1,0,0.951219512
0,0.260273973,0.066783031,0.866666667,0,0,0.397959184,0.5,0.8,1,0.928571429,0.8,0.25,0,0.463414634
0,0.602739726,0.125654634,0.533333333,0,0,0.5,0.75,0.733333333,0.333333333,0.857142857,0,1,1,0
0,0.04109589,0.062348329,0.6,0,0,0.193877551,0.625,1,0.666666667,0.071428571,0.6,1,0,0.951219512
0,0.02739726,0.081476746,0.533333333,0,0,0.142857143,0.5,0.733333333,0.333333333,0.571428571,0.6,1,0,0.951219512
0,0.342465753,0.06574387,0.8,0.029770298,0,0.397959184,0.875,0.6,0,0.071428571,0.8,0.5,0,0.951219512
1,0.109589041,0.099029507,0.533333333,0,0,0.5,0.5,0.733333333,0.333333333,0.071428571,1,1,0,0.951219512
1,0.301369863,0.175382836,0.8,0,0,0.479591837,0.5,0.6,0.333333333,0.714285714,0,0.25,1,0.731707317
1,0.287671233,0.064952998,0.6,0,0,0.448979592,0.5,1,0.333333333,0.285714286,1,1,0,0.951219512
0,0.150684932,0.131139999,0.6,0,0,0.397959184,0.5,1,0.333333333,0.214285714,0,1,1,0.951219512
0,0.095890411,0.106747445,0.733333333,0,0,0.295918367,0.5,0.466666667,0,0.571428571,0.6,1,0,0.951219512
0,0.315068493,0.248716778,0.666666667,0,0,0.316326531,0.5,0.533333333,0.666666667,1,0.2,1,1,0.951219512
1,0.506849315,0.18641716,0.6,0,0,0.551020408,0.25,1,0.333333333,0.071428571,1,0.5,0,0.951219512
0,0.04109589,0.07264658,0.533333333,0,0,0.397959184,0.5,0.733333333,0.666666667,0.214285714,0.6,1,1,0.951219512
0,0.315068493,0.119682163,0.8,0,0,0.193877551,0.25,0.6,0.333333333,0.714285714,1,1,0,0.951219512
0,0.01369863,0.191677914,0.333333333,0,0,0.397959184,0.5,0,0.666666667,1,0.6,1,1,0.951219512
0,0.054794521,0.178003741,0.6,0,0,0.397959184,0.5,1,0.666666667,0.214285714,0.6,1,1,0.951219512
0,0.02739726,0.118310145,0.533333333,0,0,0.193877551,0,0.733333333,0.333333333,0,0.6,1,0,0.951219512
0,0.095890411,0.170032102,0.533333333,0,0,0.397959184,0,0.733333333,0.666666667,0,0.8,0.5,0,0.951219512
0,0.068493151,0.12144116,0.8,0,0,0.397959184,0.5,0.6,0.666666667,0.071428571,0.6,1,0,0.951219512
1,0.383561644,0.205463716,0.533333333,0.076880769,0,0.5,0.75,0.733333333,0.333333333,0.214285714,0,1,1,0.951219512
0,0.356164384,0.110535378,0.6,0,0,0.397959184,0.125,1,0.333333333,0.071428571,1,1,0,0.951219512
0,0.164383562,0.078212453,0.8,0,0,0.448979592,0.5,0.6,0.333333333,0.857142857,0,1,1,0.951219512
0,0.095890411,0.124842113,0.8,0.039080391,0,0.397959184,0.5,0.6,0.333333333,0.714285714,0,1,1,0.951219512
0,0.246575342,0.019952439,0.466666667,0,0,0.193877551,0.5,0.133333333,0.666666667,0.357142857,0.2,1,1,0.951219512
0,0.178082192,0.131935607,0.533333333,0,0.454545455,0.397959184,0.5,0.733333333,0.666666667,0.857142857,0.2,1,0,0.951219512
0,0.191780822,0.026025039,0.6,0,0,0.704081633,0.5,1,0.333333333,0.214285714,0,1,1,0.951219512
0,0.479452055,0.249201179,0.133333333,0,0,0.397959184,0.5,0.266666667,1,0.571428571,0.8,1,0,0.634146341
1,0.246575342,0.299769639,0.533333333,0,0,0.653061224,0.75,0.733333333,0.333333333,1,0,1,1,0.951219512
0,0.219178082,0.058895282,0.733333333,0,0.202020202,0.397959184,0.5,0.466666667,0,0.071428571,0.2,1,0,0.951219512
0,0.424657534,0.11850837,0.8,0,0,0.397959184,0.75,0.6,0.333333333,0.714285714,0,1,1,0.951219512
0,0.287671233,0.080874627,0.8,0,0,0.704081633,0.5,0.6,0.333333333,0.214285714,0,1,1,0.951219512
1,0.342465753,0.100184356,0.866666667,0,0,0.5,0.875,0.8,0.333333333,0.714285714,0,1,1,0.951219512
0,0.328767123,0.09662374,0.533333333,0,0,0.397959184,0.5,0.733333333,0.333333333,0.428571429,0,1,1,0.951219512
1,0.410958904,0.118810783,0.933333333,0,0,0.5,0.75,0.933333333,0.333333333,0.714285714,0,1,1,0.951219512
0,0.232876712,0.116271061,0.533333333,0,0,0.193877551,0.5,0.733333333,0.833333333,0.857142857,0.8,0.5,0,0.951219512
1,0.232876712,0.093388539,0.8,0,0,0.397959184,0.5,0.6,0.333333333,0.714285714,0,1,1,0.951219512
0,0.109589041,0.144494846,0.533333333,0,0,0.5,0.5,0.733333333,0.666666667,0.571428571,0.8,1,0,0.951219512
0,0.109589041,0.153693048,0.866666667,0,0,0.346938776,0.5,0.8,0.666666667,0.714285714,0.6,1,1,0.951219512
0,0.150684932,0.119912862,0.533333333,0,0,0.346938776,0.5,0.733333333,0.333333333,0.857142857,0,1,1,0.951219512
0,0.109589041,0.267522486,0.533333333,0,0,0.397959184,0.5,0.733333333,0.666666667,0.5,0.2,1,1,0.951219512
0,0.01369863,0.214226904,0.2,0,0,0.193877551,0.5,0.333333333,0.666666667,0.571428571,0.6,0.5,1,0.951219512
1,0.301369863,0.195741874,0.666666667,0,0,0.479591837,0.25,0.533333333,0.333333333,0.785714286,0,1,1,0.951219512
0,0.315068493,0.146385092,0.733333333,0,0,0.602040816,0.5,0.466666667,0.333333333,0.785714286,0,1,1,0.951219512
0,0.164383562,0.200154251,0.6,0,0,0.397959184,0.5,1,0.333333333,0.214285714,0,1,1,0.951219512
0,0.082191781,0.109091647,0.533333333,0,0,0.397959184,0.5,0.733333333,0.666666667,0.857142857,0.6,1,1,0.951219512
0,0.657534247,0.111297835,1,0,0,0.397959184,0.5,0.666666667,1,0.714285714,0.2,1,0,0.951219512
1,0.520547945,0.209082514,0.6,0,0,0.397959184,0.125,1,0.333333333,0.071428571,0,1,1,0.951219512
0,0.465753425,0.069165796,0.533333333,0,0,0.153061224,0.5,0.733333333,0,0.857142857,0.8,1,1,0.951219512
0,0.657534247,0.062803638,0.6,0.023460235,0,0.397959184,0.5,1,1,0.071428571,0.2,1,0,0.951219512
0,0.219178082,0.0887617,0.533333333,0,0,0.397959184,0.5,0.733333333,0.333333333,0.428571429,0,0.5,1,0.951219512
0,0.04109589,0.14152823,0.6,0,0,0.071428571,0.5,1,0.666666667,0.928571429,0.8,1,0,0.951219512
1,0.410958904,0.094026513,0.533333333,0.150241502,0,0.397959184,0.5,0.733333333,0.333333333,0.5,1,0.5,0,0.951219512
0,0.054794521,0.198786292,0.533333333,0,0,0.346938776,0.5,0.733333333,0.666666667,0.571428571,0.2,1,1,0.951219512
0,0.191780822,0.070862551,0.533333333,0,0,0.397959184,0.5,0.733333333,0.333333333,0.5,0,1,1,0.951219512
0,0.205479452,0.105876065,0.266666667,0,0,0.316326531,0.75,0.4,0.333333333,0.214285714,0,1,1,0.951219512
0,0.178082192,0.151107323,0.333333333,0,0,0.397959184,0.5,0,0.333333333,0.214285714,0,1,1,0.951219512
0,0.287671233,0.168523423,0.6,0,0,0.397959184,0.75,1,0.333333333,1,0,1,1,0.951219512
0,0.232876712,0.156076489,0.8,0,0,0.5,0.625,0.6,0.666666667,0.285714286,0.2,1,1,0.951219512
0,0.383561644,0.113925506,0.4,0,0,0.346938776,0.75,0.066666667,0.333333333,0.214285714,0,1,1,0.951219512
1,0.465753425,0.14156341,0.8,0,0,0.397959184,0.5,0.6,0,0.285714286,0.8,1,1,0.951219512
0,0.095890411,0.180030647,0.533333333,0,0,0.5,0.5,0.733333333,0.666666667,0.071428571,0.8,1,1,0.951219512
0,0.01369863,0.058019166,0.4,0,0,0.397959184,0.5,0.066666667,0.666666667,0.714285714,0.6,1,0,0.951219512
1,0.273972603,0.163665885,0.866666667,0.278282783,0,0.5,0.125,0.8,0.666666667,0.285714286,0.2,1,0,0.951219512
0,0.246575342,0.126829103,0.533333333,0,0,0.479591837,0.5,0.733333333,0.666666667,0.5,0.6,1,1,0.951219512
0,0.493150685,0.066095669,0.6,0,0,0.397959184,0.125,1,0,0.071428571,0.2,1,0,0.951219512
0,0.301369863,0.119616539,0.8,0,0,0.448979592,0.625,0.6,0.333333333,0.285714286,0,1,1,0.951219512
1,0.328767123,0.102109782,0.933333333,0,0,0.602040816,0.625,0.933333333,0.666666667,0.714285714,0.2,1,0,0.951219512
0,0.315068493,0.058304665,0.4,0,0,0.5,0.5,0.066666667,0.333333333,0.214285714,0,1,1,0.951219512
0,0.178082192,0.004747263,0.6,0,0,0.479591837,0.5,1,0.666666667,0.071428571,0.2,1,1,0.951219512
1,0.479452055,0.188463685,0.8,0,0,0.397959184,0.125,0.6,0.333333333,0.714285714,0,1,1,0.951219512
0,0.356164384,0.073060621,0.6,0,0,0.551020408,0.5,1,0,0.857142857,0.8,1,1,0.951219512
1,0.465753425,0.028453131,0.933333333,0.278282783,0,0.602040816,0.625,0.933333333,0,0.714285714,0.2,1,1,0.951219512
1,0.547945205,0.15757096,0.866666667,0,0,0.602040816,0.5,0.8,0.333333333,0.285714286,0,1,1,0.951219512
1,0.643835616,0.040268856,1,0.150241502,0,0.5,0.75,0.666666667,0.333333333,0.714285714,0,1,1,0
0,0.205479452,0.19067258,0.733333333,0,0,0.5,0.5,0.466666667,0,0.5,0.2,1,0,0.951219512
0,0.424657534,0.076337091,0.6,0,0,0.367346939,0.5,1,0.333333333,0.071428571,1,1,0,0.951219512
0,0.150684932,0.019493747,0.6,0,0,0.397959184,0.5,1,0.333333333,0.857142857,0,1,1,0.951219512
0,0.136986301,0.093186254,0.533333333,0,0,0.397959184,0.5,0.733333333,0.666666667,0.857142857,0.2,1,1,0.804878049
0,0.260273973,0.064697943,0.533333333,0,0.45959596,0.397959184,0.5,0.733333333,0.333333333,1,0,1,1,0.951219512
0,0.164383562,0.072733177,0.6,0,0,0.5,0.5,1,0.666666667,0.857142857,0.4,1,1,0.951219512
1,0.397260274,0.022378502,0.933333333,0,0.648301194,0.397959184,0.5,0.933333333,0,0.714285714,0.2,1,1,0.951219512
0,0.397260274,0.140610846,0.533333333,0,0,0.367346939,0.5,0.733333333,0.833333333,0.214285714,0.2,1,1,0.951219512
0,0.178082192,0.035851744,0.733333333,0,0,0.397959184,0.75,0.466666667,0.666666667,0.214285714,0.6,1,1,0.951219512
0,0.246575342,0.229957074,0.533333333,0,0,0.397959184,0.5,0.733333333,0.666666667,0.928571429,0.2,1,1,0.951219512
0,0.273972603,0.134323107,0.666666667,0,0,0.37755102,0.5,0.533333333,0,0.714285714,0.8,1,0,0.951219512
0,0.054794521,0.015033336,0.533333333,0,0,0.346938776,0.5,0.733333333,0.833333333,0.571428571,0.6,1,0,0.951219512
0,0.246575342,0.064400943,0.6,0,0,0.397959184,0.5,1,0.666666667,0.5,0.2,1,0,0.951219512
0,0.150684932,0.148102144,0.333333333,0,0,0.397959184,0.5,0,0.5,0.214285714,0.8,1,1,0.634146341
0,0,0.228840787,0.333333333,0,0,0.244897959,0.5,0,0.666666667,0.571428571,0.2,1,1,0.951219512
0,0.219178082,0.207693583,0.6,0,0,0.397959184,0.25,1,0.666666667,0.928571429,0.2,1,1,0.951219512
0,0.01369863,0.111826888,0.533333333,0,0,0.37755102,0.5,0.733333333,0.666666667,0.857142857,0.6,1,0,0.951219512
0,0.04109589,0.110374362,0.6,0,0,0.397959184,0,1,0.666666667,0,0.6,1,1,0.951219512
1,0.356164384,0.058814774,0.8,0,0,0.397959184,0.75,0.6,0.333333333,0.857142857,0,1,1,0.951219512
1,0.219178082,0.028436894,0.533333333,0,0,0.397959184,0.5,0.733333333,0.333333333,0.214285714,0,1,1,0.951219512
0,0.205479452,0.134940786,0.8,0,0,0.448979592,0.5,0.6,0.666666667,0.857142857,0.2,1,1,0.951219512
0,0.054794521,0.163766689,0.533333333,0,0,0.346938776,0.5,0.733333333,0.666666667,0.571428571,0.2,1,1,0.951219512
1,0.465753425,0.123002608,0.6,0,0,0.295918367,0.5,1,0.333333333,0.285714286,1,1,0,0.951219512
0,0.356164384,0.136833738,0.533333333,0,0,0.346938776,0,0.733333333,0.333333333,0,0,1,1,0.951219512
1,0.369863014,0.100495564,0.8,0,0,0.193877551,0.5,0.6,0.333333333,0.928571429,1,1,0,0.951219512
0,0.246575342,0.033307963,0.533333333,0,0,0.346938776,0.5,0.733333333,0.333333333,0.285714286,0,1,1,0.951219512
0,0.205479452,0.126089648,0.6,0,0,0.397959184,0.5,1,0.333333333,0.214285714,0,1,1,0.951219512
1,0.273972603,0.195710753,0.533333333,0,0,0.346938776,0.75,0.733333333,0.333333333,0.714285714,1,1,0,0.951219512
0,0.123287671,0.184057397,0.533333333,0,0,0.397959184,0.5,0.733333333,0.666666667,0.5,0.2,1,1,0.951219512
0,0.054794521,0.178892711,0.6,0,0,0.397959184,0.5,1,0.666666667,0.857142857,0.4,1,0,0.951219512
1,0.301369863,0.118267523,0.933333333,0.150241502,0,0.469387755,0.5,0.933333333,0.333333333,0.285714286,1,1,0,0.951219512
1,0.520547945,0.129964177,0.8,0,0,0.397959184,0.75,0.6,0.333333333,0.857142857,0,1,1,0.951219512
0,0.273972603,0.06326842,0.533333333,0,0,0.397959184,0.5,0.733333333,0.333333333,0.428571429,0,1,1,0.951219512
0,0.191780822,0.02638428,0.533333333,0,0,0.357142857,0.5,0.733333333,0.333333333,0.5,1,1,0,0.951219512
0,0.095890411,0.070700182,0.6,0,0,0.397959184,0.5,1,0.333333333,0.571428571,0,1,1,0.951219512
0,0.02739726,0.076655741,0.4,0,0,0.397959184,0.5,0.066666667,0.666666667,0.571428571,0.2,1,0,0.951219512
0,0.547945205,0.22211127,0.533333333,0,0,0.448979592,0.5,0.733333333,0.333333333,0.714285714,0,1,1,0.951219512
0,0.547945205,0.12417843,0.6,0,0,0.397959184,0.5,1,0.5,0.071428571,0.2,1,1,0.951219512
1,0.273972603,0.102996722,1,0.140841408,0,0.448979592,0.75,0.666666667,0.666666667,0.714285714,0.2,1,1,0.951219512
0,0.068493151,0.133012655,0.6,0,0,0.091836735,0.5,1,0.666666667,0.857142857,0.2,1,1,0.951219512
0,0.191780822,0.108731053,0.533333333,0,0,0.397959184,0.5,0.733333333,0.666666667,0.071428571,0.6,1,0,0.951219512
1,0.328767123,0.090085007,0.533333333,0,0,0.397959184,0.5,0.733333333,0.333333333,0.5,0,1,1,0.951219512
0,0.123287671,0.117638343,0.8,0,0,0.397959184,0.5,0.6,0.666666667,0.285714286,0.6,1,0,0.951219512
1,0.493150685,0.090070123,0.066666667,0.076880769,0,0.673469388,0.75,0.2,0.333333333,0.285714286,0,1,1,0.536585366
0,0.02739726,0.046292068,0.533333333,0,0,0.397959184,0,0.733333333,0.666666667,0,0.6,1,0,0.951219512
0,0.082191781,0.261562192,0.8,0,0,0.397959184,0.5,0.6,0.333333333,0.714285714,1,1,0,0.951219512
1,0.328767123,0.086650903,0.8,0,0.436639118,0.551020408,0.625,0.6,0.333333333,0.285714286,0,1,1,0.951219512
0,0.232876712,0.11439367,0.4,0,0,0.224489796,0.5,0.066666667,0.333333333,0.571428571,1,1,0,0.951219512
0,0.136986301,0.215035366,0.533333333,0,0,0.244897959,0,0.733333333,0.666666667,0,0.2,1,0,0.951219512
0,0.356164384,0.067426418,0.533333333,0,0,0.346938776,0.5,0.733333333,0.333333333,0.571428571,1,1,0,0.951219512
1,0.356164384,0.229543033,0.8,0,0,0.5,0.5,0.6,0.666666667,0.857142857,0.2,1,1,0.951219512
0,0.328767123,0.111207856,0.533333333,0,0,0.397959184,0.875,0.733333333,0.333333333,0.071428571,1,1,0,0.951219512
0,0.273972603,0.122838886,0.533333333,0,0,0.448979592,0.5,0.733333333,0.333333333,1,0,1,1,0.951219512
0,0.301369863,0.026252355,0.8,0,0,0.295918367,0.625,0.6,0.333333333,0.714285714,0,1,1,0.951219512
0,0.178082192,0.037916536,0.6,0,0,0.5,0.625,1,0.333333333,0.857142857,0,1,1,0.951219512
0,0.205479452,0.066331781,0.533333333,0,0.383838384,0.602040816,0.5,0.733333333,0.333333333,0.285714286,0,1,1,0.951219512
1,0.493150685,0.10154555,0.933333333,0.150241502,0,0.448979592,0.625,0.933333333,0.333333333,0.714285714,0,1,1,0.951219512
0,0.410958904,0.248858851,0.533333333,0,0,0.397959184,0.125,0.733333333,0.666666667,0.285714286,0.2,1,0,0.951219512
0,0.123287671,0.034468901,0.8,0.045080451,0,0.112244898,0.5,0.6,0.333333333,0.928571429,1,1,0,0.951219512
0,0.438356164,0.177786573,0.8,0,0,0.602040816,0.25,0.6,0.333333333,0.714285714,0,1,1,0.951219512
0,0.082191781,0.08827527,0.6,0.010550106,0,0.193877551,0.5,1,0.666666667,0.071428571,0.6,1,1,0.951219512
0,0.178082192,0.220016034,0.733333333,0,0,0.479591837,0.5,0.466666667,0.666666667,0.5,0.2,1,1,0.951219512
1,0.383561644,0.120505509,0.933333333,0.252362524,0,0.357142857,0.875,0.933333333,0,0.714285714,0.8,0.5,1,0.951219512
0,0.054794521,0.01531207,0.533333333,0,0,0.295918367,0.5,0.733333333,0.666666667,0.857142857,0.6,1,0,0.951219512
0,0.082191781,0.131614928,0.733333333,0,0,0.5,0.5,0.466666667,0.666666667,0.714285714,0.2,1,0,0.951219512
0,0.383561644,0.024536656,0.6,0,0,0.602040816,0.75,1,0.333333333,0.214285714,0,1,1,0.951219512
0,0.04109589,0.160934704,0.533333333,0,0,0.397959184,0.5,0.733333333,0.333333333,0.857142857,0,1,1,0.951219512
0,0.01369863,0.248260115,0.6,0,0,0.5,0.75,1,0.666666667,0.285714286,0.2,1,0,0.951219512
0,0.520547945,0.077500736,0.6,0,0,0.397959184,0.75,1,0,0.5,0.2,1,1,0.951219512
1,0.342465753,0.025011586,0.866666667,0.043860439,0,0.397959184,0.5,0.8,0.333333333,0.714285714,0,1,1,0.951219512
0,0.082191781,0.053749539,0.8,0.033250333,0,0.397959184,0.5,0.6,0.666666667,0.928571429,0.6,1,0,0.951219512
0,0.232876712,0.013455651,0.533333333,0,0,0.397959184,0.875,0.733333333,0.833333333,0.571428571,0.2,1,0,0.951219512
0,0.397260274,0.0809504,0.533333333,0,0,0.397959184,0.5,0.733333333,0,0.214285714,0.2,1,1,0.951219512
1,0.219178082,0.097238713,0.8,0,0,0.397959184,0.875,0.6,0.333333333,0.285714286,0,1,1,0.951219512
0,1,0.048247937,0.933333333,0.010860109,0,0.602040816,0.75,0.933333333,1,0.714285714,0.2,1,1,0.951219512
0,0.109589041,0.238375228,0.533333333,0,0,0.397959184,0.5,0.733333333,0.666666667,0.857142857,0.6,1,0,0.634146341
0,0.219178082,0.178562561,1,0,0,0.397959184,0.5,0.666666667,0.333333333,0.714285714,0,1,1,0.951219512
0,0.547945205,0.169402245,0.6,0,0,0.602040816,0.5,1,1,0.285714286,0.2,1,1,0.951219512
0,0.479452055,0.129291023,0.6,0.050130501,0,0.397959184,0.5,1,0.333333333,0.214285714,0,1,1,0.951219512
1,0.191780822,0.121471604,0.6,0,0,0.397959184,0.5,1,0.333333333,0.214285714,0,1,1,0.951219512
0,0.315068493,0.037608035,0.866666667,0,0,0.581632653,0.875,0.8,0.333333333,0.714285714,0,1,1,0.951219512
0,0.301369863,0.159939518,0.533333333,0,0,0.602040816,0.5,0.733333333,0.666666667,0.214285714,0.2,1,1,0.951219512
1,0.342465753,0.0884647,0.8,0,0.359044995,0.37755102,0.5,0.6,0.666666667,0.714285714,0.2,1,0,0.951219512
1,0.561643836,0.123432886,0.733333333,0,0,0.397959184,0.5,0.466666667,0.333333333,0.214285714,0,1,1,0.951219512
0,0.219178082,0.105876065,0.666666667,0,0,0.397959184,0.5,0.533333333,0.666666667,0.214285714,0.8,1,1,0.951219512
0,0.082191781,0.083114643,0.8,0,0,0.397959184,0.5,0.6,0.666666667,0.857142857,0.6,0.25,1,0.951219512
0,0.342465753,0.130106927,0.666666667,0.034640346,0,0.806122449,0.625,0.533333333,0.333333333,0.571428571,0,1,1,0.951219512
0,0.342465753,0.071059424,0.533333333,0,0.383838384,0.397959184,0.5,0.733333333,0.333333333,0.214285714,0,1,1,0.951219512
0,0.219178082,0.038861658,0.2,0,0,0.397959184,0.5,0.333333333,0.333333333,0.357142857,0,1,1,0.634146341
0,0.657534247,0.110948066,0.666666667,0,0,0.346938776,0.5,0.533333333,0.333333333,0.571428571,0,1,1,0.951219512
0,0.424657534,0.091898127,0.8,0,0,0.397959184,0.25,0.6,0.5,0.071428571,0.8,0.25,0,0.731707317
0,0.082191781,0.055331283,0.266666667,0,0,0.397959184,0.5,0.4,0.333333333,0.5,0,1,1,0.951219512
0,0.356164384,0.07146264,0.866666667,0,0,0.397959184,0.5,0.8,0.666666667,0.071428571,0.2,1,1,0.951219512
1,0.315068493,0.126524661,0.733333333,0,0,0.397959184,0.125,0.466666667,0.333333333,0.714285714,0,1,1,0.951219512
0,0.178082192,0.114285424,0.6,0,0,0.397959184,0.5,1,0.666666667,0.285714286,0.4,1,0,0.951219512
0,0.095890411,0.278563576,0.533333333,0,0,0.397959184,0.5,0.733333333,0.666666667,0.285714286,0.8,1,1,0.951219512
0,0.397260274,0.174736066,0.666666667,0,0,0.602040816,0.5,0.533333333,0.333333333,0.714285714,0,1,1,0.951219512
0,0.191780822,0.045263731,0.533333333,0,0,0.346938776,0.5,0.733333333,0.666666667,0.571428571,0.6,1,0,0.951219512
1,0.369863014,0.084364884,0.6,0,0,0.602040816,0.5,1,0.333333333,0.214285714,0,1,1,0.951219512
1,0.260273973,0.032462968,0.8,0,0,0.397959184,0.75,0.6,0.333333333,0.857142857,0,1,1,0.951219512
0,0.410958904,0.134599811,0.6,0,0,0.397959184,0.5,1,0.333333333,0.214285714,0,1,1,0.951219512
0,0.452054795,0.119678104,0.533333333,0,0,0.397959184,0.5,0.733333333,0.333333333,0.071428571,0,1,1,0.951219512
1,0.342465753,0.013348758,0.666666667,0.07298073,0,0.397959184,0.5,0.533333333,0.333333333,0.928571429,0,1,1,0.951219512
0,0.205479452,0.210876691,0.866666667,0,0,0.448979592,0.5,0.8,0.666666667,0.285714286,0.2,1,0,0.951219512
0,0.315068493,0.024944609,0.6,0,0,0.193877551,0.75,1,0.333333333,0.714285714,0,1,1,0.951219512
0,0.356164384,0.112394502,0.8,0,0,0.397959184,0.5,0.6,0,0.714285714,0.2,1,1,0.951219512
0,0.123287671,0.148451913,0.533333333,0,0,0.397959184,0.75,0.733333333,0.333333333,0.214285714,0,1,1,0.951219512
0,0.315068493,0.216063026,0.6,0,0,0.397959184,0.5,1,0.833333333,0.571428571,0.2,1,0,0.951219512
1,0.232876712,0.156198943,0.8,0,0,0.295918367,0.5,0.6,0.333333333,0.571428571,0,1,1,0.951219512
0,0.547945205,0.018819916,0.333333333,0,0,0.346938776,0.125,0,0.666666667,0.714285714,0.2,1,1,0.951219512
0,0.136986301,0.074843974,0.2,0,0,0.397959184,0.5,0.333333333,0.333333333,1,0,1,1,0.951219512
1,0.520547945,0.098233899,0.866666667,0.07298073,0,0.397959184,0.75,0.8,0.333333333,0.714285714,0,1,1,0.951219512
0,0.150684932,0.078293638,0.6,0,0,0.397959184,0.5,1,0.333333333,1,0,1,1,0
0,0.164383562,0.049581393,0.8,0,0,0.397959184,0.5,0.6,0.666666667,0.285714286,0.4,1,0,0.951219512
1,0.232876712,0.141316474,0.733333333,0,0,0.397959184,0.5,0.466666667,0.333333333,0.071428571,1,1,0,0.951219512
0,0.356164384,0.118743805,0.6,0,0,0.367346939,0.875,1,0.833333333,0.214285714,0.2,1,1,0.951219512
1,0.150684932,0.082894768,0.8,0,0,0.653061224,0.875,0.6,0.666666667,0.714285714,0.2,1,1,0.951219512
0,0.136986301,0.032772146,0.533333333,0,0,0.397959184,0,0.733333333,0.666666667,0,0.6,0.5,1,0.951219512
0,0.082191781,0.081367823,0.533333333,0,0,0.397959184,0.5,0.733333333,0.666666667,0.428571429,0.2,1,1,0.951219512
0,0.479452055,0.027881457,0.666666667,0,0,0.397959184,0.5,0.533333333,0.333333333,0.214285714,0,1,1,0.951219512
1,0.616438356,0.074392723,0.6,0.086140861,0,0.387755102,0.5,1,0.666666667,0.214285714,0.2,1,0,0.951219512
0,0.520547945,0.037697337,0.2,0,0,0.602040816,0.75,0.333333333,0.666666667,0.571428571,0.4,1,0,0.951219512
0,0.232876712,0.215707844,0.533333333,0,0,0.295918367,0.5,0.733333333,0.666666667,0.571428571,0.8,0.5,1,0.951219512
0,0.534246575,0.10611353,0.533333333,0,0,0.5,0.5,0.733333333,0.333333333,0.571428571,0,1,1,1
1,0.164383562,0.156930279,0.8,0.086140861,0,0.5,0.5,0.6,0.666666667,0.857142857,0.2,1,1,0.951219512
0,0.02739726,0.365376848,0.466666667,0,0,0.397959184,0.5,0.133333333,0.666666667,0.5,0.6,1,1,0.951219512
1,0.383561644,0.061596019,0.6,0.150241502,0,0.43877551,0.5,1,0.333333333,0.571428571,0,1,1,0.951219512
0,0.136986301,0.263323896,0.533333333,0,0,0.397959184,0.5,0.733333333,0.666666667,0.571428571,0.8,0.5,0,0.951219512
0,0.02739726,0.165843659,0.6,0,0,0.142857143,0,1,0.666666667,0,0.6,0.5,0,0.951219512
0,0.109589041,0.190861334,0.2,0,0,0.602040816,0.5,0.333333333,0.333333333,0.214285714,0,1,1,0.951219512
0,0.150684932,0.214235022,0.933333333,0,0,0.602040816,0.5,0.933333333,0.333333333,0.714285714,0,1,1,0.951219512
0,0.109589041,0.06532171,0.8,0,0,0.397959184,0.5,0.6,0.666666667,0.071428571,0.2,1,0,0.951219512
0,0.493150685,0.127385894,0.4,0,0,0.397959184,0.5,0.066666667,0,0.214285714,0.4,1,0,0.951219512
0,0.232876712,0.10989605,0.666666667,0.018310183,0,0.397959184,0.125,0.533333333,0,0.071428571,0.6,0.5,0,0.951219512
0,0.876712329,0.154337788,0.8,0,0,0.295918367,0.75,0.6,1,0.357142857,0.2,1,1,0.951219512
1,0.410958904,0.085908742,0.933333333,0,0.453856749,0.602040816,0.625,0.933333333,0.333333333,0.714285714,0,1,1,0.951219512
0,0.369863014,0.08841193,0.533333333,0,0,0.397959184,0.5,0.733333333,1,0.571428571,0.8,1,0,0.951219512
0,0.04109589,0.208212487,0.333333333,0,0,0.397959184,0.5,0,0.5,0.428571429,0.2,1,1,0.951219512
0,0.232876712,0.063903688,0.533333333,0,0,0.448979592,0.5,0.733333333,0.333333333,0.214285714,0,1,1,0.951219512
0,0.726027397,0.225806517,0.533333333,0,0,0.397959184,0,0.733333333,0.333333333,0,0,1,1,0.951219512
1,0.452054795,0.166789458,0.533333333,0,0,0.397959184,0.5,0.733333333,0,0.214285714,0.2,1,1,0.951219512
1,0.164383562,0.069478356,0.8,0,0,0.397959184,0.5,0.6,0.333333333,0.928571429,0,1,1,0.951219512
0,0.178082192,0.270124449,0.533333333,0,0,0.397959184,0,0.733333333,0.333333333,0,0,0.5,1,0.951219512
0,0.438356164,0.210750178,0.6,0.033250333,0,0.5,0.5,1,0,0.285714286,0.2,1,1,0.951219512
0,0.136986301,0.072060699,0.533333333,0,0,0.397959184,0.5,0.733333333,0,0.071428571,0.2,1,0,0.951219512
0,0.534246575,0.069787533,0.6,0,0,0.602040816,0.75,1,0.333333333,0.214285714,0,1,1,0.951219512
0,0.287671233,0.079031063,0.533333333,0,0,0.5,0.5,0.733333333,0.333333333,0.285714286,0,1,1,0.951219512
0,0.273972603,0.057979927,0.733333333,0,0,0.683673469,0.625,0.466666667,0.333333333,0.857142857,0,1,1,0.951219512
0,0.315068493,0.301656502,0.8,0,0,0.602040816,0.75,0.6,0.333333333,0.714285714,0,1,1,0.951219512
0,0.328767123,0.162441353,0.266666667,0,0,0.397959184,0.5,0.4,0.333333333,0.5,0,1,1,0.634146341
0,0.369863014,0.109626112,0.6,0,0,0.397959184,0.5,1,0.333333333,0.214285714,0,0.5,1,0.951219512
0,0.04109589,0.126795276,0.533333333,0,0,0.275510204,0.5,0.733333333,0.333333333,0.571428571,0,1,1,0.951219512
0,0.328767123,0.226888977,0.6,0,0,0.5,0.5,1,0.333333333,1,0,1,1,0.951219512
0,0.273972603,0.265878501,0.8,0,0.307621671,0.418367347,0.5,0.6,0.666666667,0.714285714,0.2,1,0,0.951219512
0,0.273972603,0.013980644,0.733333333,0,0,0.397959184,0.125,0.466666667,0,0.285714286,0.8,0.5,0,0.951219512
0,0.383561644,0.116026831,0.533333333,0,0,0.346938776,0.5,0.733333333,0,0.571428571,0.8,1,0,0.951219512
0,0.287671233,0.187308159,0.533333333,0,0,0.397959184,0.5,0.733333333,0.5,0.214285714,0.8,1,0,0.951219512
1,0.520547945,0.110130808,0.6,0.150241502,0,0.397959184,0.5,1,0.333333333,0.214285714,0,0.5,1,0.951219512
1,0.109589041,0.129405357,0.666666667,0,0,0.56122449,0.5,0.533333333,0.333333333,0.928571429,0,1,1,0.951219512
0,0.068493151,0.187482029,0.6,0,0,0.397959184,0,1,0.666666667,0,0.6,1,1,0.951219512
0,0.438356164,0.129957412,0.4,0,0,0.602040816,0.25,0.066666667,0,0.571428571,0.6,1,0,0.951219512
0,0.082191781,0.139932955,0.6,0,0,0.397959184,0.25,1,0.666666667,0.785714286,0.6,1,1,0.951219512
0,0.178082192,0.210256983,0.8,0,0,0.397959184,0.5,0.6,0.666666667,0.857142857,0.2,1,0,0.951219512
0,0.438356164,0.060757789,0.4,0.021740217,0,0.397959184,0.5,0.066666667,1,0.214285714,0.2,1,1,0.951219512
0,0.178082192,0.125566008,0.733333333,0,0,0.397959184,0.25,0.466666667,0.666666667,0.428571429,0.2,1,1,0.951219512
0,0.232876712,0.06239298,0.666666667,0.016390164,0,0.193877551,0.5,0.533333333,0.666666667,0.714285714,0.2,1,0,0.951219512
0,0.082191781,0.154150387,0.133333333,0,0,0.551020408,0.5,0.266666667,0.666666667,0.428571429,0.2,1,1,0.634146341
1,0.547945205,0.044472182,0.533333333,0,0,0.397959184,0.5,0.733333333,0.333333333,0.214285714,0,1,1,0.951219512
0,0.273972603,0.101728215,0.533333333,0,0,0.397959184,0.5,0.733333333,0.333333333,0.714285714,0,1,1,0.097560976
0,0.191780822,0.155827524,0.8,0,0,0.397959184,0.5,0.6,0,0.928571429,0.8,1,0,0.951219512
0,0.438356164,0.061334876,0.2,0,0,0.397959184,0.5,0.333333333,1,0.5,0.2,1,0,0.951219512
1,0.356164384,0.219352351,0.6,0,0.436639118,0.397959184,0.5,1,0.333333333,0.285714286,0,1,1,0.951219512
1,0.273972603,0.024205153,0.8,0,0,0.551020408,0.75,0.6,0.333333333,0.714285714,0,1,1,0.951219512
1,0.191780822,0.104417451,0.533333333,0,0,0.397959184,0.125,0.733333333,0.333333333,0.071428571,0,1,1,0.951219512
0,0.054794521,0.008330204,0.6,0,0,0.397959184,0.5,1,0.666666667,0.571428571,0.6,1,0,0.951219512
1,0.493150685,0.184922012,0.866666667,0,0,0.397959184,0.5,0.8,0.333333333,0.071428571,1,1,0,0.951219512
0,0.342465753,0.076567791,0.666666667,0,0.074150597,0.397959184,0.125,0.533333333,0,0.285714286,0.8,1,1,0.951219512
1,0.616438356,0.123383499,0.533333333,0,0,0.397959184,0,0.733333333,0.333333333,0,0,1,1,0.951219512
0,0.260273973,0.062192725,0.6,0,0,0.397959184,0.5,1,0,0.071428571,0.8,1,0,0.951219512
1,0.410958904,0.147384337,0.533333333,0,0,0.602040816,0.5,0.733333333,0.333333333,0.571428571,0,0.5,1,0.951219512
1,0.273972603,0.116247383,1,0,0,0.397959184,0.25,0.666666667,0,0.714285714,0.2,1,0,0.951219512
0,0.369863014,0.073060621,0.533333333,0,0,0.448979592,0.5,0.733333333,0,1,0.2,1,1,0.951219512
0,0.328767123,0.062652094,0.6,0.028290283,0,0.397959184,0.5,1,0.333333333,0.071428571,0,1,1,0.951219512
1,0.438356164,0.283442087,0.6,0,0,0.5,0.625,1,0.333333333,0.857142857,0,1,1,0.951219512
0,0.246575342,0.165840276,0.666666667,0,0,0.397959184,0.5,0.533333333,0.666666667,0.214285714,0.6,0.5,1,0.951219512
0,0.04109589,0.056963092,0.6,0,0,0.071428571,0,1,0.666666667,0,0.6,0.25,0,0.951219512
1,0.342465753,0.135719481,0.866666667,0,0,0.224489796,0.5,0.8,0.333333333,0.714285714,0,1,1,0.951219512
0,0.219178082,0.281430065,0.533333333,0,0,0.346938776,0.125,0.733333333,0,0.071428571,0.8,0.5,0,0.951219512
1,0.260273973,0.147514909,1,0.07298073,0,0.397959184,0.875,0.666666667,0.333333333,0.714285714,0,1,1,0.951219512
0,0.246575342,0.065521289,0.533333333,0.036740367,0,0.520408163,0.5,0.733333333,0.833333333,0.5,0.2,1,1,0.951219512
0,0.342465753,0.05740893,0.2,0,0,0.397959184,0.5,0.333333333,0.333333333,1,0,1,1,0.951219512
0,0.219178082,0.171084794,0.8,0,0,0.551020408,0.5,0.6,0.333333333,0.857142857,0,0.5,1,0.951219512
0,0.109589041,0.157865254,0.6,0,0,0.142857143,0.5,1,0.666666667,0.928571429,0.6,1,1,0.634146341
1,0.164383562,0.08928534,0.8,0.043860439,0,0.806122449,0.5,0.6,0.333333333,0.428571429,0,0.5,1,0
0,0.479452055,0.060099519,0.4,0,0,0.397959184,0.875,0.066666667,0.333333333,1,0,1,1,0.951219512
1,0.397260274,0.044473536,0.533333333,0,0,0.397959184,0.125,0.733333333,0.333333333,0.071428571,0,1,1,0.951219512
0,0.397260274,0.114689994,0.533333333,0.040640406,0,0.397959184,0.5,0.733333333,0.333333333,0.214285714,0,0.5,1,0.951219512
0,0.068493151,0.270635911,0.533333333,0,0,0.397959184,0.5,0.733333333,0.666666667,0.857142857,0.4,0.5,1,0
1,0.397260274,0.014584116,0.6,0.03103031,0,0.397959184,0.5,1,0.333333333,1,0,1,1,0.951219512
0,0.315068493,0.032682843,0.6,0,0,0.295918367,0.5,1,0,0.571428571,0.8,1,0,0.951219512
0,0.602739726,0.087584525,0.533333333,0,0,0.397959184,0.5,0.733333333,0,0.571428571,0.2,0.5,0,0.951219512
0,0.205479452,0.104713097,0.8,0,0,0.397959184,0.5,0.6,0.333333333,0.928571429,0,1,1,0.951219512
0,0.726027397,0.169281145,0.6,0,0.423324151,0.234693878,0,1,0.333333333,0,0,1,1,0.951219512
0,0.712328767,0.05810441,0.2,0.010860109,0,0.193877551,0.5,0.333333333,1,0.571428571,0.2,1,0,0.951219512
1,0.712328767,0.164093457,0.8,0.106051061,0,0.091836735,0,0.6,0.333333333,0,0,1,1,0.951219512
0,0.246575342,0.114208976,0.333333333,0,0,0.397959184,0.5,0,0.333333333,0.214285714,0,1,1,0.951219512
0,0.410958904,0.170283774,0.533333333,0,0,0.397959184,0.25,0.733333333,0.333333333,0.571428571,0,0.5,1,0.804878049
1,0.246575342,0.069908634,0.533333333,0,0,0.5,0.75,0.733333333,0,0.857142857,0.2,1,1,0.951219512
1,0.534246575,0.042960122,0.533333333,0,0,0.397959184,0.5,0.733333333,0.333333333,0.285714286,0,1,1,0.951219512
0,0.273972603,0.051059627,0.733333333,0,0,0.448979592,0.5,0.466666667,0.666666667,0.285714286,0.2,1,1,0.951219512
0,0.383561644,0.040970425,0.533333333,0,0,0.459183673,0.5,0.733333333,0,0.285714286,0.2,1,0,0.951219512
0,0.561643836,0.049713317,0.6,0,0,0.479591837,0.5,1,0.333333333,0.857142857,0,1,1,0.951219512
0,0.369863014,0.12210552,0.533333333,0,0,0.397959184,0.125,0.733333333,0.666666667,0.071428571,0.8,1,0,0.951219512
0,0.547945205,0.080121641,0.066666667,0,0,0.214285714,0.5,0.2,0.333333333,0.428571429,0,1,1,0.951219512
0,0.301369863,0.050305964,0.6,0,0,0.479591837,0.25,1,0.333333333,0.785714286,0,1,1,0.951219512
0,0.150684932,0.052386316,0.533333333,0.02202022,0,0.479591837,0.5,0.733333333,0.666666667,0.857142857,0.2,1,0,0.951219512
0,0,0.140037818,0.4,0,0,0.193877551,0,0.066666667,0.666666667,0,0.6,1,0,0.951219512
0,0.164383562,0.039114007,0.533333333,0,0,0.806122449,0.75,0.733333333,0.333333333,0.357142857,0,1,1,0.951219512
0,0.054794521,0.080588452,0.533333333,0,0,0.244897959,0.5,0.733333333,0.666666667,0.571428571,0.4,1,1,0.951219512
0,0.191780822,0.024471032,0.6,0,0,0.397959184,0.5,1,0.666666667,0.857142857,0.2,1,0,0.951219512
0,0.287671233,0.117653904,0.533333333,0,0,0.551020408,0.5,0.733333333,0.333333333,0.214285714,0,1,1,0.951219512
0,0.136986301,0.235598719,0.533333333,0,0,0.397959184,0.5,0.733333333,0.333333333,0.285714286,0,1,1,0.951219512
0,0.520547945,0.087770573,0.533333333,0,0,0.448979592,0.5,0.733333333,0.333333333,0.285714286,0,1,1,0.951219512
0,0.506849315,0.084833047,0.533333333,0,0,0.295918367,0.25,0.733333333,0,0.571428571,0.2,1,0,0.951219512
1,0.369863014,0.062346299,0.8,0,0,0.397959184,0.5,0.6,0.333333333,0.285714286,0,1,1,0.951219512
0,0.287671233,0.191353176,0.6,0,0,0.397959184,0.5,1,0.333333333,0.5,0,1,1,0.951219512
0,0.356164384,0.104772633,0.8,0,0,0.602040816,0.5,0.6,0,0.714285714,0.8,0.5,0,0.951219512
0,0.136986301,0.135720157,0.6,0,0,0.397959184,0.5,1,0.666666667,0.214285714,0.2,1,1,0.951219512
0,0.04109589,0.160513898,0.6,0,0,0.153061224,0.5,1,0.666666667,0.785714286,0.6,1,0,0.951219512
1,0.410958904,0.127314857,0.533333333,0.051780518,0,0.397959184,0.25,0.733333333,0.333333333,1,0,1,1,0.951219512
0,0.465753425,0.132410536,0.533333333,0,0,0.397959184,0.75,0.733333333,0.333333333,0.857142857,0,1,1,0.951219512
0,0.01369863,0.095935702,0.4,0,0,0.193877551,0.5,0.066666667,0.666666667,0.857142857,0.8,1,1,0.951219512
1,0.205479452,0.098877963,0.6,0,0,0.602040816,0.5,1,0.333333333,0.285714286,0,1,1,0.951219512
0,0.301369863,0.113916711,0.6,0,0,0.397959184,0.5,1,0.333333333,0.5,0,1,1,0.951219512
1,0.369863014,0.070594643,0.6,0,0,0.397959184,0.5,1,0.333333333,0.714285714,0,1,1,0.951219512
1,0.452054795,0.049745791,0.666666667,0,0,0.37755102,0.5,0.533333333,0,0.714285714,0.2,0.25,1,0.951219512
1,0.452054795,0.133301536,0.8,0,0,0.397959184,0.5,0.6,0.333333333,0.857142857,0,1,1,0.951219512
1,0.260273973,0.012676957,0.866666667,0,0,0.5,0.5,0.8,0.333333333,0.285714286,0,1,1,0.951219512
1,0.287671233,0.043320039,0.666666667,0,0,0.551020408,0.5,0.533333333,0.333333333,0.285714286,0,1,1,0.951219512
0,0.164383562,0.277880273,0.133333333,0,0,0.397959184,0.5,0.266666667,0.333333333,0.357142857,0,1,1,0.634146341
0,0.136986301,0.064627583,0.6,0,0,0.397959184,0.5,1,0.333333333,0.857142857,0,1,1,0.951219512
0,0.410958904,0.104778045,0.533333333,0.046500465,0,0.397959184,0.5,0.733333333,0,0.5,0.2,1,1,0.951219512
0,0.410958904,0.09952135,0.733333333,0,0,0.397959184,0.5,0.466666667,0.666666667,0.071428571,0.2,1,0,0.951219512
0,0.301369863,0.182315314,0.533333333,0,0,0.397959184,0.5,0.733333333,0.666666667,0.571428571,0.2,0.5,0,0.951219512
0,0.356164384,0.070858492,0.666666667,0,0.396235078,0.397959184,0.125,0.533333333,0,0.428571429,0.8,0.5,1,0.951219512
0,0.191780822,0.114947754,0.8,0.040640406,0,0.295918367,0,0.6,0.333333333,0,1,1,0,0.048780488
0,0,0.091475968,0.133333333,0,0,0.193877551,0.5,0.266666667,0.666666667,0.857142857,0.6,1,0,0.951219512
1,0.315068493,0.087777338,0.8,0,0,0.551020408,0.625,0.6,0.333333333,0.285714286,1,1,0,0.951219512
0,0.410958904,0.041005605,0.533333333,0,0,0.397959184,0.5,0.733333333,0.333333333,1,0,1,1,0.951219512
0,0.301369863,0.237058686,0,0,0,0.193877551,0,0.866666667,1,0,0.2,1,0,0.195121951
0,0.342465753,0.123300284,0.533333333,0,0,0.397959184,0.5,0.733333333,0,0.5,0.8,1,0,0.951219512
0,0.616438356,0.11141217,0.2,0,0,0.397959184,0.5,0.333333333,0.333333333,0.571428571,0,1,1,0.951219512
1,0.506849315,0.253874022,0.866666667,0,0,0.448979592,0.5,0.8,0.333333333,0.714285714,0,1,1,0.951219512
0,0.328767123,0.113558823,0.533333333,0,0,0.5,0.5,0.733333333,0.666666667,0.857142857,0.2,1,1,0.951219512
1,0.424657534,0.008918792,0.866666667,1,0,0.5,0.5,0.8,0,0.285714286,0.2,1,1,0.951219512
0,0.260273973,0.162397378,0.133333333,0,0,0.397959184,0.5,0.266666667,0.5,0.214285714,0.4,1,1,0.634146341
0,0.506849315,0.015757231,0.6,0,0,0.397959184,0.125,1,0.333333333,0.214285714,0,1,1,0.951219512
0,0.424657534,0.161318977,0.6,0,0,0.5,0.5,1,0.333333333,0.214285714,0,1,1,0.951219512
0,0.342465753,0.052179972,0.466666667,0,0,0.397959184,0.5,0.133333333,0.666666667,0.357142857,0.6,1,1,0.951219512
1,0.301369863,0.143616024,0.8,0,0,0.602040816,0.5,0.6,0.333333333,0.285714286,0,1,1,0.951219512
0,0.301369863,0.211170985,0.066666667,0,0,0.448979592,0.5,0.2,0.333333333,0.214285714,0,1,1,0.634146341
0,0.643835616,0.114566864,0.533333333,0,0,0.193877551,0.25,0.733333333,0.333333333,0.714285714,1,1,0,0.951219512
1,0.356164384,0.090085007,0.933333333,0,0,0.295918367,0.75,0.933333333,0.333333333,0.714285714,0,1,1,0.951219512
1,0.109589041,0.231044269,0.6,0.03103031,0,0.397959184,0.5,1,0.333333333,0.071428571,1,0.5,0,0.951219512
1,0.369863014,0.029143876,0.8,0,0.433195592,0.397959184,0.125,0.6,0.333333333,0.714285714,0,1,1,0.951219512
1,0.410958904,0.153598333,0.8,0,0,0.397959184,0.625,0.6,0.333333333,0.857142857,0,1,1,0.951219512
1,0.616438356,0.157772568,0.8,1,0,0.397959184,0.625,0.6,0,0.857142857,0.2,1,1,0.951219512
0,0.315068493,0.014119334,0.533333333,0,0,0.397959184,0.25,0.733333333,0.666666667,0.571428571,0.6,1,1,0.951219512
0,0.123287671,0.249228917,0.533333333,0,0,0.520408163,0.5,0.733333333,0.666666667,0.428571429,0.6,1,1,0.951219512
0,0.246575342,0.139540563,0.266666667,0,0,0.397959184,0.5,0.4,0.333333333,0.285714286,1,1,0,0.951219512
0,0.383561644,0.11835412,0.733333333,0,0,0.397959184,0.5,0.466666667,0.333333333,0.428571429,0,1,1,0.951219512
1,0.232876712,0.069281484,1,0,0,0.5,0.5,0.666666667,0.333333333,0.714285714,0,1,1,0.951219512
1,0.301369863,0.156677254,0.733333333,0,0,0.397959184,0.125,0.466666667,0.666666667,0.714285714,0.2,1,1,0.951219512
0,0.657534247,0.055656698,0.6,0,0,0.397959184,0.5,1,0,0.071428571,0.2,1,0,0.951219512
0,0.465753425,0.109916346,0.533333333,0,0,0.37755102,0.5,0.733333333,0.666666667,0.571428571,0.2,0.5,0,0.951219512
0,0.095890411,0.264787246,0.533333333,0,0,0.602040816,0.5,0.733333333,0.333333333,0.214285714,0,1,1,0.951219512
1,0.356164384,0.084580023,0.8,0,0,0.397959184,0.5,0.6,0.333333333,0.928571429,1,0.5,0,0.951219512
1,0.164383562,0.13476421,0.8,0,0,0.5,0.5,0.6,0.666666667,0.714285714,0.2,1,1,0.951219512
0,0.191780822,0.057586859,0.533333333,0,0,0.397959184,0.5,0.733333333,0.666666667,0.571428571,0.8,1,0,0.951219512
0,0.260273973,0.067907436,0.533333333,0,0,0.397959184,0,0.733333333,0.666666667,0,0.6,1,1,0.951219512
0,0.164383562,0.11842245,0.8,0,0,0.397959184,0.5,0.6,0.666666667,0.714285714,0.2,1,1,0.951219512
0,0.260273973,0.104862612,0.666666667,0,0,0.397959184,0.5,0.533333333,0,0.214285714,0.2,1,1,0.951219512
0,0.109589041,0.296296973,0.533333333,0,0,0.397959184,0.5,0.733333333,0.666666667,0.214285714,0.6,1,1,0.951219512
0,0.397260274,0.129052205,0.8,0,0,0.479591837,0.5,0.6,0.333333333,0.857142857,0,1,1,0.951219512
0,0.164383562,0.081582962,0.533333333,0,0,0.397959184,0.5,0.733333333,0.333333333,0.214285714,0,1,1,0.951219512
0,0.301369863,0.181264651,0.533333333,0,0,0.397959184,0.5,0.733333333,0,0.428571429,0.6,0.5,1,0.951219512
1,0.260273973,0.294335015,0.533333333,0,0,0.5,0.5,0.733333333,0.333333333,0.857142857,0,1,1,0.951219512
1,0.273972603,0.013499626,0.533333333,0.278282783,0,0.397959184,0.75,0.733333333,0,0.357142857,0.2,1,1,0.951219512
0,0.287671233,0.07964333,0.8,0,0,0.397959184,0.5,0.6,0.666666667,0.571428571,0.2,1,1,0.951219512
0,0.136986301,0.110344594,0.8,0,0.43067034,0.397959184,0.5,0.6,0.666666667,0.285714286,0.2,1,1,0.951219512
0,0.410958904,0.109766831,0.533333333,0,0,0.397959184,0.75,0.733333333,0.333333333,0.285714286,0,1,1,0.951219512
0,0.109589041,0.031226258,0.8,0,0,0.397959184,0.25,0.6,0.666666667,0.714285714,0.2,1,0,0.951219512
0,0.369863014,0.115244078,0.866666667,0,0,0.234693878,0.5,0.8,0,0.857142857,0.2,1,1,0.487804878
1,0.438356164,0.048254026,0.8,0.076880769,0,0.663265306,0.5,0.6,0.333333333,0.285714286,0,1,1,0.951219512
0,0.232876712,0.115089827,0.733333333,0,0,0.397959184,0.5,0.466666667,0,0.071428571,0.2,0.5,1,0.951219512
0,0.150684932,0.201158232,0.6,0,0,0.602040816,0.5,1,0.333333333,0.857142857,0,0.75,1,0
0,0.602739726,0.03271464,0.8,0,0,0.448979592,0,0.6,0.666666667,0,0.2,1,0,0.951219512
1,0.232876712,0.168805539,0.666666667,0,0,0.448979592,0.5,0.533333333,0.333333333,0.071428571,0,0.5,1,0.951219512
0,0.109589041,0.164208468,0.333333333,0,0,0.397959184,0.5,0,0.666666667,0.214285714,0.2,1,1,0.951219512
0,0.150684932,0.241408145,0.533333333,0,0,0.397959184,0.5,0.733333333,0.833333333,0.857142857,0.4,1,0,0.951219512
0,0.273972603,0.172382392,0.666666667,0,0,0.520408163,0.5,0.533333333,0,0.928571429,0.8,1,0,0.951219512
0,0.287671233,0.101505634,0.666666667,0,0,0.397959184,0.5,0.533333333,0.666666667,0.928571429,0.6,1,0,0.951219512
1,0.260273973,0.080445026,0.533333333,0,0,0.397959184,0.5,0.733333333,0.333333333,0.5,0,1,1,0.951219512
0,0.123287671,0.106515393,0.533333333,0,0,0.397959184,0.5,0.733333333,0.333333333,0.928571429,0,1,1,0.951219512
1,0.493150685,0.090063358,0.533333333,0,0,0.397959184,0.5,0.733333333,0.333333333,0.5,0,1,1,0.951219512
1,0.493150685,0.007721321,0.533333333,0,0,0.459183673,0.5,0.733333333,0.333333333,0.214285714,0,1,1,0.951219512
1,0.465753425,0.04755584,0.866666667,0,0,0.37755102,0.5,0.8,0.333333333,0.714285714,0,1,1,0.048780488
0,0.01369863,0.010873308,0.533333333,0,0,0.397959184,0.25,0.733333333,0.666666667,0.071428571,0.6,1,0,0.951219512
0,0.04109589,0.110879735,0.533333333,0,0,0.346938776,0.5,0.733333333,0.666666667,0.857142857,0.6,1,0,0.951219512
0,0.246575342,0.02507721,0.6,0,0,0.37755102,0.875,1,0.666666667,0.071428571,0.6,1,0,0.951219512
1,0.561643836,0.013021314,0.8,0,0,0.397959184,0.5,0.6,0.333333333,0.714285714,0,1,1,0.951219512
0,0.534246575,0.105769849,0.533333333,0.04101041,0,0.397959184,0.5,0.733333333,0,0.714285714,0.2,1,0,0.951219512
0,0.383561644,0.242184133,0.8,0,0,0.397959184,0.5,0.6,0,0.285714286,0.2,1,0,0.951219512
0,0.657534247,0.007641489,0.8,0,0,0.397959184,0.5,0.6,0,0.071428571,0.2,1,0,0.951219512
0,0.02739726,0.041082054,0.6,0,0,0.142857143,0.875,1,0.666666667,0.071428571,0.6,1,1,0.951219512
0,0.287671233,0.010231274,0.533333333,0,0,0.5,0.5,0.733333333,0,0.214285714,0.8,1,1,0.951219512
0,0.260273973,0.229006539,0.533333333,0,0,0.37755102,0.5,0.733333333,0.666666667,0.714285714,0.2,1,0,0.951219512
0,0.397260274,0.047804805,0.533333333,0,0,0.397959184,0.5,0.733333333,0.666666667,0.857142857,0.2,1,0,0.951219512
1,0.287671233,0.113180639,0.6,0,0,0.5,0.5,1,0.333333333,0.714285714,0,1,1,0
0,0.287671233,0.063065458,0.6,0,0,0.397959184,0.5,1,0,0.285714286,0.2,1,0,0.951219512
1,0.493150685,0.153486028,0.6,0,0,0.5,0.5,1,0.333333333,0.285714286,0,1,1,0.951219512
0,0.191780822,0.127561117,0.8,0,0,0.397959184,0.5,0.6,0.5,0.714285714,0.2,0.25,1,0.585365854
0,0.616438356,0.099872473,0.8,0,0.288797062,0.37755102,0.25,0.6,0.333333333,0.071428571,1,1,0,0.951219512
0,0.082191781,0.092295931,0.533333333,0,0,0.397959184,0.5,0.733333333,0.833333333,0.428571429,0.4,1,0,0.951219512
0,0.342465753,0.109482009,0.866666667,0,0,0.397959184,0.5,0.8,0.666666667,0.714285714,0.2,1,0,0.951219512
0,0.794520548,0.009675161,0.333333333,0,0,0.040816327,0,0,0.5,0,0.2,1,0,0.951219512
0,0.054794521,0.171049614,0.6,0,0,0.397959184,0.625,1,0.666666667,0.285714286,0.2,1,1,0.951219512
0,0.452054795,0.183338915,0.2,0,0,0.397959184,0.5,0.333333333,0.333333333,0.5,0,0.5,1,0.951219512
1,0.383561644,0.136398048,0.866666667,0,0.436639118,0.397959184,0.625,0.8,0.333333333,0.857142857,0,0.25,1,0.414634146
0,0.561643836,0.112548076,0.533333333,0,0,0.397959184,0.5,0.733333333,1,0.214285714,0.8,1,1,0.951219512
0,0,0.056551757,0.266666667,0,0,0.112244898,0.5,0.4,0.666666667,0.428571429,0.6,1,1,0.951219512
0,0.287671233,0.035927516,0.466666667,0,0,0.397959184,0.5,0.133333333,0,0.214285714,0.2,1,1,0.951219512
0,0.315068493,0.049967695,0.666666667,0,0,0.397959184,0.5,0.533333333,0.333333333,0.428571429,0.6,0.25,1,0.731707317
0,0.123287671,0.038298779,0.533333333,0,0,0.5,0.5,0.733333333,0.666666667,0.071428571,0.2,1,1,0.634146341
1,0.301369863,0.060148906,0.533333333,0,0,0.397959184,0.5,0.733333333,0.333333333,0.214285714,0,1,1,0.951219512
0,0.287671233,0.049244477,0.733333333,0,0,0.397959184,0.5,0.466666667,0,0.071428571,0.8,1,0,0.951219512
0,0.178082192,0.455762914,0.8,0,0,0.5,0.5,0.6,0.666666667,0.857142857,0.8,0.5,1,0.951219512
0,0.054794521,0.073548405,0.6,0,0,0.193877551,0.5,1,0.666666667,0.714285714,0.2,1,1,0.951219512
0,0.164383562,0.068726046,0.066666667,0,0,0.397959184,0.5,0.2,0.333333333,0.571428571,0,1,1,0
1,0.479452055,0.047069409,0.533333333,0,0,0.479591837,0.5,0.733333333,0.333333333,0.5,0,1,1,0.951219512
0,0.01369863,0.084619938,0.533333333,0,0,0.397959184,0.5,0.733333333,0.666666667,0.071428571,0.6,1,0,0.951219512
0,0.493150685,0.105711667,0.266666667,0,0,0.704081633,0.75,0.4,0.333333333,0.357142857,0,1,1,0.951219512
1,0.232876712,0.207615781,1,0,0,0.5,0.75,0.666666667,0.333333333,0.714285714,0,1,1,0.951219512
0,0.589041096,0.106161564,0.533333333,0,0,0.5,0.5,0.733333333,0.333333333,0.285714286,0,1,1,0.951219512
0,0.04109589,0.119691634,0.733333333,0,0,0.193877551,0,0.466666667,0.666666667,0,0.2,1,1,0.951219512
0,0.232876712,0.192683925,0.533333333,0,0,0.397959184,0.5,0.733333333,0.333333333,0.428571429,0,0.5,1,0.951219512
0,0.136986301,0.261710354,0.533333333,0,0.394628099,0.397959184,0.5,0.733333333,0.666666667,0.428571429,0.4,0.5,1,0.951219512
0,0.246575342,0.086912723,0.533333333,0,0,0.244897959,0.5,0.733333333,0.666666667,0.857142857,0.2,1,1,0.951219512
0,0.301369863,0.220289355,0.8,0,0,0.551020408,0.5,0.6,0,0.285714286,0.2,1,1,0.951219512
0,0.191780822,0.169515227,0.533333333,0,0,0.397959184,0.5,0.733333333,0,0.071428571,0.2,1,0,0.951219512
1,0.178082192,0.131679876,0.733333333,0,0.453856749,0.397959184,0.5,0.466666667,0.333333333,0.285714286,1,0.75,0,0.951219512
1,0.219178082,0.098877963,0.6,0,0,0.5,0.5,1,0.333333333,0.214285714,0,1,1,0.951219512
0,0.424657534,0.117697879,0.533333333,0,0,0.397959184,0.125,0.733333333,0,0.357142857,0.4,1,1,0.951219512
1,0.191780822,0.04650856,1,0,0,0.397959184,0.75,0.666666667,0.333333333,0.714285714,0,1,1,0.951219512
0,0.315068493,0.041092878,0.533333333,0,0,0.295918367,0.5,0.733333333,0.333333333,0.571428571,0,0.25,1,0.073170732
0,0.150684932,0.109185009,0.133333333,0,0,0.397959184,0.5,0.266666667,0.666666667,0.571428571,0.2,1,0,0.634146341
0,0.150684932,0.080516739,0.533333333,0,0,0.602040816,0.5,0.733333333,0.666666667,0.571428571,0.2,1,1,0.951219512
0,0.02739726,0.066783031,0.6,0,0,0.397959184,0.5,1,0.666666667,0.071428571,0.6,0.25,0,0.731707317
0,0.643835616,0.066209327,0.533333333,0,0,0.397959184,0.5,0.733333333,0.333333333,0.785714286,0,1,1,0.951219512
0,0.109589041,0.103738207,0.866666667,0,0,0.551020408,0.5,0.8,0.666666667,0.857142857,0.2,1,1,0.951219512
0,0.342465753,0.14159656,0.533333333,0,0,0.397959184,0.75,0.733333333,0.5,0.214285714,0.2,1,0,0.951219512
0,0.109589041,0.239441451,0.533333333,0,0,0.397959184,0.125,0.733333333,0.666666667,1,0.6,1,1,0.951219512
0,0.356164384,0.135715421,0.8,0,0,0.37755102,0.5,0.6,0,0.714285714,0.2,1,0,0.951219512
1,0.260273973,0.143592346,0.8,0,0,0.5,0.5,0.6,0.333333333,0.857142857,0,1,1,0.951219512
0,0.164383562,0.036456568,0.6,0,0,0.397959184,0.5,1,0.833333333,0.071428571,0.2,1,0,0.951219512
0,0.150684932,0.053109535,0.533333333,0,0,0.397959184,0.125,0.733333333,0.333333333,0.071428571,0,0.5,1,0.951219512
0,0.232876712,0.107222374,0.533333333,0,0,0.5,0.5,0.733333333,0.333333333,0.214285714,0,1,1,0.951219512
0,0.424657534,0.069732734,0.2,0,0,0.142857143,0.5,0.333333333,0.333333333,0.642857143,1,0.5,0,0.951219512
1,0.328767123,0.031230317,1,0.076880769,0,0.5,0.125,0.666666667,0.333333333,0.714285714,0,1,1,0.951219512
1,0.164383562,0.143517927,0.666666667,0,0,0.43877551,0.5,0.533333333,0.166666667,0.357142857,0,1,1,0.951219512
0,0.356164384,0.069157677,0.533333333,0,0,0.397959184,0.875,0.733333333,0,0.285714286,0.8,1,0,0.951219512
1,0.328767123,0.030876488,0.6,0.076880769,0,0.5,0.75,1,0.333333333,0.357142857,0,1,1,0.951219512
1,0.191780822,0.125566008,0.8,0,0,0.5,0.5,0.6,0.333333333,0.285714286,0,1,1,0.951219512
0,0.02739726,0.062124395,0.533333333,0,0,0.295918367,0.5,0.733333333,0.666666667,0.857142857,0.8,0.5,1,0.341463415
1,0.301369863,0.043880889,0.6,0,0,0.551020408,0.5,1,0.333333333,0.857142857,0,1,1,0.951219512
0,0.287671233,0.176576247,0.4,0,0,0.316326531,0,0.066666667,0.666666667,0,0.2,1,0,0.951219512
0,0.123287671,0.022875081,0.8,0,0,0.397959184,0.25,0.6,0.333333333,0.714285714,0,1,1,0.951219512
0,0.452054795,0.093953447,0.666666667,0,0,0.551020408,0.5,0.533333333,0.333333333,0.571428571,0,1,1,0.951219512
1,0.260273973,0.081586345,0.866666667,0,0.433195592,0.397959184,0.625,0.8,0.333333333,0.928571429,0,1,1,0.951219512
0,0,0.019042497,0.333333333,0,0,0.030612245,0.5,0,0.666666667,0.071428571,0.6,1,0,0.951219512
1,0.150684932,0.137790361,0.8,0.03103031,0,0.397959184,0.5,0.6,0.333333333,0.285714286,0,1,1,0.951219512
1,0.493150685,0.188350027,0.533333333,0,0,0.520408163,0.5,0.733333333,0.333333333,0.214285714,0,1,1,0.951219512
0,0.369863014,0.082245292,0.6,0,0,0.5,0.5,1,0,0.285714286,0.2,1,0,0.951219512
1,0.438356164,0.143498984,0.8,0,0,0.551020408,0.5,0.6,0.333333333,0.285714286,0,1,1,0.951219512
0,0.109589041,0.243853151,0.8,0,0,0.234693878,0.5,0.6,0.666666667,0.571428571,0.2,0.5,0,0.56097561
0,0.082191781,0.128004249,0.533333333,0,0,0.346938776,0.5,0.733333333,0.666666667,0.428571429,0.6,1,1,0.951219512
0,0.287671233,0.028866496,0.8,0,0,0.602040816,0.5,0.6,0.333333333,0.285714286,0,1,1,0.951219512
0,0.109589041,0.008863316,0.666666667,0,0,0.397959184,0.5,0.533333333,0.666666667,0.571428571,0.8,0,0,0.951219512
0,0.04109589,0.146378326,0.6,0,0,0.295918367,0,1,0.666666667,0,0.6,1,1,0.951219512
0,0.397260274,0.179901429,0.533333333,0,0,0.397959184,0.5,0.733333333,0.333333333,0.571428571,0,1,1,0.951219512
0,0.561643836,0.098823163,0.8,0,0,0.397959184,0.25,0.6,0,0.714285714,0.2,1,0,0.951219512
0,0.397260274,0.109144417,0.533333333,0,0,0.397959184,0.5,0.733333333,0,0.071428571,0.2,1,0,0.951219512
0,0.479452055,0.179611871,0.6,0,0,0.397959184,0.125,1,0,0.071428571,0.8,0.5,0,0.951219512
1,0.397260274,0.168304902,0.866666667,0,0.453856749,0.5,0.5,0.8,0.333333333,0.714285714,0,1,1,0.951219512
0,0.342465753,0.116012624,0.6,0,0,0.5,0.5,1,0.333333333,0.857142857,0,1,1,0.951219512
1,0.150684932,0.109368351,0.8,0.150241502,0,0.653061224,0.625,0.6,0.333333333,0.428571429,0,1,1,0.951219512
0,0.123287671,0.097802268,0.8,0,0,0.397959184,0.5,0.6,0.666666667,0.857142857,0.6,1,1,0.951219512
1,0.356164384,0.145196416,0.8,0,0,0.5,0.5,0.6,0.333333333,0.857142857,0,1,1,0.951219512
0,0.301369863,0.199050142,0.533333333,0,0,0.397959184,0.5,0.733333333,0.333333333,1,0,1,1,0.951219512
0,0.561643836,0.12417843,0.6,0,0,0.448979592,0.75,1,0,0.214285714,0.2,1,1,0.951219512
0,0.068493151,0.154026581,0.6,0,0,0.397959184,0.5,1,0.666666667,0.071428571,0.4,1,1,0.951219512
0,0.328767123,0.163955443,0.666666667,0,0,0.806122449,0,0.533333333,0,0,0.2,1,1,0.951219512
0,0.383561644,0.062401099,0.6,0,0,0.397959184,0.5,1,0.333333333,0.214285714,0,1,1,0.951219512
1,0.164383562,0.105440375,0.8,0,0,0.397959184,0.5,0.6,0.333333333,0.785714286,0,1,1,0.951219512
0,0.520547945,0.143676236,0.533333333,0,0,0.316326531,0.5,0.733333333,0.833333333,0.642857143,0.2,1,0,0.951219512
0,0.082191781,0.136834414,0.6,0,0,0.193877551,0.5,1,0.666666667,0.071428571,0.6,1,1,0.951219512
0,0.301369863,0.058041492,0.533333333,0,0,0.418367347,0.5,0.733333333,0.333333333,0.571428571,0,1,1,0.951219512
1,0.438356164,0.10550397,0.533333333,0,0,0.397959184,0.125,0.733333333,0.333333333,0.071428571,0,1,1,0.951219512
0,0.561643836,0.195913038,0.533333333,0,0,0.397959184,0.5,0.733333333,0.333333333,0.357142857,0,1,1,0.951219512
0,0.356164384,0.125235181,0.6,0,0,0.051020408,0.5,1,0.333333333,0.714285714,1,0.75,0,0.804878049
0,0.150684932,0.06263721,0.666666667,0,0,0.479591837,0.5,0.533333333,0.666666667,0.571428571,0.2,0.5,0,0.951219512
0,0.150684932,0.086111703,0.4,0,0,0.397959184,0.5,0.066666667,0.666666667,0.071428571,0.2,1,1,0.951219512
1,0.260273973,0.181233531,0.866666667,0,0,0.5,0.5,0.8,0.333333333,0.285714286,0,1,1,0.951219512
0,0.054794521,0.10363808,0.6,0,0,0.295918367,0.875,1,0.666666667,0.928571429,0.6,1,1,0.951219512
1,0.383561644,0.096882854,0.6,0,0,0.602040816,0.5,1,0.333333333,0.857142857,0,1,1,0.951219512
0,0.232876712,0.132454511,0.266666667,0,0,0.397959184,0.75,0.4,0.333333333,0.214285714,0,0.75,1,0.317073171
0,0.178082192,0.105047983,0.533333333,0,0,0.346938776,0.5,0.733333333,0.666666667,0.857142857,0.8,1,0,0.634146341
0,0.328767123,0.109771567,0.6,0,0,0.030612245,0.5,1,0.333333333,0.714285714,0,0.5,1,0.951219512
1,0.150684932,0.069468208,0.8,0,0,0.397959184,0.5,0.6,0.333333333,0.714285714,0,1,1,0.951219512
0,0.219178082,0.127162636,0.6,0,0,0.397959184,0.5,1,0.5,0.714285714,0.2,1,1,0.951219512
1,0.438356164,0.110503581,0.8,0,0,0.397959184,0.75,0.6,0.333333333,0.714285714,0,1,1,0.951219512
0,0.315068493,0.081419917,0.6,0,0.399678604,0.397959184,0.5,1,0,0.857142857,0.8,1,0,0.951219512
0,0.082191781,0.101688975,0.8,0,0,0.397959184,0.5,0.6,0.666666667,0.071428571,0.2,0.25,0,0.951219512
0,0.205479452,0.064372529,0.533333333,0,0,0.397959184,0.5,0.733333333,0,0.5,0.2,1,0,0.951219512
1,0.452054795,0.18336124,0.733333333,0,0.453856749,0.397959184,0.25,0.466666667,0.333333333,0.785714286,0,1,1,0.951219512
0,0.136986301,0.072733177,0.6,0,0,0.551020408,0.5,1,0.333333333,0.214285714,0,1,1,0
0,0.410958904,0.261219188,0.866666667,0,0,0.397959184,0.25,0.8,0.666666667,0.928571429,0.2,1,1,0.951219512
0,0.561643836,0.244786772,0.6,0,0,0.397959184,0.5,1,0,0.714285714,0.8,1,0,0.951219512
0,0.547945205,0.045499843,0.533333333,0,0,0.397959184,0.75,0.733333333,0.333333333,0.357142857,0,0.25,1,0.951219512
0,0.397260274,0.176234596,0.6,0,0,0.234693878,0.25,1,0.333333333,0.714285714,0,1,1,0.951219512
0,0.780821918,0.096110249,0.533333333,0,0,0.091836735,0.5,0.733333333,0.666666667,1,0.2,1,1,0.951219512
0,0.01369863,0.128262009,0.466666667,0,0,0.193877551,0.5,0.133333333,0.666666667,0.571428571,0.6,1,1,0.951219512
1,0.383561644,0.163412184,0.8,0.076880769,0,0.397959184,0.5,0.6,0.333333333,0.214285714,0,1,1,0.951219512
0,0.178082192,0.140417356,0.466666667,0,0,0.397959184,0.5,0.133333333,0,0.5,0.2,1,1,0.951219512
0,0.328767123,0.103078583,0.533333333,0,0,0.397959184,0.5,0.733333333,0,0.285714286,0.2,0.5,0,0.951219512
0,0.575342466,0.081476746,0.333333333,0,0,0.397959184,0.875,0,0.333333333,0.357142857,0,1,1,0.951219512
0,0.150684932,0.12529404,0.533333333,0,0,0.397959184,0.5,0.733333333,0.666666667,0.428571429,0.6,1,1,0.951219512
0,0.04109589,0.18203658,0.533333333,0,0,0.397959184,0.5,0.733333333,0.333333333,0.428571429,0,0.75,1,0.951219512
0,0.205479452,0.07964333,0.333333333,0,0,0.346938776,0.5,0,0,0.857142857,0.6,1,0,0.951219512
0,0.383561644,0.01007973,0.533333333,0,0,0.37755102,0,0.733333333,1,0,0.8,1,0,0.951219512
0,0.068493151,0.050916877,0.533333333,0,0,0.397959184,0.5,0.733333333,0.333333333,0.5,1,1,0,0.951219512
0,0.109589041,0.063656752,0.6,0,0,0.397959184,0.5,1,0.666666667,0.071428571,0.6,1,1,0.951219512
0,0.547945205,0.06164473,0.133333333,0,0,0.397959184,0.5,0.266666667,0.333333333,1,0,1,1,0.951219512
0,0.01369863,0.077871478,0.466666667,0,0,0.244897959,0.5,0.133333333,0.666666667,0.571428571,0.2,1,0,0.951219512
0,0.438356164,0.086933019,0.333333333,0,0,0.397959184,0.5,0,0,0.285714286,0.8,1,0,0.951219512
0,0.01369863,0.125372518,0.4,0,0,0.193877551,0.5,0.066666667,0.666666667,0.428571429,0.6,1,1,0.951219512
1,0.246575342,0.104330177,0.933333333,0,0.436639118,0.602040816,0.5,0.933333333,0.333333333,0.714285714,0,1,1,0.951219512
0,0.109589041,0.191340322,0.533333333,0,0,0.244897959,0.5,0.733333333,0.666666667,0.428571429,0.8,0.5,0,0.951219512
0,0.273972603,0.120148297,0.6,0,0,0.602040816,0.25,1,0.333333333,0.785714286,0,1,1,0.951219512
0,0.219178082,0.192134577,0.533333333,0,0,0.397959184,0.875,0.733333333,0.333333333,0.214285714,0,1,1,0.951219512
0,0.068493151,0.131014163,0.8,0.02202022,0,0.030612245,0.5,0.6,0.666666667,0.285714286,0.6,1,1,0.951219512
0,0.136986301,0.133626951,0.6,0,0,0.448979592,0.5,1,0.666666667,0.071428571,0.2,1,0,0
1,0.383561644,0.085908742,0.8,0,0,0.602040816,0.625,0.6,0.333333333,0.857142857,0,1,1,0.951219512
1,0.191780822,0.06654286,0.8,0,0.453856749,0.551020408,0.5,0.6,0.333333333,0.285714286,0,1,1,0.951219512
1,0.328767123,0.162843216,0.866666667,0,0,0.397959184,0.75,0.8,0.333333333,0.714285714,0,1,1,0.951219512
0,0.054794521,0.232323601,0.533333333,0,0,0.091836735,0,0.733333333,0.666666667,0,0.6,1,0,0.951219512
0,0.219178082,0.107693244,0.6,0,0,0.397959184,0.5,1,0.333333333,0.214285714,1,1,0,0.951219512
0,0.164383562,0.119149051,0.533333333,0,0,0.397959184,0.5,0.733333333,0,0.357142857,0.2,1,1,0.951219512
0,0.04109589,0.204889335,0.6,0,0,0.142857143,0.5,1,0.666666667,1,0.6,1,1,0.951219512
1,0.301369863,0.103476387,0.8,0,0,0.397959184,0.5,0.6,0.833333333,0.714285714,0.8,0.25,0,0.731707317
0,0.328767123,0.137899284,0.533333333,0,0,0.397959184,0.5,0.733333333,0.833333333,0.071428571,0.8,0.5,0,0
0,0.698630137,0.046804883,0.533333333,0,0,0.153061224,0,0.733333333,1,0,0.8,1,0,0.951219512
1,0.684931507,0.02249622,0.866666667,0,0,0.397959184,0,0.8,0.333333333,0,0,0.5,1,0.951219512
0,0.232876712,0.052857863,0.666666667,0,0,0.397959184,0.5,0.533333333,0.666666667,0.928571429,0.2,0.5,1,0.951219512
0,0.561643836,0.085138842,0.533333333,0,0,0.397959184,0.875,0.733333333,0.666666667,0.928571429,0.6,0.5,0,0.951219512
0,0.178082192,0.048012502,0.533333333,0,0,0.551020408,0.5,0.733333333,0.333333333,0.714285714,0,1,1,0.951219512
0,0.356164384,0.039904879,0.6,0,0,0.448979592,0.5,1,0.333333333,0.857142857,0,1,1,0.951219512
1,0.534246575,0.188918995,0.866666667,0,0,0.5,0.25,0.8,0.333333333,0.714285714,0,1,1,0.951219512
0,0.383561644,0.203227083,0.866666667,0,0,0.37755102,0.875,0.8,0.666666667,0.071428571,0.2,0.5,1,0.951219512
0,0.493150685,0.117729676,0.533333333,0,0,0.397959184,0.5,0.733333333,0.666666667,0.857142857,0.2,1,1,0.951219512
0,0.301369863,0.144318947,0.533333333,0,0,0.234693878,0.5,0.733333333,0.333333333,0.357142857,0,1,1,0.951219512
1,0.328767123,0.113558823,0.8,0,0,0.5,0.5,0.6,0.333333333,0.285714286,0,1,1,0.487804878
1,0.493150685,0.071559385,0.533333333,0,0,0.397959184,0,0.733333333,0.333333333,0,0,1,1,0.951219512
0,0.397260274,0.207051549,0.533333333,0,0,0.397959184,0.5,0.733333333,0.333333333,0.5,0,1,1,0.951219512
0,0.02739726,0.015952751,0.6,0,0,0.295918367,0.5,1,0.666666667,0.571428571,0.2,1,0,0.951219512
0,0.150684932,0.086477033,0.866666667,0,0,0.5,0.5,0.8,0,0.714285714,0.2,1,0,0.951219512
0,0.191780822,0.141967979,0.6,0,0,0.428571429,0.5,1,0.666666667,0.071428571,0.2,1,0,0.951219512
0,0.506849315,0.057172142,0.533333333,0,0,0.316326531,0.5,0.733333333,1,0.571428571,0.8,1,0,0.951219512
0,0.465753425,0.075630787,0.8,0,0,0.397959184,0.125,0.6,1,0.071428571,0.2,1,0,0.951219512
0,0.095890411,0.118835138,0.8,0,0,0.397959184,0.5,0.6,0.666666667,0.714285714,0.8,1,0,0.951219512
0,0.260273973,0.042478427,0.6,0,0,0.551020408,0.5,1,0.666666667,0.214285714,0.2,0.5,1,0.951219512
0,0.109589041,0.105235384,0.8,0.033250333,0,0.397959184,0.5,0.6,0.666666667,0.285714286,0.2,1,0,0.951219512
0,0.534246575,0.067044851,0.8,0,0,0.448979592,0.75,0.6,0.333333333,0.714285714,0,1,1,0.951219512
0,0.178082192,0.113656921,0.533333333,0,0,0.397959184,0.875,0.733333333,0.666666667,0.571428571,0.2,0.5,0,0.951219512
0,0.164383562,0.081889434,0.6,0,0,0.397959184,0.25,1,0.666666667,0.357142857,0.2,1,1,0.951219512
0,0.068493151,0.102315449,0.8,0,0,0.397959184,0.5,0.6,0.666666667,0.857142857,0.6,1,0,0.951219512
0,0.150684932,0.129506162,0.8,0,0,0.397959184,0.5,0.6,0.666666667,0.5,0.2,1,1,0.951219512
1,0.150684932,0.247731063,0.8,0.105201052,0,0.602040816,0.5,0.6,0.666666667,0.071428571,0.2,1,1,0.951219512
1,0.178082192,0.071495114,0.8,0,0,0.397959184,0.5,0.6,0.333333333,0.071428571,0,1,1,0.951219512
0,0.02739726,0.266042223,0.533333333,0,0,0.397959184,0.5,0.733333333,0.666666667,0.428571429,0.6,1,1,0.951219512
0,0.095890411,0.015033336,0.533333333,0,0,0.397959184,0.5,0.733333333,0.666666667,0.5,0.8,1,0,0.951219512
0,0.232876712,0.112528457,0.533333333,0,0,0.397959184,0.5,0.733333333,0.666666667,0.428571429,0.2,1,1,0.951219512
1,0.205479452,0.14201872,0.6,0,0,0.397959184,0.5,1,0.333333333,0.714285714,1,1,0,0.951219512
1,0.287671233,0.043699577,0.4,0.051780518,0,0.397959184,0.5,0.066666667,0.333333333,0.214285714,0,1,1,0.951219512
0,0.01369863,0.018948458,0.533333333,0,0,0.397959184,0.75,0.733333333,0.666666667,0.357142857,0.4,1,1,0.951219512
1,0.178082192,0.21590607,0.733333333,0.047870479,0,0.5,0.5,0.466666667,0.666666667,0.214285714,0.2,1,1,0.951219512
0,0.219178082,0.197316853,0.266666667,0,0,0.397959184,0.5,0.4,0.333333333,0.5,0,1,1,0.951219512
1,0.328767123,0.092882489,0.6,0,0,0.397959184,0.5,1,0.333333333,0.214285714,0,1,1,0.951219512
0,0.205479452,0.121167839,0.733333333,0.021740217,0,0.397959184,0.125,0.466666667,0,0.785714286,0.2,1,1,0.951219512
0,0.479452055,0.105370692,0.6,0,0,0.448979592,0.875,1,0.333333333,0.928571429,0,1,1,0.951219512
0,0.136986301,0.124072214,0.8,0,0,0.397959184,0.5,0.6,0.333333333,0.714285714,0,1,1,0.951219512
1,0.260273973,0.11610531,0.8,0,0,0.030612245,0.5,0.6,0.333333333,0.714285714,1,1,0,0.951219512
0,0.150684932,0.096261793,0.6,0,0,0.397959184,0.5,1,0.333333333,0.285714286,0,0.25,1,0.731707317
1,0.328767123,0.207751765,0.6,0,0,0.397959184,0.5,1,0.333333333,0.928571429,0,1,1,0.341463415
0,0.02739726,0.125221651,0.6,0,0,0.193877551,0.5,1,0.666666667,0.071428571,0.6,0.5,1,0.951219512
0,0.232876712,0.212099194,0.6,0,0,0.397959184,0.25,1,0.333333333,0.214285714,0,1,1,0.951219512
1,0.246575342,0.027919343,0.6,0.07298073,0,0.479591837,0.5,1,0.333333333,0.857142857,0,1,1,0.951219512
0,0.164383562,0.114085169,0.6,0,0,0.37755102,0.25,1,0.833333333,0.071428571,0.8,1,0,0.951219512
0,0.246575342,0.088536413,0.6,0.039080391,0,0.265306122,0.5,1,0.333333333,0.071428571,1,1,0,0.951219512
0,0.109589041,0.141715631,0.533333333,0.033250333,0,0.448979592,0.5,0.733333333,0,0.214285714,0.2,1,1,0.951219512
1,0.342465753,0.073060621,0.866666667,0,0,0.397959184,0.625,0.8,0.333333333,0.285714286,0,1,1,0.951219512
1,0.287671233,0.286903252,0.866666667,0,0.453856749,0.193877551,0.5,0.8,0.333333333,0.714285714,1,1,0,0.951219512
0,0.095890411,0.172894531,0.8,0,0,0.346938776,0.5,0.6,0.666666667,0.714285714,0.6,0.5,0,0.951219512
0,0.150684932,0.160532841,0.533333333,0,0,0.397959184,0.5,0.733333333,0.333333333,0.857142857,0,1,1,0.951219512
0,0.082191781,0.363343853,0.6,0,0,0.397959184,0.5,1,0.666666667,0.928571429,0.6,1,1,0.951219512
0,0.136986301,0.181632011,0.4,0,0,0.602040816,0.5,0.066666667,0.666666667,0.214285714,0.4,1,1,0.951219512
0,0.082191781,0.101478572,0.6,0,0,0.244897959,0.5,1,0.666666667,0.428571429,0.2,1,1,0.951219512
0,0.671232877,0.056395477,0.8,0,0,0.397959184,0.5,0.6,0,0.285714286,0.2,1,0,0.951219512
1,0.328767123,0.072684466,0.6,0,0,0.397959184,0.875,1,0.333333333,0.714285714,0,1,1,0.951219512
0,0.260273973,0.110954831,1,0,0,0.397959184,0.625,0.666666667,0.666666667,0.714285714,0.2,1,0,0.951219512
1,0.232876712,0.118346678,0.8,0.150241502,0,0.357142857,0.5,0.6,0.333333333,0.714285714,1,1,0,0.951219512
1,0.465753425,0.100424527,0.8,0,0.554407713,0.397959184,0.75,0.6,0.333333333,0.857142857,0,0.25,1,0.073170732
0,0.191780822,0.148527686,0.533333333,0,0,0.520408163,0.5,0.733333333,0.333333333,0.571428571,0,1,1,0.634146341
1,0.287671233,0.129694239,1,1,0,0.551020408,0.75,0.666666667,0.333333333,0.714285714,0,1,1,0.951219512
0,0.232876712,0.196766828,0.533333333,0,0,0.397959184,0.25,0.733333333,0,1,0.2,0,1,0.951219512
0,0.342465753,0.021394817,0.866666667,0,0,0.316326531,0.75,0.8,0,0.714285714,0.2,1,0,0.951219512
0,0.01369863,0.06868816,0.533333333,0,0,0.397959184,0.5,0.733333333,0.666666667,0.357142857,0.6,1,1,0.951219512
0,0.589041096,0.133656042,0.6,0,0,0.397959184,0.5,1,0,0.071428571,0.4,1,0,0.951219512
0,0.164383562,0.178646452,0.533333333,0,0,0.5,0.5,0.733333333,0.666666667,0.714285714,0.2,1,0,0.951219512
0,0.739726027,0.153028689,0.333333333,0,0,0.071428571,0.75,0,0.333333333,0.214285714,0,1,1,0.951219512
0,0.273972603,0.206941273,0.533333333,0.010550106,0,0.193877551,0.5,0.733333333,0.666666667,0.5,0.2,0.5,1,0.951219512
0,0.136986301,0.0623578,0.8,0,0,0.397959184,0.5,0.6,0.666666667,0.5,0.2,0.25,1,0
0,0.136986301,0.08124334,0.533333333,0,0,0.397959184,0,0.733333333,0.666666667,0,0.8,1,0,0
1,0.356164384,0.185860369,0.866666667,0,0,0.346938776,0.125,0.8,0.333333333,0.785714286,0,1,1,0.951219512
0,0.109589041,0.11497211,0.6,0,0,0.295918367,0.5,1,0.666666667,0.071428571,0.2,1,1,0.951219512
1,0.342465753,0.147588652,0.6,0,0.433195592,0.397959184,0.125,1,0.333333333,0.071428571,0,1,1,0.951219512
0,0.287671233,0.192619654,0.8,0,0,0.704081633,0.5,0.6,0.666666667,0.285714286,0.2,1,0,0.951219512
0,0.438356164,0.155199697,0.533333333,0,0,0.602040816,0.75,0.733333333,0.333333333,0.714285714,0,1,1,0.12195122
0,0.369863014,0.116055923,0.8,0,0,0.37755102,0.875,0.6,0.666666667,0.071428571,0.2,1,0,0.951219512
0,0.068493151,0.137314079,0.533333333,0,0,0.397959184,0.5,0.733333333,0.666666667,0.571428571,0.6,1,0,0.268292683
0,0.082191781,0.174142066,0.666666667,0,0,0.397959184,0.5,0.533333333,0.666666667,0.928571429,0.2,1,1,0.951219512
1,0.493150685,0.149818519,0.866666667,0,0,0.397959184,0.25,0.8,0,0.714285714,0.2,0.5,0,0.951219512
0,0,0.092336523,0.533333333,0,0,0.397959184,0,0.733333333,0.666666667,0,0.6,0.5,1,0.951219512
1,0.301369863,0.22406308,0.8,0.150241502,0,0.5,0.75,0.6,0.333333333,0.714285714,0,1,1,0.585365854
1,0.520547945,0.116093132,0.533333333,0,0,0.5,0.625,0.733333333,0.333333333,0.285714286,0,1,1,0.951219512
0,0.630136986,0.131090612,0.533333333,0,0,0.397959184,0.5,0.733333333,0.333333333,0.214285714,0,1,1,0.951219512
0,0.315068493,0.110288442,0.6,0,0,0.397959184,0.875,1,0,0.857142857,0.2,1,0,0.951219512
1,0.205479452,0.066331781,0.533333333,0,0,0.653061224,0.625,0.733333333,0.333333333,0.857142857,0,1,1,0.951219512
1,0.232876712,0.056963092,0.733333333,0.086140861,0,0.602040816,0.5,0.466666667,0.666666667,0.071428571,0.2,0.25,0,0.951219512
0,0.315068493,0.153860153,0.533333333,0,0,0.5,0.5,0.733333333,0,0.214285714,0.2,1,1,0.951219512
0,0.219178082,0.104992507,0.4,0,0,0.06122449,0.75,0.066666667,0,0.428571429,0.2,1,1,0.951219512
0,0.410958904,0.060221295,0.533333333,0,0,0.397959184,0.5,0.733333333,0.333333333,0.214285714,0,1,1,0.951219512
0,0.219178082,0.124134455,0.533333333,0,0,0.397959184,0.5,0.733333333,0.333333333,0.5,0,1,1,0.951219512
0,0.452054795,0.064471303,0.533333333,0,0,0.5,0.75,0.733333333,0.333333333,0.857142857,0,1,1,0.951219512
1,0.479452055,0.021948901,0.6,0,0,0.551020408,0.75,1,0.333333333,0.857142857,0,1,1,0.951219512
0,0.082191781,0.050506219,0.533333333,0,0,0.397959184,0.5,0.733333333,0.5,0.5,0.2,1,1,0.951219512
0,0.136986301,0.068173992,0.8,0,0,0.316326531,0.25,0.6,0.666666667,0.785714286,0.2,1,0,0.951219512
0,0.136986301,0.072958464,0.266666667,0,0,0.397959184,0.625,0.4,0.666666667,0.214285714,0.6,1,1,0.951219512
0,0.452054795,0.256225666,0.8,0,0,0.295918367,0.75,0.6,0,0.285714286,0.2,1,1,0.951219512
1,0.616438356,0.127615916,0.8,0,0,0.397959184,0.875,0.6,0.333333333,0.285714286,0,1,1,0.951219512
0,0.328767123,0.177166865,0.6,0,0,0.295918367,0.75,1,0.333333333,0.5,0,1,1,0.951219512
1,0.397260274,0.128728144,0.533333333,0,0,0.397959184,0,0.733333333,0.333333333,0,1,1,0,0.951219512
1,0.616438356,0.072863749,0.8,0,0,0.602040816,0,0.6,0.333333333,0,0,1,1,0.951219512
1,0.356164384,0.122594656,0.933333333,0,0,0.602040816,0.75,0.933333333,0.333333333,0.714285714,0,1,1,0.951219512
0,0.410958904,0.130170521,0.533333333,0,0,0.397959184,0.5,0.733333333,0.333333333,0.214285714,0,1,1,0.951219512
0,0.246575342,0.101694388,0.533333333,0,0,0.397959184,0.5,0.733333333,0,0.071428571,0.8,1,0,0.951219512
0,0.273972603,0.138445926,0.533333333,0,0,0.602040816,0.5,0.733333333,0,0.357142857,0.6,1,1,0.951219512
0,0.123287671,0.062222493,0.533333333,0,0,0.5,0.5,0.733333333,0.666666667,0.571428571,0.2,1,0,0.951219512
0,0.397260274,0.151911049,0.266666667,0,0,0.397959184,0.25,0.4,0.833333333,0.571428571,0.8,0.5,0,0.951219512
1,0.109589041,0.105235384,0.8,0,0,0.37755102,0.25,0.6,0.333333333,0.714285714,1,1,0,0.951219512
0,0,0.222088268,0.4,0,0,0.244897959,0.5,0.066666667,0.666666667,0.571428571,0.6,1,1,0.951219512
1,0.287671233,0.183231345,0.533333333,0,0,0.397959184,0.5,0.733333333,0.333333333,0.5,0,1,1,0.951219512
0,0.136986301,0.118864906,0.533333333,0,0,0.397959184,0.5,0.733333333,0.666666667,0.428571429,0.6,1,1,0.951219512
1,0.219178082,0.086543334,0.933333333,0,0,0.397959184,0.5,0.933333333,0.333333333,0.714285714,0,1,1,0.951219512
0,0.315068493,0.052179972,0.533333333,0,0.383838384,0.397959184,0.75,0.733333333,0.333333333,0.214285714,0,1,1,0.951219512
0,0.246575342,0.030684351,0.533333333,0,0,0.346938776,0.5,0.733333333,0.333333333,0.214285714,0,1,1,0.951219512
0,0.232876712,0.127267499,0.533333333,0,0,0.244897959,0.5,0.733333333,0.833333333,1,0.6,1,1,0.097560976
0,0.410958904,0.127492786,0.533333333,0,0,0.5,0.5,0.733333333,0.833333333,0.642857143,0.2,0.5,0,0.658536585
1,0.561643836,0.1988668,0.8,0.150241502,0,0.397959184,0.5,0.6,0.333333333,0.857142857,0,1,1,0.951219512
0,0.246575342,0.067797161,0.533333333,0,0,0.346938776,0.75,0.733333333,0.333333333,0.214285714,0.4,1,1,0.512195122
0,0.205479452,0.155228788,0.6,0,0,0.397959184,0.5,1,0.666666667,0.571428571,0.2,0.5,1,0.951219512
1,0.315068493,0.142173647,0.8,0,0,0.448979592,0.5,0.6,0.333333333,0.5,0,1,1,0.048780488
1,0.205479452,0.06844393,0.8,0,0,0.234693878,0.5,0.6,0.333333333,0.071428571,1,1,0,0.951219512
0,0.589041096,0.326822338,0.533333333,0,0,0.37755102,0.5,0.733333333,0,0.071428571,0.2,1,0,0.951219512
0,0.054794521,0.149030353,0.533333333,0,0,0.397959184,0.5,0.733333333,0.666666667,0.428571429,0.2,1,1,0.951219512
0,0,0.116188524,0.4,0,0,0.153061224,0.5,0.066666667,0.666666667,0.428571429,0.6,1,1,0.951219512
1,0.369863014,0.017138721,0.533333333,0,0,0.397959184,0.75,0.733333333,0.333333333,0.357142857,0,1,1,0.951219512
0,0.219178082,0.142587688,0.533333333,0,0,0.397959184,0.75,0.733333333,0.666666667,0.214285714,0.2,1,1,0.951219512
0,0.301369863,0.159453087,0.6,0,0,0.295918367,0.75,1,0.666666667,0.214285714,0.2,0.25,1,0.951219512
0,0.465753425,0.153573301,0.533333333,0,0,0.397959184,0.5,0.733333333,1,0.857142857,0.2,1,0,0.951219512
0,0.424657534,0.126816926,0.8,0,0,0.43877551,0.5,0.6,0,0.642857143,0.2,1,0,0.268292683
1,0.739726027,0.352729659,0.2,0,0,0.397959184,0.5,0.333333333,0.333333333,0.214285714,0,1,1,0.951219512
0,0.287671233,0.011131069,0.6,0,0,0.397959184,0.5,1,0.666666667,0.071428571,0.2,1,0,0.951219512
0,0.04109589,0.081709475,0.533333333,0,0,0.397959184,0.5,0.733333333,0.666666667,0.428571429,0.6,1,1,0.951219512
0,0.164383562,0.258871603,0.6,0,0,0.448979592,0.75,1,0.666666667,0.214285714,0.2,1,1,0.951219512
0,0.356164384,0.264520014,0.533333333,0,0,0.397959184,0.5,0.733333333,0.333333333,0.214285714,0,1,1,0.951219512
0,0.054794521,0.015107755,0.6,0,0,0.244897959,0.5,1,0.666666667,0.571428571,0.6,1,0,0.951219512
1,0.465753425,0.107653329,0.6,0,0,0.397959184,0.5,1,0.333333333,1,0,1,1,0.951219512
0,0.315068493,0.067441302,0.533333333,0,0,0.295918367,0.75,0.733333333,0.333333333,0.214285714,0,1,1,0.951219512
0,0.01369863,0.090718922,0.6,0,0,0.397959184,0.5,1,0.666666667,0.571428571,0.6,1,0,0
1,0.575342466,0.175416662,0.6,0.150241502,0,0.5,0.5,1,0.333333333,0.214285714,0,1,1,0.951219512
0,0.589041096,0.119037423,0.333333333,0,0,0.397959184,0.5,0,1,0.928571429,0.8,1,0,0.951219512
0,0.164383562,0.011552552,0.533333333,0,0,0.37755102,0.5,0.733333333,0.666666667,0.571428571,0.2,1,0,0.951219512
0,0.02739726,0.06764291,0.6,0,0,0.397959184,0.5,1,0.666666667,0.571428571,0.4,1,0,0.951219512
0,0.04109589,0.185674998,0.6,0,0,0.346938776,0.5,1,0.666666667,0.071428571,0.2,0.75,0,0.951219512
0,0.219178082,0.060783498,0.666666667,0,0,0.5,0.5,0.533333333,0,0.857142857,0.2,1,1,0.951219512
1,0.493150685,0.095070411,0.866666667,0,0.453856749,0.551020408,0.5,0.8,0.333333333,0.285714286,0,1,1,0.951219512
0,0.095890411,0.171963616,0.666666667,0,0,0.397959184,0.5,0.533333333,0.666666667,0.5,0.6,1,1,0.951219512
0,0.589041096,0.159120231,0.6,0,0,0.397959184,0.5,1,0,0.285714286,0.2,1,1,0.951219512
0,0.04109589,0.150974045,0.6,0,0,0.346938776,0.5,1,0.666666667,0.571428571,0.2,1,1,0.951219512
0,0.082191781,0.018481647,0.6,0,0,0.397959184,0.125,1,0.666666667,0.214285714,0.8,0,1,0.951219512
0,0.780821918,0.176158147,0.733333333,0,0,0.193877551,0,0.466666667,1,0,0.2,1,0,0.951219512
0,0.315068493,0.100804065,0.6,0,0,0.244897959,0,1,0.333333333,0,1,1,0,0.951219512
0,0.068493151,0.164376249,0.533333333,0,0,0.397959184,0.5,0.733333333,0.666666667,0.214285714,0.6,1,1,0.951219512
0,0.178082192,0.131089935,0.533333333,0,0,0.397959184,0.5,0.733333333,0.333333333,1,0,1,1,0.951219512
0,0.136986301,0.121332237,0.533333333,0.021740217,0,0.397959184,0.5,0.733333333,0.666666667,1,0.2,0.5,1,0.951219512
1,0.342465753,0.106855691,0.8,0,0,0.551020408,0.5,0.6,0,0.285714286,0.2,1,0,0.951219512
0,0.01369863,0.138701657,0.533333333,0,0,0.295918367,0.5,0.733333333,0.666666667,0.571428571,0.2,1,1,0.951219512
0,0.410958904,0.120014343,0.8,0,0,0.397959184,0.5,0.6,0.666666667,0.857142857,0.6,1,1,0.951219512
1,0.630136986,0.093222787,0.533333333,0,0,0.346938776,0.25,0.733333333,0.333333333,0.071428571,1,1,0,0.951219512
0,0.04109589,0.172801846,0.533333333,0,0,0.37755102,0.5,0.733333333,0.666666667,0.857142857,0.8,1,0,0.951219512
0,0,0.121523021,0.333333333,0,0,0.244897959,0.5,0,0.666666667,0.571428571,0.6,1,1,0.951219512
0,0.054794521,0.191124507,0.6,0,0,0.244897959,0.5,1,0.666666667,0.571428571,0.2,1,0,0.951219512
0,0.424657534,0.047170213,0.533333333,0,0,0.5,0.5,0.733333333,0.333333333,1,0,1,1,0.951219512
0,0.643835616,0.203105306,0.8,0,0,0.397959184,0.5,0.6,0.333333333,0.857142857,0,1,1,0.951219512
1,0.630136986,0.193769768,0.733333333,0,0,0.397959184,0.5,0.466666667,0.333333333,0.285714286,0,1,1,0.951219512
0,0.095890411,0.103453385,0.6,0,0,0.448979592,0.875,1,0.333333333,0.071428571,1,1,0,0.951219512
0,0.164383562,0.132079033,0.6,0,0,0.56122449,0.5,1,0.333333333,0.214285714,0,1,1,0.951219512
0,0.232876712,0.173841683,0.6,0,0,0.397959184,0.5,1,0.666666667,0.071428571,0.6,1,0,0.951219512
0,0.273972603,0.117653904,0.533333333,0,0,0.448979592,0.5,0.733333333,0.333333333,0.571428571,0,1,1,0
0,0.301369863,0.119787026,0.533333333,0,0,0.397959184,0.5,0.733333333,0.333333333,0.5,0,1,1,0.634146341
0,0.232876712,0.006406809,0.533333333,0,0,0.632653061,0.5,0.733333333,0.333333333,0.357142857,0,0,1,0.951219512
1,0.301369863,0.093865498,0.533333333,0,0,0.397959184,0.625,0.733333333,0.333333333,0.285714286,0,1,1,0.951219512
0,0.136986301,0.044305754,0.533333333,0,0,0.336734694,0.5,0.733333333,0.666666667,0.5,0.6,1,0,0.951219512
0,0.328767123,0.134161415,0.533333333,0,0,0.397959184,0.5,0.733333333,0.333333333,0.5,0,1,1,0.951219512
1,0.493150685,0.202328642,0.8,0,0,0.5,0.5,0.6,0.333333333,0.285714286,0,1,1,0.951219512
0,0.424657534,0.211329971,0.8,0,0,0.397959184,0.5,0.6,0.666666667,0.714285714,0.2,1,1,0.951219512
1,0.726027397,0.098877286,0.933333333,0,0,0.346938776,0.625,0.933333333,0.333333333,0.714285714,0,1,1,0.951219512
0,0.150684932,0.245716335,0.8,0,0,0.397959184,0.5,0.6,0.666666667,0.857142857,0.2,1,1,0.951219512
0,0.342465753,0.010012753,0.6,0,0,0.397959184,0.25,1,0.333333333,0.071428571,0,1,1,0.951219512
1,0.616438356,0.029789292,1,0,0,0.5,0.75,0.666666667,0.333333333,0.714285714,0,1,1,0
0,0.04109589,0.262603383,0.533333333,0,0,0.193877551,0.5,0.733333333,0.666666667,0.857142857,0.6,1,0,0.951219512
0,0.328767123,0.213405588,0.533333333,0,0,0.397959184,0.5,0.733333333,0,0.285714286,0.2,1,1,0.951219512
0,0.698630137,0.090218285,0.6,0,0,0.397959184,0.5,1,0,0.857142857,0.2,1,0,0.951219512
1,0.287671233,0.078259134,0.6,0,0,0.448979592,0.75,1,0.333333333,0.5,0,1,1,0.951219512
0,0.383561644,0.105538473,0.533333333,0,0,0.397959184,0.5,0.733333333,0.333333333,0.571428571,0,1,1,0.951219512
0,0.082191781,0.139702932,0.333333333,0,0,0.397959184,0.5,0,0.666666667,0.428571429,0.4,0.75,1,0.951219512
0,0.205479452,0.134141795,0.666666667,0,0,0.459183673,0.5,0.533333333,0,0.214285714,0.6,1,1,0.951219512
0,0.150684932,0.180264053,0.6,0,0,0.397959184,0.5,1,0.333333333,0.5,0,1,1,0.634146341
0,0.136986301,0.083221536,0.866666667,0,0,0.397959184,0.5,0.8,0.666666667,0.285714286,0.2,1,0,0.951219512
1,0.424657534,0.224698349,0.8,0,0,0.367346939,0.5,0.6,0.5,0.714285714,0.2,1,1,0.951219512
0,0.397260274,0.165497272,0.533333333,0.033250333,0,0.448979592,0.625,0.733333333,0.5,0.357142857,0.2,1,1,0.951219512
0,0.054794521,0.011856317,0.6,0,0,0.397959184,0.5,1,0.666666667,0.071428571,0.2,1,0,0.951219512
1,0.260273973,0.113916711,0.533333333,0,0.433195592,0.602040816,0.5,0.733333333,0.333333333,0.214285714,0,1,1,0.951219512
1,0.219178082,0.216555545,0.533333333,0,0,0.397959184,0.875,0.733333333,0.333333333,0.214285714,0,1,1,0.951219512
0,0.150684932,0.122342984,0.533333333,0,0,0.5,0.5,0.733333333,0,0.857142857,0.4,1,1,0.951219512
0,0.219178082,0.09678408,0.6,0,0,0.724489796,0.75,1,0.666666667,0.357142857,0.2,1,1,0.951219512
0,0.123287671,0.081920554,0.6,0,0,0.418367347,0.5,1,0.666666667,0.857142857,0.6,1,1,0.951219512
1,0.260273973,0.120246395,0.533333333,0,0,0.602040816,0.5,0.733333333,0.333333333,1,0,1,1,0.951219512
0,0.506849315,0.105767143,0.533333333,0,0,0.397959184,0.5,0.733333333,0.333333333,0.214285714,0,1,1,0.951219512
0,0.356164384,0.134742561,0.533333333,0,0,0.397959184,0.125,0.733333333,0.666666667,0.071428571,0.6,1,1,0.951219512
1,0.342465753,0.142283246,0.533333333,0,0,0.397959184,0.25,0.733333333,0.333333333,0.214285714,0,1,1,0.951219512
0,0.178082192,0.124020797,0.466666667,0,0,0.43877551,0.5,0.133333333,0.333333333,0.357142857,0,1,1,0.951219512
0,0.02739726,0.086042696,0.6,0,0,0.244897959,0.5,1,0.666666667,0.857142857,0.6,1,0,0.951219512
0,0.383561644,0.119935864,0.866666667,0,0,0,0,0.8,0.333333333,0,1,1,0,0.951219512
0,0.191780822,0.181816029,0.533333333,0,0,0.448979592,0.75,0.733333333,0.333333333,0.214285714,0,1,1,0.951219512
0,0.342465753,0.196942051,0.6,0,0,0.653061224,0.5,1,0.333333333,0.285714286,0,1,1,0.951219512
0,0.397260274,0.067789042,0.533333333,0,0,0.397959184,0.75,0.733333333,0,0.571428571,0.8,1,0,0.951219512
0,0.342465753,0.192846971,0.733333333,0,0,0.306122449,0.5,0.466666667,0.5,0.285714286,0.8,0.25,0,0.609756098
0,0.534246575,0.118441393,0.6,0,0,0.397959184,0.5,1,0,0.857142857,0.8,1,0,0.951219512
0,0.452054795,0.0084601,0.533333333,0,0,0.397959184,0.5,0.733333333,0.333333333,0.214285714,0,1,1,0.951219512
0,0.02739726,0.17412177,0.6,0,0,0.346938776,0.5,1,0.666666667,0.857142857,0.2,1,0,0.951219512
1,0.232876712,0.23313274,0.6,0,0,0.448979592,0.5,1,0.333333333,0.857142857,0,1,1,0.951219512
0,0.095890411,0.047690471,0.533333333,0,0,0.397959184,0.5,0.733333333,0.833333333,0.5,0.2,1,1,0.951219512
0,0.205479452,0.133299506,0.533333333,0,0,0.397959184,0.5,0.733333333,0.833333333,0.285714286,0.2,1,1,0
0,0.369863014,0.113877472,0.6,0,0,0.418367347,0.5,1,0,0.214285714,0.2,1,1,0.951219512
0,0.054794521,0.148356522,0.6,0,0,0.397959184,0.5,1,0.666666667,0.571428571,0.2,1,0,0.951219512
1,0.780821918,0.189856676,0.8,0,0.418962351,0.112244898,0.75,0.6,0.333333333,0.285714286,0,1,1,0.951219512
0,0.109589041,0.111270774,0.8,0,0,0.397959184,0.5,0.6,0.666666667,0.214285714,0.6,1,1,0.951219512
0,0.01369863,0.297789414,0.333333333,0,0,0.193877551,0.5,0,0.666666667,0.642857143,0.6,0.5,0,0.951219512
1,0.287671233,0.200526346,0.8,0,0,0.704081633,0.625,0.6,0.333333333,0.714285714,0,1,1,0.951219512
0,0.136986301,0.121044032,0.533333333,0,0,0.448979592,0.25,0.733333333,0.666666667,0.571428571,0.6,1,1,0.951219512
0,0.493150685,0.110799227,0.866666667,0,0,0.5,0.25,0.8,0,0.714285714,0.8,1,0,0.951219512
0,0.082191781,0.188728888,0.533333333,0,0,0.397959184,0.5,0.733333333,0.666666667,0.5,0.4,0.5,1,0.951219512
0,0.506849315,0.14189356,0.333333333,0,0,0.704081633,0.5,0,0,0.571428571,0.2,1,1,0.951219512
0,0.164383562,0.127312827,0.333333333,0,0,0.397959184,0.5,0,0.666666667,0.714285714,0.2,1,1,0.951219512
0,0.602739726,0.058226187,0,0,0,0.397959184,0.5,0.866666667,0.5,0.571428571,0.2,0.25,1,0.073170732
0,0.219178082,0.133604625,1,0,0,0.397959184,0.875,0.666666667,0.666666667,0.714285714,0.2,1,1,0.951219512
0,0.520547945,0.163878318,0.266666667,0,0,0.367346939,0.5,0.4,0.666666667,0.428571429,0.4,0.5,1,0.951219512
0,0.123287671,0.110029328,0.8,0,0,0.397959184,0.5,0.6,0.666666667,0.857142857,0.2,1,0,0.951219512
0,0.452054795,0.093023209,0.6,0,0,0.397959184,0.5,1,0.333333333,0.214285714,0,1,1,0.951219512
0,0.123287671,0.114592572,0.733333333,0,0,0.397959184,0.5,0.466666667,0.333333333,0.071428571,0.6,1,0,0
0,0.260273973,0.07046813,0.533333333,0,0,0.397959184,0.5,0.733333333,0,0.5,0.6,1,1,0.951219512
0,0.191780822,0.11973358,0.533333333,0,0,0.397959184,0.25,0.733333333,0.666666667,0.071428571,0.2,1,0,0.951219512
0,0.219178082,0.067029967,0.8,0,0,0.448979592,0.5,0.6,0.333333333,0.214285714,0,1,1,0.951219512
0,0.068493151,0.166579732,0.533333333,0,0,0.234693878,0.5,0.733333333,0.666666667,1,0.6,0.5,1,0.951219512
0,0.150684932,0.13371693,0.6,0,0,0.397959184,0.5,1,0.666666667,0.5,0.6,1,1,0.634146341
0,0.342465753,0.204560538,0.533333333,0,0,0.397959184,0.5,0.733333333,0.5,0.428571429,0.4,0.25,1,0
1,0.452054795,0.066329075,0.533333333,0,0,0.5,0.5,0.733333333,0.333333333,0.857142857,0,1,1,0.951219512
1,0.150684932,0.105169084,0.866666667,0.051780518,0,0.397959184,0.625,0.8,0.333333333,0.857142857,0,1,1,0.951219512
0,0.068493151,0.192877415,0.533333333,0,0,0.397959184,0.5,0.733333333,0.666666667,0.857142857,0.6,0.5,0,0.951219512
0,0.04109589,0.035184678,0.6,0,0,0.5,0.5,1,0.666666667,0.857142857,0.2,1,0,0.951219512
0,0.315068493,0.018466763,0.933333333,0,0,0.397959184,0.25,0.933333333,0.833333333,0.714285714,0.6,0.5,0,0.951219512
0,0.808219178,0.144561824,0.6,0,0,0.071428571,0.75,1,1,0.857142857,0.2,1,1,0.951219512
0,0.191780822,0.165994527,0.4,0,0,0.397959184,0.5,0.066666667,0.666666667,1,0.8,1,1,0.951219512
0,0.01369863,0.015411521,0.533333333,0,0,0.346938776,0.5,0.733333333,0.666666667,1,0.2,0.5,1,0.951219512
1,0.424657534,0.092489421,0.866666667,0,0,0.397959184,0.5,0.8,0.333333333,0.285714286,0,1,1,0.951219512
1,0.205479452,0.084022556,0.8,0,0,0.602040816,0.5,0.6,0.333333333,0.857142857,0,1,1,0.951219512
0,0.150684932,0.177712154,0.533333333,0,0,0.37755102,0.5,0.733333333,0.333333333,0.214285714,0,1,1,0.951219512
0,0.205479452,0.130771963,0.6,0,0,0.5,0.5,1,0.833333333,0.928571429,0.8,1,0,0.951219512
1,0.219178082,0.257440727,0.6,0,0,0.5,0.5,1,0.333333333,0.428571429,0,1,1,0.951219512
0,0.273972603,0.173264597,0.8,0,0,0.397959184,0.5,0.6,0.333333333,0.285714286,0,1,1,0.634146341
0,0.205479452,0.131302368,0.533333333,0,0,0.397959184,0.5,0.733333333,0.666666667,0.571428571,0.2,0.5,0,0.951219512
0,0.205479452,0.400659624,0.533333333,0,0,0.724489796,0.5,0.733333333,0.333333333,1,0.6,1,1,0.634146341
0,0.410958904,0.022839224,0.866666667,0,0,0.397959184,0.5,0.8,0.333333333,0.285714286,0,1,1,0.951219512
0,0.054794521,0.065219553,0.6,0,0,0.397959184,0.5,1,0.666666667,0.857142857,0.6,1,0,0.951219512
0,0.123287671,0.094700345,0.533333333,0,0,0.448979592,0.5,0.733333333,0.666666667,0.071428571,0.6,1,0,0.951219512
0,0.04109589,0.074907568,0.533333333,0,0.459366391,0.295918367,0.5,0.733333333,0.666666667,0.071428571,0.4,1,1,0.951219512
0,0.328767123,0.125085667,0.533333333,0,0,0.5,0.75,0.733333333,0.333333333,0.285714286,0,1,1,0.951219512
0,0.136986301,0.196288516,0.533333333,0,0,0.397959184,0.5,0.733333333,0.666666667,0.071428571,0.2,1,1,0.951219512
0,0.04109589,0.068033949,0.533333333,0,0,0.397959184,0.5,0.733333333,0.666666667,0.357142857,0.6,0.25,1,0.951219512
0,0.726027397,0.199090057,0.533333333,0,0,0.397959184,0,0.733333333,0.333333333,0,0,1,1,0.951219512
1,0.424657534,0.063292098,0.8,0,0,0.448979592,0.5,0.6,0.333333333,0.285714286,0,1,1,0.951219512
1,0.452054795,0.108171556,0.933333333,0,0,0.397959184,0.25,0.933333333,0.333333333,0.714285714,0,1,1,0.951219512
0,0.547945205,0.192292887,0.6,0,0,0.5,0,1,0.333333333,0,0,1,1,0.951219512
0,0.232876712,0.073327853,0.2,0,0,0.091836735,0.75,0.333333333,0.666666667,0.428571429,0.8,0.5,1,0.951219512
0,0.082191781,0.109305433,0.6,0,0,0.397959184,0.5,1,0.666666667,0.214285714,0.2,1,1,0.951219512
0,0.602739726,0.155784225,0.133333333,0,0,0.367346939,0.5,0.266666667,0.333333333,0.5,1,1,0,0.390243902
0,0.739726027,0.13823214,0.666666667,0,0,0.397959184,0.5,0.533333333,0.666666667,0.071428571,0.2,1,0,0.951219512
0,0.150684932,0.050052263,0.533333333,0,0,0.397959184,0.5,0.733333333,0.666666667,0.285714286,0.6,1,0,0.951219512
1,0.301369863,0.129351911,0.866666667,0.07298073,0,0.397959184,0.25,0.8,0.333333333,0.714285714,0,1,1,0.951219512
0,0.232876712,0.114822595,0.4,0.044160442,0,0.295918367,0.5,0.066666667,0.666666667,0.071428571,0.2,1,0,0.951219512
0,0.205479452,0.027721118,0.533333333,0,0,0.275510204,0.5,0.733333333,0,0.571428571,0.8,0.75,0,0.951219512
0,0.219178082,0.115194691,0.466666667,0,0,0.397959184,0.75,0.133333333,0.666666667,1,0.2,1,1,0.951219512
1,0.287671233,0.006738312,1,0,0,0.448979592,0.875,0.666666667,0.333333333,0.714285714,0,1,1,0.951219512
0,0.109589041,0.316267679,0.2,0,0,0.448979592,0.5,0.333333333,0.666666667,0.857142857,0.4,1,1,0.317073171
0,0.068493151,0.127211347,0.733333333,0,0,0.142857143,0.5,0.466666667,0.666666667,0.071428571,0.2,1,0,0.951219512
0,0.04109589,0.138422247,0.6,0,0,0.397959184,0.5,1,0.666666667,0.785714286,0.6,1,1,0.951219512
0,0.164383562,0.134349492,0.6,0,0,0.806122449,0.5,1,0.666666667,0.857142857,0.6,0.5,1,0.951219512
0,0.054794521,0.102189613,0.6,0,0,0.346938776,0.5,1,0.666666667,0.571428571,0.6,1,0,0.951219512
0,0.178082192,0.064770332,0.8,0,0,0.602040816,0.5,0.6,0.333333333,0.714285714,0,1,1,0.951219512
0,0.438356164,0.20943296,0.733333333,0,0,0.295918367,0.25,0.466666667,0,0.071428571,0.2,1,0,0.951219512
0,0.054794521,0.08827527,0.6,0,0,0.091836735,0.875,1,0.666666667,0.571428571,0.6,1,1,0.951219512
0,0.082191781,0.331524272,0.8,0,0,0.397959184,0.875,0.6,0.666666667,0.714285714,0.2,1,0,0.951219512
0,0.109589041,0.06335434,0.533333333,0,0,0.397959184,0.5,0.733333333,0.666666667,0.571428571,0.6,1,0,0.951219512
0,0.232876712,0.130204348,0.533333333,0,0,0.62244898,0.75,0.733333333,0.333333333,1,0,1,1,0.951219512
0,0.493150685,0.190550803,0.8,0,0,0.397959184,0.25,0.6,0.333333333,0.714285714,0,1,1,0.951219512
0,0.150684932,0.191377532,0.466666667,0,0,0.397959184,0.5,0.133333333,0,0.357142857,0.2,1,1,0.951219512
0,0.082191781,0.026160346,0.6,0,0,0.091836735,0.5,1,0.666666667,0.642857143,0.6,1,0,0.951219512
0,0.260273973,0.139815238,0.266666667,0,0,0.397959184,0.5,0.4,0.833333333,0.571428571,0.8,0.5,0,0
1,0.424657534,0.029622864,0.8,0,0,0.397959184,0.5,0.6,0.333333333,0.214285714,0,1,1,0.951219512
1,0.410958904,0.12206628,0.533333333,0,0,0.5,0.5,0.733333333,0.333333333,0.857142857,0,1,1,0.951219512
1,0.424657534,0.100372434,0.6,0,0,0.397959184,0.5,1,0.666666667,0.285714286,0.2,1,0,0.512195122
1,0.205479452,0.063231887,0.933333333,0,0,0.397959184,0.5,0.933333333,0.333333333,0.714285714,0,1,1,0.951219512
0,0.273972603,0.160633645,0.666666667,0,0,0.316326531,0.5,0.533333333,0.5,0.857142857,0.8,0.5,0,0.951219512
1,0.301369863,0.195751345,0.6,0,0,0.397959184,0.5,1,0.333333333,0.285714286,1,1,0,0.951219512
0,0.410958904,0.212272387,0.533333333,0,0,0.397959184,0.125,0.733333333,0.333333333,0.214285714,0,1,1,0.951219512
1,0.684931507,0.121164456,0.8,0,0,0.397959184,0.5,0.6,0.333333333,0.285714286,0,1,1,0.951219512
0,0.561643836,0.051611005,0.533333333,0,0,0.448979592,0.5,0.733333333,0,0.071428571,0.8,1,0,0.951219512
0,0.383561644,0.009807085,0.533333333,0,0,0.397959184,0.5,0.733333333,0.333333333,0.357142857,0,0,1,0.951219512
1,0.424657534,0.091988106,0.8,0,0.436639118,0.397959184,0.5,0.6,0.333333333,0.571428571,1,1,0,0
0,0.465753425,0.06204524,0.733333333,0,0,0.244897959,0.625,0.466666667,0.666666667,0.857142857,0.2,1,0,0.951219512
1,0.383561644,0.08232377,0.533333333,0,0,0.5,0.75,0.733333333,0.333333333,0.857142857,0,0.25,1,0.853658537
0,0.191780822,0.067538723,0.533333333,0,0,0.397959184,0.5,0.733333333,0.666666667,0.071428571,0.6,1,1,0.951219512
1,0.150684932,0.075002283,0.6,0,0.433195592,0.397959184,0,1,0.333333333,0,1,1,0,0.951219512
0,0.082191781,0.027892282,0.8,0,0,0.448979592,0.5,0.6,0.666666667,0.285714286,0.6,1,0,0.951219512
0,0.109589041,0.100770238,0.666666667,0,0,0.908163265,0,0.533333333,0.666666667,0,0.6,1,1,0.951219512
0,0.082191781,0.196568603,0.733333333,0,0,0.397959184,0,0.466666667,0.333333333,0,0,1,1,0.195121951
0,0.205479452,0.021721585,0.733333333,0,0,0.397959184,0.5,0.466666667,0.333333333,0.428571429,0,1,1,0.951219512
0,0.068493151,0.063189265,0.533333333,0,0,0.397959184,0.5,0.733333333,0.666666667,0.428571429,0.8,1,1,0.951219512
0,0.04109589,0.033483186,0.6,0,0,0.295918367,0.5,1,0.333333333,0.857142857,0,1,1,0.951219512
0,0.260273973,0.165727971,0.666666667,0,0,1,0.75,0.533333333,0.333333333,0.357142857,0,1,1,0.951219512
0,0.397260274,0.120070495,0.533333333,0,0,0.295918367,0.5,0.733333333,0,0.857142857,0.2,1,0,0.951219512
0,0.068493151,0.263495736,0.533333333,0,0,0.551020408,0.5,0.733333333,0.666666667,0.071428571,0.2,1,0,0.951219512
1,0.369863014,0.066048312,1,0.150241502,0,0.316326531,0.5,0.666666667,0.333333333,0.285714286,1,1,0,0.951219512
0,0.301369863,0.20713341,0.4,0,0,0.602040816,0.5,0.066666667,0.333333333,0.714285714,0,1,1,0.951219512
1,0.123287671,0.114764413,0.8,0,0,0.448979592,0.5,0.6,0.333333333,0.714285714,1,1,0,0.951219512
1,0.397260274,0.072961847,0.933333333,1,0,0.602040816,0.625,0.933333333,0.333333333,0.714285714,0,1,1,0.951219512
0,0.547945205,0.113224614,0.666666667,0,0,0.040816327,0,0.533333333,0.333333333,0,1,1,0,0.951219512
0,0.246575342,0.118232343,0.866666667,0,0,0.5,0.625,0.8,0.333333333,0.071428571,0,1,1,0.951219512
0,0.054794521,0.129146244,0.533333333,0,0,0.346938776,0.5,0.733333333,0.666666667,0.857142857,0.6,1,0,0.951219512
0,0.849315068,0.081443595,0.533333333,0,0,0.142857143,0.25,0.733333333,0.333333333,0.857142857,0,1,1,0.951219512
0,0.205479452,0.018323337,0.8,0,0,0.397959184,0.75,0.6,0.333333333,0.214285714,0,1,1,0.951219512
0,0.643835616,0.066251273,0.533333333,0,0,0.397959184,0.5,0.733333333,0.333333333,0.571428571,0,0.5,1,0.951219512
1,0.273972603,0.070409271,0.533333333,0.278282783,0,0.479591837,0.5,0.733333333,0.666666667,0.214285714,0.4,0,1,0.951219512
0,0.082191781,0.179838511,0.533333333,0,0.361111111,0.295918367,0.5,0.733333333,0.333333333,0.5,0,1,1,0.951219512
1,0.356164384,0.190276129,0.8,0,0,0.397959184,0.25,0.6,0.333333333,0.714285714,0,0.5,1,0.951219512
1,0.575342466,0.115129743,0.533333333,0,0,0.295918367,0.5,0.733333333,0.333333333,0.285714286,0,1,1,0.951219512
0,0.232876712,0.045980184,0.6,0,0,0.724489796,0.625,1,0.333333333,0.357142857,0,1,1,0.951219512
0,0.136986301,0.032534004,0.533333333,0,0.365932048,0.255102041,0.5,0.733333333,1,0.214285714,0.8,1,0,0.951219512
0,0.095890411,0.096127838,0.533333333,0,0,0.244897959,0,0.733333333,0.333333333,0,1,1,0,0.951219512
1,0.287671233,0.078259134,0.8,0.076880769,0,0.397959184,0.5,0.6,0.333333333,0.714285714,0,1,1,0.951219512
0,0.109589041,0.127952155,0.6,0,0,0.397959184,0.5,1,0.666666667,0.571428571,0.8,0.5,0,0.951219512
0,0.246575342,0.024435852,0.533333333,0,0,0.397959184,0.5,0.733333333,0.666666667,0.857142857,0.6,1,0,0.951219512
0,0.219178082,0.091275713,0.8,0,0,0.346938776,0.75,0.6,0.833333333,0.714285714,0.6,0.5,1,0.951219512
1,0.315068493,0.235840242,0.6,0,0,0.5,0.5,1,0.666666667,0.928571429,0.2,1,0,0.951219512
0,0.383561644,0.055793358,0.866666667,0,0,0.397959184,0.875,0.8,0.333333333,0.071428571,0,1,1,0.463414634
0,0.02739726,0.148301722,0.533333333,0,0,0.602040816,0.5,0.733333333,0.666666667,0.5,0.6,1,1,0.951219512
0,0,0.056827107,0.333333333,0,0,0.132653061,0.5,0,0.666666667,0.571428571,0.6,1,1,0.951219512
0,0.191780822,0.142322485,0.8,0,0,0.397959184,0.5,0.6,0.333333333,0.285714286,0,1,1,0.951219512
0,0.205479452,0.165294311,0.466666667,0,0,0.397959184,0.5,0.133333333,0.333333333,0.5,0,1,1,0.634146341
0,0.726027397,0.197077359,0.6,0,0,0.193877551,0.75,1,0.333333333,0.928571429,0,1,1,0.951219512
0,0.164383562,0.115919262,0.533333333,0.031370314,0,0.479591837,0.5,0.733333333,0.333333333,0.5,0,1,1,0.512195122
0,0.219178082,0.020431428,0.4,0,0,0.704081633,0.75,0.066666667,0.333333333,0.285714286,0,1,1,0.951219512
1,0.575342466,0.35032051,0.6,0,0.433195592,0.551020408,0.5,1,0.333333333,0.214285714,0,1,1,0.951219512
1,0.397260274,0.03138998,0.8,0.150241502,0,0.551020408,0.5,0.6,0.333333333,0.285714286,0,1,1,0.951219512
0,0.328767123,0.234740869,0.533333333,0,0,0.397959184,0.25,0.733333333,0.333333333,0.571428571,0,1,1,0.951219512
0,0.575342466,0.152996215,0.533333333,0,0,0.37755102,0.25,0.733333333,0,0.071428571,0.8,1,0,0.951219512
1,0.383561644,0.058343904,0.733333333,0,0,0.397959184,0.125,0.466666667,0.333333333,0.071428571,0,1,1,0.951219512
0,0.054794521,0.086920842,0.533333333,0,0,0.448979592,0.5,0.733333333,0.666666667,0.071428571,0.4,1,0,0.951219512
0,0.410958904,0.023653099,0.6,0,0,0.397959184,0.5,1,0.333333333,0.071428571,1,1,0,0.951219512
0,0.328767123,0.108764203,0.6,0,0,0.448979592,0.25,1,0,0.571428571,0.8,1,0,0.951219512
0,0.136986301,0.125836623,0.6,0,0,0.336734694,0.5,1,0.666666667,0.571428571,0.2,1,0,0.951219512
0,0.575342466,0.075794509,0.533333333,0,0,0.448979592,0.5,0.733333333,0,0.285714286,0.4,1,0,0.951219512
0,0.095890411,0.358887502,0.8,0,0,0.5,0.5,0.6,0.666666667,0.857142857,0.4,0.5,1,0.951219512
0,0.452054795,0.086804477,0.533333333,0,0,0.397959184,0.5,0.733333333,0.333333333,0.5,1,1,0,0.951219512
1,0.273972603,0.079349712,1,0,0,0.724489796,0.125,0.666666667,0.333333333,0.714285714,0,1,1,0
0,0.452054795,0.169467193,0.866666667,0,0,0.448979592,0.625,0.8,0.833333333,0.285714286,0.8,0.25,1,0.073170732
0,0.452054795,0.006855353,0.266666667,0,0,0.5,0.5,0.4,0,1,0.2,1,1,0.951219512
1,0.452054795,0.045083096,0.533333333,0,0.340909091,0.397959184,0.875,0.733333333,0.333333333,0.214285714,0,1,1,0.951219512
0,0.438356164,0.092085528,0.533333333,0,0,0.397959184,0.5,0.733333333,0,0.5,0.2,0.5,0,0.951219512
0,0.575342466,0.125937427,0.533333333,0,0,0.5,0.5,0.733333333,0.333333333,0.214285714,0,1,1,0.951219512
1,0.479452055,0.112515603,0.866666667,0,0,0.448979592,0.5,0.8,0.333333333,0.214285714,0,1,1,0.951219512
0,0.109589041,0.240184965,0.6,0,0,0.397959184,0.5,1,0.666666667,0.928571429,0.6,1,0,0.951219512
0,0.260273973,0.161993485,0.6,0,0,0.5,0.5,1,0.666666667,0.857142857,0.2,1,1,0.951219512
0,0.246575342,0.077317394,0.533333333,0,0,0.397959184,0.25,0.733333333,0.333333333,0.214285714,0,1,1,0.951219512
0,0.205479452,0.16719944,0.6,0,0,0.397959184,0.5,1,0,0.214285714,0.2,1,1,0.951219512
0,0.479452055,0.075430531,0.533333333,0,0,0.37755102,0.5,0.733333333,0.333333333,0.071428571,1,1,0,0.951219512
0,0.547945205,0.152716128,0.533333333,0,0,0.540816327,0.5,0.733333333,1,0.928571429,0.2,0.5,0,0.951219512
0,0.575342466,0.083438704,0.4,0,0,0.397959184,0.5,0.066666667,0.333333333,0.214285714,0,1,1,0.951219512
0,0.178082192,0.043878859,0.8,0,0,0.397959184,0.5,0.6,0.666666667,0.285714286,0.6,0.5,1,0.268292683
0,0.301369863,0.180038766,0.533333333,0,0,0.653061224,0.5,0.733333333,0.333333333,1,0,1,1,0.951219512
0,0.547945205,0.128866834,0.533333333,0,0,0.397959184,0.875,0.733333333,0.333333333,0.214285714,0,1,1,0.951219512
1,0.465753425,0.055073523,0.533333333,0,0,0.397959184,0.5,0.733333333,0.333333333,0.285714286,0,1,1,0.951219512
0,0.589041096,0.074438728,0.533333333,0,0,0.653061224,0.75,0.733333333,0.333333333,0.357142857,0,1,1,0.951219512
0,0.273972603,0.066970432,0.533333333,0,0,0.397959184,0.875,0.733333333,0.333333333,1,0,1,1,0.951219512
1,0.191780822,0.11557964,0.933333333,0,0,1,0.625,0.933333333,0.333333333,0.714285714,1,1,0,0.951219512
0,0.273972603,0.08189011,0.533333333,0,0,0.397959184,0.5,0.733333333,0,0.857142857,0.8,1,0,0.951219512
0,0.01369863,0.045804961,0.4,0,0,0.346938776,0,0.066666667,0.666666667,0,0.6,1,1,0.951219512
1,0.178082192,0.193886132,0.866666667,0,0.433195592,0.448979592,0.5,0.8,0.333333333,0.714285714,0,0.25,1,0.487804878
0,0.109589041,0.069380935,0.933333333,0,0,0.071428571,0.5,0.933333333,0.666666667,0.714285714,0.2,1,0,0.536585366
0,0.164383562,0.096725221,0.8,0,0,0.397959184,0.5,0.6,0.666666667,0.928571429,0.2,0.5,0,0.951219512
0,0,0.137000166,0.466666667,0,0,0.244897959,0.5,0.133333333,0.666666667,0.071428571,0.6,1,0,0.951219512
0,0.356164384,0.10797739,0.6,0,0,0.397959184,0.5,1,0,0.071428571,0.2,1,0,0.951219512
1,0.301369863,0.071101369,0.6,0,0,0.5,0.5,1,0.333333333,0.857142857,0,1,1,0.951219512
1,0.397260274,0.21373912,0.8,0,0.436639118,0.418367347,0.625,0.6,0.333333333,0.857142857,0,1,1,0
0,0.219178082,0.113267912,0.533333333,0,0,0.479591837,0.5,0.733333333,0,0.285714286,0.2,1,1,0.951219512
0,0.054794521,0.127211347,0.733333333,0,0,0.346938776,0.5,0.466666667,0.666666667,0.857142857,0.2,1,0,0.951219512
1,0.383561644,0.012294037,0.8,0.150241502,0,0.397959184,0.5,0.6,0.333333333,0.285714286,0,1,1,0.951219512
0,0.356164384,0.02863512,0.533333333,0,0,0.397959184,0.5,0.733333333,0.333333333,0.5,0,1,1,0.951219512
0,0.315068493,0.101354089,0.533333333,0,0,0.295918367,0.5,0.733333333,0,0.071428571,0.8,1,0,0.951219512
0,0.452054795,0.163629352,0.133333333,0,0,0.397959184,0.5,0.266666667,0.333333333,0.428571429,0,1,1,0.634146341
1,0.493150685,0.023753903,0.6,0,0,0.5,0.5,1,0.333333333,0.071428571,0,1,1,0.951219512
0,0.150684932,0.138855908,0.6,0,0,0.346938776,0.5,1,0.666666667,0.285714286,0.2,1,1,0.951219512
0,0.452054795,0.021705348,0.6,0,0,0.397959184,0.5,1,0.333333333,0.285714286,0,1,1,0.951219512
1,0.164383562,0.063010659,0.533333333,0,0,0.397959184,0.5,0.733333333,0.333333333,0.714285714,0,1,1,0.951219512
0,0.04109589,0.085123282,0.533333333,0,0,0.346938776,0.5,0.733333333,0.666666667,0.428571429,0.6,0.5,1,0.951219512
1,0.287671233,0.113114338,0.533333333,0,0,0.5,0.5,0.733333333,0.333333333,0.285714286,0,1,1,0.951219512
0,0.123287671,0.052764501,0.533333333,0,0,0.397959184,0.5,0.733333333,0.666666667,0.071428571,0.6,1,1,0
1,0.369863014,0.038186474,0.8,0,0,0.397959184,0.125,0.6,0.333333333,0.285714286,0,0.25,1,0.951219512
0,0.068493151,0.107094509,0.4,0,0,0.397959184,0.5,0.066666667,0.666666667,0.214285714,0.2,0,1,0.951219512
1,0.246575342,0.18955697,1,0,0,0.397959184,0.5,0.666666667,0.333333333,0.714285714,0,0.25,1,0.87804878
0,0.383561644,0.100061227,0.533333333,0,0,0.397959184,0.25,0.733333333,0.5,0.071428571,0.8,0.5,0,0.951219512
0,0.191780822,0.120502126,0.866666667,0,0,0.397959184,0.25,0.8,0.333333333,0.714285714,0,1,1,0.951219512
0,0.178082192,0.214089567,0.333333333,0,0,0.397959184,0.5,0,0.666666667,0.5,0.8,1,0,0.951219512
0,0.150684932,0.172771401,0.8,0,0,0.448979592,0.5,0.6,0.666666667,0.928571429,0.2,1,1,0.951219512
0,0.219178082,0.055235892,0.533333333,0,0,0.397959184,0.75,0.733333333,0.333333333,0.285714286,0,1,1,0.951219512
0,0.369863014,0.240484671,0.066666667,0,0,0.397959184,0.5,0.2,0.666666667,0.5,0.2,1,0,0.195121951
0,0.273972603,0.203286618,0.533333333,0,0,0.397959184,0.5,0.733333333,0,0.571428571,0.2,1,0,0.951219512
0,0.082191781,0.102797144,0.4,0,0,0.346938776,0.5,0.066666667,0.833333333,0.714285714,0.6,1,1,0.951219512
1,0.328767123,0.01433515,0.8,0,0,0.551020408,0.75,0.6,0.333333333,0.285714286,0,1,1,0.951219512
0,0.095890411,0.102000183,0.4,0,0,0.357142857,0.5,0.066666667,0.666666667,0.857142857,0.2,1,0,0.951219512
0,0.095890411,0.062159575,0.533333333,0,0,0.397959184,0.125,0.733333333,0.333333333,0.071428571,0,1,1,0.951219512
0,0.123287671,0.050307994,0.6,0,0,0.448979592,0.75,1,0.333333333,0.214285714,0,1,1,0.951219512
0,0.02739726,0.136926423,0.533333333,0,0,0.295918367,0.5,0.733333333,0.666666667,0.571428571,0.6,1,1,0.951219512
0,0.424657534,0.05997233,0.6,0,0,0.397959184,0.75,1,0.666666667,0.071428571,0.2,1,1,0.951219512
0,0.04109589,0.12051701,0.6,0,0,0.193877551,0.5,1,0.666666667,0.571428571,0.2,1,0,0.951219512
0,0.178082192,0.186814964,0.133333333,0,0,0.397959184,0.5,0.266666667,0.333333333,0.214285714,0,1,1,0.634146341
0,0.383561644,0.104116391,0.533333333,0,0,0.244897959,0.5,0.733333333,1,0.642857143,0.6,0.5,0,0.951219512
0,0.602739726,0.252550038,0.6,0,0,0.397959184,0.5,1,0,0.214285714,0.2,1,1,0.951219512
0,0.04109589,0.017351153,0.533333333,0,0,0.5,0.5,0.733333333,0.666666667,0.571428571,0.6,1,1,0.951219512
0,0.068493151,0.110374362,0.533333333,0,0,0.193877551,0.5,0.733333333,0.333333333,0.571428571,0,1,1,0.951219512
0,0.260273973,0.180155807,0.533333333,0,0,0.5,0.5,0.733333333,0.333333333,1,0,1,1,0.951219512
0,0.424657534,0.060176644,0.666666667,0,0,0.142857143,0.75,0.533333333,0.333333333,0.571428571,1,1,0,0.951219512
1,0.273972603,0.153496852,0.533333333,0,0,0.397959184,0.5,0.733333333,0.333333333,0.214285714,0,1,1,0.951219512
1,0.410958904,0.095796335,0.8,0.076880769,0,0.448979592,0.5,0.6,0.333333333,0.714285714,0,0.5,1,0.951219512
0,0.506849315,0.189692954,0.066666667,0,0,0.346938776,0.5,0.2,0.333333333,0.571428571,0,1,1,0.634146341
1,0.397260274,0.10314759,0.6,0,0,0.397959184,0.5,1,0.333333333,0.285714286,0,1,1,0.951219512
0,0.315068493,0.033151683,0.6,0,0,0.397959184,0.5,1,0.333333333,0.928571429,0,1,1,0.951219512
0,0.082191781,0.073488869,0.533333333,0,0,0.346938776,0.5,0.733333333,0.666666667,0.571428571,0.8,1,0,0.951219512
0,0.123287671,0.080058047,0.733333333,0,0,0.397959184,0.5,0.466666667,0.5,0.214285714,0.4,0.25,0,0
0,0.082191781,0.047766243,0.6,0,0,0.153061224,0.5,1,0.666666667,0.071428571,0.6,1,0,0.951219512
1,0.410958904,0.21142198,0.866666667,0,0.433195592,0.5,0.25,0.8,0.333333333,0.714285714,0,1,1,0.951219512
0,0.493150685,0.07139431,0.6,0,0,0.37755102,0.5,1,0,0.071428571,0.8,1,0,0.951219512
0,0.095890411,0.111791708,0.666666667,0,0,0.397959184,0.5,0.533333333,0.666666667,0.214285714,0.6,1,1,0.951219512
0,0.219178082,0.179397408,0.866666667,0,0,0.397959184,0.5,0.8,0.666666667,0.714285714,0.2,1,1,0.951219512
0,0.356164384,0.014238405,0.8,0,0,0.551020408,0.5,0.6,0.333333333,0.857142857,0,1,1,0.951219512
0,0.02739726,0.012526089,0.333333333,0,0,0.397959184,0.75,0,0.5,0.071428571,0.8,0,0,0.951219512
0,0.054794521,0.109746535,0.533333333,0,0,0.295918367,0.5,0.733333333,0.666666667,0.071428571,0.2,1,0,0.951219512
0,0.164383562,0.193767738,0.6,0,0,0.397959184,0.5,1,0.666666667,0.571428571,0.2,1,0,0.951219512
0,0.342465753,0.062035092,0.666666667,0,0,0.5,0.75,0.533333333,0.333333333,0.714285714,0,1,1,0.951219512
0,0.219178082,0.088827324,0.533333333,0,0,0.479591837,0.5,0.733333333,0.833333333,0.571428571,0.8,0.25,0,0.073170732
0,0.657534247,0.110907473,0.533333333,0,0,0.397959184,0.5,0.733333333,0.5,0.571428571,0.2,0.25,1,0.853658537
0,0.191780822,0.084622644,0.4,0,0,0.397959184,0.5,0.066666667,0.5,0.428571429,0.2,0.25,1,0.463414634
0,0.547945205,0.094166557,0.533333333,0,0,0.397959184,0.5,0.733333333,0,0.428571429,0.4,1,0,0.951219512
0,0.657534247,0.108398196,0.6,0.018480185,0,0.193877551,0.5,1,1,0.714285714,0.2,1,0,0.43902439
1,0.178082192,0.097542478,0.866666667,0,0,0.448979592,0.5,0.8,0.666666667,0.714285714,0.2,1,1,0.951219512
0,0.260273973,0.050305964,0.466666667,0,0,0.479591837,0.5,0.133333333,0.333333333,0.5,0,1,1,0.951219512
1,0.178082192,0.18955697,0.6,0,0,0.551020408,0.75,1,0.333333333,0.857142857,0,0,1,0.951219512
0,0.01369863,0.218778647,0.4,0,0,0.234693878,0.5,0.066666667,0.666666667,0.571428571,0.4,0.5,0,0.951219512
0,0.342465753,0.047365733,0.2,0,0,0.5,0.75,0.333333333,0.333333333,0.571428571,1,0.5,0,0.951219512
0,0.123287671,0.030597755,0.666666667,0,0,0.479591837,0.5,0.533333333,0.666666667,0.214285714,0.6,1,1,0.951219512
0,0.328767123,0.171425092,0.533333333,0,0,0.397959184,0.5,0.733333333,0,0.071428571,0.8,1,0,0.951219512
0,0.068493151,0.128004249,0.533333333,0,0,0.193877551,0.5,0.733333333,0.666666667,0.071428571,0.6,1,1,0.951219512
0,0.739726027,0.150728462,0,0,0,0.091836735,0.5,0.866666667,1,0.214285714,0.8,0.5,1,0.951219512
0,0.082191781,0.125381313,0.8,0,0,0.397959184,0.5,0.6,0.666666667,0.071428571,0.2,1,0,0.951219512
0,0.438356164,0.145803946,0.2,0,0,0.316326531,0.5,0.333333333,0.333333333,0.714285714,0,1,1,0.951219512
0,0.315068493,0.114999848,0,0,0,0.397959184,0.5,0.866666667,0.5,0.071428571,0.6,1,1,0.951219512
0,0.493150685,0.085065776,0.4,0,0,0.602040816,0.75,0.066666667,0,0.214285714,0.2,1,1,0.951219512
0,0.315068493,0.102257943,0.533333333,0,0,0.5,0.5,0.733333333,0.666666667,0.214285714,0.2,1,1,0.951219512
0,0.191780822,0.122192793,0.6,0,0,0.397959184,0.5,1,0.666666667,0.571428571,0.2,1,1,0.951219512
0,0.178082192,0.118155218,0.8,0,0,0.704081633,0.5,0.6,0.333333333,0.285714286,0,1,1,0.951219512
0,0.369863014,0.175221143,0.8,0,0,0.56122449,0.5,0.6,0,0.5,0.8,1,0,0.951219512
0,0.356164384,0.223448108,0.8,0,0,0.397959184,0.5,0.6,0.5,0.071428571,0.8,1,0,0.951219512
0,0.452054795,0.10869046,0.6,0,0,0.275510204,0.5,1,0,0.571428571,0.6,1,1,0.951219512
0,0.342465753,0.038010574,0.533333333,0,0,0.397959184,0.5,0.733333333,0.333333333,0.214285714,0,1,1,0.951219512
0,0.520547945,0.054503202,0.2,0,0,0.295918367,0.5,0.333333333,1,0.642857143,0.8,1,0,0.951219512
1,0.246575342,0.231534759,0.8,0,0,0.5,0.5,0.6,0.666666667,0.285714286,0.2,1,0,0.951219512
1,0.397260274,0.058343904,0.8,0,0,0.397959184,0.5,0.6,0,0.285714286,0.2,1,1,0.048780488
1,0.315068493,0.076047534,0.8,0,0,0.397959184,0.5,0.6,0.333333333,0.285714286,0,1,1,0.951219512
0,0.164383562,0.182735443,0.666666667,0,0,0.704081633,0.5,0.533333333,0.666666667,0.071428571,0.2,1,1,0.951219512
0,0.410958904,0.316163492,0.8,0,0,0.5,0.75,0.6,0,0.857142857,0.2,1,1,0.951219512
0,0.273972603,0.140219807,0.8,0.034110341,0,0.469387755,0.5,0.6,0.333333333,0.285714286,0.4,1,1,0.951219512
0,0.506849315,0.056678269,0.533333333,0,0,0.397959184,0.5,0.733333333,0.333333333,0.5,0,1,1,0.780487805
0,0.04109589,0.088842208,0.6,0,0,0.010204082,0.5,1,0.666666667,0.857142857,0.8,1,0,0.951219512
0,0.383561644,0.137782243,0.533333333,0,0,0.397959184,0,0.733333333,0.333333333,0,0,1,1,0.951219512
0,0.356164384,0.131682582,0.533333333,0,0,0.397959184,0.875,0.733333333,0.333333333,0.714285714,0,1,1,0.951219512
0,0.342465753,0.022378502,0.733333333,0,0,0.5,0.5,0.466666667,0.333333333,0.714285714,0,1,1,0.951219512
0,0.328767123,0.056073445,0.533333333,0,0,0.397959184,0.5,0.733333333,0.666666667,0.5,0.8,0.5,0,0.951219512
0,0.671232877,0.110460282,0.2,0,0,0.193877551,0.5,0.333333333,1,0.571428571,0.2,1,0,0.268292683
0,0.01369863,0.180637501,0.333333333,0,0,0.295918367,0,0,0.666666667,0,0.4,1,0,0.951219512
0,0.109589041,0.035441085,0.533333333,0,0,0.397959184,0.5,0.733333333,0,0.428571429,0.6,0.25,0,0.731707317
1,0.424657534,0.014088214,0.8,0,0,0.581632653,0.125,0.6,0,0.285714286,0.8,1,1,0.951219512
0,0.397260274,0.066582776,0.6,0.020360204,0,0.602040816,0.625,1,0,0.285714286,0.8,1,0,0.951219512
0,0.369863014,0.105646719,0.533333333,0,0,0.602040816,0.75,0.733333333,0.333333333,0.857142857,0,1,1,0.951219512
0,0.698630137,0.028120275,0.2,0,0,0.397959184,0,0.333333333,0.333333333,0,0,0,1,0.951219512
0,0.452054795,0.068333655,0.533333333,0,0,0.142857143,0.5,0.733333333,0.333333333,0.857142857,1,1,0,0.951219512
0,0.479452055,0.077594098,0.533333333,0,0,0.397959184,0.5,0.733333333,0.333333333,0.5,1,0.25,0,0.073170732
0,0.821917808,0.108556506,0.6,0,0,0.346938776,0,1,0.333333333,0,0,1,1,0.951219512
0,0.287671233,0.217899825,0.6,0,0,0.142857143,0.75,1,0.333333333,0.357142857,1,1,0,0.951219512
0,0.205479452,0.045909824,0.533333333,0,0,0.397959184,0.5,0.733333333,0.333333333,0.5,0,1,1,0.951219512
0,0.383561644,0.22701143,0.533333333,0,0,0.397959184,0.5,0.733333333,0,0.071428571,0.2,1,0,0.951219512
0,0.589041096,0.051261235,0.6,0,0,0.234693878,0.75,1,0.333333333,0.214285714,0,1,1,0.951219512
0,0.397260274,0.101310791,0.533333333,0,0,0.397959184,0,0.733333333,0.333333333,0,0,1,1,0.951219512
1,0.589041096,0.161196524,0.533333333,0,0,0.397959184,0.5,0.733333333,0.333333333,0.571428571,0,1,1,0.951219512
0,0.164383562,0.078629877,0.533333333,0,0,0.37755102,0.5,0.733333333,0.5,0.5,0.2,1,0,0.195121951
1,0.534246575,0.109990765,0.8,0,0,0.448979592,0.5,0.6,0,0.285714286,0.8,1,1,0.951219512
0,0.123287671,0.065816936,0.6,0,0,0.346938776,0.5,1,0.833333333,0.857142857,0.8,1,0,0.951219512
0,0.739726027,0.055495682,0.533333333,0.011730117,0,0.173469388,0,0.733333333,0.333333333,0,1,1,0,0.951219512
0,0.082191781,0.081140507,0.533333333,0,0,0.397959184,0.5,0.733333333,0.333333333,0.428571429,0,1,1,0.951219512
0,0.589041096,0.05479073,0.2,0,0,0.602040816,0.625,0.333333333,0.333333333,0.857142857,0,1,1,0.951219512
0,0.328767123,0.031011795,0.533333333,0,0,0.397959184,0.5,0.733333333,0.333333333,0.571428571,0,1,1,0.951219512
0,0.068493151,0.137466977,0.6,0,0,0.397959184,0.5,1,0.666666667,1,0.6,1,1,0.951219512
0,0.164383562,0.157251635,0.8,0,0,0.397959184,0.5,0.6,0.666666667,0.214285714,0.2,1,1,0.951219512
0,0.246575342,0.137484566,0.8,0,0,0.397959184,0.5,0.6,0.666666667,0.714285714,0.6,1,1,0.048780488
0,0.273972603,0.165371436,0.6,0,0,0.346938776,0.5,1,0,0.071428571,0.8,0.5,0,0.951219512
1,0.383561644,0.089347581,0.866666667,0,0,0.397959184,0.875,0.8,0.333333333,0.714285714,0,1,1,0.951219512
0,0.410958904,0.225037294,0.733333333,0,0,0.397959184,0.5,0.466666667,0,1,0.2,0.5,1,0.951219512
0,0.328767123,0.122683959,0.533333333,0,0,0.397959184,0.5,0.733333333,0.5,0.214285714,0.8,1,0,0.951219512
0,0.753424658,0.097438291,0.333333333,0.024140241,0,0.112244898,0.5,0,0.333333333,0.571428571,0,1,1,0.951219512
1,0.465753425,0.257343305,1,0.150241502,0,0.846938776,0.5,0.666666667,0.333333333,0.285714286,0,1,1,0.951219512
1,0.602739726,0.04099884,0.533333333,0,0,0.37755102,0,0.733333333,0.333333333,0,0,1,1,0.951219512
0,0.287671233,0.07364109,0.533333333,0,0,0.397959184,0,0.733333333,0.333333333,0,0,1,1,0.951219512
0,0.698630137,0.325467234,0.8,0,0,0.193877551,0.875,0.6,0.333333333,0.285714286,0,1,1,0.951219512
1,0.547945205,0.208000054,0.8,0,0,0.397959184,0.5,0.6,0.333333333,0.5,0,1,1,0.756097561
0,0.246575342,0.028866496,0.533333333,0,0,0.397959184,0.5,0.733333333,0.333333333,0.214285714,0,1,1,0.951219512
0,0.150684932,0.081455773,0.866666667,0,0,0.397959184,0.75,0.8,0.666666667,0.714285714,0.2,1,1,0.951219512
0,0.164383562,0.177810928,0.6,0,0,0.397959184,0.25,1,0.333333333,0.785714286,0.6,0.5,1,0.951219512
0,0.136986301,0.239244578,0.733333333,0,0,0.581632653,0.875,0.466666667,0.666666667,0.285714286,0.2,1,0,0.951219512
0,0.246575342,0.108031513,0.533333333,0,0,0.397959184,0.5,0.733333333,0.333333333,0.5,0,1,1,0.951219512
1,0.191780822,0.210876691,0.533333333,0,0,0.397959184,0.5,0.733333333,0.333333333,0.285714286,1,1,0,0.951219512
0,0.109589041,0.182899165,0.533333333,0,0,0.397959184,0.75,0.733333333,0.333333333,0.214285714,0,1,1,0.951219512
0,0.712328767,0.105884184,0.2,0,0,0.479591837,0,0.333333333,0.333333333,0,0,1,1,0.951219512
1,0.452054795,0.152582174,0.533333333,0,0,0.397959184,0.5,0.733333333,0.333333333,1,0,1,1,0.951219512
0,0.575342466,0.21715834,0.866666667,0,0,0.346938776,0.5,0.8,0.333333333,0.214285714,1,0.25,0,0.731707317
1,0.383561644,0.11488619,0.8,0,0,0.397959184,0.25,0.6,0.333333333,0.857142857,0,1,1,0.951219512
1,0.369863014,0.145577983,0.6,0,0,0.397959184,0.5,1,0.333333333,1,0,0.5,1,0.951219512
0,0.04109589,0.286830186,0.6,0,0,0.346938776,0.5,1,0.666666667,0.571428571,0.6,1,1,0.951219512
0,0.095890411,0.202346232,0.8,0,0,0.397959184,0.5,0.6,0.666666667,0.714285714,0.2,1,0,0.951219512
0,0.287671233,0.086483122,0.6,0,0,0.193877551,0.75,1,0.666666667,0.571428571,0.2,1,0,0.951219512
0,0.452054795,0.123284724,0.866666667,0,0,0.5,0.625,0.8,0.666666667,0.714285714,0.2,0.5,1,0.926829268
0,0.438356164,0.140358497,0.533333333,0,0,0.397959184,0.5,0.733333333,0.333333333,0.285714286,0,1,1,0.951219512
0,0.191780822,0.017355889,0.6,0,0,0.428571429,0.5,1,0.333333333,0.857142857,0,1,1,0.951219512
0,0.328767123,0.079547261,0.533333333,0,0,0.397959184,0.875,0.733333333,0,0.214285714,0.8,1,1,0.951219512
0,0.616438356,0.101746481,0.8,0,0,0.397959184,0.875,0.6,0.333333333,0.285714286,0,1,1,0.951219512
0,0.534246575,0.114914604,0.533333333,0,0,0.397959184,0.5,0.733333333,0.333333333,0.214285714,0,1,1,0.951219512
0,0.191780822,0.06788511,0.533333333,0,0,0.397959184,0.5,0.733333333,0.333333333,1,0,0,1,0.951219512
1,0.589041096,0.352178281,0.066666667,0,0,0.397959184,0.5,0.2,0.333333333,0.214285714,0,1,1,0.634146341
0,0.178082192,0.475140297,0.6,0,0,0.448979592,0.875,1,0.666666667,0.785714286,0.2,0.5,1,0.951219512
0,0.109589041,0.057219499,0.533333333,0.021740217,0,0.397959184,0.5,0.733333333,0.666666667,0.071428571,0.6,1,0,0.951219512
0,0.082191781,0.066783031,0.6,0,0,0.397959184,0.5,1,0.666666667,0.071428571,0.6,0.25,0,0.731707317
1,0.232876712,0.11689077,0.6,0,0,0.448979592,0.5,1,0.333333333,0.5,0,1,1,0.951219512
0,0.205479452,0.358551263,0.533333333,0,0,0.397959184,0.875,0.733333333,0.666666667,0.071428571,0.2,1,0,0.951219512
0,0.054794521,0.178021331,0.6,0,0,0.397959184,0.5,1,0.666666667,0.214285714,0.6,1,0,0.951219512
0,0.205479452,0.045723777,0.6,0.02597026,0,0.397959184,0.5,1,0.333333333,0.285714286,0.6,1,0,0.585365854
0,0.150684932,0.080524858,0.466666667,0,0,0.193877551,0,0.133333333,0.333333333,0,1,1,0,0.268292683
1,0.342465753,0.113149518,0.533333333,0,0,0.397959184,0.5,0.733333333,0.333333333,0.214285714,0,1,1,0.951219512
0,0.369863014,0.101306732,0.4,0,0,0.43877551,0.5,0.066666667,0,0.857142857,0.8,1,0,0.951219512
0,0.082191781,0.096498581,0.133333333,0,0,0.5,0,0.266666667,0.666666667,0,0.2,1,1,0.951219512
0,0.178082192,0.210256983,0.533333333,0,0,0.295918367,0.5,0.733333333,0.666666667,0.071428571,0.2,1,0,0.951219512
1,0.232876712,0.068704397,0.6,0,0,0.448979592,0.5,1,0.333333333,0.857142857,0,1,1,0.951219512
0,0.301369863,0.166196135,0.533333333,0,0,0.397959184,0.5,0.733333333,0.666666667,0.285714286,0.2,1,1,0.951219512
0,0.328767123,0.113649479,0.866666667,0,0,0.346938776,0.875,0.8,0.666666667,0.714285714,0.6,1,0,0.951219512
1,0.506849315,0.096709661,0.8,0.140841408,0,0.397959184,0.5,0.6,0.666666667,0.071428571,0.2,1,0,0.951219512
0,0.438356164,0.264409062,0.533333333,0,0,0.316326531,0.5,0.733333333,0,0.571428571,0.8,0.5,0,0.951219512
1,0.643835616,0.185003873,0.333333333,0,0,0.5,0,0,0.333333333,0,0,1,1,0.951219512
0,0.02739726,0.126091678,0.533333333,0,0,0.397959184,0.5,0.733333333,0.666666667,0.5,0.4,1,1,0.951219512
0,0.767123288,0.1127896,0.533333333,0,0,0.06122449,0.5,0.733333333,1,0.857142857,0.2,1,0,0.951219512
1,0.287671233,0.107478106,0.733333333,0,0,0.397959184,0.5,0.466666667,0.333333333,0.714285714,0,1,1,0.951219512
1,0.328767123,0.096128515,0.8,0,0.433195592,0.5,0.5,0.6,0.333333333,0.285714286,0,1,1,0.951219512
0,0.109589041,0.236252254,0.8,0.033250333,0,0.397959184,0.5,0.6,0.666666667,0.857142857,0.2,1,1,0.951219512
0,0.287671233,0.087771926,0.533333333,0,0,0.397959184,0.875,0.733333333,0.333333333,0.071428571,1,0.5,0,0.951219512
0,0.178082192,0.126684324,0.533333333,0,0.436639118,0.397959184,0.875,0.733333333,0.333333333,0.071428571,0,1,1,0.951219512
1,0.191780822,0.120124618,0.533333333,0,0,0.469387755,0.25,0.733333333,0,0.785714286,0.2,1,1,0.951219512
1,0.561643836,0.048674156,0.333333333,0,0,0.5,0.5,0,0.333333333,1,0,1,1,0.951219512
1,0.767123288,0.068439195,0.133333333,0,0,0.540816327,0.5,0.266666667,0.333333333,0.285714286,0,1,1,0.951219512
0,0.123287671,0.094546094,0.533333333,0,0,0.397959184,0.5,0.733333333,0.666666667,0.285714286,0.2,1,0,0.951219512
0,0.273972603,0.069331547,0.6,0,0,0.397959184,0.5,1,0.666666667,0.5,0.2,1,0,0.951219512
1,0.410958904,0.074953573,0.866666667,0,0,0.5,0.625,0.8,0.333333333,0.857142857,0,1,1,0.951219512
0,0.369863014,0.037608035,0.6,0,0.143480257,0.5,0.5,1,0,0.857142857,0.8,1,1,0.951219512
0,0.561643836,0.090174986,0.4,0,0,0.397959184,0.5,0.066666667,0.333333333,0.214285714,0,1,1,0.951219512
0,0.356164384,0.073060621,0.8,0,0,0.448979592,0.5,0.6,0.666666667,0.714285714,0.6,1,1,0.951219512
0,0.04109589,0.115896936,0.6,0,0,0.5,0.5,1,0.666666667,0.428571429,0.6,1,1,0.951219512
0,0.273972603,0.108210119,0.533333333,0,0,0.295918367,0.5,0.733333333,0,0.571428571,0.2,0.5,0,0.951219512
0,0.109589041,0.126471215,0.6,0,0,0.295918367,0.5,1,0.666666667,0.428571429,0.6,1,1,0.951219512
0,0.02739726,0.1390176,0.6,0.005940059,0,0.091836735,0,1,0.666666667,0,0.6,1,0,0.951219512
0,0.602739726,0.249085491,0.2,0,0,0.397959184,0.5,0.333333333,0.333333333,0.357142857,0,0.5,1,0.951219512
0,0.260273973,0.093540083,0.533333333,0,0,0.295918367,0.5,0.733333333,0.666666667,0.5,0.2,1,0,0.951219512
0,0.356164384,0.163366179,0.6,0,0,0.397959184,0.5,1,0.333333333,0.928571429,1,0.5,0,0.951219512
0,0.424657534,0.019200806,0.533333333,0,0,0.397959184,0.25,0.733333333,0.333333333,0.571428571,0,1,1,0.951219512
0,0.479452055,0.049050987,0.333333333,0,0,0.397959184,0.5,0,0.666666667,0.5,0.2,1,1,0.951219512
0,0.712328767,0.043740846,0.533333333,0,0,0.397959184,0.5,0.733333333,1,0.285714286,0.2,1,0,0.951219512
1,0.342465753,0.072160826,0.8,0,0,0.397959184,0.5,0.6,0.333333333,0.285714286,0,1,1,0.951219512
0,0.178082192,0.028850259,0.533333333,0,0,0.551020408,0.5,0.733333333,0.333333333,0.857142857,0,1,1,0.951219512
0,0.04109589,0.014908177,0.6,0,0,0.295918367,0,1,0.666666667,0,0.6,1,0,0.951219512
0,0.04109589,0.092816188,0.6,0,0,0.244897959,0,1,0.666666667,0,0.4,1,0,0.951219512
0,0.397260274,0.080165616,0.6,0,0,0.397959184,0.5,1,0.333333333,0.071428571,0,1,1,0.951219512
1,0.534246575,0.086144177,0.8,0,0,0.448979592,0.5,0.6,0,0.285714286,0.2,1,1,0.951219512
0,0.246575342,0.134332579,0.733333333,0,0,0.397959184,0.5,0.466666667,0.333333333,0.285714286,0,1,1,0.804878049
0,0.561643836,0.117158678,0.533333333,0,0,0.448979592,0.5,0.733333333,0.333333333,1,0,1,1,0.951219512
0,0.164383562,0.096153547,0.666666667,0,0,0.397959184,0.5,0.533333333,0.666666667,0.928571429,0.6,1,1,0.951219512
0,0.328767123,0.158848939,0.533333333,0,0,0.5,0.5,0.733333333,0,0.285714286,0.2,1,1,0.951219512
0,0.178082192,0.069517595,0.533333333,0,0,0.397959184,0.5,0.733333333,0.333333333,1,0,1,1,0.951219512
1,0.356164384,0.083061873,0.866666667,0,0,0.5,0.875,0.8,0.333333333,0.285714286,0,1,1,0
0,0.383561644,0.179971112,0.733333333,0,0,0.397959184,0.25,0.466666667,0.333333333,0.285714286,0,1,1,0.951219512
0,0.205479452,0.100661992,0.533333333,0,0,0.397959184,0.5,0.733333333,0.666666667,0.214285714,0.8,1,1,0.951219512
0,0.301369863,0.037143253,0.533333333,0,0,0.397959184,0.25,0.733333333,0.666666667,0.285714286,0.6,0,0,0.951219512
0,0.219178082,0.109223572,0.866666667,0,0,0.397959184,0.5,0.8,0.333333333,0.714285714,0,1,1,0.951219512
0,0.164383562,0.204815593,0.533333333,0,0,0.397959184,0,0.733333333,0,0,0.8,1,0,0.951219512
1,0.301369863,0.047637701,0.933333333,0.135501355,0,0.704081633,0.5,0.933333333,0,0.714285714,0.2,0.5,0,0.951219512
0,0.205479452,0.096539173,0.533333333,0,0,0.653061224,0.5,0.733333333,0.666666667,1,0.2,1,1,0.951219512
1,0.287671233,0.23168292,0.666666667,0,0,0.357142857,0.5,0.533333333,0.333333333,0.714285714,0,0.25,1,0.731707317
0,0.191780822,0.140979558,0.8,0.068490685,0,0.397959184,0.25,0.6,0.666666667,0.714285714,0.6,1,0,0.951219512
1,0.410958904,0.090216932,0.666666667,0,0,0.479591837,0.5,0.533333333,0.333333333,0.428571429,0,1,1,0.951219512
0,0.589041096,0.112146213,0.533333333,0,0,0.37755102,0.5,0.733333333,0,0.571428571,0.8,0.5,0,0.951219512
1,0.342465753,0.174173187,0.866666667,1,0,0.806122449,0.75,0.8,0.333333333,0.857142857,0,1,1,0.951219512
1,0.342465753,0.071854355,0.6,0,0,0.43877551,0.5,1,0.333333333,0.714285714,0,1,1,0.951219512
1,0.369863014,0.224140882,0.533333333,0.143441434,0,0.397959184,0.5,0.733333333,0,0.214285714,0.2,1,0,0.951219512
0,0.01369863,0.1172013,0.533333333,0,0,0.326530612,0.5,0.733333333,0.666666667,0.857142857,0.6,1,0,0.951219512
1,0.150684932,0.048887942,0.8,0,0,0.397959184,0.5,0.6,0.333333333,0.928571429,0,1,1,0.951219512
0,0.315068493,0.25606668,0.533333333,0,0,0.479591837,0.875,0.733333333,0,0.571428571,0.2,0.5,0,0.951219512
0,0.438356164,0.085908742,0.6,0,0,0.397959184,0.5,1,0.666666667,0.214285714,0.6,1,1,0.951219512
0,0.219178082,0.060783498,0.6,0,0,0.397959184,0,1,0.666666667,0,0.6,1,1,0.951219512
0,0.342465753,0.260508147,0.533333333,0.033250333,0,0.397959184,0.5,0.733333333,0.666666667,0.214285714,0.2,1,1,0.951219512
0,0.301369863,0.164481113,0.533333333,0,0,0.397959184,0.125,0.733333333,0.333333333,0.214285714,0,1,1,0.951219512
0,0.178082192,0.075099705,0.6,0,0,0.397959184,0.5,1,0.833333333,0.5,0.2,1,1,0.951219512
1,0.342465753,0.135719481,0.8,0,0.433195592,0.397959184,0.5,0.6,0.333333333,0.857142857,0,1,1,0.951219512
0,0.438356164,0.125249389,0.533333333,0,0,0.193877551,0.5,0.733333333,1,0.071428571,0.8,1,0,0.951219512
0,0.04109589,0.242744306,0.533333333,0,0,0.397959184,0,0.733333333,0.666666667,0,0.6,1,0,0.951219512
1,0.369863014,0.072911783,0.733333333,0.043860439,0,0.448979592,0.5,0.466666667,0.333333333,0.285714286,0,1,1,0.951219512
0,0.01369863,0.152465133,0.6,0,0,0.295918367,0.5,1,0.666666667,0.071428571,0.6,1,1,0.951219512
0,0.452054795,0.117906929,0.8,0,0,0.5,0.75,0.6,0.333333333,0.857142857,0,1,1,0.951219512
0,0.01369863,0.220785933,0.4,0,0,0.153061224,0.5,0.066666667,0.666666667,0.571428571,0.6,1,1,0.951219512
0,0.136986301,0.130038596,0.333333333,0,0,0.755102041,0.5,0,0,1,0.2,0,1,0.951219512
0,0.328767123,0.152964418,0.533333333,0,0,0.397959184,0.5,0.733333333,0,0.928571429,0.8,1,0,0.951219512
0,0.095890411,0.101478572,0.533333333,0,0,0.397959184,0.5,0.733333333,0.666666667,0.214285714,0.2,1,1,0.951219512
0,0.095890411,0.120240983,0.533333333,0,0,0.397959184,0.5,0.733333333,0.666666667,0.857142857,0.6,1,1,0.951219512
0,0.01369863,0.019306346,0.4,0,0,0.142857143,0.5,0.066666667,0.666666667,0.428571429,0.6,1,1,0.951219512
0,0.136986301,0.014862849,0.8,0,0,0.397959184,0.25,0.6,0.333333333,0.785714286,0,1,1,0.951219512
0,0.808219178,0.143272343,0.333333333,0,0,0.193877551,0.25,0,0,1,0.2,0.5,1,0.951219512
1,0.506849315,0.119425079,1,0,0,0.5,0.875,0.666666667,0.666666667,0.285714286,0.2,1,0,0.951219512
1,0.287671233,0.059542052,0.2,0,0,0.5,0.5,0.333333333,0.333333333,0.5,1,1,0,0.048780488
0,0.534246575,0.116545736,0.333333333,0,0,0.56122449,0.5,0,0,0.214285714,0.2,1,1,0.951219512
0,0.698630137,0.104094742,0.533333333,0,0.506427916,0.295918367,0.5,0.733333333,1,0.071428571,0.2,1,0,0.951219512
1,0.246575342,0.131776621,0.8,0.105201052,0,0.448979592,0.5,0.6,0.666666667,0.857142857,0.2,1,1,0.951219512
0,0.260273973,0.295005463,0.533333333,0,0,0.397959184,0.5,0.733333333,0.833333333,0.857142857,0.8,0.5,0,0.951219512
0,0.068493151,0.325244653,0.533333333,0,0,0.397959184,0.5,0.733333333,0.666666667,0.571428571,0.6,0.5,1,0.951219512
0,0.01369863,0.013377849,0.4,0,0,0.397959184,0.5,0.066666667,0.666666667,0.428571429,0.6,1,1,0.951219512
0,0.150684932,0.121757779,0.8,0,0,0.397959184,0.5,0.6,0.333333333,0.714285714,0,1,1,0.585365854
0,0.397260274,0.103102262,0.666666667,0,0,0.397959184,0.5,0.533333333,0.833333333,0.714285714,0.2,1,1,0.951219512
0,0.150684932,0.079384216,0.6,0,0,0.397959184,0,1,0.666666667,0,0.4,1,1,0.951219512
0,0.082191781,0.272143913,0.6,0,0,0.397959184,0.5,1,0.666666667,0.5,0.6,0.5,1,0.951219512
0,0.794520548,0.063992315,0.4,0,0,0.397959184,0.75,0.066666667,1,0.857142857,0.2,1,1,0.951219512
0,0.630136986,0.292861516,0.8,0,0,0.56122449,0,0.6,1,0,0.2,0,0,0.951219512
1,0.301369863,0.078769243,0.533333333,0.105201052,0,0.397959184,0.5,0.733333333,0,0.071428571,0.2,1,1,0.951219512
0,0,0.146191602,0.333333333,0,0,0.295918367,0,0,0.666666667,0,0.6,1,1,0.951219512
0,0.02739726,0.023080072,0.6,0,0,0.234693878,0,1,0.666666667,0,0.2,1,0,0.951219512
0,0.04109589,0.276492695,0.6,0,0,0.193877551,0.5,1,0.666666667,0.071428571,0.6,1,0,0.951219512
1,0.383561644,0.201591216,0.8,0,0,0.5,0.25,0.6,0.333333333,0.714285714,0,1,1,0.951219512
0,0.191780822,0.309162684,0.533333333,0,0,0.5,0.125,0.733333333,0,0.214285714,0.8,0.5,1,0.951219512
0,0.273972603,0.05079713,0.266666667,0,0,0.397959184,0,0.4,0,0,0.8,1,0,0.951219512
0,0.328767123,0.18763831,0.666666667,0,0,0.479591837,0.625,0.533333333,0.666666667,0.285714286,0.2,1,1,0.951219512
0,0.178082192,0.093846555,0.133333333,0.034640346,0,0.397959184,0.5,0.266666667,0.333333333,0.5,0,1,1,0.634146341
0,0.410958904,0.043519618,0.533333333,0,0,0.5,0.5,0.733333333,0.333333333,0.714285714,0,1,1,0.951219512
0,0.410958904,0.027406528,0.6,0,0,0.459183673,0.5,1,0.333333333,0.5,0,1,1,0.951219512
1,0.547945205,0.114087875,0.533333333,0,0,0.397959184,0.5,0.733333333,0.333333333,1,0,1,1,0.951219512
1,0.356164384,0.130835557,0.6,0,0,0.755102041,0.125,1,0.333333333,0.928571429,0,1,1,0.951219512
0,0.232876712,0.068383718,0.733333333,0,0,0.346938776,0.5,0.466666667,0.333333333,0.571428571,0,1,1,0.951219512
1,0.246575342,0.236519486,0.733333333,0,0,0.397959184,0.5,0.466666667,0.333333333,0.928571429,0,1,1,0.951219512
0,0.164383562,0.028310382,0.6,0,0,0.295918367,0.5,1,0.666666667,0.857142857,0.2,1,1,0.951219512
1,0.383561644,0.095660351,0.6,0,0,0.397959184,0.5,1,0.333333333,0.071428571,0,0.5,1,0.951219512
1,0.178082192,0.065622093,0.8,0,0,0.520408163,0.625,0.6,0.333333333,0.857142857,0,1,1,0.951219512
0,0.287671233,0.129591405,0.533333333,0.034640346,0,0.397959184,0.5,0.733333333,0.333333333,0.857142857,0,1,1,0.097560976
1,0.547945205,0.087301056,0.533333333,0,0,0.5,0.5,0.733333333,0.333333333,0.857142857,0,1,1,0.951219512
0,0.397260274,0.113376835,0.533333333,0,0,0.397959184,0.5,0.733333333,0.333333333,0.214285714,0,1,1,0.951219512
0,0.246575342,0.192443078,0.4,0.068490685,0,0.602040816,0,0.066666667,0.833333333,0,0.2,1,0,0.951219512
0,0.01369863,0.230262869,0.533333333,0,0,0.397959184,0.5,0.733333333,0.666666667,0.071428571,0.6,1,0,0.951219512
0,0.397260274,0.1723966,0.133333333,0,0,0.448979592,0.5,0.266666667,0.333333333,0.214285714,1,1,0,0.536585366
0,0.328767123,0.032239034,0.533333333,0,0,0.428571429,0.5,0.733333333,0,0.071428571,0.8,1,0,0.951219512
1,0.465753425,0.146930381,0.866666667,0.150241502,0,0.5,0.625,0.8,0.333333333,0.285714286,0,1,1,0.951219512
0,0.150684932,0.182741532,0.533333333,0,0,0.346938776,0.75,0.733333333,0,0.214285714,0.2,1,1,0.951219512
1,0.178082192,0.205230987,0.866666667,0,0,0.448979592,0.5,0.8,0.666666667,0.714285714,0.2,0.25,1,0.487804878
0,0.054794521,0.123999824,0.6,0,0,0.244897959,0.5,1,0.666666667,0.071428571,0.6,1,0,0.951219512
0,0.095890411,0.161907565,0.533333333,0,0,0.397959184,0.5,0.733333333,0.666666667,0.071428571,0.6,1,0,0.951219512
0,0.123287671,0.144781022,0.8,0,0,0.397959184,0.5,0.6,0.666666667,0.071428571,0.2,1,1,0.951219512
0,0.205479452,0.142250772,0.533333333,0,0,0.397959184,0.5,0.733333333,0,0.071428571,0.6,1,0,0.951219512
0,0.123287671,0.272394908,0.533333333,0,0,0.397959184,0.5,0.733333333,0.666666667,0.928571429,0.4,1,1,0.951219512
0,0.109589041,0.164160434,0.4,0,0,0.397959184,0.5,0.066666667,0.333333333,1,0,1,1,0.951219512
0,0.767123288,0.095284873,0.6,0,0,0.091836735,0.5,1,1,0.642857143,0.8,1,0,0.951219512
0,0.04109589,0.191783454,0.6,0,0,0.397959184,0,1,0.666666667,0,0.6,1,0,0.951219512
0,0.205479452,0.095517602,0.533333333,0,0,0.346938776,0.5,0.733333333,0.666666667,0.357142857,0.2,1,1,0.951219512
0,0.01369863,0.127588855,0.4,0,0,0.153061224,0.5,0.066666667,0.666666667,1,0.6,1,1,0.951219512
0,0.479452055,0.198782233,0.533333333,0,0,0.397959184,0.5,0.733333333,0.333333333,0.5,0,1,1,0.951219512
0,0.369863014,0.0354147,0.8,0,0,0.551020408,0.25,0.6,0.666666667,0.714285714,0.2,1,1,0.951219512
0,0.123287671,0.305975516,0.133333333,0,0,0.397959184,0.5,0.266666667,0.666666667,0.428571429,0.2,1,1,0.634146341
1,0.589041096,0.125340721,0.6,0.076880769,0,0.5,0.625,1,0.333333333,0.285714286,0,1,1,0.951219512
0,0.02739726,0.246432111,0.533333333,0,0,0.295918367,0.5,0.733333333,0.666666667,0.071428571,0.2,1,0,0.951219512
0,0.369863014,0.126340643,0.6,0,0.316804408,0.397959184,0.5,1,0,1,0.6,1,1,0.951219512
0,0.01369863,0.112322113,0.6,0,0,0.193877551,0.5,1,0.666666667,0.071428571,0.6,1,0,0.951219512
0,0.356164384,0.015527209,0.6,0,0,0.846938776,0.75,1,0.333333333,0.357142857,0,1,1,0.951219512
0,0.452054795,0.108881244,0.866666667,0,0,0.397959184,0.25,0.8,0.333333333,0.714285714,1,1,0,0.951219512
0,0.301369863,0.065038241,0.6,0,0,0.397959184,0.5,1,0.333333333,0.214285714,0,1,1,0.951219512
0,0.082191781,0.067553607,0.8,0,0,0.397959184,0.875,0.6,0.666666667,0.714285714,0.2,0.75,0,0.048780488
1,0.356164384,0.177305555,0.8,0,0.436639118,0.397959184,0.5,0.6,0.333333333,0.285714286,0,1,1,0.219512195
0,0.01369863,0.138012942,0.4,0,0,0.193877551,0.5,0.066666667,0.666666667,0.071428571,0.6,1,0,0.951219512
0,0.616438356,0.151027491,0.533333333,0,0,0.479591837,0,0.733333333,0.333333333,0,0,1,1,0.951219512
0,0.191780822,0.128653725,0.533333333,0,0.361111111,0.397959184,0.5,0.733333333,0.333333333,0.5,0,1,1,0.951219512
0,0.561643836,0.057693075,0.533333333,0,0,0.37755102,0.5,0.733333333,0.333333333,0.857142857,1,1,0,0.951219512
0,0.205479452,0.097542478,0.533333333,0,0,0.397959184,0.5,0.733333333,0.333333333,0.214285714,0,1,1,0.951219512
0,0.04109589,0.125361017,0.533333333,0,0,0.397959184,0,0.733333333,0.333333333,0,1,1,0,0.951219512
0,0.01369863,0.032944663,0.333333333,0,0,0.295918367,0.5,0,0.666666667,0.571428571,0.6,1,0,0.951219512
0,0.01369863,0.090859642,0.533333333,0,0,0.602040816,0.25,0.733333333,0.666666667,0.571428571,0.6,1,1,0.951219512
0,0.684931507,0.156260507,0.266666667,0,0,0.142857143,0,0.4,0.333333333,0,0,1,1,0.951219512
0,0,0.089961201,0.4,0,0,0.244897959,0,0.066666667,0.666666667,0,0.4,1,0,0.951219512
0,0.246575342,0.021261539,0.666666667,0,0,0.448979592,0.875,0.533333333,0.333333333,0.928571429,0,1,1,0.951219512
1,0.219178082,0.212992223,0.866666667,0,0,0.602040816,0.5,0.8,0.333333333,0.285714286,0,1,1,0.951219512
0,0.547945205,0.089049228,0.8,0,0,0.397959184,0.25,0.6,0,0.285714286,0.2,1,1,0.951219512
0,0.123287671,0.147276768,0.266666667,0,0,0.346938776,0.5,0.4,0.333333333,0.214285714,0,1,1,0.951219512
0,0.246575342,0.216696942,0.533333333,0,0,0.295918367,0.5,0.733333333,0,0.571428571,0.8,1,0,0.951219512
0,0.178082192,0.181816029,0.533333333,0,0,0.663265306,0.75,0.733333333,0.666666667,0.857142857,0.8,1,1,0.951219512
0,0.342465753,0.197765397,0.6,0,0,0.397959184,0.5,1,0.333333333,0.214285714,0,1,1,0.951219512
0,0.383561644,0.139142083,0.533333333,0,0,0.397959184,0.5,0.733333333,0.333333333,0.214285714,0,0.75,1,0.634146341
0,0.273972603,0.028624295,0.533333333,0,0,0.397959184,0.125,0.733333333,0.666666667,0.071428571,0.8,0.5,0,0.951219512
0,0.602739726,0.143664735,0.533333333,0,0,0.397959184,0.875,0.733333333,1,0.071428571,0.2,1,0,0.951219512
0,0.109589041,0.140719092,0.533333333,0,0,0.397959184,0.5,0.733333333,0.666666667,1,0.8,1,1,0.634146341
1,0.260273973,0.134400909,0.8,0,0,0.397959184,0.5,0.6,0.333333333,0.714285714,0,1,1,0.951219512
0,0.383561644,0.247255457,0.266666667,0,0,0.397959184,0.5,0.4,0.333333333,1,0,1,1,0.951219512
0,0.328767123,0.147305859,0.533333333,0,0,0.397959184,0.5,0.733333333,0.333333333,0.214285714,0,0.75,1,0.951219512
0,0.082191781,0.121207754,0.533333333,0,0,0.397959184,0,0.733333333,0.666666667,0,0.6,1,1,0.951219512
0,0.684931507,0.06767606,0.333333333,0,0,0.397959184,0.625,0,0.333333333,0.214285714,0,1,1,0.951219512
0,0.191780822,0.01300643,0.733333333,0,0,0.397959184,0.5,0.466666667,0.333333333,0.214285714,0,1,1,0.951219512
1,0.287671233,0.014674095,0.533333333,0,0,0.397959184,0.5,0.733333333,0.333333333,0.285714286,0.4,1,1,0.951219512
0,0.054794521,0.139474939,0.6,0,0,0.397959184,0.25,1,0.666666667,0.071428571,0.6,1,0,0.634146341
0,0.232876712,0.220386776,0.533333333,0,0,0.602040816,0.75,0.733333333,0.333333333,0.357142857,0,1,1,0.951219512
1,0.397260274,0.102656424,0.6,0,0,0.704081633,0.875,1,0.333333333,0.785714286,0,0.5,1,0.951219512
0,0.260273973,0.052323398,0.533333333,0,0,0.397959184,0.875,0.733333333,0.666666667,0.785714286,0.4,0.25,0,0.951219512
0,0.520547945,0.050212602,0.533333333,0,0,0.193877551,0.5,0.733333333,0.333333333,0.928571429,0,1,1,0.951219512
0,0.068493151,0.192050686,0.333333333,0,0,0.397959184,0.5,0,0.333333333,0.214285714,0,1,1,0.951219512
0,0,0.090644503,0.333333333,0,0,0.091836735,0.5,0,0.666666667,0.571428571,0.6,1,0,0.951219512
1,0.479452055,0.14156341,0.8,0,0,0.448979592,0.125,0.6,0.333333333,0.785714286,0,1,1,0.951219512
1,0.465753425,0.162787063,0.333333333,0,0.453856749,0.397959184,0.5,0,0.333333333,0.857142857,0,1,1,0.951219512
0,0.287671233,0.264009905,0.066666667,0,0,0.397959184,0.5,0.2,0,0.357142857,0.8,1,1,0.902439024
0,0.068493151,0.20545695,0.6,0,0,0.397959184,0.5,1,0.666666667,0.857142857,0.2,1,0,0.951219512
0,0.123287671,0.096284119,0.533333333,0,0,0.397959184,0.5,0.733333333,0,0.857142857,0.8,1,0,0.951219512
0,0.684931507,0.173529123,0.8,0,0.346648301,0.071428571,0.5,0.6,0.333333333,0.071428571,0,1,1,0.951219512
0,0.246575342,0.11374893,0.533333333,0,0,0.397959184,0.5,0.733333333,0.666666667,0.5,0.2,1,1,0.951219512
0,0.04109589,0.171963616,0.533333333,0,0,0.397959184,0.5,0.733333333,0.333333333,0.214285714,0,1,1,0.951219512
0,0.493150685,0.146782896,0.466666667,0.050130501,0,0.448979592,0.5,0.133333333,0.333333333,1,0,1,1,0.951219512
0,0.260273973,0.231895353,0.533333333,0,0,0.275510204,0.5,0.733333333,0.833333333,0.571428571,0.8,0.5,0,0.951219512
0,0.301369863,0.197356769,0.6,0.033250333,0,0.397959184,0.625,1,0,0.214285714,0.2,1,1,0.951219512
0,0.726027397,0.139039249,0.8,0,0,0.142857143,0.625,0.6,0.333333333,0.857142857,0,1,1,0.951219512
0,0.410958904,0.012294037,0.666666667,0,0,0.397959184,0.5,0.533333333,0.333333333,0.571428571,0,1,1,0.951219512
0,0.410958904,0.119101017,0.533333333,0,0,0.244897959,0.5,0.733333333,0.333333333,1,0,1,1,0.951219512
1,0.397260274,0.212437463,0.866666667,0,0,0.397959184,0.25,0.8,0.333333333,0.285714286,0,1,1,0.951219512
0,0.479452055,0.124045152,0.533333333,0,0,0.448979592,0.5,0.733333333,0.666666667,0.571428571,0.8,1,0,0.951219512
0,0.136986301,0.1218437,0.933333333,0,0,0.397959184,0.5,0.933333333,0.333333333,0.071428571,0,1,1,0.951219512
0,0.602739726,0.060198293,0.6,0,0,0.428571429,0.5,1,0,0.071428571,0.8,1,0,0.951219512
0,0.465753425,0.089166946,0.533333333,0,0,0.397959184,0.5,0.733333333,0.666666667,0.5,0.6,1,0,0.951219512
0,0.260273973,0.01494674,0.666666667,0.039080391,0,0.755102041,0.75,0.533333333,0.333333333,0.357142857,0,1,1,0.951219512
0,0.219178082,0.049967695,0.6,0,0,0.397959184,0.5,1,0.666666667,0.285714286,0.6,0.25,1,0.731707317
0,0.123287671,0.195707371,0.533333333,0,0,0.397959184,0.5,0.733333333,0.333333333,0.214285714,0,1,1,0.951219512
1,0.328767123,0.141844173,0.6,0,0.433195592,0.5,0.5,1,0.333333333,0.285714286,0,1,1,0.951219512
0,0.739726027,0.10148872,0.533333333,0,0,0.193877551,0.5,0.733333333,1,0.857142857,0.8,1,0,0.951219512
0,0.068493151,0.031728925,0.533333333,0,0,0.295918367,0.5,0.733333333,0.666666667,0.5,0.2,1,1,0.951219512
1,0.493150685,0.105110901,0.533333333,0,0,0.397959184,0.5,0.733333333,0.333333333,0.214285714,0,1,1,0.951219512
0,0.136986301,0.084810722,0.8,0,0.365013774,0.397959184,0.5,0.6,0.666666667,0.857142857,0.2,0.5,0,0.951219512
0,0.191780822,0.090411774,0.6,0,0,0.346938776,0.5,1,0,0.5,0.8,1,0,0.951219512
0,0.01369863,0.273494282,0.266666667,0,0,0.153061224,0.5,0.4,0.666666667,0.428571429,0.6,1,1,0.951219512
0,0.342465753,0.218496531,0.666666667,0,0,0.357142857,0.25,0.533333333,0,0.714285714,0.2,1,0,0.951219512
0,0.04109589,0.101398741,0.6,0,0,0.448979592,0.5,1,0.666666667,0.642857143,0.6,1,0,0.951219512
1,0.301369863,0.059364123,0.533333333,0,0,0.142857143,0.5,0.733333333,0.333333333,0.785714286,1,1,0,0.951219512
0,0.383561644,0.046577567,0.533333333,0,0,0.397959184,0.5,0.733333333,0.333333333,0.571428571,0,0.25,1,0.731707317
0,0.205479452,0.04008822,0.6,0,0,0.397959184,0.5,1,0,0.714285714,0.2,1,1,0.951219512
0,0.397260274,0.234696218,0.6,0,0,0.448979592,0.25,1,0,0.071428571,0.8,1,0,0.951219512
1,0.301369863,0.039719508,0.8,0.150241502,0,1,0.5,0.6,0.333333333,1,0,1,1,0.951219512
0,0.04109589,0.081027525,0.533333333,0,0,0.397959184,0,0.733333333,0.666666667,0,0.2,1,0,0.951219512
0,0.054794521,0.203415161,0.533333333,0,0,0.397959184,0.5,0.733333333,0.666666667,0.214285714,0.6,0.5,1,0.951219512
0,0.02739726,0.215998755,0.333333333,0,0,0.397959184,0.5,0,0.666666667,0.571428571,0.2,1,0,0.951219512
0,0.205479452,0.201349692,0.333333333,0,0,0.244897959,0.5,0,0.666666667,0.571428571,0.8,1,0,0.951219512
0,0.602739726,0.111213268,0.866666667,0,0,0.295918367,0.25,0.8,0.333333333,0.714285714,1,1,0,0.951219512
0,0.438356164,0.055514625,0.8,0,0,0.602040816,0.5,0.6,0.333333333,0.214285714,0,1,1,0.951219512
0,0.164383562,0.148375465,0.4,0,0,0.602040816,0.5,0.066666667,0.333333333,0.214285714,0,1,1,0.951219512
0,0.04109589,0.029076222,0.6,0,0,0.397959184,0,1,0.666666667,0,0.6,1,1,0.951219512
0,0,0.152298028,0.4,0,0,0.193877551,0.5,0.066666667,0.666666667,0.857142857,0.6,1,1,0.951219512
1,0.589041096,0.027477564,0.533333333,0,0,0.418367347,0.75,0.733333333,0.333333333,0.214285714,0,1,1,0.951219512
0,0.452054795,0.176746058,0.2,0,0,0.489795918,0.5,0.333333333,0.333333333,0.857142857,0,0.75,1,0.146341463
0,0.178082192,0.112677295,0.6,0,0,0.551020408,0.5,1,0.333333333,0.857142857,0,1,1,0.951219512
1,0.260273973,0.066870981,0.8,0,0,0.479591837,0.5,0.6,0.333333333,0.714285714,0,1,1,0.951219512
0,0.383561644,0.051403308,0.533333333,0,0,0.397959184,0.5,0.733333333,0.666666667,0.5,0.6,1,0,0.951219512
0,0.342465753,0.007134763,0.533333333,0,0,0.397959184,0.5,0.733333333,0.666666667,0.571428571,0.2,1,0,0.951219512
0,0.01369863,0.116359011,0.533333333,0,0,0.244897959,0.5,0.733333333,0.666666667,0.857142857,0.6,1,0,0.951219512
0,0.616438356,0.115992328,0.6,0,0,0.397959184,0.5,1,0.333333333,0.285714286,0,1,1,0.951219512
1,0.684931507,0.148377494,0.533333333,0,0,0.397959184,0.125,0.733333333,0.666666667,0.071428571,0.2,1,1,0.951219512
1,0.301369863,0.110239731,0.6,0,0.453856749,0.602040816,0.125,1,0.333333333,0.428571429,0,1,1,0.951219512
0,0.219178082,0.148966758,0.6,0,0,0.448979592,0.5,1,0.666666667,0.857142857,0.6,1,1,0.951219512
1,0.328767123,0.062181224,0.866666667,0,0,0.5,0.5,0.8,0.333333333,0.285714286,0,1,1,0.951219512
0,0.04109589,0.113075099,0.6,0,0,0.071428571,0.5,1,0.666666667,0.428571429,0.6,1,0,0.951219512
0,0.534246575,0.062915267,0.533333333,0,0.453168044,0.397959184,0.5,0.733333333,1,0.857142857,0.2,1,0,0.951219512
0,0.191780822,0.097542478,0.8,0,0,0.244897959,0.5,0.6,0.666666667,0.714285714,0.6,1,1,0.951219512
1,0.150684932,0.133223734,0.8,0,0,0.602040816,0.5,0.6,0.666666667,0.714285714,0.2,1,1,0.951219512
1,0.369863014,0.13040122,0.466666667,0,0,0.551020408,0.75,0.133333333,0.333333333,0.285714286,0,1,1,0.951219512
0,0.232876712,0.073982742,0.6,0,0,0.43877551,0.5,1,0,0.714285714,0.2,0,1,0.951219512
0,0.410958904,0.152829787,0.8,0,0,0.397959184,0.5,0.6,0,0.071428571,0.2,1,0,0.951219512
0,0.383561644,0.073363033,0.866666667,0.043860439,0,0.397959184,0.5,0.8,0.333333333,0.285714286,0,1,1,0.951219512
0,0.123287671,0.126725593,0.533333333,0,0,0.397959184,0.5,0.733333333,0.666666667,0.857142857,0.2,0.5,1,0.951219512
0,0.191780822,0.11124033,0.533333333,0,0,0.397959184,0.5,0.733333333,0,0.214285714,0.2,1,1,0.951219512
1,0.164383562,0.127624035,0.533333333,0,0,0.397959184,0.5,0.733333333,0.333333333,0.285714286,0,1,1,0.951219512
0,0.191780822,0.109064586,0.533333333,0,0,0.397959184,0.5,0.733333333,0.333333333,0.214285714,0,1,1,0.951219512
0,0.054794521,0.06556594,0.6,0,0,0.142857143,0.5,1,0.666666667,0.428571429,0.6,1,1,0.951219512
0,0.438356164,0.069252392,0.466666667,0,0,0.397959184,0,0.133333333,0,0,0.4,0.5,1,0.951219512
0,0.479452055,0.063014718,0.6,0,0,0.112244898,0,1,0.333333333,0,0,1,1,0.951219512
0,0,0.152212108,0.333333333,0,0,0.295918367,0.375,0,0.666666667,0,0.6,1,1,0.951219512
1,0.178082192,0.102769406,0.533333333,0,0,0.397959184,0.5,0.733333333,0.333333333,0.285714286,0,1,1,0.951219512
0,0.095890411,0.075567869,0.4,0,0,0.397959184,0.5,0.066666667,0.333333333,1,0,0.25,1,0.975609756
0,0.136986301,0.054620919,0.533333333,0,0,0.397959184,0.5,0.733333333,0.666666667,0.071428571,0.8,0.75,0,0.951219512
1,0.287671233,0.11997578,0.8,0,0.433195592,0.397959184,0.5,0.6,0.333333333,0.714285714,0,1,1,0.951219512
0,0.273972603,0.311364136,0.666666667,0,0,0.030612245,0.5,0.533333333,0,0.571428571,0.2,1,0,0.951219512
0,0.273972603,0.077317394,0.533333333,0,0,0.397959184,0.25,0.733333333,0.666666667,0.214285714,0.2,1,1,0.951219512
0,0.575342466,0.132675739,0.866666667,0,0,0.5,0.5,0.8,0,0.714285714,0.2,1,1,0.951219512
1,0.287671233,0.128983198,0.866666667,0,0,0.397959184,0.5,0.8,0.666666667,0.285714286,0.2,1,0,0.951219512
0,0.068493151,0.121207754,0.533333333,0,0,0.397959184,0.5,0.733333333,0.666666667,0.857142857,0.4,1,1,0.951219512
0,0.068493151,0.198561005,0.533333333,0,0,0.448979592,0.5,0.733333333,0.666666667,0.857142857,0.2,1,1,0.048780488
0,1,0.16523004,0.8,0.009910099,0,0.091836735,0,0.6,1,0,0.4,1,0,0.951219512
0,0.095890411,0.215332366,0.8,0,0,0.397959184,0.5,0.6,0.333333333,0.714285714,1,1,0,0.951219512
0,0.452054795,0.127216083,0.6,0,0,0.397959184,0.5,1,0,0.285714286,0.2,1,0,0.951219512
0,0.095890411,0.146619174,0.6,0,0,0.397959184,0.25,1,0.666666667,0.071428571,0.2,0.5,0,0.951219512
0,0.383561644,0.042884349,0.666666667,0,0,0.397959184,0.5,0.533333333,1,0.071428571,0.2,0.25,0,0.951219512
0,0.342465753,0.368955731,0.533333333,0,0,0.397959184,0.125,0.733333333,0.666666667,0.071428571,0.8,1,0,0.951219512
0,0.068493151,0.086404644,0.6,0,0,0.397959184,0.5,1,0.666666667,0.571428571,0.6,1,1,0.951219512
0,0.136986301,0.094688844,0.533333333,0,0,0.397959184,0.5,0.733333333,0.666666667,0.5,0.6,0.25,1,0.731707317
1,0.315068493,0.105395047,0.8,0,0,0.448979592,0.5,0.6,0.333333333,0.714285714,0,1,1,0.951219512
0,0.342465753,0.225339706,0.533333333,0,0,0.397959184,0.5,0.733333333,0,0.285714286,0.2,1,0,0.219512195
1,0.219178082,0.106010696,0.866666667,0.140841408,0,0.5,0.5,0.8,0,0.285714286,0.6,1,0,0.951219512
0,0.835616438,0.031998863,0.2,0,0,0.244897959,0.75,0.333333333,0.333333333,0.357142857,0,1,1,0.951219512
0,0.095890411,0.231420424,0.533333333,0,0,0.397959184,0.5,0.733333333,0.666666667,0.214285714,0.6,1,1,0.951219512
0,0.328767123,0.201369312,0.4,0,0,0.397959184,0.5,0.066666667,0.333333333,0.214285714,0,1,1,0.951219512
0,0.342465753,0.091484763,0.8,0,0,0.397959184,0.25,0.6,0.833333333,0.714285714,0.8,1,1,0.951219512
0,0.095890411,0.102414224,0.8,0,0,0.397959184,0.5,0.6,0.666666667,0.571428571,0.6,1,0,0.951219512
1,0.410958904,0.110854027,0.533333333,0,0,0.397959184,0.5,0.733333333,0,0.285714286,0.8,0.5,0,0.951219512
0,0.191780822,0.16738887,0.533333333,0,0,0.397959184,0.5,0.733333333,0.666666667,0.357142857,0.6,1,0,0.951219512
0,0.369863014,0.083981287,0.333333333,0,0,0.397959184,0,0,0.333333333,0,0,1,1,0.951219512
0,0.02739726,0.078519601,0.533333333,0,0,0.397959184,0.5,0.733333333,0.666666667,0.5,0.6,1,0,0.951219512
0,0.178082192,0.10609391,0.733333333,0,0,0.397959184,0.5,0.466666667,0.666666667,0.571428571,0.4,0.25,1,0.975609756
1,0.410958904,0.184542475,0.866666667,0,0.453856749,0.408163265,0.25,0.8,0.333333333,0.285714286,0,1,1,0.951219512
0,0.178082192,0.061811158,0.6,0,0,0.397959184,0.5,1,0.666666667,0.571428571,0.6,0.5,0,0.951219512
1,0.301369863,0.107039709,0.866666667,0,0,0.704081633,0.625,0.8,0,0.285714286,0.2,0.5,1,0.951219512
0,0.356164384,0.069898486,0.6,0,0,0.397959184,0.25,1,0,0.071428571,0.8,1,0,0.951219512
1,0.315068493,0.141319857,0.866666667,0,0,0.653061224,0.5,0.8,0.333333333,0.285714286,0,1,1,0.951219512
0,0.369863014,0.171151094,0.333333333,0,0,0.397959184,0.5,0,0.333333333,1,0,1,1,0.951219512
1,0.547945205,0.07184556,0.8,0,0.436639118,0.397959184,0.25,0.6,0.333333333,0.714285714,0,1,1,0.951219512
1,0.232876712,0.132939589,0.733333333,0,0,0.5,0.5,0.466666667,0,0.857142857,0.2,1,1,0.951219512
1,0.452054795,0.105490439,0.866666667,0,0.436639118,0.448979592,0.5,0.8,0.333333333,0.214285714,0,1,1,0.951219512
0,0.260273973,0.025993918,0.8,0,0,0.397959184,0.5,0.6,0,0.642857143,0.8,1,0,0.951219512
0,0.02739726,0.139978283,0.466666667,0,0,0.244897959,0.5,0.133333333,0.666666667,0.571428571,0.6,1,1,0.951219512
1,0.424657534,0.149667651,0.533333333,0,0,0.397959184,0.5,0.733333333,0.333333333,0.214285714,0,1,1,0.951219512
0,0.123287671,0.044575016,0.6,0,0,0.397959184,0.5,1,0.166666667,0.785714286,0,1,1,0.951219512
0,0.520547945,0.08180419,0.866666667,0,0,0.5,0.25,0.8,0.333333333,0.285714286,0,1,1,0.951219512
0,0.602739726,0.2212771,0.133333333,0,0,0.448979592,0.5,0.266666667,0.333333333,0.357142857,0.4,1,0,0.634146341
0,0.260273973,0.100706643,0.733333333,0,0,0.397959184,0.5,0.466666667,0.333333333,0.714285714,0,1,1,0.951219512
0,0.260273973,0.496228643,0.6,0,0,0.397959184,0.5,1,0.666666667,0.785714286,0.8,0.5,0,0.951219512
0,0,0.141290766,0.266666667,0,0,0.397959184,0.5,0.4,0.333333333,0.571428571,0,1,1,0.951219512
0,0.424657534,0.139738789,0.866666667,0,0,0.5,0.75,0.8,0.333333333,0.857142857,0,1,1,0.219512195
0,0.657534247,0.205537458,0.933333333,0,0.38292011,0.397959184,0.75,0.933333333,0,0.714285714,0.2,1,1,0.951219512
0,0.287671233,0.047141122,0.666666667,0,0,0.397959184,0.5,0.533333333,0.666666667,0.928571429,0.2,1,0,0.951219512
0,0.178082192,0.092170772,0.533333333,0,0.472222222,0.397959184,0.5,0.733333333,0.333333333,1,0,1,1,0.951219512
0,0.260273973,0.078109619,0.533333333,0,0,1,0.75,0.733333333,0.333333333,0.285714286,0,1,1,0.951219512
0,0.095890411,0.111630015,0.466666667,0,0,0.37755102,0.5,0.133333333,0.666666667,0.571428571,0.6,1,0,0.951219512
0,0.04109589,0.177865051,0.533333333,0,0,0.397959184,0.5,0.733333333,0.666666667,0.071428571,0.6,1,0,0.951219512
0,0.232876712,0.095614347,0.733333333,0,0,0.397959184,0.125,0.466666667,0.333333333,0.071428571,0,1,1,0.951219512
0,0.397260274,0.211258935,0.533333333,0,0,0.397959184,0.5,0.733333333,0.333333333,0.214285714,0,1,1,0.951219512
0,0.123287671,0.118591585,0.666666667,0,0,0.551020408,0.5,0.533333333,0.666666667,0.857142857,0.2,1,1,0.951219512
0,0.205479452,0.262665625,0.533333333,0.037810378,0,0.397959184,0.5,0.733333333,0.333333333,0.214285714,0,1,1,0.951219512
0,0.493150685,0.062554673,0.333333333,0,0,0.448979592,0.5,0,0.333333333,1,0,1,1,0.951219512
0,0.150684932,0.007468296,0.6,0,0,0.397959184,0.5,1,0.666666667,0.428571429,0.2,1,1,0.951219512
0,0.547945205,0.052165765,0.866666667,0,0,0.397959184,0.5,0.8,0.5,0.714285714,0.2,1,0,0.951219512
1,0.424657534,0.073633648,0.8,0,0,0.551020408,0.25,0.6,0.333333333,0.714285714,0,1,1,0.951219512
0,0.082191781,0.053070296,0.4,0,0,0.397959184,0.5,0.066666667,0.666666667,0.5,0.8,0.75,1,0.951219512
1,0.178082192,0.029095165,0.8,0,0,0.397959184,0.5,0.6,0.333333333,0.714285714,0,1,1,0.951219512
0,0.643835616,0.122054103,0.133333333,0,0,0.704081633,0.75,0.266666667,0.333333333,0.357142857,0,1,1,0.048780488
1,0.164383562,0.126597728,0.666666667,0,0,0.397959184,0.5,0.533333333,0.333333333,0.714285714,0,1,1,0.951219512
0,0.589041096,0.057082839,0.533333333,0,0,0.326530612,0.5,0.733333333,0,0.857142857,0.4,1,0,0.951219512
0,0.301369863,0.07964333,0.6,0,0,0.397959184,0.5,1,0,0.214285714,0.8,1,1,0.951219512
0,0.383561644,0.120973673,0.8,0,0,0.397959184,0.5,0.6,0.333333333,0.714285714,0,0.25,1,0.073170732
0,0.054794521,0.227185977,0.533333333,0,0,0.397959184,0.5,0.733333333,0.666666667,0.571428571,0.2,0.5,1,0.341463415
1,0.356164384,0.263401697,0.6,0,0,0.397959184,0.5,1,0.333333333,0.928571429,0,0.5,1,0.56097561
1,0.698630137,0.187444143,0.733333333,0.093860939,0,0.704081633,0.625,0.466666667,0.333333333,0.857142857,0,1,1,0.268292683
0,0.150684932,0.20087138,0.8,0,0,0.397959184,0.5,0.6,0.666666667,0.785714286,0.2,1,0,0.951219512
0,0.109589041,0.119780261,0.4,0,0,0.397959184,0.5,0.066666667,0.333333333,1,0,1,1,0.951219512
1,0.315068493,0.21733424,0.866666667,0,0,0.397959184,0.25,0.8,0.333333333,0.714285714,1,1,0,0.951219512
0,0.246575342,0.066870981,0.333333333,0,0,0.397959184,0.5,0,0.666666667,0.071428571,0.6,1,1,0.951219512
0,0.178082192,0.023291151,0.533333333,0,0,0.397959184,0.5,0.733333333,0,0.571428571,0.2,1,0,0.951219512
0,0.123287671,0.119396664,0.533333333,0,0,0.397959184,0.5,0.733333333,0.666666667,0.428571429,0.2,1,1,0.951219512
0,0.068493151,0.21897146,0.533333333,0,0,0.704081633,0.5,0.733333333,0.666666667,0.571428571,0.2,0.5,1,0.951219512
0,0.246575342,0.197356769,0.6,0,0,0.397959184,0.5,1,0.333333333,0.214285714,0,1,1,0.951219512
0,0.273972603,0.146343823,0.6,0,0,0.397959184,0.5,1,0.333333333,0.428571429,0,0.75,1,0.634146341
0,0.123287671,0.169358947,0.533333333,0.02597026,0,0.397959184,0.5,0.733333333,0.666666667,0.214285714,0.4,1,1,0.951219512
0,0.150684932,0.084981886,0.733333333,0,0,0.346938776,0.5,0.466666667,0.666666667,0.857142857,0.6,1,0,0.951219512
0,0.328767123,0.186824435,0.866666667,0,0,0.397959184,0.875,0.8,0.666666667,0.071428571,0.2,0.5,0,0.951219512
1,0.260273973,0.12466486,0.533333333,0,0,0.459183673,0.625,0.733333333,0.333333333,0.214285714,0,1,1,0.951219512
0,0.068493151,0.035184678,0.533333333,0,0,0.397959184,0.5,0.733333333,0.666666667,0.928571429,0.2,1,0,0.951219512
0,0.095890411,0.13722207,0.8,0,0,0.397959184,0.125,0.6,0.666666667,0.928571429,0.6,1,0,0
0,0.315068493,0.115244078,0.8,0,0,0.397959184,0.625,0.6,0,0.285714286,0.2,1,1,0.951219512
0,0.493150685,0.072311694,0.533333333,0,0.399449036,0.397959184,0.5,0.733333333,0.333333333,1,0,0.5,1,0.951219512
0,0.534246575,0.043201645,0.533333333,0,0,0.397959184,0.5,0.733333333,0,0.571428571,0.8,1,0,0.951219512
0,0.01369863,0.149822578,0.4,0,0,0.173469388,0.5,0.066666667,0.666666667,0.857142857,0.6,1,0,0.951219512
0,0.123287671,0.019369264,0.8,0,0,0.397959184,0.5,0.6,0.666666667,0.071428571,0.2,1,0,0.951219512
1,0.589041096,0.183096714,0.6,0.07298073,0,0.397959184,0.5,1,0.333333333,0.714285714,0,1,1,0.951219512
0,0,0.110156517,0.4,0,0,0.244897959,0.5,0.066666667,0.666666667,0.571428571,0.6,1,1,0.951219512
1,0.191780822,0.222331821,0.533333333,0.143441434,0,0.397959184,0.5,0.733333333,0.666666667,0.214285714,0.8,1,1,0.951219512
0,0.287671233,0.088783349,0.8,0,0,0.397959184,0.875,0.6,0.666666667,0.285714286,0.6,1,1,0.951219512
1,0.602739726,0.146657736,0.6,0,0.433195592,0.397959184,0.125,1,0.333333333,0.071428571,0,1,1,0.951219512
0,0.068493151,0.187872392,0.8,0,0,0.346938776,0.25,0.6,0.666666667,0.714285714,0.6,1,0,0.951219512
1,0.410958904,0.057997517,0.866666667,0.076880769,0,0.397959184,0.5,0.8,0.333333333,0.714285714,1,1,0,0.951219512
0,0.246575342,0.070416713,0.533333333,0,0,0.397959184,0.5,0.733333333,0.666666667,0.214285714,0.2,1,1,0.951219512
0,0.424657534,0.110776902,0.533333333,0,0,0.397959184,0.5,0.733333333,0.333333333,0.5,0,1,1,0.951219512
1,0.438356164,0.11006992,0.866666667,0,0,0.469387755,0.25,0.8,0.333333333,0.285714286,0,0.5,1,0.951219512
0,0.479452055,0.127525937,0.2,0,0,0.602040816,0.5,0.333333333,0.333333333,0.5,0,1,1,0.951219512
0,0.534246575,0.059535286,0.6,0,0,0.448979592,0.5,1,0.333333333,0.928571429,0,1,1,0.951219512
0,0.273972603,0.110163959,0.866666667,0,0,0.448979592,0.25,0.8,0.666666667,0.714285714,0.2,1,1,0.951219512
0,0.232876712,0.403619475,0.533333333,0,0,0.397959184,0.5,0.733333333,0.666666667,0.214285714,0.2,0.5,1,0.951219512
0,0.095890411,0.040999516,0.533333333,0,0,0.397959184,0.5,0.733333333,0.666666667,0.571428571,0.2,0.25,1,0.951219512
0,0.02739726,0.232341191,0.6,0,0,0.244897959,0.5,1,0.666666667,0.857142857,0.2,1,0,0.951219512
1,0.410958904,0.120014343,0.533333333,0,0,0.397959184,0.5,0.733333333,0.833333333,0.214285714,0.8,1,1,0.951219512
1,0.219178082,0.126473245,0.8,0,0,0.551020408,0.5,0.6,0.333333333,0.285714286,0,1,1,0.951219512
0,0,0.106048582,0.4,0,0,0.397959184,0.5,0.066666667,0.666666667,0.428571429,0.6,1,1,0.951219512
0,0.109589041,0.08457461,0.733333333,0,0,0.37755102,0.25,0.466666667,0.666666667,0.071428571,0.6,0.5,0,0.951219512
0,0.191780822,0.044211039,0.666666667,0,0,0.418367347,0.5,0.533333333,0.333333333,0.571428571,0,1,1,0.951219512
0,0.273972603,0.012910362,0.6,0,0,0.397959184,0.5,1,0.333333333,0.214285714,0,1,1,0.951219512
0,0.246575342,0.054629714,0.533333333,0,0,0.397959184,0.5,0.733333333,0.666666667,0.5,0.2,0.25,1,0.024390244
0,0.410958904,0.092205951,0.933333333,0,0,0.346938776,0.25,0.933333333,0.333333333,0.714285714,0,1,1,0.951219512
0,0.191780822,0.024290397,0.266666667,0,0,0.653061224,0.5,0.4,0.333333333,0.357142857,0,1,1,0.951219512
0,0.534246575,0.01355172,0.466666667,0,0,0.397959184,0.625,0.133333333,1,0.285714286,0.2,1,0,0.951219512
0,0.561643836,0.02162281,0.266666667,0,0,0.397959184,0.25,0.4,0.333333333,1,0,1,1,0.951219512
0,0.438356164,0.101466395,0.533333333,0,0,0.397959184,0.5,0.733333333,0.666666667,0.5,0.2,0.5,1,0.951219512
0,0.246575342,0.198814707,0.533333333,0,0,0.448979592,0.5,0.733333333,0.333333333,0.5,0,1,1,0.951219512
0,0.136986301,0.082447577,0.533333333,0,0,0.448979592,0.5,0.733333333,0.333333333,0.5,0,1,1,0.951219512
0,0.342465753,0.043295007,0.533333333,0,0,0.397959184,0.5,0.733333333,0.333333333,0.285714286,1,1,0,0.951219512
0,0.397260274,0.110260027,0.733333333,0,0,0.397959184,0.5,0.466666667,0.333333333,0.071428571,0,0.25,1,0.463414634
1,0.369863014,0.062230611,0.533333333,0,0,0.397959184,0.5,0.733333333,0.333333333,0.214285714,0,0.5,1,0.951219512
0,0.602739726,0.157395061,0.533333333,0,0,0.37755102,0.5,0.733333333,0,0.857142857,0.2,1,0,0.951219512
0,0.109589041,0.066823623,0.6,0,0.454545455,0.397959184,0.5,1,0.666666667,0.071428571,0.2,1,1,0.951219512
1,0.506849315,0.134259513,0.533333333,0,0,0.397959184,0.5,0.733333333,0.333333333,0.214285714,0,1,1,0.951219512
0,0.232876712,0.067065147,0.533333333,0,0,0.704081633,0.5,0.733333333,0.333333333,0.857142857,0,1,1,0.951219512
0,0.095890411,0.19687981,0.6,0,0,0.397959184,0.5,1,0.333333333,0.071428571,1,0.25,0,0.609756098
0,0.054794521,0.102552914,0.6,0,0,0.295918367,0.5,1,0.666666667,0.428571429,0.6,1,1,0.951219512
0,0.219178082,0.096466784,0.6,0,0,0.397959184,0.25,1,0.333333333,0.785714286,0,1,1,0.951219512
0,0.04109589,0.069060932,0.533333333,0,0,0.397959184,0.125,0.733333333,0.666666667,0.071428571,0.6,1,0,0.951219512
1,0.547945205,0.066662607,0.533333333,0,0,0.397959184,0.5,0.733333333,0.333333333,0.214285714,0,1,1,0.951219512
1,0.232876712,0.065321034,0.8,0,0,0.479591837,0.5,0.6,0.333333333,0.928571429,0,1,1,0.951219512
1,0.246575342,0.095243604,0.533333333,0,0,0.602040816,0.75,0.733333333,0.333333333,0.214285714,0,1,1,0.951219512
0,0.01369863,0.210209625,0.6,0,0,0.193877551,0.5,1,0.666666667,0.571428571,0.6,1,0,0.951219512
0,0.095890411,0.071089191,0.8,0,0,0.346938776,0.5,0.6,0.666666667,0.857142857,0.6,1,0,0.951219512
0,0.095890411,0.047708737,0.533333333,0,0,0.397959184,0.5,0.733333333,0.666666667,0.428571429,0.8,0.5,0,0.951219512
1,0.397260274,0.058724118,0.6,0,0,0.397959184,0.5,1,0.333333333,0.071428571,1,1,0,0.951219512
0,0.246575342,0.11924309,0.266666667,0,0,0.5,0.75,0.4,0.333333333,0.214285714,0,1,1,0.951219512
1,0.178082192,0.131086553,0.533333333,0,0.424242424,0.397959184,0.5,0.733333333,0.333333333,0.214285714,0,1,1,0.951219512
1,0.315068493,0.209370042,0.533333333,0,0,0.397959184,0.5,0.733333333,0.333333333,0.857142857,0,1,1,0.951219512
0,0.479452055,0.237545793,0.533333333,0,0,0.397959184,0.5,0.733333333,0.833333333,0.071428571,0.4,1,0,0.951219512
0,0.273972603,0.127847969,0.4,0,0,0.653061224,0.5,0.066666667,0,1,0.2,1,1,0.951219512
0,0.068493151,0.013833159,0.6,0,0,0.5,0,1,0.666666667,0,0.6,1,1,0.951219512
0,0.260273973,0.024558306,0.6,0,0,0.030612245,0.75,1,0.333333333,0.714285714,1,1,0,0.951219512
0,0.068493151,0.110680157,0.533333333,0,0,0.397959184,0.5,0.733333333,0.666666667,0.071428571,0.6,1,0,0.951219512
0,0.493150685,0.178761463,0.8,0,0,0.397959184,0.5,0.6,0.666666667,0.285714286,0.6,1,1,0.12195122
0,0.342465753,0.109605816,0.2,0,0,1,0.5,0.333333333,0.333333333,0.428571429,0,1,1,0.951219512
0,0.342465753,0.207901956,0.8,0,0,0.602040816,0.5,0.6,0.5,1,0.2,1,1,0.951219512
0,0.465753425,0.12355128,0.533333333,0,0,0.397959184,0.5,0.733333333,0.666666667,0.071428571,0.2,1,0,0.951219512
0,0.01369863,0.382403264,0.4,0,0,0.12244898,0.5,0.066666667,0.666666667,0.857142857,0.6,1,1,0.951219512
0,0.328767123,0.179262777,0.6,0,0,0.397959184,0.5,1,0.333333333,0.214285714,0,1,1,0.951219512
1,0.356164384,0.056126215,0.933333333,0,0,0.040816327,0.75,0.933333333,0.333333333,0.714285714,1,1,0,0.951219512
0,0.438356164,0.107463222,0.2,0,0,0.397959184,0.5,0.333333333,0.333333333,0.5,0,0.5,1,0.951219512
0,0.397260274,0.124729131,0.533333333,0,0,0.397959184,0.125,0.733333333,0,0.071428571,0.8,1,1,0.951219512
1,0.369863014,0.116242647,0.733333333,0.043860439,0,0.397959184,0.5,0.466666667,0.333333333,0.857142857,0,1,1,0.951219512
1,0.273972603,0.099590357,0.6,0,0,0.397959184,0.875,1,0.333333333,0.285714286,1,1,0,0.951219512
1,0.356164384,0.077406697,0.8,0,0,0.346938776,0.875,0.6,0.333333333,0.285714286,0,1,1,0.951219512
1,0.301369863,0.118924441,0.533333333,0,0,0.602040816,0.75,0.733333333,0.333333333,0.357142857,0,1,1,0.951219512
0,0.02739726,0.19902511,0.6,0,0,0.193877551,0.5,1,0.666666667,0.571428571,0.6,1,0,0.951219512
1,0.849315068,0.200922797,0.533333333,0,0,0.397959184,0.625,0.733333333,0.333333333,0.285714286,0,1,1,0.951219512
1,0.438356164,0.076540729,0.533333333,0,0,0.397959184,0.5,0.733333333,0.333333333,0.214285714,1,1,0,0.951219512
0,0.273972603,0.045086478,0.266666667,0.031370314,0,0.397959184,0.5,0.4,0.333333333,0.571428571,0,1,1,0.951219512
1,0.479452055,0.02076902,0.933333333,0,0,0.704081633,0.75,0.933333333,0.333333333,0.714285714,0,1,1,0.951219512
0,0.383561644,0.070410624,0.533333333,0,0,0.346938776,0.5,0.733333333,0,0.571428571,0.2,0.5,0,0.951219512
0,0.095890411,0.098129713,0.666666667,0,0,0.397959184,0.5,0.533333333,0,0.928571429,0.2,1,0,0.951219512
0,0.109589041,0.167253563,0.533333333,0,0,0.397959184,0.5,0.733333333,0.666666667,0.928571429,0.2,1,1,0.951219512
0,0.136986301,0.132898996,0.8,0,0,0.397959184,0.5,0.6,0.666666667,0.214285714,0.6,1,1,0.951219512
1,0.342465753,0.128939223,0.533333333,0,0,0.357142857,0.5,0.733333333,0.333333333,0.071428571,1,1,0,0.951219512
0,0.342465753,0.12719511,0.8,0,0,0.397959184,0.875,0.6,0,0.714285714,0.8,1,0,0.951219512
0,0.342465753,0.032923013,0.866666667,0,0,0.448979592,0.875,0.8,0.666666667,0.714285714,0.2,1,1,0.951219512
0,0.493150685,0.252507417,0.533333333,0,0,0.551020408,0.75,0.733333333,1,0.357142857,0.8,1,0,0.951219512
1,0.315068493,0.176356373,0.733333333,0,0,0.418367347,0.5,0.466666667,0.333333333,0.928571429,0,1,1,0.951219512
1,0.328767123,0.091077487,1,0,0,0.602040816,0.5,0.666666667,0.333333333,0.714285714,0,1,1,0.951219512
0,0.136986301,0.132798869,0.533333333,0,0.518365473,0.5,0.75,0.733333333,0.666666667,0.214285714,0.2,1,1,0.951219512
0,0.205479452,0.132195398,0.533333333,0.039080391,0,0.397959184,0.5,0.733333333,0.333333333,0.428571429,1,0.5,0,0.951219512
0,0.136986301,0.097427467,0.533333333,0,0,0.397959184,0.5,0.733333333,0.333333333,0.285714286,1,1,0,0.951219512
0,0.191780822,0.130211113,0.8,0,0,0.5,0.5,0.6,0.666666667,0.285714286,0.2,1,1,0.951219512
0,0.575342466,0.013711382,0.8,0,0,0.030612245,0.5,0.6,0.333333333,0.214285714,0,1,1,0.951219512
0,0.136986301,0.109143064,0.733333333,0,0,0.397959184,0.5,0.466666667,0.666666667,0.857142857,0.2,1,0,0.951219512
1,0.342465753,0.073557876,0.6,0,0,0.448979592,0.25,1,0.333333333,0.285714286,0,1,1,0.951219512
0,0.438356164,0.038026811,0.533333333,0,0,0.397959184,0.5,0.733333333,0.5,0.214285714,0.8,0.5,1,0.951219512
0,0.095890411,0.248379186,0.6,0,0,0.397959184,0.5,1,0.666666667,0.071428571,0.2,1,0,0.951219512
0,0.191780822,0.247708061,0.933333333,0,0,1,0.25,0.933333333,0.333333333,0.714285714,0,1,1,0.097560976
0,0.082191781,0.161549,0.333333333,0,0,0.397959184,0.5,0,0.666666667,0.428571429,0.2,1,1,0.951219512
0,0.684931507,0.016782862,0.2,0,0,0.030612245,0,0.333333333,0.333333333,0,0,1,1,0.951219512
0,0.054794521,0.183660947,0.6,0,0,0.397959184,0.5,1,0.666666667,0.857142857,0.6,1,1,0.951219512
1,0.424657534,0.267374325,0.733333333,0,0,0.56122449,0.25,0.466666667,0.333333333,0.785714286,0,1,1,0.951219512
0,0.273972603,0.147568356,0.533333333,0,0,0.193877551,0.5,0.733333333,0,0.571428571,0.2,0.5,0,0.951219512
1,0.219178082,0.206698396,0.8,0,0,0.397959184,0.5,0.6,0.333333333,0.714285714,0,1,1,0.951219512
0,0.109589041,0.234548733,0.533333333,0,0,0.346938776,0.5,0.733333333,0.666666667,0.571428571,0.2,1,0,0.951219512
1,0.520547945,0.075197803,0.666666667,0,0,0.397959184,0.5,0.533333333,0.333333333,0.714285714,0,1,1,0.951219512
1,0.397260274,0.093918268,0.6,0,0.453856749,0.602040816,0.5,1,0.333333333,0.857142857,0,0.5,1,0.951219512
0,0.273972603,0.217416101,0.533333333,0,0,0.418367347,0.5,0.733333333,0.666666667,0.071428571,0.2,1,1,0.951219512
0,0.109589041,0.016977028,0.8,0,0,0.5,0.5,0.6,0.666666667,0.928571429,0.2,1,0,0.951219512
1,0.287671233,0.064693207,0.8,0,0,0.397959184,0.625,0.6,0.333333333,0.857142857,0,1,1,0.951219512
1,0.520547945,0.08762647,0.533333333,0.135501355,0,0.397959184,0,0.733333333,0.666666667,0,0.2,1,1,0.951219512
0,0.342465753,0.017395128,0.8,0,0,0.397959184,0.125,0.6,0.333333333,0.285714286,0,1,1,0.951219512
0,0.123287671,0.083592955,0.6,0,0,0.367346939,0.5,1,0.666666667,0.857142857,0.2,1,0,0.951219512
0,0.150684932,0.079273264,0.266666667,0,0,0.397959184,0.5,0.4,0.666666667,0.214285714,0.2,1,1,0.195121951
0,0.095890411,0.121548729,0.533333333,0,0,0.295918367,0.5,0.733333333,0,0.857142857,0.8,1,0,0.951219512
0,0.273972603,0.088827324,0.666666667,0.04101041,0,0.346938776,0.5,0.533333333,0.666666667,0.071428571,0.2,0.75,0,0.951219512
0,0.01369863,0.070041911,0.6,0,0,0.193877551,0.5,1,0.666666667,0.571428571,0.6,1,1,0.219512195
0,0.342465753,0.05304594,0.8,0,0,0.704081633,0.625,0.6,0.333333333,0.285714286,0,1,1,0.951219512
0,0.150684932,0.183302382,0.6,0,0,0.653061224,0.25,1,0.333333333,0.285714286,0,1,1,0.951219512
1,0.356164384,0.14775508,0.533333333,0,0,0.397959184,0.5,0.733333333,0.333333333,0.5,0,1,1,0.951219512
0,0.575342466,0.105445111,0.533333333,0,0,0.397959184,0.5,0.733333333,0,0.214285714,0.2,1,0,0.951219512
1,0.397260274,0.061283459,0.533333333,0,0,0.397959184,0.75,0.733333333,0.333333333,0.857142857,0,1,1,0.951219512
0,0.561643836,0.071166317,0.533333333,0,0,0.357142857,0.5,0.733333333,0,0.071428571,0.8,0.5,0,0.951219512
0,0.109589041,0.166174486,0.8,0,0,0.5,0.5,0.6,0.666666667,0.285714286,0.2,1,1,0.951219512
0,0.452054795,0.090271731,0.533333333,0,0,0.346938776,0.5,0.733333333,1,0.071428571,0.8,1,0,0.951219512
0,0.219178082,0.11390927,0.6,0,0,0.397959184,0.5,1,0.5,0.214285714,0.2,1,1,0
1,0.520547945,0.102020479,0.866666667,0,0,0.397959184,0.5,0.8,0.333333333,0.714285714,0,1,1,0.951219512
1,0.794520548,0.046849535,0.533333333,0,0,0.346938776,0.625,0.733333333,1,0.857142857,0.4,0.25,1,0.951219512
1,0.191780822,0.073184427,0.6,0,0,0.5,0.5,1,0.333333333,0.357142857,0,1,1,0.951219512
1,0.342465753,0.013762123,0.6,0.076880769,0,0.448979592,0.125,1,0.333333333,0.214285714,0,1,1,0.951219512
0,0.01369863,0.045434895,0.266666667,0,0,0.397959184,0.5,0.4,0.666666667,0.5,0.6,1,1,0.634146341
1,0.410958904,0.064234515,1,0,0,0.346938776,0.75,0.666666667,0.333333333,0.714285714,0,1,1,0.951219512
0,0.273972603,0.021984081,0.733333333,0,0,0.397959184,0.5,0.466666667,0,0.285714286,0.2,1,0,0.951219512
1,0.150684932,0.121147543,0.8,0,0,0.448979592,0.5,0.6,0.333333333,0.857142857,0,1,1,0.951219512
0,0.520547945,0.103787594,0.533333333,0,0,0.397959184,0.25,0.733333333,0,0.071428571,0.8,1,1,0.951219512
0,0.095890411,0.12042906,0.8,0,0,0.397959184,0.5,0.6,0.666666667,0.714285714,0.2,1,0,0.951219512
0,0.123287671,0.188078059,0.6,0,0,0.37755102,0.5,1,0.666666667,0.071428571,0.2,0.5,1,0.951219512
1,0.273972603,0.081586345,0.6,0,0,0.5,0.625,1,0.333333333,1,0,1,1,0.951219512
0,0.301369863,0.065120102,0.533333333,0,0,0.397959184,0.5,0.733333333,0.333333333,0.857142857,0,1,1,0.951219512
1,0.301369863,0.143599111,0.733333333,0,0,0.397959184,0.5,0.466666667,0.333333333,0.214285714,0,1,1,0.951219512
0,0.671232877,0.216272076,0.533333333,0,0,0.193877551,0.75,0.733333333,0.333333333,0.214285714,0,1,1,0.951219512
0,0.602739726,0.113518908,1,0.040640406,0,0.397959184,0.25,0.666666667,0.333333333,0.285714286,0,1,1,0.951219512
1,0.369863014,0.101306732,0.6,0,0.554407713,0.051020408,0.5,1,0.333333333,0.071428571,1,1,0,0.951219512
0,0.589041096,0.008515576,0.6,0,0,0.295918367,0.5,1,0.833333333,1,0.2,0,0,0.951219512
0,0.068493151,0.131637931,0.6,0,0,0.397959184,0.5,1,0.666666667,0.071428571,0.6,1,1,0.951219512
0,0.890410959,0.091632924,0.133333333,0,0,0.193877551,0.5,0.266666667,1,0.571428571,0.8,1,1,0.951219512
0,0.109589041,0.06802583,0.8,0,0,0.397959184,0.5,0.6,0.666666667,0.714285714,0.2,1,1,0.951219512
1,0.342465753,0.083981287,0.533333333,0,0,0.5,0.5,0.733333333,0.333333333,0.214285714,0,1,1,0.951219512
1,0.438356164,0.228990302,0.8,0,0,0.602040816,0.5,0.6,0.333333333,0.857142857,0,1,1,0.951219512
1,0.520547945,0.164010243,0.8,0,0,0.193877551,0.5,0.6,0.333333333,0.857142857,0,1,1,0.951219512
0,0.438356164,0.120308636,0.533333333,0,0.383838384,0.43877551,0.5,0.733333333,0.333333333,0.857142857,0,1,1,0.951219512
0,0.232876712,0.079888236,0.533333333,0.011510115,0,0.479591837,0.5,0.733333333,0,1,0.8,1,0,0.268292683
1,0.410958904,0.103644845,0.6,0,0,0.428571429,0.5,1,0.333333333,0.214285714,0,1,1,0.951219512
0,0.178082192,0.213474594,0.533333333,0,0,0.316326531,0.25,0.733333333,0,0.785714286,0.6,1,0,0.951219512
0,0.04109589,0.128132791,0.6,0,0,0.346938776,0,1,0.666666667,0,0.6,1,1,0.951219512
0,0.01369863,0.103027166,0.533333333,0,0,0.397959184,0.5,0.733333333,0.666666667,0.714285714,0.2,1,0,0.951219512
0,0.383561644,0.154971027,0.533333333,0,0,0.397959184,0.5,0.733333333,0.666666667,1,0.2,1,1,0.951219512
0,0.397260274,0.11528467,0.6,0,0,0.397959184,0.5,1,0.333333333,0.857142857,0,1,1,0.951219512
0,0.438356164,0.164521028,0.6,0,0,0.602040816,0.5,1,0,0.071428571,0.2,1,0,0.951219512
0,0.684931507,0.140718415,0.533333333,0,0,0.193877551,0.5,0.733333333,0,0.857142857,0.2,1,0,0.951219512
0,0.315068493,0.070314556,0.6,0,0,0.448979592,0.5,1,0.833333333,0.071428571,0.8,1,0,0.951219512
0,0.178082192,0.184384165,0.533333333,0,0,0.5,0.5,0.733333333,0.333333333,0.714285714,0,1,1,0.951219512
0,0.547945205,0.010265778,0.533333333,0,0,0.397959184,0.5,0.733333333,0.5,1,0.2,1,1,0.951219512
1,0.356164384,0.135254023,0.666666667,0,0,0.397959184,0.25,0.533333333,0.333333333,0.071428571,1,1,0,0.951219512
1,0.410958904,0.136582066,0.533333333,0.150241502,0,0.397959184,0.625,0.733333333,0.333333333,0.357142857,0,1,1,0.951219512
0,0.369863014,0.10011129,0.533333333,0,0.545684114,0.346938776,0.5,0.733333333,0.333333333,0.571428571,0,0.25,1,0.414634146
1,0.410958904,0.060903922,0.866666667,1,0,0.5,0.5,0.8,0.333333333,0.285714286,0,1,1,0.951219512
0,0.479452055,0.155034622,0.066666667,0,0,0.5,0.5,0.2,0.333333333,0.214285714,0,0.75,1,0.804878049
0,0.301369863,0.060032541,0.466666667,0,0,0.397959184,0.5,0.133333333,0.333333333,0.5,0,1,1,0.951219512
0,0.178082192,0.188342585,0.866666667,0,0,0.193877551,0.875,0.8,0.666666667,0.071428571,0.2,0.5,0,0.951219512
0,0.438356164,0.129865403,0.8,0,0,0.448979592,0.75,0.6,0.666666667,0.857142857,0.2,1,1,0.951219512
1,0.506849315,0.010282691,0.533333333,0,0,0.397959184,0.5,0.733333333,0.333333333,0.285714286,0,1,1,0.951219512
0,0.342465753,0.034713808,0.533333333,0,0,0.295918367,0.5,0.733333333,0,0.571428571,0.2,1,0,0.951219512
0,0.465753425,0.115185896,0.066666667,0,0,0.397959184,0,0.2,0.833333333,0,0.8,1,0,0.634146341
0,0.219178082,0.068383718,0.533333333,0,0,0.448979592,0.5,0.733333333,0.666666667,0.857142857,0.2,1,1,0.951219512
0,0.342465753,0.020716927,0.533333333,0,0,0.479591837,0.5,0.733333333,0,0.5,0.8,1,1,0.951219512
0,0.424657534,0.113935655,0.6,0,0,0.37755102,0.5,1,0,0.285714286,0.2,1,0,0.951219512
0,0.452054795,0.14683093,0.533333333,0,0,0.5,0.5,0.733333333,0.333333333,0.5,0,0.5,1,0.926829268
0,0.095890411,0.111520416,0.6,0,0,0.602040816,0.5,1,0.333333333,1,0,1,1,0.951219512
0,0.328767123,0.13589538,0.6,0,0,0.397959184,0.25,1,0.333333333,0.071428571,1,0.5,0,0.951219512
1,0.191780822,0.219372647,0.533333333,0,0,0.448979592,0.5,0.733333333,0.333333333,0.285714286,0,0.25,1,0.951219512
1,0.410958904,0.100232391,0.8,0,0,0.551020408,0.5,0.6,0.333333333,0.857142857,0,1,1,0.951219512
1,0.452054795,0.00793443,0.6,0,0,0.846938776,0.5,1,0.333333333,0.285714286,0,1,1,0.951219512
0,0.493150685,0.210901046,0.6,0,0,0.397959184,0.25,1,0,0.571428571,0.2,1,0,0.951219512
0,0.616438356,0.125114081,0.533333333,0,0,0.173469388,0.25,0.733333333,1,0.571428571,0.2,1,0,0.951219512
1,0.150684932,0.195268974,0.8,0,0.436639118,0.428571429,0.5,0.6,0.333333333,0.714285714,0,1,1,0.951219512
0,0.068493151,0.125743261,0.6,0,0,0.5,0.5,1,0.666666667,0.071428571,0.6,1,1,0.951219512
1,0.136986301,0.163403389,0.8,0,0,0.397959184,0.5,0.6,0.333333333,0.928571429,1,1,0,0.951219512
0,0.191780822,0.03316589,0.333333333,0,0,0.397959184,0.5,0,0.666666667,0.571428571,0.2,1,1,0.951219512
0,0.219178082,0.114046607,0.533333333,0,0,0.397959184,0.5,0.733333333,0,0.285714286,0.2,1,1,0.951219512
0,0.287671233,0.159163529,0.666666667,0,0,0.397959184,0.5,0.533333333,0.666666667,0.071428571,0.8,0.5,0,0.951219512
1,0.219178082,0.141162224,0.533333333,0.07298073,0,0.448979592,0.5,0.733333333,0.333333333,0.857142857,0,1,1,0.951219512
0,0.657534247,0.16849095,0.266666667,0,0,0.397959184,0.5,0.4,1,0.857142857,0.2,1,0,0.951219512
0,0,0.123576988,0.4,0,0,0.193877551,0.5,0.066666667,0.666666667,0.571428571,0.6,1,0,0.951219512
0,0.136986301,0.137126678,0.533333333,0,0,0.602040816,0.625,0.733333333,0.333333333,0.214285714,0,1,1,0.951219512
0,0.273972603,0.11324288,0.533333333,0,0,0.397959184,0.5,0.733333333,0,0.214285714,0.2,1,1,0.951219512
0,0.123287671,0.071873975,0.533333333,0,0,0.397959184,0.75,0.733333333,0.333333333,0.071428571,0,1,1,0.951219512
1,0.315068493,0.05395453,0.533333333,0,0,0.397959184,0.5,0.733333333,0.333333333,0.428571429,0,1,1,0.951219512
0,0.136986301,0.134562602,0.533333333,0,0,0.520408163,0.5,0.733333333,0.666666667,0.071428571,0.2,1,0,0.951219512
0,0.506849315,0.047537573,0.666666667,0,0,0.091836735,0.75,0.533333333,0.333333333,0.928571429,0.4,1,0,0.951219512
0,0.068493151,0.15326683,0.6,0,0,0.397959184,0.25,1,0.666666667,0.785714286,0.6,1,1,0.951219512
0,0.273972603,0.116889417,0.6,0,0,0.551020408,0.5,1,0.333333333,0.285714286,0,0.25,1,0.951219512
0,0.547945205,0.12417843,0.533333333,0,0,0.397959184,0.625,0.733333333,0.333333333,0.285714286,0,1,1,0.951219512
0,0.082191781,0.100673493,0.8,0,0,0.397959184,0.5,0.6,0.666666667,0.071428571,0.6,1,1,0.951219512
0,0.712328767,0.038576836,0.6,0,0,0.142857143,0.75,1,0.333333333,0.571428571,1,1,0,0.951219512
0,0.589041096,0.091459731,0.533333333,0,0,0.397959184,0.5,0.733333333,0.333333333,0.857142857,0,1,1,0.951219512
0,0.273972603,0.275193743,0.533333333,0,0,0.397959184,0.125,0.733333333,0,0.214285714,0.2,1,1,0.951219512
0,0.02739726,0.061184685,0.6,0,0,0.397959184,0.5,1,0.666666667,0.071428571,0.6,1,0,0.951219512
0,0.02739726,0.115673679,0.6,0,0,0.295918367,0.5,1,0.666666667,0.785714286,0.6,1,1,0.951219512
0,0.342465753,0.130195553,0.666666667,0,0,0.244897959,0.5,0.533333333,0.833333333,0.857142857,0.8,0.5,0,0.951219512
0,0.04109589,0.292446122,0.6,0,0,0.244897959,0.875,1,0.666666667,0.571428571,0.6,1,1,0.951219512
0,0.095890411,0.179854071,0.666666667,0,0,0.397959184,0.5,0.533333333,0.666666667,0.5,0.2,1,1,0.951219512
1,0.452054795,0.075193067,0.8,0,0,0.448979592,0.625,0.6,0.333333333,0.714285714,0,1,1,0.536585366
1,0.150684932,0.088238736,0.8,0,0.436639118,0.571428571,0.5,0.6,0.333333333,0.285714286,0,1,1,0.951219512
0,0.643835616,0.127870971,0.533333333,0,0,0.37755102,0.875,0.733333333,1,0.071428571,0.2,1,0,0.951219512
0,0.328767123,0.022258755,0.6,0,0,0.397959184,0,1,0.333333333,0,0,1,1,0.951219512
0,0.178082192,0.013343346,0.8,0,0,0.724489796,0.5,0.6,0.666666667,0.928571429,0.2,1,0,0.951219512
0,0.068493151,0.208485808,0.6,0,0,0.234693878,0,1,0.666666667,0,0.6,0.25,1,0
0,0.095890411,0.048733691,0.6,0,0,0.397959184,0.5,1,0.666666667,0.5,0.2,1,1,0.951219512
0,0.150684932,0.111516357,0.866666667,0,0,0.806122449,0.5,0.8,0.666666667,0.285714286,0.2,1,0,0
1,0.356164384,0.113374805,0.8,0,0,0.397959184,0.5,0.6,0,0.857142857,0.8,1,0,0.951219512
0,0.246575342,0.15494126,0.6,0,0,0.5,0.5,1,0.666666667,0.857142857,0.2,1,1,0.951219512
1,0.191780822,0.169997598,0.866666667,0,0,0.397959184,0.5,0.8,0.333333333,0.285714286,0,1,1,0.951219512
0,0.136986301,0.137941229,0.8,0,0,0.346938776,0.75,0.6,0.666666667,0.214285714,0.6,1,1,0.951219512
0,0.260273973,0.120010283,0.533333333,0,0,0.275510204,0.5,0.733333333,0.666666667,0.642857143,0.8,0.5,0,0
1,0.356164384,0.101887877,0.6,0,0,0.397959184,0.5,1,0.333333333,0.285714286,0,0.5,1,0.951219512
1,0.561643836,0.151097174,0.666666667,0,0,0.397959184,0.5,0.533333333,0.333333333,0.285714286,0,1,1,0.268292683
0,0.232876712,0.072156767,0.4,0,0,0.397959184,0.5,0.066666667,0.666666667,0.571428571,0.2,1,0,0.512195122
0,0.095890411,0.115896936,0.533333333,0,0,0.397959184,0.5,0.733333333,0.666666667,0.071428571,0.4,1,1,0.951219512
0,0.095890411,0.19504504,0.6,0,0,0.448979592,0.5,1,0.333333333,0.214285714,0,1,1,0.951219512
0,0.287671233,0.016226748,0.533333333,0,0,0.602040816,0.75,0.733333333,0.5,0.357142857,0.8,1,1,0.951219512
0,0.136986301,0.082139076,0.6,0,0,0.887755102,0.5,1,0.333333333,0.714285714,0,1,1,0.951219512
0,0.575342466,0.137052936,0.533333333,0,0,0.5,0.5,0.733333333,1,0.285714286,0.8,1,0,0.951219512
1,0.219178082,0.222319644,1,0,0,0.448979592,0.875,0.666666667,0.333333333,0.928571429,0,1,1,0.951219512
0,0.315068493,0.226343688,0.666666667,0,0,0.397959184,0.5,0.533333333,0.833333333,0.714285714,0.4,1,0,0.951219512
0,0.191780822,0.124216316,0.533333333,0,0,0.397959184,0.75,0.733333333,0.333333333,0.214285714,0.6,1,1,0.951219512
1,0.191780822,0.2279004,0.533333333,0,0,0.397959184,0.5,0.733333333,0.333333333,0.214285714,0,1,1,0.951219512
0,0,0.17475095,0.4,0,0,0.193877551,0.5,0.066666667,0.666666667,0.571428571,0.6,1,1,0.219512195
0,0.136986301,0.062853026,0.533333333,0.048650487,0,0.5,0.125,0.733333333,0,0.071428571,0.2,1,1,0.951219512
0,0.753424658,0.129379649,0.933333333,0,0,0.091836735,0.75,0.933333333,0.333333333,0.285714286,0,1,1,0.951219512
1,0.397260274,0.076859378,0.6,0,0,0.397959184,0.25,1,0.333333333,0.785714286,0,1,1,0.951219512
0,0.383561644,0.15462667,0.866666667,0,0,0.397959184,0.5,0.8,0.666666667,0.714285714,0.2,1,0,0.951219512
0,0.095890411,0.111791708,0.8,0,0,0.142857143,0.875,0.6,0.666666667,0.714285714,0.2,1,1,0.951219512
0,0.191780822,0.111036692,0.533333333,0,0,0.37755102,0.5,0.733333333,0.666666667,0.571428571,0.6,1,0,0.951219512
0,0.02739726,0.156723936,0.6,0,0.395087236,0.244897959,0.5,1,0.666666667,0.857142857,0.6,0,0,0.951219512
0,0.315068493,0.014238405,0.6,0,0,0.5,0.5,1,0.333333333,1,0,1,1,0.951219512
1,0.383561644,0.178519263,0.8,0,0,0.397959184,0.875,0.6,0.333333333,0.714285714,0,1,1,0.951219512
1,0.109589041,0.120303224,0.533333333,0,0,0.397959184,0.5,0.733333333,0.333333333,0.214285714,0,1,1,0.951219512
0,0.095890411,0.067771452,0.866666667,0,0,0.448979592,0.5,0.8,0.666666667,0.714285714,0.2,1,0,0.951219512
0,0.191780822,0.051380305,0.8,0,0,0.397959184,0.5,0.6,0.666666667,0.214285714,0.2,1,1,0.951219512
0,0.191780822,0.250374971,0.6,0,0,0.397959184,0.5,1,0.666666667,0.071428571,0.2,1,1,0.268292683
1,0.273972603,0.214932532,0.866666667,0,0.554407713,0.602040816,0.5,0.8,0.333333333,0.285714286,0,1,1,0.951219512
0,0.082191781,0.160848107,0.6,0,0,0.5,0.5,1,0.666666667,0.357142857,0.2,1,0,0.951219512
0,0.164383562,0.113978276,0.866666667,0,0,0.397959184,0.5,0.8,0.666666667,0.714285714,0.2,1,1,0.951219512
1,0.534246575,0.144090277,0.6,0.140841408,0,0.602040816,0.5,1,0,0.857142857,0.2,1,1,0.951219512
0,0.150684932,0.066205945,0.533333333,0,0,0.397959184,0.5,0.733333333,0.333333333,0.071428571,0,1,1,0.951219512
0,0.849315068,0.088007361,0.933333333,0,0,0.091836735,0,0.933333333,0.333333333,0,0,1,1,0.951219512
0,0.438356164,0.015262683,0.666666667,0,0,0.479591837,0.75,0.533333333,0,1,0.2,1,1,0.951219512
0,0.123287671,0.083594984,0.8,0,0,0.091836735,0.5,0.6,0.666666667,0.857142857,0.2,1,1,0.317073171
0,0.273972603,0.081466598,0.8,0,0,0.397959184,0.5,0.6,0.5,0.285714286,0.2,1,0,0.951219512
0,0.369863014,0.060420197,0.8,0,0,0.602040816,0.5,0.6,0.333333333,0.857142857,0,1,1,0.951219512
0,0,0.125541653,0.4,0,0,0.234693878,0.5,0.066666667,0.666666667,0.071428571,0.6,0.25,0,0.951219512
1,0.301369863,0.043880889,0.8,0,0.433195592,0.5,0.5,0.6,0.333333333,0.285714286,0,1,1,0.951219512
0,0.02739726,0.12609506,0.466666667,0,0,0.469387755,0.5,0.133333333,0.666666667,0.214285714,0.6,1,1,0.951219512
1,0.356164384,0.07840053,0.6,0.076880769,0,0.397959184,0.5,1,0.333333333,0.857142857,0,1,1,0.951219512
1,0.438356164,0.035722525,0.866666667,0.150241502,0,0.5,0.5,0.8,0.333333333,0.285714286,0,1,1,0.951219512
0,0.616438356,0.160199308,0.8,0,0,0.397959184,0.25,0.6,0,0.714285714,0.2,0.5,0,0.951219512
0,0.369863014,0.070121066,0.866666667,0,0,0.397959184,0.875,0.8,0.333333333,0.285714286,0,1,1,0.951219512
0,0.164383562,0.233972999,0.533333333,0,0,0.520408163,0.5,0.733333333,0.666666667,0.571428571,0.4,0.5,0,0.951219512
1,0.452054795,0.12813888,0.2,0,0.453856749,0.632653061,0.625,0.333333333,0.333333333,0.214285714,0,1,1,0
1,0.246575342,0.04664522,0.8,0.150241502,0,0.5,0.5,0.6,0.333333333,0.857142857,0,1,1,0.951219512
0,0.260273973,0.054758933,0.533333333,0,0,0.397959184,0.5,0.733333333,0,0.214285714,0.2,1,1,0.951219512
0,0.150684932,0.074850062,0.533333333,0,0,0.5,0.5,0.733333333,0.666666667,0.285714286,0.2,1,0,0.951219512
1,0.575342466,0.069787533,0.8,0,0.453856749,0.397959184,0.875,0.6,0.333333333,0.285714286,0,1,1,0.951219512
0,0.109589041,0.1121293,0.866666667,0,0,0.397959184,0.5,0.8,0.333333333,0.714285714,0,1,1,0.951219512
1,0.260273973,0.026252355,0.8,0,0,0.5,0.125,0.6,0.333333333,0.071428571,0,1,1,0.951219512
0,0.150684932,0.135950856,0.533333333,0,0,0.397959184,0.5,0.733333333,0.833333333,0.571428571,0.8,1,1,0.146341463
1,0.397260274,0.019577638,0.6,0,0,0.397959184,0.5,1,0.333333333,0.071428571,0,1,1,0.951219512
0,0.136986301,0.115183866,0.4,0,0,0.397959184,0.5,0.066666667,0.666666667,0.214285714,0.2,1,1,0.951219512
1,0.205479452,0.09543777,0.533333333,0,0,0.397959184,0.5,0.733333333,0.333333333,0.214285714,0,1,1,0.951219512
0,0.630136986,0.123978851,0.666666667,0,0.323232323,0.397959184,0.5,0.533333333,0,0.285714286,0.2,0.5,1,0.951219512
0,0.178082192,0.111892512,0.533333333,0,0,0.397959184,0.5,0.733333333,0.666666667,0.5,0.4,1,1,0.951219512
0,0.397260274,0.132453835,0.533333333,0,0,0.397959184,0.5,0.733333333,0,0.214285714,0.4,1,1,0.951219512
0,0.054794521,0.204233094,0.6,0,0,0.397959184,0.5,1,0.666666667,0.857142857,0.6,1,1,0.097560976
0,0.164383562,0.163393241,0.466666667,0,0,0.418367347,0.5,0.133333333,0.666666667,0.285714286,0.2,1,1,0.219512195
0,0.547945205,0.104997243,0.666666667,0,0,0.5,0.5,0.533333333,0,0.285714286,0.8,1,0,0.951219512
0,0.273972603,0.137427737,0.733333333,0,0,0.244897959,0.5,0.466666667,0.333333333,0.571428571,1,1,0,0.951219512
0,0.219178082,0.135735717,0.6,0,0,0.704081633,0.5,1,0.666666667,0.928571429,0.2,1,1,0.951219512
0,0.219178082,0.057755317,1,0,0,0.397959184,0.125,0.666666667,0.333333333,0.714285714,0,1,1,0.951219512
0,0.068493151,0.125000423,0.533333333,0,0,0.193877551,0.5,0.733333333,0.666666667,0.571428571,0.6,1,0,0.951219512
0,0.02739726,0.164314685,0.533333333,0,0,0.244897959,0.5,0.733333333,0.666666667,0.857142857,0.6,1,1,0.951219512
0,0.315068493,0.159744675,0.6,0,0,0.316326531,0.5,1,0,0.5,0.6,1,1,0.951219512
0,0,0.179484005,0.4,0,0,0.142857143,0.5,0.066666667,0.666666667,0.428571429,0.6,1,1,0.951219512
0,0.136986301,0.011484898,0.6,0,0,0.5,0.5,1,0.666666667,0.857142857,0.8,1,1,0.951219512
0,0.205479452,0.111818769,0.6,0,0,0.5,0.25,1,0.5,0.714285714,0.2,1,1,0.268292683
0,0.150684932,0.027003312,0.8,0,0,0.5,0.5,0.6,0.666666667,0.571428571,0.2,1,1,0.951219512
1,0.424657534,0.137407441,0.533333333,0,0,0.397959184,0.125,0.733333333,0.333333333,1,0,0.5,1,0.951219512
0,0.095890411,0.06588256,0.866666667,0,0,0.142857143,0.5,0.8,0.666666667,0.071428571,0.6,1,1,0.951219512
0,0.520547945,0.12217182,0.6,0,0,0.357142857,0.5,1,0.333333333,0.285714286,0,1,1,0.951219512
0,0.068493151,0.232919631,0.666666667,0,0,0.602040816,0.5,0.533333333,0,0.928571429,0.2,1,1,0.951219512
1,0.191780822,0.089896253,0.8,0,0,0.602040816,0.75,0.6,0.333333333,0.285714286,0,1,1,0
0,0.205479452,0.11197302,0.866666667,0,0,0.397959184,0.25,0.8,0.666666667,0.714285714,0.2,1,0,0.951219512
1,0.178082192,0.161160667,0.6,0,0,0.551020408,0.75,1,0.333333333,0.071428571,1,1,0,0.951219512
0,0.01369863,0.21091796,0.333333333,0,0,0.112244898,0.5,0,0.666666667,0.571428571,0.6,1,0,0.951219512
1,0.369863014,0.117411027,0.533333333,0.07298073,0,0.397959184,0.5,0.733333333,0.333333333,0.5,0,1,1,0.951219512
0,0.315068493,0.101498868,0.533333333,0,0,0.663265306,0.75,0.733333333,0.333333333,0.214285714,0,0.25,1,0.853658537
0,0.054794521,0.068209172,0.6,0,0,0.295918367,0.5,1,0.666666667,0.571428571,0.6,1,0,0.951219512
0,0.301369863,0.01536484,0.533333333,0,0,0.397959184,0.5,0.733333333,0.333333333,0.571428571,1,1,0,0.951219512
0,0.095890411,0.114110878,0.6,0,0,0.397959184,0.5,1,0.666666667,0.571428571,0.2,1,0,0.951219512
0,0.493150685,0.054585063,0.733333333,0,0,0.397959184,0.5,0.466666667,0.833333333,0.285714286,0.8,1,0,0.951219512
0,0.01369863,0.058814098,0.4,0,0,0.142857143,0.5,0.066666667,0.666666667,0.857142857,0.6,1,0,0.951219512
0,0.068493151,0.090701332,0.533333333,0,0,0.602040816,0.5,0.733333333,0.666666667,0.857142857,0.8,1,0,0.951219512
0,0.04109589,0.0709938,0.6,0,0,0.142857143,0.5,1,0.666666667,0.928571429,0.6,1,1,0.951219512
0,0.287671233,0.076628003,0.533333333,0,0,0.346938776,0.5,0.733333333,0,0.071428571,0.2,1,0,0.951219512
1,0.260273973,0.115909114,0.533333333,0,0.453856749,0.397959184,0.5,0.733333333,0.333333333,0.714285714,0,1,1,0.951219512
0,0.068493151,0.12649963,0.8,0,0,0.295918367,0.5,0.6,0.666666667,0.285714286,0.2,1,0,0.951219512
0,0.342465753,0.070121066,0.533333333,0,0,0.397959184,0.75,0.733333333,0.333333333,0.857142857,0,1,1,0.951219512
1,0.369863014,0.098225104,0.866666667,0,0,0.5,0.25,0.8,0,0.714285714,0.2,1,0,0.951219512
0,0.438356164,0.046430082,0.133333333,0,0,0.448979592,0.5,0.266666667,0.666666667,0.5,0.2,1,1,0.951219512
1,0.506849315,0.040573298,0.533333333,0.076880769,0,0.397959184,0.125,0.733333333,0.333333333,0.5,0,1,1,0.951219512
0,0.246575342,0.145349313,0.533333333,0,0,0.397959184,0.875,0.733333333,0,0.214285714,0.6,1,1,0.951219512
0,0.205479452,0.145245803,0.6,0,0.43067034,0.602040816,0.5,1,0.666666667,0.857142857,0.6,1,1,0.951219512
0,0.369863014,0.20636757,0.6,0,0,0.397959184,0.5,1,0,0.571428571,0.8,1,0,0.951219512
0,0.150684932,0.108655957,0.533333333,0,0,0.5,0.5,0.733333333,0.333333333,0.357142857,0,1,1,0.951219512
0,0.04109589,0.167497116,0.6,0,0,0.244897959,0,1,0.666666667,0,0.6,1,0,0.634146341
0,0.068493151,0.274755347,0.6,0,0,0.397959184,0.5,1,0.333333333,0.214285714,0,1,1,0.951219512
0,0.219178082,0.00826661,0.6,0,0,0.602040816,0.75,1,0.333333333,0.214285714,0,1,1,0.951219512
0,0.068493151,0.052571011,0.6,0,0,0.102040816,0.5,1,0.666666667,0.571428571,0.6,1,0,0.951219512
0,0.794520548,0.121209108,0.066666667,0,0,0.153061224,0.5,0.2,0.333333333,0.571428571,0.4,0.5,0,0.951219512
0,0.397260274,0.078596726,0.333333333,0,0,0.397959184,0.5,0,0.333333333,0.428571429,0,1,1,0.951219512
0,0.164383562,0.065704631,0.8,0,0,0.5,0.5,0.6,0.666666667,0.857142857,0.2,1,1,0.951219512
0,0.095890411,0.10644571,0.533333333,0,0,0.367346939,0,0.733333333,0,0,0.8,0.5,0,0.951219512
1,0.630136986,0.236345616,0.866666667,0,0,0.397959184,0.5,0.8,0.833333333,0.714285714,0.2,1,0,0.951219512
1,0.397260274,0.317277749,0.8,0,0,0.448979592,0.25,0.6,0.333333333,0.071428571,0,1,1,0.951219512
0,0.328767123,0.053045264,0.533333333,0,0,0.397959184,0.25,0.733333333,0,0.714285714,0.8,0.25,0,0.951219512
0,0.232876712,0.119339158,0.8,0,0,0.397959184,0.25,0.6,0.5,0.714285714,0.2,1,0,0.951219512
0,0.164383562,0.062547231,0.533333333,0,0,0.602040816,0.625,0.733333333,0.333333333,0.214285714,0,1,1,0.951219512
0,0.424657534,0.127314857,0.6,0,0,0.397959184,0.75,1,0.333333333,0.214285714,0,1,1,0.951219512
0,0.205479452,0.138435101,0.533333333,0,0,0.234693878,0,0.733333333,0.333333333,0,0,1,1,0.951219512
0,0.02739726,0.057440727,0.6,0,0,0.214285714,0.5,1,0.666666667,0.857142857,0.6,1,0,0.951219512
0,0.589041096,0.147661041,0.2,0,0,0.346938776,0.5,0.333333333,0,0.071428571,0.2,1,0,0.12195122
0,0.246575342,0.106311755,0.733333333,0,0,0.397959184,0.75,0.466666667,0.333333333,0.214285714,0,1,1,0.951219512
0,0.109589041,0.122815207,0.8,0,0.43067034,0.397959184,0.5,0.6,0.666666667,0.857142857,0.2,1,0,0.951219512
0,0.424657534,0.154176096,0.4,0,0,0.214285714,0.5,0.066666667,0.833333333,0.571428571,0.8,0.5,1,0.951219512
0,0.739726027,0.108494265,0.8,0,0,0.295918367,0.625,0.6,0.333333333,0.714285714,0,1,1,0.951219512
1,0.383561644,0.105476232,0.8,0,0,0.346938776,0.25,0.6,0.333333333,0.214285714,0,1,1,0.951219512
0,0.178082192,0.144948126,0.533333333,0.048650487,0,0.397959184,0.5,0.733333333,0.666666667,1,0.2,1,1,0.951219512
0,0,0.097980198,0.333333333,0,0,0.397959184,0.25,0,0.666666667,0.357142857,0.6,1,1,0.951219512
0,0.095890411,0.14566458,0.6,0,0,0.193877551,0.5,1,0.666666667,0.857142857,0.6,1,0,0.951219512
0,0.205479452,0.340531014,0.533333333,0,0,0.397959184,0.5,0.733333333,0.833333333,0.428571429,0.2,1,0,0.951219512
0,0.095890411,0.217723249,0.4,0,0,0.295918367,0,0.066666667,0.666666667,0,0.2,1,0,0.951219512
1,0.082191781,0.064049144,0.4,0.143441434,0,0.397959184,0.5,0.066666667,0.666666667,0.214285714,0.6,0.25,1,0.975609756
0,0.767123288,0.027622343,0.6,0.025380254,0,0.193877551,0.5,1,1,0.857142857,0.2,1,0,0.951219512
0,0.287671233,0.113283473,0.6,0,0,0.520408163,0.5,1,0.333333333,0.285714286,1,1,0,0.951219512
0,0.328767123,0.212095135,0.533333333,0,0,0.397959184,0.5,0.733333333,0.333333333,0.5,0,1,1,0.951219512
0,0.01369863,0.133971985,0.533333333,0,0,0.193877551,0.5,0.733333333,0.666666667,0.857142857,0.6,1,0,0.951219512
0,0.438356164,0.317770945,0.533333333,0,0,0.602040816,0,0.733333333,0.333333333,0,0,1,1,0.951219512
0,0.04109589,0.171657821,0.6,0,0,0.43877551,0.5,1,0.666666667,0.857142857,0.6,0.5,1,0.951219512
0,0.068493151,0.153065898,0.6,0,0,0.193877551,0.5,1,0.333333333,0.857142857,1,1,0,0.804878049
0,0.273972603,0.107731131,0.133333333,0,0,0.397959184,0.5,0.266666667,0.333333333,0.214285714,0,0.5,1,0
0,0.273972603,0.263655399,0.533333333,0,0,0.193877551,0.5,0.733333333,1,0.5,0.8,1,0,0.951219512
1,0.506849315,0.11767623,0.866666667,0,0,0.397959184,0.5,0.8,0.666666667,0.714285714,0.2,1,1,0.951219512
0,0.191780822,0.156863302,0.533333333,0,0,0.551020408,0.5,0.733333333,0,0.214285714,0.8,1,1,0.951219512
0,0.191780822,0.068383718,0.733333333,0,0,0.193877551,0.5,0.466666667,0.333333333,0.5,0,1,1,0.951219512
0,0.452054795,0.021948901,0.533333333,0,0,0.397959184,0.5,0.733333333,0.333333333,0.5,0,1,1,0.951219512
1,0.575342466,0.110720073,0.533333333,0,0,0.448979592,0.5,0.733333333,0.333333333,1,0,1,1,0.951219512
0,0.178082192,0.06755496,0.533333333,0,0,0.397959184,0.875,0.733333333,0.333333333,0.785714286,0,1,1,0.951219512
0,0.219178082,0.126434682,0.6,0,0,0.397959184,0.5,1,0.666666667,0.214285714,0.2,0.5,1,0.951219512
0,0.712328767,0.099387395,0.6,0,0.185950413,0.37755102,0.875,1,1,0.071428571,0.2,1,0,0.951219512
0,0.219178082,0.200975567,0.533333333,0,0,0.397959184,0.5,0.733333333,0.333333333,0.071428571,0,1,1,0.951219512
1,0.356164384,0.134332579,0.8,0,0,0.397959184,0.5,0.6,0,0.285714286,0.2,0.5,0,0.951219512
0,0.082191781,0.192358511,0.6,0,0,0.316326531,0,1,0.666666667,0,0.6,1,0,0.951219512
0,0.136986301,0.025604909,0.6,0,0,0.5,0.5,1,0,0.857142857,0.2,1,1,0.951219512
0,0.452054795,0.093942623,0.533333333,0,0,0.397959184,0.25,0.733333333,0.666666667,0.071428571,0.6,1,0,0.951219512
1,0.602739726,0.133030245,0.866666667,0,0,0.602040816,0.5,0.8,0.333333333,0.857142857,0,1,1,0.951219512
1,0.328767123,0.096358538,0.666666667,0,0,0.397959184,0.5,0.533333333,0.333333333,0.214285714,0,1,1,0.951219512
1,0.643835616,0.145180179,0.866666667,0.093860939,0,0.5,0,0.8,0.333333333,0,1,0.5,0,0.56097561
0,0.273972603,0.268520379,0.6,0,0,0.448979592,0.5,1,0.333333333,0.214285714,0,1,1,0.951219512
1,0.315068493,0.112698268,0.533333333,0,0,0.193877551,0.125,0.733333333,0.333333333,0.071428571,1,1,0,0.951219512
0,0.452054795,0.169753368,0.666666667,0,0,0.397959184,0.875,0.533333333,0,0.071428571,0.8,1,0,0.170731707
0,0.191780822,0.062541818,0.066666667,0,0,0.346938776,0.5,0.2,0.333333333,0.428571429,0,1,1,0.634146341
1,0.260273973,0.134453003,0.666666667,0,0,0.397959184,0.5,0.533333333,0,0.714285714,0.2,1,1,0.951219512
1,0.287671233,0.123298255,0.866666667,1,0,0.602040816,0.75,0.8,0.333333333,0.714285714,0,0.5,1,0.951219512
1,0.479452055,0.041768739,0.866666667,0,0,0.448979592,0.5,0.8,0.333333333,0.714285714,0,1,1,0.951219512
0,0.904109589,0.156470911,0.4,0,0,0.193877551,0.75,0.066666667,0.666666667,0.357142857,0.2,1,1,0.951219512
1,0.534246575,0.120213921,0.6,0,0.436639118,0.602040816,0.5,1,0.333333333,0.214285714,0,1,1,0.951219512
0,0.369863014,0.073787899,0.6,0,0,0.5,0.625,1,0.333333333,0.285714286,0,1,1,0.951219512
1,0.684931507,0.18678249,0.533333333,0,0,0.397959184,0.5,0.733333333,0.333333333,0.857142857,0,1,1,0.048780488
0,0.068493151,0.153325012,0.533333333,0,0,0.397959184,0.75,0.733333333,0.666666667,0.428571429,0.2,1,1,0.951219512
1,0.136986301,0.178938039,0.6,0,0,0.397959184,0.125,1,0.333333333,0.928571429,0,1,1,0.951219512
0,0.082191781,0.208485808,0.8,0,0,0.234693878,0.5,0.6,0.666666667,0.285714286,0.6,0.25,1,0.951219512
1,0.136986301,0.138144867,0.8,0,0,0.234693878,0,0.6,0.333333333,0,1,1,0,0.951219512
0,0.356164384,0.064840016,0.533333333,0,0.404499541,0.234693878,0.5,0.733333333,0,0.571428571,0.8,1,0,0.951219512
0,0.397260274,0.101670709,0.866666667,0,0,0.5,0.25,0.8,0,0.714285714,0.8,1,0,0.048780488
0,0.095890411,0.137683468,0.8,0,0,0.397959184,0.875,0.6,0.666666667,0.928571429,0.2,1,0,0.951219512
1,0.643835616,0.046037013,0.533333333,0,0,0.397959184,0.625,0.733333333,0.333333333,0.285714286,0,1,1,0.951219512
0,0.493150685,0.222200573,0.933333333,0,0,0.397959184,0.5,0.933333333,0.666666667,0.714285714,0.2,1,0,0.951219512
1,0.301369863,0.048445486,0.533333333,0,0,0.397959184,0.5,0.733333333,0.333333333,0.071428571,0,1,1,0.951219512
0,0.054794521,0.080470735,0.6,0,0,0.295918367,0.5,1,0.666666667,0.928571429,0.6,1,1,0.951219512
1,0.164383562,0.100466473,0.333333333,0,0,0.346938776,0.75,0,0.333333333,0.214285714,0,1,1,0.951219512
0,0.424657534,0.123683881,0.533333333,0,0,0.602040816,0.5,0.733333333,0.333333333,0.857142857,0,1,1,0.951219512
0,0.630136986,0.07953373,0.2,0,0,0.397959184,0.75,0.333333333,0.333333333,0.214285714,0,1,1,0.951219512
0,0.369863014,0.065894061,0.866666667,0,0,0.397959184,0.75,0.8,0,0.285714286,0.8,1,0,0.951219512
1,0.232876712,0.296225936,0.8,0.150241502,0,0.346938776,0.75,0.6,0.333333333,0.285714286,0,1,1,0.951219512
0,0.123287671,0.09807356,0.4,0,0,0.397959184,0.5,0.066666667,0.666666667,1,0.2,1,1,0.951219512
0,0.164383562,0.036944351,0.8,0,0,0.397959184,0.125,0.6,0.666666667,0.714285714,0.2,1,1,0.951219512
0,0.520547945,0.008395152,0.6,0,0,0.397959184,0.5,1,0,0.714285714,0.2,1,0,0.951219512
0,0.150684932,0.073194576,0.533333333,0,0,0.346938776,0.5,0.733333333,0.666666667,0.214285714,0.2,1,1,0.951219512
0,0.01369863,0.227212362,0.4,0,0,0.193877551,0.5,0.066666667,0.666666667,0.071428571,0.6,0.5,0,0.951219512
1,0.369863014,0.204621427,0.6,0,0,0.397959184,0.5,1,0.333333333,0.857142857,0,1,1,0.951219512
0,0.287671233,0.157501277,0.266666667,0,0,0.397959184,0.75,0.4,0.333333333,0.214285714,0,1,1,0.634146341
0,0.150684932,0.126193158,0.533333333,0,0,0.397959184,0.5,0.733333333,0.666666667,0.428571429,0.6,0.5,0,0.951219512
1,0.328767123,0.162843216,0.6,0,0,0.479591837,0.5,1,0.333333333,0.214285714,0,1,1,0.951219512
0,0.219178082,0.054746079,0.133333333,0,0,0.397959184,0.5,0.266666667,0.333333333,0.357142857,0,0.25,1,0.731707317
0,0.260273973,0.093909473,0.666666667,0,0,0.479591837,0.75,0.533333333,0.833333333,0.285714286,0.2,1,1,0.951219512
0,0.150684932,0.311406758,0.6,0,0,0.397959184,0.5,1,0.666666667,0.857142857,0.6,0.5,1,0.951219512
0,0.232876712,0.025317381,0.533333333,0,0,0.704081633,0.75,0.733333333,0.333333333,0.285714286,0,1,1,0.951219512
1,0.191780822,0.025156365,0.866666667,0,0,0.551020408,0.5,0.8,0.666666667,0.285714286,0.2,1,1,0.951219512
1,0.287671233,0.071054688,0.533333333,0.150241502,0,0.397959184,0.5,0.733333333,0.333333333,0.285714286,1,1,0,0.951219512
0,0.534246575,0.052588601,0.2,0,0,0.397959184,0.5,0.333333333,0.333333333,0.5,0,1,1,0.780487805
1,0.424657534,0.0140713,0.8,0,0,0.5,0.125,0.6,0.333333333,0.785714286,0,1,1,0.951219512
0,0.219178082,0.104644091,0.4,0,0,0.193877551,0.5,0.066666667,0.833333333,0.857142857,0.6,1,0,0.951219512
0,0.109589041,0.110169371,0.533333333,0,0,0.397959184,0.5,0.733333333,0.333333333,1,0,1,1,0.951219512
0,0.04109589,0.166579732,0.533333333,0,0,0.397959184,0.5,0.733333333,0.666666667,0.5,0.6,0.5,1,0.951219512
1,0.109589041,0.217832848,0.6,0,0,0.397959184,0.25,1,0.333333333,0.285714286,0,1,1,0.951219512
0,0.02739726,0.072554571,0.6,0,0,0.142857143,0.5,1,0.666666667,0.571428571,0.6,1,0,0.951219512
0,0.232876712,0.153321629,0.533333333,0,0,0.397959184,0.5,0.733333333,0.333333333,0.285714286,0,1,1,0.951219512
0,0.068493151,0.126327113,0.533333333,0,0,0.193877551,0.75,0.733333333,0.666666667,0.214285714,0.4,1,1,0.951219512
1,0.205479452,0.067538723,0.466666667,0,0,0.704081633,0.75,0.133333333,0.333333333,0.214285714,0,1,1,0.951219512
0,0.273972603,0.073009204,0.6,0,0,0.397959184,0.875,1,0,0.071428571,0.6,0.75,0,0.951219512
0,0.02739726,0.330731371,0.6,0,0,0.397959184,0.5,1,0.666666667,0.857142857,0.4,0.5,0,0.951219512
0,0.232876712,0.094596158,0.533333333,0,0,0.397959184,0.625,0.733333333,0.333333333,0.214285714,0,1,1,0.951219512
1,0.191780822,0.105847651,0.533333333,0,0,0.397959184,0.25,0.733333333,0.333333333,0.785714286,0,0.5,1,0.951219512
0,0.123287671,0.081498395,0.6,0,0,0.397959184,0.5,1,0.666666667,0.071428571,0.6,1,0,0.951219512
0,0.260273973,0.194902291,0.333333333,0,0,0.397959184,0.5,0,0,0.5,0.8,0.5,0,0.951219512
1,0.191780822,0.01709001,0.8,0,0.436639118,0.346938776,0.5,0.6,0.333333333,0.285714286,1,1,0,0.951219512
0,0.287671233,0.177965179,0.6,0,0,0.448979592,0.5,1,0.666666667,0.857142857,0.6,1,0,0.951219512
0,0.219178082,0.128686198,0.2,0,0,0.397959184,0,0.333333333,0.833333333,0,0.2,1,1,0.317073171
0,0.205479452,0.069318693,0.533333333,0,0,0.602040816,0.5,0.733333333,0.833333333,0.428571429,0.8,0.25,0,0.853658537
0,0.301369863,0.027530334,0.6,0,0.395087236,0.551020408,0.5,1,0,0.571428571,0.2,1,0,0.951219512
0,0.287671233,0.222822987,0.733333333,0,0,0.602040816,0.875,0.466666667,0.666666667,0.285714286,0.2,1,1,0.951219512
0,0.109589041,0.073235168,0.533333333,0,0,0.397959184,0.5,0.733333333,0,0.857142857,0.8,1,0,0.951219512
0,0.123287671,0.016736181,0.6,0,0,0.785714286,0.75,1,0.333333333,0.357142857,0,1,1,0.951219512
1,0.410958904,0.143333908,0.8,0,0,0.397959184,0.875,0.6,0,0.285714286,0.2,1,0,0.951219512
0,0.301369863,0.041394614,0.533333333,0,0.361111111,0.448979592,0.75,0.733333333,0.333333333,0.571428571,0,1,1,0.951219512
0,0.068493151,0.113506053,0.8,0,0,0.397959184,0.5,0.6,0.666666667,0.285714286,0.8,1,1,0.951219512
1,0.383561644,0.125128965,0.466666667,0.076880769,0,0.397959184,0.5,0.133333333,0.333333333,0.857142857,0,1,1,0.951219512
1,0.315068493,0.142283246,0.8,0,0,0.602040816,0.5,0.6,0.333333333,0.714285714,0,1,1,0.951219512
1,0.260273973,0.198248445,0.866666667,0,0,0.5,0.5,0.8,0.333333333,0.285714286,0,1,1,0.951219512
1,0.315068493,0.104598086,0.8,0,0,0.397959184,0.25,0.6,0.333333333,0.785714286,0,0.5,1,0.951219512
0,0.301369863,0.172717278,0.533333333,0,0,0.397959184,0.875,0.733333333,0.666666667,0.571428571,0.2,0.5,1,0.951219512
0,0.123287671,0.106091881,0.6,0,0,0.397959184,0.125,1,0.666666667,0.928571429,0.6,1,0,0.951219512
0,0.04109589,0.077316718,0.533333333,0,0,0.397959184,0.5,0.733333333,0.666666667,0.214285714,0.2,1,1,0.951219512
0,0.219178082,0.099646509,0.2,0,0,0.448979592,0.5,0.333333333,0.333333333,0.071428571,0,1,1,0.951219512
0,0.342465753,0.085160492,0.8,0,0,0.448979592,0.75,0.6,0.333333333,0.285714286,0,1,1,0.951219512
0,0.356164384,0.069051461,0.533333333,0,0,0.346938776,0.5,0.733333333,0,0.214285714,0.2,1,1,0.951219512
0,0.698630137,0.130162403,0.533333333,0,0,0.367346939,0.5,0.733333333,0.333333333,0.285714286,0,1,1,0.951219512
0,0.410958904,0.023668659,0.733333333,0,0,0.397959184,0.25,0.466666667,0.833333333,0.071428571,0.8,0.5,0,0.951219512
1,0.424657534,0.114349695,0.533333333,0,0,0.602040816,0.625,0.733333333,0.333333333,0.214285714,0,1,1,0.951219512
1,0.465753425,0.081222368,0.533333333,0,0,0.448979592,0.75,0.733333333,0.333333333,0.285714286,0,1,1,0.951219512
0,0.123287671,0.103139472,0.6,0,0,0.397959184,0.5,1,0.666666667,0.857142857,0.2,1,0,0.951219512
0,0.136986301,0.140101413,0.533333333,0,0,0.346938776,0.5,0.733333333,0.666666667,0.571428571,0.2,1,0,0.951219512
0,0.01369863,0.02636466,0.4,0,0,0.142857143,0.5,0.066666667,0.666666667,0.428571429,0.6,1,1,0.951219512
0,0.410958904,0.131696113,0.733333333,0,0,0.673469388,0.625,0.466666667,1,0.285714286,0.2,1,0,0.951219512
0,0,0.135828403,0.4,0,0,0.193877551,0,0.066666667,0.666666667,0,0.2,0.75,0,0.951219512
0,0.054794521,0.083838538,0.6,0,0,0.479591837,0.25,1,0.666666667,0.785714286,0.6,1,1,0.951219512
1,0.342465753,0.119377044,0.8,0.076880769,0,0.397959184,0.625,0.6,0.333333333,0.285714286,0,1,1,0.951219512
0,0.136986301,0.25200272,0.2,0,0,0.5,0.5,0.333333333,0,0.928571429,0.2,1,0,0.951219512
1,0.643835616,0.364357983,0.333333333,0,0,0.397959184,0.875,0,0.333333333,0.285714286,0,1,1,0.951219512
0,0.04109589,0.040436637,0.6,0,0,0.397959184,0.5,1,0.666666667,0.5,0.2,1,0,0.951219512
0,0.205479452,0.125948928,0.533333333,0,0,0.397959184,0.5,0.733333333,0.333333333,0.357142857,1,1,0,0.951219512
0,0.397260274,0.016959438,0.6,0,0,0.448979592,0.5,1,0.333333333,0.428571429,0,1,1,0.951219512
0,0.739726027,0.066364931,0.533333333,0,0.566345271,0.520408163,0.5,0.733333333,0.333333333,0.857142857,0,1,1,0.951219512
0,0.123287671,0.06101758,0.8,0,0,0.244897959,0.5,0.6,0.666666667,0.071428571,0.6,1,1,0.951219512
0,0.315068493,0.092360879,0.8,0,0,0.397959184,0.875,0.6,0.666666667,0.285714286,0.6,1,0,0.951219512
0,0.082191781,0.091510471,0.533333333,0,0,0.295918367,0.5,0.733333333,0,0.571428571,0.8,1,0,0.951219512
0,0.150684932,0.132576965,0.6,0,0,0.234693878,0.5,1,0,0.928571429,0.2,1,1,0.951219512
1,0.342465753,0.166633855,0.533333333,0,0,0.602040816,0.5,0.733333333,0.666666667,0.857142857,0.2,1,1,0.951219512
0,0.219178082,0.099047097,0.6,0,0,0.397959184,0.5,1,0.333333333,1,0,1,1,0.951219512
0,0.684931507,0.14137398,0.866666667,0,0,0.397959184,0.75,0.8,0,0.857142857,0.2,0.75,1,0.951219512
0,0.561643836,0.059991949,0.266666667,0,0,0.397959184,0.5,0.4,0.333333333,0.428571429,0,1,1,0.951219512
1,0.123287671,0.134594399,0.8,0,0,0.397959184,0.5,0.6,0.333333333,0.714285714,1,1,0,0.951219512
1,0.547945205,0.220287325,0.8,0,0,0.397959184,0.125,0.6,0.333333333,0.714285714,0,0.5,1,0.951219512
0,0.02739726,0.138100215,0.6,0,0,0.193877551,0.5,1,0.666666667,0.571428571,0.6,1,0,0.951219512
1,0.904109589,0.095322759,0.8,0,0.54912764,0.551020408,0.625,0.6,0.333333333,0.285714286,0,1,1,0.951219512
0,0.397260274,0.149361856,0.266666667,0,0,0.397959184,0.5,0.4,0,1,0.2,1,1,0.951219512
1,0.260273973,0.113929566,0.533333333,0,0,0.448979592,0.5,0.733333333,0.333333333,0.214285714,0,1,1,0.951219512
0,0.726027397,0.069652226,0.533333333,0,0,0.295918367,0.5,0.733333333,0.333333333,0.071428571,0,1,1,0.951219512
0,0.424657534,0.022070001,0.8,0,0,0.448979592,0.5,0.6,0,0.928571429,0.2,1,0,0.951219512
0,0.123287671,0.121788224,0.6,0,0,0.244897959,0.5,1,0.333333333,0.285714286,1,1,0,0.951219512
0,0.273972603,0.129585993,0.266666667,0,0,0.397959184,0.5,0.4,0.333333333,0.214285714,0,1,1,0.951219512
0,0.054794521,0.151814304,0.6,0,0,0.071428571,0.5,1,0.666666667,0.571428571,0.4,0.5,0,0.951219512
0,0.123287671,0.127766108,0.666666667,0,0,0.346938776,0.75,0.533333333,0.666666667,0.571428571,0.2,1,0,0.951219512
0,0.109589041,0.077591392,0.533333333,0,0,0.397959184,0.5,0.733333333,0.666666667,0.214285714,0.6,1,1,0.951219512
0,0.342465753,0.113530409,0.533333333,0,0,0.602040816,0.5,0.733333333,0.333333333,0.428571429,0,1,1,0.951219512
0,0.191780822,0.195114724,0.533333333,0,0,0.397959184,0.5,0.733333333,0.666666667,0.571428571,0.2,0.5,1,0.951219512
0,0.410958904,0.05997233,0.866666667,0,0,0.448979592,0.5,0.8,0,0.714285714,0.2,1,1,0.951219512
0,0.232876712,0.227914607,0.866666667,0,0,0.397959184,0.5,0.8,0.333333333,0.214285714,0,1,1,0.634146341
0,0.191780822,0.106417972,0.533333333,0,0,0.397959184,0.5,0.733333333,0.666666667,0.285714286,0.6,1,0,0.951219512
0,0.205479452,0.106773154,0.533333333,0,0,0.5,0.75,0.733333333,0.833333333,0.857142857,0.2,1,1,0.951219512
0,0.328767123,0.06797712,0.533333333,0.02597026,0,0.397959184,0.5,0.733333333,0,0.428571429,0.6,1,0,0.951219512
0,0.136986301,0.384843534,0.6,0,0,0.397959184,0.5,1,0.666666667,0.428571429,0.6,0.5,1,0.951219512
0,0,0.125741908,0.4,0,0,0.142857143,0.5,0.066666667,0.666666667,0.857142857,0.6,1,0,0.951219512
0,0.547945205,0.033472362,0.6,0,0.383838384,0.448979592,0.5,1,0.333333333,0.214285714,0,1,1,0.951219512
0,0.452054795,0.227190712,0.333333333,0,0,0.5,0.75,0,0,0.857142857,0.2,1,0,0.951219512
0,0.109589041,0.038869777,0.333333333,0,0,0.397959184,0.5,0,0.666666667,0.5,0.6,1,1,0.951219512
0,0.068493151,0.142569421,0.533333333,0,0,0.193877551,0.5,0.733333333,0.666666667,0.071428571,0.6,1,0,0.951219512
1,0.356164384,0.30437077,0.933333333,1,0,0.602040816,0.5,0.933333333,0.333333333,0.714285714,0,1,1,0.951219512
0,0.191780822,0.060252416,0.533333333,0,0,0.397959184,0.125,0.733333333,0.666666667,0.428571429,0.6,1,0,0.951219512
1,0.328767123,0.199044729,0.666666667,0,0,0.397959184,0.5,0.533333333,0.333333333,0.928571429,0,1,1,0.951219512
0,0.109589041,0.106242072,0.8,0,0,0.397959184,0.5,0.6,0.333333333,0.285714286,0.6,1,0,0.951219512
1,0.438356164,0.102202467,0.933333333,0,0,0.857142857,0.75,0.933333333,0.333333333,0.714285714,0,1,1,0.951219512
0,0.589041096,0.178557149,0.6,0,0,0.397959184,0.5,1,0,0.285714286,0.2,1,0,0.951219512
0,0.287671233,0.158430163,0.533333333,0,0,0.448979592,0.5,0.733333333,0.333333333,0.214285714,0,1,1,0.951219512
1,0.191780822,0.108918454,0.8,0,0,0.397959184,0.5,0.6,0.333333333,0.928571429,0,0.25,1,0.951219512
0,0.054794521,0.092923758,0.6,0,0,0.397959184,0.5,1,0.666666667,0.571428571,0.2,1,0,0.951219512
0,0.438356164,0.033165214,0.2,0,0,0.37755102,0.5,0.333333333,0.333333333,0.5,0,0.75,1,0.951219512
0,0.410958904,0.101492103,0.533333333,0,0,0.193877551,0.5,0.733333333,0,0.071428571,0.8,1,0,0.951219512
0,0.520547945,0.037321183,1,0,0,0.397959184,0.5,0.666666667,0.666666667,0.714285714,0.2,1,1,0.219512195
1,0.328767123,0.095288256,0.933333333,0.150241502,0,0.397959184,0.75,0.933333333,0.333333333,0.285714286,0,1,1,0.951219512
0,0.260273973,0.212105959,0.533333333,0,0,0.397959184,0.5,0.733333333,0.833333333,0.857142857,0.2,1,0,0.951219512
0,0.369863014,0.197714657,0.6,0,0,0.551020408,0.5,1,0,0.214285714,0.2,1,1,0.951219512
1,0.164383562,0.082727663,1,0,0,0.5,0,0.666666667,0.333333333,0,0,1,1,0.951219512
0,0.082191781,0.024394584,0.533333333,0,0,0.265306122,0.5,0.733333333,0.666666667,0.857142857,0.2,0.5,0,0
1,0.260273973,0.062629092,0.6,0,0,0.56122449,0.5,1,0.333333333,0.357142857,0,1,1,0.951219512
0,0.109589041,0.164643482,0.533333333,0,0,0.244897959,0.5,0.733333333,0.333333333,0.571428571,1,1,0,0.634146341
0,0.068493151,0.261685999,0.133333333,0,0,0.397959184,0.5,0.266666667,0.333333333,0.5,0.4,1,0,0.634146341
0,0.493150685,0.206362834,0.533333333,0,0,0.479591837,0.75,0.733333333,0.333333333,0.214285714,0,1,1,0.951219512
1,0.205479452,0.262344946,0.933333333,0.150241502,0,0.397959184,0.75,0.933333333,0.333333333,0.714285714,0,0.25,1,0.731707317
0,0.01369863,0.301346648,0.4,0,0,0.153061224,0,0.066666667,0.666666667,0,0.6,1,1,0.634146341
1,0.191780822,0.113244233,0.533333333,0,0,0.397959184,0.5,0.733333333,0.333333333,0.5,0,1,1,0.951219512
0,0.205479452,0.078286872,0.666666667,0,0,0.448979592,0.5,0.533333333,0.333333333,0.071428571,1,1,0,0.951219512
0,0.479452055,0.015757231,0.533333333,0,0,0.397959184,0.5,0.733333333,1,0.214285714,0.2,1,1,0.951219512
0,0.493150685,0.06530615,0.533333333,0,0,0.602040816,0.75,0.733333333,0.333333333,0.214285714,0,1,1,0.951219512
0,0.02739726,0.402887461,0.533333333,0,0,0.602040816,0.5,0.733333333,0.666666667,0.5,0.2,1,0,0.951219512
0,0.643835616,0.143118093,0.266666667,0,0,0.37755102,0.875,0.4,0.666666667,0.071428571,0.2,1,0,0.951219512
0,0.095890411,0.139821326,0.6,0,0,0.234693878,0.5,1,0.666666667,0.785714286,0.6,1,1,0
0,0.493150685,0.1498104,0.733333333,0,0,0.397959184,0.25,0.466666667,0.666666667,0.071428571,0.2,0.5,1,0.951219512
1,0.205479452,0.059433806,0.8,0,0,0.346938776,0.25,0.6,0.333333333,0.714285714,1,1,0,0.951219512
0,0.520547945,0.009474906,0.666666667,0,0,0.37755102,0.875,0.533333333,1,0.285714286,0.2,0,0,0.951219512
1,0.424657534,0.214005676,0.866666667,0,0,0.5,0.25,0.8,0.333333333,0.714285714,0,1,1,0.951219512
0,0.178082192,0.104992507,0.6,0,0,0.5,0.5,1,0,0.5,0.2,1,1,0.951219512
0,0.205479452,0.071629068,0.533333333,0,0,0.397959184,0.5,0.733333333,0.333333333,0.785714286,0,1,1,0.951219512
0,0.04109589,0.098310348,0.6,0,0,0.244897959,0.5,1,0.666666667,0.571428571,0.2,1,0,0.951219512
0,0.232876712,0.145011721,0.533333333,0,0,0.397959184,0.5,0.733333333,0.666666667,0.642857143,0.2,1,0,0.634146341
0,0.04109589,0.217317326,0.533333333,0,0,0.295918367,0.5,0.733333333,0.666666667,0.071428571,0.6,1,1,0.658536585
1,0.493150685,0.172052242,0.533333333,0,0,0.397959184,0.125,0.733333333,0.333333333,0.714285714,0,1,1,0.951219512
1,0.287671233,0.152936003,0.8,0.076880769,0,0.418367347,0.125,0.6,0.333333333,0.857142857,0,1,1,0.951219512
1,0.342465753,0.125856919,0.866666667,0,0,0.397959184,0.125,0.8,0.333333333,0.285714286,0,1,1,0.951219512
1,0.465753425,0.154299902,0.533333333,0,0,0.397959184,0.25,0.733333333,0.333333333,0.785714286,0,1,1,0.951219512
0,0.438356164,0.010000575,0.666666667,0,0,0.602040816,0.75,0.533333333,0.666666667,0.071428571,0.2,1,0,0.951219512
0,0.342465753,0.076567791,0.8,0,0,0.397959184,0.5,0.6,0.666666667,0.857142857,0.8,1,1,0.951219512
0,0.452054795,0.050123299,0.533333333,0,0,0.5,0.5,0.733333333,0.333333333,0.5,0,1,1,0.951219512
1,0.205479452,0.089752151,0.533333333,0,0,0.397959184,0.5,0.733333333,0.333333333,0.857142857,0,1,1,0.951219512
0,0.452054795,0.016368821,0.333333333,0,0,0.448979592,0.75,0,0,0.214285714,0.2,1,1,0.951219512
1,0.383561644,0.121721246,0.533333333,0.150241502,0,0.489795918,0.5,0.733333333,0.333333333,0.214285714,0,1,1,0.951219512
0,0.02739726,0.101974474,0.6,0,0,0.193877551,0.5,1,0.666666667,0.857142857,0.6,1,0,0.951219512
0,0.232876712,0.15769612,0.8,0,0,0.448979592,0.5,0.6,0.333333333,0.285714286,0,1,1,0.951219512
1,0.328767123,0.125775735,0.933333333,0.150241502,0,0.5,0.75,0.933333333,0.333333333,0.714285714,0,1,1,0.951219512
0,0.452054795,0.013589606,0.533333333,0,0,0.295918367,0.75,0.733333333,0.333333333,0.357142857,0,1,1,0.951219512
0,0.04109589,0.123664262,0.6,0,0,0.295918367,0,1,0.666666667,0,0.6,1,0,0.951219512
0,0.369863014,0.009731313,0.733333333,0,0,1,0.75,0.466666667,0.333333333,0.571428571,1,1,0,0.951219512
0,0.164383562,0.018949811,0.533333333,0,0,0.397959184,0.5,0.733333333,0.333333333,0.714285714,0,1,1,0.951219512
0,0.383561644,0.132441657,0.733333333,0,0.365013774,0.397959184,0.625,0.466666667,0,0.285714286,0.2,1,0,0.951219512
0,0.109589041,0.075654465,0.533333333,0,0,0.37755102,0.5,0.733333333,0.666666667,0.571428571,0.2,1,0,0.951219512
0,0.02739726,0.150100635,0.533333333,0,0,0.397959184,0.125,0.733333333,0.666666667,0.071428571,0.8,0.5,0,0.951219512
0,0.191780822,0.013612608,0.6,0,0,0.193877551,0.5,1,0,0.214285714,0.8,1,0,0.951219512
1,0.561643836,0.065814906,1,0,0,0,0.875,0.666666667,0.333333333,0.714285714,0,1,1,0.951219512
0,0.150684932,0.137790361,0.533333333,0,0,0.397959184,0.5,0.733333333,0.333333333,0.214285714,0,1,1,0.951219512
0,0.178082192,0.112284903,0.8,0,0,0.704081633,0.75,0.6,0.333333333,0.857142857,0,1,1,0
1,0.328767123,0.155954713,0.533333333,0,0,0.397959184,0.5,0.733333333,0.333333333,1,0,1,1,0.951219512
1,0.520547945,0.174934968,0.8,0,0,0.397959184,0.125,0.6,0.333333333,0.714285714,0,1,1,0.951219512
0,0.136986301,0.164527794,0.133333333,0,0,0.397959184,0.5,0.266666667,0.666666667,0.571428571,0.4,1,1,0.634146341
0,0.205479452,0.134946198,0.666666667,0,0,0.397959184,0.5,0.533333333,0,0.571428571,0.8,0.5,0,0.951219512
0,0.479452055,0.125315013,0.533333333,0,0,0.397959184,0.125,0.733333333,0.333333333,0.785714286,0,1,1,0.951219512
0,0.342465753,0.170029396,0.6,0,0,0.397959184,0.5,1,0,0.214285714,0.6,1,1,0.951219512
0,0.506849315,0.112282197,0.733333333,0,0,0.295918367,0.5,0.466666667,1,0.071428571,0.8,1,0,0.951219512
1,0.589041096,0.173646164,0.6,0,0,0.112244898,0,1,0.333333333,0,0,1,1,0.951219512
0,0.123287671,0.03095429,0.6,0,0,0.397959184,0.875,1,0.333333333,0.571428571,0,1,1,0.951219512
0,0.424657534,0.096803699,0.533333333,0,0,0.357142857,0.5,0.733333333,1,0.5,0.8,1,0,0.951219512
0,0.356164384,0.181889095,0.533333333,0,0,0.397959184,0.5,0.733333333,0.833333333,0.5,0.2,1,0,0.951219512
1,0.397260274,0.096882854,0.733333333,0,0,0.43877551,0.5,0.466666667,0.333333333,0.214285714,0,1,1,0.951219512
1,0.287671233,0.31563444,0.933333333,1,0,0.5,0.625,0.933333333,0.333333333,0.714285714,0,1,1,0.951219512
0,0.369863014,0.121080565,0.533333333,0,0,0.397959184,0.5,0.733333333,0.333333333,0.5,0,1,1,0.951219512
0,0.465753425,0.124362448,0.6,0,0,0.602040816,0.5,1,0.333333333,0.357142857,0,1,1,0.951219512
0,0.082191781,0.157236074,0.133333333,0,0,0.346938776,0.5,0.266666667,0.666666667,0.357142857,0.4,1,1,0.634146341
1,0.438356164,0.051175315,0.533333333,0,0,0.397959184,0.5,0.733333333,0.333333333,0.071428571,0,1,1,0.951219512
1,0.602739726,0.10687734,0.533333333,0.150241502,0,0.37755102,0.5,0.733333333,0.333333333,0.285714286,1,1,0,0.951219512
0,0.342465753,0.142927309,0.866666667,0,0,0.397959184,0.25,0.8,0.666666667,0.714285714,0.2,1,1,0.951219512
0,0.150684932,0.045918619,0.533333333,0,0,0.397959184,0.625,0.733333333,0.666666667,0.285714286,0.6,1,1,0.951219512
0,0.04109589,0.12730065,0.2,0,0,0.520408163,0.5,0.333333333,0.666666667,0.5,0.6,1,0,0.951219512
1,0.438356164,0.200761105,0.666666667,0.150241502,0,0.602040816,0.5,0.533333333,0.333333333,0.714285714,1,1,0,0.951219512
0,0.589041096,0.0954398,0.533333333,0.02597026,0,0.551020408,0.75,0.733333333,0,0.857142857,0.2,0.5,1,0.951219512
1,0.849315068,0.102059041,0.533333333,0,0,0.397959184,0,0.733333333,0.333333333,0,0,1,1,0.951219512
1,0.178082192,0.11439367,0.8,0,0,0.397959184,0.5,0.6,0.333333333,0.714285714,1,1,0,0.951219512
1,0.328767123,0.063873921,0.533333333,0.135501355,0,0.602040816,0.5,0.733333333,1,1,0.2,1,0,0.951219512
1,0.410958904,0.057176201,0.533333333,0,0,0.806122449,0.625,0.733333333,0.333333333,0.285714286,0,1,1,0.951219512
1,0.260273973,0.080861773,0.533333333,0.043860439,0,0.397959184,0.5,0.733333333,0.333333333,0.5,0,1,1,0.951219512
0,0.02739726,0.072247423,0.6,0,0,0.5,0.5,1,0.666666667,0.428571429,0.6,1,1,0.951219512
0,0.246575342,0.013486772,0.733333333,0,0,0.602040816,0.5,0.466666667,0.666666667,0.285714286,0.2,1,0,0.951219512
0,0.479452055,0.083283777,0.533333333,0.050130501,0,0.397959184,0.875,0.733333333,0.333333333,0.214285714,0,1,1,0.951219512
0,0.452054795,0.111765323,0.533333333,0,0,0.397959184,0.5,0.733333333,0.333333333,0.214285714,0,1,1,0.951219512
0,0.301369863,0.02148412,0.733333333,0,0,0.602040816,0.5,0.466666667,0.5,0.071428571,0.4,1,1,0.951219512
0,0.02739726,0.060018334,0.8,0,0,0.295918367,0.5,0.6,0.666666667,0.714285714,0.6,1,0,0.951219512
0,0.02739726,0.010729882,0.533333333,0,0,0.520408163,0.5,0.733333333,0.666666667,0.571428571,0.6,1,0,0.951219512
1,0.684931507,0.228831992,0.6,0,0,0.142857143,0,1,0.333333333,0,0,1,1,0.951219512
0,0.328767123,0.050140889,0.6,0,0,0.37755102,0.5,1,0.833333333,0.071428571,0.2,1,0,0.951219512
0,0.082191781,0.139474939,0.133333333,0,0,0.112244898,0.5,0.266666667,0.666666667,0.642857143,0.8,1,0,0.634146341
1,0.397260274,0.096882854,0.8,0,0,0.5,0.5,0.6,0.333333333,0.714285714,0,1,1,0.951219512
1,0.616438356,0.100031459,0.933333333,0,0,0.295918367,0.5,0.933333333,0.333333333,0.714285714,0,1,1,0.951219512
1,0.232876712,0.122192793,0.6,0,0,0.397959184,0.5,1,0.333333333,0.214285714,0,1,1,0.951219512
0,0.178082192,0.166133217,0.2,0,0,0.479591837,0.5,0.333333333,0.333333333,0.214285714,0,1,1,0.951219512
0,0.589041096,0.083214094,0.866666667,0,0,0.397959184,0.75,0.8,0.333333333,0.714285714,0,1,1,0.951219512
0,0.068493151,0.151235865,0.6,0,0,0.397959184,0.5,1,0.666666667,0.071428571,0.6,1,0,0.951219512
0,0.232876712,0.175661569,0.533333333,0,0,0.397959184,0.5,0.733333333,0.333333333,0.428571429,1,1,0,0.951219512
0,0.424657534,0.060832209,0.533333333,0,0,0.5,0.5,0.733333333,0,0.857142857,0.8,1,0,0.951219512
1,0.616438356,0.145082081,0.533333333,0,0,0.397959184,0.5,0.733333333,0.333333333,0.071428571,0,1,1,0.951219512
1,0.410958904,0.37973906,0.533333333,0,0,0.479591837,0.5,0.733333333,0.333333333,1,0,1,1,0.536585366
0,0.136986301,0.094104315,0.2,0,0.223599633,0.397959184,0.5,0.333333333,0,0.5,0.8,1,1,0.951219512
0,0.082191781,0.123580371,0.8,0,0,0.551020408,0.5,0.6,0.666666667,0.714285714,0.2,0.25,1,0.512195122
0,0.01369863,0.116239941,0.4,0,0,0.051020408,0.5,0.066666667,0.666666667,0.357142857,0.6,1,1,0.951219512
0,0.246575342,0.067039439,0.533333333,0,0,0.397959184,0.5,0.733333333,0.833333333,1,0.2,1,1,0.951219512
1,0.602739726,0.057082839,0.6,0.150241502,0,0.336734694,0.5,1,0.333333333,0.071428571,1,1,0,0.951219512
1,0.287671233,0.064189187,0.6,0,0,0.551020408,0.5,1,0.333333333,0.285714286,0,1,1,0.951219512
0,0.410958904,0.119290448,0.533333333,0,0,0.479591837,0.625,0.733333333,0.333333333,0.5,0,1,1,0.951219512
0,0.246575342,0.033859341,0.8,0,0,0.397959184,0.5,0.6,0.666666667,0.714285714,0.2,1,0,0.951219512
0,0.561643836,0.150567446,0.533333333,0,0,0.724489796,0.75,0.733333333,0.333333333,0.357142857,0,1,1,0.951219512
0,0.273972603,0.170996844,0.6,0,0,0.5,0.5,1,0.333333333,1,0,1,1,0.951219512
0,0.301369863,0.195741874,0.533333333,0,0,0.397959184,0.5,0.733333333,0.333333333,1,0,1,1,0.951219512
0,0.219178082,0.12935597,0.6,0,0,0.397959184,0.5,1,0,0.857142857,0.2,1,1,0.951219512
1,0.178082192,0.14888625,0.8,0,0,0.397959184,0.5,0.6,0.333333333,0.285714286,0,1,1,0.951219512
1,0.684931507,0.123722444,0.866666667,0.200512005,0,0.602040816,0.5,0.8,0.333333333,0.714285714,0,1,1,0.951219512
0,0.616438356,0.173213857,0.6,0,0,0.397959184,0,1,0,0,0.2,1,0,0.951219512
1,0.383561644,0.086839657,0.533333333,0,0,0.5,0.5,0.733333333,0.333333333,0.857142857,0,1,1,0.951219512
0,0.082191781,0.246825179,0.6,0,0,0.244897959,0.5,1,0.666666667,0.571428571,0.8,1,0,0.951219512
1,0.315068493,0.152226315,0.933333333,0.150241502,0,0.397959184,0.75,0.933333333,0.333333333,0.714285714,1,1,0,0.951219512
0,0.095890411,0.137308667,0.8,0,0,0.418367347,0.5,0.6,0.666666667,0.071428571,0.2,1,0,0.951219512
0,0.561643836,0.08140165,0.133333333,0,0,0.397959184,0.5,0.266666667,0,0.5,0.2,0.5,1,0.951219512
0,0.164383562,0.069948549,0.8,0,0,0.397959184,0.5,0.6,0.666666667,0.928571429,0.2,1,1,0.951219512
0,0.315068493,0.105545915,0.533333333,0,0,0.397959184,0.5,0.733333333,0.333333333,0.214285714,0,1,1,0.951219512
0,0.534246575,0.112874844,0.333333333,0,0,0.346938776,0.5,0,0.333333333,0.214285714,0,1,1,0.536585366
1,0.602739726,0.02645261,0.8,0,0,0.5,0.5,0.6,0.333333333,0.857142857,0,1,1,0.951219512
1,0.397260274,0.087719156,0.8,0,0,0.37755102,0.25,0.6,0.333333333,0.714285714,0,1,1,0.951219512
0,0.054794521,0.141849585,0.533333333,0,0,0.397959184,0.5,0.733333333,0.666666667,0.5,0.8,1,1,0.634146341
1,0.410958904,0.133396251,0.6,0.043860439,0,0.397959184,0.625,1,0.333333333,0.285714286,0,1,1,0.951219512
0,0.575342466,0.099263589,0.6,0,0,0.56122449,0.5,1,0.333333333,0.785714286,0,1,1,0.951219512
1,0.397260274,0.119138903,1,0.150241502,0,0.602040816,0.5,0.666666667,0.333333333,0.285714286,0,1,1,0.951219512
0,0.205479452,0.022671443,0.466666667,0,0,0.397959184,0.5,0.133333333,0.333333333,0.428571429,0,1,1,0.951219512
0,0.095890411,0.115159511,0.6,0,0,0.244897959,0.5,1,0.666666667,0.571428571,0.6,1,0,0.951219512
0,0.287671233,0.240153845,1,0,0,0.397959184,0.5,0.666666667,0.333333333,0.071428571,0,1,1,0.951219512
1,0.356164384,0.396931227,0.8,0.03103031,0,0.397959184,0.875,0.6,0.333333333,0.714285714,1,0.5,0,0.951219512
0,0.068493151,0.334003105,0.533333333,0,0,0.397959184,0.5,0.733333333,0.666666667,0.428571429,0.6,1,1,0.951219512
0,0.356164384,0.043435051,0.4,0,0,0.397959184,0.5,0.066666667,0.333333333,0.214285714,0,1,1,0.951219512
1,0.547945205,0.132420684,0.533333333,0,0,0.397959184,0.625,0.733333333,0.333333333,0.214285714,0,1,1,0.951219512
0,0.109589041,0.162684906,0.533333333,0,0,0.397959184,0.5,0.733333333,0.666666667,0.571428571,0.8,1,0,0.951219512
1,0.410958904,0.010377406,0.533333333,0,0,0.653061224,0.5,0.733333333,0.666666667,0.857142857,0.2,1,0,0.951219512
0,0.410958904,0.332294172,0.466666667,0,0,0.397959184,0.5,0.133333333,0.666666667,0.071428571,0.4,0.5,0,0.951219512
0,0.273972603,0.109614611,0.533333333,0,0,0.397959184,0.75,0.733333333,0.333333333,0.214285714,0,1,1,0.951219512
0,0.465753425,0.148590604,0.4,0,0,0.448979592,0.5,0.066666667,0.333333333,0.214285714,0,1,1,0.951219512
0,0.123287671,0.053196132,0.733333333,0,0,0.142857143,0.5,0.466666667,0.666666667,0.571428571,0.6,0.5,0,0.951219512
0,0.136986301,0.132576965,0.533333333,0,0,0.62244898,0.5,0.733333333,0.333333333,0.428571429,0,1,1,0.951219512
0,0.315068493,0.126524661,0.8,0,0,0.397959184,0.75,0.6,0.333333333,0.714285714,0,1,1,0.951219512
1,0.246575342,0.176208888,0.533333333,0.278282783,0,0.602040816,0.5,0.733333333,0,0.857142857,0.2,1,1,0.951219512
0,0.260273973,0.17760729,0.533333333,0,0,0.5,0.5,0.733333333,0,0.071428571,0.8,1,0,0.951219512
1,0.205479452,0.110884471,0.533333333,0.047870479,0,0.397959184,0.5,0.733333333,0.666666667,0.214285714,0.2,1,1,0.951219512
0,0.465753425,0.128996052,0.666666667,0,0,0.397959184,0.5,0.533333333,0.333333333,0.857142857,0,1,1,0.951219512
1,0.273972603,0.103248394,0.8,0,0,0.397959184,0.875,0.6,0.333333333,0.714285714,0,1,1,0.951219512
0,0.150684932,0.050975059,0.6,0,0,0.428571429,0.5,1,0.333333333,0.857142857,0,1,1,0.951219512
1,0.452054795,0.013081526,0.533333333,0,0,0.397959184,0.5,0.733333333,0.333333333,0.214285714,0,1,1,0.951219512
0,0.068493151,0.067553607,0.6,0,0,0.193877551,0.5,1,0.666666667,0.714285714,0.4,0.25,0,0.853658537
0,0.246575342,0.181772731,0.6,0,0,0.397959184,0.5,1,0.333333333,0.857142857,0,1,1,0.951219512
1,0.301369863,0.063968636,0.6,0.043860439,0,0.448979592,0.5,1,0.333333333,0.857142857,0,1,1,0.951219512
0,0.164383562,0.080374666,0.6,0,0,0.397959184,0.5,1,0.333333333,0.285714286,0,1,1,0.951219512
0,0.315068493,0.069714467,0.533333333,0,0,0.346938776,0.5,0.733333333,0.333333333,1,0,1,1,0.951219512
1,0.287671233,0.193997761,0.8,0,0,0.551020408,0.625,0.6,0.333333333,0.857142857,0,1,1,0.951219512
1,0.739726027,0.239298701,0.533333333,0.066120661,0,0.418367347,0,0.733333333,1,0,0.8,1,0,0.951219512
0,0.150684932,0.018230652,0.8,0,0,0.448979592,0.5,0.6,0.666666667,0.714285714,0.2,1,1,0.951219512
0,0.219178082,0.145482591,0.733333333,0,0,0.602040816,0.5,0.466666667,0.666666667,0.571428571,0.2,1,1,0.829268293
1,0.397260274,0.177195279,0.6,0,0,0.397959184,0.25,1,0.333333333,0.714285714,0,1,1,0.951219512
1,0.438356164,0.228467338,0.8,0,0,0.602040816,0.75,0.6,0.333333333,0.714285714,0,1,1,0.951219512
0,0.410958904,0.136877036,0.533333333,0,0,0.397959184,0,0.733333333,0.333333333,0,0,1,1,0.951219512
0,0.01369863,0.127192404,0.533333333,0,0,0.346938776,0.5,0.733333333,0.666666667,0.857142857,0.6,1,1,0.951219512
0,0.301369863,0.027305047,0.6,0,0,0.397959184,0.5,1,0,0.857142857,0.8,1,0,0.951219512
0,0.150684932,0.080058047,0.4,0,0,0.397959184,0.875,0.066666667,0.833333333,0.071428571,0.8,0.25,0,0.463414634
0,0.01369863,0.102275533,0.6,0,0,0.193877551,0.5,1,0.666666667,0.857142857,0.6,0.5,1,0.951219512
0,0.191780822,0.106081056,0.4,0,0,0.193877551,0.5,0.066666667,0.333333333,0.857142857,1,1,0,0.951219512
0,0.465753425,0.055837333,0.866666667,0,0,0.295918367,0.5,0.8,0.333333333,0.857142857,0,1,1,0.951219512
1,0.205479452,0.131467443,0.8,0,0,0.602040816,0.5,0.6,0.333333333,0.285714286,0,1,1,0.951219512
0,0.328767123,0.106924021,0.8,0,0,0.602040816,0.5,0.6,0.333333333,0.714285714,0,1,1,0.951219512
1,0.684931507,0.061585195,0.866666667,0.158311583,0,0.724489796,0.25,0.8,0.666666667,0.285714286,0.4,1,0,0.951219512
0,0.095890411,0.211204135,0.6,0,0,0.37755102,0,1,0.666666667,0,0.2,1,0,0.951219512
0,0.178082192,0.059180781,0.666666667,0,0,0.397959184,0.25,0.533333333,0,0.071428571,0.6,1,0,0.951219512
0,0.150684932,0.128510975,0.2,0,0,0.551020408,0.5,0.333333333,0.333333333,0.714285714,0,1,1,0.951219512
0,0.273972603,0.01494674,0.066666667,0,0,0.397959184,0.5,0.2,0.666666667,0.571428571,0.2,1,1,0.951219512
1,0.342465753,0.097209622,0.533333333,0,0,0.397959184,0.5,0.733333333,0.333333333,0.428571429,0,1,1,0.951219512
0,0.164383562,0.188385207,0.733333333,0,0,0.5,0.5,0.466666667,0.666666667,0.642857143,0.2,1,0,0.951219512
0,0.342465753,0.17767765,0.533333333,0,0,0.448979592,0.5,0.733333333,0,0.214285714,0.8,1,1,0.951219512
0,0.589041096,0.097830006,0.6,0,0,0.397959184,0.5,1,0,0.071428571,0.2,1,0,0.951219512
1,0.328767123,0.093680126,1,0.150241502,0,0.5,0.5,0.666666667,0.333333333,0.285714286,0,1,1,0.048780488
0,0.438356164,0.071272533,0.6,0,0,0.295918367,0.75,1,1,0.214285714,0.8,1,0,0.951219512
0,0.205479452,0.120385085,0.533333333,0,0,0.602040816,0.5,0.733333333,0.666666667,0.571428571,0.2,1,1,0.951219512
0,0.356164384,0.043100841,0.533333333,0,0,0.346938776,0.75,0.733333333,0.333333333,0.214285714,0,1,1,0.951219512
0,0.164383562,0.061287518,0.4,0,0,0.193877551,0.5,0.066666667,0.333333333,0.428571429,0.6,0.5,1,0.951219512
0,0.424657534,0.111960165,0.533333333,0,0,0.397959184,0.5,0.733333333,0,0.285714286,0.2,1,0,0.951219512
1,0.287671233,0.041559689,0.6,0,0,0.602040816,0.25,1,0.333333333,0.785714286,0,1,1,0.951219512
0,0.205479452,0.070731303,0.533333333,0,0,0.040816327,0.75,0.733333333,0.333333333,0.571428571,1,1,0,0
0,0.04109589,0.185290725,0.533333333,0,0,0.479591837,0.5,0.733333333,0.666666667,0.857142857,0.2,1,1,0.951219512
1,0.383561644,0.12635891,0.866666667,0.07298073,0,0.5,0.5,0.8,0.333333333,0.285714286,0,1,1,0.951219512
0,0.109589041,0.053685945,0.8,0,0,0.448979592,0.5,0.6,0.666666667,0.857142857,0.2,1,0,0.951219512
0,0.315068493,0.016642819,0.6,0,0,0.5,0.125,1,0.666666667,0.071428571,0.2,1,0,0.951219512
0,0.520547945,0.0704661,0.533333333,0,0,0.37755102,0.5,0.733333333,0.666666667,0.857142857,0.2,1,1,0.951219512
1,0.260273973,0.174165745,0.8,0,0,0.551020408,0.5,0.6,0.333333333,0.285714286,0,1,1,0.951219512
0,0.575342466,0.142645193,0.533333333,0,0,0.602040816,0.75,0.733333333,0,0.285714286,0.2,1,1,0.951219512
0,0.328767123,0.229390135,0.6,0,0,0.397959184,0.25,1,0,0.785714286,0.8,1,0,0.951219512
1,0.342465753,0.377267669,0.8,0,0,0.448979592,0.25,0.6,0.333333333,0.071428571,0,1,1,0.951219512
0,0.863013699,0.110079392,0.533333333,0,0,0.071428571,0,0.733333333,0.333333333,0,0,1,1,0.048780488
0,0.068493151,0.145411555,0.6,0,0,0.397959184,0.5,1,0.666666667,0.714285714,0.2,1,0,0.951219512
0,0.178082192,0.085044804,0.666666667,0,0,0.408163265,0.5,0.533333333,0.666666667,0.571428571,0.2,1,0,0.951219512
0,0.095890411,0.118573995,0.6,0,0,0.193877551,0.5,1,0.666666667,0.071428571,0.6,0.5,0,0.951219512
0,0.246575342,0.0791684,0.533333333,0,0,0.295918367,0.5,0.733333333,0.666666667,0.571428571,0.2,1,1,0.951219512
0,0.342465753,0.135687683,0.533333333,0,0,0.857142857,0.75,0.733333333,0.666666667,0.357142857,0.6,1,1,0.951219512
1,0.191780822,0.228917236,0.466666667,0,0,0.397959184,0.875,0.133333333,0.333333333,0.928571429,1,1,0,0.951219512
1,0.397260274,0.126089648,0.8,1,0,0.724489796,0.625,0.6,0.333333333,0.857142857,0,1,1,0.951219512
0,0.082191781,0.183687331,0.466666667,0,0,0.295918367,0.5,0.133333333,0.666666667,0.5,0.4,1,1,0.634146341
0,0,0.096510082,0.4,0,0,0.193877551,0,0.066666667,0.666666667,0,0.6,1,1,0.951219512
0,0.095890411,0.270527665,0.533333333,0,0,0.397959184,0,0.733333333,0.333333333,0,1,1,0,0.634146341
0,0.424657534,0.046824503,0.6,0,0,0.653061224,0.5,1,0,0.285714286,0.2,1,0,0.951219512
0,0.301369863,0.263543094,0.6,0,0,0.479591837,0.5,1,0.333333333,0.285714286,0,1,1,0.951219512
0,0.164383562,0.124443633,0.8,0,0,0.397959184,0.5,0.6,0.666666667,0.714285714,0.2,1,0,0.951219512
1,0.561643836,0.06312567,0.2,0,0,0.397959184,0.75,0.333333333,0.333333333,1,0,1,1,0.951219512
0,0.150684932,0.065232407,0.4,0,0,0.193877551,0.5,0.066666667,0.666666667,0.428571429,0.6,1,0,0.951219512
1,0.410958904,0.060221295,0.8,0,0,0.5,0.5,0.6,0.333333333,0.285714286,0,1,1,0.951219512
0,0.04109589,0.082016623,0.6,0,0,0.142857143,0,1,0.666666667,0,0.6,1,0,0.243902439
0,0.602739726,0.095377559,0.533333333,0,0,0.397959184,0.25,0.733333333,1,0.928571429,0.2,1,0,0.951219512
0,0.630136986,0.13399837,0.133333333,0,0,0.316326531,0.5,0.266666667,0.333333333,0.5,0,0.75,1,0.634146341
0,0.054794521,0.248451575,0.6,0.044160442,0,0.234693878,0.5,1,0.666666667,0.071428571,0.6,1,0,0.951219512
0,0.383561644,0.193939578,0.533333333,0,0,0.397959184,0.5,0.733333333,0.333333333,0.5,0,1,1,0.951219512
0,0.260273973,0.060582566,0.8,0,0,0.397959184,0.25,0.6,0.833333333,0.714285714,0.2,1,1,0.951219512
0,0.02739726,0.113074422,0.533333333,0,0,0.346938776,0.5,0.733333333,0.666666667,0.571428571,0.2,1,0,0.951219512
0,0.068493151,0.194005203,0.6,0,0,0.295918367,0.5,1,0.666666667,0.071428571,0.6,1,0,0.951219512
1,0.273972603,0.059298498,0.866666667,0.076880769,0,0.5,0.25,0.8,0.333333333,0.785714286,0,1,1,0.951219512
0,0.260273973,0.011305616,0.6,0,0,0.448979592,0.5,1,0.333333333,0.857142857,0,1,1,0.951219512
0,0.02739726,0.148894369,0.6,0,0,0.346938776,0.5,1,0.666666667,0.571428571,0.6,1,0,0.951219512
1,0.547945205,0.223677454,0.266666667,0,0,0.551020408,0.5,0.4,0.333333333,0.857142857,0,0.5,1,0.951219512
0,0.383561644,0.013944111,0.133333333,0,0,0.346938776,0.5,0.266666667,0.666666667,0.5,0.6,1,0,0.951219512
1,0.232876712,0.163269434,0.6,0,0,0.602040816,0.5,1,0.333333333,0.214285714,0,1,1,0.951219512
0,0.260273973,0.209371395,0.8,0,0,0.163265306,0.5,0.6,0.666666667,0.071428571,0.2,1,0,0.951219512
0,0.04109589,0.084967002,0.6,0,0,0.397959184,0,1,0.666666667,0,0.6,1,1,0.951219512
0,0.520547945,0.089931433,0.533333333,0,0,0.397959184,0.5,0.733333333,0,0.071428571,0.2,1,0,0.951219512
0,0.424657534,0.116874533,0.533333333,0,0,0.295918367,0.5,0.733333333,0,0.857142857,0.8,1,0,0.951219512
0,0.191780822,0.221534184,0.533333333,0,0,0.397959184,0.5,0.733333333,0.333333333,1,0.4,0.5,1,0.951219512
0,0.136986301,0.14918731,0.333333333,0,0,0.397959184,0.5,0,0,0.5,0.4,1,0,0.951219512
0,0.109589041,0.127272235,0.6,0.021740217,0,0.397959184,0.5,1,0.666666667,0.928571429,0.2,1,1,0.951219512
0,0.369863014,0.126692443,0.4,0,0,0.397959184,0.875,0.066666667,0.833333333,0.928571429,0.2,0.5,1,0.951219512
0,0.273972603,0.195710753,0.466666667,0,0,0.397959184,0.5,0.133333333,0.666666667,0.571428571,0.6,1,0,0.951219512
1,0.465753425,0.090269702,0.866666667,1,0,0.5,0.5,0.8,0.333333333,0.285714286,0,1,1,0
1,0.589041096,0.063481529,0.533333333,0,0,0.704081633,0.75,0.733333333,0.333333333,0.857142857,0,1,1,0.951219512
1,0.328767123,0.109658585,0.533333333,0,0,0.295918367,0.5,0.733333333,0.333333333,0.857142857,0,1,1,0.951219512
0,0.616438356,0.109542221,0.266666667,0,0,0.244897959,0.5,0.4,1,0.571428571,0.8,0.5,0,0.951219512
1,0.246575342,0.271727843,0.533333333,0,0,0.397959184,0.125,0.733333333,0.333333333,0.214285714,0,1,1,0.951219512
0,0.273972603,0.119066514,0.533333333,0,0,0.397959184,0.5,0.733333333,0.333333333,0.571428571,0,0.25,1,0.902439024
0,0.232876712,0.063411169,0.6,0,0,0.397959184,0.5,1,0.666666667,0.571428571,0.2,1,1,0.951219512
0,0.01369863,0.217389039,0.133333333,0,0,0.540816327,0.5,0.266666667,0.666666667,0.571428571,0.4,1,1,0.634146341
0,0.602739726,0.172084716,0.133333333,0.022900229,0,0.397959184,0.5,0.266666667,0.333333333,1,0,0.5,1,0.951219512
1,0.561643836,0.146694269,0.933333333,0,0,0.704081633,0.625,0.933333333,0,0.714285714,0.2,1,1,0.951219512
0,0.109589041,0.217742192,0.866666667,0,0,0.193877551,0.25,0.8,0.666666667,0.714285714,0.6,1,1,0.951219512
0,0.520547945,0.08762647,0.533333333,0,0,0.397959184,0.5,0.733333333,0.5,0.214285714,0.4,1,1,0.756097561
0,0.273972603,0.1374663,0.533333333,0,0,0.295918367,0.5,0.733333333,0.666666667,0.428571429,0.8,0.5,0,0.951219512
0,0.191780822,0.148966758,0.6,0,0,0.397959184,0.5,1,0.333333333,0.071428571,0,1,1,0.951219512
0,0.191780822,0.094362076,0.866666667,0,0,0.244897959,0.875,0.8,0.666666667,0.071428571,0.2,1,1,0.951219512
0,0,0.149850316,0.4,0,0,0.173469388,0.5,0.066666667,0.666666667,0.571428571,0.6,0.5,1,0.951219512
0,0.191780822,0.213474594,0.533333333,0,0.513774105,0.397959184,0.5,0.733333333,0.833333333,0.5,0.8,1,0,0.951219512
0,0.287671233,0.115174394,0.8,0,0,0.397959184,0.5,0.6,0.5,0.714285714,0.2,1,0,0.951219512
1,0.246575342,0.228643915,0.933333333,0,0,0.5,0.75,0.933333333,0.333333333,0.714285714,0,1,1,0.951219512
1,0.273972603,0.123388911,0.6,0,0,0.448979592,0.5,1,0.333333333,1,0,1,1,0.951219512
0,0.506849315,0.108001745,0.533333333,0,0,0.704081633,0.5,0.733333333,0.333333333,1,0,1,1,0.951219512
0,0.219178082,0.121777399,0.6,0,0,0.520408163,0.5,1,0,0.071428571,0.2,0.25,0,0.951219512
0,0.260273973,0.137019785,0.533333333,0,0,0.397959184,0.5,0.733333333,0.666666667,0.214285714,0.2,1,0,0.951219512
0,0.123287671,0.08143886,0.533333333,0,0,0.397959184,0.5,0.733333333,0.666666667,0.071428571,0.6,1,0,0.951219512
0,0.123287671,0.092017874,0.533333333,0,0,0.5,0.5,0.733333333,0.666666667,0.285714286,0.2,1,0,0.951219512
0,0.328767123,0.084470423,0.533333333,0,0,0.5,0.5,0.733333333,0,1,0.2,1,1,0.951219512
1,0.260273973,0.007852569,0.733333333,0,0,0.397959184,0.5,0.466666667,0,0.857142857,0.2,1,0,0.951219512
0,0.095890411,0.058927079,0.8,0,0,0.397959184,0.5,0.6,0.5,0.714285714,0.6,1,0,0.951219512
0,0.054794521,0.097105435,0.6,0,0,0.244897959,0.875,1,0.666666667,0.571428571,0.6,1,0,0.951219512
0,0.04109589,0.118308115,0.6,0,0,0.142857143,0.5,1,0.666666667,0.071428571,0.6,1,0,0.951219512
0,0.575342466,0.124375302,0.4,0,0,0.397959184,0.5,0.066666667,0.333333333,1,0,1,1,0.951219512
0,0.575342466,0.199671879,0.266666667,0,0,0.5,0.5,0.4,0.666666667,0.571428571,0.2,0.5,1,0.951219512
0,0.369863014,0.113530409,0.866666667,0,0,0.193877551,0.75,0.8,0,0.285714286,0.2,1,1,0.951219512
0,0.164383562,0.247023405,0.733333333,0,0,0.397959184,0.5,0.466666667,0,0.928571429,0.2,1,0,0.951219512
1,0.397260274,0.091084929,0.533333333,0,0,0.397959184,0.5,0.733333333,0.333333333,0.071428571,1,1,0,0.951219512
1,0.315068493,0.043949219,0.466666667,0,0,0.5,0.5,0.133333333,0.333333333,0.214285714,0,1,1,0.951219512
0,0.232876712,0.142737202,0.533333333,0,0,0.5,0.5,0.733333333,0.666666667,0.285714286,0.4,1,1,0.951219512
0,0.082191781,0.030810864,0.8,0,0,0.397959184,0.5,0.6,0.666666667,0.357142857,0.2,1,1,0.951219512
1,0.397260274,0.086552129,0.866666667,0.086140861,0,0.551020408,0.25,0.8,0,0.714285714,0.2,1,0,0.951219512
0,0.369863014,0.09702628,0.2,0,0,0.37755102,0.5,0.333333333,0.833333333,0.571428571,0.8,1,0,0.707317073
1,0.602739726,0.117829803,0.933333333,0,0.436639118,0.397959184,0.875,0.933333333,0.333333333,0.714285714,0,1,1,0.951219512
0,0.219178082,0.160423242,0.866666667,0,0,0.346938776,0.5,0.8,0.333333333,0.714285714,0,0.5,1,0.951219512
0,0.04109589,0.157853753,0.6,0,0,0.193877551,0.625,1,0.666666667,0.214285714,0.6,1,1,0.951219512
0,0.465753425,0.085293093,0.333333333,0,0,0.346938776,0.5,0,0,0.214285714,0.2,0.5,0,0.951219512
1,0.369863014,0.015983195,0.8,0,0.436639118,0.56122449,0.5,0.6,0.333333333,0.285714286,0,1,1,0.951219512
0,0.191780822,0.13599889,0.333333333,0,0,0.275510204,0.75,0,0.333333333,0.571428571,1,1,0,0.634146341
0,0.191780822,0.146529871,0.533333333,0,0,0.397959184,0.5,0.733333333,0.333333333,0.214285714,0,1,1,0.951219512
1,0.356164384,0.300349432,0.866666667,0,0,0.5,0.5,0.8,0.333333333,0.285714286,0,1,1,0.951219512
0,0.04109589,0.139294304,0.533333333,0,0,0.397959184,0.5,0.733333333,0.666666667,0.428571429,0.2,1,1,0.951219512
0,0,0.267724095,0.466666667,0,0,0.142857143,0.5,0.133333333,0.666666667,0.857142857,0.6,1,0,0.951219512
0,0.01369863,0.200663683,0.4,0,0,0.193877551,0.5,0.066666667,0.666666667,0.071428571,0.4,0.25,0,0.951219512
1,0.342465753,0.120351935,0.8,1,0,0.397959184,0.5,0.6,0.333333333,0.714285714,0,1,1,0.951219512
0,0.246575342,0.200827405,0.533333333,0,0,0.397959184,0.5,0.733333333,0.333333333,1,0,1,1,0.951219512
0,0.109589041,0.012898185,0.6,0,0,0.397959184,0.875,1,0.666666667,0.571428571,0.2,1,1,0.951219512
0,0.465753425,0.030682322,0.533333333,0,0,0.316326531,0.5,0.733333333,0,0.571428571,0.2,1,0,0.951219512
0,0.04109589,0.059751778,0.533333333,0,0,0.397959184,0.5,0.733333333,0.666666667,0.857142857,0.6,0.75,1,0.804878049
0,0.205479452,0.064614729,0.533333333,0.021740217,0,0.397959184,0.5,0.733333333,0,0.571428571,0.6,1,1,0.951219512
0,0.109589041,0.125858272,0.533333333,0,0,0.5,0.5,0.733333333,0.333333333,0.5,0,1,1,0.951219512
0,0.383561644,0.198353308,0.333333333,0,0,0.397959184,0.75,0,0.333333333,0.214285714,0,0.5,1,0.341463415
0,0.150684932,0.222867639,0.533333333,0,0,0.397959184,0.125,0.733333333,0.666666667,0.214285714,0.2,1,1,0.951219512
0,0.657534247,0.213020638,0.533333333,0,0,0.397959184,0,0.733333333,1,0,0.8,1,0,0.951219512
0,0.438356164,0.102119253,0.133333333,0,0,0.346938776,0.75,0.266666667,0.333333333,0.214285714,0,1,1,0.951219512
0,0.164383562,0.123369968,0.533333333,0,0,0.397959184,0.5,0.733333333,0.666666667,0.214285714,0.6,1,1,0.951219512
0,0.657534247,0.260951279,0.533333333,0,0,0.193877551,0.5,0.733333333,1,0.071428571,0.2,1,0,0.951219512
0,0.260273973,0.211043119,0.266666667,0,0,0.397959184,0.5,0.4,0.666666667,0.357142857,0.8,0.5,0,0.951219512
0,0.01369863,0.156841653,0.4,0,0,0.153061224,0.5,0.066666667,0.666666667,0.571428571,0.6,0.5,1,0.951219512
1,0.506849315,0.183912618,0.6,0,0,0.448979592,0.5,1,0.333333333,1,0,1,1,0.951219512
1,0.438356164,0.100372434,0.8,0,0,0.397959184,0.5,0.6,0.333333333,0.071428571,1,1,0,0.951219512
0,0.082191781,0.013833159,0.8,0,0,0.142857143,0.5,0.6,0.666666667,0.714285714,0.2,1,1,0.951219512
0,0.671232877,0.042519696,0.533333333,0,0,0.244897959,0.25,0.733333333,1,0.071428571,0.8,1,0,0.951219512
1,0.246575342,0.061590607,0.6,0,0,0.397959184,0.75,1,0.333333333,0.214285714,0,1,1,0.951219512
1,0.753424658,0.108328513,0.933333333,1,0,0.5,0.625,0.933333333,0.333333333,0.714285714,0,1,1,0.951219512
1,0.465753425,0.074910274,0.866666667,0,0.453856749,0.346938776,0.25,0.8,0.333333333,0.714285714,0,1,1,0.951219512
0,0.150684932,0.286792976,0.6,0,0,0.295918367,0.5,1,0.333333333,0.714285714,0,1,1,0.951219512
0,0.191780822,0.20061159,0.866666667,0,0,0.397959184,0.5,0.8,0,0.285714286,0.2,1,0,0.951219512
0,0.301369863,0.239991476,0.8,0,0,0.397959184,0.5,0.6,0.666666667,0.285714286,0.6,1,1,0.951219512
1,0.410958904,0.095561577,0.866666667,0,0,0.367346939,0.25,0.8,0.333333333,0.285714286,0,1,1,0.951219512
0,0.287671233,0.105807058,0.6,0,0,0.397959184,0.5,1,0.666666667,0.071428571,0.6,0.5,0,0.951219512
0,0.02739726,0.063339456,0.533333333,0,0,0.704081633,0.5,0.733333333,0.666666667,0.428571429,0.4,1,1,0.951219512
0,0.438356164,0.186902237,0.866666667,0,0,0.5,0.25,0.8,0.833333333,0.714285714,0.8,1,0,0.951219512
0,0.164383562,0.166818549,0.8,0,0,0.448979592,0.5,0.6,0.666666667,0.214285714,0.2,1,0,0.951219512
0,0.246575342,0.138140808,0.533333333,0,0,0.397959184,0.5,0.733333333,0,0.214285714,0.8,1,1,0.951219512
0,0.01369863,0.311994669,0.6,0,0,0.295918367,0.5,1,0.666666667,0.428571429,0.6,1,1,0.951219512
0,0.02739726,0.037530233,0.533333333,0,0,0.428571429,0.5,0.733333333,0.666666667,0.5,0.6,1,1,0.951219512
0,0.506849315,0.110484638,0.533333333,0,0,0.397959184,0.5,0.733333333,0.333333333,0.214285714,0,1,1,0.951219512
0,0.342465753,0.086724646,0.733333333,0,0,0.346938776,0.75,0.466666667,0,0.214285714,0.6,0,1,0.951219512
0,0.260273973,0.142078932,0.8,0,0,0.397959184,0.5,0.6,0.666666667,0.285714286,0.2,0.25,0,0.951219512
1,0.520547945,0.176150705,0.8,0,0,0.551020408,0.5,0.6,0.333333333,0.928571429,0,1,1,0.951219512
0,0.02739726,0.097646665,0.533333333,0,0.367768595,0.193877551,0.5,0.733333333,0.666666667,0.571428571,0.6,1,0,0.951219512
0,0.178082192,0.099365746,0.6,0,0,0.295918367,0,1,0.333333333,0,1,1,0,0.951219512
0,0.273972603,0.037072894,0.6,0,0,0.397959184,0.875,1,0.333333333,0.714285714,0.4,0.25,1,0.024390244
0,0.479452055,0.074187056,0.2,0,0,0.397959184,0,0.333333333,0.333333333,0,0,1,1,0.951219512
0,0.04109589,0.140415326,0.6,0,0,0.295918367,0.5,1,0.666666667,0.857142857,0.6,1,1,0
0,0.589041096,0.015806619,0.8,0,0,0.397959184,0.75,0.6,0.333333333,0.214285714,0,1,1,0.951219512
0,0.219178082,0.42279322,0.466666667,0,0,0.397959184,0.5,0.133333333,0,0.5,0.8,0.5,0,0.951219512
0,0.753424658,0.073552464,0.533333333,0,0,0.551020408,1,0.733333333,0.333333333,0.571428571,0,1,1,0.951219512
0,0.109589041,0.117775004,0.533333333,0,0,0.397959184,0.5,0.733333333,0.333333333,0.428571429,0,1,1,0.951219512
0,0.780821918,0.129379649,0.533333333,0.026530265,0,0.112244898,0.5,0.733333333,0.333333333,0.428571429,0,1,1,0.951219512
0,0.410958904,0.175830027,0.6,0,0,0.397959184,0.25,1,0.666666667,0.071428571,0.2,0.5,1,0.951219512
0,0.438356164,0.04481654,0.8,0,0,0.602040816,0.5,0.6,0.333333333,0.857142857,0,1,1,0.951219512
0,0.109589041,0.110868911,0.8,0,0,0.397959184,0.5,0.6,0.666666667,0.428571429,0.6,1,1,0.951219512
0,0.410958904,0.268706427,0.533333333,0,0,0.397959184,0.125,0.733333333,0,0.214285714,0.2,1,1,0.951219512
0,0.561643836,0.025437128,0.533333333,0,0,0.5,0.75,0.733333333,0.333333333,0.357142857,0,1,1,0.951219512
0,0.082191781,0.0980032,0.533333333,0,0,0.397959184,0.5,0.733333333,0.833333333,0.5,0.2,1,1,0.951219512
0,0.191780822,0.136626717,0.533333333,0,0,0.653061224,0.5,0.733333333,0.333333333,0.571428571,0,1,1,0.951219512
1,0.178082192,0.056162071,0.533333333,0,0,0.397959184,0.5,0.733333333,0.333333333,0.5,0,0.25,1,0.975609756
0,0.02739726,0.073599821,0.2,0,0,1,0.5,0.333333333,0.333333333,0.214285714,0,1,1,0.951219512
0,0.383561644,0.132441657,0.533333333,0,0,0.397959184,0.875,0.733333333,0,0.928571429,0.8,1,0,0.951219512
0,0.301369863,0.173803121,0.533333333,0,0,0.397959184,0.5,0.733333333,0.333333333,0.214285714,0,1,1,0.951219512
0,0.328767123,0.164082632,0.866666667,0,0,0.397959184,0.75,0.8,0,0.428571429,0.8,1,1,0.707317073
0,0.328767123,0.081419917,0.4,0,0,0.244897959,0.5,0.066666667,0,0.642857143,0.8,1,0,0.317073171
0,0.643835616,0.022868315,0.8,0,0,0.5,0.5,0.6,0,0.285714286,0.2,1,0,0.951219512
0,0.698630137,0.089624962,0.533333333,0,0.38292011,0.193877551,0.25,0.733333333,1,0.785714286,0.2,1,1,0.951219512
1,0.602739726,0.123919993,0.533333333,0,0,0.5,0.5,0.733333333,0.333333333,0.285714286,0,1,1,0.951219512
0,0.136986301,0.037143253,0.533333333,0,0,0.326530612,0.25,0.733333333,0,0.071428571,0.2,0,0,0.951219512
1,0.232876712,0.087160336,0.866666667,0,0,0.602040816,0.5,0.8,0,0.714285714,0.6,1,0,0.951219512
0,0.452054795,0.097934193,0.4,0,0,0.397959184,0.5,0.066666667,0,0.571428571,0.2,0.5,0,0.951219512
0,0.205479452,0.176345548,0.6,0,0,0.397959184,0.5,1,0.666666667,0.214285714,0.2,1,0,0.951219512
1,0.342465753,0.075469771,0.933333333,0,0.453856749,0.5,0.625,0.933333333,0.333333333,0.714285714,0,1,1,0.951219512
1,0.534246575,0.075672055,0.933333333,1,0,0.448979592,0.625,0.933333333,0.333333333,0.714285714,0,1,1,0.951219512
0,0.273972603,0.061590607,0.533333333,0,0,0.397959184,0.5,0.733333333,0.666666667,0.214285714,0.2,1,1,0.951219512
0,0.01369863,0.171841839,0.466666667,0,0,0.346938776,0.5,0.133333333,0.666666667,0.857142857,0.6,1,0,0.951219512
0,0.383561644,0.069353196,0.533333333,0,0,0.397959184,0.5,0.733333333,0.833333333,0.5,0.8,0.5,0,0.951219512
0,0.02739726,0.164324833,0.533333333,0,0,0.193877551,0.5,0.733333333,0.666666667,0.071428571,0.6,1,0,0.951219512
0,0.082191781,0.317835216,0.466666667,0,0,0.204081633,0.5,0.133333333,0.666666667,0.5,0.6,1,1,0.634146341
0,0.123287671,0.11458513,0.666666667,0,0.545684114,0.448979592,0.5,0.533333333,0.333333333,0.071428571,0,1,1,0.951219512
0,0.095890411,0.128121966,0.6,0,0,0.397959184,0.25,1,0.666666667,0.785714286,0.6,1,1,0.951219512
1,0.383561644,0.232387872,0.8,0,0,0.448979592,0.5,0.6,0.333333333,0.285714286,0,0.25,1,0.585365854
0,0.04109589,0.063399668,0.6,0,0,0.244897959,0.75,1,0.666666667,0.857142857,0.2,1,0,0.951219512
0,0.397260274,0.073663416,0.533333333,0,0,0.397959184,0.5,0.733333333,0,0.214285714,0.2,1,0,0.951219512
0,0.095890411,0.179838511,0.533333333,0,0,0.602040816,0.5,0.733333333,0.666666667,0.214285714,0.6,1,1,0.951219512
0,0.397260274,0.095561577,0.466666667,0,0,0.397959184,0.5,0.133333333,0.333333333,0.214285714,0,1,1,0.951219512
0,0.109589041,0.167114873,0.8,0,0,0.153061224,0.5,0.6,0.666666667,0.857142857,0.2,1,0,0.951219512
0,0.054794521,0.024244392,0.6,0,0,0.397959184,0.5,1,0.666666667,0.857142857,0.2,1,1,0.951219512
1,0.506849315,0.251049479,0.8,0,0,0.704081633,0.625,0.6,0.333333333,0.857142857,0,1,1,0.951219512
1,0.232876712,0.129956059,0.933333333,0,0,0.602040816,0.75,0.933333333,0.666666667,0.714285714,0.2,1,0,0.951219512
1,0.397260274,0.137965585,0.8,0,0,0.346938776,0.25,0.6,0.333333333,0.714285714,0,1,1,0.951219512
0,0.315068493,0.111492002,0.533333333,0,0,0.5,0.5,0.733333333,0,0.285714286,0.8,1,0,0.951219512
0,0.246575342,0.067121976,0.533333333,0,0,0.397959184,0.5,0.733333333,0.333333333,0.714285714,0,1,1,0.951219512
0,0.150684932,0.1370482,0.533333333,0,0,0.397959184,0.5,0.733333333,0.333333333,1,0,1,1,0.951219512
1,0.602739726,0.09409552,0.866666667,1,0,0.295918367,0.75,0.8,0.333333333,0.714285714,0,1,1,0.951219512
0,0.219178082,0.060605569,0.533333333,0,0,0.397959184,0.5,0.733333333,0.666666667,0.5,0.8,0.25,1,0.731707317
1,0.109589041,0.134594399,0.533333333,0,0,0.479591837,0.5,0.733333333,0.333333333,0.928571429,0.4,1,0,0.951219512
1,0.397260274,0.080165616,0.666666667,0,0,0.479591837,0.75,0.533333333,0.333333333,0.357142857,0,1,1,0.951219512
0,0.205479452,0.078975587,0.8,0,0,0.397959184,0.5,0.6,0.333333333,0.571428571,0,1,1,0.951219512
0,0.753424658,0.183879468,0.066666667,0,0,0.397959184,0.5,0.2,0,0.571428571,0.2,0.5,1,0.951219512
0,0.383561644,0.069081905,0.8,0,0,0.346938776,0.75,0.6,0,0.714285714,0.2,1,1,0.951219512
1,0.397260274,0.014551642,0.8,0.03103031,0,0.397959184,0.125,0.6,0.333333333,0.928571429,0,1,1,0.951219512
0,0.068493151,0.021141792,0.6,0,0,0.397959184,0.5,1,0.333333333,0.285714286,1,1,0,0.951219512
0,0.109589041,0.024376994,0.8,0,0,0.295918367,0.25,0.6,0.666666667,0.714285714,0.2,1,1,0.951219512
0,0.04109589,0.229923923,0.6,0,0,0.285714286,0.5,1,0,0.571428571,0.6,1,0,0.951219512
1,0.465753425,0.188080765,0.8,0,0,0.448979592,0.75,0.6,0.333333333,0.714285714,0,1,1,0.951219512
0,0.205479452,0.100179621,0.6,0,0,0.397959184,0.5,1,0,0.571428571,0.4,1,1,0.658536585
0,0.082191781,0.02483095,0.6,0,0,0.5,0.5,1,0.666666667,0.071428571,0.2,1,1,0.951219512
0,0.01369863,0.096269911,0.4,0,0,0.153061224,0.5,0.066666667,0.666666667,0.857142857,0.6,1,0,0.951219512
0,0.109589041,0.123487009,0.533333333,0,0,0.5,0.5,0.733333333,0.333333333,0.214285714,0,1,1,0.951219512
0,0.424657534,0.078232073,0.8,0,0,0.397959184,0.25,0.6,0.333333333,0.714285714,0,1,1,0.951219512
0,0.082191781,0.014025296,0.533333333,0,0,0.397959184,0.5,0.733333333,0.666666667,0.214285714,0.2,1,1,0.951219512
0,0.465753425,0.045354387,1,0,0,0.295918367,0.875,0.666666667,0,0.714285714,0.2,1,1,0.951219512
0,0.219178082,0.284883111,0.066666667,0,0,0.346938776,0.5,0.2,0.333333333,0.214285714,0,1,1,0.634146341
0,0.589041096,0.028637149,0.666666667,0,0,0.397959184,0.75,0.533333333,0.333333333,0.571428571,1,1,0,0.951219512
0,0.150684932,0.037707486,0.6,0,0,0.295918367,0.5,1,0.666666667,0.571428571,0.2,1,0,0.951219512
1,0.315068493,0.266911573,0.6,0,0,0.397959184,0.75,1,0.333333333,0.714285714,1,1,0,0.951219512
0,0.260273973,0.04298786,0.8,0,0,0.397959184,0.5,0.6,0,0.071428571,0.8,1,0,0.951219512
0,0.328767123,0.178038245,0.6,0,0,0.397959184,0.5,1,0.833333333,0.5,0.2,0.5,1,0.951219512
1,0.465753425,0.111267391,0.8,0,0.436639118,0.397959184,0.25,0.6,0.333333333,0.714285714,0,1,1,0.951219512
0,0.520547945,0.135417745,0.533333333,0,0,0.397959184,0.25,0.733333333,0,0.071428571,0.2,1,0,0.951219512
0,0.191780822,0.063832652,0.6,0,0,0.193877551,0.5,1,0,0.071428571,0.8,1,0,0.951219512
0,0.04109589,0.241944639,0.6,0,0,0.193877551,0,1,0.666666667,0,0.6,1,1,0.951219512
0,0.273972603,0.014674095,0.8,0,0,0.5,0.75,0.6,0.833333333,1,0.2,1,1,0.951219512
0,0.02739726,0.089400351,0.6,0,0,0.091836735,0.875,1,0.666666667,0.714285714,0.6,1,1,0.951219512
0,0.109589041,0.108873126,0.733333333,0.023540235,0,0.448979592,0.5,0.466666667,0.666666667,0.357142857,0.2,1,1,0.951219512
1,0.479452055,0.074910274,0.933333333,0,0,0.5,0.75,0.933333333,0.333333333,0.714285714,0,1,1,0.951219512
1,0.369863014,0.091076134,0.933333333,0,0,0.5,0.5,0.933333333,0.333333333,0.714285714,0,1,1,0.951219512
0,0.068493151,0.140934907,0.6,0,0,0.244897959,0.5,1,0.666666667,0.857142857,0.6,1,0,0.951219512
0,0.684931507,0.105135257,0.533333333,0.034560346,0,0.346938776,0.875,0.733333333,0.333333333,0.285714286,0,1,1,0.951219512
0,0.068493151,0.20151815,0.6,0.033250333,0,0.397959184,0.5,1,0.666666667,0.571428571,0.2,1,1,0.951219512
0,0.178082192,0.084789073,0.866666667,0,0,0.163265306,0.875,0.8,0.333333333,0.714285714,0,0.25,1,0.87804878
0,0.054794521,0.009988397,0.6,0,0,0.193877551,0.5,1,0.666666667,0.857142857,0.6,1,0,0.951219512
1,0.493150685,0.054910477,0.933333333,0,0,0.397959184,0.75,0.933333333,0.333333333,0.714285714,0,0.25,1,0.463414634
1,0.397260274,0.101414301,0.8,0,0,0.397959184,0.125,0.6,0.333333333,0.714285714,0,1,1,0.951219512
1,0.246575342,0.057500262,0.933333333,0,0,0.653061224,0.75,0.933333333,0.333333333,0.714285714,0,1,1,0.951219512
0,0.150684932,0.075002283,0.6,0.048650487,0,0.397959184,0.5,1,0.666666667,0.928571429,0.2,1,0,0.951219512
1,0.301369863,0.148669758,0.6,0,0,0.397959184,0.125,1,0.333333333,0.071428571,0,1,1,0.951219512
0,0.534246575,0.084017143,0.2,0,0,0.479591837,0.5,0.333333333,0.333333333,0.5,0,0.5,1,0.951219512
0,0.287671233,0.052451264,0.533333333,0,0,0.5,0.5,0.733333333,0.333333333,0.357142857,0,1,1,0.951219512
1,0.150684932,0.266222858,0.733333333,0,0,0.448979592,0.5,0.466666667,0.333333333,0.928571429,0,1,1,0.951219512
0,0.178082192,0.226536501,0.6,0,0,0.397959184,0.5,1,0.666666667,0.5,0.2,0.5,0,0.951219512
0,0.02739726,0.013660642,0.6,0,0,0.193877551,0.5,1,0.666666667,0.571428571,0.6,1,1,0.951219512
0,0.178082192,0.067638851,0.4,0,0,0.397959184,0.5,0.066666667,0,0.428571429,0.6,1,1,0.951219512
0,0.684931507,0.123658173,0.533333333,0,0,0.5,0.75,0.733333333,0.333333333,0.357142857,0,1,1,0.951219512
0,0.205479452,0.223374365,0.8,0,0,0.397959184,0.5,0.6,0.666666667,0.714285714,0.2,1,1,0.951219512
0,0.547945205,0.101996123,0.533333333,0,0,0.37755102,0.5,0.733333333,0.333333333,0.285714286,1,1,0,0.951219512
0,0.342465753,0.22415306,0.6,0,0,0.5,0.75,1,0.833333333,0.571428571,0.8,0.5,0,0.951219512
1,0.150684932,0.121027119,0.866666667,0,0,0.193877551,0.25,0.8,0.333333333,0.714285714,1,1,0,0.951219512
0,0.643835616,0.111993992,0.533333333,0.010550106,0,0.397959184,0.75,0.733333333,0.666666667,0.571428571,0.2,1,1,0.951219512
1,0.205479452,0.124521434,1,0,0,0.397959184,0.5,0.666666667,0.666666667,0.714285714,0.2,1,1,0.951219512
1,0.616438356,0.13385765,0.666666667,0,0,0.5,0.5,0.533333333,0.333333333,0.285714286,0,1,1,0.951219512
0,0.109589041,0.058500861,0.6,0,0,0.5,0.625,1,0,0.071428571,0.6,1,0,0.951219512
0,0.424657534,0.148743501,0.533333333,0,0,0.397959184,0.5,0.733333333,0,0.5,0.2,1,1,0.951219512
0,0.082191781,0.018446467,0.733333333,0,0,0.112244898,0.5,0.466666667,0.666666667,0.857142857,0.6,1,0,0.951219512
0,0.410958904,0.057431932,0.6,0,0,0.397959184,0.5,1,0,0.285714286,0.8,1,0,0.951219512
0,0.493150685,0.088242119,0.8,0,0,0.397959184,0.5,0.6,0,0.071428571,0.8,1,0,0.951219512
0,0.109589041,0.068204436,0.533333333,0,0,0.397959184,0.5,0.733333333,0.833333333,0.214285714,0.2,0.5,1,0.951219512
1,0.465753425,0.109963704,0.533333333,0.086140861,0,0.397959184,0.75,0.733333333,0.666666667,0.357142857,0.2,1,1,0.951219512
1,0.479452055,0.105721138,0.533333333,0,0.453856749,0.397959184,0.5,0.733333333,0.333333333,0.214285714,0,1,1,0.951219512
0,0.260273973,0.198515677,0.533333333,0,0,0.704081633,0.25,0.733333333,0.666666667,0.571428571,0.8,0.5,0,0.951219512
0,0.054794521,0.10338979,0.6,0,0,0.397959184,0.5,1,0.666666667,0.642857143,0.6,1,0,0.951219512
1,0.547945205,0.058226187,0.933333333,0,0.436639118,0.397959184,0.5,0.933333333,0.333333333,0.214285714,0,0.25,1,0.731707317
0,0.150684932,0.047494951,0.533333333,0,0,0.397959184,0.5,0.733333333,0,0.928571429,0.6,0.25,0,0.951219512
0,0.863013699,0.011606675,0.2,0,0,0.142857143,0.75,0.333333333,0.5,0.357142857,0.8,1,1,0.951219512
1,0.575342466,0.12332464,0.466666667,0,0,0.397959184,0.5,0.133333333,0.333333333,0.5,0,0.5,1,0.951219512
1,0.109589041,0.083429233,0.533333333,0,0,0.397959184,0.5,0.733333333,0.333333333,1,0,1,1,0.951219512
1,0.493150685,0.020728428,1,0.140841408,0,0.5,0.625,0.666666667,0,0.285714286,0.2,1,1,0.951219512
0,0.054794521,0.049253948,0.6,0,0,0.367346939,0.5,1,0.666666667,0.571428571,0.6,1,0,0.951219512
0,0.219178082,0.303171945,0.8,0,0,0.397959184,0.5,0.6,0.333333333,0.714285714,0,1,1,0.634146341
0,0.657534247,0.088819206,0.6,0,0,0.397959184,0.25,1,0.666666667,0.714285714,0.2,0.5,0,0.951219512
0,0.369863014,0.118688329,0.666666667,0,0,0.397959184,0.5,0.533333333,0.666666667,0.214285714,0.8,1,1,0.951219512
0,0.01369863,0.009162345,0.4,0,0,0.153061224,0.5,0.066666667,0.666666667,0.428571429,0.6,1,1,0.951219512
0,0.438356164,0.013207362,0.6,0,0,0.397959184,0.5,1,0.666666667,0.285714286,0.8,1,0,0.951219512
1,0.424657534,0.046835327,0.8,0,0,0.5,0.625,0.6,0.333333333,0.285714286,0,1,1,0.951219512
1,0.369863014,0.013337934,0.6,0,0,0.173469388,0.5,1,0.333333333,0.928571429,0,1,1,0.951219512
0,0.369863014,0.014619972,0.533333333,0,0,0.397959184,0.5,0.733333333,0,0.571428571,0.8,1,0,0.951219512
0,0.068493151,0.098271109,0.533333333,0,0,0.5,0.5,0.733333333,0.333333333,0.428571429,0,1,1,0.951219512
1,0.506849315,0.2001211,0.6,0,0.453856749,0.173469388,0.5,1,0.333333333,0.928571429,0,1,1,0.951219512
0,0.547945205,0.011562023,0.533333333,0,0,0.346938776,0.5,0.733333333,0.833333333,0.857142857,0.2,0,0,0.951219512
0,0.328767123,0.132195398,0.6,0,0,0.204081633,0.5,1,0,0.571428571,0.2,1,1,0.951219512
0,0.369863014,0.523729886,0.533333333,0,0,0.602040816,0.125,0.733333333,0.333333333,1,0,0.5,1,0.951219512
1,0.410958904,0.093688921,0.8,0,0.359044995,0.510204082,0.5,0.6,0,0.428571429,0.2,1,1,0.951219512
0,0.095890411,0.072302223,0.533333333,0,0,0.5,0.5,0.733333333,0.666666667,1,0.6,1,1,0.951219512
0,0.082191781,0.139319336,0.733333333,0,0,0.346938776,0.5,0.466666667,0.666666667,0.571428571,0.6,1,0,0.951219512
0,0.054794521,0.260131992,0.533333333,0,0,0.193877551,0.5,0.733333333,0.666666667,1,0.6,0.5,1,0.951219512
0,0.301369863,0.033189569,0.333333333,0,0,0.602040816,0.5,0,0.333333333,0.5,0,1,1,0.951219512
1,0.328767123,0.035062901,0.733333333,0.150241502,0,0.5,0.625,0.466666667,0.333333333,0.714285714,0,1,1,0.951219512
0,0.479452055,0.148554071,0.533333333,0,0,0.459183673,0.5,0.733333333,0.333333333,0.071428571,0,1,1,0.951219512
0,0.369863014,0.233763273,0.466666667,0,0,0.346938776,0.25,0.133333333,0.333333333,0.571428571,0.4,1,0,0.634146341
1,0.493150685,0.047601844,1,0,0,0.551020408,0.5,0.666666667,0,0.285714286,0.2,1,0,0.951219512
1,0.465753425,0.076538023,0.866666667,0,0,0.418367347,0.75,0.8,0.333333333,0.285714286,0,1,1,0.951219512
1,0.493150685,0.092176184,0.8,0,0,0.602040816,0.625,0.6,0.333333333,0.857142857,0,1,1,0.951219512
1,0.534246575,0.242038001,0.8,0,0,0.397959184,0.25,0.6,0.333333333,0.714285714,0,1,1,0.951219512
0,0.342465753,0.174453273,0.866666667,0,0,0.397959184,0.25,0.8,0.666666667,0.714285714,0.2,1,0,0.951219512
1,0.150684932,0.097402435,0.6,0,0,0.602040816,0.5,1,0.333333333,0.214285714,0,1,1,0.951219512
0,0.260273973,0.016881636,0.8,0,0,0.418367347,0.5,0.6,0.666666667,0.928571429,0.2,1,1,0.951219512
0,0.068493151,0.239395446,0.6,0,0,0.397959184,0.5,1,0.333333333,0.928571429,1,1,0,0.951219512
0,0.410958904,0.13694266,0.533333333,0,0,0.367346939,0.5,0.733333333,0,0.571428571,0.8,1,0,0.804878049
0,0.410958904,0.207228802,0.533333333,0,0,0.244897959,0.75,0.733333333,0.333333333,0.285714286,0,1,1,0.951219512
0,0.849315068,0.098797455,0.533333333,0,0,0.234693878,0.75,0.733333333,1,0.571428571,0.2,1,0,0.951219512
0,0.178082192,0.135792547,0.6,0,0,0.132653061,0.5,1,0.333333333,0.928571429,0,0.5,1,0.951219512
0,0.219178082,0.23625496,0.533333333,0,0,0.397959184,0.75,0.733333333,0.666666667,0.714285714,0.2,1,1,0.951219512
1,0.410958904,0.049268156,0.6,0.135501355,0,0.448979592,0.5,1,0.666666667,0.857142857,0.2,1,1,0.951219512
1,0.260273973,0.119037423,0.533333333,0,0,0.397959184,0.25,0.733333333,0.333333333,0.071428571,1,1,0,0.951219512
0,0.178082192,0.136279653,0.533333333,0,0,0.397959184,0.5,0.733333333,0.666666667,0.428571429,0.6,1,1,0.951219512
0,0.164383562,0.068920889,0.6,0,0,0.397959184,0.5,1,0.666666667,0.714285714,0.2,1,0,0.951219512
0,0.630136986,0.463780558,0.533333333,0,0,0.602040816,0.5,0.733333333,0.333333333,1,0,1,1,0.951219512
0,0.178082192,0.122426875,0.533333333,0,0,0.397959184,0.5,0.733333333,0.666666667,0.785714286,0.2,1,1,0.951219512
0,0.301369863,0.054724429,0.533333333,0,0,0.602040816,0.5,0.733333333,0,1,0.6,1,1,0.951219512
0,0.219178082,0.112184776,0.8,0,0,0.193877551,0.5,0.6,0.666666667,0.214285714,0.6,1,1,0.951219512
0,0.123287671,0.256264905,0.333333333,0,0,0.397959184,0.25,0,0.666666667,0.428571429,0.6,0.5,1,0.951219512
0,0.520547945,0.089158151,0.4,0,0,0.448979592,0.5,0.066666667,0.333333333,0.285714286,0,1,1,0.951219512
0,0.397260274,0.100061227,0.866666667,0,0,0.346938776,0.25,0.8,1,0.285714286,0.8,0.5,0,0.951219512
0,0.164383562,0.088527618,0.333333333,0,0,0.397959184,0.875,0,0.666666667,0.214285714,0.8,1,1,0.951219512
0,0.684931507,0.015377694,0.866666667,0,0,1,0.5,0.8,0.666666667,0.714285714,0.2,1,1,0.951219512
0,0.150684932,0.179594281,0.333333333,0,0,0.397959184,0.5,0,0.333333333,0.5,0,1,1,0.951219512
0,0.273972603,0.127768137,0.533333333,0,0,0.367346939,0.5,0.733333333,0.666666667,0.071428571,0.6,1,0,0.951219512
0,0.671232877,0.188806013,0.933333333,0,0,0.5,0.75,0.933333333,0.333333333,0.714285714,0,1,1,0.951219512
0,0.054794521,0.116000447,0.533333333,0,0,0.397959184,0.5,0.733333333,0.666666667,0.071428571,0.6,1,0,0.951219512
0,0.123287671,0.122294273,0.6,0,0,0.173469388,0.5,1,0,0.071428571,0.8,1,0,0.951219512
0,0.054794521,0.134641757,0.6,0,0,0.071428571,0.5,1,0.666666667,0.071428571,0.6,1,0,0.951219512
1,0.479452055,0.112109004,0.066666667,0,0,0.56122449,0.5,0.2,0.333333333,0.357142857,0,1,1,0.634146341
0,0.616438356,0.057324362,0.6,0,0,0.448979592,0.5,1,0.333333333,0.214285714,0,1,1,0.951219512
0,0.068493151,0.236248194,0.533333333,0,0,0.397959184,0.5,0.733333333,0.666666667,0.214285714,0.2,1,1,0.951219512
0,0.260273973,0.054918596,0.533333333,0,0,0.295918367,0.5,0.733333333,0.333333333,0.214285714,1,1,0,0.951219512
0,0.150684932,0.028675035,0.733333333,0,0,0.397959184,0.5,0.466666667,0.666666667,0.857142857,0.2,1,0,0
0,0.205479452,0.02563603,0.6,0,0,0.346938776,0.5,1,0.666666667,0.857142857,0.6,1,1,0.951219512
0,0.534246575,0.106846896,0.533333333,0,0,0.448979592,0.75,0.733333333,0.333333333,0.357142857,0,1,1,0.951219512
0,0.205479452,0.2187137,0.533333333,0,0,0.397959184,0.5,0.733333333,0.333333333,0.214285714,0,1,1,0.951219512
0,0.575342466,0.435521593,0.8,0,0,0.602040816,0.5,0.6,0.833333333,0.071428571,0.8,1,1,0.951219512
0,0.02739726,0.232071253,0.533333333,0,0,0.397959184,0.5,0.733333333,0.666666667,0.5,0.2,1,0,0.951219512
0,0.123287671,0.066948783,0.533333333,0,0,0.346938776,0.5,0.733333333,0.666666667,0.071428571,0.8,1,0,0.951219512
0,0.01369863,0.147437784,0.6,0,0,0.295918367,0.5,1,0.666666667,0.571428571,0.6,1,1,0.951219512
0,0.054794521,0.117737118,0.533333333,0,0,0.397959184,0.5,0.733333333,0.333333333,0.071428571,0,1,1,0.951219512
0,0.616438356,0.165371436,0.6,0,0,0.397959184,0.5,1,0,0.357142857,0.2,1,1,0.951219512
0,0.246575342,0.180142952,0.533333333,0,0,0.295918367,0.75,0.733333333,0.333333333,0.357142857,0,1,1,0.951219512
0,0.575342466,0.070060178,0.533333333,0,0,0.397959184,0.125,0.733333333,0.333333333,0.714285714,0,1,1,0.951219512
0,0.589041096,0.034510847,0.866666667,0,0,0.397959184,0.5,0.8,0,0.714285714,0.4,0.5,1,0.951219512
0,0.397260274,0.112631967,0.533333333,0,0,0.193877551,0.5,0.733333333,0,0.928571429,0.2,1,0,0.951219512
0,0.178082192,0.088213705,0.466666667,0,0,0.5,0.5,0.133333333,0.333333333,0.214285714,0,1,1,0.951219512
0,0.698630137,0.184341543,0.4,0,0,0.704081633,0.5,0.066666667,0,1,0.2,1,1,0.951219512
1,0.287671233,0.106650024,0.8,0,0,0.204081633,0.875,0.6,0.333333333,0.714285714,1,1,0,0.951219512
1,0.808219178,0.010781299,0.533333333,0,0,0.397959184,0,0.733333333,0.333333333,0,0,1,1,0.048780488
1,0.342465753,0.11216245,0.866666667,0,0.436639118,0.397959184,0.125,0.8,0.333333333,0.071428571,1,1,0,0.951219512
0,0.191780822,0.066051694,0.2,0,0,0.397959184,0.5,0.333333333,0.833333333,0.214285714,0.2,1,0,0.951219512
1,0.191780822,0.113838233,0.533333333,0,0,0.397959184,0.5,0.733333333,0.333333333,0.071428571,1,1,0,0.951219512
1,0.369863014,0.143678266,0.533333333,0,0,0.448979592,0.5,0.733333333,0.333333333,0.214285714,0,1,1,0.951219512
0,0.452054795,0.108703991,0.533333333,0,0,0.397959184,0.875,0.733333333,0.333333333,0.428571429,0,1,1,0.951219512
0,0.452054795,0.028453131,0.533333333,0,0,0.397959184,0.875,0.733333333,0.333333333,1,0,1,1,0.951219512
0,0.246575342,0.123484303,0.4,0,0,0.397959184,0.5,0.066666667,0,0.5,0.8,1,0,0.951219512
0,0.136986301,0.098541724,0.666666667,0,0,0.448979592,0.5,0.533333333,0.333333333,0.857142857,0,1,1,0.951219512
1,0.109589041,0.086221302,0.533333333,0,0,0.806122449,0.5,0.733333333,0.333333333,0.214285714,0,1,1,0.951219512
1,0.342465753,0.028358416,0.8,0.105201052,0,0.5,0.5,0.6,0.666666667,0.857142857,0.2,1,1,0.951219512
0,0.698630137,0.1431323,0.533333333,0,0,0.234693878,0.5,0.733333333,0.333333333,0.071428571,0,1,1,0.951219512
1,0.452054795,0.038300809,0.866666667,0.076880769,0,0.551020408,0.75,0.8,0.333333333,0.857142857,0,1,1,0.951219512
0,0.02739726,0.245467369,0.533333333,0,0,0.397959184,0.5,0.733333333,0.666666667,0.214285714,0.2,1,0,0.951219512
0,0.315068493,0.029143876,0.533333333,0.034110341,0,0.397959184,0.75,0.733333333,0.333333333,0.214285714,0,1,1,0.951219512
1,0.506849315,0.144117339,0.4,0,0,0.5,0.5,0.066666667,0,0.214285714,0.6,1,0,0.951219512
0,0.136986301,0.076973037,0.666666667,0,0,0.346938776,0.5,0.533333333,0.666666667,0.714285714,0.2,1,0,0.951219512
1,0.260273973,0.497548567,0.933333333,0.150241502,0,0.5,0.875,0.933333333,0.333333333,0.714285714,1,1,0,0.951219512
0,0.520547945,0.16552704,0.533333333,0,0,0.43877551,0.5,0.733333333,1,0.5,0.8,0.5,0,0.951219512
1,0.780821918,0.091517236,0.6,0.072620726,0,0.295918367,0.5,1,0,0.857142857,0.2,1,0,0.951219512
0,0.150684932,0.04778045,0.533333333,0,0,0.397959184,0.5,0.733333333,0.333333333,1,0,1,1,0.951219512
1,0.315068493,0.155466253,0.8,0,0,0.448979592,0.75,0.6,0.333333333,0.714285714,0,1,1,0.951219512
0,0.164383562,0.115275875,0.333333333,0,0,0.37755102,0.5,0,0.666666667,0.571428571,0.6,1,0,0.634146341
0,0.01369863,0.221790591,0.4,0,0,0.5,0,0.066666667,0.666666667,0,0.8,0.5,0,0.951219512
1,0.506849315,0.108171556,0.6,0,0,0.397959184,0.625,1,0.333333333,1,0,1,1,0.951219512
0,0.246575342,0.100706643,0.533333333,0,0,0.397959184,0.5,0.733333333,0.333333333,0.5,0,1,1,0.951219512
0,0.410958904,0.110441339,0.133333333,0,0,0.56122449,0,0.266666667,0.833333333,0,0.6,1,0,0.634146341
0,0.068493151,0.240421077,0.6,0,0,0.397959184,0,1,0.666666667,0,0.6,1,1,0.951219512
1,0.410958904,0.138100892,1,0,0,0.397959184,0.875,0.666666667,0.333333333,0.714285714,0,1,1,0.951219512
0,0.136986301,0.096017563,0.4,0,0,0.346938776,0.5,0.066666667,0.5,0.857142857,0.6,0.25,1,0.463414634
0,0.780821918,0.019925378,0.533333333,0,0.493342516,0.295918367,0,0.733333333,0.333333333,0,0,1,1,0.951219512
0,0.205479452,0.126971176,0.4,0,0,0.397959184,0.5,0.066666667,0.333333333,0.5,1,1,0,0.951219512
0,0.232876712,0.117124175,0.6,0,0,0.397959184,0.5,1,0.666666667,0.285714286,0.2,1,0,0.951219512
0,0.219178082,0.188841193,0.4,0,0,0.397959184,0.5,0.066666667,0.333333333,0.428571429,0,1,1,0.951219512
1,0.424657534,0.054910477,0.933333333,1,0,0.397959184,0.25,0.933333333,0.333333333,0.714285714,0,0.25,1,0.731707317
0,0.02739726,0.293240377,0.533333333,0,0,0.397959184,0.5,0.733333333,0.666666667,0.214285714,0.2,1,1,0.951219512
0,0.232876712,0.071495114,0.533333333,0,0,0.448979592,0.5,0.733333333,0.666666667,0.214285714,0.6,1,1,0.951219512
0,0.02739726,0.047138416,0.6,0,0,0.193877551,0.5,1,0.666666667,0.571428571,0.6,1,0,0.951219512
0,0.150684932,0.067733566,0.533333333,0.023540235,0,0.397959184,0.5,0.733333333,0.666666667,0.214285714,0.8,1,1,0.951219512
1,0.315068493,0.058304665,0.533333333,0,0,0.397959184,0.5,0.733333333,0.333333333,0.214285714,0,1,1,0.951219512
0,0.232876712,0.11699428,0.6,0,0,0.397959184,0.5,1,0.666666667,0.071428571,0.6,1,1,0.951219512
0,0.054794521,0.137170653,0.533333333,0,0,0.12244898,0.5,0.733333333,0.666666667,0.214285714,0.6,1,1,0
1,0.287671233,0.127607798,0.8,0,0,0.295918367,0.875,0.6,0.333333333,0.285714286,1,0.5,0,0.951219512
1,0.178082192,0.13002033,0.6,0,0,0.357142857,0.625,1,0.333333333,0.285714286,0,1,1,0.951219512
0,0.136986301,0.230369085,0.533333333,0,0,0.397959184,0.25,0.733333333,0.5,0.857142857,0.6,0.5,0,0.951219512
0,0.02739726,0.018022955,0.4,0,0,0.397959184,0.5,0.066666667,0.666666667,0.571428571,0.6,1,1,0.951219512
0,0.287671233,0.133895536,0.533333333,0,0,0.295918367,0.5,0.733333333,0.666666667,0.857142857,0.8,1,0,0.951219512
0,0.02739726,0.141081039,0.533333333,0,0,0.397959184,0.5,0.733333333,0.666666667,0.357142857,0.6,1,0,0.951219512
0,0.109589041,0.15173312,0.533333333,0,0,0.397959184,0.5,0.733333333,0.666666667,0.071428571,0.2,1,1,0.951219512
1,0.301369863,0.366211695,0.533333333,0,0.424242424,0.397959184,0.5,0.733333333,0.333333333,0.214285714,0,1,1,0.951219512
0,0.219178082,0.095153625,0.6,0,0,0.448979592,0.5,1,0.666666667,0.285714286,0.2,1,1,0.951219512
0,0.369863014,0.109868989,0.533333333,0,0,0.397959184,0.25,0.733333333,0,0.214285714,0.8,0.5,1,0.951219512
0,0.205479452,0.073161425,0.533333333,0,0,0.397959184,0.5,0.733333333,0.833333333,0.071428571,0.8,1,0,0.951219512
1,0.315068493,0.025896497,0.866666667,0,0,0.551020408,0.25,0.8,0.333333333,0.285714286,0,0.5,1,0.951219512
0,0.328767123,0.06797712,0.533333333,0,0,0.397959184,0.5,0.733333333,1,0.857142857,0.2,1,0,0.951219512
0,0.109589041,0.123543838,0.533333333,0.068490685,0,0.397959184,0.5,0.733333333,0.666666667,0.857142857,0.6,0,1,0.951219512
1,0.493150685,0.063048545,0.8,0,0.554407713,0.397959184,0.75,0.6,0.333333333,0.285714286,0,1,1,0.951219512
0,0.479452055,0.122034483,0.466666667,0,0,0.397959184,0.5,0.133333333,0.833333333,0.5,0.8,0.5,1,0.951219512
0,0.219178082,0.239239166,0.533333333,0.021050211,0,0.397959184,0.25,0.733333333,0.333333333,0.571428571,0,0.5,1,0.951219512
0,0.575342466,0.154935171,0.6,0.068490685,0,0.397959184,0.75,1,1,0.357142857,0.2,1,0,0.951219512
0,0.315068493,0.140938966,0.6,0,0,0.397959184,0.5,1,0,0.285714286,0.2,1,0,0.951219512
0,0.164383562,0.101966356,0.8,0.02202022,0,0.397959184,0.5,0.6,0.666666667,0.071428571,0.6,0.25,0,0.87804878
0,0.328767123,0.131649432,0.533333333,0,0,0.316326531,0.5,0.733333333,0,0.571428571,0.8,1,0,0.951219512
0,0.178082192,0.060252416,0.533333333,0,0,0.255102041,0.25,0.733333333,0.833333333,0.571428571,0.8,1,0,0.951219512
1,0.383561644,0.17103676,0.533333333,0,0.436639118,0.397959184,0.5,0.733333333,0.333333333,0.571428571,0,1,1,0.951219512
0,0.479452055,0.2474503,0.533333333,0,0,0.448979592,0.25,0.733333333,0,0.071428571,0.2,1,0,0.951219512
0,0.150684932,0.018018219,0.8,0,0,0.5,0.5,0.6,0.666666667,0.714285714,0.2,1,1,0.951219512
0,0.095890411,0.065711396,0.6,0,0,0.193877551,0.5,1,0.666666667,0.857142857,0.4,0.25,1,0.463414634
0,0.04109589,0.140415326,0.6,0,0,0.295918367,0.5,1,0.666666667,0.428571429,0.2,1,1,0.951219512
1,0.397260274,0.012059955,0.533333333,0,0,0.397959184,0.5,0.733333333,0.333333333,0.285714286,0,0.5,1,0.951219512
0,0.082191781,0.061415384,0.8,0,0,0.397959184,0.5,0.6,0.666666667,0.714285714,0.2,1,0,0.951219512
1,0.452054795,0.123093264,0.866666667,0,0,0.397959184,0.5,0.8,0,0.857142857,0.2,1,0,0.951219512
1,0.493150685,0.079165694,0.6,0,0,0.448979592,0.5,1,0.333333333,0.857142857,0,1,1,0.951219512
0,0.232876712,0.095956675,0.533333333,0,0,0.551020408,0.625,0.733333333,0.666666667,0.357142857,0.6,1,1,0.951219512
0,0.164383562,0.16196913,0.8,0,0,0.5,0.5,0.6,0.666666667,0.357142857,0.6,1,1,0.951219512
1,0.520547945,0.146635411,0.8,0.150241502,0,0.479591837,0.5,0.6,0.333333333,0.285714286,0,1,1,0.951219512
0,0.616438356,0.12756044,0.866666667,0,0,0.551020408,0.5,0.8,0.333333333,0.285714286,0,1,1,0.951219512
0,0.246575342,0.264358321,0.533333333,0,0,0.397959184,0.5,0.733333333,0.833333333,0.071428571,0.8,1,0,0.951219512
0,0.095890411,0.293862115,0.8,0,0,0.142857143,0.5,0.6,0.666666667,0.071428571,0.6,1,1,0.951219512
0,0.136986301,0.341458547,0.8,0,0,0.346938776,0.5,0.6,0.666666667,0.071428571,0.2,1,1,0.951219512
0,0.219178082,0.366629795,0.6,0,0,0.397959184,0.5,1,0.666666667,0.928571429,0.2,0.5,1,0.731707317
0,0.191780822,0.2279004,0.6,0,0,0.479591837,0.75,1,0.333333333,0.5,0,1,1,0.951219512
0,0.643835616,0.038724998,0.533333333,0,0,0.193877551,0.5,0.733333333,0,0.214285714,0.8,1,1,0.951219512
0,0.082191781,0.082375187,0.666666667,0,0,0.397959184,0.5,0.533333333,0.666666667,0.071428571,0.8,1,0,0.951219512
0,0.04109589,0.114680522,0.533333333,0,0,0.397959184,0.5,0.733333333,0.333333333,0.428571429,0,1,1,0.951219512
0,0.643835616,0.012475349,0.533333333,0,0,0.5,0.5,0.733333333,0.333333333,0.214285714,0,1,1,0.951219512
0,0.150684932,0.061914668,0.8,0,0.323232323,0.397959184,0.5,0.6,0.666666667,0.285714286,0.6,1,0,0
1,0.643835616,0.113736753,0.333333333,0,0,0.397959184,0.5,0,0.333333333,1,0,1,1,0.951219512
0,0.753424658,0.061621051,0.6,0,0,0.204081633,0.75,1,0.333333333,0.357142857,0,1,1,0.951219512
1,0.383561644,0.195869063,0.8,0,0,0.5,0.5,0.6,0.333333333,1,0,1,1,0.951219512
1,0.246575342,0.135246581,0.533333333,0,0,0.346938776,0.5,0.733333333,0.333333333,0.928571429,1,1,0,0.951219512
0,0.232876712,0.180021852,0.533333333,0,0,0.397959184,0.875,0.733333333,0.333333333,1,0,0.5,1,0.951219512
1,0.287671233,0.083752617,0.933333333,0,0,0.602040816,0.5,0.933333333,0.333333333,0.714285714,0,1,1,0.951219512
0,0.356164384,0.150147316,0.533333333,0,0,0.397959184,0.5,0.733333333,0,0.5,0.6,1,0,0.12195122
0,0.520547945,0.063738613,0.333333333,0,0,0.346938776,0.5,0,1,1,0.2,0.5,0,0.951219512
0,0.178082192,0.232393285,0.533333333,0,0,0.5,0.125,0.733333333,0.666666667,0.071428571,0.2,0.5,0,0.951219512
1,0.410958904,0.097855038,0.8,0,0,0.397959184,0.5,0.6,0.333333333,0.714285714,0,1,1,0.951219512
0,0.410958904,0.117108615,0.533333333,0.050130501,0,0.234693878,0.5,0.733333333,0.333333333,0.714285714,0,1,1,0.951219512
1,0.575342466,0.106770447,0.8,0,0.453856749,0.5,0.5,0.6,0.333333333,0.285714286,0,1,1,0.951219512
0,0.082191781,0.08025086,0.8,0,0,0.397959184,0.5,0.6,0.666666667,0.857142857,0.6,1,0,0.951219512
1,0.452054795,0.152268937,0.6,0.07298073,0,0.397959184,0.25,1,0.333333333,0.785714286,0,1,1,0.951219512
0,0.287671233,0.076029267,0.8,0,0,0.193877551,0.625,0.6,0.666666667,0.214285714,0.2,1,0,0.951219512
0,0.657534247,0.108288597,0.533333333,0,0,0.193877551,0.875,0.733333333,1,0.071428571,0.8,1,0,0.951219512
1,0.232876712,0.098410476,0.8,0,0,0.397959184,0.5,0.6,0.333333333,0.285714286,0,1,1,0.951219512
0,0.383561644,0.11479824,0.533333333,0,0.383838384,0.397959184,0.125,0.733333333,0.333333333,0.071428571,0,1,1,0.951219512
1,0.342465753,0.107423306,0.8,0.150241502,0,0.397959184,0.5,0.6,0.333333333,0.214285714,0,0.5,1,0.951219512
0,0.315068493,0.109754654,0.533333333,0,0,0.397959184,0.5,0.733333333,0.5,0.571428571,0.6,1,0,0.951219512
0,0.191780822,0.190316044,0.533333333,0,0.865472911,0.367346939,0.5,0.733333333,0.666666667,0.071428571,0.8,1,0,0.804878049
0,0.109589041,0.258584752,0.6,0,0,0.397959184,0.5,1,0.333333333,0.857142857,0,1,1,0.951219512
0,0.260273973,0.101498868,0.533333333,0,0,0.704081633,0.5,0.733333333,0.666666667,0.214285714,0.2,0.25,1,0.853658537
1,0.342465753,0.126111297,0.6,0,0,0.448979592,0.75,1,0.333333333,0.214285714,0,1,1,0.951219512
0,0.04109589,0.110629417,0.533333333,0,0,0.397959184,0.5,0.733333333,0.666666667,0.214285714,0.6,1,1,0.951219512
0,0.082191781,0.153325012,0.133333333,0,0,0.397959184,0.5,0.266666667,0.666666667,0.428571429,0.4,1,1,0.195121951
0,0.547945205,0.117768915,0.666666667,0,0,0.397959184,0.5,0.533333333,0.666666667,0.571428571,0.6,1,0,0.951219512
0,0.232876712,0.099047097,0.6,0,0,0.448979592,0.5,1,0.333333333,0.714285714,0,1,1,0.951219512
1,0.561643836,0.0907859,0.866666667,0.150241502,0,0.397959184,0.5,0.8,0.333333333,0.285714286,0,1,1,0.292682927
0,0.164383562,0.081270402,0.8,0,0,0.397959184,0.25,0.6,0.666666667,0.428571429,0.6,1,1,0.951219512
0,0.232876712,0.144846646,0.866666667,0,0,0.397959184,0.5,0.8,0,0.285714286,0.8,0.5,0,0.951219512
1,0.219178082,0.151619461,0.8,0.150241502,0,0.551020408,0.5,0.6,0.333333333,0.285714286,0,1,1,0.951219512
1,0.232876712,0.030227012,1,0,0,0.5,0.875,0.666666667,0.333333333,0.714285714,1,1,0,0.951219512
1,0.356164384,0.133693251,0.866666667,0.086140861,0,0.469387755,0.25,0.8,0.666666667,0.928571429,0.2,0.5,0,0.951219512
0,0.01369863,0.12191203,0.466666667,0,0,0.193877551,0.5,0.133333333,0.666666667,0.428571429,0.6,0.5,1,0.951219512
1,0.273972603,0.05862602,0.933333333,0.076880769,0,0.5,0.75,0.933333333,0.333333333,0.714285714,0,1,1,0.951219512
1,0.452054795,0.021296719,1,0.150241502,0,0.5,0.5,0.666666667,0.333333333,0.714285714,0,1,1,0.951219512
0,0.383561644,0.19853259,0.6,0,0,0.397959184,0.875,1,0,0.071428571,0.2,1,0,0.951219512
0,0.205479452,0.248375126,0.666666667,0,0,0.397959184,0.75,0.533333333,0.333333333,0.214285714,0,1,1,0.951219512
0,0.410958904,0.059037355,0.6,0,0,0.397959184,0.125,1,0,0.071428571,0.8,0.5,0,0.951219512
0,0.054794521,0.165044668,0.4,0,0,0.397959184,0.5,0.066666667,0.333333333,0.5,0,1,1,0.951219512
1,0.219178082,0.121134012,0.733333333,0,0.436639118,0.5,0.5,0.466666667,0.333333333,0.214285714,0,1,1,0.951219512
0,0.02739726,0.247017316,0.6,0,0,0.193877551,0.5,1,0.666666667,0.285714286,0.2,1,0,0.951219512
1,0.452054795,0.053323321,0.533333333,0,0,0.510204082,0.75,0.733333333,0.333333333,0.214285714,0,1,1,0.951219512
0,0.246575342,0.164635363,0.266666667,0,0,0.397959184,0.5,0.4,0.333333333,0.214285714,0,0.75,1,0.634146341
0,0.301369863,0.208387033,0.8,0,0,0.602040816,0.5,0.6,0.333333333,0.714285714,0,1,1,0.951219512
0,0.506849315,0.017935005,0.266666667,0,0,0.397959184,0.5,0.4,0.833333333,0.214285714,0.8,1,1,0.951219512
0,0.328767123,0.309990089,0.066666667,0,0.394628099,0.397959184,0.5,0.2,0.5,0.428571429,0.8,1,1,0.634146341
1,0.561643836,0.21480602,0.8,0,0,0.448979592,0.625,0.6,0.333333333,0.285714286,0,1,1,0.951219512
0,0.438356164,0.084005642,0.8,0,0,0.448979592,0.5,0.6,0.666666667,0.714285714,0.2,1,0,0.951219512
0,0.178082192,0.123593902,0.533333333,0,0,0.520408163,0.5,0.733333333,0.333333333,0.571428571,0,0.25,1,0.073170732
0,0.356164384,0.12578047,0.6,0,0,0.397959184,0.5,1,0.5,0.571428571,0.2,0.5,0,0.951219512
0,0.164383562,0.064388089,0.533333333,0,0,0.397959184,0.5,0.733333333,0.333333333,1,0,1,1,0.951219512
0,0.410958904,0.106796156,0.533333333,0,0,0.5,0.5,0.733333333,0.333333333,0.5,0,1,1,0.951219512
0,0.643835616,0.179534069,0.533333333,0,0,0.234693878,0.875,0.733333333,1,0.071428571,0.2,1,0,0.951219512
1,0.643835616,0.114500563,0.933333333,0,0,0.397959184,0.5,0.933333333,0.333333333,0.714285714,0,1,1,0.951219512
1,0.287671233,0.011899615,0.8,0,0,0.479591837,0.5,0.6,0.666666667,0.857142857,0.2,1,1,0.951219512
1,0.547945205,0.110720073,0.8,0,0,0.397959184,0.5,0.6,0.333333333,0.714285714,0,1,1,0
1,0.424657534,0.073633648,0.533333333,0,0,0.5,0.5,0.733333333,0.333333333,0.285714286,0,1,1,0.951219512
0,0.164383562,0.037052597,0.533333333,0,0,0.397959184,0.875,0.733333333,0.666666667,0.571428571,0.2,0.25,1,0.902439024
0,0.095890411,0.127793846,0.533333333,0,0,0.397959184,0.5,0.733333333,0.666666667,0.571428571,0.6,1,1,0.951219512
0,0.082191781,0.125160086,0.8,0,0,0.397959184,0.5,0.6,0.666666667,0.071428571,0.6,1,0,0.951219512
1,0.520547945,0.013153916,0.6,0,0,0.397959184,0.125,1,0.333333333,0.071428571,1,1,0,0.951219512
0,0.109589041,0.331995142,0.133333333,0,0,0.397959184,0.5,0.266666667,0.666666667,0.214285714,0.2,1,1,0.634146341
0,0.219178082,0.097487679,0.8,0,0,0.397959184,0.5,0.6,0.333333333,0.071428571,1,1,0,0.951219512
0,0.219178082,0.06422369,0.266666667,0,0,0.397959184,0.25,0.4,0.333333333,0.571428571,0,1,1,0.951219512
0,0.219178082,0.108897481,0.533333333,0,0,0.346938776,0.5,0.733333333,0.333333333,0.571428571,0,0.5,1,0.951219512
0,0.534246575,0.014232993,0.533333333,0,0,0.397959184,0.5,0.733333333,0.333333333,0.5,0,1,1,0.951219512
0,0.123287671,0.166754955,0.6,0.021740217,0,0.755102041,0.5,1,0.666666667,1,0.2,0.5,1,0.951219512
0,0.068493151,0.126323053,0.733333333,0,0,0.397959184,0,0.466666667,0.666666667,0,0.6,1,1,0.951219512
0,0.273972603,0.04809504,0.533333333,0,0,0.397959184,0.5,0.733333333,0,0.357142857,0.2,1,1,0.951219512
1,0.561643836,0.106773154,0.866666667,0,0,0.397959184,0.5,0.8,0.333333333,0.285714286,0,1,1,0.951219512
0,0.397260274,0.158986953,0.6,0,0,0.397959184,0.5,1,0,0.857142857,0.8,1,0,0.951219512
1,0.397260274,0.11764105,0.533333333,0,0,0.5,0.5,0.733333333,0.333333333,0.214285714,0,1,1,0.951219512
0,0.219178082,0.109223572,0.666666667,0,0,0.397959184,0.5,0.533333333,0.333333333,0.5,0,1,1,0.951219512
0,0.205479452,0.052853804,0.6,0,0,0.193877551,0.875,1,0.666666667,0.214285714,0.6,1,1,0.951219512
1,0.383561644,0.149667651,0.8,0,0.453856749,0.602040816,0.5,0.6,0.333333333,0.285714286,0,1,1,0.951219512
0,0.616438356,0.133377985,0.533333333,0,0,0.397959184,0.125,0.733333333,0.333333333,0.071428571,0,0.5,1,0.951219512
1,0.616438356,0.441157149,0.8,0,0,0.602040816,0.5,0.6,0.333333333,0.857142857,0,1,1,0.951219512
0,0.260273973,0.222842607,0.533333333,0,0,0.602040816,0.5,0.733333333,0.5,0.071428571,0.4,0.25,1,0.463414634
0,0.301369863,0.070578406,0.533333333,0,0,0.397959184,0.125,0.733333333,0,0.071428571,0.8,1,0,0.951219512
0,0.438356164,0.214117981,0.533333333,0,0,0.397959184,0.5,0.733333333,0,0.285714286,0.8,1,0,0.951219512
0,0.369863014,0.240484671,0.8,0,0,0.448979592,0.5,0.6,0.666666667,0.714285714,0.2,1,0,0.634146341
0,0.356164384,0.19471692,0.8,0,0,0.336734694,0.25,0.6,0,0.071428571,0.2,1,0,0.951219512
0,0.082191781,0.010004634,0.6,0,0,0.397959184,0.5,1,0.666666667,0.071428571,0.8,0.75,0,0.951219512
0,0.219178082,0.131244863,0.533333333,0,0,0.397959184,0.5,0.733333333,0.666666667,0.071428571,0.2,0.5,1,0.951219512
0,0.04109589,0.10126208,0.6,0,0,0.153061224,0.5,1,0.666666667,0.071428571,0.6,1,0,0.951219512
0,0.328767123,0.044023638,0.8,0,0,0.448979592,0.5,0.6,0,0.714285714,0.2,1,1,0.951219512
0,0.178082192,0.029515295,0.8,0,0,0.5,0.75,0.6,0.333333333,0.857142857,0,1,1,0.951219512
1,0.273972603,0.252325428,0.533333333,0,0,0.397959184,0.5,0.733333333,0.333333333,0.285714286,0,1,1,0.951219512
0,0.068493151,0.112418181,0.533333333,0,0,0.397959184,0.5,0.733333333,0.666666667,0.5,0.6,0.5,1,0.951219512
0,0.397260274,0.228467338,0.8,0,0,0.397959184,0.25,0.6,0,0.214285714,0.2,1,1,0.951219512
0,0.246575342,0.118682241,0.533333333,0,0,0.397959184,0.5,0.733333333,0.333333333,0.214285714,0,1,1,0.951219512
0,0.219178082,0.112509514,0.6,0,0,0.367346939,0.5,1,0.833333333,0.714285714,0.8,1,0,0.951219512
1,0.684931507,0.115211604,0.6,0.200512005,0,0.193877551,0.625,1,0.333333333,0.285714286,0,1,1,0.951219512
0,0.205479452,0.048598384,0.533333333,0,0,0.448979592,0.75,0.733333333,0.333333333,0.214285714,0,1,1,0.951219512
0,0.315068493,0.230798686,0.333333333,0,0,0.346938776,0.5,0,0,0.5,0.2,1,0,0.951219512
0,0.164383562,0.13551246,0.6,0,0,0.653061224,1,1,0.333333333,0.357142857,0.6,1,1,0.951219512
1,0.315068493,0.137981145,0.8,0,0,0.448979592,0.5,0.6,0,0.285714286,0.2,1,0,0.951219512
0,0.191780822,0.191334233,0.6,0,0,0.397959184,0.5,1,0,0.928571429,0.6,0.5,0,0.951219512
0,0.246575342,0.250079324,0.533333333,0,0,0.551020408,0.75,0.733333333,0.333333333,0.357142857,0,1,1,0.951219512
0,0.260273973,0.1148686,0.533333333,0,0,0.397959184,0.5,0.733333333,0.666666667,0.071428571,0.4,1,1,0.951219512
0,0.109589041,0.132384828,0.8,0,0,0.602040816,0.5,0.6,0.666666667,0.571428571,0.2,1,0,0.951219512
0,0.109589041,0.164780142,0.533333333,0,0,0.397959184,0.5,0.733333333,0.666666667,0.071428571,0.6,1,0,0.951219512
0,0.068493151,0.193627695,0.6,0,0,0.397959184,0.5,1,0.666666667,0.214285714,0.6,1,1,0.951219512
0,0.438356164,0.019200806,0.6,0,0,0.5,0.5,1,0.333333333,0.357142857,0,1,1,0.951219512
0,0.04109589,0.249690992,0.266666667,0,0,0.275510204,0.5,0.4,0.666666667,0.428571429,0.6,1,1,0.951219512
1,0.397260274,0.113825379,0.8,0,0,0.5,0.5,0.6,0.333333333,0.857142857,0,1,1,0.951219512
0,0,0.107430748,0.466666667,0,0,0.193877551,0.5,0.133333333,0.666666667,0.428571429,0.6,1,1,0.951219512
0,0.054794521,0.070985681,0.6,0,0,0.397959184,0,1,0.666666667,0,0.2,1,1,0.951219512
0,0.753424658,0.280273862,0.4,0,0,0.346938776,0.5,0.066666667,0,0.571428571,0.2,0.5,0,0.951219512
0,0.054794521,0.131014163,0.6,0,0,0.397959184,0,1,0.666666667,0,0.6,1,1,0.951219512
0,0.369863014,0.07902971,0.4,0,0,0.602040816,0.5,0.066666667,0.833333333,0.571428571,0.8,0.5,0,0.951219512
0,0.260273973,0.15977106,0.533333333,0,0,0.602040816,0.5,0.733333333,0.833333333,1,0.4,1,1,0.634146341
0,0.547945205,0.178374484,0.533333333,0,0,0.397959184,0.5,0.733333333,0.333333333,0.357142857,0,1,1,0.951219512
0,0.260273973,0.116985485,0.533333333,0,0,0.397959184,0.5,0.733333333,0.666666667,0.857142857,0.2,1,0,0.951219512
0,0.123287671,0.043437757,0.8,0,0,0.551020408,0.125,0.6,0.666666667,0.714285714,0.2,1,1,0.951219512
0,0.479452055,0.040902095,0.533333333,0,0,0.5,0.5,0.733333333,0.5,0.071428571,0.2,1,0,0.951219512
0,0.123287671,0.065310886,0.533333333,0,0,0.397959184,0.5,0.733333333,0.666666667,1,0.8,1,1,0.951219512
1,0.219178082,0.04343911,0.8,0,0,0.5,0.5,0.6,0.666666667,0.714285714,0.2,1,1,0.951219512
0,0.082191781,0.020374599,0.8,0,0,0.5,0.5,0.6,0.666666667,0.285714286,0.2,1,1,0.951219512
0,0.342465753,0.081317083,0.733333333,0,0,0.234693878,0.5,0.466666667,0,0.714285714,0.2,1,0,0.951219512
1,0.191780822,0.12935597,0.8,0,0,0.5,0.625,0.6,0.333333333,0.285714286,0,1,1,0.951219512
0,0.109589041,0.074902156,0.6,0,0,0.397959184,0.5,1,0.666666667,0.928571429,0.4,1,1,0.951219512
0,0.219178082,0.274917716,0.533333333,0,0,0.5,0.5,0.733333333,0.333333333,0.571428571,0,1,1,0.951219512
1,0.424657534,0.104622441,0.8,0,0,0.448979592,0.5,0.6,0.333333333,0.071428571,0,1,1,0
0,0.068493151,0.092107854,0.533333333,0,0,0.397959184,0.5,0.733333333,0.666666667,0.071428571,0.2,0.75,0,0.951219512
1,0.328767123,0.131149471,0.533333333,0,0,0.397959184,0.5,0.733333333,0.333333333,0.857142857,0,1,1,0.951219512
0,0.095890411,0.011856317,0.533333333,0,0,0.37755102,0.5,0.733333333,0,0.857142857,0.2,1,0,0.951219512
0,0.232876712,0.096029064,0.6,0,0,0.755102041,0.625,1,0.666666667,0.857142857,0.2,1,1,0.951219512
1,0.205479452,0.078200952,0.8,0,0,0.397959184,0.5,0.6,0.333333333,0.928571429,1,1,0,0.951219512
0,0.109589041,0.145633459,0.466666667,0.03103031,0,0.397959184,0.5,0.133333333,0.333333333,0.571428571,0,0.5,1,0.951219512
0,0.04109589,0.123401089,0.6,0,0,0.142857143,0.5,1,0.666666667,0.428571429,0.4,1,1,0.951219512
0,0.02739726,0.088985634,0.6,0,0,0.295918367,0.5,1,0.666666667,0.5,0.4,0.5,1,0.951219512
1,0.273972603,0.10407174,0.333333333,0,0,0.5,0.5,0,0.333333333,1,0,1,1,0.951219512
0,0.191780822,0.060533856,0.533333333,0,0,0.510204082,0.5,0.733333333,0.333333333,0.214285714,0,1,1,0.951219512
1,0.342465753,0.062497167,1,0,0,0.397959184,0.875,0.666666667,0.666666667,0.285714286,0.2,1,0,0.536585366
0,0.315068493,0.121275408,0.533333333,0,0,0.346938776,0.5,0.733333333,0.666666667,0.571428571,0.2,1,0,0.951219512
1,0.246575342,0.119623304,0.533333333,0,0,0.551020408,0.5,0.733333333,0.333333333,0.285714286,0,1,1,0.951219512
0,0.02739726,0.073712127,0.533333333,0,0,0.295918367,0.5,0.733333333,0.666666667,0.571428571,0.2,1,1,0.951219512
0,0.01369863,0.073340708,0.6,0,0,0.346938776,0.5,1,0.666666667,0.571428571,0.6,0.5,1,0
0,0.630136986,0.064820396,0.6,0.105661057,0,0.448979592,0.5,1,0.333333333,0.214285714,0,1,1,0.951219512
0,0.260273973,0.074388664,0.6,0,0,0.397959184,0.5,1,0.333333333,0.214285714,0,1,1,0.951219512
1,0.219178082,0.081398267,0.8,0,0,0.551020408,0.5,0.6,0.333333333,0.857142857,0,1,1,0.951219512
0,0.438356164,0.064365763,0.866666667,0,0,0.346938776,0.5,0.8,0.666666667,0.857142857,0.2,1,0,0.951219512
0,0.301369863,0.063525504,0.533333333,0.068490685,0,0.397959184,0.5,0.733333333,0,0.571428571,0.8,0,0,0.951219512
0,0.438356164,0.116875886,0.533333333,0,0,0.397959184,0.5,0.733333333,0.333333333,0.5,0,1,1,0.951219512
0,0.369863014,0.064010581,0.8,0,0,0.397959184,0.75,0.6,0,0.214285714,0.2,1,1,0.951219512
1,0.356164384,0.225898526,0.6,0,0,0.397959184,0.5,1,0.333333333,0.714285714,0,1,1,0.951219512
0,0.232876712,0.141967979,0.533333333,0,0,0.397959184,0.5,0.733333333,0.666666667,0.071428571,0.8,1,0,0.951219512
0,0.356164384,0.056388711,0.8,0,0,0.448979592,0.5,0.6,0.333333333,0.571428571,1,0.25,0,0
1,0.315068493,0.109128857,0.866666667,0,0,0.5,0.5,0.8,0.333333333,0.285714286,0,1,1,0.951219512
0,0.109589041,0.047160065,0.8,0,0,0.459183673,0.875,0.6,0.666666667,0.714285714,0.6,1,1,0.951219512
0,0.109589041,0.217832848,0.533333333,0,0,0.448979592,0.5,0.733333333,0.666666667,0.214285714,0.4,1,1,0.951219512
1,0.219178082,0.021428644,0.866666667,0.076880769,0,0.5,0.25,0.8,0.333333333,0.714285714,0,1,1,0.951219512
0,0.219178082,0.04534018,0.6,0,0,0.5,0.75,1,0.333333333,0.357142857,0,1,1,0.951219512
1,0.452054795,0.10471445,0.8,0,0,0.397959184,0.5,0.6,0.333333333,0.285714286,0,1,1,0.951219512
0,0.178082192,0.088380133,0.733333333,0,0,0.397959184,0.5,0.466666667,0.666666667,0.714285714,0.2,1,0,0.951219512
0,0.794520548,0.056626176,0.133333333,0,0,0.091836735,0.5,0.266666667,1,0.571428571,0.8,0.5,1,0.951219512
1,0.369863014,0.107704069,0.333333333,0,0,0.397959184,0.5,0,0.333333333,0.5,0,1,1,0.951219512
0,0.534246575,0.106744739,0.533333333,0,0,0.397959184,0.5,0.733333333,0.333333333,0.071428571,0,1,1,0.951219512
0,0.136986301,0.037959157,0.8,0,0,0.397959184,0.875,0.6,0.666666667,0.071428571,0.2,1,0,0.951219512
0,0.191780822,0.048347388,0.6,0,0,0.704081633,0.625,1,0.333333333,0.285714286,1,0.25,0,0.853658537
1,0.465753425,0.171874989,0.8,0,0.436639118,0.5,0.5,0.6,0.333333333,0.785714286,0,1,1,0.951219512
0,0.246575342,0.108178998,0.6,0,0,0.397959184,0.5,1,0.666666667,0.214285714,0.6,1,1,0.951219512
0,0.109589041,0.107231846,0.266666667,0,0,0.397959184,0.5,0.4,0.666666667,1,0.4,1,1,0.951219512
0,0.643835616,0.072539011,0.533333333,0,0,0.142857143,0.5,0.733333333,0,0.571428571,0.2,1,0,0.951219512
0,0.232876712,0.015829621,0.6,0,0,0.397959184,0.5,1,0,0.5,0.2,1,0,0.951219512
1,0.356164384,0.221553803,0.6,0,0,0.193877551,0.5,1,0.333333333,0.571428571,1,1,0,0.219512195
0,0,0.016637406,0.333333333,0,0,0.091836735,0.5,0,0.666666667,0.857142857,0.6,1,0,0.951219512
0,0.424657534,0.105659573,0.533333333,0,0,0.397959184,0.5,0.733333333,0.333333333,1,0,1,1,0.951219512
0,0.287671233,0.061997882,0.533333333,0,0,0.346938776,0.5,0.733333333,0.666666667,0.071428571,0.8,1,0,0.951219512
0,0.150684932,0.138332944,1,0,0,0.295918367,0.5,0.666666667,0.666666667,0.714285714,0.6,1,1,0.951219512
1,0.602739726,0.089599253,0.866666667,0.07298073,0,0.602040816,0.25,0.8,0.333333333,0.285714286,0,1,1,0.951219512
1,0.164383562,0.045397009,0.8,0,0,0.5,0.5,0.6,0.666666667,0.285714286,0.2,1,1,0.951219512
0,0.068493151,0.10520291,0.533333333,0,0,0.397959184,0.5,0.733333333,0.666666667,0.571428571,0.2,1,0,0.951219512
0,0.643835616,0.050437212,0,0,0,0.397959184,0.5,0.866666667,0.333333333,0.428571429,0,0.25,1,0.731707317
0,0.109589041,0.037166932,0.6,0,0,0.397959184,0.5,1,0.666666667,0.5,0.2,0.25,1,0.731707317
0,0.342465753,0.150426726,0.4,0,0,0.469387755,0.5,0.066666667,0.333333333,1,0,1,1,0.951219512
1,0.602739726,0.067165275,0.8,0,0,0.193877551,0.75,0.6,0.333333333,0.357142857,0,1,1,0.951219512
1,0.383561644,0.108609276,0.4,0,0.648301194,0.765306122,0.5,0.066666667,0,1,0.2,1,1,0.951219512
1,0.328767123,0.368756152,0.533333333,0,0,0.397959184,0.5,0.733333333,0.333333333,0.214285714,0,1,1,0.951219512
0,0.136986301,0.009788819,0.8,0,0,0.091836735,0,0.6,0.333333333,0,1,0.25,0,0.073170732
0,0.082191781,0.096309151,0.533333333,0,0,0.397959184,0.5,0.733333333,0.666666667,0.428571429,0.6,1,1,0.951219512
0,0.164383562,0.056032853,0.533333333,0,0,0.397959184,0,0.733333333,0.666666667,0,0.2,1,1,0.951219512
0,0.301369863,0.167396312,0.533333333,0,0,0.397959184,0.5,0.733333333,0,0.5,0.8,1,0,0.634146341
0,0.082191781,0.291869036,0.6,0,0,0.397959184,0.5,1,0.666666667,0.071428571,0.6,0.5,0,0.951219512
1,0.410958904,0.153966369,0.533333333,0,0.453856749,0.448979592,0.5,0.733333333,0.333333333,0.214285714,0,1,1,0.951219512
0,0.808219178,0.151945552,0.533333333,0,0,0.295918367,0.75,0.733333333,0.333333333,0.214285714,0,1,1,0.951219512
0,0.136986301,0.040699134,0.533333333,0,0,0.397959184,0.5,0.733333333,0.666666667,0.928571429,0.2,1,1,0.951219512
1,0.301369863,0.014674095,0.6,0,0,0.397959184,0.5,1,0.333333333,0.857142857,0,1,1,0.951219512
0,0.301369863,0.058588811,0.2,0.045080451,0,0.397959184,0.5,0.333333333,0.333333333,0.571428571,0,1,1,0.634146341
0,0.328767123,0.087003379,0.533333333,0,0,0.397959184,0.5,0.733333333,0.333333333,0.357142857,0,1,1,0.951219512
0,0.356164384,0.067345234,0.666666667,0,0,0.397959184,0.5,0.533333333,0.666666667,0.714285714,0.2,1,0,0.951219512
0,0.123287671,0.07622411,0.533333333,0,0,0.397959184,0.5,0.733333333,0.666666667,0.928571429,0.2,1,1,0
0,0.287671233,0.139123816,0.533333333,0,0,0.397959184,0.5,0.733333333,0.333333333,0.214285714,0,0.5,1,0.951219512
0,0.547945205,0.106744739,0.666666667,0,0,0.397959184,0.125,0.533333333,0.666666667,0.928571429,0.2,1,1,0.951219512
1,0.260273973,0.06257091,0.533333333,0,0,0.397959184,0.5,0.733333333,0.333333333,0.214285714,0,1,1,0.951219512
0,0,0.288685928,0.333333333,0,0,0.397959184,0.5,0,0.666666667,0.571428571,0.4,1,1,0.634146341
0,0.164383562,0.232626014,0.6,0,0,0.397959184,0.5,1,0.666666667,0.714285714,0.4,1,0,0.951219512
0,0.630136986,0.049478559,0.6,0.050130501,0,0.142857143,0.5,1,0.333333333,0.857142857,0,1,1,0.951219512
0,0.506849315,0.110260027,0.2,0,0,0.397959184,0.5,0.333333333,0.333333333,0.5,0,1,1,0.951219512
0,0.123287671,0.065812877,0.533333333,0,0,0.397959184,0,0.733333333,0.666666667,0,0.6,1,0,0.951219512
0,0.328767123,0.128692964,0.533333333,0,0,0.479591837,0.5,0.733333333,0.333333333,0.5,0,1,1,0.951219512
0,0.383561644,0.078380911,0.4,0,0,0.397959184,0.5,0.066666667,0.833333333,0.928571429,0.8,1,0,0.804878049
0,0.123287671,0.110858086,0.133333333,0,0,0.346938776,0.5,0.266666667,0.833333333,0.214285714,0.2,0.75,1,0.634146341
1,0.205479452,0.120576545,0.6,0,0,0.397959184,0.5,1,0.333333333,0.285714286,0,1,1,0.951219512
0,0.01369863,0.230262869,0.6,0,0,0.193877551,0.625,1,0.666666667,0.071428571,0.6,1,0,0.951219512
0,0.164383562,0.112525074,0.6,0,0,0.204081633,0.5,1,0,0.571428571,0.8,1,0,0.951219512
0,0.219178082,0.195110665,0.333333333,0,0,0.5,0.75,0,0.333333333,1,0,0.5,1,0
0,0.506849315,0.544250616,0.533333333,0,0.470844812,0.397959184,0.5,0.733333333,0.333333333,0.214285714,0,1,1,0.951219512
0,0.356164384,0.121277438,0.533333333,0,0,0.397959184,0.5,0.733333333,0.333333333,0.357142857,0,1,1,0.634146341
0,0.328767123,0.116486877,0.4,0,0,0.551020408,0.5,0.066666667,0.333333333,0.785714286,0,1,1,0.951219512
0,0.397260274,0.125461145,0.666666667,0,0,0.397959184,0.5,0.533333333,0.5,0.5,0.8,1,1,0.951219512
1,0.465753425,0.014935238,0.6,0,0,0.193877551,0.5,1,0.333333333,0.285714286,1,1,0,0.951219512
0,0.054794521,0.128938547,0.533333333,0,0,0.193877551,0.5,0.733333333,0.666666667,0.5,0.6,1,1,0.951219512
0,0.520547945,0.06548205,0.4,0.050130501,0,0.479591837,0.5,0.066666667,0.333333333,0.5,0,0.5,1,0.951219512
0,0.109589041,0.192724517,0.533333333,0.024070241,0,0.397959184,0.5,0.733333333,0.333333333,0.428571429,0,1,1,0.951219512
0,0.150684932,0.163403389,0.533333333,0,0,0.346938776,0.5,0.733333333,0,0.571428571,0.8,1,0,0.951219512
0,0.02739726,0.3006877,0.6,0,0,0.346938776,0.5,1,0.666666667,0.571428571,0.2,1,1,0.951219512
0,0.643835616,0.167643925,0.466666667,0,0,0.397959184,0.5,0.133333333,0.333333333,0.214285714,0,1,1,0.097560976
0,0.561643836,0.193703467,0.266666667,0.037810378,0,0.397959184,0.5,0.4,0.333333333,0.5,0,0.5,1,0.951219512
0,0.191780822,0.015274184,0.733333333,0,0,0.397959184,0.125,0.466666667,0.333333333,0.857142857,0,0.25,1,0.951219512
0,0.123287671,0.129358676,0.533333333,0,0,0.397959184,0.5,0.733333333,0,0.214285714,0.2,1,1,0.951219512
0,0.109589041,0.16271941,0.533333333,0,0,0.397959184,0.5,0.733333333,0.666666667,0.571428571,0.8,0.5,0,0.951219512
1,0.410958904,0.114229948,0.933333333,1,0,0.5,0.625,0.933333333,0.333333333,0.714285714,0,1,1,0.951219512
1,0.534246575,0.140653467,0.6,0,0,0.448979592,0.5,1,0.333333333,0.857142857,0,1,1,0.951219512
0,0.02739726,0.211710185,0.533333333,0,0,0.316326531,0.5,0.733333333,0.666666667,0.571428571,0.6,1,1,0.951219512
0,0.260273973,0.075004989,0.4,0,0,0.602040816,0.5,0.066666667,0.333333333,0.214285714,0,1,1,0.951219512
0,0.287671233,0.221333929,0.6,0,0,0.397959184,0.25,1,0.333333333,1,0,0.5,1,0.951219512
0,0.479452055,0.239458364,0.266666667,0,0,0.397959184,0.5,0.4,0,0.214285714,0.8,1,0,0.12195122
0,0.082191781,0.029500411,0.8,0,0,0.397959184,0.25,0.6,0.666666667,0.714285714,0.2,1,0,0.951219512
0,0.273972603,0.054758933,0.733333333,0,0,0.448979592,0.875,0.466666667,0.333333333,0.285714286,0,1,1,0.951219512
1,0.465753425,0.128051606,0.8,0,0,0.397959184,0.25,0.6,0.333333333,0.714285714,1,1,0,0.951219512
1,0.273972603,0.142849508,0.533333333,0,0,0.397959184,0.5,0.733333333,0.333333333,0.857142857,0,1,1,0.951219512
0,0.383561644,0.027628432,0.4,0,0,0.244897959,0.25,0.066666667,0.333333333,0.571428571,1,1,0,0.951219512
0,0.232876712,0.015829621,0.733333333,0,0,0.091836735,0.25,0.466666667,0,0.071428571,0.8,1,0,0.951219512
0,0.369863014,0.028191988,0.6,0,0,0.571428571,0.75,1,0.333333333,0.5,0,1,1,0.951219512
0,0.452054795,0.054258972,0.6,0,0,0.397959184,0.25,1,0.333333333,0.214285714,0,1,1,0.951219512
0,0.136986301,0.153285773,0.666666667,0,0,0.397959184,0.5,0.533333333,0.666666667,0.214285714,0.2,1,1,0.951219512
0,0.123287671,0.14287048,0.6,0,0,0.397959184,0.5,1,0.333333333,0.071428571,0,1,1,0.951219512
0,0.493150685,0.058987968,0.533333333,0,0,0.37755102,0.5,0.733333333,0,0.571428571,0.2,1,0,0.951219512
0,0.095890411,0.14081516,0.533333333,0,0,0.397959184,0.5,0.733333333,0.666666667,0.428571429,0.2,1,1,0.951219512
0,0.109589041,0.176919252,0.533333333,0,0,0.367346939,0.5,0.733333333,0.666666667,0.214285714,0.6,1,1,0.951219512
1,0.410958904,0.145427791,0.8,0,0,0.5,0.125,0.6,0.333333333,0.785714286,0,0.5,1,0.951219512
0,0.246575342,0.070026351,0.8,0,0,0.551020408,0.5,0.6,0.333333333,0.714285714,0,1,1,0.951219512
0,0.616438356,0.084613849,0.866666667,0,0,0.397959184,0.625,0.8,0.333333333,0.714285714,0,0.25,1,0.853658537
0,0.068493151,0.057219499,0.6,0,0,0.397959184,0.875,1,0.666666667,0.071428571,0.6,1,0,0.951219512
0,0.123287671,0.140970763,0.8,0,0,0.37755102,0.25,0.6,0.666666667,0.714285714,0.6,0.5,1,0.219512195
1,0.589041096,0.075908843,0.6,0,0,0.397959184,0,1,0,0,0.2,1,0,0.951219512
0,0.068493151,0.014710628,0.8,0,0,0.193877551,0.25,0.6,0.666666667,0.714285714,0.6,1,0,0.951219512
0,0.383561644,0.063292098,0.666666667,0,0,0.346938776,0.75,0.533333333,0.333333333,0.285714286,0,1,1,0.951219512
0,0.493150685,0.052999259,0.4,0,0,0.397959184,0.5,0.066666667,0.333333333,0.214285714,0,0.5,1,0.951219512
0,0.068493151,0.317835216,0.4,0,0,0.397959184,0.5,0.066666667,0.333333333,0.5,0.2,1,0,0.634146341
0,0.02739726,0.099440165,0.533333333,0,0,0.530612245,0.75,0.733333333,0.666666667,0.571428571,0.6,1,1,1
0,0.178082192,0.257241825,0.733333333,0,0,0.397959184,0.5,0.466666667,0.5,0.857142857,0.2,0.5,0,0.951219512
0,0.397260274,0.216147593,0.533333333,0,0,0.397959184,0.5,0.733333333,0.333333333,0.5,0,1,1,0.951219512
0,0.178082192,0.22029612,0.733333333,0,0,0.193877551,0.5,0.466666667,0.333333333,0.071428571,1,0.5,0,0.951219512
0,0.191780822,0.059293763,0.866666667,0,0,0.5,0.5,0.8,0.333333333,0.714285714,1,1,0,0.951219512
0,0.342465753,0.087391035,0.533333333,0,0,0.397959184,0.125,0.733333333,0.833333333,0.571428571,0.4,0.5,0,0.951219512
0,0.383561644,0.136210647,0.533333333,0,0,0.397959184,0.5,0.733333333,0.666666667,0.571428571,0.6,1,0,0.951219512
0,0.054794521,0.09474432,0.8,0,0,0.397959184,0,0.6,0.666666667,0,0.6,1,1,0.951219512
1,0.232876712,0.105006715,0.6,0.076880769,0,0.5,0.5,1,0.333333333,0.285714286,1,1,0,0.951219512
1,0.465753425,0.22809186,0.533333333,0.043860439,0,0.397959184,0.25,0.733333333,0.333333333,0.214285714,0,1,1,0.951219512
1,0.534246575,0.016713855,0.533333333,0,0,0.520408163,0.5,0.733333333,0.333333333,0.214285714,0,0.5,1,0.951219512
0,0.109589041,0.99614712,0.6,0,0,0.244897959,0.5,1,0,0.285714286,0.8,1,0,0.951219512
0,0.082191781,0.06905552,0.6,0,0,0.397959184,0,1,0.666666667,0,0.2,1,1,0.951219512
0,0.506849315,0.056678269,0.8,0,0,0.397959184,0.5,0.6,0.333333333,0.714285714,0,1,1,0.951219512
0,0.054794521,0.070985681,0.533333333,0,0,0.397959184,0.5,0.733333333,0.666666667,0.5,0.6,1,1,0.951219512
0,0.95890411,0.05280577,0.533333333,0,0,0.010204082,0,0.733333333,1,0,0.2,1,1,0.951219512
1,0.479452055,0.147811233,0.8,0,0.436639118,0.602040816,0.625,0.6,0.333333333,0.285714286,0,1,1,0.12195122
1,0.452054795,0.157681236,0.6,0,0,0.5,0.5,1,0.333333333,0.285714286,0,1,1,0.951219512
1,0.534246575,0.09843686,0.533333333,0,0,0.479591837,0.5,0.733333333,0.333333333,1,0,1,1,0.951219512
0,0.068493151,0.230532807,0.533333333,0,0,0.357142857,0.5,0.733333333,0.666666667,0.214285714,0.8,1,0,0.634146341
1,0.150684932,0.172226112,0.8,0,0,0.5,0.875,0.6,0.333333333,0.785714286,0,1,1,0.951219512
0,0.109589041,0.084810722,0.8,0,0,0.397959184,0.5,0.6,0.666666667,0.857142857,0.2,0.5,0,0.951219512
0,0.328767123,0.069870748,0.533333333,0,0,0.397959184,0.5,0.733333333,0,0.785714286,0.6,1,1,0.951219512
0,0.383561644,0.089349611,0.266666667,0,0,0.397959184,0,0.4,0.833333333,0,0.6,0.5,1,0.951219512
0,0.109589041,0.182219922,0.866666667,0,0,0.397959184,0.5,0.8,0.666666667,0.714285714,0.2,1,0,0.951219512
0,0.219178082,0.264649909,0.533333333,0,0,0.397959184,0.5,0.733333333,0.333333333,0.5,1,1,0,0.634146341
1,0.356164384,0.090267672,0.6,0,0,0.724489796,0.5,1,0.333333333,0.857142857,0,1,1,0.951219512
0,0.232876712,0.213526688,0.8,0,0,0.551020408,0.875,0.6,0.333333333,0.714285714,0,1,1,0.951219512
1,0.191780822,0.111892512,0.8,0,0,0.397959184,0.5,0.6,0.333333333,0.857142857,0,1,1,0.951219512
0,0.164383562,0.148163032,0.6,0,0,0.397959184,0.5,1,0,0.928571429,0.8,1,1,0.951219512
1,0.273972603,0.067797161,0.933333333,0,0,0.5,0.5,0.933333333,0.333333333,0.714285714,0,1,1,0.951219512
0,0.315068493,0.116633009,0.6,0,0,0.397959184,0.5,1,0,0.071428571,0.8,1,0,0.951219512
0,0.287671233,0.105905833,0.6,0,0,0.346938776,0.75,1,0.333333333,0.214285714,0,1,1,0.951219512
0,0.219178082,0.108444877,0.533333333,0,0,0.397959184,0.5,0.733333333,0.333333333,0.214285714,1,1,0,0.951219512
0,0.04109589,0.128190973,0.6,0,0,0.346938776,0,1,0.666666667,0,0.6,1,0,0.951219512
0,0.273972603,0.218442408,0.6,0,0,0.551020408,0.5,1,0.333333333,0.857142857,0,1,1,0.951219512
0,0.164383562,0.080524858,0.733333333,0,0,0.397959184,0.5,0.466666667,0.666666667,0.857142857,0.6,1,0,0.951219512
0,0.575342466,0.099892092,0.533333333,0,0,0.479591837,0.5,0.733333333,0.333333333,0.857142857,0,1,1,0.951219512
1,0.273972603,0.059556259,0.8,0,0,0.5,0.5,0.6,0.333333333,0.285714286,0,1,1,0.951219512
1,0.150684932,0.133288682,0.533333333,0,0.424242424,0.397959184,0.5,0.733333333,0.333333333,1,0,1,1,0.951219512
0,0.602739726,0.120905342,0.533333333,0,0,0.051020408,0,0.733333333,0.333333333,0,0,1,1,0.951219512
0,0.04109589,0.124725072,0.533333333,0,0,0.397959184,0.5,0.733333333,0.666666667,0.428571429,0.6,1,1,0.951219512
1,0.369863014,0.06612679,0.533333333,0.278282783,0,0.602040816,0.5,0.733333333,0,0.857142857,0.2,1,1,0.951219512
1,0.273972603,0.118156571,0.533333333,0.150241502,0,0.602040816,0.5,0.733333333,0.333333333,0.857142857,0,1,1,0.951219512
1,0.342465753,0.337445327,0.8,0.076880769,0,0.397959184,0.5,0.6,0.333333333,0.714285714,0,1,1,0.951219512
0,0.712328767,0.20321017,0.6,0,0,0.244897959,0.5,1,0.333333333,0.857142857,0,1,1,0.951219512
0,0.205479452,0.109551693,0.8,0,0,0.602040816,0.125,0.6,0.666666667,0.285714286,0.2,1,0,0.951219512
0,0.315068493,0.106773154,0.866666667,0,0,0.397959184,0.5,0.8,0.333333333,0.714285714,0,1,1,0.951219512
0,0.232876712,0.111076608,0.8,0,0,0.37755102,0.5,0.6,0.666666667,0.857142857,0.2,1,1,0.951219512
1,0.315068493,0.121197606,0.933333333,0.150241502,0,0.397959184,0.625,0.933333333,0.333333333,0.714285714,0,1,1,0.951219512
0,0.452054795,0.065385981,0.266666667,0.028850289,0,0.397959184,0.5,0.4,0.333333333,0.214285714,0,1,1,0.951219512
0,0.589041096,0.104527726,0.6,0,0.323232323,0.5,0.5,1,0,0.928571429,0.2,1,1,0.951219512
0,0.369863014,0.04706535,0.533333333,0,0,0.397959184,0.5,0.733333333,0.666666667,0.857142857,0.2,0.25,0,0.951219512
0,0.369863014,0.205072677,0.4,0,0,0.887755102,0.75,0.066666667,0.333333333,0.357142857,0,1,1,0.951219512
0,0.397260274,0.132227871,0.066666667,0,0,0.397959184,0.5,0.2,1,0.571428571,0.8,1,0,0.804878049
0,0.054794521,0.128224123,0.6,0,0,0.295918367,0.125,1,0.666666667,0.071428571,0.6,0.5,0,0.951219512
0,0.369863014,0.264142506,0.066666667,0,0,0.397959184,0.5,0.2,0.333333333,0.357142857,0,1,1,0.634146341
0,0.054794521,0.079625063,0.266666667,0,0,0.397959184,0.5,0.4,0.666666667,1,0.6,1,1,0.951219512
0,0.643835616,0.060765231,0.533333333,0,0,0.5,0.5,0.733333333,0,0.642857143,0.2,1,0,0.951219512
1,0.246575342,0.246374605,0.6,0.150241502,0,0.602040816,0.5,1,0.333333333,0.285714286,0,1,1,0.951219512
0,0.602739726,0.117243246,0.8,0,0,0.397959184,0.5,0.6,1,0.5,0.8,0.25,0,0
0,0.109589041,0.169385332,0.733333333,0,0,0.397959184,0.5,0.466666667,0.666666667,0.857142857,0.6,1,0,0.951219512
0,0.02739726,0.109901462,0.6,0,0,0.244897959,0.5,1,0.666666667,0.571428571,0.6,0.5,1,0.951219512
0,0.260273973,0.01565778,0.6,0,0,0.602040816,0.5,1,0.333333333,0.285714286,0,1,1,0.951219512
1,0.369863014,0.054369247,0.533333333,0,0,0.397959184,0.5,0.733333333,0.333333333,0.214285714,1,1,0,0.951219512
0,0.232876712,0.126287873,0.6,0,0,0.397959184,0.25,1,0,0.785714286,0.8,0.5,0,0.951219512
1,0.356164384,0.123788068,0.533333333,0,0,0.397959184,0.5,0.733333333,0.333333333,0.214285714,0,1,1,0.951219512
0,0.054794521,0.266149116,0.533333333,0,0,0.346938776,0,0.733333333,0.666666667,0,0.4,1,1,0.634146341
0,0.452054795,0.082804789,0.533333333,0,0,0.397959184,0.5,0.733333333,0.666666667,0.571428571,0.2,1,1,0.951219512
0,0.246575342,0.159476766,0.8,0,0,0.397959184,0.5,0.6,0.5,0.214285714,0.8,1,1,0.951219512
0,0.191780822,0.197316853,0.6,0,0,0.5,0.5,1,0.333333333,0.857142857,0,1,1,0.951219512
1,0.287671233,0.131776621,0.533333333,0,0,0.418367347,0.125,0.733333333,0.333333333,0.285714286,0,1,1,0.951219512
1,0.424657534,0.128665226,0.8,0,0.340909091,0.397959184,0.5,0.6,0.333333333,0.714285714,0,1,1,0.951219512
1,0.356164384,0.176539038,0.6,0,0,0.5,0.5,1,0.333333333,0.285714286,0,1,1,0.951219512
0,0.04109589,0.019550576,0.6,0,0,0.295918367,0,1,0.666666667,0,0.6,1,0,0.951219512
0,0.01369863,0.140419386,0.4,0,0,0.112244898,0.5,0.066666667,0.666666667,0.428571429,0.6,1,1,0.951219512
1,0.671232877,0.090770339,0.6,0.055560556,0,0.397959184,0.5,1,0.333333333,0.857142857,0,1,1,0.951219512
0,0.191780822,0.261619022,0.6,0,0,0.397959184,0.5,1,0.666666667,0.285714286,0.2,1,1,0.951219512
0,0.150684932,0.110302649,0.533333333,0,0,0.397959184,0.875,0.733333333,0.333333333,0.785714286,0,1,1,0.951219512
1,0.232876712,0.098410476,0.6,0.07298073,0,0.397959184,0.5,1,0.333333333,0.285714286,0,1,1,0.951219512
0,0.068493151,0.195239207,0.6,0,0,0.397959184,0.5,1,0.666666667,0.071428571,0.6,1,1,0.951219512
0,0.465753425,0.119678104,0.8,0,0,0.397959184,0.625,0.6,0.333333333,0.285714286,0,1,1,0.951219512
0,0.698630137,0.122027718,0.6,0,0,0.091836735,0.5,1,1,0.214285714,0.2,1,1,0.951219512
0,0.150684932,0.215261329,0.8,0,0,0.397959184,0.5,0.6,0.666666667,0.714285714,0.2,0.25,1,0.414634146
0,0.260273973,0.024514331,0.6,0,0,0.397959184,0.5,1,0,0.571428571,0.8,1,0,0.951219512
0,0.191780822,0.077575155,0.533333333,0,0,0.397959184,0.5,0.733333333,0,1,0.2,1,1,0.951219512
1,0.301369863,0.064053879,0.866666667,0,0.453856749,0.551020408,0.5,0.8,0.333333333,0.857142857,0,1,1,0.951219512
0,0.315068493,0.124448368,0.533333333,0,0,0.397959184,0.25,0.733333333,0,0.214285714,0.6,1,0,0.804878049
1,0.342465753,0.176129733,0.666666667,0,0,0.397959184,0.125,0.533333333,0,0.071428571,0.8,0.5,0,0.951219512
0,0.287671233,0.105267182,0.6,0,0,0.448979592,0.5,1,1,0.571428571,0.4,0.5,0,0.341463415
0,0.342465753,0.144891974,0.266666667,0,0,0.397959184,0.5,0.4,0.666666667,0.5,0.4,1,0,0.634146341
0,0.493150685,0.280786678,0.8,0.033250333,0,0.397959184,0.5,0.6,0,0.571428571,0.2,0.5,1,0.951219512
0,0.356164384,0.263070871,0.733333333,0,0.513774105,0.397959184,0.5,0.466666667,0,0.571428571,0.8,1,0,0.951219512
0,0.150684932,0.197086154,0.466666667,0,0,0.397959184,0.5,0.133333333,0.333333333,0.5,0,1,1,0.951219512
0,0.575342466,0.107386773,0.6,0,0,0.336734694,0.5,1,0.666666667,0.071428571,0.6,1,0,0.951219512
1,0.178082192,0.136279653,0.6,0,0,0.5,0.5,1,0.666666667,0.857142857,0.2,1,1,0.951219512
0,0.273972603,0.100557129,0.733333333,0,0,0.397959184,0.5,0.466666667,0.333333333,0.071428571,0,1,1,0.951219512
0,0.04109589,0.086211154,0.533333333,0,0,0.397959184,0.5,0.733333333,0.666666667,0.214285714,0.8,0.5,0,0.951219512
1,0.657534247,0.104950562,0.533333333,0,0,0.591836735,0.75,0.733333333,0.333333333,0.285714286,0,1,1,0.951219512
0,0.301369863,0.121999303,0.533333333,0,0,0.56122449,0.5,0.733333333,0.333333333,1,0,1,1,0.951219512
0,0.452054795,0.20075028,0.6,0,0,0.448979592,0.5,1,0,0.857142857,0.8,1,1,0.951219512
0,0.397260274,0.110034064,0.533333333,0,0,0.397959184,0.5,0.733333333,0,0.071428571,0.2,1,1,0.804878049
1,0.219178082,0.118743805,0.8,0,0.433195592,0.397959184,0.5,0.6,0.333333333,0.071428571,1,1,0,0.951219512
1,0.534246575,0.017784814,0.733333333,0,0,0.448979592,0.25,0.466666667,0.333333333,0.928571429,0,1,1,0.951219512
0,0.287671233,0.008010879,0.6,0,0,0.397959184,0.5,1,0,0.285714286,0.2,1,0,0.951219512
0,0.164383562,0.022507721,0.6,0,0,0.397959184,0.25,1,0,0.071428571,0.8,1,0,0.951219512
0,0.219178082,0.272929373,0.133333333,0,0,0.397959184,0.5,0.266666667,0.833333333,0.571428571,0.8,1,0,0.634146341
1,0.219178082,0.068097543,0.533333333,0,0,0.397959184,0.5,0.733333333,0.333333333,0.5,0,1,1,0.951219512
1,0.356164384,0.13483051,0.6,0,0,0.397959184,0.5,1,0.333333333,0.714285714,0,1,1,0.951219512
0,0.068493151,0.113594003,0.6,0,0,0.397959184,0.5,1,0.666666667,0.214285714,0.2,1,1,0.951219512
0,0.520547945,0.088613538,0.533333333,0,0,0.244897959,0.5,0.733333333,0,0.071428571,0.8,1,1,0.951219512
0,0.369863014,0.064010581,0.8,0,0,0.602040816,0.5,0.6,0.333333333,0.714285714,0,1,1,0.951219512
0,0.410958904,0.102470376,0.866666667,0,0,0.346938776,0,0.8,0,0,0.8,1,0,0
0,0.164383562,0.10011332,0.6,0,0,0.397959184,0.5,1,0.833333333,0.571428571,0.8,0.5,0,0.951219512
0,0.082191781,0.189975746,0.533333333,0,0,0.295918367,0.5,0.733333333,0.666666667,0.857142857,0.6,1,1,0.951219512
0,0.150684932,0.035623074,0.6,0,0,0.295918367,0.5,1,0.666666667,0.571428571,0.6,1,0,0.951219512
1,0.479452055,0.105110901,0.666666667,0,0,0.397959184,0.5,0.533333333,0.333333333,0.214285714,0,1,1,0.951219512
0,0.630136986,0.127082128,0.533333333,0,0,0.397959184,0.5,0.733333333,1,0.071428571,0.2,1,0,0.951219512
0,0.191780822,0.226268592,0.533333333,0,0,0.448979592,0,0.733333333,0.666666667,0,0.4,1,0,0.951219512
1,0.397260274,0.13689192,0.8,0,0.453856749,0.448979592,0.75,0.6,0.333333333,0.857142857,0,1,1,0.951219512
1,0.506849315,0.146799809,0.533333333,0,0,0.397959184,0.5,0.733333333,0.333333333,0.214285714,0,0.5,1,0.951219512
1,0.684931507,0.063498442,1,0.200512005,0,0.397959184,0.75,0.666666667,0.333333333,0.857142857,0,1,1,0.951219512
0,0.452054795,0.095979,0.333333333,0,0,0.5,0.5,0,0.333333333,0.5,0,1,1,0.951219512
1,0.410958904,0.187557802,0.8,0,0,0.5,0.5,0.6,0.333333333,0.214285714,0,1,1,0.951219512
1,0.479452055,0.159338752,0.866666667,0.150241502,0,0.5,0.5,0.8,0.333333333,0.285714286,0,1,1,0.951219512
1,0.273972603,0.092209334,0.533333333,0,0,0.5,0.5,0.733333333,0.333333333,1,0,1,1,0.951219512
0,0.452054795,0.152368388,0.533333333,0,0,0.397959184,0.125,0.733333333,0.666666667,0.071428571,0.6,1,1,0.951219512
0,0.178082192,0.095956675,0.8,0,0,0.653061224,0.5,0.6,0.666666667,0.857142857,0.2,1,1,0.951219512
1,0.301369863,0.069182033,0.8,0,0,0.448979592,0.5,0.6,0,0.285714286,0.2,1,1,0.951219512
1,0.383561644,0.11952047,0.866666667,0,0,0.5,0.5,0.8,0.333333333,0.285714286,0,1,1,0.951219512
0,0.246575342,0.178786495,0.533333333,0,0,0.397959184,0.5,0.733333333,0,0.214285714,0.2,1,1,0.951219512
0,0.109589041,0.134774358,0.6,0,0,0.397959184,0.5,1,0.333333333,0.285714286,0,1,1,0.951219512
1,0.438356164,0.067161892,0.533333333,0,0.453856749,0.244897959,0.5,0.733333333,0.333333333,0.071428571,1,1,0,0.951219512
0,0.191780822,0.11124033,0.533333333,0,0,0.397959184,0.5,0.733333333,0.666666667,0.214285714,0.2,1,1,0.951219512
0,0.301369863,0.122654868,0.8,0.054550546,0,0.602040816,0.125,0.6,0,0.714285714,0.8,1,0,0.951219512
0,0.205479452,0.096518201,0.6,0,0,0.295918367,0.75,1,0.333333333,0.214285714,0,1,1,0.951219512
0,0.164383562,0.156533829,0.6,0,0,0.448979592,0.5,1,0.666666667,0.571428571,0.2,1,1,0.951219512
1,0.616438356,0.096615622,0.666666667,0,0,0.448979592,0.5,0.533333333,0.333333333,0.285714286,1,1,0,0.951219512
1,0.301369863,0.086248364,0.866666667,0,0,0.295918367,0.75,0.8,0.333333333,0.285714286,1,1,0,0.951219512
1,0.410958904,0.214366947,0.6,0,0,0.479591837,0.5,1,0,0.714285714,0.2,1,1,0.951219512
0,0.739726027,0.161001005,0.6,0.034320343,0,0.295918367,0,1,0.333333333,0,0,1,1,0.951219512
1,0.178082192,0.144786434,0.866666667,0,0,0.397959184,0.5,0.8,0.333333333,0.714285714,0,1,1,0.951219512
1,0.273972603,0.227623696,0.8,0,0,0.448979592,0.5,0.6,0.333333333,0.714285714,0,1,1,0.951219512
1,0.315068493,0.121816638,0.8,0,0,0.397959184,0.5,0.6,0.333333333,0.071428571,0,1,1,0.951219512
0,0.178082192,0.150620216,0.6,0,0,0.397959184,0.5,1,0.666666667,0.857142857,0.6,1,0,0.195121951
0,0.643835616,0.065504376,0.533333333,0,0,0.193877551,0,0.733333333,0,0,0.2,1,0,0.951219512
0,0.164383562,0.109842604,0.4,0,0,0.520408163,0.5,0.066666667,0,0.214285714,0.8,1,0,0.951219512
0,0.178082192,0.127805347,0.4,0,0,0.397959184,0,0.066666667,0.666666667,0,0.6,0.5,0,0.951219512
0,0.479452055,0.056549727,0.866666667,0,0,0.551020408,0.5,0.8,0.666666667,0.714285714,0.2,1,0,0
0,0.246575342,0.064888727,0.533333333,0,0,0.142857143,0.75,0.733333333,0,0.214285714,0.6,0,1,0.951219512
0,0.246575342,0.010231274,0.533333333,0,0,0.5,0.5,0.733333333,0.333333333,0.857142857,0,1,1,0.951219512
1,0.397260274,0.175590533,0.533333333,0,0,0.397959184,0.5,0.733333333,0.333333333,0.5,0,1,1,0.951219512
0,0.328767123,0.071520822,0.4,0,0,0.397959184,0.5,0.066666667,0.666666667,0.5,0.2,0.5,1,0.951219512
1,0.424657534,0.012373868,0.666666667,0,0,0.704081633,0.625,0.533333333,0.333333333,0.214285714,0,1,1,0.951219512
0,0.150684932,0.088827324,0.533333333,0,0,0.397959184,0.5,0.733333333,0.5,0.571428571,0.2,0.25,0,0.853658537
0,0.301369863,0.099228409,0.6,0,0,0.397959184,0.5,1,0.666666667,0.571428571,0.8,0.5,0,0.951219512
0,0.164383562,0.136259357,0.6,0,0,0.448979592,0.5,1,0.666666667,0.214285714,0.6,1,1,0.951219512
0,0.164383562,0.12220903,0.666666667,0,0,0.397959184,0.5,0.533333333,0,0.071428571,0.2,1,0,0.951219512
0,0.178082192,0.159729791,0.533333333,0,0,0.397959184,0.5,0.733333333,0,0.571428571,0.8,1,0,0.951219512
0,0.397260274,0.096896385,0.8,0,0,0.316326531,0.5,0.6,0.833333333,0.714285714,0.8,0.5,0,0.56097561
0,0.698630137,0.143461774,0.666666667,0,0,0.397959184,0.5,0.533333333,1,0.285714286,0.2,1,0,0.951219512
0,0.136986301,0.233448006,0.533333333,0.02202022,0,0.397959184,0.5,0.733333333,0.666666667,0.071428571,0.2,1,0,0.951219512
1,0.301369863,0.110959567,0.533333333,0,0.433195592,0.397959184,0.5,0.733333333,0.333333333,1,0,0.5,1,0.951219512
0,0.136986301,0.061483038,0.4,0,0,0.397959184,0.5,0.066666667,0.333333333,0.214285714,0,1,1,0.951219512
0,0.04109589,0.221858245,0.533333333,0,0,0.397959184,0.125,0.733333333,0.666666667,0.071428571,0.6,1,0,0.951219512
0,0.520547945,0.115887465,0.6,0,0,0.37755102,0.5,1,0.333333333,0.214285714,0,1,1,0.951219512
1,0.561643836,0.111684815,0.533333333,0,0,0.397959184,0.5,0.733333333,0.333333333,0.214285714,0,1,1,0.951219512
0,0.068493151,0.147156344,0.6,0,0,0.448979592,0,1,0.666666667,0,0.4,1,1,0
0,0.643835616,0.129014995,0.533333333,0.031370314,0,0.397959184,0.25,0.733333333,0.333333333,0.214285714,0,1,1,0.951219512
0,0.191780822,0.197255288,0.533333333,0,0,0.5,0.5,0.733333333,0.333333333,1,0,1,1,0.951219512
0,0.493150685,0.079735339,0.533333333,0,0,0.479591837,0.5,0.733333333,0.333333333,0.5,0,1,1,0.951219512
0,0.178082192,0.184092577,0.533333333,0,0,0.5,0.5,0.733333333,0.333333333,0.214285714,0,1,1,0.951219512
0,0.438356164,0.113825379,0.866666667,0,0,0.397959184,0.5,0.8,0.5,0.714285714,0.2,1,1,0.951219512
1,0.643835616,0.023884474,0.6,0.150241502,0,0.5,0.5,1,0.333333333,0.285714286,0,1,1,0.951219512
1,0.191780822,0.040999516,0.8,0,0,0.469387755,0.5,0.6,0.333333333,0.714285714,0,0.25,1,0.951219512
1,0.328767123,0.039071385,0.6,0,0.689623508,0.602040816,0.5,1,0.666666667,0.214285714,0.8,1,1,0
0,0.205479452,0.083226948,0.533333333,0.039420394,0,0.316326531,0.75,0.733333333,0.333333333,0.214285714,0,1,1,0.951219512
0,0.02739726,0.103524421,0.6,0,0,0.397959184,0.5,1,0.666666667,0.928571429,0.4,0.25,1,0.975609756
0,0.602739726,0.145579336,0.533333333,0,0,0.397959184,0.5,0.733333333,0,0.071428571,0.8,0.5,0,0.951219512
1,0.205479452,0.082843351,0.8,1,0,0.5,0.5,0.6,0.333333333,0.714285714,0,1,1,0.951219512
1,0.191780822,0.078021669,0.8,0,0,0.5,0.5,0.6,0.333333333,0.285714286,1,1,0,0.951219512
0,0.109589041,0.006215349,0.6,0,0,0.214285714,0.75,1,0.666666667,0.571428571,0.2,1,0,0.951219512
0,0.068493151,0.02149968,0.4,0,0,0.346938776,0.25,0.066666667,0.666666667,0.428571429,0.6,1,1,0.951219512
0,0.219178082,0.198918217,0.866666667,0,0,0.5,0.875,0.8,0.666666667,0.714285714,0.2,1,1,0.951219512
1,0.534246575,0.141133132,0.533333333,0,0,0.397959184,0.625,0.733333333,0.333333333,0.285714286,0,1,1,0.951219512
1,0.452054795,0.279761047,0.8,0,0,0.397959184,0.25,0.6,0,0.285714286,0.2,1,0,0.951219512
0,0.684931507,0.160175629,0.6,0.067670677,0,0.397959184,0.5,1,0.333333333,0.857142857,0,1,1,0.951219512
1,0.301369863,0.086203036,0.6,0,0,0.479591837,0.75,1,0.666666667,0.714285714,0.2,0.5,0,0.951219512
0,0.260273973,0.041091525,0.533333333,0,0,0.704081633,0.5,0.733333333,0.333333333,1,0,1,1,0.951219512
1,0.561643836,0.109990765,0.533333333,0,0,0.551020408,0.625,0.733333333,0.333333333,0.857142857,0,1,1,0.951219512
0,0.315068493,0.152927208,0.8,0,0,0.448979592,0.5,0.6,0.666666667,0.857142857,0.2,1,0,0.951219512
0,0.328767123,0.07681811,0.533333333,0,0.470844812,0.602040816,0.5,0.733333333,0.333333333,0.214285714,0,1,1,0.951219512
0,0.232876712,0.097080403,0.533333333,0.040640406,0,0.5,0.25,0.733333333,0.333333333,0.785714286,0,1,1,0.951219512
0,0.01369863,0.11484695,0.4,0,0,0.183673469,0.5,0.066666667,0.666666667,0.571428571,0.6,1,0,0.951219512
0,0.452054795,0.262306383,0.6,0,0,0.602040816,0.5,1,0.333333333,0.857142857,0,1,1,0.951219512
1,0.547945205,0.086884985,0.8,0,0,0.397959184,0.125,0.6,0.333333333,0.714285714,0,1,1,0.951219512
0,0.164383562,0.078347084,0.533333333,0,0,0.397959184,0.25,0.733333333,0.666666667,1,0.8,1,0,0.951219512
0,0.630136986,0.068821438,0.4,0,0,0.397959184,0.5,0.066666667,0,0.571428571,0.2,1,0,0.951219512
0,0.630136986,0.028797489,0.533333333,0,0,0.397959184,0,0.733333333,0.333333333,0,0,1,1,0.951219512
0,0.397260274,0.066223535,0.533333333,0,0,0.397959184,0.5,0.733333333,0.333333333,0.214285714,0,1,1,0.536585366
0,0.328767123,0.041875632,0.533333333,0,0,0.397959184,0.5,0.733333333,0,0.214285714,0.2,1,1,0.951219512
0,0.684931507,0.013286517,0.6,0.029640296,0,0.408163265,0.25,1,1,0.571428571,0.2,1,0,0.951219512
0,0.301369863,0.233329612,0.733333333,0,0,0.591836735,0.25,0.466666667,0,0.714285714,0.2,1,1,0.951219512
0,0.136986301,0.07622411,0.533333333,0,0.454545455,0.397959184,0.5,0.733333333,0.666666667,0.571428571,0.2,1,1,0.951219512
1,0.547945205,0.272447678,0.6,0,0,0.397959184,0.125,1,0.333333333,0.285714286,0,1,1,0.951219512
0,0.068493151,0.026267239,0.6,0,0,0.397959184,0.5,1,0.666666667,0.857142857,0.2,1,0,0.951219512
0,0.01369863,0.118139658,0.533333333,0.010550106,0,0.295918367,0.5,0.733333333,0.666666667,0.857142857,0.4,1,0,0.951219512
0,0.602739726,0.12785744,0.6,0,0,0.397959184,0.75,1,1,0.5,0.2,1,0,0.951219512
1,0.465753425,0.168223041,0.6,0,0,0.5,0.625,1,0.333333333,0.285714286,0,1,1,0.951219512
0,0.273972603,0.041883751,0.666666667,0,0,0.448979592,0.25,0.533333333,0.333333333,0.285714286,0,1,1,0.951219512
0,0.301369863,0.148064258,0.533333333,0.028290283,0,0.397959184,0.5,0.733333333,0.333333333,0.5,0,1,1,0.951219512
0,0.02739726,0.302387162,0.533333333,0,0,0.295918367,0.5,0.733333333,0.666666667,0.428571429,0.2,1,1,0.951219512
0,0.219178082,0.112425623,0.533333333,0,0,0.397959184,0.5,0.733333333,0.333333333,0.214285714,0,1,1,0.951219512
1,0.616438356,0.101845932,0.533333333,0,0,0.397959184,0.5,0.733333333,0.333333333,0.5,0,1,1,0.951219512
1,0.643835616,0.072158797,0.6,0,0,0.397959184,0.5,1,0.333333333,0.285714286,1,1,0,0.951219512
0,0.150684932,0.102755875,0.666666667,0,0,0.397959184,0.5,0.533333333,0.333333333,0.071428571,1,0.25,0,0.463414634
1,0.424657534,0.063271802,0.266666667,0,0,0.397959184,0.5,0.4,1,1,0.8,1,1,0.951219512
1,0.178082192,0.087281436,0.8,0,0,0.397959184,0.875,0.6,0.333333333,0.714285714,0,0.25,1,0.463414634
0,0.150684932,0.088056748,0.8,0,0,0.5,0.625,0.6,0.333333333,0.285714286,0,1,1,0.951219512
0,0.465753425,0.075193067,0.533333333,0,0,0.397959184,0,0.733333333,0.333333333,0,0,1,1,0.951219512
0,0.136986301,0.167480203,0.8,0,0,0.448979592,0.5,0.6,0.333333333,0.071428571,0,1,1,0.951219512
0,0.082191781,0.223753903,0.333333333,0,0,0.397959184,0.5,0,0.666666667,0.571428571,0.2,1,0,0.951219512
1,0.191780822,0.110884471,0.866666667,0,0,0.602040816,0.5,0.8,0.333333333,0.285714286,0,1,1,0.243902439
0,0.287671233,0.2338634,0.266666667,0,0,0.397959184,0.75,0.4,0,0.214285714,0.2,1,1,0.951219512
1,0.493150685,0.059416216,0.866666667,0,0.453856749,0.397959184,0.75,0.8,0.333333333,0.285714286,0,1,1,0.951219512
0,0.082191781,0.165070377,0.2,0,0,0.295918367,0.5,0.333333333,0.333333333,0.428571429,0.4,0.75,0,0.195121951
0,0.178082192,0.214557054,0.6,0,0,0.397959184,0.5,1,0.333333333,0.5,0,1,1,0.951219512
0,0.397260274,0.092720796,0.6,0,0,0.551020408,0.75,1,0.333333333,0.214285714,0,1,1,0.951219512
0,0.068493151,0.118236402,0.4,0,0,0.295918367,0.5,0.066666667,0.666666667,0.857142857,0.8,1,0,0.951219512
0,0.164383562,0.1167169,0.733333333,0,0,0.193877551,0.5,0.466666667,0.666666667,0.571428571,0.6,1,1,0.951219512
0,0.01369863,0.134748649,0.533333333,0,0,0.295918367,0,0.733333333,0.666666667,0,0.6,1,1,0.951219512
0,0.123287671,0.035182648,0.533333333,0,0,0.397959184,0.5,0.733333333,0.666666667,0.357142857,0.6,1,1,0.951219512
0,0.02739726,0.024428411,0.6,0,0,0.316326531,0,1,0.666666667,0,0.6,1,1,0.951219512
0,0.273972603,0.110569881,0.333333333,0,0,0.397959184,0.5,0,0.666666667,0.428571429,0.2,1,1,0.951219512
1,0.479452055,0.272476769,0.6,0,0,0.653061224,0.625,1,0,0.285714286,0.2,1,1,0.951219512
0,0.136986301,0.173843713,0.533333333,0.034640346,0,0.448979592,0.5,0.733333333,0.333333333,0.071428571,0,1,1,0.951219512
1,0.616438356,0.103057611,1,0.150241502,0,0.448979592,0.625,0.666666667,0.333333333,0.714285714,0,1,1,0.951219512
1,0.684931507,0.115074267,0.8,0.093860939,0,0.602040816,0,0.6,0.333333333,0,0,1,1,0.951219512
0,0.301369863,0.096309151,0.533333333,0,0,0.602040816,0.625,0.733333333,0,0.214285714,0.8,1,1,0.951219512
1,0.643835616,0.16937789,0.533333333,0,0,0.5,0.5,0.733333333,0.333333333,0.857142857,0,1,1,0.951219512
0,0.520547945,0.060734787,0.466666667,0,0,0.295918367,0,0.133333333,1,0,0.2,1,1,0.951219512
0,0.616438356,0.10804978,0.333333333,0.028290283,0,0.397959184,0.125,0,0.333333333,0.428571429,0,0.5,1,0.951219512
1,0.287671233,0.069783474,0.733333333,0.076880769,0,0.326530612,0.125,0.466666667,0.333333333,0.071428571,1,1,0,0.951219512
0,0.315068493,0.026294301,0.666666667,0,0,0.397959184,0.5,0.533333333,0.333333333,0.214285714,0,1,1,0.951219512
0,0.260273973,0.198270771,0.333333333,0,0,0.397959184,0.5,0,0,0.214285714,0.4,0.5,1,0.951219512
0,0.301369863,0.120546101,0.533333333,0.021740217,0,0.397959184,0.5,0.733333333,0,0.214285714,0.6,1,1,0.951219512
0,0.150684932,0.114093288,0.533333333,0,0,0.397959184,0.75,0.733333333,0.666666667,0.285714286,0.6,1,1,0.951219512
0,0.232876712,0.155332975,0.533333333,0,0,0.448979592,0.5,0.733333333,0.333333333,1,0,1,1,0.951219512
0,0.287671233,0.066518505,0.533333333,0,0,0.316326531,0.5,0.733333333,0,0.571428571,0.2,1,1,0.951219512
0,0.315068493,0.126771598,0.533333333,0,0,0.244897959,0.5,0.733333333,0,0.857142857,0.6,1,0,0.951219512
0,0.068493151,0.139405933,0.533333333,0,0,0.397959184,0.5,0.733333333,0.666666667,0.571428571,0.6,1,0,0.951219512
0,0.219178082,0.024290397,0.8,0,0,0.5,0.75,0.6,0.333333333,0.857142857,0,1,1,0.951219512
0,0.369863014,0.058061112,0.6,0,0,0.397959184,0.75,1,0,0.285714286,0.2,1,0,0.951219512
0,0.150684932,0.039069355,0.2,0,0,0.397959184,0.5,0.333333333,0.666666667,0.071428571,0.6,1,1,0.780487805
0,0,0.059136129,0.333333333,0,0,0.142857143,0,0,0.666666667,0,0.6,1,0,0.951219512
0,0.876712329,0.075551632,0.8,0,0.38292011,0.020408163,0.75,0.6,1,0.714285714,0.2,1,0,0.43902439
0,0.109589041,0.110333093,0.6,0,0,0.397959184,0.5,1,0,0.5,0.6,1,0,0.951219512
0,0.191780822,0.045909824,0.6,0,0,0.397959184,0.75,1,0.333333333,0.214285714,0,1,1,0.951219512
0,0.150684932,0.120435825,0.733333333,0,0,0.397959184,0,0.466666667,0.666666667,0,0.4,1,1,0.951219512
0,0.301369863,0.012545032,0.533333333,0,0,0.397959184,0.5,0.733333333,0,0.428571429,0.2,1,1,0.951219512
0,0.219178082,0.041112498,0.533333333,0,0,0.397959184,0.5,0.733333333,0,0.857142857,0.8,1,0,0.951219512
0,0.205479452,0.279637917,0.533333333,0,0,0.551020408,0.5,0.733333333,0.333333333,1,0,1,1,0.951219512
1,0.452054795,0.090871143,0.933333333,0,0,0.397959184,0.75,0.933333333,0.333333333,0.714285714,0,1,1,0.951219512
0,0.465753425,0.063363135,0.533333333,0.039080391,0,0.397959184,0.875,0.733333333,0.333333333,0.071428571,1,1,0,0.951219512
0,0.397260274,0.058486654,0.8,0,0,0.5,0.5,0.6,0.833333333,0.714285714,0.8,1,0,0.951219512
0,0.547945205,0.160959059,0.533333333,0,0,0.5,0.5,0.733333333,1,1,0.8,1,1,0.951219512
0,0,0.107688509,0.333333333,0,0,0.132653061,0.5,0,0.666666667,0.857142857,0.6,1,0,0.951219512
1,0.438356164,0.111372931,0.533333333,0,0,0.397959184,0.5,0.733333333,0.333333333,0.5,0,1,1,0.951219512
1,0.424657534,0.072515332,0.666666667,0,0,0.56122449,0.5,0.533333333,0.333333333,0.571428571,0,0.25,1,0.731707317
0,0.410958904,0.041958846,0.8,0,0,0.397959184,0.5,0.6,0,0.214285714,0.2,1,1,0.951219512
0,0.01369863,0.124277204,0.533333333,0,0,0.397959184,0,0.733333333,1,0,0.6,1,1,0.951219512
0,0.616438356,0.133656042,0.6,0,0,0.295918367,0.5,1,0,0.071428571,0.8,1,0,0.951219512
1,0.273972603,0.018133907,0.6,0.03103031,0,0.5,0.625,1,0.333333333,0.285714286,0,1,1,0.951219512
0,0.410958904,0.117735088,0.8,0,0,0.5,0.5,0.6,0.666666667,0.285714286,0.2,1,0,0.951219512
0,0.191780822,0.267668618,0.2,0,0,0.397959184,0.5,0.333333333,0.333333333,0.428571429,0,1,1,0.951219512
0,0.068493151,0.148026371,0.6,0,0,0.295918367,0.5,1,0.666666667,0.571428571,0.6,1,1,0.951219512
1,0.191780822,0.163161188,0.6,0,0,0.397959184,0.25,1,0.333333333,0.785714286,0,1,1,0.951219512
0,0.068493151,0.139932955,0.6,0,0,0.397959184,0,1,0.666666667,0,0.6,1,1,0.951219512
0,0.082191781,0.17879732,0.6,0,0,0.397959184,0.5,1,0.666666667,0.857142857,0.6,1,0,0.951219512
0,0.136986301,0.181592095,0.6,0,0,0.397959184,0,1,0.666666667,0,0.8,1,0,0.951219512
0,0,0.071166317,0.333333333,0,0,0.397959184,0.5,0,0.666666667,0.571428571,0.6,1,1,0.951219512
0,0.02739726,0.085788995,0.6,0,0,0.346938776,0.875,1,0.666666667,0.571428571,0.6,0.5,1,0.951219512
0,0.01369863,0.029343454,0.333333333,0,0,0.244897959,0.25,0,0.666666667,0.571428571,0.6,1,1,0.951219512
1,0.602739726,0.012306214,0.2,0,0,0.397959184,0,0.333333333,0.333333333,0,0,1,1,0.951219512
0,0.287671233,0.110163959,0.533333333,0,0,0.397959184,0.5,0.733333333,0,0.214285714,0.2,1,1,0.951219512
1,0.301369863,0.064282549,0.533333333,0,0,0.448979592,0.5,0.733333333,0.333333333,0.714285714,0,1,1,0
1,0.465753425,0.160582228,0.6,0,0,0.479591837,0.5,1,0,0.214285714,0.2,1,1,0.951219512
1,0.506849315,0.140563488,0.8,0,0.436639118,0.397959184,0.25,0.6,0.333333333,0.714285714,0,1,1,0.951219512
0,0.04109589,0.084577316,0.533333333,0,0,0.346938776,0,0.733333333,0.666666667,0,0.4,1,0,0.951219512
0,0.068493151,0.019993032,0.6,0,0,0.244897959,0.5,1,0.666666667,1,0.6,1,1,0.951219512
0,0.561643836,0.238970581,0.6,0,0,0.397959184,0.5,1,0,0.5,0.2,0.75,1,0.634146341
0,0.054794521,0.035689375,0.533333333,0,0,0.397959184,0.5,0.733333333,0.666666667,0.5,0.6,1,1,0.951219512
0,0.178082192,0.126089648,0.533333333,0,0,0.397959184,0.5,0.733333333,0.333333333,0.428571429,0,1,1,0.951219512
1,0.369863014,0.129540665,0.6,0,0,0.448979592,0.5,1,0.333333333,0.285714286,0,1,1,0.951219512
1,0.178082192,0.067703122,0.8,0,0,0.602040816,0.5,0.6,0.333333333,0.571428571,0,1,1,0.951219512
0,0.095890411,0.121552789,0.6,0,0,0.397959184,0.5,1,0.666666667,0.5,0.2,1,1,0.951219512
1,0.410958904,0.124275175,0.533333333,0,0,0.397959184,0.5,0.733333333,0.333333333,0.214285714,0,1,1,0.951219512
1,0.246575342,0.051369481,0.8,0,0,0.397959184,0.875,0.6,0.333333333,0.714285714,1,0.25,0,0.731707317
0,0.191780822,0.009248266,0.266666667,0,0,0.346938776,0.5,0.4,0.666666667,0.214285714,0.6,0,1,0.951219512
0,0.739726027,0.0702787,0.6,0,0,0.132653061,0,1,1,0,0.2,1,0,0.048780488
0,0.383561644,0.104778045,0.8,0,0,0.397959184,0.5,0.6,0.333333333,0.214285714,0,1,1,0.951219512
0,0.150684932,0.013961701,0.666666667,0,0,0.602040816,0.625,0.533333333,0.666666667,0.857142857,0.2,1,1,0.951219512
0,0.561643836,0.120596841,0.533333333,0,0,0.469387755,0.625,0.733333333,0.666666667,0.857142857,0.2,1,1,0.951219512
0,0.273972603,0.217424896,0.6,0,0,0.397959184,0.25,1,0.833333333,0.071428571,0.2,1,0,0.951219512
0,0.054794521,0.154100324,0.533333333,0,0,0.479591837,0.5,0.733333333,0.666666667,1,0.6,1,1,0.951219512
0,0.739726027,0.04499041,0.2,0,0.493342516,0.234693878,0,0.333333333,0.333333333,0,0,1,1,0.951219512
0,0.191780822,0.125948928,0.8,0,0,0.397959184,0.5,0.6,0.666666667,0.071428571,0.6,1,0,0.951219512
0,0.287671233,0.05383343,0.533333333,0,0,0.43877551,0.5,0.733333333,0.333333333,0.214285714,0,1,1,0.951219512
1,0.452054795,0.098780541,0.933333333,1,0,0.806122449,0.625,0.933333333,0.333333333,0.714285714,0,1,1,0.951219512
1,0.671232877,0.078700913,0.333333333,0,0,0.142857143,0,0,0.333333333,0,0,1,1,0.951219512
0,0.178082192,0.102769406,0.933333333,0,0,0.397959184,0.75,0.933333333,0.666666667,0.714285714,0.6,1,1,0.951219512
1,0.479452055,0.103351228,0.533333333,0,0,0.479591837,0.125,0.733333333,0.666666667,0.071428571,0.2,1,1,0.951219512
0,0.410958904,0.19321839,0.333333333,0,0,0.397959184,0.5,0,1,0.5,0.2,1,1,0.951219512
0,0.410958904,0.158719721,0.8,0,0,0.397959184,0.25,0.6,0.333333333,0.785714286,0,1,1,0.951219512
0,0.082191781,0.157684619,0.6,0,0,0.346938776,0.5,1,0.666666667,0.357142857,0.6,1,1,0.951219512
1,0.342465753,0.075469771,0.8,0,0,0.602040816,0.5,0.6,0.333333333,0.857142857,0,1,1,0.951219512
0,0.109589041,0.075654465,0.8,0,0,0.397959184,0.5,0.6,0.666666667,0.071428571,0.6,1,0,0.951219512
0,0.424657534,0.070880141,0.133333333,0,0,1,0,0.266666667,0,0,0.2,1,1,0.951219512
0,0.287671233,0.06971785,0.533333333,0,0,0.704081633,0.5,0.733333333,0,0.571428571,0.8,1,0,0.951219512
0,0.205479452,0.096518201,0.933333333,0,0,0.397959184,0.5,0.933333333,0.666666667,0.714285714,0.2,1,1,0.951219512
1,0.410958904,0.311007601,0.866666667,0,0,0.397959184,0.125,0.8,0.333333333,0.285714286,0,0.5,1,0.951219512
0,0.082191781,0.082646479,0.533333333,0,0,0.540816327,0.5,0.733333333,0.833333333,0.5,0.8,0.5,1,0.951219512
0,0.109589041,0.102032656,0.8,0,0,0.448979592,0.25,0.6,0.666666667,0.714285714,0.2,1,1,0.951219512
0,0.301369863,0.086230097,0.533333333,0,0,0.193877551,0.5,0.733333333,0.833333333,0.071428571,0.2,1,0,0.951219512
1,0.424657534,0.101414301,0.8,0,0,0.479591837,0.5,0.6,0.333333333,0.285714286,0,1,1,0.951219512
0,0.287671233,0.103946581,0.533333333,0,0,0.397959184,0.5,0.733333333,0.333333333,0.214285714,0,1,1,0.951219512
0,0.410958904,0.091357574,0.533333333,0,0,0.397959184,0.5,0.733333333,0.333333333,0.5,1,1,0,0.097560976
0,0.301369863,0.113114338,0.8,0,0,0.397959184,0.5,0.6,0.333333333,0.857142857,0,1,1,0.951219512
1,0.493150685,0.082922506,0.666666667,0,0,0.397959184,0.625,0.533333333,0.333333333,0.285714286,0,1,1,0.292682927
0,0.082191781,0.133048511,0.6,0,0,0.316326531,0.5,1,0.666666667,0.071428571,0.6,1,1,0.951219512
0,0.219178082,0.210124381,0.533333333,0,0,0.5,0.5,0.733333333,0,0.857142857,0.2,1,0,0.951219512
0,0.095890411,0.133781201,0.533333333,0,0.459366391,0.367346939,0.5,0.733333333,0.666666667,0.071428571,0.2,1,0,0.951219512
0,0.205479452,0.069309898,0.8,0,0,0.346938776,0.25,0.6,0,0.714285714,0.8,1,0,0.951219512
0,0.479452055,0.150191967,0.6,0,0,0.846938776,0.5,1,0,1,0.2,1,1,0.951219512
0,0.191780822,0.203219641,0.266666667,0,0,0.397959184,0.5,0.4,0.333333333,0.214285714,0,1,1,0.951219512
0,0.246575342,0.01536484,0.6,0,0,0.295918367,0.5,1,0.666666667,0.571428571,0.2,1,0,0.951219512
0,0.383561644,0.075050994,0.133333333,0,0,0.397959184,0.5,0.266666667,0.666666667,0.5,0.2,1,1,0.951219512
0,0.684931507,0.117813567,0.8,0,0,0.448979592,0.5,0.6,0.333333333,0.285714286,0,1,1,0.951219512
1,0.410958904,0.133123607,0.6,0,0,0.397959184,0.5,1,0,0.214285714,0.8,1,1,0.951219512
0,0.123287671,0.113311211,0.8,0,0,0.448979592,0.5,0.6,0.666666667,0.285714286,0.2,1,0,0.951219512
0,0.287671233,0.018966048,0.6,0,0,0.418367347,0.5,1,0,0.285714286,0.2,1,0,0.951219512
0,0.246575342,0.117548364,0.666666667,0,0,0.397959184,0.5,0.533333333,0.666666667,0.928571429,0.2,1,1,0.951219512
0,0.287671233,0.177965179,0.8,0.011510115,0,0.397959184,0.5,0.6,0,0.857142857,0.8,1,0,0.951219512
0,0.753424658,0.085585357,0.533333333,0,0,0.295918367,0.5,0.733333333,0.333333333,0.071428571,0,1,1,0.951219512
0,0.082191781,0.14566458,0.466666667,0,0,0.397959184,0.5,0.133333333,0.666666667,0.5,0.6,1,0,0.951219512
0,0.534246575,0.062013443,0.4,0,0,0.397959184,0.5,0.066666667,0.333333333,1,0,1,1,0.951219512
0,0.068493151,0.139878832,0.333333333,0,0,0.397959184,0.5,0,0.666666667,0.5,0.8,1,1,0.951219512
0,0.260273973,0.230684351,0.8,0,0,0.397959184,0.5,0.6,0,0.071428571,0.8,1,0,0.951219512
1,0.630136986,0.012534884,0.866666667,0,0,0.5,0.5,0.8,0.333333333,0.714285714,0,1,1,0.951219512
0,0.095890411,0.14327302,0.533333333,0,0,0.397959184,0.5,0.733333333,0.333333333,0.5,0,1,1,0.951219512
1,0.219178082,0.123546544,0.8,0,0,0.397959184,0.25,0.6,0.333333333,0.714285714,0,1,1,0.951219512
1,0.342465753,0.027397056,0.866666667,0,0.436639118,0.397959184,0.125,0.8,0.333333333,0.714285714,0,1,1,0.951219512
0,0.164383562,0.091939396,0.533333333,0,0,0.397959184,0.25,0.733333333,0.333333333,1,0,0.5,1,0.951219512
0,0.273972603,0.12758006,0.6,0,0,0.397959184,0.5,1,1,0.214285714,0.8,1,1,0.951219512
0,0.397260274,0.106762329,0.866666667,0,0,0.428571429,0.25,0.8,0.666666667,0.714285714,0.2,1,0,0.951219512
0,0.150684932,0.185108736,0.8,0,0,0.397959184,0.5,0.6,0.333333333,0.285714286,0,1,1,0.951219512
0,0.260273973,0.186564645,0.533333333,0,0,0.448979592,0.5,0.733333333,0.333333333,0.285714286,0,1,1,0.951219512
0,0.246575342,0.133510586,0.8,0,0,0.397959184,0.5,0.6,0.666666667,0.714285714,0.2,1,1,0.951219512
0,0.397260274,0.173707729,0.4,0,0,0.397959184,0.5,0.066666667,1,0.5,0.2,0.5,1,0.951219512
0,0.493150685,0.201054045,0.533333333,0,0,0.397959184,0.5,0.733333333,0,0.214285714,0.2,1,1,0.951219512
0,0.123287671,0.124285999,0.8,0,0,0.397959184,0.5,0.6,0.833333333,0.857142857,0.2,1,0,0.951219512
1,0.260273973,0.075567869,0.8,0,0,0.551020408,0.5,0.6,0.333333333,0.714285714,0,0.25,1,0.585365854
0,0.246575342,0.118078769,0.8,0,0,0.479591837,0.5,0.6,0.333333333,0.928571429,0,1,1,0.951219512
0,0.054794521,0.081921907,0.533333333,0,0,0.479591837,0.5,0.733333333,0,0.857142857,0.8,1,0,0.951219512
0,0.04109589,0.085570473,0.533333333,0,0,0.295918367,0.5,0.733333333,0.666666667,1,0.6,1,1,0.951219512
0,0.684931507,0.121448602,0.8,0.063600636,0,0.346938776,0.25,0.6,0,0.071428571,0.8,0.5,0,0.951219512
0,0.383561644,0.118856787,0.666666667,0,0,0.37755102,0.5,0.533333333,0.666666667,0.857142857,0.2,1,0,0.951219512
1,0.452054795,0.055073523,0.533333333,0,0,0.397959184,0.5,0.733333333,0.333333333,1,0,1,1,0.951219512
0,0.520547945,0.327954185,0.6,0,0,0.56122449,0.5,1,0,0.928571429,0.8,0.5,0,0.951219512
1,0.383561644,0.191298377,0.533333333,0,0,0.602040816,0.5,0.733333333,0.333333333,0.857142857,0,1,1,0.951219512
0,0.849315068,0.108202001,0.2,0.029640296,0,0.295918367,0.5,0.333333333,1,0.642857143,0.2,1,0,0.951219512
0,0.150684932,0.038127615,0.533333333,0,0,0.459183673,0.5,0.733333333,0.666666667,0.571428571,0.2,1,0,0.951219512
1,0.342465753,0.128024545,0.866666667,0,0.436639118,0.428571429,0.125,0.8,0.333333333,0.285714286,0,1,1,0.951219512
0,0.01369863,0.119883771,0.6,0,0,0.346938776,0.5,1,0.666666667,0.857142857,0.6,1,0,0.951219512
1,0.246575342,0.114918663,0.8,0,0,0.602040816,0.625,0.6,0.333333333,0.285714286,0,1,1,0.951219512
1,0.273972603,0.273024765,0.8,0,0,0.397959184,0.75,0.6,0.333333333,0.714285714,0,1,1,0.951219512
0,0.109589041,0.069047402,0.266666667,0.009140091,0,0.397959184,0.5,0.4,0.666666667,0.214285714,0.8,1,1,0.951219512
1,0.123287671,0.131263129,0.533333333,0,0,0.397959184,0.5,0.733333333,0.333333333,0.214285714,0,1,1,0.951219512
0,0.191780822,0.110453517,0.533333333,0,0,0.346938776,0.5,0.733333333,0.666666667,0.571428571,0.2,0.75,0,0.951219512
0,0.082191781,0.171211983,0.8,0,0,0.397959184,0.5,0.6,0.666666667,0.285714286,0.8,1,1,0.951219512
0,0.109589041,0.104691448,0.6,0,0,0.244897959,0.5,1,0.666666667,0.571428571,0.4,0.75,0,0.170731707
0,0.301369863,0.091314275,0.333333333,0,0,0.397959184,0.5,0,0.333333333,0.214285714,0,1,1,0.951219512
0,0.02739726,0.021204034,0.533333333,0,0,0.091836735,1,0.733333333,0.666666667,0.571428571,0.6,1,1,0.951219512
0,0.205479452,0.16622049,0.666666667,0,0,0.397959184,0.5,0.533333333,1,0.928571429,0.8,0.5,0,0.951219512
1,0.246575342,0.093207903,0.6,0,0,0.397959184,0.5,1,0.333333333,0.285714286,0,1,1,0.951219512
0,0.287671233,0.082774344,0.533333333,0,0,0.448979592,0.5,0.733333333,0.333333333,0.857142857,0,1,1,0.951219512
0,0.589041096,0.081349557,0.533333333,0,0,0.397959184,0.5,0.733333333,0.333333333,0.214285714,0,1,1,0.951219512
0,0,0.028883409,0.2,0,0,0.142857143,0,0.333333333,0.666666667,0,0.6,1,0,0.951219512
0,0.328767123,0.058837776,0.866666667,0,0,0.295918367,0.5,0.8,0,0.571428571,0.8,0.5,0,0.951219512
1,0.438356164,0.010747472,0.533333333,0.047870479,0,0.397959184,0.5,0.733333333,0,0.928571429,0.2,1,1,0.951219512
0,0.534246575,0.054887475,0.533333333,0,0,0.397959184,0.875,0.733333333,1,0.071428571,0.8,0.25,0,0.951219512
0,0.287671233,0.02704661,0.8,0,0,0.397959184,0.5,0.6,0.666666667,0.928571429,0.2,1,1,0.951219512
0,0.150684932,0.329281551,0.533333333,0,0,0.397959184,0.5,0.733333333,0.666666667,0.214285714,0.8,1,1,0.634146341
0,0.342465753,0.120846484,0.533333333,0,0,0.448979592,0.5,0.733333333,0.333333333,0.214285714,0,1,1,0.951219512
0,0.561643836,0.097819182,0.4,0,0,0.346938776,0.5,0.066666667,0.333333333,0.785714286,0,1,1,0.951219512
0,0.150684932,0.053455922,0.666666667,0,0,0.448979592,0.5,0.533333333,0.666666667,0.071428571,0.2,0.25,0,0.951219512
0,0.493150685,0.03815603,0.533333333,0,0,0.397959184,0.5,0.733333333,0.333333333,1,0,1,1,0.951219512
0,0.753424658,0.098643881,0.8,0,0,0.295918367,0.5,0.6,0,0.857142857,0.2,1,1,0.951219512
0,0.260273973,0.019758273,0.6,0,0,0.397959184,0.5,1,0,0.071428571,0.8,1,0,0.951219512
0,0.630136986,0.141252203,0.8,0,0,0.489795918,0.5,0.6,0.333333333,0.214285714,0,1,1,0
0,0.054794521,0.075743092,0.6,0,0,0.397959184,0,1,0.666666667,0,0.6,1,0,0.951219512
0,0.342465753,0.027443061,0.6,0,0,0.397959184,0.5,1,0.333333333,0.5,0,1,1,0.951219512
0,0.246575342,0.028611441,0.533333333,0,0,0.397959184,0.5,0.733333333,0.333333333,0.5,0,1,1,0.951219512
0,0.04109589,0.11097648,0.6,0,0,0.397959184,0.75,1,0.666666667,0.5,0.2,1,0,0.951219512
1,0.260273973,0.196806067,0.6,0,0,0.43877551,0.5,1,0.333333333,0.5,0,0.25,1,0
0,0.02739726,0.193899663,0.4,0,0,0.397959184,0.5,0.066666667,0.666666667,0.857142857,0.2,1,0,0.390243902
0,0.150684932,0.123965321,0.666666667,0,0,0.397959184,0.5,0.533333333,0.666666667,0.071428571,0.4,1,1,0.512195122
1,0.465753425,0.103318077,0.866666667,0.252362524,0,0.5,0.75,0.8,0,0.285714286,0.8,1,1,0.951219512
0,0.547945205,0.171775538,0.533333333,0,0,0.418367347,0.5,0.733333333,0,0.071428571,0.8,1,0,0.951219512
0,0.164383562,0.124368537,0.933333333,0.021740217,0,0.724489796,0.5,0.933333333,0,0.714285714,0.6,1,0,0.951219512
0,0.01369863,0.020301533,0.333333333,0,0,0.295918367,0,0,0.666666667,0,0.6,1,0,0.951219512
0,0.616438356,0.128513005,0.533333333,0,0,0.479591837,0.5,0.733333333,0.333333333,0.5,0,1,1,0.951219512
0,0.178082192,0.198968281,0.6,0,0,0.5,0.5,1,0,0.428571429,0.2,1,1,0.951219512
0,0.178082192,0.031331798,0.533333333,0,0,0.43877551,0.5,0.733333333,0.666666667,0.5,0.6,1,1,0.951219512
1,0.438356164,0.063373959,0.6,0,0,0.408163265,0.125,1,0.333333333,0.071428571,0,1,1,0.951219512
0,0.164383562,0.13694266,0.533333333,0,0.453168044,0.346938776,0.5,0.733333333,0.666666667,0.214285714,0.2,1,1,0.951219512
0,0.054794521,0.110936564,0.733333333,0,0,0.173469388,0.5,0.466666667,0.666666667,0.571428571,0.6,1,0,0.951219512
0,0.835616438,0.050582668,0.533333333,0,0,0.040816327,0.25,0.733333333,1,0.071428571,0.8,1,0,0.951219512
0,0.219178082,0.162169385,0.533333333,0,0,0.367346939,0.5,0.733333333,0.833333333,0.071428571,0.2,0.75,1,0.951219512
1,0.698630137,0.104050091,0.533333333,0,0,0.397959184,0.75,0.733333333,0.333333333,0.285714286,0,1,1,0.951219512
0,0.205479452,0.182893077,0.533333333,0,0,0.275510204,0,0.733333333,0,0,0.8,1,0,0.951219512
0,0.246575342,0.127284413,0.533333333,0,0,0.112244898,0,0.733333333,0.333333333,0,1,1,0,0.951219512
0,0.246575342,0.091314275,0.6,0,0.453168044,0.397959184,0.5,1,0.666666667,0.5,0.2,1,1,0.951219512
0,0.506849315,0.362675435,0.6,0,0,0.989795918,0.5,1,0.333333333,0.857142857,0,1,1,0.951219512
0,0.246575342,0.108522679,0.533333333,0,0,0.397959184,0.5,0.733333333,0.333333333,0.5,0,0.5,1,0.951219512
0,0.054794521,0.101739039,0.8,0,0,0.397959184,0.5,0.6,0.666666667,0.071428571,0.2,1,1,0.097560976
0,0.383561644,0.109694442,0.6,0,0,0.346938776,0.75,1,0.666666667,0.714285714,0.2,1,1,0.951219512
0,0.136986301,0.123378086,0.533333333,0,0,0.397959184,0.5,0.733333333,0.666666667,0.214285714,0.6,0.5,1,0.951219512
0,0.082191781,0.142444938,0.8,0,0,0.295918367,0.5,0.6,0.666666667,0.571428571,0.6,1,0,0.951219512
0,0.123287671,0.141627005,0.8,0,0,0.397959184,0,0.6,0.333333333,0,1,1,0,0.951219512
0,0.301369863,0.05740487,0.533333333,0,0,0.397959184,0.5,0.733333333,0.666666667,0.5,0.8,0.5,0,0.951219512
0,0.01369863,0.044815863,0.4,0,0,0.193877551,0.5,0.066666667,0.666666667,0.571428571,0.6,1,1,0.951219512
0,0.054794521,0.161907565,0.533333333,0,0,0.397959184,0.5,0.733333333,0.666666667,0.071428571,0.2,1,0,0.951219512
1,0.438356164,0.116364424,0.533333333,0,0,0.397959184,0.5,0.733333333,0.333333333,0.071428571,0,1,1,0.951219512
0,0.410958904,0.096624417,0.533333333,0,0,0.397959184,0.5,0.733333333,0.333333333,0.928571429,0,1,1,0.951219512
0,0,0.140731269,0.333333333,0,0,0.397959184,0,0,0.666666667,0,0.6,1,1,0.951219512
0,0.712328767,0.20837012,0.6,0.018480185,0,0,0,1,0.666666667,0,0.2,1,1,0.951219512
0,0.082191781,0.237419957,0.6,0,0,0.051020408,0.5,1,0.666666667,0.642857143,0.2,1,0,0.951219512
0,0.315068493,0.115560021,0.8,0,0,0.346938776,0.5,0.6,0,0.071428571,0.2,1,0,0.951219512
1,0.315068493,0.151425972,0.466666667,0,0,0.397959184,0.5,0.133333333,0.333333333,0.714285714,0,1,1,0.12195122
1,0.547945205,0.124168282,0.533333333,0,0,0.397959184,0.5,0.733333333,0.333333333,0.5,0,1,1,0.951219512
0,0.109589041,0.126193158,0.8,0,0,0.397959184,0.25,0.6,0.666666667,0.071428571,0.4,0.5,0,0.951219512
0,0.04109589,0.134636344,0.6,0,0,0.132653061,0.5,1,0.666666667,0.857142857,0.6,0.5,0,0.951219512
0,0.123287671,0.026842296,0.8,0,0,0.193877551,0.5,0.6,0.666666667,0.071428571,0.2,0.5,1,0.951219512
1,0.410958904,0.12635891,0.8,0,0,0.602040816,0.5,0.6,0.333333333,0.714285714,0,1,1,0.951219512
0,0.164383562,0.060422903,0.6,0,0,0.540816327,0.5,1,0,0.857142857,0.8,1,0,0.951219512
0,0.191780822,0.135472544,0.6,0,0,0.397959184,0,1,0.666666667,0,0.6,0.5,1,0.951219512
0,0.109589041,0.227928815,0.733333333,0,0,0.193877551,0.5,0.466666667,0.666666667,0.428571429,0.6,1,1,0.951219512
0,0.054794521,0.124792049,0.6,0,0,0.275510204,0.5,1,0.333333333,0.071428571,1,1,0,0.951219512
0,0.301369863,0.198436522,0.533333333,0,0,0.397959184,0.25,0.733333333,0.833333333,0.285714286,0.8,1,1,0.951219512
0,0.657534247,0.100881866,0.4,0,0,0.397959184,0.5,0.066666667,1,0.571428571,0.8,0.75,1,0.951219512
0,0.383561644,0.116364424,0.8,0,0,0.448979592,0.75,0.6,0,0.714285714,0.2,1,1,0.951219512
1,0.273972603,0.244510069,0.933333333,0,0,0.602040816,0.875,0.933333333,0.333333333,0.714285714,0,1,1,0.951219512
0,0.493150685,0.060030512,0.533333333,0,0,0.346938776,0.75,0.733333333,0.333333333,0.285714286,0,1,1,0.951219512
1,0.232876712,0.111892512,0.8,0,0,0.551020408,0.25,0.6,0.333333333,0.285714286,0,1,1,0.951219512
1,0.287671233,0.072923284,0.8,0,0,0.5,0.5,0.6,0.333333333,0.5,0,1,1,0.951219512
0,0.328767123,0.094939839,0.533333333,0,0,0.397959184,0.5,0.733333333,0,0.285714286,0.8,1,0,0.951219512
0,0.219178082,0.184590509,0.533333333,0,0,0.397959184,0.5,0.733333333,0.333333333,0.214285714,0,1,1,0.951219512
0,0.342465753,0.112203042,0.6,0,0,0.295918367,0.5,1,0,0.071428571,0.2,1,0,0.951219512
0,0.04109589,0.074460377,0.533333333,0,0,0.397959184,0.5,0.733333333,0.666666667,0.5,0.6,1,1,0.951219512
0,0.205479452,0.142322485,0.333333333,0,0,0.397959184,0.5,0,0,0.5,0.2,1,1,0.951219512
0,0.657534247,0.113066981,0.533333333,0,0,0.346938776,0.25,0.733333333,1,0.928571429,0.8,1,0,0.951219512
1,0.328767123,0.068469639,0.6,0,0,0.397959184,0.5,1,0.333333333,0.714285714,0,1,1,0.951219512
1,0.520547945,0.213191125,0.6,0,0,0.653061224,0.5,1,0,0.857142857,0.2,1,1,0.951219512
0,0.082191781,0.19483599,0.533333333,0,0,0.479591837,0.5,0.733333333,0.666666667,0.857142857,0.2,1,1,0.951219512
0,0.205479452,0.181171289,0.533333333,0,0,0.602040816,0.5,0.733333333,0,0.285714286,0.2,1,1,0.951219512
0,0.178082192,0.169003765,0.8,0,0,0.551020408,0.5,0.6,0.333333333,0.857142857,0,1,1,0.951219512
1,0.506849315,0.167130433,0.6,0,0,0.397959184,0.5,1,0.333333333,0.714285714,0,1,1,0.951219512
1,0.506849315,0.262104099,0.6,0,0,0.551020408,0.75,1,0.333333333,0.857142857,0,1,1,0.951219512
0,0.397260274,0.066417024,0.533333333,0,0,0.397959184,0.5,0.733333333,0,0.214285714,0.8,1,1,0.951219512
0,0.465753425,0.074300038,0.6,0,0,0.346938776,0.5,1,0.333333333,0.071428571,1,1,0,0.951219512
0,0.369863014,0.09404478,0.6,0,0,0.244897959,0.5,1,1,0.857142857,0.2,1,0,0.951219512
1,0.301369863,0.126085589,0.533333333,1,0,0.397959184,0.5,0.733333333,0,0.285714286,0.8,0.5,0,0.951219512
0,0.01369863,0.259780193,0.533333333,0,0,0.244897959,0.5,0.733333333,0.666666667,0.071428571,0.6,1,1,0.951219512
0,0.178082192,0.138697598,0.666666667,0,0,0.346938776,0.5,0.533333333,0.333333333,0.071428571,1,1,0,0.951219512
0,0.01369863,0.115292788,0.533333333,0,0,0.112244898,0.5,0.733333333,0.666666667,0.571428571,0.6,1,0,0.634146341
0,0.260273973,0.043677251,0.533333333,0,0,0.346938776,0.5,0.733333333,0.666666667,0.571428571,0.6,0.5,1,0.951219512
0,0.397260274,0.091988106,0.533333333,0,0,0.602040816,0.5,0.733333333,0,0.285714286,0.2,1,0,0.951219512
0,0.671232877,0.107934092,0.6,0,0,0.142857143,0.5,1,0.666666667,0.714285714,0.2,1,0,0.951219512
0,0.109589041,0.014799931,0.466666667,0,0,0.295918367,0,0.133333333,0.833333333,0,0.8,1,0,0.951219512
1,0.342465753,0.165432324,0.6,0,0,0.397959184,0.5,1,0.666666667,0.285714286,0.2,1,1,0.951219512
1,0.219178082,0.037065452,0.533333333,0,0,0.5,0.5,0.733333333,0.333333333,0.857142857,0,1,1,0.951219512
0,0.123287671,0.249867568,0.266666667,0,0,0.448979592,0.5,0.4,0.333333333,0.214285714,0,1,1,0.951219512
0,0.054794521,0.202346232,0.6,0,0,0.397959184,0.5,1,0.666666667,0.285714286,0.4,1,0,0.951219512
0,0.424657534,0.078577783,0.533333333,0,0,0.397959184,0.5,0.733333333,0.333333333,0.571428571,0,1,1,0.951219512
0,0.301369863,0.064103943,0.533333333,0,0,0.397959184,0.5,0.733333333,0.666666667,0.214285714,0.6,1,1,0.951219512
0,0.273972603,0.074973192,1,0,0,0.397959184,0.5,0.666666667,0.333333333,0.714285714,0,1,1,0.951219512
0,0.246575342,0.064526103,0.533333333,0,0,0.040816327,0.75,0.733333333,0.666666667,0.571428571,0.8,1,0,0.048780488
0,0.02739726,0.182944493,0.2,0,0,0.806122449,0.5,0.333333333,0.666666667,0.071428571,0.6,1,1,0.951219512
0,0.178082192,0.055449001,0.6,0,0,0.397959184,0.5,1,0.333333333,0.428571429,0,1,1,0.951219512
1,0.328767123,0.044034463,0.6,0,0.424242424,0.653061224,0.5,1,0.333333333,1,0,1,1,0.951219512
1,0.383561644,0.077442554,0.866666667,0,0,0.448979592,0.125,0.8,0.333333333,0.714285714,0,1,1,0.951219512
0,0.356164384,0.032923013,0.533333333,0,0,0.397959184,0.875,0.733333333,0.333333333,0.214285714,0,1,1,0.951219512
0,0.01369863,0.011070181,0.4,0,0,0.397959184,0.5,0.066666667,0.666666667,0.571428571,0.4,1,0,0.951219512
1,0.589041096,0.020938831,0.8,0,0,0.5,0.5,0.6,0.333333333,0.714285714,0,1,1,0.951219512
0,0.205479452,0.095301786,0.333333333,0,0.470844812,0.37755102,0.5,0,0.333333333,0.571428571,0,1,1,0.951219512
0,0.835616438,0.083588895,0.533333333,0.010860109,0,0.193877551,0,0.733333333,1,0,0.2,1,0,0.951219512
1,0.178082192,0.082777051,0.8,0.086140861,0,0.448979592,0.5,0.6,0.666666667,0.285714286,0.2,1,1,0.951219512
0,0.246575342,0.041394614,0.533333333,0,0,0.397959184,0.5,0.733333333,0.333333333,0.428571429,0,1,1,0.951219512
0,0.219178082,0.10609391,0.533333333,0,0,0.397959184,0.5,0.733333333,0.333333333,0.571428571,0,0.25,1,0.073170732
0,0.02739726,0.085154403,0.6,0,0,0.397959184,0,1,0.666666667,0,0.6,1,0,0.951219512
0,0.02739726,0.131581102,0.533333333,0,0,0.397959184,0.5,0.733333333,0.666666667,0.428571429,0.4,1,1,0.951219512
0,0.561643836,0.027870633,0.8,0,0,0.704081633,0,0.6,0.333333333,0,0,1,1,0.951219512
0,0.273972603,0.15776648,0.533333333,0,0,0.397959184,0.5,0.733333333,0.333333333,1,0,0.25,1,0
0,0.02739726,0.170448849,0.6,0,0,0.112244898,0,1,0.666666667,0,0.6,1,0,0.951219512
0,0.054794521,0.214628091,0.4,0,0,0.397959184,0.5,0.066666667,0.333333333,0.214285714,0,1,1,0.634146341
1,0.465753425,0.099086336,0.8,0,0.436639118,0.602040816,0.5,0.6,0.333333333,0.285714286,0,1,1,0.951219512
0,0.02739726,0.022502309,0.6,0,0,0.153061224,0.75,1,0.666666667,0.857142857,0.6,1,0,0.951219512
0,0.369863014,0.101360855,0.8,0,0,0.448979592,0.5,0.6,0.666666667,0.714285714,0.2,1,0,0.951219512
0,0.410958904,0.077907335,0.6,0,0,0.418367347,0,1,0,0,0.8,1,0,0.951219512
1,0.616438356,0.055498388,0.8,0,0,0.5,0.5,0.6,0.333333333,0.714285714,0,1,1,0.951219512
0,0.01369863,0.070280053,0.533333333,0,0,0.153061224,0.5,0.733333333,0.666666667,0.571428571,0.6,1,0,0.951219512
0,0.246575342,0.074465113,0.4,0,0,0.397959184,0.5,0.066666667,0.666666667,0.428571429,0.4,1,1,0.951219512
0,0.410958904,0.235083874,0.2,0,0,0.397959184,0.5,0.333333333,0,0.428571429,0.4,0.5,1,0.951219512
0,0.520547945,0.113150195,0.4,0,0,0.397959184,0.5,0.066666667,1,0.428571429,0.8,1,0,0.951219512
0,0.410958904,0.101912909,0.8,0,0,0.602040816,0.75,0.6,0,0.285714286,0.2,0.25,1,0.585365854
1,0.547945205,0.095732064,0.8,1,0,0.448979592,0,0.6,0.333333333,0,1,1,0,0.951219512
0,0.068493151,0.11926271,0.6,0,0,0.193877551,0.5,1,0.666666667,0.071428571,0.2,1,0,0.951219512
0,0.520547945,0.133407076,0.866666667,0,0,0.397959184,0.5,0.8,0.666666667,0.714285714,0.2,1,0,0.951219512
1,0.383561644,0.046849535,0.533333333,0,0,0.846938776,0.5,0.733333333,0.333333333,0.571428571,0,0.25,1,0.585365854
0,0.068493151,0.051309269,0.6,0,0,0.397959184,0,1,0.666666667,0,0.6,1,1,0.951219512
0,0.383561644,0.104116391,0.533333333,0,0,0.397959184,0.25,0.733333333,0,0.571428571,0.6,0.5,0,0.951219512
0,0.164383562,0.152613295,0.866666667,0,0,0.397959184,0.5,0.8,0.666666667,1,0.6,0.5,1,0.951219512
0,0.301369863,0.109638289,0.266666667,0,0,0.397959184,0.5,0.4,0.333333333,0.214285714,0,1,1,0.951219512
1,0.438356164,0.070600731,0.8,0.150241502,0,0.346938776,0.5,0.6,0.333333333,0.285714286,1,1,0,0.951219512
0,0.04109589,0.17956316,0,0,0,0.316326531,0.5,0.866666667,0.666666667,0.571428571,0.6,1,1,0.951219512
0,0.109589041,0.377870463,0.6,0,0,0.397959184,0.5,1,0.333333333,0.5,0,1,1,0.951219512
0,0.191780822,0.078329494,0.533333333,0,0,0.5,0.5,0.733333333,0.333333333,0.857142857,0,1,1,0.951219512
1,0.383561644,0.130446548,0.8,0.150241502,0,0.602040816,0.5,0.6,0.333333333,0.285714286,0,1,1,0.951219512
0,0.534246575,0.037999073,0.533333333,0,0,0.397959184,0.5,0.733333333,0.833333333,0.5,0.8,0.5,0,0.951219512
0,0.547945205,0.195264239,0.733333333,0,0,0.755102041,0.5,0.466666667,0,0.5,0.2,1,1,0.951219512
1,0.767123288,0.219010023,0.8,0,0.515610652,0.397959184,0.5,0.6,0.333333333,0.714285714,0,1,1,0.951219512
0,0.438356164,0.071994398,0.533333333,0,0,0.397959184,0.125,0.733333333,0,0.071428571,0.8,0.5,0,0.951219512
0,0.04109589,0.141650683,0.333333333,0,0,0.295918367,0.5,0,0.666666667,0.857142857,0.2,1,0,0.634146341
1,0.561643836,0.142827182,0.8,0,0,0.193877551,0.875,0.6,0.333333333,0.714285714,1,1,0,0.951219512
1,0.383561644,0.024497417,0.8,0,0,0.418367347,0.5,0.6,0.333333333,0.714285714,0,1,1,0.951219512
0,0.219178082,0.113853794,0.666666667,0,0,0.397959184,0.5,0.533333333,0.666666667,0.714285714,0.2,1,0,0.951219512
0,0.273972603,0.143507778,0.6,0,0,0.397959184,0.5,1,0.333333333,0.214285714,0,1,1,0.951219512
0,0.068493151,0.124479489,0.6,0,0,0.193877551,0,1,0.666666667,0,0.6,1,0,0.951219512
0,0.109589041,0.131461354,0.266666667,0,0,0.479591837,0.5,0.4,0.666666667,0.5,0.4,1,1,0.634146341
0,0.232876712,0.174166421,0.533333333,0.029770298,0,0.5,0.5,0.733333333,0,0.285714286,0.8,1,0,0.951219512
0,0.657534247,0.064017346,0.4,0,0,0.142857143,0,0.066666667,0,0,0.2,0.25,0,0.951219512
1,0.342465753,0.135254023,0.866666667,0,0.433195592,0.479591837,0,0.8,0.333333333,0,1,1,0,0.951219512
0,0.342465753,0.072202095,0.733333333,0,0.453168044,0.397959184,0.875,0.466666667,0,0.928571429,0.2,0.5,0,0.951219512
0,0.232876712,0.068271413,0.733333333,0,0,0.275510204,0.5,0.466666667,0.333333333,0.071428571,0,1,1,0.951219512
1,0.630136986,0.111318808,0.6,0,0,0.295918367,0,1,0.333333333,0,0,1,1,0.951219512
0,0.191780822,0.119736286,0.533333333,0,0,0.397959184,0.25,0.733333333,0.666666667,0.785714286,0.6,1,1,0.951219512
0,0.369863014,0.017395128,0.533333333,0,0,0.602040816,0.625,0.733333333,0.333333333,0.357142857,0,1,1,0.951219512
0,0.136986301,0.22165799,0.6,0,0,0.37755102,0.5,1,0.666666667,0.571428571,0.2,1,1,0.634146341
1,0.397260274,0.071053335,0.8,0,0,0.204081633,0.25,0.6,0.333333333,0.714285714,1,1,0,0.951219512
0,0.191780822,0.23313274,0.533333333,0.050130501,0,0.397959184,0.5,0.733333333,0.333333333,0.5,0,1,1,0.951219512
0,0.287671233,0.15389195,0.533333333,0,0,0.397959184,0.5,0.733333333,0.333333333,0.5,0,1,1,0.951219512
0,0.315068493,0.160172923,0.533333333,0,0,0.397959184,0.5,0.733333333,0,0.071428571,0.2,1,0,0.951219512
1,0.452054795,0.109155918,0.866666667,0,0,0.357142857,0.25,0.8,0.333333333,0.714285714,0,1,1,0.951219512
0,0.123287671,0.091804088,0.4,0,0,0.397959184,0.5,0.066666667,0,0.214285714,0.2,1,0,0.951219512
1,0.424657534,0.191988445,0.6,0,0,0.5,0.75,1,0.333333333,1,0,1,1,0.951219512
0,0.424657534,0.046102637,0.4,0,0,0.295918367,0.5,0.066666667,0.666666667,0.571428571,0.2,1,0,0.951219512
0,0.465753425,0.010067552,0.533333333,0,0,0.397959184,0.125,0.733333333,0.333333333,0.928571429,0,1,1,0.951219512
0,0.068493151,0.019942968,0.533333333,0,0,0.418367347,0.5,0.733333333,0.333333333,0.857142857,0,1,1,0.951219512
0,0.356164384,0.021140439,0.133333333,0,0,0.397959184,0.5,0.266666667,0.833333333,0.571428571,0.4,1,0,0.195121951
0,0.232876712,0.276646269,0.533333333,0,0,0.397959184,0.5,0.733333333,0.333333333,0.214285714,0,0.5,1,0.951219512
0,0.260273973,0.140872666,0.6,0,0,0.397959184,0.5,1,0.333333333,0.214285714,0,1,1,0.951219512
1,0.164383562,0.042090771,0.8,0,0,0.397959184,0.5,0.6,0.333333333,0.857142857,0,1,1,0.951219512
1,0.397260274,0.264949615,0.533333333,0,0.436639118,0.397959184,0.5,0.733333333,0.333333333,0.214285714,0,0.5,1,0.951219512
0,0.739726027,0.122844298,0.2,0,0,0.153061224,0,0.333333333,1,0,0.4,1,0,0.756097561
0,0.301369863,0.093056359,0.8,0,0,0.397959184,0.25,0.6,0,0.714285714,0.8,1,0,0.951219512
0,0.287671233,0.062736661,0.533333333,0,0,0.397959184,0.5,0.733333333,0,0.214285714,0.8,1,1,0.951219512
0,0.136986301,0.026209057,0.533333333,0,0,0.397959184,0.5,0.733333333,0.666666667,0.571428571,0.2,1,0,0.951219512
1,0.356164384,0.131149471,0.8,0,0,0.5,0.875,0.6,0.333333333,0.071428571,0,1,1,0.951219512
1,0.260273973,0.016006874,0.533333333,0,0,0.5,0.5,0.733333333,0.333333333,0.285714286,0,1,1,0.951219512
0,0.287671233,0.116480111,0.6,0,0,0.5,0.5,1,0.666666667,0.571428571,0.2,1,1,0.292682927
1,0.397260274,0.144607828,0.8,0,0,0.153061224,0.5,0.6,0.333333333,0.857142857,1,1,0,0.951219512
0,0.465753425,0.096517524,0.533333333,0,0,0.397959184,0.5,0.733333333,1,0.5,0.2,0.5,0,0.951219512
0,0.123287671,0.120850543,0.533333333,0,0,0.397959184,0.5,0.733333333,0.333333333,0.285714286,0,1,1,0.951219512
0,0.205479452,0.196574691,0.533333333,0,0,0.479591837,0.5,0.733333333,0.333333333,0.285714286,1,1,0,0.951219512
0,0.383561644,0.026641364,0.6,0,0,0.397959184,0.5,1,0.333333333,0.857142857,0,1,1,0.951219512
0,0.342465753,0.065616004,0.6,0,0,0.397959184,0.75,1,0.666666667,0.214285714,0.8,1,1,0.951219512
1,0.273972603,0.093207903,0.533333333,0,0,0.520408163,0.5,0.733333333,0.333333333,0.214285714,0,1,1,0.951219512
1,0.273972603,0.077389107,0.533333333,0,0,0.602040816,0.75,0.733333333,0.333333333,0.357142857,0,1,1,0.951219512
0,0.04109589,0.14002767,0.266666667,0,0,0.5,0.5,0.4,0.666666667,1,0.2,1,1,0.951219512
0,0.506849315,0.097821888,0.533333333,0,0,0.397959184,0.5,0.733333333,0.333333333,0.214285714,0,1,1,0.292682927
0,0,0.10691658,0.4,0,0,0.071428571,0,0.066666667,0.666666667,0,0.6,1,0,0.951219512
0,0.356164384,0.182081232,0.733333333,0,0,0.448979592,0.5,0.466666667,0.666666667,0.071428571,0.2,0.5,0,0.951219512
1,0.246575342,0.144026006,0.533333333,0,0,0.602040816,0.5,0.733333333,0.333333333,0.285714286,0,1,1,0.951219512
0,0.123287671,0.075625374,0.6,0,0,0.193877551,0.5,1,0.666666667,0.071428571,0.2,1,0,0.951219512
1,0.260273973,0.066870981,0.6,0,0,0.602040816,0.5,1,0.833333333,0.285714286,0.2,1,1,0.951219512
0,0.520547945,0.499749343,0.2,0,0,0.408163265,0.5,0.333333333,0.333333333,0.214285714,0,1,1,0.951219512
0,0.684931507,0.063338779,0.066666667,0,0,0.193877551,0.75,0.2,1,0.571428571,0.2,0.5,0,0.951219512
1,0.164383562,0.168081645,0.533333333,0,0.453856749,0.244897959,0.625,0.733333333,0.333333333,0.857142857,1,1,0,0.951219512
0,0.136986301,0.175194758,0.6,0,0,0.397959184,0.875,1,0,0.071428571,0.8,0.5,1,0.56097561
0,0.287671233,0.134057905,0.2,0,0,0.397959184,0.5,0.333333333,0,0.857142857,0.8,1,0,0.951219512
1,0.369863014,0.058516421,0.6,0.051780518,0,0.397959184,0.5,1,0.333333333,0.214285714,0,1,1,0.951219512
0,0.205479452,0.151718912,0.466666667,0,0,0.397959184,0.5,0.133333333,0.333333333,0.214285714,0.4,1,1,0.634146341
0,0.178082192,0.106744063,0.6,0,0,0.397959184,0.5,1,0.333333333,0.214285714,0,1,1,0.951219512
1,0.383561644,0.149041854,0.6,0,0,0.5,0.5,1,0.333333333,0.214285714,0,1,1,0.951219512
0,0.602739726,0.107944916,0.533333333,0,0,0.153061224,0.75,0.733333333,1,0.714285714,0.8,1,0,0.951219512
0,0.082191781,0.047690471,0.533333333,0,0,0.295918367,0.5,0.733333333,0.333333333,0.285714286,0,1,1,0.951219512
1,0.561643836,0.20547454,0.533333333,0,0,0.397959184,0.5,0.733333333,0.333333333,0.285714286,0,1,1,0.951219512
0,0.246575342,0.13786681,0.533333333,0,0,0.37755102,0.25,0.733333333,0.833333333,0.071428571,0.8,1,0,0.951219512
0,0.082191781,0.057349394,0.533333333,0,0,0.551020408,0.5,0.733333333,0.333333333,0.285714286,0,1,1,0.951219512
0,0.589041096,0.144507024,0.6,0,0,0.265306122,0.5,1,1,0.857142857,0.8,1,0,0.951219512
0,0.493150685,0.148081171,0.533333333,0,0,0.397959184,0.25,0.733333333,0.833333333,1,0.2,1,1,0.951219512
1,0.205479452,0.131421439,0.666666667,0,0,0.448979592,0.5,0.533333333,0.333333333,0.928571429,0,1,1,0.951219512
0,0.054794521,0.303460827,0.533333333,0,0,0.448979592,0.5,0.733333333,0.666666667,0.857142857,0.4,1,1,0.951219512
0,0.315068493,0.073882614,0.6,0,0,0.479591837,0.5,1,0.666666667,0.5,0.2,0.5,1,0.951219512
0,0.054794521,0.24633266,0.533333333,0,0,0.244897959,0.5,0.733333333,0.666666667,0.071428571,0.6,1,0,0.951219512
0,0.246575342,0.034324799,0.6,0,0,0.346938776,0.5,1,0,0.857142857,0.2,1,0,0.951219512
0,0.506849315,0.097769795,0.8,0,0,0.5,0.75,0.6,0.333333333,0.214285714,0,1,1,0.951219512
1,0.205479452,0.078021669,0.8,0,0.436639118,0.316326531,0.5,0.6,0.333333333,0.714285714,1,1,0,0.951219512
0,0.123287671,0.137404059,0.8,0,0.453168044,0.551020408,0.5,0.6,0.666666667,0.285714286,0.2,1,1,0.951219512
0,0.232876712,0.081856283,0.466666667,0,0,0.530612245,0,0.133333333,0.833333333,0,0.8,0.5,0,0.951219512
0,0.561643836,0.087357208,0.666666667,0,0,0.397959184,0,0.533333333,0.333333333,0,0,1,1,0.951219512
0,0.328767123,0.023398044,0.6,0,0,0.397959184,0.5,1,0,0.285714286,0.2,1,0,0.951219512
1,0.410958904,0.014551642,0.533333333,0,0,0.56122449,0.5,0.733333333,0.333333333,0.214285714,0,1,1,0.951219512
0,0.095890411,0.024943255,0.4,0,0,0.397959184,0.75,0.066666667,0.666666667,0.571428571,0.8,0,0,0.951219512
0,0.095890411,0.21286977,0.266666667,0,0,0.397959184,0.5,0.4,0.666666667,1,0.8,0.75,1,0.195121951
0,0.109589041,0.043830149,0.8,0,0.536960514,0.346938776,0.5,0.6,0.666666667,0.714285714,0.6,1,0,0.951219512
0,0.123287671,0.036808367,0.6,0,0,0.397959184,0.5,1,0,0.071428571,0.2,1,0,0.951219512
0,0.849315068,0.048934623,0.4,0,0,0.06122449,0.25,0.066666667,0.333333333,0.285714286,0,1,1,0.951219512
1,0.232876712,0.109940025,0.533333333,0,0,0.448979592,0.5,0.733333333,0.333333333,0.857142857,0,1,1,0.951219512
1,0.219178082,0.082944155,0.6,1,0,0.295918367,0.5,1,0.666666667,0.071428571,0.6,1,0,0.951219512
0,0.424657534,0.227955876,0.866666667,0,0,0.397959184,0.25,0.8,0,0.571428571,0.2,1,1,0.951219512
0,0.01369863,0.108197941,0.533333333,0,0,0.193877551,0,0.733333333,0.666666667,0,0.6,0.5,0,0.951219512
1,0.342465753,0.126331848,0.866666667,0,0,0.397959184,0.5,0.8,0.333333333,0.285714286,0,1,1,0.951219512
0,0.150684932,0.009186701,0.533333333,0,0,0.346938776,0.25,0.733333333,0.666666667,0.285714286,0.8,0,0,0.951219512
0,0.164383562,0.065143105,0.666666667,0,0,0.397959184,0.5,0.533333333,0.666666667,0.642857143,0.6,1,0,0.951219512
0,0.095890411,0.052135321,0.4,0,0,0.397959184,0.5,0.066666667,0.666666667,0.5,0.2,1,0,0.951219512
1,0.383561644,0.115136508,0.6,0,0,0.397959184,0.125,1,0.333333333,0.928571429,0,1,1,0.951219512
0,0.575342466,0.126802042,0.533333333,0,0,0.397959184,0.5,0.733333333,0.333333333,0.214285714,0,1,1,0.951219512
0,0.04109589,0.053749539,0.6,0,0,0.071428571,0.5,1,0.666666667,0.857142857,0.6,1,0,0.951219512
1,0.109589041,0.417839613,0.8,0,0,0.397959184,0.5,0.6,0.333333333,0.714285714,1,0.5,0,0.951219512
0,0.369863014,0.09390609,0.533333333,0,0,0.397959184,0.25,0.733333333,0.333333333,0.5,0,1,1,0.951219512
1,0.602739726,0.147676602,0.8,0,0,0.397959184,0.5,0.6,0,0.071428571,0.2,1,1,0.951219512
0,0.506849315,0.011923294,0.4,0,0,0.428571429,0.5,0.066666667,0.333333333,0.571428571,1,1,0,0.951219512
1,0.547945205,0.096124456,0.8,0,0,0.5,0.5,0.6,0.333333333,0.285714286,0,1,1,0.951219512
0,0.150684932,0.024767356,0.533333333,0,0,0.397959184,0.5,0.733333333,0.333333333,0.071428571,0.6,1,0,0.951219512
0,0.821917808,0.0924583,0.333333333,0.038180382,0,0.295918367,0.5,0,0.333333333,0.571428571,0,0.5,1,0.951219512
0,0.054794521,0.18941625,0.533333333,0,0,0.346938776,0.5,0.733333333,0.666666667,0.214285714,0.2,1,1,0.951219512
0,0.273972603,0.308790588,0.6,0,0,0.397959184,0.5,1,0.333333333,0.071428571,0,1,1,0.951219512
1,0.465753425,0.073055885,0.666666667,0,0,0.397959184,0.5,0.533333333,0.333333333,0.857142857,0,1,1,0.951219512
0,0.109589041,0.207263305,0.8,0,0,0.397959184,0.5,0.6,0.666666667,0.285714286,0.6,1,1,0.951219512
0,0.328767123,0.122857153,0.533333333,0,0,0.397959184,0.125,0.733333333,0.666666667,0.071428571,0.6,1,1,0.951219512
0,0.506849315,0.117708703,0.6,0.039080391,0,0.5,0.5,1,0.333333333,1,0,1,1,0.951219512
1,0.164383562,0.023776229,0.533333333,0,0,0.397959184,0.5,0.733333333,0.333333333,0.071428571,1,1,0,0.951219512
0,0.575342466,0.108471262,0.6,0,0,0.56122449,0.5,1,0,0.857142857,0.2,1,1,0.951219512
1,0.342465753,0.1232191,0.6,0,0,0.397959184,0.25,1,0.333333333,0.785714286,0,1,1,0.951219512
0,0.191780822,0.043239531,0.533333333,0,0,0.193877551,0,0.733333333,0.833333333,0,0.6,1,0,0.951219512
1,0.246575342,0.152510461,0.933333333,0,0,0.5,0.625,0.933333333,0.333333333,0.714285714,0,1,1,0.951219512
1,0.260273973,0.104662357,0.8,0,0,0.397959184,0.5,0.6,0.333333333,0.714285714,1,1,0,0.951219512
0,0.342465753,0.058918284,0.533333333,0,0,0.397959184,0.5,0.733333333,0.666666667,0.5,0.2,1,0,0.951219512
0,0.219178082,0.118082152,0.4,0,0,0.397959184,0.5,0.066666667,0.333333333,0.214285714,0,1,1,0.951219512
0,0.068493151,0.056333235,0.533333333,0,0,0.397959184,0.5,0.733333333,0.666666667,0.5,0.6,1,1,0.951219512
0,0.123287671,0.119572564,0.533333333,0,0,0.397959184,0.25,0.733333333,0.333333333,1,0,1,1,0.951219512
0,0.438356164,0.07930912,0.866666667,0,0,0.448979592,0.5,0.8,0.333333333,0.857142857,0,1,1,0.951219512
0,0.219178082,0.080699404,0.533333333,0,0,0.663265306,0.75,0.733333333,0.333333333,0.857142857,0,1,1,0.951219512
1,0.698630137,0.124200756,0.8,0.200512005,0,0.397959184,0.5,0.6,0.333333333,0.857142857,0,1,1,0.951219512
0,0.205479452,0.181816029,0.533333333,0,0,0.397959184,0.625,0.733333333,0.666666667,0.214285714,0.2,1,1,0.951219512
0,0.219178082,0.125253448,0.533333333,0.050130501,0,0.397959184,0.5,0.733333333,0.333333333,0.285714286,0,1,1,0.951219512
0,0.164383562,0.147108987,0.533333333,0,0,0.397959184,0.5,0.733333333,0.666666667,1,0.2,1,1,0.951219512
1,0.616438356,0.121743572,0.8,0,0,0.397959184,0.75,0.6,0,0.714285714,0.2,1,0,0.951219512
0,0,0.058376378,0.4,0,0,0.193877551,0.5,0.066666667,0.666666667,0.857142857,0.2,1,0,0.951219512
0,0.287671233,0.183347033,0.533333333,0,0,0.397959184,0.5,0.733333333,0.333333333,0.214285714,0,0.5,1,0.951219512
0,0.082191781,0.257735697,0.6,0,0,0.397959184,0.5,1,0.666666667,0.071428571,0.6,1,1,0.951219512
0,0,0.100014546,0.466666667,0,0,0.091836735,0.5,0.133333333,0.666666667,0.857142857,0.2,1,0,0
0,0.150684932,0.188174804,0.2,0,0,0.5,0.5,0.333333333,0.333333333,0.428571429,0,1,1,0.951219512
0,0.150684932,0.165642727,0.866666667,0,0,0.551020408,0.25,0.8,0.666666667,0.714285714,0.2,1,1,0.951219512
1,0.561643836,0.120747033,0.8,0,0,0.397959184,0.625,0.6,0.333333333,0.714285714,0,1,1,0.951219512
0,0,0.111861391,0.4,0,0,0.193877551,0.5,0.066666667,0.666666667,0.857142857,0.6,1,0,0.951219512
0,0.246575342,0.133756846,0.4,0,0,0.071428571,0.5,0.066666667,0.833333333,0.642857143,0.8,1,0,0.634146341
0,0.712328767,0.078424886,0.533333333,0,0,0.295918367,0.75,0.733333333,0.333333333,0.928571429,0,1,1,0.951219512
1,0.356164384,0.033651644,0.933333333,1,0,0.397959184,0.625,0.933333333,0.333333333,0.285714286,0,1,1,0.951219512
1,0.342465753,0.159078962,0.8,0,0,0.448979592,0.75,0.6,0.333333333,0.285714286,0,1,1,0.951219512
0,0.082191781,0.218374078,0.8,0,0,0.5,0.5,0.6,0.666666667,0.857142857,0.2,1,1,0.951219512
0,0.232876712,0.160007848,0.533333333,0,0,0.448979592,0.5,0.733333333,0.666666667,0.5,0.2,1,0,0.951219512
0,0.479452055,0.008426273,0.533333333,0,0.399449036,0.551020408,0.5,0.733333333,0.333333333,1,0,1,1,0.951219512
0,0.04109589,0.203976687,0.533333333,0,0,0.397959184,0.5,0.733333333,0.666666667,0.285714286,0.8,0.5,0,0.951219512
1,0.493150685,0.270219164,0.533333333,0.07298073,0,0.397959184,0.125,0.733333333,0.333333333,0.071428571,0,1,1,0.951219512
1,0.246575342,0.081586345,0.6,0,0,0.397959184,0.5,1,0.333333333,0.928571429,0,1,1,0.951219512
0,0.287671233,0.136137581,0.6,0,0,0.5,0.5,1,0.333333333,0.857142857,0,1,1,0.951219512
1,0.164383562,0.068033949,0.666666667,0.07298073,0,0.316326531,0.5,0.533333333,0.333333333,0.214285714,0,0.25,1,0.951219512
0,0.246575342,0.356060252,0.4,0.036740367,0,0.397959184,0.5,0.066666667,0.833333333,1,0.2,0.5,1,0.951219512
1,0.479452055,0.208774013,0.533333333,0,0,0.397959184,0.5,0.733333333,0.333333333,0.5,0,0.5,1,0.951219512
0,0.328767123,0.125029514,0.8,0,0,0.397959184,0.5,0.6,0,0.714285714,0.2,0.5,1,0.951219512
0,0.01369863,0.016640789,0.533333333,0,0,0.193877551,0.5,0.733333333,0.666666667,0.071428571,0.6,1,0,0.951219512
0,0.095890411,0.075743092,0.533333333,0,0,0.397959184,0.5,0.733333333,0.666666667,0.071428571,0.6,1,0,0.951219512
0,0.150684932,0.033251811,0.533333333,0,0,0.448979592,0.5,0.733333333,0.333333333,0.214285714,0,1,1,0.951219512
1,0.328767123,0.108937397,0.533333333,0,0,0.397959184,0.5,0.733333333,0.333333333,0.214285714,0,1,1,0.951219512
0,0.479452055,0.146277522,0.533333333,0,0,0.397959184,0.5,0.733333333,0.333333333,0.214285714,0,1,1,0.951219512
0,0.260273973,0.137484566,0.533333333,0,0,0.653061224,0.5,0.733333333,0.666666667,0.214285714,0.2,1,1,0.951219512
0,0.739726027,0.099746637,0.533333333,0,0,0.244897959,0.5,0.733333333,1,0.071428571,0.8,1,0,0.951219512
0,0.452054795,0.085398633,0.6,0,0,0.397959184,0.5,1,0,0.071428571,0.8,0.5,0,0.951219512
0,0.356164384,0.123459947,0.6,0,0,0.397959184,0.5,1,0.666666667,0.571428571,0.2,1,0,0.951219512
0,0.315068493,0.067311407,0.4,0,0,0.357142857,0.5,0.066666667,0,0.571428571,0.8,0.5,0,0.951219512
0,0.506849315,0.203106659,0.6,0,0,0.397959184,0.5,1,0.666666667,0.571428571,0.2,1,0,0.951219512
0,0,0.094941192,0.466666667,0,0,0.193877551,0.5,0.133333333,0.666666667,0.571428571,0.6,1,1,0.951219512
0,0.465753425,0.189312063,0.533333333,0,0,0.346938776,0.5,0.733333333,0.666666667,0.071428571,0.2,1,0,0.951219512
0,0.178082192,0.062701481,0.266666667,0,0,0.295918367,0,0.4,0.666666667,0,0.2,1,0,0.951219512
0,0.219178082,0.090058622,0.533333333,0,0,0.346938776,0.5,0.733333333,0.333333333,0.5,1,1,0,0.951219512
0,0.520547945,0.060343749,0.533333333,0,0,0.326530612,0.5,0.733333333,0.333333333,0.571428571,0.4,1,0,0.951219512
0,0.808219178,0.13354103,0.2,0,0,0.06122449,0,0.333333333,0,0,0.2,1,0,0.951219512
0,0.328767123,0.142173647,0.733333333,0,0,0.397959184,0.875,0.466666667,0.333333333,0.785714286,0,1,1,0.951219512
0,0.178082192,0.111641516,0.6,0,0,0.43877551,0.5,1,0.333333333,0.857142857,0,1,1,0.951219512
0,0.054794521,0.017566969,0.6,0,0,0.193877551,0.875,1,0.666666667,0.928571429,0.6,1,0,0.951219512
1,0.095890411,0.206269472,0.8,0,0,0.448979592,0.5,0.6,0.333333333,0.857142857,0,1,1,0.951219512
0,0.109589041,0.170331808,0.8,0,0,0.397959184,0.5,0.6,0.666666667,0.071428571,0.6,1,1,0.951219512
0,0.178082192,0.120847837,0.4,0,0.379017447,0.397959184,0.5,0.066666667,0.333333333,0.428571429,0,0.25,1,0.975609756
0,0.054794521,0.08284944,0.6,0,0,0.346938776,0,1,0.666666667,0,0.6,1,0,0.951219512
0,0.054794521,0.121086654,0.6,0,0,0.397959184,0.5,1,0.666666667,0.571428571,0.6,1,1,0.951219512
0,0.575342466,0.128810681,0.533333333,0,0,0.397959184,0.5,0.733333333,0.333333333,0.214285714,0,1,1,0.951219512
0,0.397260274,0.087907233,0.6,0.011510115,0,0.602040816,0.75,1,0.833333333,0.285714286,0.8,1,0,0.951219512
0,0.04109589,0.098307642,0.533333333,0,0,0.397959184,0.5,0.733333333,0.333333333,0.214285714,0,1,1,0.951219512
0,0.082191781,0.251919506,0.6,0,0,0.397959184,0.5,1,0.333333333,0.428571429,0,1,1,0.951219512
0,0.547945205,0.029899568,0.533333333,0,0,0,0.75,0.733333333,0.333333333,0.285714286,0,1,1,0.951219512
0,0.054794521,0.202302257,0.533333333,0,0,0.112244898,0.875,0.733333333,0.666666667,0.214285714,0.6,1,1,0.951219512
0,0.616438356,0.128997405,0.6,0,0,0.397959184,0.5,1,0.333333333,0.5,0,1,1,0.951219512
1,0.123287671,0.112207102,0.8,0,0,0.448979592,0.5,0.6,0.333333333,0.571428571,0,1,1,0.951219512
0,0.164383562,0.095480392,0.8,0,0,0.551020408,0.5,0.6,0.666666667,0.285714286,0.2,1,0,0.951219512
0,0.068493151,0.218121053,0.6,0,0,0.397959184,0.875,1,0.666666667,0.071428571,0.6,1,0,0.951219512
0,0.260273973,0.110985952,0.6,0,0,0.397959184,0.5,1,0.666666667,1,0.2,1,1,0.951219512
1,0.123287671,0.033930378,0.8,0,0,0.397959184,0.5,0.6,0.333333333,0.857142857,1,1,0,0.951219512
0,0.301369863,0.2233676,0.8,0,0,0.448979592,0.5,0.6,0.333333333,0.071428571,0,1,1,0.951219512
1,0.328767123,0.069468208,0.666666667,0,0,0.397959184,0.625,0.533333333,0.333333333,0.285714286,0,0.5,1,0.951219512
0,0.205479452,0.227434942,0.666666667,0,0,0.5,0.5,0.533333333,0.333333333,0.214285714,0,1,1,0.951219512
0,0.232876712,0.23625496,0.4,0,0,0.397959184,0.5,0.066666667,0.333333333,1,0,1,1,0.951219512
0,0.671232877,0.228813726,0.6,0,0.288797062,0.193877551,0.5,1,0.333333333,1,0,1,1,0.951219512
1,0.328767123,0.076226139,0.8,0,0,0.908163265,0.5,0.6,0,0.285714286,0.8,0.5,0,0.951219512
1,0.273972603,0.027702175,0.933333333,0,0,0.551020408,0.5,0.933333333,0.666666667,0.714285714,0.2,0.25,0,0.951219512
0,0.438356164,0.125191206,0.6,0,0,0.602040816,0.625,1,0.333333333,0.857142857,0,1,1,0.951219512
0,0.493150685,0.174723212,0.533333333,0,0,0.193877551,0.5,0.733333333,0,0.642857143,0.2,1,0,0.951219512
0,0.082191781,0.127211347,0.733333333,0,0,0.193877551,0.5,0.466666667,0.666666667,0.071428571,0.2,1,0,0.951219512
1,0.410958904,0.037501142,0.533333333,0,0,0.397959184,0.5,0.733333333,0.333333333,0.857142857,0,1,1,0.951219512
0,0.082191781,0.124849555,0.6,0,0.436639118,0.397959184,0.5,1,0.333333333,0.5,0,1,1,0.951219512
0,0,0.107319796,0.333333333,0,0.367768595,0.397959184,0.25,0,0.666666667,0.785714286,0.6,1,0,0.951219512
1,0.287671233,0.165466828,0.533333333,0,0,0.5,0.5,0.733333333,0.333333333,0.928571429,0,1,1,0.951219512
0,0.082191781,0.286391113,0.666666667,0,0,0.397959184,0.5,0.533333333,0.833333333,0.285714286,0.6,1,0,0.951219512
0,0.342465753,0.071663572,0.266666667,0,0,0.397959184,0.5,0.4,0.333333333,1,0,1,1,0.951219512
1,0.287671233,0.142716906,0.866666667,0,0,0.397959184,0.25,0.8,0.333333333,0.714285714,0,1,1,0.951219512
0,0.205479452,0.088213705,0.533333333,0,0,0.397959184,0.5,0.733333333,0.666666667,0.214285714,0.2,1,1,0.951219512
1,0.397260274,0.142133055,0.533333333,0,0,0.428571429,0.875,0.733333333,0.333333333,0.571428571,0,1,1,0.951219512
0,0.465753425,0.165533805,0.6,0,0,0.602040816,0.75,1,0.333333333,0.857142857,0,1,1,0.951219512
1,0.534246575,0.111619191,0.666666667,0,0,0.397959184,0.5,0.533333333,0.333333333,0.928571429,0,1,1,0.951219512
0,0.150684932,0.096972157,0.6,0,0,0.5,0.75,1,0.666666667,0.214285714,0.6,1,1,0.097560976
0,0.547945205,0.165694144,0.533333333,0,0,0.397959184,0.5,0.733333333,0.333333333,0.5,0,1,1,0.951219512
0,0.684931507,0.06835598,0.866666667,0,0,0.408163265,0.5,0.8,0,0.071428571,0.8,1,1,0.951219512
0,0.164383562,0.069886308,0.6,0,0,0.5,0.25,1,0.666666667,0.428571429,0.2,1,1,0.951219512
0,0.246575342,0.200393068,0.8,0,0,0.5,0.5,0.6,0.333333333,0.857142857,0,0.5,1,0.951219512
0,0.082191781,0.077347162,0.8,0,0,0.397959184,0.5,0.6,0.666666667,0.071428571,0.6,1,0,0.951219512
0,0.232876712,0.100714762,0.333333333,0,0,0.346938776,0.5,0,0.333333333,0.357142857,0,1,1,0.951219512
0,0.630136986,0.140215748,0.533333333,0,0,0.397959184,0.5,0.733333333,0,0.214285714,0.2,1,0,0.951219512
0,0.260273973,0.036545871,0.6,0,0,0.448979592,0.5,1,0.333333333,1,0,1,1,0.951219512
0,0.410958904,0.140610846,0.533333333,0,0,0.397959184,0.5,0.733333333,0.666666667,0.214285714,0.2,1,1,0.951219512
1,0.479452055,0.110058419,0.533333333,0,0,0.397959184,0.5,0.733333333,0.333333333,0.857142857,0,1,1,0.951219512
0,0.054794521,0.084110506,0.466666667,0,0,0.316326531,0.5,0.133333333,0.666666667,0.428571429,0.6,1,1,0.951219512
0,0.068493151,0.019942968,0.6,0,0,0.397959184,0.5,1,0.666666667,0.714285714,0.2,1,1,0.951219512
0,0.301369863,0.111486589,0.533333333,0,0,0.397959184,0.5,0.733333333,0,0.071428571,0.2,1,0,0.951219512
0,0.273972603,0.108541622,0.6,0,0,0.397959184,0.5,1,0.333333333,0.214285714,0,1,1,0.951219512
0,0.410958904,0.234147546,0.6,0,0,0.397959184,0.5,1,0.833333333,0.714285714,0.2,0.5,1,0.951219512
1,0.534246575,0.05407563,0.266666667,0,0,0.397959184,0.5,0.4,0,0.214285714,0.2,1,0,0.951219512
0,0.315068493,0.03222415,0.533333333,0,0,0.397959184,0.5,0.733333333,0.333333333,0.214285714,0,1,1,0.951219512
0,0.465753425,0.134259513,0.333333333,0,0,0.397959184,0.5,0,0.5,0.214285714,0.4,1,1,0.951219512
0,0.369863014,0.058304665,0.333333333,0,0,0.346938776,0.5,0,0.666666667,0.357142857,0.8,1,1,0.951219512
0,0.232876712,0.077499383,0.533333333,0,0,0.397959184,0.5,0.733333333,0.333333333,1,0,1,1,0.951219512
0,0.136986301,0.106800215,0.8,0,0,0.275510204,0.5,0.6,0.666666667,0.928571429,0.6,1,0,0.951219512
0,0.383561644,0.243283506,0.8,0,0,0.459183673,0.5,0.6,0.666666667,0.714285714,0.2,1,1,0.951219512
0,0.191780822,0.067842489,0.6,0,0,0.397959184,0.625,1,0.666666667,0.857142857,0.4,1,1,0
0,0.123287671,0.093413571,0.8,0,0,0.397959184,0.5,0.6,0.666666667,0.714285714,0.2,1,0,0.951219512
0,0.178082192,0.27838497,0.6,0,0,0.397959184,0.5,1,0.666666667,0.714285714,0.6,1,1,0.634146341
0,0.260273973,0.077317394,0.8,0,0,0.397959184,0.25,0.6,0,0.571428571,0.6,1,1,0.951219512
1,0.301369863,0.18519601,0.8,0,0,0.397959184,0.5,0.6,0.333333333,0.071428571,0,1,1,0.951219512
0,0.589041096,0.178419135,0.533333333,0,0,0.295918367,0.5,0.733333333,0.333333333,0.571428571,0,0.25,1,0.731707317
0,0.397260274,0.110708571,0.6,0,0,0.397959184,0.5,1,0.333333333,0.357142857,0,1,1,0.951219512
0,0.191780822,0.111342487,0.6,0,0,0.397959184,0.75,1,0.333333333,0.214285714,0,1,1,0.951219512
0,0.178082192,0.012777084,0.6,0,0.365013774,0.397959184,0.25,1,0.666666667,0.214285714,0.2,1,1,0.951219512
0,0.260273973,0.104465485,0.8,0,0,0.397959184,0.875,0.6,0,0.714285714,0.8,1,0,0.951219512
0,0.054794521,0.014576674,0.533333333,0,0,0.397959184,0.5,0.733333333,0.666666667,0.071428571,0.8,1,0,0.951219512
0,0.191780822,0.012605244,0.6,0,0,0.724489796,0.125,1,0.333333333,0.785714286,0,1,1,0.951219512
0,0.273972603,0.100706643,0.533333333,0,0,0.397959184,0.5,0.733333333,0.666666667,0.428571429,0.2,1,1,0.951219512
0,0.095890411,0.245229904,0.4,0,0,0.397959184,0.5,0.066666667,0.833333333,0.214285714,0.2,1,1,0.634146341
0,0.219178082,0.100350108,0.6,0,0,0.5,0.5,1,0.333333333,0.285714286,0,1,1,0.951219512
1,0.342465753,0.159263657,0.533333333,0,0,0.448979592,0.5,0.733333333,0.333333333,0.5,0,1,1,0.951219512
0,0.095890411,0.304031148,0.333333333,0,0,0.397959184,0.25,0,0.666666667,0.571428571,0.2,1,1,0.951219512
1,0.452054795,0.076538023,0.8,0.07298073,0,0.653061224,0.5,0.6,0.333333333,0.285714286,0,1,1,0.951219512
0,0.260273973,0.110255291,0.533333333,0,0,0.346938776,0.25,0.733333333,0.333333333,0.571428571,1,1,0,0.951219512
1,0.191780822,0.063697344,0.933333333,0,0,0.602040816,0.5,0.933333333,0.333333333,0.714285714,1,1,0,0.951219512
0,0.01369863,0.034211817,0.4,0,0,0.397959184,0,0.066666667,0.666666667,0,0.6,1,1,0.951219512
1,0.397260274,0.133123607,0.866666667,0,0,0.5,0.25,0.8,0.333333333,0.285714286,0,1,1,0.951219512
1,0.479452055,0.129974325,0.533333333,0,0,0.857142857,0.5,0.733333333,0.333333333,1,0,1,1,0.951219512
0,0.465753425,0.050686178,0.8,0,0,0.551020408,0.5,0.6,0,0.714285714,0.8,1,0,0.219512195
0,0.205479452,0.173191531,0.2,0,0,0.346938776,0.5,0.333333333,0.5,0.357142857,0.4,1,1,0.634146341
0,0.109589041,0.035568951,0.6,0,0,0.214285714,0.5,1,0.5,0.071428571,0.8,1,0,0.951219512
0,0.657534247,0.068335684,0.533333333,0,0,0.397959184,0.5,0.733333333,0.333333333,0.214285714,0,1,1,0.951219512
0,0.123287671,0.131543216,0.8,0,0,0.5,0.5,0.6,0.666666667,0.857142857,0.6,1,1,0.951219512
1,0.260273973,0.132650707,0.6,0,0,0.397959184,0.5,1,0.333333333,1,0,1,1,0.951219512
0,0.287671233,0.109384588,0.533333333,0,0,0.448979592,0.5,0.733333333,0.333333333,0.214285714,0,1,1,0.951219512
0,0.410958904,0.071367248,0.533333333,0,0,0.397959184,0.5,0.733333333,0.333333333,0.857142857,0,1,1,0.780487805
0,0.205479452,0.236770481,0.8,0,0,0.397959184,0.5,0.6,0.666666667,0.285714286,0.2,1,0,0.951219512
1,0.301369863,0.113283473,0.866666667,0,0.554407713,0.653061224,0.5,0.8,0.333333333,0.285714286,1,1,0,0.951219512
1,0.150684932,0.120586017,0.8,0,0,0.5,0.5,0.6,0.333333333,0.285714286,0,1,1,0.951219512
0,0.205479452,0.109882519,0.4,0,0,0.397959184,0.5,0.066666667,0.666666667,0.571428571,0.2,0.5,1,0.951219512
1,0.424657534,0.118542874,0.6,0,0,0.5,0.5,1,0.333333333,0.857142857,0,1,1,0.951219512
1,0.520547945,0.125236534,0.866666667,1,0,0.551020408,0.5,0.8,0.333333333,0.285714286,0,1,1,0.951219512
0,0.465753425,0.071014772,0.533333333,0,0,0.397959184,0.5,0.733333333,1,0.714285714,0.8,1,0,0.951219512
0,0.342465753,0.140964675,0.8,0,0,0.448979592,0.75,0.6,0.333333333,0.357142857,0,1,1,0.951219512
1,0.342465753,0.115658119,0.866666667,0,0,0.448979592,0.5,0.8,0.333333333,0.714285714,1,1,0,0.951219512
0,0.424657534,0.058475829,0.533333333,0,0,0.43877551,0.5,0.733333333,1,0.571428571,0.2,1,0,0.951219512
0,0.164383562,0.121744249,0.6,0,0,0.397959184,0.5,1,0.666666667,0.857142857,0.2,1,1,0.951219512
0,0.589041096,0.117354874,0.4,0,0,0.397959184,0.5,0.066666667,1,1,0.8,0.5,1,0.951219512
0,0.109589041,0.087673151,0.8,0,0,0.397959184,0.5,0.6,0.666666667,0.714285714,0.6,1,1,0.951219512
0,0.547945205,0.134896811,0.333333333,0,0,0.642857143,0.5,0,0,0.071428571,0.2,1,1,0.951219512
0,0,0.040616596,0.4,0,0,0.112244898,0.5,0.066666667,0.666666667,0.571428571,0.4,1,0,0.951219512
0,0.342465753,0.169213492,0.8,0,0,0.397959184,0.125,0.6,0.666666667,0.285714286,0.2,1,0,0.951219512
1,0.589041096,0.018311836,0.2,0,0,0.479591837,0.5,0.333333333,0.666666667,1,0.2,1,1,0.951219512
1,0.369863014,0.109597697,0.533333333,0,0,0.397959184,0.5,0.733333333,0.333333333,0.214285714,0,1,1,0.951219512
1,0.068493151,0.027271897,0.6,0,0,0.142857143,0,1,0.666666667,0,0.6,1,1,0
1,0.232876712,0.109551693,0.866666667,0.076880769,0,0.346938776,0.25,0.8,0.333333333,0.714285714,1,1,0,0.951219512
0,0.01369863,0.280918602,0.533333333,0,0,0.193877551,0.875,0.733333333,0.666666667,0.071428571,0.6,0.5,0,0.951219512
0,0.589041096,0.073765573,0.2,0.031370314,0,0.397959184,0.5,0.333333333,0.333333333,0.5,0,1,1,0.756097561
0,0.698630137,0.16367671,0.666666667,0,0,0.234693878,0.25,0.533333333,0.333333333,0.285714286,0,1,1,0.951219512
0,0.054794521,0.029212883,0.333333333,0,0,0.397959184,0.5,0,0.666666667,0.5,0.6,1,1,0.951219512
0,0.479452055,0.09379852,0.666666667,0,0,0.397959184,0.5,0.533333333,0.333333333,0.214285714,0,1,1,0.951219512
1,0.575342466,0.118529343,0.6,0,0,0.448979592,0.5,1,0.333333333,0.285714286,0,1,1,0.951219512
0,0.342465753,0.121039973,0.733333333,0,0,0.397959184,0.5,0.466666667,0,0.071428571,0.2,1,1,0.951219512
0,0.095890411,0.187823004,0.533333333,0,0,0.397959184,0.5,0.733333333,0.666666667,0.5,0.2,1,1,0.951219512
0,0.164383562,0.097782649,0.733333333,0,0,0.346938776,0.5,0.466666667,0,0.714285714,0.8,1,0,0.951219512
0,0.164383562,0.012773702,0.533333333,0,0,0.295918367,0.5,0.733333333,0,0.714285714,0.2,0.75,0,0.268292683
0,0.205479452,0.013833159,0.533333333,0,0,0.5,0.5,0.733333333,0.333333333,0.714285714,0,1,1,0.951219512
0,0.383561644,0.081372559,0.933333333,0,0.396235078,0.397959184,0.25,0.933333333,0,0.714285714,0.8,0.5,0,0.951219512
0,0.383561644,0.196398115,0.8,0,0,0.397959184,0.5,0.6,0,0.857142857,0.2,1,1,0.951219512
0,0.273972603,0.089829952,0.733333333,0,0,0.316326531,0,0.466666667,0.333333333,0,0,1,1,0.951219512
1,0.383561644,0.120908048,0.8,0.076880769,0,0.397959184,0.875,0.6,0.333333333,0.071428571,0,1,1,0.951219512
1,0.575342466,0.017784814,0.6,0,0,0.397959184,0.5,1,0.333333333,0.285714286,0,1,1,0.951219512
0,0.534246575,0.122348396,0.933333333,0,0,0.153061224,0.5,0.933333333,0.333333333,0.285714286,0,1,1,0.951219512
0,0.643835616,0.127007709,0.533333333,0,0,0.193877551,0,0.733333333,1,0,0.2,1,0,0.951219512
1,0.520547945,0.14552386,0.8,0,0,0.397959184,0.25,0.6,0.333333333,0.714285714,0,1,1,0.951219512
0,0.068493151,0.296752959,0.733333333,0,0,0.397959184,0.5,0.466666667,0.666666667,0.071428571,0.2,0.5,0,0.951219512
1,0.575342466,0.081617465,0.866666667,0,0,0.397959184,0.75,0.8,0.333333333,0.214285714,0,1,1,0.951219512
0,0.315068493,0.087474926,0.333333333,0,0,0.397959184,0.5,0,0.666666667,0.571428571,0.8,0.5,0,0.951219512
0,0.589041096,0.120923609,0.533333333,0,0,0.397959184,0,0.733333333,0.333333333,0,0,1,1,0.951219512
0,0.04109589,0.268384395,0.6,0.005940059,0,0.234693878,0.5,1,0.666666667,0.857142857,0.6,1,0,0.951219512
0,0.109589041,0.124990951,0.6,0,0,0.5,0.5,1,0.333333333,0.857142857,0,1,1,0.951219512
0,0.136986301,0.138855908,0.533333333,0,0,0.448979592,0.5,0.733333333,0.666666667,0.857142857,0.6,1,0,0.634146341
0,0.821917808,0.093109805,0.8,0,0,0.091836735,0.5,0.6,0.666666667,0.714285714,0.2,1,0,0.951219512
0,0.095890411,0.247233808,0.8,0,0,0.397959184,0,0.6,0.666666667,0,0.2,1,0,0.951219512
0,0.287671233,0.191379561,0.533333333,0,0,0.397959184,0,0.733333333,0.333333333,0,0,0.5,1,0.951219512
1,0.383561644,0.099810231,0.866666667,0,0.453856749,0.346938776,0.25,0.8,0.333333333,0.714285714,1,1,0,0.951219512
1,0.191780822,0.092617286,0.8,0,0,0.979591837,0.25,0.6,0.333333333,0.785714286,0,1,1,0.951219512
0,0.246575342,0.215889833,0.6,0,0,0.5,0.5,1,0.666666667,0.285714286,0.2,1,1,0.951219512
1,0.410958904,0.067596229,0.8,0.105201052,0,0.448979592,0.75,0.6,0.666666667,0.285714286,0.2,0.5,1,0.951219512
0,0.383561644,0.115899642,0.533333333,0,0,0.397959184,0.5,0.733333333,0,0.071428571,0.2,1,0,0.951219512
0,0,0.105892979,0.333333333,0,0,0.244897959,0.5,0,0.666666667,0.571428571,0.6,1,1,0.951219512
1,0.301369863,0.143092385,0.533333333,0,0,0.397959184,0.5,0.733333333,0.333333333,0.5,0,1,1,0.951219512
0,0.315068493,0.135628825,0.533333333,0,0,0.397959184,0.5,0.733333333,0,0.214285714,0.2,1,1,0.951219512
1,0.383561644,0.058906107,0.533333333,0,0,0.397959184,0.5,0.733333333,0.333333333,0.785714286,0,0.5,1,0.951219512
0,0.246575342,0.228546493,0.8,0,0,0.397959184,0.5,0.6,0.333333333,0.071428571,0,1,1,0.951219512
0,0.260273973,0.016331612,0.6,0,0,0.346938776,0.75,1,0,0.857142857,0.8,1,0,0.951219512
0,0.246575342,0.017246967,0.533333333,0,0,0.5,0.5,0.733333333,0.333333333,0.214285714,0,1,1,0.951219512
1,0.178082192,0.042542021,0.6,0,0,0.397959184,0.5,1,0.333333333,0.5,0,1,1,0.951219512
0,0.02739726,0.104097448,0.533333333,0,0,0.295918367,0.5,0.733333333,0.666666667,0.857142857,0.6,1,0,0.951219512
0,0.178082192,0.142699993,0.8,0,0,0.397959184,0.75,0.6,0.666666667,0.857142857,0.8,1,1,0.951219512
0,0.136986301,0.140101413,0.533333333,0,0,0.397959184,0.5,0.733333333,0.5,0.071428571,0.8,1,0,0.56097561
0,0.082191781,0.082334595,0.333333333,0,0,0.397959184,0.5,0,0.666666667,0.214285714,0.6,0.5,0,0.951219512
1,0.232876712,0.196806067,0.8,0,0,0.397959184,0.5,0.6,0.333333333,0.714285714,0,0.25,1,0
1,0.232876712,0.120385085,0.6,0,0,0.397959184,0.5,1,0.666666667,0.071428571,0.6,1,1,0.951219512
0,0.232876712,0.087649472,0.533333333,0,0,0.397959184,0.5,0.733333333,0.833333333,0.214285714,0.6,0.5,1,0.951219512
0,0.383561644,0.196461033,0.6,0,0.307621671,0.5,0.5,1,0.666666667,0.285714286,0.2,1,0,0.951219512
0,0.246575342,0.088348336,0.733333333,0,0,0.357142857,0.5,0.466666667,0.5,0.857142857,0.6,0.5,0,0.951219512
1,0.547945205,0.026202968,0.533333333,0,0,0.602040816,0.625,0.733333333,0.333333333,0.285714286,0,1,1,0.951219512
0,0.630136986,0.217935005,0.066666667,0,0,0.397959184,0.125,0.2,0.333333333,0.071428571,0,0.5,1,0.804878049
0,0.424657534,0.215264036,0.6,0,0,0.295918367,0.5,1,0.333333333,0.428571429,0,1,1,0.951219512
0,0.616438356,0.069752354,0.533333333,0,0,0.397959184,0.5,0.733333333,0.666666667,0.428571429,0.4,0.5,0,0.951219512
0,0.205479452,0.065070715,0.8,0,0,0.551020408,0.625,0.6,0.666666667,0.285714286,0.2,1,1,0.951219512
0,0.123287671,0.168003843,0.533333333,0,0,0.397959184,0.5,0.733333333,0.333333333,0.5,0,1,1,0.951219512
0,0.328767123,0.102138873,0.8,0,0,0.397959184,0.5,0.6,0.666666667,0.928571429,0.2,1,1,0.951219512
0,0.205479452,0.200708335,0.733333333,0,0,0.193877551,0.875,0.466666667,0.333333333,0.714285714,0,1,1,0.951219512
0,0.452054795,0.154681469,0.733333333,0,0.323232323,0.040816327,0.75,0.466666667,0.666666667,0.857142857,0.2,1,0,0.951219512
0,0.328767123,0.223175463,0.6,0,0,0.142857143,0.5,1,0,0.857142857,0.2,1,0,0.951219512
0,0.219178082,0.111214621,0.533333333,0,0,0.397959184,0.5,0.733333333,0.666666667,0.5,0.2,0.5,0,0.951219512
0,0.054794521,0.227828011,0.533333333,0,0,0.397959184,0.5,0.733333333,0.666666667,0.428571429,0.2,1,1,0.951219512
0,0.191780822,0.072307635,0.533333333,0,0,0.397959184,0.5,0.733333333,0.666666667,0.285714286,0.4,1,1,0
1,0.273972603,0.159476766,0.6,0,0.433195592,0.397959184,0.5,1,0.333333333,0.5,0,1,1,0.951219512
0,0.479452055,0.103778123,0.6,0,0,0.397959184,0.5,1,0.333333333,0.285714286,0,1,1,0.951219512
0,0.328767123,0.071888182,0.6,0,0,0.112244898,0.875,1,0,0.571428571,0.6,1,1,0.951219512
0,0.123287671,0.088828001,0.866666667,0,0,0.397959184,0.25,0.8,0.666666667,0.714285714,0.2,1,0,0.951219512
0,0.479452055,0.125184441,0.6,0,0,0.397959184,0.5,1,0.333333333,0.214285714,0,1,1,0.951219512
0,0.260273973,0.137013696,0.533333333,0,0,0.367346939,0.5,0.733333333,0,0.428571429,0.8,1,0,0.951219512
0,0.123287671,0.074902156,0.8,0,0,0.448979592,0.5,0.6,0.666666667,0.714285714,0.2,1,1,0.951219512
0,0.438356164,0.106371967,0.333333333,0,0,0.397959184,0.5,0,0.666666667,0.5,0.2,0.5,0,0.951219512
0,0.109589041,0.058179506,0.466666667,0,0,0.428571429,0.5,0.133333333,0.666666667,0.428571429,0.8,1,1,0.951219512
0,0.520547945,0.06024768,0.333333333,0,0,0.397959184,0.5,0,0.333333333,0.214285714,0,1,1,0.951219512
0,0.205479452,0.020506524,0.8,0,0,0.397959184,0.25,0.6,0,0.714285714,0.2,1,1,0.951219512
1,0.246575342,0.110498168,0.666666667,0,0,0.397959184,0.5,0.533333333,0,0.714285714,0.8,1,0,0.951219512
0,0,0.008636676,0.333333333,0,0,0.153061224,0.5,0,0.666666667,0.571428571,0.6,1,1,0.951219512
0,0.01369863,0.094159115,0.4,0,0,0.193877551,0.5,0.066666667,0.666666667,0.214285714,0.6,1,1,0.951219512
0,0.260273973,0.06422572,0.6,0,0,0.551020408,0.625,1,0,0.857142857,0.8,0.25,1,0.951219512
1,0.246575342,0.076887116,0.8,0,0,0.602040816,0.5,0.6,0.333333333,0.857142857,0,1,1,0.951219512
0,0.02739726,0.110420366,0.4,0,0,0.295918367,0,0.066666667,0.666666667,0,0.6,1,0,0.951219512
0,0.232876712,0.191845695,0.4,0,0,0.704081633,0.5,0.066666667,0,0.571428571,0.2,1,0,0.951219512
0,0,0.110479902,0.4,0,0,0.295918367,0.25,0.066666667,0.666666667,0.785714286,0.6,1,1,0.951219512
0,0.301369863,0.180142952,0.666666667,0,0.373737374,0.479591837,0.5,0.533333333,0.333333333,0.214285714,0,1,1,0.951219512
0,0.178082192,0.114453206,0.533333333,0,0,0.367346939,0.5,0.733333333,0,0.571428571,0.8,1,0,0.951219512
1,0.506849315,0.117123499,0.8,0,0,0.602040816,0.5,0.6,0.333333333,0.285714286,0,1,1,0.951219512
0,0.191780822,0.080699404,0.2,0,0,0.193877551,0.5,0.333333333,0,1,0.8,1,1,0.951219512
0,0.287671233,0.058759298,0.8,0,0,0.37755102,0.5,0.6,0.666666667,0.285714286,0.2,1,0,0.951219512
0,0.493150685,0.038359668,0.533333333,0,0,0.397959184,0.125,0.733333333,0.333333333,0.071428571,0,1,1,0.951219512
0,0.205479452,0.099384689,0.8,0,0,0.346938776,0.25,0.6,0.666666667,0.714285714,0.2,1,1,0.951219512
0,0.095890411,0.299473316,0.533333333,0,0,0.397959184,0.5,0.733333333,0.333333333,0.214285714,0,1,1,0.951219512
1,0.424657534,0.092634876,0.8,0,0,0.397959184,0.5,0.6,0,0.857142857,0.2,0.5,1,0.951219512
0,0.328767123,0.024944609,1,0,0,0.295918367,0.75,0.666666667,0.666666667,0.714285714,0.2,1,1,0.951219512
0,0.561643836,0.141060743,0.8,0,0,0.448979592,0.5,0.6,0,1,0.2,1,1,0.951219512
0,0.191780822,0.11390927,0.533333333,0,0,0.346938776,0.125,0.733333333,0.666666667,0.071428571,0.6,1,1,0.951219512
1,0.136986301,0.072958464,0.8,0,0.433195592,0.448979592,0.625,0.6,0.333333333,0.285714286,0,1,1,0.951219512
1,0.534246575,0.264382,0.6,0,0,0.5,0.75,1,0.333333333,0.214285714,0,1,1,0.951219512
0,0.178082192,0.12349648,0.6,0,0.399449036,0.397959184,0.5,1,0.333333333,0.214285714,0,1,1,0.951219512
0,0.191780822,0.111321514,0.333333333,0,0,0.397959184,0.5,0,0,0.857142857,0.4,1,0,0.951219512
0,0.397260274,0.017175254,0.533333333,0,0,0.142857143,0,0.733333333,0,0,0.2,1,0,0.951219512
0,0.136986301,0.164868092,0.8,0,0,0.397959184,0.5,0.6,0.333333333,0.5,0,1,1,0.951219512
0,0.287671233,0.18393765,0.933333333,0,0,0.5,0.5,0.933333333,0.666666667,0.714285714,0.2,1,1,0.951219512
0,0.273972603,0.016794363,0.533333333,0,0,0.602040816,0.5,0.733333333,0.333333333,0.571428571,1,0.25,0,0.731707317
0,0.328767123,0.057501615,0.533333333,0,0,0.5,0.5,0.733333333,0.333333333,1,0,1,1,0.951219512
0,0.356164384,0.063331338,0.6,0,0,0.397959184,0.25,1,0,0.785714286,0.8,1,0,0.951219512
1,0.356164384,0.014507667,0.8,0,0,0.448979592,0.625,0.6,0.333333333,0.857142857,0,1,1,0.951219512
0,0.534246575,0.172840408,0.533333333,0,0,0.397959184,0.25,0.733333333,0.333333333,0.571428571,0,1,1,0.951219512
0,0.205479452,0.165604841,0.6,0,0,0.367346939,0.5,1,0.5,1,0.2,1,0,0.951219512
0,0.123287671,0.189476462,0.2,0,0,0.397959184,0.5,0.333333333,0.333333333,0.5,0,0.75,1,0.951219512
1,0.232876712,0.203938124,0.8,0,0,0.602040816,0.75,0.6,0.333333333,0.857142857,0,1,1,0.951219512
0,0.479452055,0.039955619,0.866666667,0,0,0.397959184,0.875,0.8,0.333333333,0.714285714,0,1,1,0.951219512
0,0.109589041,0.258799214,0.6,0,0,0.193877551,0,1,0.833333333,0,0.8,1,0,0.951219512
0,0.123287671,0.062610149,0.866666667,0.005940059,0,0.346938776,0.5,0.8,0.666666667,0.285714286,0.2,1,0,0.951219512
0,0.219178082,0.056961062,0.866666667,0,0,0.397959184,0.25,0.8,0.666666667,0.714285714,0.2,1,0,0.268292683
0,0.095890411,0.183563525,0.8,0,0,0.397959184,0.5,0.6,0.333333333,0.714285714,0,1,1,0.951219512
0,0.287671233,0.039719508,0.533333333,0,0,0.448979592,0.5,0.733333333,0,0.714285714,0.2,1,1,0.951219512
0,0.191780822,0.028452455,0.533333333,0,0,0.448979592,0.5,0.733333333,0.333333333,0.428571429,0,1,1,0.951219512
0,0.164383562,0.089640522,0.533333333,0,0,0.397959184,0.5,0.733333333,0.666666667,0.571428571,0.2,0.5,0,0.951219512
0,0.178082192,0.143545665,0.4,0,0,0.5,0.5,0.066666667,0.333333333,1,0,1,1,0.951219512
1,0.698630137,0.149967357,0.866666667,0,0,0.397959184,0.25,0.8,1,0.714285714,0.8,0.5,0,0.951219512
1,0.287671233,0.03826157,0.6,0,0,0.397959184,0.125,1,0.333333333,0.285714286,0,1,1,0.951219512
0,0.054794521,0.261275341,0.6,0,0,0.397959184,0,1,0.666666667,0,0.6,1,0,0.951219512
1,0.273972603,0.164187496,0.533333333,0,0,0.397959184,0.5,0.733333333,0.333333333,0.428571429,1,1,0,0.951219512
0,0.246575342,0.01756291,0.6,0,0,0.602040816,0.5,1,0.333333333,0.214285714,0,1,1,0.951219512
0,0.506849315,0.179988702,0.533333333,0,0,0.428571429,0.5,0.733333333,0.5,0.285714286,0.2,1,0,0.951219512
0,0.178082192,0.184250887,0.533333333,0,0,0.397959184,0.5,0.733333333,0.333333333,1,0,1,1,0.951219512
0,0.205479452,0.15125819,0.6,0,0,0.448979592,0.5,1,0,0.285714286,0.2,1,0,0.951219512
0,0.109589041,0.1146927,0.533333333,0,0,0.397959184,0.5,0.733333333,0.666666667,0.214285714,0.4,1,0,0.951219512
0,0.342465753,0.097620956,0.8,0,0,0.397959184,0.5,0.6,0.333333333,0.857142857,1,1,0,0.804878049
1,0.301369863,0.05862602,0.8,0,0,0.397959184,0.5,0.6,0.666666667,0.714285714,0.2,1,1,0.951219512
1,0.287671233,0.062826641,0.8,0,0,0.448979592,0.5,0.6,0.333333333,0.714285714,0,1,1,0.951219512
0,0.287671233,0.23893946,0.666666667,0,0,0.142857143,0,0.533333333,0.666666667,0,0.6,1,1,0.951219512
0,0.273972603,0.074405577,0.533333333,0,0,0.418367347,0,0.733333333,0,0,0.2,0.25,0,0
1,0.273972603,0.100706643,0.666666667,0,0,0.397959184,0.5,0.533333333,0.333333333,0.214285714,0,1,1,0.780487805
0,0.301369863,0.079365949,0.8,0.034640346,0,0.397959184,0.5,0.6,0.333333333,0.857142857,0,1,1,0.951219512
0,0.506849315,0.01190841,0.533333333,0,0,0.56122449,0.25,0.733333333,0.333333333,0.285714286,0,1,1,0.951219512
0,0.095890411,0.110206581,0.533333333,0,0,0.397959184,0.5,0.733333333,0.666666667,0.071428571,0.2,1,0,0.951219512
0,0.589041096,0.073601174,1,0,0,0.193877551,0.75,0.666666667,0,0.857142857,0.2,1,1,0.951219512
0,0.164383562,0.017010855,0.533333333,0,0,0.295918367,0.75,0.733333333,0.333333333,0.571428571,1,1,0,0.951219512
0,0.219178082,0.368762918,0.533333333,0,0,0.397959184,0.25,0.733333333,0.333333333,0.428571429,0,0.5,1,0.951219512
1,0.123287671,0.128371608,0.8,0,0,0.397959184,0.5,0.6,0.333333333,1,0,1,1,0.951219512
0,0.02739726,0.154374321,0.6,0,0.367768595,0.397959184,0.5,1,0.5,0.857142857,0.6,1,0,0.951219512
0,0.01369863,0.146339764,0.533333333,0,0,0.173469388,0.5,0.733333333,0.666666667,1,0.6,1,1,0.951219512
1,0.452054795,0.152615324,0.533333333,0,0.433195592,0.551020408,0.5,0.733333333,0.333333333,0.857142857,0,1,1,0.951219512
0,0.082191781,0.219012053,0.8,0,0,0.316326531,0.25,0.6,0.666666667,0.071428571,0.2,1,1,0.951219512
0,0.287671233,0.062208286,0.733333333,0.014710147,0,0.397959184,0.125,0.466666667,0,0.071428571,0.8,1,0,0.951219512
0,0.671232877,0.061144092,0.2,0,0,0.5,0.625,0.333333333,0.333333333,0.285714286,0,1,1,0.951219512
0,0.328767123,0.188946056,0.6,0,0,0.428571429,0.5,1,0.333333333,0.857142857,0,1,1,0.951219512
0,0.054794521,0.149045237,0.6,0,0,0.071428571,0.5,1,0.666666667,0.857142857,0.6,1,1,0.951219512
0,0.342465753,0.105150817,0.6,0,0,0.173469388,0,1,0,0,0.2,1,0,0.951219512
1,0.287671233,0.137409471,0.666666667,0.07298073,0,0.448979592,0.5,0.533333333,0.333333333,0.714285714,1,1,0,0.951219512
1,0.506849315,0.101448805,0.866666667,0,0,0.5,0.5,0.8,0,0.285714286,0.2,1,1,0.951219512
0,0.328767123,0.229867771,0.733333333,0,0,0.397959184,0.25,0.466666667,0.666666667,0.285714286,0.2,1,1,0.951219512
0,0.068493151,0.07243956,0.8,0,0,0.397959184,0.5,0.6,0.666666667,0.285714286,0.6,0.25,0,0.951219512
0,0.082191781,0.140212365,0.533333333,0,0,0.397959184,0.5,0.733333333,0.666666667,0.285714286,0.6,1,1,0.951219512
1,0.493150685,0.09552775,0.8,0,0,0.397959184,0.875,0.6,0.333333333,0.928571429,0,1,1,0.951219512
0,0.506849315,0.112062999,0.866666667,0,0,0.602040816,0.5,0.8,0.333333333,0.714285714,0,1,1,0.951219512
1,0.260273973,0.077317394,0.533333333,0,0,0.448979592,0.5,0.733333333,0.333333333,0.714285714,0,1,1,0.170731707
1,0.287671233,0.209495202,1,0,0,0.397959184,0.875,0.666666667,0.333333333,0.714285714,0,1,1,0.951219512
0,0.506849315,0.085068482,0.533333333,0,0,0.397959184,0.5,0.733333333,0.333333333,0.071428571,1,1,0,0.951219512
1,0.383561644,0.174923467,0.866666667,0,0,0.5,0.5,0.8,0,0.285714286,0.2,1,0,0.951219512
0,0.369863014,0.024039402,0.533333333,0,0,0.602040816,0.75,0.733333333,0,0.285714286,0.8,1,0,0.951219512
0,0.246575342,0.110239731,0.533333333,0,0,0.397959184,0.5,0.733333333,0,0.428571429,0.4,1,1,0.951219512
0,0.410958904,0.060910687,0.533333333,0,0,0.397959184,0.5,0.733333333,0.833333333,0.214285714,0.6,1,1,0.951219512
0,0.356164384,0.132195398,0.533333333,0,0,0.397959184,0.5,0.733333333,0.333333333,0.5,0,1,1,0.951219512
1,0.191780822,0.154249162,0.8,0,0,0.397959184,0.5,0.6,0.333333333,0.071428571,1,1,0,0.951219512
0,0.273972603,0.131528332,0.533333333,0,0,0.448979592,0.5,0.733333333,0,0.928571429,0.6,1,1,0.951219512
1,0.287671233,0.012683722,0.8,0.07298073,0,0.397959184,0.5,0.6,0.333333333,0.857142857,0,1,1,0.951219512
1,0.178082192,0.016303197,0.8,0,0,0.397959184,0.5,0.6,0.333333333,0.857142857,0,1,1,0.634146341
0,0.164383562,0.245443014,0.2,0,0,0.397959184,0.5,0.333333333,0.333333333,0.571428571,1,1,0,0.634146341
1,0.273972603,0.104951239,0.933333333,0,0,0.602040816,0.5,0.933333333,0.333333333,0.714285714,0,1,1,0.951219512
0,0.547945205,0.224043461,0.533333333,0,0,0.397959184,0.25,0.733333333,0,0.785714286,0.2,1,0,0.951219512
1,0.493150685,0.095070411,0.533333333,0.051780518,0,0.448979592,0.625,0.733333333,0.333333333,0.214285714,0,1,1,0.951219512
0,0.04109589,0.051380305,0.6,0,0,0.397959184,0.5,1,0.666666667,0.071428571,0.2,1,0,0.951219512
0,0.493150685,0.056678269,0.8,0,0,0.397959184,0.5,0.6,0.333333333,0.285714286,0,1,1,0.292682927
1,0.219178082,0.106618227,0.8,0.03103031,0,0.469387755,0.5,0.6,0.333333333,0.714285714,0,1,1,0.951219512
0,0.01369863,0.020085041,0.4,0,0,0.040816327,0.5,0.066666667,0.666666667,0.071428571,0.6,1,0,0.951219512
1,0.287671233,0.138733454,0.666666667,0.143441434,0,0.397959184,0.5,0.533333333,0,0.714285714,0.2,1,0,0.951219512
1,0.424657534,0.110524553,0.733333333,0.140841408,0,0.397959184,0,0.466666667,0,0,0.2,1,0,0.951219512
0,0.178082192,0.11275645,0.533333333,0,0,0.397959184,0.5,0.733333333,0.666666667,0.428571429,0.6,1,1,0.951219512
0,0.123287671,0.178835206,0.6,0,0,0.397959184,0.5,1,0.333333333,0.785714286,0,1,1,0.951219512
0,0.219178082,0.24406626,0.533333333,0,0,0.336734694,0.125,0.733333333,0.666666667,1,0.2,0.5,1,0.268292683
0,0.273972603,0.112094796,0.6,0,0,0.704081633,0.5,1,0.333333333,0.5,0,1,1,0.951219512
0,0.397260274,0.036025614,0.8,0,0,0.602040816,0.75,0.6,0.333333333,0.357142857,0,1,1,0.951219512
1,0.260273973,0.236519486,0.6,0,0,0.397959184,0.5,1,0.333333333,0.214285714,0,1,1,0
0,0.205479452,0.105440375,0.733333333,0.02597026,0,0.479591837,0.5,0.466666667,0,0.857142857,0.2,1,1,0.951219512
0,0.205479452,0.188536751,0.8,0,0.365013774,0.397959184,0.5,0.6,0.666666667,0.857142857,0.2,1,0,0.951219512
0,0.630136986,0.029538297,0.533333333,0,0,0.397959184,0.5,0.733333333,0.333333333,0.214285714,0,1,1,0.951219512
1,0.506849315,0.14386499,0.866666667,0,0,0.5,0.25,0.8,0.333333333,0.714285714,0,1,1,0.951219512
0,0.219178082,0.104879526,0.8,0,0,0.397959184,0.5,0.6,0.666666667,0.071428571,0.2,1,1,0.951219512
0,0.054794521,0.06588256,0.6,0,0,0.397959184,0.5,1,0.666666667,0.571428571,0.6,1,1,0.951219512
0,0.136986301,0.112592051,0.866666667,0,0,0.397959184,0.5,0.8,0.666666667,0.5,0.2,1,0,0.951219512
0,0.123287671,0.319012391,0.2,0,0,0.397959184,0.5,0.333333333,0.666666667,0.428571429,0.8,1,1,0.317073171
1,0.123287671,0.264331936,0.8,0,0,0.581632653,0.5,0.6,0.333333333,0.714285714,0,1,1,0.951219512
0,0.02739726,0.032746437,0.6,0,0,0.346938776,0,1,0.666666667,0,0.6,1,1,0.951219512
0,0.260273973,0.132116243,0.533333333,0,0,0.5,0.5,0.733333333,0.333333333,0.214285714,0,1,1,0.951219512
0,0.082191781,0.224605663,0.6,0,0,0.244897959,0.5,1,0,0.285714286,0.8,1,0,0.951219512
0,0.123287671,0.202594521,0.533333333,0,0,0.387755102,0.5,0.733333333,0.833333333,0.571428571,0.8,1,0,0.951219512
0,0.301369863,0.065668774,0.666666667,0,0,0.397959184,0.5,0.533333333,0.833333333,0.071428571,0.2,1,0,0.951219512
1,0.342465753,0.133000477,0.6,0,0,0.397959184,0.5,1,0.333333333,0.285714286,1,1,0,0.195121951
0,0.657534247,0.169243259,0.4,0,0,0.193877551,0.5,0.066666667,0.333333333,0.571428571,0,1,1,0.951219512
0,0.054794521,0.129855255,0.6,0,0,0.346938776,0,1,0.666666667,0,0.8,1,0,0.951219512
1,0.383561644,0.077027836,0.8,0,0,0.397959184,0.5,0.6,0.333333333,0.285714286,0,1,1,0.951219512
1,0.301369863,0.099371835,0.666666667,0,0.689623508,0.397959184,0.5,0.533333333,1,0.285714286,0.8,1,0,0.951219512
1,0.534246575,0.05927076,0.333333333,0,0,0.295918367,0.5,0,0.333333333,0.857142857,1,0.25,0,0.585365854
1,0.397260274,0.104778045,0.6,0,0,0.704081633,0.25,1,0.333333333,0.785714286,0,1,1,0.951219512
0,0.342465753,0.120749739,0.8,0,0,0.397959184,0.5,0.6,0,0.071428571,0.2,1,0,0.951219512
0,0.205479452,0.050417593,0.6,0,0,0.37755102,0.5,1,0.666666667,0.571428571,0.6,1,0,0.951219512
0,0,0.145249186,0.466666667,0,0,0.163265306,0.5,0.133333333,0.666666667,0.428571429,0.6,1,1,0.951219512
0,0.342465753,0.144040213,0.533333333,0,0,0.397959184,0.5,0.733333333,0.333333333,0.214285714,0,1,1,0.951219512
0,0.246575342,0.110239731,0.6,0,0,0.397959184,0.5,1,0.666666667,0.071428571,0.2,1,1,0.951219512
0,0.150684932,0.165750297,0.533333333,0,0,0.397959184,0.5,0.733333333,0.666666667,1,0.6,1,1,0.951219512
0,0.369863014,0.055760885,0.8,0,0,0.397959184,0.5,0.6,0.5,0.857142857,0.8,0.25,1,0.609756098
0,0.232876712,0.021770295,1,0,0,0.602040816,0.875,0.666666667,0.666666667,0.714285714,0.2,1,0,0.951219512
1,0.356164384,0.065216171,0.6,0,0,0.397959184,0.5,1,0.333333333,0.5,0,1,1,0.951219512
1,0.452054795,0.01387984,0.8,0,0,0.397959184,0.125,0.6,0.333333333,0.285714286,1,0,0,0.951219512
0,0.452054795,0.120916167,0.533333333,0,0,0.397959184,0.125,0.733333333,0.833333333,0.857142857,0.4,0,0,0.951219512
0,0.671232877,0.104305822,0.4,0,0,0.255102041,0.5,0.066666667,0.333333333,0.857142857,0,1,1,0.951219512
0,0.109589041,0.215469703,0.266666667,0,0,0.397959184,0.5,0.4,0.333333333,0.5,0,1,1,0.951219512
0,0.095890411,0.137625963,0.6,0,0,0.346938776,0.5,1,0.666666667,0.571428571,0.2,1,1,0.951219512
0,0.136986301,0.081477422,0.533333333,0,0,0.397959184,0.25,0.733333333,0.666666667,1,0.6,0.5,1,0.951219512
0,0.260273973,0.154186921,0.533333333,0.413104131,0,0.908163265,0.75,0.733333333,0.333333333,0.285714286,0,0.25,1,0.853658537
1,0.301369863,0.18393765,0.533333333,0,0.359044995,0.5,0.5,0.733333333,0.666666667,0.214285714,0.2,1,1,0.951219512
1,0.232876712,0.082843351,0.866666667,0.076880769,0,0.551020408,0.5,0.8,0.333333333,0.714285714,0,1,1,0.951219512
1,0.794520548,0.076025884,0.533333333,0,0,0.397959184,0.5,0.733333333,0.666666667,0.071428571,0.2,1,0,0.951219512
0,0.397260274,0.206322242,0.533333333,0,0,0.244897959,0.75,0.733333333,0.333333333,0.214285714,0,1,1,0.951219512
0,0.397260274,0.131296956,0.133333333,0,0,0.397959184,0,0.266666667,0.333333333,0,1,1,0,0.634146341
0,0.383561644,0.236488365,0.533333333,0,0,0.397959184,0.5,0.733333333,1,0.214285714,0.2,1,0,0.951219512
1,0.342465753,0.143072765,0.866666667,0,0,0.397959184,0.5,0.8,0.333333333,0.071428571,0,1,1,0.951219512
0,0.068493151,0.229797411,0.6,0,0,0.193877551,0.5,1,0.666666667,0.714285714,0.8,1,0,0.951219512
0,0.534246575,0.101491427,0.533333333,0,0,0.397959184,0.5,0.733333333,1,0.071428571,0.8,1,0,0.951219512
0,0.164383562,0.093751839,0.6,0,0,0.397959184,0.5,1,0.666666667,0.071428571,0.2,1,0,0.585365854
0,0.287671233,0.152510461,0.8,0,0,0.602040816,0.5,0.6,0.333333333,0.285714286,0,1,1,0.951219512
0,0.02739726,0.178337951,0.4,0,0,0.397959184,0.5,0.066666667,0.666666667,0.428571429,0.6,1,1,0.634146341
1,0.315068493,0.089636463,0.533333333,0,0,0.5,0.5,0.733333333,0.333333333,0.285714286,0,1,1,0.951219512
0,0.205479452,0.070159629,0.4,0,0,0.602040816,0.5,0.066666667,0.333333333,0.571428571,1,1,0,0.951219512
0,0.383561644,0.092373733,0.2,0,0,0.397959184,0.5,0.333333333,0.333333333,0.5,0,0,1,0.951219512
0,0.150684932,0.133061365,0.266666667,0,0,0.397959184,0.5,0.4,0.666666667,0.5,0.8,0.75,1,0.634146341
1,0.232876712,0.178032832,0.6,0.051780518,0,0.397959184,0.5,1,0.333333333,0.714285714,0,1,1,0.951219512
0,0.452054795,0.081306258,0.066666667,0,0,0.397959184,0.5,0.2,0.5,0.571428571,0.2,1,1,0.634146341
1,0.452054795,0.078382264,0.8,0,0,0.5,0.5,0.6,0.333333333,0.285714286,0,1,1,0.951219512
0,0.136986301,0.088177172,0.8,0,0,0.397959184,0.5,0.6,0.666666667,0.714285714,0.2,1,0,0.951219512
0,0.369863014,0.123942318,0.533333333,0,0,0.704081633,0.75,0.733333333,0.333333333,0.857142857,0,0.5,1,0.56097561
0,0.260273973,0.108914394,0.866666667,0,0,0.397959184,0.875,0.8,0.666666667,0.714285714,0.2,0.5,0,0.951219512
0,0.287671233,0.100622076,0.6,0,0,0.316326531,0.5,1,0,0.714285714,0.2,1,0,0.951219512
0,0.260273973,0.067039439,0.333333333,0,0,0.397959184,0.5,0,0.333333333,0.214285714,0,1,1,0.951219512
0,0.260273973,0.140997825,0.533333333,0,0,0.397959184,0.5,0.733333333,0,0.5,0.2,1,1,0.951219512
0,0.136986301,0.219114886,0.6,0,0,0.397959184,0.5,1,0.666666667,0.071428571,0.4,1,0,0.951219512
0,0.164383562,0.054107427,0.533333333,0,0,0.479591837,0.25,0.733333333,0.666666667,0.785714286,0.6,1,1,0.951219512
1,0.328767123,0.016484509,0.866666667,0,0.424242424,0.397959184,0.125,0.8,0.333333333,0.285714286,0,1,1,0.951219512
0,0.123287671,0.018506679,0.6,0,0,0.602040816,0,1,0.666666667,0,0.2,1,1,0.951219512
0,0.178082192,0.117247305,0.8,0,0,0.397959184,0.875,0.6,0.666666667,0.285714286,0.6,1,0,0.951219512
0,0.397260274,0.050019789,0.8,0,0,0.397959184,0.5,0.6,0,0.857142857,0.2,1,0,0.951219512
0,0.246575342,0.078878166,0.2,0,0,0.397959184,0.75,0.333333333,0.333333333,0.357142857,0,1,1,0.951219512
0,0.315068493,0.11917273,0.533333333,0,0,0.397959184,0.75,0.733333333,0.833333333,0.285714286,0.4,1,1,0.951219512
1,0.397260274,0.103425647,0.8,0,0,0.397959184,0.25,0.6,0.333333333,0.714285714,1,1,0,0.951219512
0,0.04109589,0.127099718,0.533333333,0,0,0.37755102,0.5,0.733333333,0.666666667,0.571428571,0.6,1,0,0.951219512
0,0.219178082,0.073216901,0.8,0,0,0.602040816,0.25,0.6,0,0.785714286,0.8,1,0,0.268292683
1,0.479452055,0.167130433,0.533333333,0,0,0.397959184,0.5,0.733333333,0.333333333,0.214285714,0,1,1,0.951219512
1,0.232876712,0.191891023,0.6,0,0,0.397959184,0.5,1,0.666666667,0.5,0.2,1,1,0.219512195
0,0.863013699,0.160811574,0.2,0,0,0.234693878,0.5,0.333333333,1,0.571428571,0.2,1,0,0.951219512
1,0.082191781,0.149511371,0.8,0.086140861,0,0.704081633,0.5,0.6,0,0.071428571,0.2,1,0,0.951219512
1,0.561643836,0.033278196,0.533333333,0,0,0.551020408,0.75,0.733333333,0.333333333,0.857142857,0,1,1,0.951219512
0,0.178082192,0.227524245,0.333333333,0,0,0.397959184,0.5,0,0.333333333,0.214285714,0,1,1,0.951219512
0,0.095890411,0.103554189,0.533333333,0,0,0.5,0,0.733333333,0.833333333,0,0.2,0.5,1,0.268292683
0,0.452054795,0.156305159,0.533333333,0,0,0.448979592,0.5,0.733333333,0.5,1,0.2,1,1,0.951219512
0,0.04109589,0.17705253,0.533333333,0,0,0.397959184,0.5,0.733333333,0.666666667,1,0.6,1,1,0.951219512
0,0.136986301,0.133973338,0.533333333,0,0,0.275510204,0.5,0.733333333,0.666666667,0.428571429,0.4,1,1,0.317073171
0,0.150684932,0.257220852,0.533333333,0,0,0.397959184,0.5,0.733333333,0.333333333,0.857142857,1,1,0,0.951219512
0,0.232876712,0.184300951,0.6,0,0,0.520408163,0.125,1,0.333333333,0.5,0,0.5,1,0.951219512
0,0.232876712,0.022906878,0.6,0,0,0.397959184,0.5,1,0,0.428571429,0.8,1,0,0.951219512
0,0.01369863,0.084811398,0.4,0,0,0.142857143,0.5,0.066666667,0.666666667,0.571428571,0.6,1,0,0.951219512
1,0.205479452,0.071892918,0.8,0,0,0.346938776,0.5,0.6,0.333333333,0.071428571,1,1,0,0
0,0.287671233,0.182315314,0.2,0,0,0.295918367,0,0.333333333,0,0,0.8,0.5,0,0.951219512
0,0.438356164,0.297755587,0.6,0,0,0.602040816,0.5,1,0.833333333,0.285714286,0.8,0.5,0,0.951219512
0,0.698630137,0.101114595,0.333333333,0,0,0.153061224,0.5,0,0.333333333,0.857142857,0,1,1,0.951219512
0,0.123287671,0.110764724,0.533333333,0,0,0.397959184,0.5,0.733333333,0,0.071428571,0.6,1,0,0.951219512
0,0.273972603,0.033307963,0.533333333,0,0,0.5,0.5,0.733333333,0.333333333,0.857142857,0,1,1,0.951219512
0,0.082191781,0.107008589,0.6,0,0,0.040816327,0,1,0.666666667,0,0.6,1,1,0.951219512
1,0.150684932,0.016963497,0.8,0,0,0.602040816,0.5,0.6,0.333333333,0.857142857,0,1,1,0.951219512
0,0.356164384,0.103526451,0.533333333,0,0,0.397959184,0.875,0.733333333,0.333333333,0.785714286,0,1,1,0.951219512
0,0.342465753,0.116946246,0.6,0,0,0.571428571,0.5,1,0.333333333,1,0,1,1,0.951219512
0,0.246575342,0.043699577,0.2,0,0,0.397959184,0.5,0.333333333,0.333333333,0.071428571,0,1,1,0.536585366
0,0.273972603,0.091913011,0.533333333,0,0,0.397959184,0.5,0.733333333,0.666666667,0.5,0.8,0.5,0,0.951219512
0,0.465753425,0.196101792,0.4,0,0,0.397959184,0.5,0.066666667,0.666666667,0.571428571,0.2,0.5,0,0.951219512
0,0.04109589,0.11097648,0.466666667,0,0,0.397959184,0.5,0.133333333,0.666666667,0.071428571,0.6,1,0,0.634146341
0,0.109589041,0.118591585,0.533333333,0,0,0.397959184,0.5,0.733333333,0.333333333,0.214285714,0,1,1,0.951219512
0,0.315068493,0.179419734,0.2,0,0,0.397959184,0.5,0.333333333,0.333333333,0.5,0,1,1,0.951219512
0,0.178082192,0.123943672,0.533333333,0,0,0.397959184,0.5,0.733333333,0.666666667,0.642857143,0.6,1,0,0.317073171
0,0.164383562,0.044296283,0.533333333,0,0,0.448979592,0.5,0.733333333,0.333333333,0.071428571,0,1,1,0.951219512
0,0.095890411,0.113075099,0.8,0,0,0.193877551,0.5,0.6,0.666666667,0.071428571,0.6,1,0,0.951219512
0,0.178082192,0.412624863,0.6,0,0,0.051020408,0.5,1,0.333333333,0.571428571,1,1,0,0.951219512
1,0.410958904,0.164858621,0.933333333,0.150241502,0,0.5,0.5,0.933333333,0.333333333,0.714285714,0,1,1,0.951219512
0,0.301369863,0.321491224,0.533333333,0,0,0.397959184,0.5,0.733333333,1,0.428571429,0.8,1,1,0
0,0.369863014,0.064010581,0.533333333,0,0,0.683673469,0.5,0.733333333,0.333333333,0.857142857,0,1,1,0.951219512
0,0.260273973,0.159300866,0.533333333,0,0,0.448979592,0.5,0.733333333,0.333333333,1,0,0.5,1,0.951219512
1,0.273972603,0.076887116,0.733333333,0.076880769,0,0.5,0.5,0.466666667,0.333333333,0.285714286,0,1,1,0.951219512
1,0.465753425,0.141658125,0.866666667,0.150241502,0,0.5,0.5,0.8,0.333333333,0.857142857,0,1,1,0.951219512
0,0.589041096,0.276404069,0.733333333,0,0,0.397959184,0.5,0.466666667,0,0.642857143,0.4,1,0,0
0,0.301369863,0.094410787,0.333333333,0,0,0.397959184,0.75,0,0.333333333,0.214285714,0,1,1,0.951219512
0,0.068493151,0.068179404,0.8,0,0,0.06122449,0.5,0.6,0.666666667,0.285714286,0.6,1,0,0.951219512
0,0.684931507,0.125551801,0.6,0,0,0.397959184,0.5,1,0,0.071428571,0.2,1,0,0.951219512
0,0.684931507,0.112706386,0.2,0,0,0.112244898,0.75,0.333333333,0.333333333,0.357142857,0,1,1,0.951219512
0,0.082191781,0.343644439,0.6,0,0,0.448979592,0.5,1,0.666666667,0.714285714,0.2,1,0,0.951219512
0,0.01369863,0.12605988,0.466666667,0.005940059,0,0.193877551,0.5,0.133333333,0.666666667,0.214285714,0.6,1,1,0.951219512
0,0.054794521,0.086920842,0.6,0,0,0.112244898,0.875,1,0.666666667,0.071428571,0.6,1,0,0.951219512
0,0.04109589,0.086920842,0.6,0,0,0.193877551,0.5,1,0.666666667,0.571428571,0.6,1,0,0.951219512
0,0.01369863,0.087504017,0.6,0.021760218,0,0.193877551,0.5,1,0.666666667,0.928571429,0.6,1,1,0.951219512
0,0.479452055,0.018055429,0.8,0,0,0.397959184,0.125,0.6,0.833333333,0.071428571,0.8,0.5,0,0.951219512
0,0.726027397,0.181551503,0.533333333,0.023290233,0,0.193877551,0.75,0.733333333,1,0.571428571,0.4,1,0,0.951219512
0,0.342465753,0.018292893,0.533333333,0,0,0.397959184,0.5,0.733333333,0.333333333,0.857142857,0,1,1,0.951219512
0,0.123287671,0.062114247,0.8,0,0,0.397959184,0.5,0.6,0.666666667,0.285714286,0.2,1,1,0.951219512
0,0.616438356,0.044380173,0.066666667,0,0,0.397959184,0.5,0.2,0.333333333,0.571428571,0,0.25,1,0.731707317
0,0.534246575,0.082856205,0.533333333,0,0,0.397959184,0.5,0.733333333,0.666666667,0.571428571,0.2,0.5,0,0.951219512
0,0.465753425,0.140527631,0.8,0,0,0.397959184,0.75,0.6,0,0.857142857,0.8,1,0,0.951219512
0,0.164383562,0.081865755,0.6,0,0,0.397959184,0.5,1,0.666666667,0.071428571,0.6,0.5,1,0.951219512
0,0.095890411,0.057207321,0.6,0,0,0.193877551,0,1,0.666666667,0,0.2,1,0,0.951219512
1,0.397260274,0.061217158,0.866666667,0,0.453856749,0.397959184,0.5,0.8,0.333333333,0.928571429,0,1,1,0.951219512
0,0.260273973,0.211816401,0.6,0,0,0.397959184,0.5,1,0.333333333,0.214285714,0,1,1,0.951219512
1,0.397260274,0.158822554,0.533333333,0,0,0.397959184,0.5,0.733333333,0.333333333,1,0,1,1,0.951219512
0,0.534246575,0.136686252,0.4,0,0,0.397959184,0.75,0.066666667,0.333333333,0.214285714,0,1,1,0.951219512
1,0.479452055,0.129455421,0.8,0,0.436639118,0.653061224,0.5,0.6,0.333333333,0.285714286,0,1,1,0.951219512
0,0.616438356,0.088938276,0.533333333,0,0,0.397959184,0.5,0.733333333,0,0.571428571,0.2,1,0,0.951219512
1,0.328767123,0.063509267,0.533333333,0.143441434,0,0.479591837,0.5,0.733333333,0.666666667,0.5,0.6,1,1,0.951219512
0,0.534246575,0.015114521,0.6,0,0.454545455,0.397959184,0.5,1,0,0.285714286,0.2,1,0,0.951219512
0,0.095890411,0.072302223,0.533333333,0,0,0.397959184,0.5,0.733333333,0.666666667,0.428571429,0.6,1,1,0.951219512
0,0.589041096,0.156648163,0.866666667,0,0,0.5,0.5,0.8,0,0.714285714,0.2,1,0,0.951219512
0,0.219178082,0.16235002,0.933333333,0,0,0.397959184,0.5,0.933333333,0.666666667,0.714285714,0.2,1,0,0.951219512
0,0.219178082,0.107978067,0.466666667,0,0,0.346938776,0.5,0.133333333,0.666666667,0.857142857,0.6,1,0,0.951219512
1,0.383561644,0.197741718,0.8,0,0,0.602040816,0.5,0.6,0.333333333,0.285714286,0,0.25,1,0.073170732
0,0.136986301,0.082377217,0.4,0,0,0.448979592,0.5,0.066666667,0.666666667,0.214285714,0.2,1,1,0.951219512
0,0.287671233,0.146775454,0.533333333,0,0,0.397959184,0.5,0.733333333,0.333333333,1,0,0.75,1,0.804878049
0,0.095890411,0.090940827,0.6,0,0,0.295918367,0.5,1,0.666666667,0.571428571,0.2,1,0,0.951219512
1,0.616438356,0.174416064,0.866666667,0,0,0.397959184,0.5,0.8,0.333333333,0.714285714,0,1,1,0.951219512
1,0.397260274,0.155366802,0.4,0.076880769,0,0.397959184,0.5,0.066666667,0.333333333,0.571428571,0,0.5,1,0.951219512
0,0.424657534,0.159509916,0.8,0.050130501,0,0.448979592,0.5,0.6,0.333333333,0.285714286,0,1,1,0.951219512
1,0.643835616,0.152421158,0.2,0,0,0.479591837,0.5,0.333333333,0.333333333,1,0,1,1,0.634146341
0,0.191780822,0.156546006,0.6,0,0,0.397959184,0.5,1,0.666666667,0.285714286,0.2,1,0,0.951219512
0,0.164383562,0.223335126,0.333333333,0,0,0.244897959,0.5,0,0.333333333,0.214285714,0,1,1,0.951219512
0,0.164383562,0.136945366,0.533333333,0,0,0.397959184,0.25,0.733333333,0.666666667,0.571428571,0.8,1,0,0.951219512
1,0.671232877,0.160175629,0.8,0.055560556,0,0.255102041,0.625,0.6,0.333333333,0.857142857,0,1,1,0.951219512
0,0.315068493,0.288300978,0.6,0,0,0.397959184,0.5,1,0.666666667,0.857142857,0.2,0.5,0,0.951219512
0,0.068493151,0.111791708,0.533333333,0.029070291,0,0.295918367,0.5,0.733333333,0.666666667,0.214285714,0.6,1,1,0.951219512
0,0.04109589,0.101235019,0.533333333,0,0,0.428571429,0.5,0.733333333,0.666666667,0.428571429,0.2,1,1,0.951219512
0,0.287671233,0.213796626,0.6,0,0,0.397959184,0.5,1,0.666666667,0.857142857,0.8,1,0,0.951219512
1,0.273972603,0.111628662,0.666666667,0,0,0.479591837,0.5,0.533333333,0.333333333,0.071428571,1,0.5,0,0.951219512
0,0.356164384,0.0884647,0.533333333,0,0,0.397959184,0.5,0.733333333,0.333333333,0.5,1,1,0,0.292682927
0,0.01369863,0.22748433,0.533333333,0,0,0.020408163,0,0.733333333,0.666666667,0,0.6,1,0,0.951219512
0,0.452054795,0.117708703,0.6,0,0,0.397959184,0.125,1,0.333333333,0.285714286,0,1,1,0.951219512
1,0.369863014,0.171739005,0.8,0,0,0.5,0.5,0.6,0.333333333,0.714285714,0,1,1,0.951219512
0,0.643835616,0.095803777,0.8,0,0,0.397959184,0.5,0.6,0.666666667,0.857142857,0.8,1,0,0.707317073
1,0.643835616,0.163366179,0.6,0,0.453856749,0.5,0.75,1,0.333333333,0.857142857,0,1,1,0.951219512
0,0.068493151,0.152365005,0.533333333,0,0,0.397959184,0.5,0.733333333,0.666666667,0.571428571,0.6,1,1,0.951219512
1,0.452054795,0.084925733,0.8,0,0,0.397959184,0.875,0.6,0.333333333,0.214285714,0,1,1,0.951219512
0,0.698630137,0.16887184,0.333333333,0,0,0.193877551,0.75,0,1,0.357142857,0.8,1,1,0.951219512
0,0.054794521,0.213455651,0.6,0,0,0.397959184,0.5,1,0,0.857142857,0.2,1,0,0.951219512
1,0.452054795,0.105162995,1,0,0,0.602040816,0.75,0.666666667,0.333333333,0.714285714,0,1,1,0.951219512
0,0.02739726,0.094391167,0.6,0,0,0.397959184,0.5,1,0.666666667,0.571428571,0.2,1,0,0.951219512
0,0.246575342,0.150608038,0.6,0.024070241,0,0.397959184,0.5,1,0.333333333,0.214285714,0,1,1,0.951219512
1,0.273972603,0.132650707,0.533333333,0,0,0.397959184,0.5,0.733333333,0.333333333,0.214285714,0,1,1,0.951219512
1,0.465753425,0.182932316,1,0,0.359044995,0.704081633,0.125,0.666666667,0.666666667,0.714285714,0.2,1,0,0.951219512
0,0.150684932,0.033996002,0.533333333,0,0,0.428571429,0.5,0.733333333,0.333333333,0.214285714,0,1,1,0.951219512
0,0.493150685,0.075378438,0.533333333,0,0,0.397959184,0.5,0.733333333,0,1,0.2,1,1,0.951219512
0,0.191780822,0.004875128,0.533333333,0.02202022,0,0.397959184,0.5,0.733333333,0,0.857142857,0.2,1,1,0.951219512
0,0.01369863,0.195842001,0.533333333,0,0,0.244897959,0.5,0.733333333,0.666666667,0.071428571,0.6,1,0,0.951219512
0,0.630136986,0.289775829,0,0,0,0.295918367,0.5,0.866666667,0.333333333,0.714285714,0,0.75,1,0.634146341
1,0.383561644,0.229893479,0.6,0.076880769,0,0.397959184,0.125,1,0.333333333,0.928571429,0,1,1,0.317073171
0,0.054794521,0.162981229,0.6,0,0,0.479591837,0.5,1,0.666666667,0.428571429,0.2,1,1,0.951219512
0,0.04109589,0.012523383,0.6,0,0,0.091836735,0.875,1,0.666666667,0.071428571,0.6,1,0,0.951219512
1,0.301369863,0.217182019,0.6,0,0,0.448979592,0.5,1,0.333333333,0.857142857,1,1,0,0.951219512
1,0.205479452,0.027684585,0.8,0,0,0.5,0.5,0.6,0,0.214285714,0.2,1,1,0.951219512
0,0.287671233,0.036560755,0.533333333,0,0,1,0.5,0.733333333,0.333333333,1,0,1,1,0.951219512
0,0.671232877,0.121924884,0.866666667,0,0,0.397959184,0.5,0.8,0.333333333,0.857142857,0,1,1,0.951219512
0,0.547945205,0.114837479,0.8,0,0,0.397959184,0.5,0.6,0.333333333,0.285714286,1,1,0,0.951219512
1,0.424657534,0.071743403,0.8,0.051780518,0,0.397959184,0.875,0.6,0.333333333,0.285714286,0,1,1,0.951219512
0,0.246575342,0.171616552,0.533333333,0,0,0.397959184,0.5,0.733333333,0.833333333,0.571428571,0.2,0.5,1,0.951219512
0,0.191780822,0.092835808,0.666666667,0.034640346,0,0.37755102,0.5,0.533333333,0.333333333,0.214285714,0,1,1,0.951219512
1,0.260273973,0.052684669,0.8,0,0,0.316326531,0.5,0.6,0.333333333,0.714285714,1,1,0,0.951219512
0,0.054794521,0.134698586,0.733333333,0,0,0.346938776,0.5,0.466666667,0.666666667,0.571428571,0.2,0.5,1,0.56097561
0,0.04109589,0.231420424,0.6,0,0,0.346938776,0,1,0.666666667,0,0.6,1,1,0.951219512
1,0.452054795,0.07226366,0.6,0,0,1,0.625,1,0.333333333,0.285714286,0,1,1,0.951219512
0,0.369863014,0.014085508,0.533333333,0,0,0.397959184,0.5,0.733333333,0.333333333,0.285714286,0,0,1,0.951219512
0,0.01369863,0.069916752,0.4,0,0,0.193877551,0.5,0.066666667,0.666666667,0.071428571,0.6,0.5,1,0.951219512
1,0.301369863,0.192924096,0.8,0,0,0.397959184,0.5,0.6,0.333333333,0.714285714,0,1,1,0.951219512
0,0.547945205,0.149580378,0.866666667,0,0,0.397959184,0.5,0.8,0.666666667,0.285714286,0.2,1,1,0.12195122
0,0.095890411,0.131509389,0.666666667,0,0,0.397959184,0.5,0.533333333,0.333333333,0.214285714,0,1,1,0.951219512
1,0.246575342,0.208485808,0.866666667,0,0,0.653061224,0.5,0.8,0.333333333,0.285714286,0,0.25,1,0.414634146
0,0.232876712,0.056802076,0.533333333,0,0,0.397959184,0.75,0.733333333,0.333333333,0.5,0,1,1,0.951219512
0,0.479452055,0.097065519,0.6,0,0,0.397959184,0.5,1,0.666666667,0.5,0.2,1,1,0.951219512
0,0.438356164,0.058787036,0.8,0,0,0.397959184,0.5,0.6,0.666666667,0.714285714,0.2,1,0,0.951219512
0,0.273972603,0.269092053,0.533333333,0,0,0.56122449,0.5,0.733333333,0.333333333,0.214285714,0,1,1,0.951219512
1,0.273972603,0.058514392,0.8,0,0,0.397959184,0.5,0.6,0.333333333,0.285714286,0,1,1,0.951219512
0,0.287671233,0.172700365,0.533333333,0,0,0.642857143,0.75,0.733333333,0.333333333,0.857142857,0,1,1,0.951219512
0,0.068493151,0.073597115,0.6,0,0,0.346938776,0,1,0.666666667,0,0.6,1,1,0.951219512
0,0.589041096,0.102604331,0.266666667,0,0,0.397959184,0,0.4,0.333333333,0,0,1,1,0.951219512
1,0.397260274,0.096166401,0.866666667,0,0,0.5,0.5,0.8,0,0.285714286,0.2,1,0,0.951219512
0,0.095890411,0.204233094,0.6,0,0,0.193877551,0.5,1,0.666666667,0.285714286,0.6,1,1,0.951219512
1,0.356164384,0.096750253,0.8,0,0,0.602040816,0.625,0.6,0.333333333,0.857142857,0,1,1,0.951219512
1,0.178082192,0.096518201,0.6,0.150241502,0,0.602040816,0.5,1,0.333333333,0.285714286,0,1,1,0.951219512
0,0.273972603,0.109614611,0.8,0,0,0.448979592,0.5,0.6,0.333333333,0.357142857,0,1,1,0.951219512
1,0.561643836,0.055573484,0.6,0,0,0.397959184,0.5,1,0.333333333,0.214285714,0,1,1,0.951219512
0,0.479452055,0.0858465,0.533333333,0,0,0.071428571,0.5,0.733333333,0.333333333,0.857142857,0,1,1,0.951219512
1,0.452054795,0.117420498,0.533333333,0.03103031,0,0.397959184,0.5,0.733333333,0.333333333,1,0,1,1,0.951219512
0,0.315068493,0.082327153,0.6,0,0,0.397959184,0.5,1,0,0.5,0.6,1,1,0.951219512
0,0.068493151,0.14566458,0.8,0,0,0.397959184,0.5,0.6,0.666666667,0.857142857,0.2,1,0,0.951219512
0,0.287671233,0.224013693,0.733333333,0,0,0.153061224,0.5,0.466666667,0,0.071428571,0.2,1,0,0.951219512
1,0.452054795,0.097821888,0.4,0,0,0.704081633,0.5,0.066666667,0.333333333,1,0,1,1,0.951219512
0,0.082191781,0.200687362,0.533333333,0,0,0.397959184,0.5,0.733333333,0.333333333,0.214285714,0.4,1,1,0.951219512
1,0.493150685,0.05631091,0.533333333,0,0,0.418367347,0.5,0.733333333,0.333333333,0.714285714,0,1,1,0.951219512
0,0.739726027,0.011216989,0.533333333,0,0,0.142857143,0.75,0.733333333,0.333333333,0.357142857,0,1,1,0.951219512
0,0.191780822,0.184092577,0.8,0,0,0.397959184,0.5,0.6,0.333333333,0.857142857,0,1,1,0.951219512
0,0.164383562,0.080374666,0.533333333,0,0,0.244897959,0.5,0.733333333,0.666666667,0.428571429,0.6,1,1,0.951219512
0,0.02739726,0.148619695,0.533333333,0,0,0.397959184,0.5,0.733333333,0.666666667,0.571428571,0.8,1,1,0.951219512
0,0.657534247,0.144731635,0.8,0,0,0.142857143,0.75,0.6,0.333333333,0.857142857,0,1,1,0.951219512
0,0.082191781,0.229923923,0.6,0,0,0.234693878,0.5,1,0.666666667,0.571428571,0.2,1,0,0.951219512
0,0.479452055,0.053595965,0.533333333,0,0,0.448979592,0.5,0.733333333,0.333333333,0.428571429,0,1,1,0.951219512
1,0.342465753,0.149569553,0.133333333,0.03103031,0,0.397959184,0.5,0.266666667,0.333333333,0.214285714,0,0.75,1,0.634146341
0,0.397260274,0.149331412,0.533333333,0,0,0.397959184,0,0.733333333,0,0,0.2,0.5,0,0.951219512
0,0.643835616,0.103330932,0.4,0,0,0.479591837,0.5,0.066666667,0.333333333,0.214285714,0,1,1,0.951219512
1,0.260273973,0.050181481,0.666666667,0,0.433195592,0.5,0.5,0.533333333,0.333333333,0.285714286,0,1,1,0.951219512
0,0.520547945,0.077011599,0.533333333,0,0,0.397959184,0.75,0.733333333,1,0.857142857,0.2,1,1,0.951219512
1,0.602739726,0.101556374,0.8,0,0,0.397959184,0.5,0.6,0.333333333,0.857142857,0,1,1,0.951219512
0,0.054794521,0.067613142,0.6,0,0,0.142857143,0.5,1,0.666666667,0.285714286,0.6,0.25,1,0.951219512
0,0.287671233,0.240827676,0.733333333,0,0,0.448979592,0.5,0.466666667,0.666666667,0.857142857,0.2,1,0,0.951219512
0,0.054794521,0.029968575,0.4,0,0,0.5,0.5,0.066666667,0.666666667,0.571428571,0.6,1,1,0.951219512
0,0.082191781,0.180030647,0.533333333,0,0,0.397959184,0.5,0.733333333,0.666666667,1,0.6,1,1,0.951219512
0,0.301369863,0.068851206,0.8,0,0,0.397959184,0.875,0.6,0.666666667,0.285714286,0.2,1,0,0.951219512
0,0.383561644,0.095031171,0.666666667,0,0,0.020408163,0.75,0.533333333,0.333333333,0.785714286,0,1,1,0.951219512
1,0.383561644,0.105913275,0.6,0,0,0.234693878,0.5,1,0.333333333,0.071428571,1,1,0,0.048780488
0,0.02739726,0.206061775,0.6,0,0,0.295918367,0.5,1,0.666666667,0.571428571,0.6,1,1,0.634146341
0,0.054794521,0.284852667,0.6,0,0,0.397959184,0,1,0.666666667,0,0.8,1,1,0.951219512
0,0.410958904,0.119138903,0.866666667,0,0,0.37755102,0.875,0.8,0.833333333,0.714285714,0.2,1,1,0.951219512
0,0.726027397,0.015701755,0.533333333,0,0,0.295918367,0.5,0.733333333,0.333333333,0.285714286,0,1,1,0.951219512
0,0.356164384,0.051381658,0.6,0,0,0.602040816,0.5,1,0.333333333,1,0,1,1,0.951219512
0,0.01369863,0.009168434,0.4,0,0,0.724489796,0,0.066666667,0.666666667,0,0.6,1,1,0.951219512
1,0.178082192,0.052323398,0.6,0,0,0.040816327,0.5,1,0.333333333,0.714285714,1,0.25,0,0.951219512
0,0.150684932,0.105390988,0.866666667,0,0,0.397959184,0.25,0.8,0.666666667,0.714285714,0.2,1,0,0.951219512
1,0.273972603,0.174393738,0.6,0.252362524,0,0.244897959,0.5,1,0,0.071428571,0.8,1,0,0.951219512
0,0.493150685,0.070882847,0.533333333,0,0,0.397959184,0.5,0.733333333,0,0.571428571,0.8,1,0,0.951219512
0,0.397260274,0.09099495,0.333333333,0,0,0.5,0.5,0,0,1,0.2,1,1,0.951219512
0,0.164383562,0.104142776,0.8,0,0,0.5,0.5,0.6,0.666666667,0.857142857,0.6,1,0,0.951219512
0,0.287671233,0.097009367,0.533333333,0,0,0.397959184,0,0.733333333,0,0,0.8,0.5,0,0.951219512
0,0.178082192,0.065510464,0.666666667,0,0,0.448979592,0.5,0.533333333,0.666666667,0.428571429,0.6,1,1,0.951219512
0,0.328767123,0.267870903,0.6,0,0,0.142857143,0.5,1,0.666666667,0.071428571,0.2,1,1,0.951219512
0,0.123287671,0.311292423,0.6,0,0,0.397959184,0.5,1,0.333333333,0.857142857,0,1,1,0.951219512
0,0.205479452,0.131935607,0.533333333,0,0,0.397959184,0.5,0.733333333,0.666666667,0.428571429,0.2,1,0,0.951219512
0,0.02739726,0.223876356,0.6,0,0,0.244897959,0.5,1,0.666666667,0.857142857,0.6,1,0,0.951219512
0,0.219178082,0.343540929,0.733333333,0,0,0.602040816,0.75,0.466666667,0,0.857142857,0.8,0.5,1,0.951219512
0,0.520547945,0.295843693,0.133333333,0,0,0.479591837,0,0.266666667,0.333333333,0,0,1,1,0.634146341
0,0.273972603,0.056538226,0.4,0,0,0.397959184,0.5,0.066666667,0,0.428571429,0.2,1,0,0.951219512
0,0.205479452,0.099621477,0.733333333,0,0,0.397959184,0.875,0.466666667,0.333333333,0.214285714,0,1,1,0.951219512
1,0.164383562,0.098547813,0.6,0,0,0.397959184,0.5,1,0.333333333,0.071428571,1,1,0,0.951219512
1,0.397260274,0.209078455,0.6,0.07298073,0,0.448979592,0.5,1,0.333333333,1,0,1,1,0.951219512
1,0.438356164,0.092720796,0.8,0,0,0.397959184,0.5,0.6,0.333333333,0.285714286,0,1,1,0.951219512
0,0.054794521,0.195903566,0.6,0,0,0.397959184,0,1,0.666666667,0,0.6,1,1,0.951219512
0,0.123287671,0.016857281,0.8,0,0,0.448979592,0.5,0.6,0.666666667,0.714285714,0.2,1,0,0.951219512
0,0.369863014,0.095994561,0.6,0,0.365013774,0.397959184,0.875,1,0,0.071428571,0.2,0.5,0,0.951219512
0,0.342465753,0.067803926,0.466666667,0,0,0.295918367,0.5,0.133333333,0.333333333,1,0,1,1,0.951219512
0,0.315068493,0.108937397,0.333333333,0,0,0.397959184,0.5,0,0.333333333,0.5,0,1,1,0.951219512
0,0.328767123,0.197032031,0.8,0.046500465,0,0.448979592,0.5,0.6,0,0.714285714,0.2,1,1,0.951219512
1,0.315068493,0.235840242,0.6,0.07298073,0,0.397959184,0.5,1,0.333333333,0.071428571,1,1,0,0.951219512
1,0.356164384,0.129400622,0.8,0,0.436639118,0.5,0.5,0.6,0.333333333,0.285714286,0,1,1,0.951219512
1,0.273972603,0.116823792,0.866666667,0,0,0.448979592,0.5,0.8,0,0.285714286,0.2,1,1,0.951219512
1,0.136986301,0.132683181,0.8,0,0,0.602040816,0.75,0.6,0.333333333,0.285714286,0,1,1,0.951219512
1,0.342465753,0.107792695,0.533333333,0,0,0.551020408,0.5,0.733333333,0.333333333,0.285714286,0,1,1,0.951219512
0,0.547945205,0.137262662,0.866666667,0,0,0.602040816,0.25,0.8,0.333333333,0.714285714,0,1,1,0.951219512
0,0.315068493,0.14402127,0.533333333,0,0,0.397959184,0.625,0.733333333,0.333333333,0.285714286,0,1,1,0.951219512
0,0,0.059050209,0.333333333,0,0,0.091836735,0.25,0,0.666666667,0.714285714,0.6,1,0,0.951219512
1,0.493150685,0.108001745,0.8,0.143441434,0,0.551020408,0.5,0.6,0,0.714285714,0.2,1,1,0.951219512
0,0.219178082,0.072473387,0.533333333,0,0,0.397959184,0.5,0.733333333,0.333333333,0.5,1,0.75,0,0.097560976
1,0.328767123,0.22873863,0.8,0,0,0.397959184,0.5,0.6,0.666666667,0.714285714,0.2,1,1,0.951219512
0,0.246575342,0.123497157,0.6,0,0,0.397959184,0.875,1,0.666666667,0.714285714,0.6,0.5,0,0.951219512
0,0.150684932,0.228308352,0.8,0.021740217,0,0.5,0.5,0.6,0.666666667,0.285714286,0.2,0.5,1,0.951219512
1,0.506849315,0.083283777,0.533333333,0.051780518,0,0.397959184,0.5,0.733333333,0.333333333,0.214285714,0,1,1,0.951219512
0,0.205479452,0.127885178,0.533333333,0,0,0.5,0.625,0.733333333,0.333333333,0.357142857,0,1,1,0.951219512
0,0.383561644,0.170329778,0.533333333,0,0,0.397959184,0.875,0.733333333,0.333333333,0.214285714,0,1,1,0.951219512
0,0.561643836,0.175568207,0.2,0,0,0.397959184,0.25,0.333333333,0.333333333,0.214285714,0,1,1,0.951219512
1,0.397260274,0.179983966,1,0,0,0.397959184,0.5,0.666666667,0.333333333,0.857142857,0,1,1,0.951219512
0,0.493150685,0.032053663,0.533333333,0.050130501,0,0.397959184,0.125,0.733333333,0.333333333,0.857142857,0,0.5,1,0.951219512
1,0.342465753,0.537351289,0.6,0,0,0.5,0.5,1,0.333333333,0.285714286,0,1,1,0.951219512
1,0.273972603,0.236519486,0.8,0.105201052,0,0.397959184,0.5,0.6,0.666666667,0.714285714,0.2,1,1,0.951219512
0,0.260273973,0.193781945,0.533333333,0,0,0.397959184,0.25,0.733333333,0.333333333,0.285714286,0,1,1,0.951219512
0,0.328767123,0.107163516,0.6,0,0,0.459183673,0.5,1,0,0.857142857,0.8,1,1,0.951219512
0,0.684931507,0.087619705,0.2,0,0,0.397959184,0.75,0.333333333,0.333333333,0.285714286,0,1,1,0.951219512
0,0.178082192,0.125704698,0.533333333,0,0,0.43877551,0.5,0.733333333,0.666666667,0.214285714,0.2,1,1,0.951219512
0,0.219178082,0.161784435,0.733333333,0,0,0.5,0.5,0.466666667,0,0.714285714,0.2,1,1,0.951219512
0,0.136986301,0.128262686,0.8,0,0,0.397959184,0.5,0.6,0.666666667,0.285714286,0.2,1,1,0.951219512
0,0.191780822,0.12935597,0.533333333,0,0,0.5,0.5,0.733333333,0.666666667,1,0.2,1,1,0.951219512
0,0.301369863,0.110948066,0.8,0,0,0.397959184,0.5,0.6,0,0.857142857,0.2,1,0,0.951219512
0,0.232876712,0.124401011,0.533333333,0,0,0.346938776,0.5,0.733333333,0.666666667,0.571428571,0.2,1,0,0.951219512
1,0.465753425,0.109475244,0.533333333,0,0,0.397959184,0.125,0.733333333,0.333333333,0.071428571,0,1,1,0.951219512
0,0.287671233,0.193139235,0.866666667,0,0,0.397959184,0.5,0.8,0.333333333,0.714285714,0,0.5,1,0.951219512
1,0.219178082,0.092617286,0.533333333,0,0,0.602040816,0.5,0.733333333,0.666666667,0.714285714,0.2,1,1,0.951219512
0,0.246575342,0.09615287,0.6,0,0,0.397959184,0.875,1,0.666666667,0.357142857,0.6,1,1,0.951219512
0,0.602739726,0.125160086,0.266666667,0,0,0.397959184,0.5,0.4,0.333333333,0.214285714,0,1,1,0.951219512
1,0.534246575,0.090174986,0.533333333,0,0,0.397959184,0.5,0.733333333,0.333333333,0.214285714,0,1,1,0.951219512
0,0.191780822,0.14790933,0.6,0,0,0.551020408,0.5,1,0.666666667,0.071428571,0.2,1,0,0.951219512
1,0.424657534,0.074953573,1,0,0,0.448979592,0.5,0.666666667,0.333333333,0.714285714,0,1,1,0.951219512
0,0.123287671,0.124043799,0.8,0,0,0.551020408,0.5,0.6,0.666666667,0.714285714,0.2,1,0,0.951219512
0,0.273972603,0.084586788,0.533333333,0,0,0.602040816,0.75,0.733333333,0.333333333,0.285714286,0,1,1,0.951219512
0,0.054794521,0.108948898,0.6,0,0,0.193877551,0.875,1,0.666666667,0.571428571,0.6,0.5,1,0.951219512
0,0.123287671,0.017341682,0.533333333,0,0,0.602040816,0.75,0.733333333,0.666666667,0.357142857,0.6,1,1,0.951219512
0,0.136986301,0.06422572,0.533333333,0,0,0.397959184,0.5,0.733333333,0.666666667,0.571428571,0.6,0.25,1,0.951219512
0,0.123287671,0.055152001,0.6,0,0,0.244897959,0.875,1,0.666666667,0.071428571,0.4,1,1,0.951219512
0,0.068493151,0.02439729,0.6,0,0,0.397959184,0.5,1,0.666666667,0.928571429,0.6,1,1,0.951219512
0,0.02739726,0.125472646,0.4,0,0,0.193877551,0.5,0.066666667,0,0.857142857,0.8,1,0,0.951219512
0,0.123287671,0.012758141,0.6,0,0,0.397959184,0.5,1,0.666666667,0.214285714,0.2,1,1,0.951219512
0,0.260273973,0.060330218,0.533333333,0,0,0.173469388,0.5,0.733333333,0.666666667,0.571428571,0.2,1,0,0.951219512
0,0.424657534,0.131771209,0.533333333,0,0,0.367346939,0.5,0.733333333,0,0.071428571,0.8,1,0,0.951219512
1,0.356164384,0.017308531,0.8,0,0.453856749,0.397959184,0.75,0.6,0.333333333,0.714285714,0,1,1,0.951219512
0,0.575342466,0.14725106,0.533333333,0,0,0.397959184,0.5,0.733333333,0.333333333,0.857142857,0,1,1,0.951219512
0,0.232876712,0.111641516,0.333333333,0,0,0.397959184,0,0,0,0,0.2,1,1,0.097560976
1,0.465753425,0.05625408,0.533333333,0,0,0.602040816,0.75,0.733333333,0.333333333,0.857142857,0,1,1,0.951219512
0,0.082191781,0.236244135,0.333333333,0,0,0.397959184,0.5,0,0.333333333,0.571428571,0,1,1,0
1,0.328767123,0.068356657,0.666666667,0,0,0.704081633,0.75,0.533333333,0.333333333,0.357142857,0,1,1,0.951219512
1,0.356164384,0.112698268,0.533333333,0,0,0.244897959,0.5,0.733333333,0.333333333,0.071428571,1,1,0,0.951219512
0,0.191780822,0.11124033,0.533333333,0,0,0.37755102,0.5,0.733333333,0.333333333,1,0,1,1,0.951219512
1,0.150684932,0.269373493,0.8,0,0,0.479591837,0.5,0.6,0,0.571428571,0.8,1,0,0.219512195
0,0.164383562,0.064356292,0.933333333,0,0,0.704081633,0.25,0.933333333,0.666666667,0.714285714,0.2,1,0,0.951219512
0,0.232876712,0.055562659,0.6,0,0,0.397959184,0.5,1,0.333333333,0.428571429,0,1,1,0.951219512
0,0.109589041,0.064003139,0.533333333,0,0,0.295918367,0.5,0.733333333,0.333333333,0.071428571,1,1,0,0.951219512
0,0.095890411,0.056756748,0.8,0,0,0.397959184,0.5,0.6,0.666666667,0.071428571,0.6,1,0,0.951219512
1,0.178082192,0.106417972,0.8,0,0,0.397959184,0.5,0.6,0.166666667,0.285714286,1,1,0,0.951219512
0,0.219178082,0.178164081,0.533333333,0,0,0.397959184,0.5,0.733333333,0.333333333,1,0,1,1,0.951219512
1,0.205479452,0.110884471,0.8,0.07298073,0,0.397959184,0.75,0.6,0.333333333,0.928571429,0,1,1,0.585365854
0,0.273972603,0.155893148,0.466666667,0,0,0.397959184,0.5,0.133333333,0.833333333,0.642857143,0.8,0.5,0,0.951219512
0,0.424657534,0.045039797,0.533333333,0,0,0.397959184,0.25,0.733333333,0.666666667,0.285714286,0.6,1,0,0.951219512
0,0.397260274,0.182583899,0.533333333,0,0,0.397959184,0.5,0.733333333,0,0.071428571,0.8,0.5,0,0.951219512
0,0.602739726,0.149610822,0.8,0,0,0.295918367,0.5,0.6,0.333333333,0.714285714,0,1,1,0.951219512
0,0.589041096,0.102457522,0.533333333,0.02597026,0,0.397959184,0.5,0.733333333,0,0.928571429,0.8,1,0,0.951219512
0,0.397260274,0.233441241,0.8,0,0,0.397959184,0.5,0.6,0.333333333,0.928571429,0,1,1,0.951219512
0,0.684931507,0.168402323,0.2,0,0,0.346938776,0.875,0.333333333,0.333333333,1,0,1,1,0.951219512
0,0,0.091369075,0.333333333,0,0,0.142857143,0.5,0,0.666666667,0.714285714,0.6,0.75,0,0.951219512
1,0.273972603,0.064282549,0.6,0.150241502,0,0.448979592,0.5,1,0.333333333,0.714285714,0,1,1,0.951219512
0,0.150684932,0.217673862,0.666666667,0,0,0.5,0.5,0.533333333,0.666666667,0.857142857,0.2,1,1,0.951219512
0,0.342465753,0.260110343,0.6,0,0,0.397959184,0.875,1,0,0.714285714,0.6,1,0,0.951219512
0,0.068493151,0.024244392,0.6,0,0,0.244897959,0.875,1,0.333333333,0.571428571,0,1,1,0.951219512
1,0.273972603,0.100064609,0.533333333,0,0,0.397959184,0.5,0.733333333,0.333333333,0.214285714,0,1,1,0.951219512
1,0.246575342,0.013313578,0.8,0,0,0.5,0.5,0.6,0.333333333,0.857142857,0,1,1,0.951219512
0,0.876712329,0.059799136,0.066666667,0,0,0.142857143,0.5,0.2,0.333333333,0.714285714,0,1,1,0.756097561
1,0.397260274,0.065572706,0.6,0,0,0.397959184,0.5,1,0.333333333,0.071428571,0,1,1,0.951219512
0,0.068493151,0.116151314,0.533333333,0,0,0.397959184,0.5,0.733333333,0.666666667,0.428571429,0.6,0.5,1,0.951219512
0,0.123287671,0.145593543,0.533333333,0,0,0.397959184,0.5,0.733333333,0.666666667,0.928571429,0.4,0.5,1,0
0,0.356164384,0.138284234,0.533333333,0,0,0.346938776,0.5,0.733333333,0.333333333,0.714285714,1,1,0,0.951219512
1,0.424657534,0.124255555,0.6,0,0,0.418367347,0.25,1,0.333333333,0.785714286,0,1,1,0.951219512
0,0.123287671,0.110811405,0.6,0,0,0.397959184,0,1,0.666666667,0,0.8,1,0,0.951219512
1,0.493150685,0.092932553,0.533333333,0,0.587465565,0.479591837,0.5,0.733333333,0.666666667,0.857142857,0.2,1,1,0.951219512
1,0.232876712,0.207491975,0.866666667,0,0.424242424,0.397959184,0.875,0.8,0.333333333,0.5,0,1,1,0.951219512
0,0.328767123,0.036767775,0.6,0,0,0.397959184,0.75,1,0,0.214285714,0.2,1,1,0.951219512
1,0.205479452,0.049972431,0.8,0,0.453856749,0.397959184,0.125,0.6,0.333333333,0.285714286,1,0.25,0,0.951219512
1,0.342465753,0.059878967,0.8,0,0,0.602040816,0.25,0.6,0.333333333,0.714285714,0,1,1,0.951219512
0,0.109589041,0.017727308,0.533333333,0,0,0.397959184,0.5,0.733333333,0.666666667,0.071428571,0.6,1,0,0.951219512
0,0.04109589,0.082016623,0.6,0,0,0.397959184,0.5,1,0.666666667,0.857142857,0.4,1,0,0.951219512
0,0.561643836,0.060343749,0.666666667,0,0,0.397959184,0.25,0.533333333,1,0.071428571,0.2,1,0,0.951219512
0,0.342465753,0.133335363,0.533333333,0,0,0.295918367,0.5,0.733333333,0.833333333,0.857142857,0.2,1,0,0.951219512
1,0.452054795,0.105801646,0.866666667,0,0.436639118,0.397959184,0.25,0.8,0.333333333,0.714285714,1,1,0,0.951219512
0,0.739726027,0.239298701,0.8,0,0,0.051020408,0.25,0.6,1,0.714285714,0.8,1,0,0.951219512
0,0.164383562,0.329913437,0.666666667,0,0,0.397959184,0,0.533333333,0.666666667,0,0.8,1,0,0.951219512
0,0.397260274,0.132189985,0.533333333,0,0,0.295918367,0.5,0.733333333,0,0.214285714,0.2,1,1,0.951219512
0,0.369863014,0.14775508,0.533333333,0,0,0.448979592,0.5,0.733333333,0.333333333,1,0,1,1,0.951219512
0,0.136986301,0.059895204,0.8,0,0,0.397959184,0.25,0.6,0.333333333,0.714285714,1,0,0,0.951219512
0,0.273972603,0.142570098,0.666666667,0,0,0.316326531,0.25,0.533333333,0.666666667,0.571428571,0.8,0.5,0,0.951219512
1,0.136986301,0.185108736,0.533333333,0,0.424242424,0.448979592,0.5,0.733333333,0.333333333,0.714285714,0,1,1,0.951219512
0,0.397260274,0.268692219,0.133333333,0,0,0.244897959,0.5,0.266666667,0.333333333,0.428571429,0,1,1,0.634146341
0,0.136986301,0.330750314,0.6,0,0.096189164,0.193877551,0,1,0.333333333,0,0,1,1,0.634146341
0,0.383561644,0.074227648,0.6,0,0,0.397959184,0.5,1,0,0.071428571,0.2,0.5,1,0.951219512
1,0.356164384,0.12342815,0.933333333,0.150241502,0,0.551020408,0.5,0.933333333,0.333333333,0.714285714,0,1,1,0.951219512
1,0.136986301,0.180253228,0.533333333,0,0,0.448979592,0.5,0.733333333,0.333333333,0.214285714,0,1,1,0.951219512
0,0.356164384,0.0653941,0.6,0,0,0.37755102,0.5,1,0,0.714285714,0.8,1,0,0.951219512
0,0.068493151,0.095287579,0.6,0,0,0.397959184,0,1,0.666666667,0,0.6,1,1,0.951219512
0,0.150684932,0.137734885,0.333333333,0,0,0.448979592,0.5,0,0.666666667,0.5,0.6,0.5,1,0.951219512
0,0.383561644,0.094196324,0.533333333,0,0,0.448979592,0.5,0.733333333,0.333333333,0.285714286,0,1,1,0.951219512
1,0.397260274,0.030143798,0.866666667,0,0,0.448979592,0.875,0.8,0.333333333,0.285714286,0,1,1,0.951219512
0,0.273972603,0.187498943,0.333333333,0,0,0.397959184,0.75,0,0.333333333,0.214285714,0,1,1,0.634146341
1,0.260273973,0.085973689,0.8,0.105201052,0,0.397959184,0.5,0.6,0.5,0.285714286,0.2,1,1,0.512195122
0,0.465753425,0.206418986,0.6,0,0,0.397959184,0.5,1,0,0.071428571,0.8,1,0,0.951219512
0,0.068493151,0.588969059,0.8,0,0,0.346938776,0.5,0.6,0.666666667,0.571428571,0.6,1,1,0.951219512
1,0.342465753,0.159744675,0.866666667,0,0,0.37755102,0.875,0.8,0.333333333,0.714285714,0,1,1,0.951219512
1,0.589041096,0.111002865,0.8,0,0,0.397959184,0.5,0.6,0.333333333,0.857142857,0,1,1,0.951219512
0,0.410958904,0.168970615,0.8,0,0,0.397959184,0.5,0.6,0.5,0.071428571,0.2,1,0,0.951219512
0,0.123287671,0.06377244,0.533333333,0,0,0.5,0.5,0.733333333,0.333333333,0.214285714,0,1,1,0.951219512
0,0.520547945,0.185334023,0.4,0,0,0.193877551,0.5,0.066666667,0,0.857142857,0.6,1,0,0.951219512
0,0.109589041,0.057219499,0.6,0,0,0.653061224,0.5,1,0.666666667,0.714285714,0.2,1,0,0.951219512
0,0.109589041,0.079492462,0.6,0,0,0.397959184,0.5,1,0.666666667,0.571428571,0.6,1,0,0.951219512
0,0.232876712,0.166350385,0.533333333,0,0,0.37755102,0.5,0.733333333,0,0.285714286,0.8,1,0,0.951219512
0,0.301369863,0.217849085,0.533333333,0,0,0.397959184,1,0.733333333,0.333333333,0.285714286,0,1,1,0.951219512
0,0.534246575,0.110948742,0.533333333,0,0,0.5,0.75,0.733333333,0,0.571428571,0.2,1,1,0.951219512
1,0.273972603,0.175549264,0.8,0,0,0.479591837,0.5,0.6,0.666666667,0.285714286,0.2,1,1,0.951219512
0,0.383561644,0.028064799,0.866666667,0,0,0.704081633,0.875,0.8,0,0.285714286,0.2,1,0,0.951219512
0,0.369863014,0.110720749,0.8,0,0,0.193877551,0.5,0.6,0.333333333,0.714285714,1,1,0,0.951219512
0,0.123287671,0.114664285,0.6,0,0,0.397959184,0.5,1,0.333333333,0.928571429,0,1,1,0.951219512
1,0.397260274,0.234284883,0.6,0,0,0.397959184,0.5,1,0,0.214285714,0.8,1,1,0.951219512
0,0.232876712,0.112533869,0.8,0,0,0.346938776,0.5,0.6,0.333333333,0.714285714,1,0.5,0,0.951219512
0,0.287671233,0.094063723,0.533333333,0,0,0.397959184,0.75,0.733333333,0.833333333,0.214285714,0.2,1,1,0.951219512
1,0.219178082,0.100336577,0.6,0.07298073,0,0.397959184,0.5,1,0.333333333,0.285714286,0,1,1,0.951219512
0,0.246575342,0.167403754,0.6,0,0,0.551020408,0.5,1,0.333333333,0.214285714,0,1,1,0.951219512
1,0.506849315,0.115030968,1,0,0.453856749,0.5,0.5,0.666666667,0.333333333,0.285714286,0,1,1,0.951219512
0,0.561643836,0.084362178,0.533333333,0,0,0.397959184,0.875,0.733333333,0.5,0.571428571,0.8,0.5,0,0.390243902
0,0.205479452,0.194403007,0.6,0,0,0.5,0.5,1,0.333333333,0.285714286,0,1,1,0.268292683
0,0.150684932,0.104422863,0.533333333,0,0,0.397959184,0.5,0.733333333,0.666666667,0.071428571,0.6,0,0,0.951219512
0,0.164383562,0.094104315,0.533333333,0,0,0.602040816,0.5,0.733333333,0.333333333,1,0,1,1,0.951219512
0,0.054794521,0.142904984,0.6,0,0,0.397959184,0,1,0.666666667,0,0.6,1,1,0.951219512
1,0.191780822,0.131086553,0.8,0,0,0.448979592,0.5,0.6,0.333333333,0.285714286,0,1,1,0.951219512
0,0.287671233,0.183115657,0.6,0,0,0.397959184,0.625,1,0,0.714285714,0.2,1,1,0.951219512
0,0.219178082,0.04743068,0.533333333,0,0,0.397959184,0.5,0.733333333,0.666666667,0.214285714,0.6,0.25,1,0.951219512
1,0.095890411,0.152258789,0.6,0,0,0.397959184,0.5,1,0.333333333,0.714285714,1,1,0,0.951219512
0,0.561643836,0.224388495,0.8,0,0,0.5,0.5,0.6,0,0.857142857,0.2,1,1,0.951219512
0,0.260273973,0.102160522,0.6,0,0,0.397959184,0.5,1,0,0.857142857,0.8,1,0,0.951219512
0,0.082191781,0.170226268,0.6,0,0,0.193877551,0.5,1,0.666666667,0.071428571,0.6,0.5,1,0.341463415
0,0.04109589,0.11097648,0.6,0,0,0.193877551,0.5,1,0.666666667,0.071428571,0.4,1,0,0.951219512
0,0.02739726,0.169348122,0.533333333,0,0,0.132653061,0.5,0.733333333,0.666666667,0.571428571,0.6,1,0,0.951219512
0,0.04109589,0.115551226,0.6,0,0,0.193877551,0,1,0.666666667,0,0.6,1,0,0.951219512
0,0.630136986,0.107806226,0.8,0,0,0.397959184,0.5,0.6,0.333333333,0.857142857,0,1,1,0.951219512
1,0.424657534,0.073836609,0.8,0,0,0.551020408,0.5,0.6,0.333333333,0.285714286,0,1,1,0.951219512
0,0.301369863,0.173985109,0.533333333,0,0,0.448979592,0.5,0.733333333,0.333333333,0.357142857,0,1,1,0.951219512
0,0.383561644,0.070339588,0.533333333,0,0,0.397959184,0.5,0.733333333,0.666666667,0.285714286,0.2,0.5,0,0.951219512
0,0.205479452,0.060252416,0.866666667,0,0.399678604,0.397959184,0.5,0.8,0.666666667,0.714285714,0.6,1,0,0.951219512
1,0.315068493,0.084364884,0.866666667,1,0,0.520408163,0.5,0.8,0.333333333,0.285714286,0,1,1,0.951219512
0,0.383561644,0.127374392,0.666666667,0,0,0.704081633,0.5,0.533333333,0.333333333,0.357142857,0,1,1,0.951219512
0,0.260273973,0.156537888,0.533333333,0,0,0.397959184,0.875,0.733333333,0,0.071428571,0.6,0.5,0,0.951219512
0,0.273972603,0.213908255,0.533333333,0,0,0.724489796,0.5,0.733333333,0.333333333,0.214285714,0,1,1,0.634146341
0,0.219178082,0.015079341,0.533333333,0,0,0.428571429,0.5,0.733333333,0.333333333,1,0,1,1,0.951219512
0,0.684931507,0.016835632,0.2,0,0,0.020408163,0,0.333333333,0,0,0.2,1,1,0.951219512
0,0.671232877,0.138631297,0.533333333,0,0,0.091836735,0.5,0.733333333,0.333333333,0.428571429,0,1,1,0.951219512
1,0.287671233,0.157501277,0.8,0,0,0.5,0.75,0.6,0.333333333,0.928571429,0,1,1,0.951219512
0,0.589041096,0.099976659,0.533333333,0,0,0.244897959,0.625,0.733333333,0.333333333,0.357142857,0,1,1,0.951219512
0,0.287671233,0.038576836,0.6,0,0,0.397959184,0.5,1,0,0.214285714,0.8,1,0,0.951219512
0,0.328767123,0.13745074,0.066666667,0,0,0.428571429,0.5,0.2,0.333333333,0.571428571,0,1,1,0.634146341
0,0.438356164,0.272078289,0.2,0,0,0.397959184,0.5,0.333333333,0.333333333,0.428571429,0,1,1,0
0,0.04109589,0.017351153,0.6,0,0,0.397959184,0.25,1,0.666666667,0.428571429,0.2,1,1,0.951219512
0,0.232876712,0.247908992,0.333333333,0,0,0.448979592,0.5,0,0.833333333,0.285714286,0.8,1,0,0.951219512
0,1,0.123906462,0.533333333,0,0,0.295918367,0.125,0.733333333,0.333333333,0.214285714,0,1,1,0.951219512
1,0.082191781,0.01787547,0.6,0,0,0.602040816,0.5,1,0.333333333,1,0,1,1,0.951219512
0,0.205479452,0.202608728,0.333333333,0,0,0.346938776,0.5,0,0.333333333,0.285714286,1,1,0,0.951219512
0,0.328767123,0.031255349,0.8,0,0,0.397959184,0.5,0.6,0.333333333,0.285714286,1,1,0,0.951219512
0,0.287671233,0.159477443,0.4,0,0,0.551020408,0.5,0.066666667,0,1,0.8,1,1,0.951219512
0,0.589041096,0.047689118,0.6,0,0,0.551020408,0.5,1,0.333333333,0.857142857,0,1,1,0.951219512
0,0.04109589,0.096403866,0.533333333,0,0,0.397959184,0.5,0.733333333,0.666666667,0.071428571,0.2,1,0,0.951219512
0,0.273972603,0.089050581,0.533333333,0,0,0.5,0.5,0.733333333,0,1,0.2,1,1,0.951219512
1,0.383561644,0.174407269,0.8,0,0,0.5,0.625,0.6,0.333333333,0.285714286,0,1,1,0.951219512
0,0.383561644,0.162931166,0.333333333,0,0,0.397959184,0.5,0,0,0.571428571,0.8,0.5,0,0.951219512
0,0.369863014,0.032778234,0.8,0,0,0.602040816,0.25,0.6,0,0.714285714,0.6,1,0,0.951219512
0,0,0.089187242,0.333333333,0,0,0.397959184,0,0,0.666666667,0,0.6,1,1,0.951219512
0,0.643835616,0.123861134,0.8,0,0,0.397959184,0.625,0.6,0.333333333,0.714285714,0,1,1,0.951219512
0,0.342465753,0.270678533,0.533333333,0,0,0.397959184,0.5,0.733333333,0.333333333,0.428571429,0,1,1,0.951219512
0,0.109589041,0.058094262,0.6,0,0,0.397959184,0.5,1,0.666666667,0.714285714,0.6,1,1,0.951219512
0,0.260273973,0.175767785,0.8,0,0,0.448979592,0.5,0.6,0,0.714285714,0.8,1,0,0.195121951
1,0.410958904,0.237554588,0.6,0,0,0.704081633,0.5,1,0.666666667,0.857142857,0.2,1,1,0.951219512
0,0.739726027,0.114345636,0.533333333,0,0,0.397959184,0,0.733333333,0.333333333,0,0,1,1,0.951219512
0,0.493150685,0.068256529,0.533333333,0.02597026,0,0.397959184,0.5,0.733333333,0,0.857142857,0.2,1,0,0.951219512
0,0.616438356,0.329937792,0.4,0,0,0.397959184,0.5,0.066666667,1,0.428571429,0.2,0.5,0,0.951219512
1,0.150684932,0.135923118,0.733333333,0,0,0.397959184,0.25,0.466666667,0.333333333,0.071428571,1,1,0,0.951219512
0,0.452054795,0.022783072,0.8,0.068490685,0,0.397959184,0.875,0.6,0.5,0.714285714,0.2,1,1,0.951219512
0,0.260273973,0.012165495,0.533333333,0,0,0.5,0.5,0.733333333,0.333333333,1,0,1,1,0.951219512
0,0.02739726,0.076262672,0.533333333,0,0,0.448979592,0.5,0.733333333,0.666666667,0.357142857,0.6,1,1,0.951219512
1,0.493150685,0.138633327,0.533333333,0,0,0.448979592,0.5,0.733333333,0.333333333,0.214285714,1,1,0,0.951219512
0,0.452054795,0.03670824,0.866666667,0,0,0.653061224,0.25,0.8,0,0.714285714,0.8,1,0,0.951219512
1,0.616438356,0.100039577,0.2,0.064180642,0,0.397959184,0,0.333333333,0.333333333,0,0,1,1,0.951219512
0,0.356164384,0.064285255,0.6,0,0,0.551020408,0.5,1,0,0.214285714,0.2,1,1,0.048780488
0,0.561643836,0.050892522,0.333333333,0,0,0.397959184,0.75,0,0.333333333,0.214285714,0,1,1,0.951219512
0,0.479452055,0.171741035,0.666666667,0,0,0.346938776,0.25,0.533333333,0.333333333,0.285714286,0,1,1,0.951219512
0,0.315068493,0.071520822,0.533333333,0,0,0.397959184,0.5,0.733333333,0.666666667,0.428571429,0.2,0.5,1,0.951219512
0,0.698630137,0.068623213,0.4,0,0.288797062,0.397959184,0.625,0.066666667,0.333333333,0.857142857,0,1,1,0.951219512
1,0.342465753,0.399311285,0.8,0,0,0.448979592,0.5,0.6,0.333333333,0.714285714,0,1,1,0.951219512
0,0.164383562,0.124454457,0.533333333,0,0,0.397959184,0.5,0.733333333,0.666666667,0.5,0.2,1,0,0.951219512
1,0.191780822,0.08218914,0.733333333,0,0,0.5,0.5,0.466666667,0.333333333,0.214285714,0.2,0.25,1,0.951219512
0,0.164383562,0.124574204,0.533333333,0,0,0.448979592,0.5,0.733333333,0.666666667,0.285714286,0.2,1,0,0.951219512
1,0.424657534,0.096882854,0.6,0,0,0.397959184,0.5,1,0,0.714285714,0.2,1,1,0.951219512
0,0.123287671,0.181182114,0.133333333,0,0.373737374,0.5,0.5,0.266666667,0.333333333,0.214285714,0,1,1,0.951219512
0,0.095890411,0.109189069,0.666666667,0,0,0.193877551,0.5,0.533333333,0.333333333,0.571428571,0,1,1,0.951219512
0,0.191780822,0.016444593,0.533333333,0,0,0.918367347,0.75,0.733333333,0.333333333,0.357142857,0,1,1,0.951219512
1,0.438356164,0.01616383,0.8,0,0,0.448979592,0.875,0.6,0.333333333,0.285714286,0,1,1,0.951219512
0,0.219178082,0.101674768,0.533333333,0,0,0.602040816,0.5,0.733333333,0.666666667,1,0.2,1,1,0.951219512
0,0,0.115539725,0.333333333,0,0,0.244897959,0.5,0,0.666666667,0.571428571,0.6,1,0,0.951219512
0,0.356164384,0.182930963,0.533333333,0,0,0.602040816,0.5,0.733333333,0,0.285714286,0.2,1,0,0.951219512
0,0.164383562,0.127741076,0.533333333,0,0,0.5,0.5,0.733333333,0.333333333,0.5,0,1,1,0.951219512
0,0.205479452,0.132183896,0.533333333,0,0,0.5,0.5,0.733333333,0.333333333,0.214285714,0,1,1,0.951219512
0,0.493150685,0.136046925,0.533333333,0,0,0.326530612,0.5,0.733333333,0.833333333,0.857142857,0.2,1,0,0.951219512
0,0.164383562,0.156930279,0.6,0,0,0.397959184,0.5,1,0.666666667,0.214285714,0.8,1,1,0.756097561
0,0.301369863,0.180193693,0.533333333,0,0,0.397959184,0.5,0.733333333,0.333333333,0.5,0,1,1,0.951219512
0,0.630136986,0.136653779,0.533333333,0,0,0.551020408,0.25,0.733333333,0,0.571428571,0.8,0.5,0,0.951219512
0,0.616438356,0.087851081,0.533333333,0,0,0.295918367,0.75,0.733333333,0.333333333,1,0,1,1,0.951219512
0,0.205479452,0.019050615,0.866666667,0,0,0.5,0.25,0.8,0.666666667,0.714285714,0.2,1,1,0.951219512
0,0.273972603,0.100550363,0.533333333,0,0,0.397959184,0.125,0.733333333,0.333333333,0.214285714,0,1,1,0.951219512
1,0.493150685,0.126806778,1,0.150241502,0,0.602040816,0.125,0.666666667,0.333333333,0.714285714,0,1,1,0.268292683
0,0.01369863,0.076980479,0.533333333,0,0,0.397959184,0.5,0.733333333,0.666666667,0.214285714,0.6,1,1,0.951219512
0,0.301369863,0.301172777,0.533333333,0,0,0.397959184,0.75,0.733333333,0.333333333,0.214285714,0,0.5,1,0.951219512
0,0.01369863,0.120986527,0.4,0,0,0.244897959,0,0.066666667,0.666666667,0,0.6,1,1,0.951219512
0,0.01369863,0.041789035,0.4,0,0,0.193877551,0.5,0.066666667,0.666666667,0.857142857,0.6,0.75,0,0
0,0.164383562,0.152754014,0.6,0,0,0.397959184,0.5,1,0.666666667,0.5,0.4,1,1,0.097560976
0,0.739726027,0.084863492,0.533333333,0.014550146,0,0.020408163,0.75,0.733333333,0.333333333,0.5,0,1,1,0.951219512
0,0.164383562,0.293914208,0.8,0,0,0.346938776,0.625,0.6,0.333333333,0.285714286,0,1,1,0.951219512
0,0.136986301,0.133973338,0.533333333,0,0,0.5,0.5,0.733333333,0.333333333,0.857142857,0,1,1,0.317073171
0,0.191780822,0.093378391,1,0,0,0.908163265,0.5,0.666666667,0.333333333,0.714285714,1,1,0,0.951219512
0,0.260273973,0.146380356,0.6,0,0,0.397959184,0.5,1,0,0.5,0.6,0.75,1,0.634146341
0,0.04109589,0.123001932,0.6,0,0,0.397959184,0,1,0.666666667,0,0.6,1,0,0.951219512
0,0.657534247,0.108695196,0.533333333,0.024140241,0,0.193877551,1,0.733333333,0.333333333,1,0,1,1,0.951219512
0,0.397260274,0.114421408,0.733333333,0,0,0.397959184,0.625,0.466666667,0.333333333,0.285714286,1,1,0,0.951219512
0,0.315068493,0.334751356,0.533333333,0,0,0.316326531,0,0.733333333,0,0,0.2,0.5,0,0.951219512
0,0.410958904,0.059418922,0.2,0,0.470844812,0.397959184,0.5,0.333333333,0.333333333,1,0,1,1,0.951219512
0,0.232876712,0.099439489,0.533333333,0,0,0.397959184,0.5,0.733333333,0.333333333,0.5,0,1,1,0.951219512
1,0.205479452,0.063411169,0.6,0.051780518,0,0.5,0.5,1,0.333333333,0.857142857,0,1,1,0.951219512
1,0.520547945,0.127829702,0.866666667,0,0,0.551020408,0.5,0.8,0.333333333,0.285714286,0,1,1,0.951219512
0,0.561643836,0.028604676,0.6,0,0,0.346938776,0.75,1,0.333333333,0.357142857,0,1,1,0.951219512
0,0.246575342,0.058978496,0.533333333,0,0,0.397959184,0.5,0.733333333,0,0.928571429,0.8,0,0,0.951219512
0,0.808219178,0.126961705,0.266666667,0,0,0.12244898,0.5,0.4,0.333333333,0.785714286,0,1,1,0.951219512
0,0.246575342,0.059596175,0.333333333,0,0,0.602040816,0.5,0,0,0.214285714,0.2,1,1,0.951219512
0,0.424657534,0.109967086,0.733333333,0,0,0.397959184,0.5,0.466666667,0.333333333,0.5,0,1,1,0.951219512
0,0.109589041,0.120467623,0.333333333,0,0,0.346938776,0.5,0,0.333333333,0.571428571,0.6,1,0,0.951219512
0,0.260273973,0.039237136,0.6,0,0,0.397959184,0.5,1,0,0.071428571,0.8,0.5,0,0.951219512
0,0.287671233,0.104389713,0.533333333,0,0,0.397959184,0.5,0.733333333,0.666666667,0.285714286,0.6,1,0,0.951219512
1,0.082191781,0.061332846,0.8,0,0.518365473,0.397959184,0.5,0.6,0.666666667,0.714285714,0.6,1,0,0.951219512
0,0.479452055,0.278548692,0.6,0,0,0.397959184,0.125,1,0,0.285714286,0.2,1,0,0.951219512
0,0.246575342,0.095627201,0.6,0,0,0.397959184,0.125,1,0.666666667,0.571428571,0.8,0.5,0,0.951219512
0,0.616438356,0.189172696,0.533333333,0,0,0.193877551,0.5,0.733333333,0,0.642857143,0.2,0.5,0,0.951219512
0,0.479452055,0.204545654,0.866666667,0,0,0.397959184,0.875,0.8,0,0.714285714,0.2,0.25,0,0.951219512
1,0.315068493,0.012446258,0.533333333,0,0,0.448979592,0.5,0.733333333,0.333333333,0.5,0,1,1,0.951219512
0,0.246575342,0.116614742,0.533333333,0,0,0.62244898,0.625,0.733333333,0.333333333,0.857142857,0,1,1,0.951219512
0,0,0.067008995,0.4,0,0,0.193877551,0.5,0.066666667,0.666666667,0.857142857,0.6,1,0,0.951219512
0,0.136986301,0.203236555,0.8,0,0,0.112244898,0.875,0.6,0.666666667,0.928571429,0.2,1,1,0.951219512
0,0.150684932,0.078172537,0.533333333,0,0,0.397959184,0,0.733333333,0.666666667,0,0.8,0.5,0,0.951219512
1,0.328767123,0.127918328,0.533333333,0,0,0.37755102,0.875,0.733333333,0.333333333,0.071428571,1,1,0,0.951219512
0,0.02739726,0.166684595,0.6,0,0,0.397959184,0,1,0.666666667,0,0.6,1,1,0.951219512
1,0.246575342,0.093378391,0.6,0,0.433195592,0.397959184,0.5,1,0.333333333,1,0,0,1,0.951219512
1,0.424657534,0.122387636,0.8,0,0,0.397959184,0.625,0.6,0.333333333,0.285714286,0,1,1,0.951219512
0,0.616438356,0.060340366,0.733333333,0,0,0.397959184,0.875,0.466666667,1,0.714285714,0.2,1,0,0.951219512
0,0.260273973,0.150608038,0.6,0,0,0.397959184,0.5,1,0.333333333,0.714285714,0,1,1,0.951219512
0,0.123287671,0.18705987,0.8,0,0,0.418367347,0.25,0.6,0.666666667,0.071428571,0.2,1,1,0.951219512
1,0.520547945,0.123187979,0.533333333,0,0,0.397959184,0.5,0.733333333,0.333333333,0.857142857,1,1,0,0.048780488
0,0.054794521,0.06601922,0.533333333,0,0,0.295918367,0.5,0.733333333,0.666666667,0.214285714,0.6,1,1,0.951219512
0,0.301369863,0.166050003,0.6,0,0,0.397959184,0.5,1,0.666666667,0.5,0.6,1,1,0.951219512
0,0.315068493,0.088057424,0.8,0,0,0.448979592,0.625,0.6,0.666666667,0.714285714,0.2,1,0,0.951219512
0,0.136986301,0.162518478,0.6,0,0,0.397959184,0.5,1,0,0.285714286,0.6,1,0,0.951219512
1,0.452054795,0.116458462,0.6,0,0.436639118,0.37755102,0.5,1,0.333333333,0.071428571,1,1,0,0.951219512
0,0.109589041,0.337623257,0.8,0,0,0.37755102,0.5,0.6,0.666666667,0.857142857,0.2,1,1,0.951219512
0,0.506849315,0.109849369,0.533333333,0,0,0.397959184,0.5,0.733333333,0.333333333,0.071428571,0,1,1,0.951219512
0,0.136986301,0.127149782,0.666666667,0,0,0.397959184,0.5,0.533333333,0.333333333,0.071428571,1,0.5,0,0.951219512
0,0.178082192,0.236420712,0.6,0,0,0.5,0.5,1,0.333333333,0.285714286,0,1,1,0.951219512
0,0.136986301,0.06403426,0.8,0,0,0.448979592,0.5,0.6,0.333333333,0.285714286,0,1,1,0.951219512
0,0.205479452,0.288493115,0.6,0,0,0.397959184,0.875,1,0.333333333,0.714285714,1,0.5,0,0.951219512
0,0.630136986,0.263339456,0.066666667,0,0,0.346938776,0,0.2,0.333333333,0,0,1,1,0.951219512
0,0.369863014,0.0354147,1,0,0,0.602040816,0.625,0.666666667,0.333333333,0.714285714,0,1,1,0.951219512
0,0.054794521,0.044169094,0.533333333,0,0,0.336734694,0.5,0.733333333,0.666666667,0.428571429,0.2,0.25,0,0.853658537
1,0.342465753,0.110720749,0.666666667,0.07298073,0,0.346938776,0.5,0.533333333,0.333333333,0.285714286,1,1,0,0.951219512
0,0.095890411,0.209978926,0.8,0,0,0.397959184,0.25,0.6,0.666666667,0.714285714,0.2,1,0,0.951219512
0,0.260273973,0.233699678,0.666666667,0,0,0.397959184,0.25,0.533333333,0.666666667,0.714285714,0.2,1,0,0.951219512
0,0.068493151,0.094516327,0.6,0,0,0.193877551,0.875,1,0.666666667,0.928571429,0.6,1,1,0.951219512
0,0.02739726,0.119330363,0.6,0,0,0.244897959,0.5,1,0.666666667,0.857142857,0.6,1,0,0.951219512
1,0.369863014,0.06454031,0.666666667,0.043860439,0,0.397959184,0.5,0.533333333,0.333333333,0.214285714,1,1,0,0.951219512
0,0.150684932,0.114666991,0.6,0,0,0.397959184,0.5,1,0.666666667,0.071428571,0.2,1,0,0.951219512
0,0.219178082,0.072208184,0.6,0,0,0.5,0.5,1,0,0.071428571,0.8,1,0,0.951219512
0,0.260273973,0.139123816,0.733333333,0,0,0.5,0.5,0.466666667,0.333333333,0.5,0,0.5,1,0.951219512
1,0.465753425,0.220923947,0.6,0,0,0.397959184,0.625,1,0.333333333,0.285714286,0,1,1,0.951219512
0,0.287671233,0.140362556,0.533333333,0,0,0.397959184,0.5,0.733333333,0.333333333,1,0,1,1,0.951219512
0,0.315068493,0.12897305,0.6,0,0,0.397959184,0.5,1,0.333333333,0.071428571,0,1,1,0.951219512
1,0.493150685,0.179408233,0.666666667,0,0,0.397959184,0.5,0.533333333,0.333333333,0.928571429,0,1,1,0.951219512
1,0.520547945,0.100361609,0.533333333,0,0,0.56122449,0.5,0.733333333,0.333333333,0.857142857,0,1,1,0.951219512
1,0.260273973,0.128023868,0.8,0,0,0.397959184,0.5,0.6,0.333333333,0.285714286,1,1,0,0.951219512
0,0.136986301,0.126040261,0.533333333,0,0,0.602040816,0.5,0.733333333,0.666666667,0.857142857,0.8,0.5,0,0.951219512
0,0.109589041,0.150176407,0.8,0,0,0.397959184,0.5,0.6,0.666666667,0.857142857,0.2,1,1,0.951219512
0,0.164383562,0.105671074,0.866666667,0,0,0.397959184,0.5,0.8,0.666666667,0.857142857,0.2,1,1,0.951219512
0,0.068493151,0.11451883,0.6,0,0,0.346938776,0.5,1,0.666666667,0.428571429,0.6,0.5,1,0.951219512
0,0.205479452,0.19067258,0.666666667,0,0,0.397959184,0.5,0.533333333,0,0.071428571,0.2,1,0,0.951219512
0,0.260273973,0.053439685,0.6,0,0,0.397959184,0.5,1,0.666666667,0.071428571,0.8,0.25,0,0.951219512
0,0.123287671,0.173717877,0.533333333,0,0,0.397959184,0.5,0.733333333,0.666666667,0.071428571,0.2,1,0,0.951219512
0,0.095890411,0.135093007,0.8,0,0,0.397959184,0.5,0.6,0.666666667,0.928571429,0.2,1,0,0.951219512
1,0.246575342,0.209649452,0.6,0,0,0.397959184,0.5,1,0.333333333,0.571428571,1,1,0,0.951219512
0,0.328767123,0.19340579,0.666666667,0,0,0.397959184,0.5,0.533333333,0,0.071428571,0.6,1,0,0.12195122
0,0.232876712,0.291764173,0.533333333,0,0,0.397959184,0.5,0.733333333,0.666666667,0.428571429,0.6,1,1,0.268292683
0,0.205479452,0.096406572,0.6,0,0,0.397959184,0.5,1,0.666666667,0.071428571,0.8,0.25,0,0.073170732
0,0.219178082,0.189552234,0.266666667,0,0,0.5,0.5,0.4,0.333333333,0.5,0,1,1,0.951219512
0,0.191780822,0.092226924,0.6,0,0,0.397959184,0.5,1,0,0.5,0.2,1,1,0.951219512
0,0.01369863,0.230120796,0.4,0,0.367768595,0.295918367,0,0.066666667,0.666666667,0,0.6,1,1,0.951219512
0,0.068493151,0.00600021,0.533333333,0,0.365013774,0.316326531,0.5,0.733333333,0.666666667,0.571428571,0.2,1,0,0.951219512
1,0.465753425,0.034365391,0.733333333,0,0,0.397959184,0.5,0.466666667,0.333333333,0.714285714,1,1,0,0.951219512
0,0.328767123,0.058809362,0.533333333,0,0,0.397959184,0.625,0.733333333,0.833333333,0.285714286,0.8,1,1,0.951219512
0,0.04109589,0.125641104,0.533333333,0,0,0.397959184,0.5,0.733333333,0.666666667,0.357142857,0.6,1,1,0.951219512
0,0.04109589,0.120850543,0.533333333,0,0.395087236,0.193877551,0.5,0.733333333,0.666666667,0.571428571,0.6,1,0,0.951219512
0,0.767123288,0.052953931,0.4,0,0,0.071428571,0,0.066666667,0.333333333,0,0,1,1,0.951219512
1,0.383561644,0.167225148,0.666666667,0,0,0.397959184,0.5,0.533333333,0.333333333,0.714285714,0,1,1,0.951219512
0,0.219178082,0.16657229,0.6,0,0,0.602040816,0.5,1,0.333333333,0.214285714,1,1,0,0.951219512
0,0.04109589,0.070048,0.4,0,0.361111111,0.397959184,0.5,0.066666667,0.333333333,0.428571429,0,1,1,0.951219512
0,0.095890411,0.14002767,0.533333333,0,0,0.397959184,0.125,0.733333333,0.666666667,0.571428571,0.6,1,1,0.951219512
0,0.205479452,0.119044188,0.533333333,0,0.365013774,0.62244898,0.75,0.733333333,0,0.857142857,0.6,1,1,0.951219512
0,0.342465753,0.139815238,1,0,0,0.357142857,0.875,0.666666667,0,0.714285714,0.8,0.5,0,0.56097561
0,0.095890411,0.084967002,0.533333333,0,0,0.5,0.5,0.733333333,0.666666667,0.214285714,0.6,1,1,0.951219512
0,0.315068493,0.00952091,0.733333333,0,0,0.397959184,0.125,0.466666667,0.666666667,0.071428571,0.2,1,0,0.951219512
1,0.315068493,0.211670946,0.6,0,0,0.5,0.75,1,0.333333333,0.928571429,0,1,1,0.951219512
0,0.232876712,0.131924106,0.466666667,0,0,0.397959184,0.125,0.133333333,0.333333333,0.214285714,0,1,1,0.951219512
0,0.561643836,0.110094275,0.4,0,0.383838384,0.397959184,0.5,0.066666667,0.333333333,0.071428571,0,1,1,0.951219512
0,0.109589041,0.080435555,0.533333333,0,0,0.224489796,0.5,0.733333333,0.666666667,0.428571429,0.6,0.5,1,0.951219512
1,0.534246575,0.106747445,0.533333333,0,0,0.397959184,0.5,0.733333333,0.333333333,0.285714286,1,1,0,0.951219512
0,0.150684932,0.160914408,0.866666667,0,0.436639118,0.551020408,0.25,0.8,0.333333333,0.714285714,1,1,0,0.951219512
1,0.301369863,0.172928358,0.733333333,0.07298073,0,0.397959184,0.25,0.466666667,0.333333333,0.214285714,0,0.5,1,0.951219512
0,0,0.144252646,0.4,0,0,0.142857143,0.5,0.066666667,0.666666667,0.428571429,0.2,0.5,0,0.951219512
0,0.219178082,0.26094722,0.8,0,0,0.397959184,0.5,0.6,0.666666667,0.714285714,0.2,1,1,0.951219512
1,0.547945205,0.086692172,1,0,0.453856749,0.397959184,0.5,0.666666667,0.333333333,0.928571429,0,1,1,0.268292683
1,0.383561644,0.115261668,0.8,0,0,0.448979592,0.5,0.6,0,0.571428571,0.2,1,1,0
0,0.301369863,0.151003136,0.733333333,0,0,0.418367347,0.125,0.466666667,0.666666667,0.285714286,0.2,1,1,0.951219512
1,0.178082192,0.069778738,0.8,0,0,0.397959184,0.5,0.6,0.333333333,0.857142857,0,1,1,0.951219512
0,0.712328767,0.076551554,0.533333333,0,0,0.316326531,0.5,0.733333333,0,0.571428571,0.2,1,0,0.951219512
1,0.506849315,0.09423827,0.6,0,0.436639118,0.397959184,0.875,1,0.333333333,0.714285714,0,1,1,0.951219512
1,0.369863014,0.132195398,0.866666667,0.086140861,0,0.326530612,0.25,0.8,0.666666667,0.714285714,0.2,1,1,0.951219512
0,0.657534247,0.075555691,0.8,0,0,0.397959184,0.5,0.6,1,0.571428571,0.2,1,0,0.951219512
0,0.068493151,0.073223667,0.533333333,0,0,0.397959184,0.5,0.733333333,1,0.071428571,0.6,1,0,0.951219512
0,0.410958904,0.234147546,0.533333333,0,0,0.397959184,0.5,0.733333333,0.666666667,0.571428571,0.2,0.5,1,0.951219512
1,0.260273973,0.107642504,0.866666667,0.07298073,0,0.551020408,0.5,0.8,0.333333333,0.714285714,0,1,1,0.951219512
0,0.479452055,0.028852965,0.866666667,0,0,0.397959184,0.5,0.8,0,0.714285714,0.6,1,0,0.951219512
1,0.465753425,0.117753355,0.533333333,0,0,0.397959184,0.5,0.733333333,0.333333333,0.214285714,0,1,1,0.951219512
1,0.698630137,0.072234569,0.533333333,0,0,0.234693878,0.75,0.733333333,0.666666667,0.857142857,0.2,1,1,0.951219512
0,0.301369863,0.142267009,0.866666667,0,0,0.428571429,0.25,0.8,0.666666667,0.714285714,0.8,1,0,0.951219512
0,0.493150685,0.071179171,0.266666667,0,0,0.357142857,0.5,0.4,0,0.571428571,0.2,1,0,0.048780488
0,0.520547945,0.087451924,0.533333333,0,0,0.397959184,0.5,0.733333333,0.333333333,0.214285714,0,1,1,0.951219512
0,0.410958904,0.155784225,0.6,0,0,0.397959184,0.25,1,0.666666667,0.785714286,0.2,0.5,1,0.951219512
0,0.589041096,0.048416395,0.533333333,0,0,0.397959184,0.5,0.733333333,0.333333333,0.857142857,0,1,1,0.951219512
0,0.342465753,0.068632684,0.6,0,0.143480257,0.397959184,0.5,1,0.666666667,0.428571429,0.8,0.5,0,0.951219512
1,0.356164384,0.269655609,1,0,0,0.5,0.125,0.666666667,0.666666667,0.714285714,0.2,1,0,0.951219512
1,0.150684932,0.127344625,0.6,0,0,0.346938776,0.5,1,0.333333333,0.571428571,0,1,1,0.951219512
0,0.150684932,0.298030262,0.333333333,0,0,0.397959184,0.5,0,0.666666667,0.428571429,0.2,1,1,0.951219512
0,0.904109589,0.121790253,0.6,0,0,0.193877551,0.5,1,0,0.714285714,0.8,1,0,0.951219512
0,0.178082192,0.111342487,0.666666667,0,0,0.397959184,0.5,0.533333333,0.333333333,0.714285714,0,1,1,0.951219512
0,0.123287671,0.099753402,0.533333333,0,0,0.520408163,0.5,0.733333333,0.666666667,0.5,0.2,1,1,0.951219512
0,0.02739726,0.11828579,0.533333333,0,0,0.193877551,0.5,0.733333333,0.666666667,0.857142857,0.2,1,0,0.951219512
1,0.712328767,0.010765062,0.533333333,0,0,0.602040816,0,0.733333333,0.333333333,0,0,1,1,0.951219512
0,0.205479452,0.22652297,0.8,0,0,0.448979592,0.5,0.6,0.666666667,0.285714286,0.2,1,0,0.951219512
0,0.643835616,0.3148686,0.533333333,0,0,0.153061224,0.5,0.733333333,0.333333333,0.285714286,0,1,1,0.951219512
0,0.369863014,0.134951611,0.8,0,0,0.397959184,0.5,0.6,0.333333333,0.285714286,0,0.75,1,0.804878049
0,0.547945205,0.114436292,0.4,0.046500465,0,0.5,0.75,0.066666667,0,0.571428571,0.8,1,1,0.951219512
0,0.438356164,0.070794221,0.8,0,0,0.602040816,0.5,0.6,0.333333333,0.857142857,0,1,1,0.951219512
0,0.095890411,0.142804856,0.4,0,0,0.397959184,0.5,0.066666667,0.666666667,0.214285714,0.8,1,1,0.951219512
1,0.260273973,0.040628097,0.8,0,0,0.397959184,0.125,0.6,0.333333333,0.714285714,0,0.25,1,0.951219512
0,0.205479452,0.243828795,0.533333333,0,0,0.397959184,0.5,0.733333333,0.333333333,0.214285714,0,1,1,0.951219512
0,0.02739726,0.086042696,0.6,0,0,0.244897959,0.5,1,0.666666667,0.857142857,0.6,1,0,0.951219512
0,0.575342466,0.065272323,0.533333333,0,0,0.5,0.5,0.733333333,0.333333333,1,0,1,1,0.951219512
1,0.520547945,0.241193682,0.866666667,0,0.453856749,0.602040816,0.5,0.8,0.333333333,0.285714286,0,1,1,0.951219512
0,0.328767123,0.108613335,0.266666667,0,0,0.551020408,0.5,0.4,0.333333333,0.571428571,0,1,1,0.682926829
0,0.465753425,0.02485057,0.533333333,0,0,0.234693878,0.5,0.733333333,1,0.571428571,0.2,1,0,0.951219512
0,0.095890411,0.113075099,0.8,0,0,0.397959184,0.5,0.6,0.666666667,0.714285714,0.4,1,0,0.951219512
0,0.479452055,0.123112207,0.2,0,0,0.5,0.5,0.333333333,0.333333333,0.285714286,1,1,0,0.951219512
0,0.150684932,0.115848902,0.533333333,0,0,0.5,0.75,0.733333333,0.333333333,0.214285714,0,1,1,0.43902439
0,0.356164384,0.219033702,0.533333333,0,0,0.397959184,0.5,0.733333333,0.833333333,1,0.2,1,1,0.951219512
0,0.178082192,0.077096166,0.6,0,0,0.397959184,0.5,1,0.333333333,0.571428571,1,1,0,0.951219512
1,0.150684932,0.203020063,0.533333333,0.150241502,0,0.397959184,0.5,0.733333333,0.333333333,0.285714286,0,0.5,1,0.951219512
0,0.02739726,0.198596862,0.6,0,0,0.244897959,0.75,1,0.666666667,0.214285714,0.6,1,0,0.951219512
0,0.424657534,0.12211905,0.533333333,0,0,0.397959184,0.5,0.733333333,0.333333333,0.5,0,1,1,0.951219512
0,0.273972603,0.156364018,0.533333333,0,0,0.5,0.5,0.733333333,0.333333333,1,0,1,1,0.951219512
1,0.369863014,0.240532029,0.8,0,0,0.397959184,0.5,0.6,0.333333333,0.285714286,0,1,1,0.951219512
1,0.575342466,0.177896172,0.4,0,0,0.704081633,0.75,0.066666667,0.333333333,0.857142857,0,1,1,0.951219512
0,0.602739726,0.022670766,0.533333333,0,0,0.357142857,0.75,0.733333333,0.333333333,0.071428571,1,1,0,0.951219512
0,0.095890411,0.123379439,0.533333333,0,0,0.397959184,0.5,0.733333333,0.333333333,0.785714286,0,1,1,0.951219512
0,0.082191781,0.06438403,0.6,0,0,0.397959184,0.5,1,0.333333333,1,0,1,1,0.951219512
0,0.150684932,0.077019718,0.6,0,0,0.397959184,0.5,1,0.666666667,0.071428571,0.2,1,0,0.951219512
0,0.219178082,0.095025759,0.6,0,0,0.397959184,0.5,1,0.666666667,0.285714286,0.6,0.25,0,0.951219512
0,0.452054795,0.215042131,0.6,0,0,0.43877551,0.5,1,0.333333333,0.571428571,0,1,1,0.951219512
0,0.191780822,0.090083654,0.533333333,0,0,0.397959184,0.5,0.733333333,0.333333333,0.071428571,0,0,1,0.951219512
0,0.02739726,0.3006877,0.533333333,0.029070291,0,0.295918367,0.5,0.733333333,0.666666667,0.857142857,0.2,1,1,0.951219512
0,0.095890411,0.183643357,0.8,0,0,0.397959184,0,0.6,0.666666667,0,0.6,1,1,0.951219512
1,0.369863014,0.109658585,0.733333333,0,0,0.397959184,0.5,0.466666667,0.333333333,0.214285714,0,1,1,0.951219512
0,0.205479452,0.073588997,0.533333333,0,0,0.602040816,0.75,0.733333333,0.333333333,0.357142857,0,1,1,0.951219512
0,0.520547945,0.056060591,0.6,0,0,1,0.75,1,0.333333333,1,0,1,1,0.951219512
0,0.287671233,0.08412336,0.8,0,0,0.397959184,0.5,0.6,0.333333333,0.5,0,1,1,0.487804878
0,0.164383562,0.068112427,0.6,0,0,0.397959184,0,1,0.333333333,0,1,1,0,0.951219512
0,0.424657534,0.111379696,0.533333333,0,0,0.551020408,0.5,0.733333333,0.333333333,0.214285714,0,1,1,0.951219512
0,0.287671233,0.15977106,0.133333333,0,0,0.397959184,0.5,0.266666667,0.333333333,0.5,0,1,1,0.634146341
1,0.424657534,0.048141721,0.866666667,0.07298073,0,0.551020408,0.5,0.8,0.333333333,0.714285714,0,1,1,0.951219512
1,0.315068493,0.107582969,0.8,0,0,0.602040816,0.5,0.6,0.333333333,0.071428571,0,0.5,1,0.951219512
1,0.397260274,0.21373912,0.933333333,0,0.436639118,0.448979592,0.625,0.933333333,0.333333333,0.714285714,0,1,1,0.951219512
0,0.273972603,0.131656197,0.533333333,0,0,0.5,0.5,0.733333333,0.666666667,0.285714286,0.2,1,0,0.951219512
0,0.260273973,0.132309056,0.533333333,0,0,0.397959184,0.5,0.733333333,0,0.214285714,0.6,1,1,0.951219512
0,0.273972603,0.050181481,0.733333333,0,0,0.5,0.625,0.466666667,0.833333333,0.285714286,0.8,1,1,0.951219512
0,0.410958904,0.127492786,0.8,0,0,0.448979592,0.5,0.6,0.666666667,0.285714286,0.8,0.5,0,0.951219512
0,0.04109589,0.176857687,0.6,0.34095341,0,0.091836735,0,1,0.666666667,0,0.4,0.5,1,0.951219512
0,0.095890411,0.163766689,0.6,0,0,0.346938776,0.5,1,0.666666667,0.857142857,0.6,1,1,0.951219512
0,0.054794521,0.07123803,0.533333333,0,0,0.397959184,0.5,0.733333333,0.666666667,0.214285714,0.6,1,1,0.951219512
0,0.136986301,0.164599507,0.533333333,0,0,0.397959184,0.5,0.733333333,0.666666667,0.5,0.2,1,0,0.951219512
0,0.369863014,0.095529779,0.533333333,0,0,0.397959184,0.5,0.733333333,0.666666667,0.571428571,0.8,1,1,0.951219512
0,0.561643836,0.167271829,0.6,0,0,0.704081633,0.5,1,0.333333333,1,0,1,1,0.951219512
0,0.123287671,0.191304465,0.533333333,0,0,0.397959184,0.5,0.733333333,0.666666667,0.5,0.6,0.5,1,0.951219512
0,0.616438356,0.155641476,0.6,0,0,0.397959184,0.25,1,0,0.714285714,0.2,0,1,0.951219512
1,0.342465753,0.063861066,0.533333333,0,0,0.5,0.5,0.733333333,0.333333333,0.214285714,0,1,1,0.951219512
1,0.260273973,0.052321369,0.533333333,0,0,0.806122449,0.75,0.733333333,0.333333333,0.214285714,0,1,1,0.951219512
0,0.342465753,0.068449343,0.533333333,0,0,0.397959184,0.5,0.733333333,0,0.5,0.2,1,1,0.951219512
0,0.082191781,0.171071263,0.8,0,0,0.551020408,0.5,0.6,0.666666667,0.857142857,0.4,1,1,0.951219512
1,0.356164384,0.196714058,0.666666667,0.150241502,0,0.397959184,0.5,0.533333333,0.333333333,0.285714286,0,1,1,0.951219512
0,0.397260274,0.10666829,0.6,0,0,0.397959184,0.5,1,0,0.285714286,0.2,1,0,0.951219512
1,0.315068493,0.077504118,0.6,0,0,0.397959184,0.5,1,0.333333333,0.071428571,0,1,1,0.951219512
0,0.164383562,0.111876275,0.6,0,0,0.448979592,0.5,1,0.666666667,0.285714286,0.2,1,1,0.951219512
0,0.082191781,0.115049912,0.6,0,0,0.397959184,0.5,1,0.666666667,0.214285714,0.6,1,1,0.536585366
1,0.424657534,0.083376463,0.6,0,0,0.397959184,0.5,1,1,0.071428571,0.8,1,0,0.951219512
1,0.452054795,0.263060046,0.533333333,1,0,0.5,0.75,0.733333333,0.333333333,0.214285714,0,1,1,0.951219512
0,0.342465753,0.101966356,0.8,0,0,0.397959184,0.5,0.6,0.5,0.928571429,0.6,0.25,0,0.951219512
0,0.575342466,0.050892522,0.533333333,0,0,0.397959184,0.5,0.733333333,0,0.214285714,0.2,1,1,0.951219512
0,0.150684932,0.175417339,0.266666667,0,0,0.520408163,0.5,0.4,0.666666667,0.571428571,0.4,1,1,0.951219512
0,0.479452055,0.11406149,0.8,0,0,0.397959184,0.5,0.6,0.333333333,0.285714286,0,1,1,0.951219512
0,0.287671233,0.069919458,0.6,0,0,0.397959184,0.25,1,0.333333333,0.285714286,0,1,1,0.951219512
0,0.205479452,0.098100621,0.533333333,0,0,0.397959184,0.5,0.733333333,0.5,0.428571429,0.4,1,1,0.951219512
0,0.260273973,0.148024342,0.8,0,0,0.5,0.5,0.6,0,0.714285714,0.2,1,0,0.951219512
0,0.136986301,0.029541003,0.6,0,0,0.397959184,0.5,1,0.666666667,0.285714286,0.2,0.5,0,0.951219512
0,0.287671233,0.007852569,0.533333333,0,0,0.397959184,0.5,0.733333333,0.333333333,0.5,1,1,0,0.951219512
1,0.369863014,0.151206773,0.6,0.07298073,0,0.448979592,0.5,1,0.333333333,0.714285714,0,1,1,0.951219512
0,0.383561644,0.175590533,0.8,0,0,0.193877551,0.75,0.6,0.333333333,0.214285714,0,1,1,0.951219512
0,0.095890411,0.304803753,0.8,0,0,0.397959184,0.5,0.6,0.666666667,0.357142857,0.2,1,1,0.951219512
0,0.739726027,0.078643407,0.533333333,0,0,0.193877551,0,0.733333333,1,0,0.2,1,0,0.951219512
1,0.369863014,0.121458073,0.6,0,0,0.448979592,0.5,1,0.333333333,0.714285714,0,1,1,0.951219512
0,0.424657534,0.328256597,0.533333333,0.014710147,0,0.397959184,0.125,0.733333333,0.5,0.071428571,0.8,1,0,0.951219512
0,0.273972603,0.129073178,0.6,0,0,0.62244898,0.5,1,0.833333333,0.071428571,0.6,1,1,0.951219512
0,0.082191781,0.160333939,0.533333333,0,0,0.755102041,0.5,0.733333333,0.666666667,0.285714286,0.6,0.5,1,0.951219512
0,0.493150685,0.114356461,0.533333333,0,0,0.397959184,0,0.733333333,0.333333333,0,0,1,1,0.951219512
1,0.493150685,0.148288191,0.866666667,0.150241502,0,0.5,0.5,0.8,0.333333333,0.285714286,0,1,1,0.951219512
0,0.123287671,0.130764521,0.533333333,0,0,0.397959184,0.25,0.733333333,0.333333333,0.214285714,0,1,1,0.951219512
0,0.465753425,0.208527753,0.2,0,0,0.5,0.5,0.333333333,0.5,0.214285714,0.2,0.5,1,0.146341463
0,0.02739726,0.011653356,0.6,0,0,0.193877551,0.5,1,0.666666667,0.571428571,0.6,1,0,0.951219512
0,0.01369863,0.007885043,0.6,0,0,0.397959184,0.5,1,0.666666667,0.571428571,0.2,0,1,0.951219512
1,0.397260274,0.074938689,0.866666667,0,0,0.5,0.5,0.8,0.333333333,0.285714286,0,0.25,1,0.585365854
0,0.698630137,0.090470633,0.533333333,0.032730327,0,0.418367347,0.5,0.733333333,1,0.214285714,0.2,1,0,0.951219512
0,0.219178082,0.151619461,0.533333333,0,0,0.346938776,0.5,0.733333333,0.666666667,0.071428571,0.6,1,1,0.951219512
0,0.397260274,0.108894098,0.533333333,0,0,0.397959184,0.5,0.733333333,0.333333333,0.214285714,0,1,1,0.951219512
0,0.547945205,0.140704208,0.733333333,0,0,0.397959184,0.5,0.466666667,0,0.928571429,0.2,1,0,0.951219512
0,0.410958904,0.077813973,0.6,0,0,0.397959184,0.5,1,0.333333333,0.857142857,0,1,1,0.951219512
0,0.452054795,0.109475244,0.533333333,0,0,0.397959184,0.5,0.733333333,0,0.214285714,0.6,1,1,0.804878049
0,0.02739726,0.174347733,0.533333333,0,0,0.397959184,0.5,0.733333333,0.666666667,0.571428571,0.6,1,1,0.804878049
0,0.178082192,0.239345382,0.6,0,0,0.397959184,0.5,1,0.666666667,0.214285714,0.8,0.5,1,0.951219512
1,0.589041096,0.240448138,0.733333333,0,0,0.397959184,0.5,0.466666667,0.333333333,0.071428571,0,1,1,0.951219512
0,0.273972603,0.104938384,0.533333333,0,0,0.397959184,0.5,0.733333333,0.333333333,0.571428571,0,1,1,0.317073171
0,0.04109589,0.151752063,0.466666667,0,0,0.346938776,0.5,0.133333333,0.666666667,0.714285714,0.2,1,0,0.536585366
1,0.369863014,0.139955281,0.6,0,0,0.5,0.5,1,0.333333333,0.857142857,0,1,1,0.219512195
0,0.082191781,0.119565798,0.8,0,0,0.551020408,0.5,0.6,0.666666667,0.857142857,0.2,1,1,0.951219512
1,0.698630137,0.12271102,1,0.200512005,0,0.551020408,0.5,0.666666667,0.333333333,0.714285714,0,1,1,0.951219512
0,0.246575342,0.068872855,0.533333333,0.050130501,0,0.397959184,0.5,0.733333333,0.333333333,0.071428571,1,1,0,0.951219512
0,0.465753425,0.022462393,0.533333333,0,0,0.806122449,0.125,0.733333333,0.333333333,1,0,1,1,0.951219512
1,0.369863014,0.030409001,0.6,0,0,0.397959184,0.625,1,0.333333333,0.214285714,0,1,1,0.951219512
0,0.178082192,0.128380403,0.533333333,0,0,0.193877551,0.5,0.733333333,0.666666667,0.071428571,0.2,1,1,0.951219512
0,0.465753425,0.120746356,0.066666667,0,0,0.397959184,0.5,0.2,1,0.214285714,0.2,1,1,0.634146341
0,0.520547945,0.11430572,0.533333333,0,0,0.193877551,0.5,0.733333333,0,0.785714286,0.2,1,1,0.951219512
0,0.767123288,0.108761497,0.8,0,0,0.142857143,0.5,0.6,0.333333333,0.714285714,0,1,1,0.951219512
0,0.821917808,0.059939856,0.2,0,0,0.071428571,0.25,0.333333333,0.333333333,0.571428571,0,1,1,0.048780488
0,0.671232877,0.083323016,0.533333333,0,0,0.397959184,0.5,0.733333333,0.333333333,0.857142857,0,1,1,0.951219512
0,0.082191781,0.057142374,0.8,0,0,0.397959184,0.5,0.6,0.666666667,1,0.6,1,1,0.951219512
1,0.164383562,0.065765519,0.8,0.051780518,0,0.448979592,0.5,0.6,0.333333333,0.714285714,0,1,1,0.951219512
0,0.219178082,0.234855204,0.533333333,0,0,0.602040816,0.75,0.733333333,0.333333333,0.857142857,0,1,1,0.951219512
1,0.589041096,0.086123881,0.666666667,0,0,0.397959184,0.5,0.533333333,1,0.285714286,0.8,0.25,0,0.951219512
1,0.383561644,0.231063889,0.6,0,0,0.397959184,0.5,1,0.333333333,0.428571429,0,1,1,0.951219512
0,0.260273973,0.401333455,0.333333333,0,0,0.397959184,0.5,0,0.666666667,1,0.2,0.5,0,0.951219512
1,0.178082192,0.104644091,0.6,0,0,0.193877551,0.75,1,0.333333333,0.071428571,1,1,0,0.951219512
1,0.301369863,0.18587593,0.866666667,0,0,0.448979592,0.25,0.8,0.333333333,0.714285714,0,1,1,0.951219512
0,0.04109589,0.210597958,0.533333333,0,0,0.193877551,0.5,0.733333333,0.666666667,0.571428571,0.6,1,0,0.951219512
1,0.273972603,0.130608241,0.6,0,0,0.397959184,0.5,1,0.666666667,0.928571429,0.2,1,1,0.951219512
0,0.410958904,0.068964187,0.733333333,0,0,0.244897959,0.75,0.466666667,0.333333333,0.285714286,0,1,1,0.951219512
0,0.095890411,0.124792049,0.533333333,0,0,0.397959184,0.5,0.733333333,0,0.571428571,0.8,1,0,0.951219512
1,0.397260274,0.0293854,0.866666667,0,0,0.448979592,0.5,0.8,0.333333333,0.285714286,0,1,1,0.951219512
0,0.465753425,0.085220703,0.533333333,0,0,0.602040816,0.5,0.733333333,0.333333333,1,0,1,1,0.951219512
0,0.205479452,0.153829032,0.533333333,0,0.362488522,0.357142857,0.5,0.733333333,0.333333333,0.214285714,0,0.5,1,0.951219512
0,0.191780822,0.234734104,0.666666667,0,0,0.397959184,0.5,0.533333333,0.666666667,0.785714286,0.6,0.5,1,0.951219512
0,0.136986301,0.24670002,0.533333333,0,0,0.5,0.625,0.733333333,0.666666667,0.857142857,0.2,1,1,0.951219512
0,0.273972603,0.066965696,0.666666667,0,0,0.316326531,0,0.533333333,0.666666667,0,0.6,1,0,0.951219512
1,0.438356164,0.15113709,0.6,0,0,0.397959184,0.5,1,0.333333333,0.857142857,1,1,0,0.951219512
0,0.506849315,0.075303342,0.533333333,0.038870389,0,0.346938776,0.875,0.733333333,0.833333333,0.071428571,0.8,0.5,0,0.951219512
0,0.397260274,0.203874529,0.933333333,0.046500465,0,0.397959184,0.25,0.933333333,0.833333333,0.714285714,0.2,0.5,1,0.951219512
0,0.369863014,0.030409001,0.6,0,0,0.448979592,0.5,1,0.333333333,0.714285714,0,1,1,0.951219512
1,0.205479452,0.13530138,0.8,0,0,0.602040816,0.5,0.6,0.333333333,0.714285714,0,1,1,0.951219512
0,0.082191781,0.073761514,0.533333333,0,0,0.397959184,0.75,0.733333333,0.666666667,0.214285714,0.6,1,1,0.951219512
0,0.479452055,0.255044432,0.666666667,0,0,0.357142857,0.5,0.533333333,0,0.071428571,0.2,1,0,0.951219512
1,0.246575342,0.112094796,0.533333333,0,0,0.397959184,0.875,0.733333333,0.333333333,0.785714286,0,1,1,0.951219512
0,0.534246575,0.090909706,0.533333333,0,0,0.091836735,0.5,0.733333333,0,0.428571429,0.8,1,1,0.951219512
0,0.273972603,0.008157011,0.6,0,0,0.37755102,0.875,1,0.333333333,0.285714286,0,1,1,0.951219512
1,0.191780822,0.006708544,0.533333333,0,0,0.397959184,0.5,0.733333333,0.333333333,0.071428571,0,0,1,0.951219512
0,0.438356164,0.269930283,0.333333333,0,0,0.397959184,0.5,0,0,0.5,0.2,0.5,1,0.951219512
0,0.287671233,0.117071405,0.6,0,0,0.244897959,0.5,1,0.666666667,0.214285714,0.6,1,0,0.951219512
1,0.479452055,0.172005561,0.6,0,0,0.448979592,0.5,1,0.333333333,0.714285714,0,1,1,0.951219512
1,0.438356164,0.213090998,0.6,0,0.453856749,0.602040816,0.625,1,0.333333333,0.285714286,1,1,0,0.073170732
1,0.219178082,0.147111016,0.8,0,0,0.448979592,0.5,0.6,0.666666667,0.857142857,0.2,1,1,0.951219512
0,0.520547945,0.120185507,0.6,0,0,0.846938776,0.5,1,0.333333333,1,0,1,1,0.951219512
0,0.191780822,0.06019897,0.733333333,0,0,0.397959184,0.5,0.466666667,0.333333333,0.214285714,0,1,1,0.951219512
1,0.301369863,0.199167859,0.533333333,0,0,0.397959184,0.75,0.733333333,0.333333333,0.285714286,0,1,1,0.951219512
0,0.438356164,0.01816841,0.533333333,0,0,0.602040816,0.75,0.733333333,0.333333333,0.357142857,0,1,1,0.951219512
0,0.301369863,0.088363896,0.666666667,0,0,0.5,0.875,0.533333333,0.666666667,0.285714286,0.8,1,0,0.951219512
0,0.424657534,0.056222283,0.6,0,0,0.397959184,0.5,1,0.666666667,0.285714286,0.2,0.5,0,0.951219512
0,0.301369863,0.250668588,0.333333333,0,0.365013774,0.397959184,0.5,0,1,0.5,0.2,0.5,1,0.951219512
0,0.452054795,0.037553912,0.533333333,0,0,0.602040816,0.625,0.733333333,0.5,0.857142857,0.2,1,1,0.951219512
0,0.068493151,0.033532574,0.866666667,0,0,0.204081633,0.5,0.8,0.666666667,0.857142857,0.4,1,0,0.951219512
0,0.082191781,0.151758151,0.6,0,0,0.479591837,0.5,1,0.666666667,0.928571429,0.2,1,1,0.951219512
0,0.547945205,0.16937586,0.533333333,0,0,0.397959184,0.5,0.733333333,0.666666667,0.071428571,0.4,1,0,0.951219512
0,0.02739726,0.12899267,0.6,0,0,0.193877551,0.5,1,0.666666667,0.428571429,0.6,1,1,0.951219512
0,0.068493151,0.128165941,0.266666667,0,0,0.295918367,0.5,0.4,0.666666667,0.428571429,0.4,1,1,0.951219512
0,0.438356164,0.104527726,0.533333333,0,0,0.397959184,0.5,0.733333333,0.333333333,0.071428571,0,1,1,0.951219512
0,0.123287671,0.0112109,0.8,0,0,0.397959184,0.5,0.6,0.666666667,0.928571429,0.2,1,0,0.951219512
0,0.068493151,0.110879735,0.6,0,0,0.244897959,0.5,1,0.666666667,0.571428571,0.6,1,0,0.951219512
0,0.287671233,0.296755665,0.466666667,0.039420394,0,0.397959184,0.5,0.133333333,0.333333333,0.571428571,0,1,1,0.951219512
0,0.698630137,0.115206868,0.6,0.009910099,0,0.285714286,0.5,1,1,0.071428571,0.2,1,0,0.951219512
0,0.095890411,0.041703792,0.666666667,0,0,0.193877551,0.5,0.533333333,0.666666667,0.071428571,0.6,0.25,0,0.951219512
1,0.178082192,0.101016497,0.533333333,0,0,0.397959184,0.5,0.733333333,0.333333333,0.428571429,0,1,1,0.951219512
0,0.397260274,0.070617645,0.533333333,0,0,0.397959184,0.5,0.733333333,0,0.285714286,0.2,1,0,0.951219512
0,0.616438356,0.125314336,0.533333333,0,0,0.153061224,0.5,0.733333333,0.333333333,0.857142857,1,1,0,0.951219512
0,0.054794521,0.345437263,0.666666667,0,0,0.397959184,0.5,0.533333333,0.666666667,0.285714286,0.4,1,1,0.634146341
0,0.082191781,0.074460377,0.533333333,0,0,0.397959184,0.5,0.733333333,0.666666667,0.857142857,0.6,1,1,0.951219512
0,0.273972603,0.072825186,0.533333333,0,0,0.469387755,0.5,0.733333333,0.666666667,0.857142857,0.2,1,1,0.951219512
0,0.178082192,0.129590052,0.8,0,0,0.5,0,0.6,0.666666667,0,0.2,0.25,0,0.87804878
0,0.150684932,0.054107427,0.533333333,0,0,0.397959184,0.5,0.733333333,0.333333333,0.214285714,0,1,1,0.951219512
0,0.273972603,0.248039564,0.533333333,0,0,0.397959184,0.875,0.733333333,0.333333333,0.071428571,0,1,1,0.951219512
0,0.191780822,0.109310169,0.533333333,0,0.436639118,0.397959184,0.5,0.733333333,0.333333333,0.5,0.4,0.25,1,0.073170732
0,0.082191781,0.033822132,0.533333333,0,0,0.397959184,0.5,0.733333333,0.666666667,0.214285714,0.8,1,1,0.951219512
1,0.219178082,0.204894748,0.533333333,0,0,0.397959184,0.5,0.733333333,0.333333333,0.857142857,0,1,1,0.12195122
0,0.493150685,0.16564408,0.466666667,0,0,0.448979592,0.75,0.133333333,0.333333333,0.214285714,0,1,1,0.951219512
0,0.821917808,0.133428049,0.6,0,0,0.397959184,0.75,1,0.666666667,0.214285714,0.2,1,1,0.951219512
0,0.410958904,0.112321436,0.6,0,0,0.397959184,0.25,1,0,0.714285714,0.2,1,0,0.951219512
0,0.616438356,0.057469141,0.6,0,0,0,0,1,0.333333333,0,1,1,0,0.951219512
1,0.794520548,0.127042213,0.6,0,0,0.346938776,0.5,1,0.333333333,0.285714286,0,1,1,0.951219512
0,0.630136986,0.042422951,0.533333333,0,0,0.602040816,0.75,0.733333333,1,0.357142857,0.8,1,1,0.951219512
0,0.178082192,0.143332555,0.533333333,0,0,0.397959184,0.5,0.733333333,0.666666667,1,0.6,0.5,1,0.951219512
0,0.219178082,0.147100192,0.533333333,0,0,0.37755102,0.5,0.733333333,0,0.071428571,0.2,1,1,0.951219512
0,0.438356164,0.093134837,0.533333333,0,0.43067034,0.397959184,0.5,0.733333333,0,0.214285714,0.2,1,1,0.951219512
0,0.136986301,0.085868826,0.533333333,0,0,0.397959184,0.5,0.733333333,0.666666667,0.5,0.8,0.5,0,0.951219512
1,0.315068493,0.022958971,1,1,0,0.551020408,0.625,0.666666667,0.666666667,0.714285714,0.2,1,1,0.951219512
0,0.273972603,0.157307111,0.533333333,0,0,0.397959184,0.25,0.733333333,0.333333333,0.214285714,0,1,1,0
1,0.342465753,0.154230219,0.666666667,0,0,0.397959184,0.5,0.533333333,0.333333333,0.714285714,0,0.5,1,0.951219512
0,0.712328767,0.109726916,0.333333333,0,0,0.275510204,0.5,0,0.833333333,0.5,0.2,1,0,0.707317073
0,0.02739726,0.147883622,0.6,0,0,0.397959184,0,1,0.666666667,0,0.6,1,0,0.951219512
1,0.479452055,0.184047926,0.666666667,0.150241502,0,0.397959184,0.5,0.533333333,0.333333333,0.714285714,0,1,1,0.951219512
0,0.082191781,0.122321335,0.8,0,0,0.37755102,0.5,0.6,0.666666667,0.714285714,0.2,1,0,0.951219512
0,0.739726027,0.093807315,0.8,0,0,0.397959184,0.5,0.6,1,0.285714286,0.4,1,0,0.951219512
1,0.575342466,0.071762346,0.533333333,0,0,0.397959184,0.5,0.733333333,0.333333333,0.214285714,0,1,1,0.951219512
0,0.123287671,0.014956888,0.6,0,0,0.397959184,0.5,1,0,0.071428571,0.2,1,0,0.951219512
0,0.547945205,0.084816134,0.533333333,0,0,0.397959184,0.5,0.733333333,0.333333333,0.071428571,1,1,0,0.951219512
1,0.095890411,0.10109024,0.533333333,0,0,0.448979592,0.5,0.733333333,0,0.285714286,0.2,1,0,0.951219512
1,0.452054795,0.110102394,0.533333333,0,0,0.397959184,0.5,0.733333333,0.333333333,0.428571429,0,1,1,0.951219512
0,0.547945205,0.072191947,0.266666667,0,0,0.397959184,0.5,0.4,0.333333333,1,0.4,1,0,0
0,0.109589041,0.06802583,0.866666667,0,0,0.397959184,0.25,0.8,0.666666667,0.785714286,0.2,1,1,0.951219512
1,0.465753425,0.049745791,0.8,0,0,0.397959184,0.125,0.6,0.333333333,0.285714286,0,0.25,1,0.951219512
0,0.452054795,0.203091099,0.533333333,0,0,0.397959184,0.5,0.733333333,0.333333333,1,0,1,1,0.951219512
0,0.616438356,0.074519236,0.333333333,0,0,0.346938776,0,0,0,0,0.8,1,1,0.951219512
0,0.575342466,0.033647585,0.533333333,0,0,0.397959184,0.25,0.733333333,1,0.214285714,0.2,0.5,1,0.951219512
0,0.438356164,0.075448798,0.533333333,0,0,0.397959184,0.5,0.733333333,0.833333333,0.071428571,0.8,0.5,0,0.951219512
0,0.068493151,0.050445331,0.6,0,0,0.193877551,0.5,1,0.666666667,0.571428571,0.6,1,0,0.951219512
0,0.02739726,0.053857785,0.6,0,0,0.234693878,0.5,1,0.666666667,0.428571429,0.6,1,1,0.951219512
0,0.369863014,0.152699891,0.933333333,0,0,0.448979592,0.5,0.933333333,0.333333333,0.5,0,1,1,0
1,0.287671233,0.103636727,0.8,0,0,0.397959184,0.5,0.6,0.333333333,0.714285714,0,1,1,0.951219512
1,0.452054795,0.199761182,0.8,0,0,0.602040816,0.125,0.6,0,0.714285714,0.2,1,1,0.951219512
0,0.246575342,0.137073908,0.533333333,0,0,0.448979592,0.5,0.733333333,0,0.071428571,0.2,1,0,0.951219512
0,0.246575342,0.163434509,0.533333333,0,0,0.193877551,0,0.733333333,0,0,0.8,1,0,0.951219512
0,0.383561644,0.025241608,0.6,0,0,0.806122449,0.75,1,0.333333333,0.285714286,0,1,1,0.951219512
0,0.082191781,0.125892099,0.733333333,0,0,0.397959184,0.5,0.466666667,0.666666667,0.857142857,0.2,1,1,0.951219512
1,0.315068493,0.113274001,0.533333333,0.07298073,0,0.5,0.125,0.733333333,0.333333333,0.071428571,0,1,1,0.951219512
0,0.328767123,0.104924177,0.8,0,0,0.520408163,0.5,0.6,0.666666667,0.071428571,0.2,1,1,0.951219512
0,0.315068493,0.083059167,0.533333333,0,0,0.448979592,0.5,0.733333333,0.666666667,0.071428571,0.2,1,0,0.951219512
0,0.712328767,0.125161439,0.533333333,0,0,0.346938776,0.25,0.733333333,0.333333333,0.285714286,0,1,1,0.951219512
1,0.369863014,0.110801934,0.533333333,0,0,0.5,0.5,0.733333333,0.333333333,1,0,1,1,0.951219512
0,0.410958904,0.118069298,0.533333333,0,0,0.346938776,0,0.733333333,0.333333333,0,0.2,1,0,0.951219512
0,0.219178082,0.140224543,0.733333333,0,0,0.5,0.5,0.466666667,0.333333333,0.285714286,0,1,1,0.951219512
0,0.232876712,0.133604625,0.533333333,0,0,0.397959184,0.75,0.733333333,0.333333333,0.285714286,0,1,1,0.951219512
0,0.136986301,0.278033171,0.6,0,0,0.602040816,0.5,1,0.333333333,0.285714286,0,1,1,0.951219512
0,0.01369863,0.043201645,0.4,0,0,0.071428571,0.875,0.066666667,0.666666667,0.571428571,0.6,1,1,0.951219512
0,0.246575342,0.088694046,0.533333333,0,0,0.397959184,0.5,0.733333333,0.333333333,0.428571429,0,1,1,0.951219512
0,0.602739726,0.128609073,0.8,0,0,0.295918367,0.25,0.6,0.333333333,0.714285714,1,1,0,0.951219512
0,0.095890411,0.315382768,0.4,0,0,0.295918367,0.5,0.066666667,0.666666667,0.714285714,0.2,0.5,0,0.951219512
0,0.04109589,0.102998752,0.4,0,0,0.397959184,0.5,0.066666667,0.666666667,0.357142857,0.6,0.5,1,0.951219512
0,0.479452055,0.264351556,0.533333333,0,0,0.5,0.5,0.733333333,0.333333333,0.857142857,0,1,1,0.951219512
0,0.520547945,0.231807403,0.733333333,0,0,0.397959184,0.5,0.466666667,0,0.071428571,0.8,1,0,0.951219512
0,0.232876712,0.15755743,0.533333333,0,0.383149679,0.448979592,0.5,0.733333333,0,0.857142857,0.2,1,1,0.951219512
1,0.164383562,0.232596246,0.8,0.076880769,0,0.397959184,0.875,0.6,0.333333333,0.285714286,0,1,1,0.951219512
0,0.383561644,0.10033996,0.733333333,0,0,0.397959184,0.875,0.466666667,0.666666667,0.214285714,0.2,1,1,0.951219512
0,0.136986301,0.072772416,0.6,0,0,0.397959184,0,1,0,0,0.8,0,0,0.951219512
0,0.219178082,0.127191727,0.866666667,0,0,0.183673469,0.875,0.8,0.333333333,0.714285714,0,0.25,1,0.463414634
0,0.02739726,0.068858648,0.6,0,0,0.255102041,0.5,1,0.666666667,0.071428571,0.6,1,0,0.951219512
0,0.369863014,0.07184759,0.933333333,0,0,0.806122449,0,0.933333333,0.333333333,0,0,1,1,0.951219512
0,0.520547945,0.145400053,0.733333333,0,0,0.040816327,0,0.466666667,0.5,0,0.2,1,0,0.951219512
0,0.410958904,0.073633648,0.266666667,0,0,0.397959184,0.5,0.4,0.333333333,0.5,0,1,1,0.951219512
1,0.383561644,0.165970848,0.8,0,0,0.397959184,0.5,0.6,0.333333333,0.285714286,0,1,1,0.951219512
0,0.04109589,0.101272905,0.533333333,0,0,0.397959184,0.5,0.733333333,0.833333333,0.5,0.6,1,1,0.951219512
0,0.219178082,0.033738917,0.6,0,0,0.346938776,0.5,1,0.666666667,0.857142857,0.2,0.5,1,0.951219512
0,0.479452055,0.294492648,0.533333333,0,0,0.397959184,0.875,0.733333333,0,0.071428571,0.2,1,0,0.219512195
1,0.424657534,0.225656326,0.6,0,0,0.397959184,0.5,1,0.333333333,0.928571429,0,1,1,0.951219512
0,0.068493151,0.061669762,0.533333333,0,0,0.234693878,0.5,0.733333333,0.666666667,0.571428571,0.2,1,0,0.951219512
0,0.479452055,0.119169347,0.533333333,0,0,0.448979592,0,0.733333333,0.333333333,0,0,1,1,0.951219512
1,0.301369863,0.110793139,0.6,0,0.424242424,0.469387755,0.5,1,0.333333333,0.285714286,0,1,1,0.951219512
1,0.479452055,0.066768824,1,0,0,0.397959184,0.5,0.666666667,0.666666667,0.285714286,0.2,1,1,0.951219512
0,0.02739726,0.071143991,0.533333333,0,0,0.295918367,0,0.733333333,0.666666667,0,0.6,1,1,0.951219512
0,0.712328767,0.145875659,0.533333333,0.034560346,0,0.295918367,0.75,0.733333333,0.333333333,0.214285714,0,1,1,0.268292683
1,0.547945205,0.120560985,0.4,0,0,0.397959184,0.5,0.066666667,0.333333333,0.214285714,0,1,1,0.951219512
0,0,0.056574759,0.4,0,0,0.112244898,0.5,0.066666667,0.666666667,0.428571429,0.6,1,1,0.951219512
0,0.342465753,0.067583375,0.533333333,0,0,0.397959184,0.5,0.733333333,0.333333333,0.5,1,1,0,0.951219512
0,0.219178082,0.156546006,0.6,0,0,0.397959184,0.875,1,0.666666667,0.928571429,0.2,1,0,0.951219512
0,0.397260274,0.125532181,0.533333333,0,0.383838384,0.5,0.75,0.733333333,0.333333333,0.357142857,0,1,1,0.951219512
0,0.589041096,0.131284778,0.533333333,0,0,0.397959184,0.5,0.733333333,0.333333333,0.571428571,0,1,1,0.951219512
1,0.301369863,0.18393765,0.8,0,0.436639118,0.5,0.5,0.6,0.333333333,0.714285714,0,1,1,0.951219512
0,0.246575342,0.194212223,0.533333333,0,0,0.397959184,0.5,0.733333333,0.666666667,0.571428571,0.8,0.5,0,0.951219512
0,0.342465753,0.207514977,0.533333333,0.028850289,0,0.448979592,0.5,0.733333333,0.333333333,1,0,1,1,0.951219512
0,0.150684932,0.144646391,0.333333333,0,0,0.397959184,0.5,0,0.666666667,0.5,0.8,1,0,0.951219512
1,0.328767123,0.073060621,0.8,0,0,0.346938776,0.25,0.6,0.333333333,0.714285714,0,1,1,0.951219512
0,0.232876712,0.109223572,0.533333333,0,0,0.5,0.5,0.733333333,0.333333333,0.857142857,0,1,1,0.951219512
0,0.246575342,0.071227205,0.533333333,0,0,0.397959184,0.5,0.733333333,0,0.214285714,0.2,1,1,0.951219512
0,0.04109589,0.123091234,0.6,0,0,0.397959184,0.5,1,0.333333333,0.857142857,0,1,1,0.951219512
0,0.273972603,0.173880246,0.6,0,0,0.265306122,0.25,1,0.5,0.071428571,0.8,0.5,0,0.951219512
0,0.328767123,0.021460441,0.666666667,0,0,0.397959184,0.75,0.533333333,0,0.357142857,0.2,1,1,0.951219512
1,0.315068493,0.102109782,0.8,0.105201052,0,0.397959184,0.5,0.6,0,0.285714286,0.2,1,0,0.951219512
1,0.315068493,0.089737943,0.6,0.07298073,0,0.397959184,0.5,1,0.333333333,0.428571429,0,1,1,0.951219512
0,0.095890411,0.079937623,0.666666667,0,0,0.295918367,0.5,0.533333333,0.666666667,0.857142857,0.2,1,1,0.951219512
1,0.547945205,0.224675347,0.6,0.076880769,0,0.755102041,0.875,1,0.333333333,0.714285714,0,0.25,1,0.951219512
0,0.205479452,0.256806135,0.533333333,0,0,0.397959184,0.5,0.733333333,0.333333333,0.214285714,0,1,1,0.951219512
0,0.424657534,0.037171668,0.866666667,0,0,0.397959184,0.25,0.8,0.833333333,0.071428571,0.8,0.5,0,0.951219512
0,0.246575342,0.063704786,0.666666667,0,0,0.397959184,0.5,0.533333333,0.333333333,0.571428571,0,1,1,0.951219512
1,0.383561644,0.114349695,0.933333333,0.150241502,0,0.428571429,0.625,0.933333333,0.333333333,0.714285714,0,1,1,0.951219512
0,0.273972603,0.01565778,0.533333333,0.015060151,0,0.397959184,0.5,0.733333333,0.666666667,0.5,0.8,1,1,0.951219512
1,0.424657534,0.105177202,0.533333333,0,0,0.397959184,0.125,0.733333333,0.333333333,0.071428571,1,1,0,0.951219512
1,0.383561644,0.117802065,0.533333333,0,0,0.397959184,0.5,0.733333333,0.333333333,1,0,1,1,0.951219512
1,0.328767123,0.12998312,0.8,0,0,0.479591837,0.5,0.6,0.333333333,0.857142857,0,1,1,0.951219512
1,0.219178082,0.1706694,0.8,0,0,0.448979592,0.5,0.6,0.333333333,0.714285714,0,1,1,0.951219512
0,0.383561644,0.072961847,0.2,0,0,0.520408163,0.625,0.333333333,0.333333333,0.285714286,0,1,1,0
0,0.219178082,0.132111507,0.8,0,0,0.397959184,0.5,0.6,0.666666667,0.071428571,0.2,0.5,1,0.951219512
0,0.506849315,0.01386428,0.533333333,0,0,0.295918367,0.75,0.733333333,0.333333333,0.857142857,1,1,0,0.951219512
0,0.232876712,0.091285184,0.666666667,0,0,0.602040816,0.5,0.533333333,0,0.928571429,0.8,1,0,0.951219512
0,0.205479452,0.082026771,0.866666667,0,0,0.193877551,0.5,0.8,0.333333333,0.714285714,1,0.25,0,0.951219512
0,0.205479452,0.098745361,0.8,0,0,0.397959184,0.5,0.6,0.666666667,0.714285714,0.2,1,0,0.951219512
0,0.164383562,0.354136857,0.533333333,0,0,0.397959184,0.5,0.733333333,0.666666667,0.214285714,0.8,0.5,1,0.951219512
1,0.506849315,0.13781404,0.866666667,0,0.433195592,0.43877551,0.5,0.8,0.333333333,0.285714286,0,1,1,0.951219512
1,0.315068493,0.252397141,0.8,0,0,0.724489796,0.875,0.6,0.333333333,0.785714286,0,1,1,0.951219512
0,0.712328767,0.064887373,0.333333333,0,0,0.397959184,0.5,0,0.666666667,0.214285714,0.4,1,1,0.951219512
0,0.493150685,0.101826313,0.533333333,0,0,0.397959184,0.5,0.733333333,0.333333333,0.5,0,0,1,0.951219512
0,0.561643836,0.059752455,0.533333333,0,0,0.5,0.75,0.733333333,0.333333333,0.857142857,0,1,1,0.951219512
1,0.260273973,0.037877973,0.8,0,0,0.397959184,0.5,0.6,0.333333333,0.857142857,0,1,1,0.951219512
0,0.095890411,0.086404644,0.533333333,0,0,0.346938776,0.5,0.733333333,0.666666667,0.857142857,0.6,1,1,0.195121951
0,0.068493151,0.126546987,0.6,0,0,0.244897959,0.5,1,0.666666667,0.5,0.6,1,1,0.951219512
1,0.465753425,0.018252301,0.6,0,0,0.397959184,0.5,1,0.333333333,0.285714286,1,1,0,0.951219512
0,0.150684932,0.171396001,0.666666667,0,0,0.397959184,0.5,0.533333333,0.666666667,0.428571429,0.6,1,0,0.951219512
0,0.287671233,0.061692764,0.8,0,0,0.193877551,0.75,0.6,0.666666667,0.571428571,0.6,1,0,0.951219512
0,0.315068493,0.124522787,0.133333333,0,0.383838384,0.295918367,0.5,0.266666667,0.333333333,0.571428571,0,1,1,0.634146341
0,0.191780822,0.041423705,0.533333333,0,0,0.397959184,0.5,0.733333333,0.666666667,0.857142857,0.6,0.25,0,0.951219512
0,0.575342466,0.025443217,0.533333333,0,0,0.234693878,0.75,0.733333333,1,0.214285714,0.2,1,1,0.951219512
1,0.246575342,0.131698819,0.6,0,0,0.397959184,0.5,1,0.333333333,0.857142857,0,1,1,0.951219512
0,0.479452055,0.207487239,0.533333333,0,0,0.397959184,0.5,0.733333333,0,0.071428571,0.8,1,0,0.12195122
0,0.328767123,0.063447702,0.533333333,0,0,0.397959184,0.5,0.733333333,0,0.857142857,0.8,1,0,0.951219512
0,0.164383562,0.093654418,0.666666667,0,0,0.397959184,0.5,0.533333333,0.666666667,0.285714286,0.2,1,1,0.951219512
0,0.246575342,0.018009424,0.6,0,0,0.5,0.125,1,0,0.071428571,0.2,1,0,0.951219512
0,0.219178082,0.011405743,0.666666667,0,0,0.397959184,0.25,0.533333333,0.333333333,0.214285714,0,1,1,0.951219512
1,0.287671233,0.06921383,0.8,0.150241502,0,0.397959184,0.5,0.6,0.333333333,0.714285714,1,1,0,0.951219512
0,0.205479452,0.097238713,0.8,0,0,0.397959184,0.5,0.6,0.666666667,0.714285714,0.2,1,1,0.951219512
1,0.082191781,0.09474432,0.8,0.135501355,0,0.5,0.5,0.6,0.666666667,0.714285714,0.6,1,1,0.951219512
1,0.383561644,0.051562294,0.6,0,0,0.43877551,0.5,1,0.333333333,0.5,0,1,1,0.951219512
0,0.246575342,0.174393738,0.6,0,0,0.295918367,0.5,1,0,0.857142857,0.8,1,0,0.951219512
1,0.315068493,0.157117004,0.866666667,0,0.436639118,0.479591837,0.25,0.8,0.333333333,0.714285714,0,1,1,0.951219512
1,0.232876712,0.27449488,1,0,0,0.5,0.5,0.666666667,0.333333333,0.714285714,0,1,1,0.951219512
1,0.178082192,0.089752151,0.8,0,0.587465565,0.397959184,0.5,0.6,0.666666667,0.071428571,0.6,1,1,0.951219512
0,0.109589041,0.074277035,0.8,0,0,0.5,0.5,0.6,0.666666667,0.285714286,0.2,1,1,0.951219512
0,0.164383562,0.108638367,0.533333333,0,0,0.5,0.5,0.733333333,0.333333333,0.5,0,1,1,0.951219512
1,0.273972603,0.119142286,0.733333333,0,0,0.602040816,0.25,0.466666667,0,0.571428571,0.8,1,1,0.951219512
0,0.465753425,0.156514209,0.533333333,0.021050211,0,0.193877551,0,0.733333333,0.333333333,0,0,0.25,1,0.853658537
0,0.383561644,0.125461145,0.533333333,0,0,0.397959184,0.5,0.733333333,0.333333333,0.5,0,1,1,0.951219512
0,0.082191781,0.03009847,0.533333333,0,0,0.397959184,0.5,0.733333333,0.666666667,0.214285714,0.6,1,1,0.951219512
0,0.698630137,0.09378093,0.533333333,0,0,0.346938776,0.75,0.733333333,1,0.214285714,0.2,1,0,0.951219512
1,0.383561644,0.136513735,1,0,0,0.5,0.5,0.666666667,0.333333333,0.714285714,0,1,1,0.951219512
0,0.068493151,0.12065367,0.8,0,0,0.193877551,0.875,0.6,0.333333333,0.285714286,0,1,1,0.951219512
0,0.465753425,0.217836907,0.533333333,0,0,0.397959184,0.5,0.733333333,0.333333333,0.214285714,0,1,1,0.951219512
0,0.561643836,0.012754082,0.533333333,0.034640346,0,0.602040816,0.5,0.733333333,0.333333333,0.857142857,0,1,1,0.951219512
0,0.04109589,0.018616955,0.6,0,0,0.397959184,0,1,0.666666667,0,0.6,1,1,0.951219512
0,0.054794521,0.123005991,0.733333333,0,0,0.397959184,0.5,0.466666667,0.666666667,0.071428571,0.6,1,1,0.951219512
0,0.123287671,0.189215995,0.8,0,0,0.397959184,0.5,0.6,0.666666667,0.714285714,0.2,1,1,0.951219512
0,0.205479452,0.013612608,0.8,0,0,0.5,0.5,0.6,0.666666667,0.714285714,0.2,1,0,0.951219512
0,0.287671233,0.221051813,0.533333333,0,0.362488522,0.397959184,0.5,0.733333333,0.333333333,0.428571429,0,0.25,1,0.975609756
0,0.02739726,0.089013372,0.6,0,0,0.346938776,0.5,1,0.666666667,0.857142857,0.6,1,0,0.951219512
1,0.273972603,0.173895806,0.6,0,0,0.397959184,0.25,1,0.333333333,0.285714286,0,1,1,0.951219512
0,0.164383562,0.136728198,0.4,0,0,0.193877551,0.25,0.066666667,0,0.571428571,0.8,0.5,0,0.951219512
0,0.712328767,0.084448098,0.333333333,0,0,0.153061224,0.5,0,0,0.571428571,0.2,1,0,0.951219512
0,0.410958904,0.099045068,0.466666667,0,0,0.479591837,0.5,0.133333333,0,0.571428571,0.2,1,0,0.951219512
1,0.410958904,0.081608671,0.6,0,0,0.551020408,0.5,1,0.333333333,0.285714286,0,1,1,0.951219512
1,0.465753425,0.076230875,0.8,0,0,0.397959184,0.5,0.6,0.333333333,0.857142857,0,1,1,0.951219512
1,0.301369863,0.077389107,0.866666667,0,0,0.5,0.5,0.8,0.333333333,0.857142857,0,1,1,0.951219512
0,0.328767123,0.04441603,0.466666667,0,0,0.397959184,0,0.133333333,0,0,0.2,1,0,0.048780488
0,0.287671233,0.054701427,0.533333333,0,0,0.275510204,0.5,0.733333333,0.833333333,0.5,0.8,0.5,0,0.951219512
0,0.01369863,0.073278466,0.4,0,0,0.397959184,0.5,0.066666667,0.666666667,0.071428571,0.8,1,1,0.951219512
0,0.205479452,0.095850458,0.533333333,0,0,0.346938776,0.5,0.733333333,0,0.571428571,0.8,1,0,0.951219512
0,0.01369863,0.239405594,0.533333333,0,0,0.295918367,0.5,0.733333333,0.666666667,0.571428571,0.2,1,1,0.951219512
0,0.465753425,0.130085954,0.666666667,0,0,0.448979592,0.5,0.533333333,0,0.071428571,0.8,1,0,0.951219512
1,0.164383562,0.059859348,0.8,0,0,0.448979592,0.5,0.6,0.333333333,0.285714286,0,1,1,0.951219512
0,0.054794521,0.205599023,0.533333333,0,0,0.397959184,0.5,0.733333333,0.666666667,0.571428571,0.4,0.5,1,0.951219512
1,0.369863014,0.056161395,1,0,0,0.704081633,0.75,0.666666667,0.333333333,0.714285714,0,1,1,0.951219512
1,0.506849315,0.052822683,0.733333333,0,0,0.397959184,0.5,0.466666667,0.333333333,0.285714286,0,1,1,0.951219512
0,0.315068493,0.223787053,0.866666667,0,0,0.551020408,0.5,0.8,0.666666667,0.714285714,0.2,1,0,0.951219512
0,0.287671233,0.215889833,0.8,0,0,0.37755102,0.5,0.6,0.333333333,0.857142857,0,1,1,0.951219512
0,0.643835616,0.063765675,0.866666667,0,0,0.5,0.75,0.8,0,0.714285714,0.2,1,1,0.951219512
0,0.452054795,0.136233649,0.533333333,0,0,0.397959184,0.75,0.733333333,0.333333333,0.857142857,0,0.5,1,0.951219512
0,0.082191781,0.134061288,0.8,0,0,0.397959184,0.5,0.6,0.666666667,0.714285714,0.6,1,0,0.951219512
0,0.397260274,0.041005605,0.6,0,0,0.5,0.5,1,0.333333333,0.285714286,0,1,1,0.951219512
1,0.410958904,0.106394969,0.8,0.07298073,0,0.602040816,0.125,0.6,0.333333333,0.714285714,0,1,1,0
0,0.547945205,0.085923626,0.533333333,0,0,0.37755102,0.5,0.733333333,0,0.571428571,0.2,1,1,0.951219512
1,0.438356164,0.214366947,0.6,0,0,0.43877551,0.25,1,0.333333333,0.785714286,0,1,1,0.951219512
0,0.054794521,0.216035965,0.6,0,0,0.5,0.5,1,0.333333333,0.571428571,0,1,1,0.951219512
0,0.219178082,0.10011129,0.666666667,0,0,0.091836735,0.5,0.533333333,0.333333333,0.928571429,0,0.25,1,0.951219512
0,0.520547945,0.165704969,0.866666667,0,0,0.397959184,0.625,0.8,1,0.857142857,0.2,1,0,0.951219512
0,0.479452055,0.112731418,0.533333333,0,0,0.397959184,0.5,0.733333333,0.666666667,0.285714286,0.8,1,0,0.951219512
0,0.205479452,0.104992507,0.533333333,0,0,0.448979592,0.5,0.733333333,0.333333333,0.214285714,0,1,1,0.951219512
0,0.054794521,0.119502204,0.533333333,0,0,0.244897959,0.5,0.733333333,0.666666667,0.571428571,0.6,1,0,0.951219512
0,0.424657534,0.049268156,0.6,0,0,0.448979592,0.625,1,0.666666667,0.214285714,0.2,1,1,0.951219512
0,0.136986301,0.111107052,0.8,0,0,0.397959184,0.5,0.6,0.666666667,0.071428571,0.2,1,0,0.951219512
0,0.082191781,0.161249294,0.866666667,0,0,0.295918367,0.5,0.8,0.666666667,0.714285714,0.2,1,0,0.951219512
0,0.301369863,0.098338763,0.8,0,0,0.397959184,0.5,0.6,0,0.071428571,0.8,1,0,0.951219512
1,0.164383562,0.02772856,0.8,0,0,0.397959184,0.5,0.6,0.333333333,0.285714286,0,1,1,0.951219512
0,0,0.123790774,0.4,0,0,0.163265306,0.5,0.066666667,0.666666667,0.214285714,0.6,1,1,0.951219512
0,0.095890411,0.052608221,0.6,0,0,0.397959184,0.875,1,0.666666667,0.571428571,0.2,1,0,0.048780488
0,0.397260274,0.030869723,0.533333333,0,0,0.397959184,0.5,0.733333333,0.333333333,0.785714286,0,1,1,0.951219512
1,0.410958904,0.278014228,0.933333333,0,0,0.448979592,0.5,0.933333333,0.333333333,0.285714286,0,1,1,0.951219512
0,0.493150685,0.058791095,0.533333333,0,0,0.806122449,0.625,0.733333333,0.333333333,0.214285714,0,1,1,0.292682927
0,0.123287671,0.119353366,0.866666667,0,0,0.397959184,0.5,0.8,0.666666667,0.714285714,0.2,1,0,0.951219512
0,0.260273973,0.134067376,0.8,0,0,0.448979592,0.5,0.6,0,0.714285714,0.8,1,1,0.951219512
0,0.547945205,0.142026162,0.666666667,0,0,0.37755102,0,0.533333333,1,0,0.8,1,0,0.951219512
1,0.397260274,0.219715651,0.866666667,0,0.453856749,0.448979592,0.5,0.8,0.333333333,0.285714286,0,1,1,0.951219512
1,0.643835616,0.106432179,0.533333333,0,0,0.295918367,0.75,0.733333333,0.333333333,0.214285714,0,1,1,0.951219512
0,0.506849315,0.140604757,0.533333333,0,0.373737374,0.397959184,0.5,0.733333333,0.333333333,0.214285714,0,1,1,0.951219512
0,0.383561644,0.019200806,0.666666667,0.028850289,0,0.602040816,0.75,0.533333333,0.333333333,0.357142857,0,1,1,0.951219512
1,0.575342466,0.245423394,0.533333333,0,0,0.408163265,0,0.733333333,0.333333333,0,0,1,1,0.951219512
0,0.068493151,0.018785413,0.8,0,0,0.397959184,0.5,0.6,0.666666667,0.285714286,0.2,1,1,0.951219512
0,0.178082192,0.097542478,0.533333333,0,0,0.397959184,0.5,0.733333333,0.666666667,0.857142857,0.6,1,1,0.268292683
0,0.616438356,0.122169791,0.6,0,0,0.193877551,0.5,1,1,0.571428571,0.2,1,0,0.951219512
0,0.095890411,0.06091407,0.533333333,0,0,0.397959184,0.5,0.733333333,0.666666667,0.5,0.6,1,1,0.951219512
0,0.02739726,0.107187195,0.466666667,0,0,0.153061224,0.5,0.133333333,0.666666667,0.571428571,0.6,1,1,0.951219512
1,0.328767123,0.097611485,0.6,0,0,0.397959184,0.5,1,0.333333333,0.214285714,0,1,1,0.951219512
0,0.246575342,0.108178998,0.6,0,0,0.397959184,0.5,1,0.833333333,0.214285714,0.2,1,1,0.951219512
0,0.726027397,0.140925435,0.6,0,0,0.112244898,0.5,1,1,0.285714286,0.2,1,0,0.951219512
0,0.082191781,0.019667617,0.733333333,0,0,0.316326531,0.125,0.466666667,0.666666667,0.285714286,0.8,1,0,0.951219512
1,0.520547945,0.204521976,0.533333333,0,0,0.397959184,0.5,0.733333333,0.333333333,0.214285714,0,1,1,0.951219512
1,0.342465753,0.109393383,0.8,0,0,0.397959184,0.5,0.6,0.333333333,0.714285714,0,1,1,0.536585366
0,0.479452055,0.22833812,0.8,0,0,0.397959184,0.875,0.6,0.333333333,0.785714286,0,1,1,0.951219512
1,0.246575342,0.094410787,0.533333333,0,0,0.448979592,0.5,0.733333333,0.333333333,0.5,0,1,1,0.951219512
0,0.328767123,0.05205346,0.533333333,0,0,0.397959184,0.5,0.733333333,0,0.214285714,0.2,1,1,0.951219512
0,0.219178082,0.072817744,0.8,0,0,0.448979592,0,0.6,0.666666667,0,0.2,0.5,1,0
0,0.589041096,0.00729172,0.2,0,0,0.397959184,0.5,0.333333333,0.333333333,0.857142857,0,1,1,0.951219512
0,0.534246575,0.16674413,0.8,0,0,0.602040816,0.75,0.6,0.333333333,0.285714286,0,1,1,0.951219512
0,0.054794521,0.185063408,0.533333333,0,0,0.193877551,0,0.733333333,0.666666667,0,0.6,0.25,0,0.609756098
0,0.123287671,0.120746356,0.6,0,0,0.173469388,0.5,1,0.333333333,0.857142857,0,1,1,0.951219512
0,0.054794521,0.140604757,0.6,0,0,0.193877551,0,1,0.666666667,0,0.6,1,1,0.951219512
0,0.095890411,0.211317793,0.6,0,0,0.397959184,0.875,1,0.666666667,0.571428571,0.2,1,1,0.951219512
0,0.232876712,0.121138748,0.8,0,0,0.37755102,0.125,0.6,0.333333333,0.071428571,0,0.25,1,0.951219512
0,0.301369863,0.22406308,0.533333333,0,0,0.295918367,0.5,0.733333333,0.333333333,0.214285714,0,1,1,0.951219512
0,0.232876712,0.054289416,0.533333333,0,0,0.397959184,0.875,0.733333333,0,0.214285714,0.2,1,1,0.951219512
0,0.02739726,0.103036638,0.533333333,0,0,0.397959184,0.5,0.733333333,0.666666667,0.5,0.6,1,0,0.951219512
0,0.397260274,0.387707316,0.266666667,0,0,0.397959184,0.5,0.4,0,0.285714286,0.8,1,0,0.951219512
0,0.123287671,0.094831593,0.533333333,0,0,0.397959184,0.875,0.733333333,0.666666667,0.785714286,0.2,1,1,0.951219512
0,0.452054795,0.172287001,0.533333333,0.031370314,0,0.397959184,0.5,0.733333333,0.333333333,0.5,1,1,0,0.195121951
0,0.02739726,0.189761284,0.533333333,0,0,0.397959184,0,0.733333333,0.666666667,0,0.6,1,1,0.951219512
0,0.383561644,0.112880256,0.533333333,0,0,0.397959184,0.5,0.733333333,0,0.071428571,0.2,1,0,0.951219512
1,0.643835616,0.175402455,0.6,0,0,0.397959184,0.125,1,0.333333333,1,0,1,1,0.951219512
0,0.369863014,0.084622644,0.533333333,0,0,0.397959184,0.5,0.733333333,0.333333333,0.571428571,0,0.25,1,0.902439024
0,0.397260274,0.128075285,0.533333333,0,0,0.704081633,0.5,0.733333333,0.333333333,1,0,1,1,0.951219512
0,0.671232877,0.105135257,0.533333333,0.014090141,0,0.5,0.75,0.733333333,0.333333333,0.357142857,0,1,1,0.951219512
0,0.082191781,0.087369386,0.8,0,0,0.397959184,0.5,0.6,0.666666667,0.285714286,0.2,0.5,0,0.951219512
0,0.369863014,0.084580023,0.533333333,0,0,0.397959184,0.5,0.733333333,1,0.5,0.2,0.5,0,0.951219512
0,0.095890411,0.14339412,0.8,0,0,0.397959184,0.5,0.6,0.666666667,0.071428571,0.6,1,1,0.951219512
0,0.356164384,0.005161303,0.6,0,0,0.142857143,0.125,1,1,0.285714286,0.8,0,0,0.951219512
0,0.342465753,0.007799123,0.6,0.028850289,0,0.295918367,0.625,1,0.333333333,0.714285714,0,0,1,0.951219512
0,0.01369863,0.081658734,0.466666667,0,0,0.091836735,0.5,0.133333333,0.666666667,0.571428571,0.6,1,1,0.951219512
0,0.534246575,0.084427125,0.866666667,0,0,0.397959184,0.25,0.8,0.333333333,0.714285714,0,1,1,0.951219512
0,0.328767123,0.079002649,0.6,0,0,0.397959184,0.25,1,0,0.071428571,0.8,0.5,0,0.951219512
0,0.493150685,0.124045152,0.533333333,0,0,0.397959184,0.5,0.733333333,0,0.071428571,0.2,1,0,0.951219512
0,0.410958904,0.089968642,0.4,0,0,0.448979592,0.5,0.066666667,0,0.214285714,0.2,1,0,0.951219512
1,0.246575342,0.161767521,0.8,0,0,0.5,0.5,0.6,0.333333333,0.714285714,0,1,1,0.951219512
1,0.246575342,0.234654273,0.8,0.07298073,0,0.071428571,0.5,0.6,0.333333333,0.714285714,1,1,0,0
0,0.684931507,0.028136512,0.466666667,0,0,0.397959184,0.5,0.133333333,0.333333333,0.5,0,0.5,1,0.12195122
0,0.178082192,0.089880693,0.533333333,0,0,0.448979592,0.5,0.733333333,0.666666667,0.214285714,0.2,1,1,0.951219512
0,0.246575342,0.07120082,0.8,0,0,0.397959184,0.5,0.6,0.666666667,0.928571429,0.2,1,0,0.951219512
0,0.534246575,0.175568207,0.4,0,0,0.489795918,0.5,0.066666667,0,0.214285714,0.2,1,1,0.951219512
0,0.301369863,0.157684619,0.6,0,0,0.091836735,0.75,1,0.666666667,0.714285714,0.6,1,0,0.951219512
1,0.328767123,0.11563241,0.533333333,0,0,0.5,0.5,0.733333333,0.333333333,1,0,1,1,0.951219512
0,0.301369863,0.060068398,0.733333333,0,0,0.234693878,0.5,0.466666667,0.333333333,0.857142857,0,1,1,0.951219512
0,0.424657534,0.073836609,0.8,0,0,0.5,0.75,0.6,0.833333333,0.928571429,0.2,1,1,0.951219512
1,0.397260274,0.146190926,0.8,0,0,0.397959184,0.5,0.6,0,0.857142857,0.8,1,1,0.951219512
0,0.164383562,0.118328412,0.866666667,0,0,0.602040816,0.5,0.8,0.666666667,0.285714286,0.2,0.25,1,0.951219512
0,0.219178082,0.06239298,0.6,0,0,0.397959184,0.5,1,0,0.071428571,0.8,1,0,0.951219512
1,0.232876712,0.133552531,0.666666667,0.043860439,0,0.5,0.5,0.533333333,0.333333333,0.714285714,0,1,1,0.951219512
0,0,0.116305565,0.4,0,0,0.12244898,0.5,0.066666667,0.666666667,0.857142857,0.6,1,0,0.951219512
1,0.671232877,0.167663544,0.6,0,0,0.397959184,0,1,0.333333333,0,0,1,1,0.951219512
0,0.863013699,0.372130044,0.533333333,0,0,0.193877551,0.75,0.733333333,0.333333333,0.357142857,0,1,1,0.951219512
0,0.287671233,0.286903252,0.533333333,0,0,0.755102041,0.5,0.733333333,0,0.571428571,0.2,1,0,0.951219512
0,0.479452055,0.020728428,0.466666667,0,0,0.448979592,0.5,0.133333333,0.333333333,0.214285714,0,1,1,0.951219512
0,0.068493151,0.075495479,0.6,0,0,0.193877551,0.5,1,0.666666667,0.571428571,0.6,1,0,0.951219512
0,0.260273973,0.041091525,0.533333333,0.02202022,0,0.397959184,0.5,0.733333333,0,0.5,0.2,1,1,0.951219512
0,0.04109589,0.09322617,0.533333333,0,0,0.244897959,0,0.733333333,0.666666667,0,0.6,1,1,0.951219512
0,0.095890411,0.137908079,0.533333333,0,0.323232323,0.5,0.5,0.733333333,0.666666667,0.214285714,0.6,1,1,0.951219512
0,0.328767123,0.134332579,0.6,0,0,0.397959184,0.5,1,0.5,0.857142857,0.8,0.5,0,0.951219512
0,0.109589041,0.046681753,0.533333333,0,0,0.448979592,0.5,0.733333333,0.333333333,0.214285714,0,1,1,0.951219512
0,0.575342466,0.0704661,0.6,0,0,0.5,0.5,1,0.333333333,0.5,0,1,1,0.951219512
0,0.356164384,0.035019603,0.266666667,0,0,0.43877551,0.625,0.4,0.666666667,0.857142857,0.6,1,0,0.780487805
0,0.082191781,0.122656897,0.6,0,0,0.244897959,0.5,1,0.666666667,0.071428571,0.6,1,0,0.951219512
0,0.273972603,0.15977106,0.533333333,0,0,0.397959184,0.5,0.733333333,0,0.428571429,0.4,1,1,0.195121951
0,0.369863014,0.012070103,0.6,0,0,0.397959184,0.5,1,0,0.071428571,0.8,1,0,0.951219512
0,0.150684932,0.109056467,0.8,0.050130501,0,0.193877551,0.5,0.6,0.333333333,0.714285714,1,1,0,0.951219512
0,0.835616438,0.104897792,0.533333333,0,0,0.153061224,0,0.733333333,0.333333333,0,0,1,1,0.951219512
0,0,0.229149965,0.466666667,0,0,0.153061224,0.5,0.133333333,0.666666667,0.571428571,0.6,1,1,0.951219512
0,0.602739726,0.111268744,0.533333333,0,0,0.479591837,0.25,0.733333333,0.333333333,0.357142857,0,1,1,0.951219512
0,0.123287671,0.153586155,0.8,0.039420394,0,0.06122449,0.875,0.6,0.333333333,0.071428571,0,1,1,0.951219512
0,0.068493151,0.291041631,0.6,0,0,0.193877551,0.5,1,0.666666667,0.857142857,0.6,1,1,0.951219512
0,0.602739726,0.057333157,0.6,0,0,0.295918367,0.5,1,0,0.571428571,0.2,1,0,0.951219512
1,0.301369863,0.175443047,0.533333333,0,0,0.602040816,0.5,0.733333333,0.333333333,1,0,1,1,0.951219512
0,0.068493151,0.150593831,0.6,0,0,0.244897959,0.5,1,0.666666667,0.071428571,0.6,1,0,0.951219512
0,0.219178082,0.115445009,0.8,0,0,0.397959184,0.75,0.6,0.666666667,1,0.2,1,1,0
0,0,0.121083272,0.4,0.005940059,0,0.091836735,0.5,0.066666667,0.666666667,0.571428571,0.6,1,1,0.951219512
1,0.767123288,0.114752235,0.866666667,0,0,0.091836735,0.25,0.8,0.333333333,0.714285714,0,1,1,0.756097561
0,0.01369863,0.151398234,0.333333333,0,0,0.091836735,0.5,0,0.666666667,0.571428571,0.6,0.5,1,0.951219512
0,0.328767123,0.144040213,0.533333333,0,0,0.397959184,0.5,0.733333333,0.333333333,0.857142857,0,1,1,0.951219512
0,0.02739726,0.021379933,0.533333333,0,0,0.091836735,1,0.733333333,0.666666667,0.357142857,0.6,1,1,0.951219512
0,0.082191781,0.109305433,0.6,0,0,0.397959184,0.5,1,0.333333333,0.428571429,0,1,1,0.951219512
0,0.123287671,0.189705808,0.466666667,0,0,0.397959184,0.5,0.133333333,0.666666667,0.214285714,0.2,1,1,0.634146341
0,0.671232877,0.203617445,0.6,0,0,0.234693878,0.5,1,0.333333333,0.857142857,0,1,1,0.951219512
0,0.232876712,0.054750814,0.866666667,0,0,0.295918367,0.5,0.8,0.333333333,0.571428571,0,1,1,0.951219512
1,0.205479452,0.144786434,0.866666667,0,0,0.5,0.25,0.8,0.333333333,0.714285714,0,1,1,0.951219512
1,0.356164384,0.060278125,0.533333333,0,0,0.397959184,0.875,0.733333333,0.333333333,0.214285714,0,1,1,0.951219512
0,0.520547945,0.146341793,0.133333333,0,0,0.397959184,0.5,0.266666667,0.333333333,0.571428571,0,1,1,0.951219512
0,0.136986301,0.047328523,0.8,0,0,0.448979592,0.5,0.6,0.666666667,0.285714286,0.4,1,1,0.268292683
0,0.287671233,0.058928432,0.733333333,0,0,0.397959184,0.5,0.466666667,0.333333333,0.571428571,0,1,1,0.195121951
0,0.698630137,0.231095686,0.533333333,0,0,0.397959184,0,0.733333333,1,0,0.2,1,0,0.951219512
1,0.273972603,0.070443775,0.933333333,0,0,0.397959184,0.5,0.933333333,0.333333333,0.285714286,0,1,1,0.951219512
0,0.01369863,0.061162359,0.4,0,0,0.397959184,0.5,0.066666667,0.666666667,0.5,0.6,0,1,0.951219512
0,0.369863014,0.304815931,0.533333333,0,0,0.479591837,0.5,0.733333333,0,0.428571429,0.2,1,0,0.951219512
1,0.520547945,0.039105888,0.866666667,0,0,0.397959184,0.5,0.8,0.333333333,0.714285714,0,1,1,0.951219512
0,0.054794521,0.153771527,0.6,0,0,0.397959184,0.5,1,0.666666667,0.071428571,0.6,1,1,0.951219512
1,0.602739726,0.100031459,0.533333333,0.150241502,0,0.448979592,0.5,0.733333333,0.333333333,0.857142857,0,1,1,0.951219512
0,0.164383562,0.84976744,0.533333333,0,0,0.397959184,0.5,0.733333333,0.5,0.928571429,0.6,0.5,1,0.951219512
0,0.178082192,0.098865785,0.8,0,0,0.244897959,0.5,0.6,0.666666667,0.5,0.2,1,1,0.951219512
0,0.369863014,0.142541683,0.533333333,0,0.345270891,0.397959184,0.5,0.733333333,0,0.857142857,0.2,1,0,0.951219512
0,0.410958904,0.07419788,0.2,0,0,0.295918367,0.5,0.333333333,0.5,0.571428571,0.8,1,0,0.951219512
0,0.136986301,0.090774398,0.6,0,0,0.397959184,0.5,1,0.666666667,0.5,0.2,1,0,0.951219512
0,0.575342466,0.103903959,0.8,0,0,0.244897959,0.75,0.6,0.333333333,0.285714286,0,1,1,0.951219512
0,0.328767123,0.106902372,0.666666667,0,0,0.428571429,0.5,0.533333333,0,0.714285714,0.8,1,0,0.951219512
0,0.657534247,0.026234765,0.333333333,0,0,0.642857143,0.5,0,0,0.571428571,0.2,0.5,1,0.951219512
0,0.315068493,0.07146264,0.533333333,0,0,0.448979592,0.5,0.733333333,0.333333333,0.214285714,0,1,1,0.951219512
1,0.301369863,0.12175372,0.533333333,0,0,0.397959184,0.5,0.733333333,0.666666667,0.071428571,0.6,1,0,0.951219512
1,0.493150685,0.239948854,0.8,1,0,0.5,0.5,0.6,0.333333333,0.285714286,0,0.25,1,0.463414634
1,0.452054795,0.08333587,0.8,0,0,0.5,0.5,0.6,0.333333333,0.285714286,0,1,1,0.951219512
1,0.493150685,0.152615324,0.533333333,0,0,0.346938776,0,0.733333333,0.333333333,0,0,1,1,0.951219512
0,0.328767123,0.09275327,0.533333333,0,0,0.295918367,0,0.733333333,0.666666667,0,0.2,1,0,0.951219512
0,0.109589041,0.15003704,0.533333333,0,0,0.397959184,0.5,0.733333333,0.666666667,0.214285714,0.2,1,0,0.951219512
0,0.232876712,0.011467308,0.733333333,0,0,0.397959184,0.5,0.466666667,0,0.714285714,0.2,1,0,0.951219512
0,0.342465753,0.157822632,0.8,0,0,0.112244898,0.5,0.6,0.666666667,0.714285714,0.6,1,0,0.219512195
0,0.068493151,0.057456287,0.533333333,0,0,0.142857143,0.5,0.733333333,0.666666667,0.571428571,0.2,1,0,0.951219512
1,0.191780822,0.126568636,0.8,0,0,0.5,0.25,0.6,0.333333333,0.785714286,0,0.5,1,0.951219512
1,0.123287671,0.065121455,0.6,0,0,0.397959184,0.5,1,0.333333333,0.071428571,0,1,1,0.951219512
0,0.465753425,0.066760705,0.866666667,0,0,0.397959184,0.25,0.8,0.666666667,0.714285714,0.6,1,1,0.951219512
0,0.342465753,0.124713571,0.2,0,0,0.397959184,0.5,0.333333333,0.333333333,0.214285714,0,1,1,0.951219512
1,0.589041096,0.120987203,0.533333333,0,0.424242424,0.397959184,0,0.733333333,0.333333333,0,0,1,1,0.951219512
0,0.410958904,0.073508489,0.6,0,0,0.448979592,0.5,1,0.333333333,0.928571429,0,1,1,0.951219512
0,0.767123288,0.149234667,0.2,0.022280223,0,0.091836735,0.25,0.333333333,0.333333333,0.785714286,0,1,1,0.951219512
0,0.123287671,0.079507346,0.333333333,0,0,0.397959184,0.5,0,0.666666667,0.428571429,0.6,1,1,0.951219512
0,0.671232877,0.026472906,0.666666667,0.049310493,0,0.989795918,0.75,0.533333333,0.333333333,0.357142857,0,1,1,0.951219512
1,0.260273973,0.109569959,0.933333333,0.07298073,0,0.5,0.5,0.933333333,0.333333333,0.714285714,0,1,1,0.951219512
0,0.397260274,0.110503581,0.666666667,0,0,0.397959184,0.5,0.533333333,0.333333333,0.928571429,0,1,1,0.951219512
0,0.287671233,0.110740369,0.6,0,0,0.397959184,0.5,1,0.333333333,0.571428571,1,1,0,0.951219512
0,0.369863014,0.101722802,0.533333333,0,0,0.428571429,0.5,0.733333333,0.666666667,0.071428571,0.2,1,0,0.951219512
0,0.479452055,0.056015263,0.533333333,0,0,0.602040816,0.75,0.733333333,0.333333333,0.857142857,0,1,1,0.951219512
0,0.260273973,0.159163529,0.533333333,0,0,0.397959184,0,0.733333333,0.666666667,0,0.2,0.5,0,0.951219512
0,0.232876712,0.014313501,0.666666667,0,0,0.397959184,0.75,0.533333333,0.666666667,0.571428571,0.4,1,0,0.951219512
1,0.410958904,0.07930912,0.8,0,0,0.602040816,0.5,0.6,0.333333333,0.285714286,0,1,1,0.951219512
0,0.205479452,0.131808418,0.333333333,0,0,0.397959184,0.5,0,0,0.214285714,0.8,1,1,0.951219512
0,0.561643836,0.068406721,0.533333333,0,0,0.244897959,0.5,0.733333333,0.666666667,0.571428571,0.4,1,1,0.951219512
0,0.178082192,0.110842526,0.333333333,0,0,0.397959184,0.5,0,0.666666667,0.5,0.4,0.25,1,0.975609756
0,0.054794521,0.09850925,0.533333333,0,0,0.397959184,0.5,0.733333333,0.666666667,1,0.6,1,0,0.951219512
1,0.452054795,0.105269888,0.6,0,0,0.397959184,0.5,1,0.333333333,0.857142857,0,1,1,0.951219512
0,0.383561644,0.123896314,0.866666667,0,0,0.397959184,0.25,0.8,0,0.714285714,0.2,0.5,1,0.951219512
0,0.493150685,0.10471445,0.4,0,0,0.397959184,0.5,0.066666667,0.333333333,0.5,0,1,1,0.951219512
0,0.397260274,0.070883524,0.666666667,0,0,0.602040816,0.5,0.533333333,0.333333333,1,0,0,1,0.951219512
0,0.082191781,0.123957202,0.6,0,0,0.193877551,0.5,1,0.666666667,0.428571429,0.6,1,1,0.951219512
1,0.287671233,0.067053646,0.8,0.076880769,0,0.397959184,0.5,0.6,0.333333333,0.714285714,1,1,0,0.951219512
0,0.397260274,0.110730897,0.466666667,0,0,0.448979592,0.625,0.133333333,0.333333333,0.214285714,0,1,1,0
0,0.260273973,0.101529989,0.866666667,0,0.323232323,0.397959184,0.5,0.8,0.666666667,0.714285714,0.2,1,0,0.951219512
1,0.246575342,0.082300768,0.8,0,0,0.397959184,0.125,0.6,0.333333333,0.214285714,0,1,1,0.951219512
0,0.342465753,0.119411548,0.2,0,0,0.346938776,0.5,0.333333333,1,0.428571429,0.2,1,0,0.951219512
0,0.123287671,0.162450824,0.533333333,0,0,0.397959184,0.5,0.733333333,0.833333333,0.071428571,0.8,1,0,0.951219512
1,0.273972603,0.091314275,0.266666667,0,0,0.5,0.5,0.4,0.333333333,0.5,0,1,1,0.951219512
1,0.315068493,0.19860498,0.6,0,0,0.397959184,0.5,1,0.333333333,0.071428571,1,1,0,0.951219512
0,0.082191781,0.326149183,0.533333333,0,0,0.397959184,0.5,0.733333333,0.666666667,0.428571429,0.6,1,1,0.951219512
1,0.260273973,0.058252572,0.733333333,0,0,0.43877551,0.5,0.466666667,0.333333333,0.285714286,0,1,1,0.951219512
0,0.178082192,0.036528281,0.533333333,0,0,0.397959184,0.5,0.733333333,0.666666667,0.071428571,0.2,1,0,0.951219512
0,0.02739726,0.057458317,0.6,0,0,0.244897959,0.5,1,0.833333333,0.857142857,0.8,1,0,0.951219512
0,0.438356164,0.087951208,0.6,0,0,0.397959184,0.5,1,0,0.428571429,0.6,1,1,0.951219512
0,0.260273973,0.116614742,0.333333333,0,0,0.479591837,0.5,0,0,1,0.8,1,1,0.951219512
1,0.630136986,0.018196148,1,0,0.587465565,0.602040816,0.125,0.666666667,0,0.285714286,0.2,1,0,0.951219512
0,0.328767123,0.140250251,0.533333333,0,0,0.397959184,0.5,0.733333333,0.666666667,0.071428571,0.6,1,1,0.951219512
0,0.068493151,0.145900691,0.6,0,0,0.43877551,0,1,0.666666667,0,0.2,1,1,0.951219512
0,0.054794521,0.232053663,0.266666667,0,0,0.479591837,0.5,0.4,0.666666667,0.5,0.2,1,1,0.634146341
0,0.01369863,0.1229769,0.466666667,0,0,0.397959184,0.5,0.133333333,0.666666667,0.071428571,0.6,1,1,0.951219512
1,0.219178082,0.060257152,0.933333333,0,0,0.5,0.5,0.933333333,0.666666667,0.714285714,0.2,1,0,0.951219512
0,0.561643836,0.01358487,0.6,0,0,0.5,0.5,1,0.333333333,0.214285714,0,1,1,0.951219512
0,0.205479452,0.111581981,0.8,0,0,0.397959184,0.875,0.6,0.666666667,0.714285714,0.2,1,0,0.951219512
0,0.315068493,0.068920213,0.533333333,0,0,0.397959184,0.5,0.733333333,0.333333333,0.5,0,1,1,0.951219512
0,0,0.057992781,0.4,0,0,0.153061224,0.5,0.066666667,0.666666667,0.857142857,0.6,1,0,0.951219512
1,0.424657534,0.069193534,0.8,0,0,0.357142857,0.5,0.6,0.5,0.714285714,0.4,0.25,0,0.731707317
0,0.150684932,0.070129861,0.6,0,0,0.397959184,0.75,1,0.666666667,0.714285714,0.8,1,1,0.951219512
0,0.082191781,0.138407363,0.6,0,0,0.367346939,0.5,1,0.666666667,0.214285714,0.6,1,1,0.634146341
0,0.054794521,0.090407039,0.6,0,0,0.193877551,0.5,1,0.666666667,0.071428571,0.6,1,0,0.951219512
0,0.671232877,0.239588936,0.533333333,0,0,0.397959184,0.5,0.733333333,0.333333333,0.571428571,0,1,1,0.951219512
1,0.452054795,0.221404965,0.933333333,0,0,0.397959184,0.25,0.933333333,0.333333333,0.071428571,0,0.25,1,0.609756098
1,0.424657534,0.21400297,0.933333333,0.140841408,0,0.632653061,0.75,0.933333333,0,0.714285714,0.8,1,1,0.951219512
0,0.493150685,0.098501132,0.6,0,0,0.602040816,0.625,1,0,0.285714286,0.2,1,1,0.951219512
0,0.438356164,0.103995968,0.533333333,0,0,0.397959184,0.75,0.733333333,0.333333333,0.571428571,0,1,1,0.951219512
0,0.493150685,0.191873433,0.4,0,0,0.448979592,0.5,0.066666667,0.333333333,0.214285714,0,1,1,0.951219512
0,0.178082192,0.110549585,0.6,0,0,0.397959184,0.5,1,0.666666667,0.071428571,0.8,0.5,0,0.951219512
1,0.424657534,0.099749343,0.533333333,0,0,0.551020408,0.5,0.733333333,0.333333333,1,0,1,1,0.951219512
1,0.287671233,0.077389107,0.8,0,0,0.397959184,0.5,0.6,0.333333333,0.714285714,0,1,1,0.951219512
0,0.547945205,0.180282319,0.533333333,0,0,0.397959184,0.125,0.733333333,0,0.071428571,0.8,1,0,0.951219512
0,0.698630137,0.097228565,0.333333333,0,0,0.193877551,0.5,0,1,0.571428571,0.8,0.5,0,0.951219512
1,0.465753425,0.111927692,0.733333333,0,0,0.448979592,0.5,0.466666667,0.333333333,0.214285714,0,1,1,0.951219512
0,0.643835616,0.205898729,0.133333333,0,0,0.397959184,0.5,0.266666667,0,0.214285714,0.2,1,1,0.951219512
0,0.301369863,0.064235868,0.533333333,0,0,0.397959184,0.75,0.733333333,0.666666667,0.214285714,0.4,0,1,0.951219512
0,0.232876712,0.148527686,0.533333333,0,0,0.397959184,0.25,0.733333333,0.333333333,0.714285714,0,1,1,0.195121951
0,0.328767123,0.122594656,0.533333333,0,0,0.43877551,0.5,0.733333333,0.333333333,0.214285714,0,1,1,0.951219512
0,0.726027397,0.059040738,0.8,0,0,0.397959184,0.625,0.6,0,0.857142857,0.2,1,0,0.951219512
1,0.219178082,0.087160336,0.933333333,0,0,0.551020408,0.75,0.933333333,0.333333333,0.714285714,1,1,0,0.951219512
0,0.301369863,0.116258207,0.4,0,0,0.397959184,0.5,0.066666667,0,0.857142857,0.4,1,0,0.951219512
0,0.054794521,0.117489505,0.6,0,0,0.346938776,0.5,1,0.666666667,0.857142857,0.6,1,1,0.951219512
1,0.493150685,0.125091079,0.866666667,0,0,0.704081633,0.875,0.8,0.333333333,0.285714286,0,1,1,0.951219512
0,0.315068493,0.044441738,0.533333333,0,0,0.397959184,0.5,0.733333333,0.333333333,0.214285714,0,1,1,0.951219512
0,0.232876712,0.068602917,0.6,0,0,0.336734694,0.5,1,0,0.571428571,0.2,1,0,0.951219512
1,0.219178082,0.195496291,0.533333333,0,0,0.602040816,0.5,0.733333333,0.333333333,0.214285714,0,1,1,0.951219512
0,0.479452055,0.103505478,0.533333333,0,0,0.214285714,0.75,0.733333333,0.333333333,1,0,1,1,0.951219512
0,0.630136986,0.136515765,0.333333333,0,0,0.397959184,0.5,0,0.333333333,0.428571429,0,1,1,0.951219512
0,0.04109589,0.146378326,0.533333333,0,0,0.397959184,0.5,0.733333333,0.666666667,0.571428571,0.6,1,1,0.951219512
1,0.410958904,0.162229596,0.8,0.076880769,0,0.43877551,0.5,0.6,0.333333333,0.5,0,1,1,0.951219512
0,0.493150685,0.138450662,0.2,0,0,0.37755102,0.25,0.333333333,0.333333333,1,0,1,1,0.951219512
0,0.082191781,0.208379592,0.6,0,0,0.5,0.5,1,0.666666667,0.857142857,0.2,1,1,0.951219512
0,0.547945205,0.096727251,0.6,0,0,0.397959184,0,1,0,0,0.2,1,0,0.951219512
0,0.301369863,0.185672292,0.533333333,0,0,0.397959184,0.5,0.733333333,0,0.5,0.8,1,0,0.951219512
0,0.383561644,0.115276552,0.533333333,0,0,0.397959184,0.75,0.733333333,0.5,0.214285714,0.2,0.25,1,0.902439024
0,0.479452055,0.106554632,0.6,0,0,0.5,0.5,1,0.666666667,0.285714286,0.2,1,0,0.951219512
0,0.479452055,0.079566204,0.533333333,0,0.362488522,0.295918367,0,0.733333333,0.333333333,0,0,0.5,1,0.951219512
0,0.082191781,0.132967327,0.8,0,0,0.295918367,0.5,0.6,0.666666667,0.285714286,0.8,1,0,0.951219512
0,0.287671233,0.132650707,0.666666667,0,0,0.397959184,0.5,0.533333333,0.333333333,0.857142857,0,1,1,0.951219512
0,0.191780822,0.118667357,0.8,0,0,0.397959184,0.25,0.6,0.333333333,0.714285714,0,1,1,0.951219512
0,0.356164384,0.205598347,0.2,0,0,0.397959184,0.5,0.333333333,0.333333333,0.5,0,1,1,0.951219512
0,0.479452055,0.051273412,0.8,0,0,0.397959184,0,0.6,0,0,0.2,1,0,0.951219512
0,0.410958904,0.06225226,0.4,0,0,0.448979592,0.5,0.066666667,0.666666667,0.571428571,0.6,1,0,0.951219512
0,0.465753425,0.105711667,0.533333333,0,0,0.846938776,0.75,0.733333333,0.333333333,0.357142857,0,1,1,0.951219512
1,0.397260274,0.118707949,0.8,0,0,0.397959184,0.25,0.6,0.333333333,0.714285714,0,0.25,1,0.731707317
1,0.342465753,0.027397056,0.8,0,0,0.397959184,0.75,0.6,0.333333333,0.285714286,0,1,1,0.951219512
0,0.328767123,0.461276694,0.533333333,0,0,0.397959184,0.5,0.733333333,0.666666667,0.214285714,0.8,1,1,0.951219512
0,0.082191781,0.223584768,0.8,0,0,0.193877551,0.5,0.6,0.666666667,0.928571429,0.2,1,0,0.951219512
1,0.520547945,0.059535286,0.8,0.105201052,0,0.397959184,0.875,0.6,0,0.071428571,0.2,1,1,0.951219512
1,0.465753425,0.093845201,0.6,0.07298073,0,0.397959184,0.5,1,0.333333333,0.214285714,0,1,1,0.951219512
0,0.630136986,0.187709346,0.866666667,0.413104131,0,0.5,0.75,0.8,0.333333333,0.357142857,0,1,1,0.951219512
0,0.04109589,0.06293624,0.6,0,0,0.173469388,0.5,1,0.666666667,0.857142857,0.6,1,0,0.951219512
0,0.424657534,0.071535706,0.933333333,0,0,0.12244898,0.5,0.933333333,0,0.857142857,0.2,1,1,0.951219512
0,0.315068493,0.143773658,0.8,0,0,0.448979592,0.5,0.6,0.333333333,0.714285714,0,1,1,0.951219512
0,0.191780822,0.233002168,0.8,0,0,0.397959184,0.5,0.6,0.666666667,0.357142857,0.2,1,1,0.951219512
0,0.150684932,0.053196132,0.8,0,0,0.397959184,0.5,0.6,0.5,0.928571429,0.8,0.5,0,0.951219512
0,0.095890411,0.24638746,0.533333333,0,0,0.653061224,0.5,0.733333333,0.333333333,0.428571429,0,1,1,0.951219512
1,0.301369863,0.23025475,0.733333333,0,0,0.5,0.25,0.466666667,0.333333333,0.214285714,1,1,0,0.951219512
0,0.178082192,0.118580083,0.8,0,0,0.397959184,0.5,0.6,0.666666667,0.857142857,0.2,1,1,0.951219512
0,0.02739726,0.289215656,0.6,0,0,0.142857143,0.5,1,0.666666667,0.857142857,0.6,1,1,0.951219512
1,0.328767123,0.083981287,0.733333333,0,0,0.755102041,0.5,0.466666667,0.333333333,0.928571429,0,1,1,0.951219512
0,0,0.024638137,0.4,0,0,0.295918367,0,0.066666667,0.666666667,0,0.6,1,0,0.951219512
0,0.164383562,0.060092077,0.533333333,0,0,0.142857143,0.5,0.733333333,0,0.571428571,0.2,1,0,0.951219512
1,0.369863014,0.091909628,1,0.150241502,0,0.397959184,0.5,0.666666667,0.333333333,0.285714286,0,0.25,1,0.585365854
0,0.273972603,0.152666065,0.666666667,0,0,0.5,0.5,0.533333333,0.333333333,0.214285714,0,1,1,0.756097561
0,0.342465753,0.089905048,0.6,0,0,0.397959184,0.5,1,0.333333333,0.5,0,1,1,0.951219512
0,0.356164384,0.039083563,0.666666667,0,0,0.56122449,0.25,0.533333333,0.333333333,0.785714286,0,1,1,0.951219512
0,0.287671233,0.116036303,0.733333333,0,0,0.397959184,0.5,0.466666667,0.333333333,0.071428571,0,1,1,0.951219512
0,0.095890411,0.115049912,0.8,0,0,0.397959184,0.5,0.6,0.666666667,0.857142857,0.6,1,1,0.951219512
0,0.164383562,0.040628097,0.533333333,0,0,0.255102041,0.5,0.733333333,0.666666667,0.428571429,0.6,0.25,1,0.951219512
0,0.438356164,0.133411135,0.533333333,0,0,0.397959184,0.875,0.733333333,1,0.285714286,0.2,1,0,0.951219512
1,0.410958904,0.105420755,0.533333333,0.150241502,0,0.5,0.75,0.733333333,0.333333333,0.357142857,0,1,1,0.951219512
0,0.287671233,0.149344266,0.866666667,0,0,0.397959184,0.75,0.8,0.333333333,0.714285714,0,0.25,1,0.951219512
0,0.150684932,0.179815508,0.533333333,0,0,0.295918367,0.75,0.733333333,0.666666667,0.5,0.4,0.5,1,0.951219512
1,0.328767123,0.149968034,0.866666667,0,0,0.448979592,0.5,0.8,0.333333333,0.714285714,0,0.25,1,0.073170732
0,0.643835616,0.098860373,0.533333333,0,0,0.397959184,0.25,0.733333333,1,0.071428571,0.2,1,0,0.951219512
1,0.397260274,0.063463939,0.533333333,0,0,0.448979592,0.5,0.733333333,0.333333333,0.285714286,0,1,1,0.951219512
1,0.397260274,0.176772443,0.8,0.150241502,0,0.397959184,0.5,0.6,0.333333333,1,0,1,1,0.951219512
0,0.273972603,0.061997882,0.533333333,0,0,0.683673469,0.5,0.733333333,1,0.071428571,0.8,1,0,0.951219512
1,0.164383562,0.053208986,0.8,0,0,0.642857143,0.5,0.6,0.666666667,0.714285714,0.6,0.25,1,0.731707317
1,0.410958904,0.102717312,0.6,0.076880769,0,0.397959184,0.5,1,0.333333333,0.214285714,0,0.5,1,0.951219512
0,0.164383562,0.014888557,0.6,0,0,0.602040816,0.5,1,0.666666667,0.071428571,0.2,1,1,0.951219512
1,0.452054795,0.144431929,1,0,0,0.602040816,0.75,0.666666667,0,0.714285714,0.2,1,0,0.951219512
0,0.438356164,0.16697077,0.6,0,0,0.397959184,0.5,1,0,0.214285714,0.2,1,0,0.951219512
0,0.123287671,0.081112769,0.8,0,0,0.397959184,0.5,0.6,0.666666667,0.071428571,0.6,1,0,0.951219512
0,0.356164384,0.168967232,0.133333333,0,0,0.346938776,0.5,0.266666667,0.5,0.357142857,0.8,1,1,0.634146341
0,0.397260274,0.138452691,0.8,0,0,0.397959184,0.5,0.6,0,0.071428571,0.2,1,1,0.780487805
0,0.356164384,0.107187871,0.6,0,0,0.193877551,0.75,1,0.333333333,0.214285714,0,1,1,0.951219512
0,0.315068493,0.122594656,0.533333333,0,0,0.459183673,0.5,0.733333333,0.333333333,0.428571429,0,1,1,0.951219512
0,0.082191781,0.064674941,0.8,0,0,0.5,0.5,0.6,0.666666667,0.928571429,0.6,1,0,0.951219512
0,0.356164384,0.058658494,0.533333333,0,0,0.397959184,0.875,0.733333333,0.333333333,0.571428571,0,0,1,0.951219512
0,0.260273973,0.118156571,0.6,0,0,0.551020408,0.75,1,0.333333333,0.857142857,0,1,1,0.951219512
0,0.191780822,0.124374626,0.533333333,0,0,0.397959184,0.5,0.733333333,0.333333333,0.428571429,0,1,1,0.951219512
0,0.150684932,0.095395825,0.533333333,0,0,0.346938776,0.625,0.733333333,0.666666667,0.071428571,0.6,1,0,0.951219512
0,0.082191781,0.158854352,0.266666667,0,0,0.551020408,0.5,0.4,0.333333333,0.214285714,0,0.75,1,0.951219512
1,0.301369863,0.190111054,0.533333333,0,0,0.5,0.5,0.733333333,0.333333333,0.5,0,1,1,0.951219512
0,0.082191781,0.048956272,0.6,0,0,0.244897959,0.5,1,0.666666667,0.857142857,0.6,1,0,0.951219512
0,0.246575342,0.068462873,1,0,0,0.602040816,0.5,0.666666667,0.333333333,0.714285714,0,1,1,0.951219512
1,0.356164384,0.206029301,0.733333333,0.076880769,0,0.397959184,0.5,0.466666667,0.333333333,0.285714286,0,1,1,0.951219512
0,0.082191781,0.032504913,0.533333333,0,0,0.397959184,0.5,0.733333333,0.666666667,0.5,0.6,1,1,0.951219512
1,0.356164384,0.079723837,0.8,0.150241502,0,0.5,0.5,0.6,0.333333333,0.285714286,0,1,1,0.951219512
1,0.150684932,0.133223734,0.6,0.07298073,0,0.397959184,0.75,1,0.333333333,0.214285714,0,1,1,0.951219512
0,0.191780822,0.22927986,0.533333333,0,0,0.397959184,0.5,0.733333333,0,0.571428571,0.8,1,1,0.951219512
0,0.575342466,0.105321981,0.533333333,0,0,0.397959184,0.5,0.733333333,0.666666667,0.071428571,0.8,1,1,0.951219512
1,0.260273973,0.095251723,0.866666667,0.150241502,0,0.397959184,0.5,0.8,0.333333333,0.285714286,0,0.25,1,0.414634146
0,0.02739726,0.14300917,0.6,0,0,0.295918367,0.5,1,0.666666667,0.571428571,0.6,1,1,0.951219512
0,0.082191781,0.152365005,0.533333333,0,0,0.448979592,0.25,0.733333333,0.666666667,0.785714286,0.2,1,1,0.951219512
0,0.095890411,0.138407363,0.333333333,0,0,0.295918367,0.5,0,0.666666667,0.571428571,0.4,1,1,0.634146341
1,0.356164384,0.014459633,0.6,0,0.689623508,0.397959184,0.5,1,0.5,0.214285714,0.8,1,1,0.951219512
0,0.246575342,0.005536782,0.6,0,0,0.397959184,0.125,1,0,0.285714286,0.8,0.25,0,0.731707317
0,0.123287671,0.144098396,0.6,0,0.367768595,0.397959184,0.5,1,0.666666667,0.714285714,0.2,1,1,0
0,0.109589041,0.137404059,0.4,0,0,0.397959184,0.5,0.066666667,0.666666667,0.571428571,0.2,1,1,0.951219512
0,0.109589041,0.129931027,0.533333333,0,0,0.295918367,0.5,0.733333333,0.666666667,0.357142857,0.8,1,1,0
1,0.452054795,0.05179367,0.8,0.07298073,0,0.397959184,0.5,0.6,0.333333333,1,0,1,1,0.951219512
1,0.342465753,0.239423184,0.6,0,0,0.551020408,0.5,1,0.333333333,0.285714286,0,1,1,0.951219512
0,0.054794521,0.145615192,0.6,0,0,0.142857143,0,1,0.666666667,0,0.6,1,0,0.951219512
0,0.136986301,0.265685011,0.666666667,0,0,0.397959184,0.75,0.533333333,0.666666667,0.214285714,0.6,1,1,0.951219512
0,0.260273973,0.498845489,0.6,0,0,0.397959184,0.5,1,0,0.071428571,0.8,1,0,0.951219512
0,0.356164384,0.071520822,0.2,0,0,0.397959184,0.5,0.333333333,0.833333333,0.357142857,0.2,0.5,1,0.951219512
0,0.02739726,0.065434692,0.6,0,0,0.193877551,0.5,1,0.666666667,0.857142857,0.6,1,0,0.951219512
0,0.04109589,0.226644747,0.533333333,0,0,0.316326531,0,0.733333333,0.666666667,0,0.6,1,1,0.951219512
0,0.328767123,0.232480558,0.8,0,0,0.346938776,0.75,0.6,0.833333333,0.214285714,0.2,1,1,0.951219512
0,0.068493151,0.120117176,0.6,0,0,0.244897959,0.5,1,0.666666667,0.571428571,0.6,1,0,0.951219512
0,0.630136986,0.06413574,0.533333333,0,0,0.06122449,0,0.733333333,1,0,0.2,1,0,0.951219512
1,0.424657534,0.127792492,0.8,0,0,0.397959184,0.875,0.6,0.333333333,0.285714286,0,0.5,1,0.951219512
0,0.561643836,0.13141535,0.533333333,0,0,0.5,0.5,0.733333333,0.333333333,0.214285714,0,1,1,0.951219512
0,0.561643836,0.106246131,0.266666667,0,0,0.397959184,0,0.4,0.333333333,0,0,0.5,1,0.951219512
1,0.191780822,0.098505191,0.6,0,0,0.653061224,0.5,1,0.333333333,0.285714286,0,1,1,0.951219512
0,0.095890411,0.245602,0.6,0,0,0.397959184,0.75,1,0.666666667,0.714285714,0.2,0.25,1,0.951219512
0,1,0.204111994,0.4,0,0,0.397959184,0.5,0.066666667,0.333333333,0.214285714,0,1,1,0.951219512
0,0.109589041,0.095767921,0.6,0,0,0.397959184,0.5,1,0.666666667,0.071428571,0.6,1,0,0.951219512
0,0.109589041,0.088614215,0.533333333,0,0,0.479591837,0.5,0.733333333,0.666666667,0.071428571,0.2,1,0,0.951219512
0,0.452054795,0.124631033,1,0,0,0.224489796,0.75,0.666666667,0.333333333,0.714285714,0,1,1,0.951219512
0,0.410958904,0.148161002,0.533333333,0,0,0.397959184,0.5,0.733333333,0.666666667,0.357142857,0.2,0.75,1,0.804878049
0,0.02739726,0.134812244,0.6,0,0,0.346938776,0,1,0.666666667,0,0.6,1,0,0.951219512
0,0.109589041,0.138501402,0.4,0,0,0.397959184,0.5,0.066666667,0.333333333,0.5,0,1,1,0.951219512
0,0.205479452,0.076444661,0.533333333,0,0,1,0.5,0.733333333,0,0.214285714,0.8,1,1,0.951219512
0,0.164383562,0.073576819,0.666666667,0,0,0.397959184,0.5,0.533333333,0.833333333,0.071428571,0.8,0.5,0,0.951219512
0,0.561643836,0.128790385,0.533333333,0,0,0.367346939,0.5,0.733333333,1,0.071428571,0.2,1,0,0.951219512
0,0.602739726,0.095733417,0.533333333,0,0,0.397959184,0.5,0.733333333,0.333333333,0.071428571,1,0.5,0,0.951219512
0,0.534246575,0.122813854,0.266666667,0,0,0.397959184,0.5,0.4,0,0.214285714,0.2,1,1,0.951219512
1,0.397260274,0.20826458,0.533333333,0.150241502,0,0.397959184,0.625,0.733333333,0.333333333,0.285714286,1,0,0,0.951219512
0,0.082191781,0.214387243,0.6,0,0,0.397959184,0,1,0.666666667,0,0.2,1,1,0.951219512
0,0.342465753,0.176322546,0.533333333,0,0,0.397959184,0.5,0.733333333,0,0.571428571,0.2,1,0,0.951219512
1,0.301369863,0.110885148,0.6,0,0,0.397959184,0.5,1,0.333333333,0.5,0,1,1,0.951219512
0,0.04109589,0.147680661,0.2,0,0,0.397959184,0.5,0.333333333,0.666666667,0.5,0.6,1,1,0.634146341
1,0.410958904,0.172918887,0.533333333,0.03103031,0,0.5,0.75,0.733333333,0.333333333,0.214285714,0,0.5,1,0.951219512
1,0.438356164,0.122188734,0.533333333,0,0,0.397959184,0.5,0.733333333,0.333333333,0.214285714,0,1,1,0.951219512
0,0.342465753,0.038595103,0.8,0,0,0.5,0.75,0.6,0.333333333,0.357142857,0,1,1,0.951219512
1,0.246575342,0.143063293,0.666666667,0.07298073,0,0.479591837,0.5,0.533333333,0.333333333,0.928571429,0,1,1,0.951219512
0,0.561643836,0.236507308,0.533333333,0,0,0.295918367,0,0.733333333,0.333333333,0,0,0.5,1,0.951219512
0,0.136986301,0.011484898,0.733333333,0,0,0.397959184,0.5,0.466666667,0.666666667,0.214285714,0.8,1,1,0.951219512
0,0.424657534,0.150748081,0.533333333,0,0,0.397959184,0.5,0.733333333,0.333333333,0.5,0,1,1,0.951219512
1,0.369863014,0.127967039,0.666666667,0,0,0.397959184,0.125,0.533333333,0.333333333,0.214285714,0,0.5,1,0.951219512
0,0.164383562,0.104897792,0.6,0,0,0.5,0.5,1,0.333333333,0.071428571,1,1,0,0.951219512
0,0.410958904,0.127314857,0.666666667,0.040640406,0,0.397959184,0.5,0.533333333,0.333333333,0.071428571,0,1,1,0.951219512
1,0.465753425,0.093845201,0.533333333,0,0,0.397959184,0.5,0.733333333,0.333333333,0.5,0,1,1,0.951219512
0,0.219178082,0.201770498,0.466666667,0,0,0.316326531,0.75,0.133333333,0.666666667,0.214285714,0.2,0.5,1,0.951219512
0,0.328767123,0.089207538,0.533333333,0,0,0.295918367,0.5,0.733333333,0.666666667,0.428571429,0.8,0.5,0,0.951219512
0,0.410958904,0.065099806,0.333333333,0,0,0.653061224,0.5,0,0.333333333,0.857142857,0,1,1,0.951219512
0,0.205479452,0.140224543,0.4,0,0,0.602040816,0.5,0.066666667,0.333333333,0.214285714,0,1,1,0.951219512
0,0.356164384,0.104494576,0.6,0,0,0.479591837,0.5,1,0,0.071428571,0.2,1,1,0.951219512
0,0.260273973,0.078543956,0.6,0,0,0.448979592,0.5,1,0.666666667,0.5,0.8,1,1,0.951219512
0,0.219178082,0.188299963,0.533333333,0,0,0.397959184,0.875,0.733333333,0.333333333,0.571428571,0,1,1,0.951219512
1,0.164383562,0.154556986,0.533333333,0,0,0.397959184,0.5,0.733333333,0.333333333,0.714285714,0,1,1,0.951219512
1,0.397260274,0.012133021,0.6,0.076880769,0,0.37755102,0.875,1,0.333333333,0.285714286,0,1,1,0.951219512
0,0.410958904,0.186071449,0.866666667,0,0,0.397959184,0.25,0.8,0.666666667,0.714285714,0.2,1,1,0.951219512
1,0.260273973,0.198814707,0.6,0.150241502,0,0.602040816,0.625,1,0.333333333,0.857142857,0,1,1,0.951219512
1,0.383561644,0.017206374,0.8,0,0,0.397959184,0.5,0.6,0.333333333,0.714285714,0,1,1,0.951219512
1,0.301369863,0.19914621,0.733333333,0,0,0.5,0.5,0.466666667,0.333333333,0.285714286,0,1,1,0.951219512
0,0.684931507,0.13317773,0.8,0,0,0.397959184,0,0.6,0.333333333,0,0,1,1,0.951219512
0,0.246575342,0.029710814,0.6,0,0,0.397959184,0.5,1,0.333333333,0.357142857,0,1,1,0.634146341
0,0.232876712,0.075193067,0.6,0,0,0.602040816,0.5,1,0.333333333,0.071428571,0,1,1,0.951219512
0,0.410958904,0.075190361,0.533333333,0,0,0.408163265,0.5,0.733333333,0.666666667,0.285714286,0.6,1,1,0.951219512
1,0.246575342,0.109126151,0.533333333,0,0,0.448979592,0.5,0.733333333,0.333333333,0.214285714,0,1,1,0.951219512
0,0.602739726,0.099959746,0.2,0,0,0.346938776,0.5,0.333333333,0,0.571428571,0.2,1,1,0.951219512
0,0.054794521,0.198347896,0.6,0,0,0.704081633,0,1,0.666666667,0,0.6,1,1,0.951219512
0,0.561643836,0.087192133,0.533333333,0,0,0.5,0.75,0.733333333,0.333333333,0.357142857,0,1,1,0.951219512
0,0.109589041,0.21030434,0.8,0,0,0.346938776,0.5,0.6,0.666666667,0.428571429,0.6,1,1,0.951219512
1,0.383561644,0.268238939,0.6,0,0,0.397959184,0.5,1,0.333333333,0.5,0,1,1,0.951219512
0,0.602739726,0.104862612,0.2,0,0,0.397959184,0,0.333333333,1,0,0.2,0.5,0,0.951219512
0,0.520547945,0.126941408,0.533333333,0,0,0.142857143,0.5,0.733333333,0.333333333,0.571428571,0,1,1,0.951219512
0,0.575342466,0.214309441,0.8,0,0,0.5,0.5,0.6,0.666666667,0.214285714,0.2,1,1,0.951219512
0,0.726027397,0.218102786,0.533333333,0,0,0.112244898,0.25,0.733333333,1,0.071428571,0.2,1,0,0.951219512
1,0.219178082,0.069281484,0.8,0,0,0.602040816,0.5,0.6,0.333333333,0.857142857,0,1,1,0.951219512
0,0.273972603,0.023360158,0.8,0,0,0.37755102,0.875,0.6,0.666666667,0.714285714,0.2,1,1,0.951219512
0,0.01369863,0.081658734,0.533333333,0,0,0.397959184,0.75,0.733333333,0.666666667,0.357142857,0.6,1,1,0.951219512
1,0.191780822,0.074640336,0.866666667,0,0,0.244897959,0.5,0.8,0.333333333,0.857142857,1,0.25,0,0.585365854
0,0.205479452,0.066175501,0.666666667,0,0,0.397959184,0.25,0.533333333,0,0.714285714,0.8,0.5,0,0.951219512
0,0,0.041630726,0.466666667,0,0,0.071428571,0.5,0.133333333,0.666666667,0.857142857,0.6,1,0,0.951219512
0,0.452054795,0.222927174,0.533333333,0,0,0.397959184,0.5,0.733333333,0,0.214285714,0.2,1,1,0.951219512
0,0.02739726,0.194007232,0.4,0,0,0.602040816,0.5,0.066666667,0.333333333,0.214285714,0,1,1,0.951219512
0,0.246575342,0.178516557,0.8,0.046500465,0,0.397959184,0.5,0.6,0.666666667,0.928571429,0.2,0.25,0,0.951219512
0,0.150684932,0.039208722,0.866666667,0,0,0.357142857,0.5,0.8,0.666666667,0.857142857,0.6,0.25,0,0.731707317
0,0,0.062065536,0.4,0,0,0.173469388,0,0.066666667,0.666666667,0,0.6,1,1,0.951219512
0,0.328767123,0.103857278,0.133333333,0,0,0.397959184,0.5,0.266666667,0,0.571428571,0.8,1,0,0.804878049
0,0.095890411,0.111151703,0.133333333,0,0,0.397959184,0.5,0.266666667,0.5,0.357142857,0.2,1,1,0.634146341
0,0.232876712,0.017548026,0.666666667,0,0,0.397959184,0.5,0.533333333,0.333333333,0.214285714,0,1,1,0.951219512
0,0.260273973,0.115782601,0.6,0,0,0.397959184,0.5,1,0,0.428571429,0.2,1,1,0.951219512
0,0.205479452,0.194403007,0.666666667,0,0,0.448979592,0.5,0.533333333,0.333333333,0.214285714,0,1,1,0.951219512
0,0.273972603,0.185277194,0.533333333,0,0,0.397959184,0.75,0.733333333,0.5,0.571428571,0.8,0.5,0,0.951219512
0,0.438356164,0.024497417,0.533333333,0,0,0.448979592,0.75,0.733333333,0.333333333,0.285714286,0,1,1,0.951219512
0,0.082191781,0.151895489,0.4,0,0,0.397959184,0.5,0.066666667,0.333333333,0.571428571,0,1,1,0.951219512
0,0.301369863,0.159289365,0.533333333,0,0,0.153061224,0.5,0.733333333,0,0.642857143,0.8,0.5,0,0.951219512
1,0.273972603,0.106311755,0.533333333,0,0,0.602040816,0.5,0.733333333,0.333333333,0.214285714,0,1,1,0.951219512
0,0.136986301,0.137829601,0.533333333,0,0,0.397959184,0.25,0.733333333,0.333333333,0.428571429,0,1,1,0.951219512
0,0.095890411,0.28103429,0.066666667,0,0,0.397959184,0.5,0.2,0.333333333,0.428571429,0.4,1,1,0.634146341
0,0.260273973,0.024270777,0.8,0,0,0.397959184,0.75,0.6,0.333333333,0.285714286,0,1,1,0.951219512
0,0.082191781,0.145310074,0.6,0,0,0.479591837,0.5,1,0.666666667,0.571428571,0.8,1,0,0.195121951
0,0.273972603,0.218813151,0.533333333,0,0,0.397959184,0.5,0.733333333,0,0.857142857,0.8,1,0,0.951219512
1,0.164383562,0.123524895,0.8,0,0,0.551020408,0.25,0.6,0.333333333,0.714285714,0,1,1,0.951219512
0,0.136986301,0.177712154,0.8,0,0,0.653061224,0.5,0.6,0.666666667,0.357142857,0.2,1,1,0.951219512
0,0.219178082,0.124003207,0.533333333,0.043860439,0,0.602040816,0.5,0.733333333,0.333333333,0.285714286,0,1,1,0.951219512
0,0.191780822,0.055953698,0.533333333,0,0,0.397959184,0.25,0.733333333,0,0.571428571,0.8,0,1,0.951219512
0,0.123287671,0.125620808,0.533333333,0,0,0.653061224,0.5,0.733333333,0.333333333,0.857142857,0,1,1,0.951219512
0,0.02739726,0.049023249,0.533333333,0,0,0.234693878,0.5,0.733333333,0.666666667,0.857142857,0.6,1,0,0.951219512
0,0.232876712,0.311780883,0.533333333,0,0,0.602040816,0.5,0.733333333,0.333333333,0.857142857,0,1,1,0.951219512
0,0.123287671,0.030597755,0.533333333,0,0,0.397959184,0.5,0.733333333,0.666666667,1,0.2,1,1,0.951219512
1,0.534246575,0.072777829,0.6,0,0,0.397959184,0.5,1,0,1,0.2,1,1,0.951219512
0,0.616438356,0.153322306,0.6,0.028290283,0,0.234693878,0.5,1,0.333333333,0.928571429,0,1,1,0.951219512
0,0.123287671,0.079650771,0.533333333,0,0,0.397959184,0.5,0.733333333,0.666666667,0.214285714,0.8,1,1,0.951219512
1,0.356164384,0.160172923,0.666666667,0,0,0.357142857,0.5,0.533333333,0.333333333,0.714285714,1,1,0,0.951219512
0,0.328767123,0.168967232,0.133333333,0,0,0.346938776,0.5,0.266666667,0.5,0.357142857,0.2,1,1,0.634146341
0,0.164383562,0.176905045,0.866666667,0,0,0.448979592,0.25,0.8,0.666666667,0.714285714,0.2,1,1,0.951219512
1,1,0.125381313,0.533333333,0,0,0.397959184,0.5,0.733333333,0.666666667,0.071428571,0.2,1,0,0.951219512
0,0.219178082,0.13599889,0.066666667,0,0,0.397959184,0.5,0.2,0,0.5,0.8,1,0,0.634146341
1,0.219178082,0.031660595,0.8,0,0.436639118,0.448979592,0.5,0.6,0.333333333,0.071428571,0,1,1,0.951219512
0,0.068493151,0.025559581,0.8,0,0,0.346938776,0.25,0.6,0.666666667,0.714285714,0.2,1,0,0.951219512
0,0.219178082,0.215429787,0.533333333,0,0,0.551020408,0.5,0.733333333,0.333333333,0.857142857,0,1,1,0.951219512
0,0.232876712,0.037072894,0.8,0.014710147,0,0.397959184,0.125,0.6,0.666666667,0.285714286,0.8,0.25,1,0.024390244
1,0.547945205,0.068144224,0.8,0,0,0.5,0.75,0.6,0.333333333,0.857142857,0,1,1,0.951219512
0,0.643835616,0.150128373,0.2,0,0,0.806122449,0.75,0.333333333,0.333333333,0.357142857,0,1,1,0.951219512
1,0.342465753,0.220107366,0.466666667,0,0,0.602040816,0.5,0.133333333,0.333333333,0.214285714,0,0.5,1,0
1,0.273972603,0.14170413,0.8,0,0,0.295918367,0.25,0.6,0.333333333,0.714285714,1,1,0,0.951219512
0,0.602739726,0.121624501,0.8,0,0,0.295918367,0.25,0.6,0.833333333,0.714285714,0.2,1,1,0
0,0.095890411,0.079999865,0.8,0,0,0.397959184,0.125,0.6,0.666666667,0.285714286,0.2,1,1,0.951219512
0,0.287671233,0.118267523,0.866666667,0,0,0.479591837,0.75,0.8,0.666666667,0.714285714,0.2,1,0,0.951219512
0,0.136986301,0.151670878,0.8,0,0,0.397959184,0.25,0.6,0,0.714285714,0.4,1,0,0.951219512
0,0.315068493,0.015358751,0.8,0,0,0.530612245,0.5,0.6,0.666666667,0.857142857,0.2,1,1,0.951219512
0,0.575342466,0.020752107,0.533333333,0,0,0.357142857,0.5,0.733333333,1,0.571428571,0.2,1,0,0.951219512
0,0.219178082,0.0370208,0.333333333,0,0,0.448979592,0.5,0,0.666666667,0.5,0.2,1,0,0.951219512
0,0.082191781,0.151252101,0.533333333,0,0,0.448979592,0.5,0.733333333,0.333333333,0.857142857,0,1,1,0.951219512
0,0.219178082,0.134940786,0.533333333,0,0,0.204081633,0,0.733333333,0.333333333,0,0,1,1,0.951219512
0,0.068493151,0.129630644,0.6,0,0,0.142857143,0.5,1,0.666666667,0.857142857,0.6,1,0,0.951219512
1,0.397260274,0.224698349,1,0,0,0.397959184,0.5,0.666666667,0.333333333,0.714285714,0,1,1,0.951219512
0,0.082191781,0.142569421,0.533333333,0,0,0.397959184,0.5,0.733333333,0.666666667,0.071428571,0.6,1,0,0.951219512
0,0.01369863,0.096892326,0.4,0,0,0.193877551,0.5,0.066666667,0.666666667,0.571428571,0.6,1,1,0.951219512
1,0.684931507,0.173529123,0.8,0,0,0.193877551,0.75,0.6,0.333333333,0.714285714,0,1,1,0.951219512
0,0.02739726,0.125859625,0.533333333,0,0,0.448979592,0.5,0.733333333,0.666666667,0.571428571,0.2,1,0,0.951219512
0,0.150684932,0.024099613,0.8,0,0,0.397959184,0.5,0.6,0.666666667,0.071428571,0.2,1,0,0.951219512
0,0.054794521,0.113276031,0.533333333,0,0,0.295918367,0.5,0.733333333,0.666666667,0.571428571,0.4,1,0,0.951219512
0,0.109589041,0.129931027,0.333333333,0,0,0.397959184,0.5,0,0.333333333,0.214285714,0,1,1,0.634146341
0,0.520547945,0.116093132,0.533333333,0,0,0.448979592,0.5,0.733333333,0,0.214285714,0.2,1,1,0.951219512
1,0.301369863,0.202951732,0.6,0,0,0.5,0.5,1,0.333333333,0.285714286,0,1,1,0.951219512
0,0.534246575,0.025847109,0.533333333,0,0,0.397959184,0.5,0.733333333,0.333333333,1,0,1,1,0.951219512
0,0.356164384,0.141575588,0.8,0,0,0.346938776,0.5,0.6,0.833333333,0.071428571,0.8,1,0,0.951219512
1,0.493150685,0.14642839,0.533333333,0,0,0.397959184,0.25,0.733333333,0,0.214285714,0.2,0.75,1,0
0,0.342465753,0.116012624,0.8,0,0,0.5,0.75,0.6,0.666666667,0.714285714,0.2,1,1,0
0,0.054794521,0.15633628,0,0,0,0.5,0.5,0.866666667,0.666666667,0.357142857,0.2,1,1,0.634146341
0,0.095890411,0.04793673,0.6,0,0.43067034,0.397959184,0.5,1,0.833333333,0.571428571,0.2,1,1,0.951219512
0,0.794520548,0.167955809,0.333333333,0,0,0,0,0,1,0,0.4,0.25,0,0.073170732
0,0.136986301,0.105169084,0.466666667,0,0,0.448979592,0.5,0.133333333,0.666666667,0.5,0.2,1,1,0.951219512
1,0.328767123,0.015358751,0.6,0,0,0.540816327,0.625,1,0.333333333,0.357142857,0,1,1,0.951219512
1,0.383561644,0.158719721,0.666666667,0,0.436639118,0.397959184,0.5,0.533333333,0.333333333,0.714285714,0,1,1,0.951219512
0,0.671232877,0.109939348,0.6,0,0,0.193877551,0.75,1,0.666666667,0.857142857,0.2,1,0,0.951219512
0,0.712328767,0.01136718,0.2,0,0,0.051020408,0.5,0.333333333,0.333333333,0.428571429,0,1,1,0.951219512
0,0.424657534,0.071417988,0.6,0,0,0.397959184,0.75,1,0.666666667,0.571428571,0.2,1,1,0.951219512
1,0.164383562,0.13706376,0.8,0,0,0.397959184,0.875,0.6,0.333333333,0.714285714,0,1,1,0.390243902
0,0.095890411,0.015075282,0.666666667,0,0,0.397959184,0.5,0.533333333,0.666666667,1,0.2,1,1,0.951219512
0,0.369863014,0.123697412,0.533333333,0,0,0.602040816,0.625,0.733333333,0.333333333,1,0,1,1,0
0,0.369863014,0.211670946,0.666666667,0,0,0.397959184,0.625,0.533333333,0.333333333,0.357142857,0,1,1,0.951219512
1,0.273972603,0.117548364,0.6,0,0,0.448979592,0.25,1,0.333333333,0.928571429,0,1,1,0.951219512
1,0.232876712,0.286889721,0.6,0,0,0.397959184,0.125,1,0.166666667,0.071428571,1,1,0,0.951219512
0,0.369863014,0.071892241,0.533333333,0,0,0.326530612,0.5,0.733333333,0,0.571428571,0.8,1,0,0.951219512
0,0.04109589,0.052571011,0.6,0,0,0.316326531,0.5,1,0.666666667,0.571428571,0.6,1,0,0.951219512
1,0.410958904,0.096166401,0.866666667,0,0,0.397959184,0.25,0.8,0.333333333,0.714285714,1,1,0,0.951219512
0,0.191780822,0.025108331,0.6,0,0,0.397959184,0.5,1,0.333333333,0.928571429,0,1,1,0.951219512
0,0.01369863,0.0206831,0.6,0,0,0.193877551,0.5,1,0.666666667,0.857142857,0.6,1,0,0.951219512
0,0.04109589,0.141267763,0.533333333,0,0,0.397959184,0.5,0.733333333,0.666666667,0.214285714,0.4,0.5,1,0.951219512
0,0.082191781,0.136834414,0.6,0,0,0.397959184,0.5,1,0.666666667,0.357142857,0.6,1,1,0.951219512
0,0.260273973,0.180770779,0.533333333,0,0,0.37755102,0.5,0.733333333,0.666666667,0.285714286,0.2,1,0,0.951219512
1,0.246575342,0.266397405,1,0,0,0.806122449,0.5,0.666666667,0.666666667,0.714285714,0.2,1,0,0.951219512
1,0.369863014,0.091214148,0.6,0.143441434,0,0.397959184,0.5,1,0,0.071428571,0.6,1,1,0.951219512
0,0.287671233,0.106713618,0.533333333,0.031370314,0,0.448979592,0.5,0.733333333,0.333333333,0.5,0,1,1,0.951219512
1,0.383561644,0.223061129,0.666666667,0,0.436639118,0.418367347,0.5,0.533333333,0.333333333,0.714285714,0,1,1,0.951219512
0,0.246575342,0.129694239,0.533333333,0,0,0.602040816,0.5,0.733333333,0,0.857142857,0.2,1,1,0.951219512
0,0.287671233,0.093207903,0.866666667,0,0,0.5,0.5,0.8,0.333333333,0.214285714,0,1,1,0.756097561
0,0.246575342,0.313263176,0.8,0,0,0.448979592,0.5,0.6,0.333333333,0.285714286,0,1,1,0.951219512
0,0.315068493,0.374972177,0,0,0.383838384,0.397959184,0.5,0.866666667,0.333333333,0.571428571,0,1,1,0.634146341
0,0.630136986,0.105379487,0.933333333,0,0,0.295918367,0.75,0.933333333,0.333333333,0.714285714,0,1,1,0.951219512
0,0.136986301,0.099865031,0.533333333,0,0,0.367346939,0.5,0.733333333,0.666666667,0.285714286,0.2,0.5,0,0.951219512
1,0.328767123,0.190242302,0.6,0.03103031,0,0.397959184,0.875,1,0.333333333,0.071428571,1,1,0,0.951219512
0,0.534246575,0.027792831,0.4,0,0,0.193877551,0.75,0.066666667,0.333333333,0.214285714,0,1,1,0.951219512
1,0.273972603,0.348202271,0.866666667,0,0,0.37755102,0.5,0.8,0.666666667,0.714285714,0.2,1,0,0.951219512
0,0.02739726,0.07859199,0.533333333,0,0,0.275510204,0,0.733333333,0.666666667,0,0.6,1,0,0.951219512
0,0.191780822,0.101396035,0.533333333,0,0,0.469387755,0.5,0.733333333,0.333333333,0.214285714,0,1,1,0.951219512
0,0.02739726,0.20601374,0.2,0,0,0.448979592,0.5,0.333333333,0.333333333,0.428571429,0.6,1,1,0.634146341
1,0.260273973,0.192924096,0.8,0,0,0.5,0.5,0.6,0.333333333,0.857142857,0,1,1,0.951219512
0,0.095890411,0.152289233,0.6,0,0,0.418367347,0.5,1,0.666666667,0.285714286,0.2,1,1,0.951219512
0,0.410958904,0.202827926,0.533333333,0,0,0.397959184,0.5,0.733333333,0.333333333,0.214285714,0,1,1,0.951219512
0,0.246575342,0.252728644,0.6,0,0,0.397959184,0.5,1,0.333333333,0.214285714,0,1,1,0.951219512
0,0.301369863,0.093253908,0.733333333,0,0,0.397959184,0.5,0.466666667,0,0.571428571,0.8,0.5,0,0.951219512
0,0.246575342,0.0955609,0.533333333,0,0,0.357142857,0.5,0.733333333,0,0.428571429,0.8,0.5,0,0.951219512
0,0.01369863,0.06966508,0.333333333,0,0,0.397959184,0.5,0,0.666666667,0.214285714,0.8,1,1,0.951219512
0,0.753424658,0.023623331,0.533333333,0.049310493,0,0.704081633,0.75,0.733333333,0.333333333,0.357142857,0,1,1,0.951219512
1,0.301369863,0.111368195,0.533333333,0,0,0.602040816,0.5,0.733333333,0.333333333,1,0,1,1,0.951219512
0,0.082191781,0.206011034,0.533333333,0,0,0.346938776,0.5,0.733333333,0.333333333,0.857142857,1,0.5,0,0.951219512
0,0,0.109487421,0.466666667,0,0,0.142857143,0.75,0.133333333,0.666666667,0.428571429,0.6,1,1,0.951219512
1,0.383561644,0.016048142,0.8,0,0,0.448979592,0.5,0.6,0.333333333,0.214285714,0,1,1,0.951219512
0,0.657534247,0.141799522,0.4,0,0,0.397959184,0,0.066666667,0.333333333,0,0,1,1,0.634146341
0,0.123287671,0.104742189,0.533333333,0,0,0.397959184,0.5,0.733333333,0.666666667,0.214285714,0.4,0.25,1,0.414634146
0,0.273972603,0.258023226,0.866666667,0,0,0.397959184,0.5,0.8,0.666666667,0.714285714,0.8,1,0,0.951219512
1,0.246575342,0.217405953,0.533333333,0,0,0.5,0.5,0.733333333,0.333333333,0.285714286,0,0.5,1,0
1,0.465753425,0.143373148,0.6,0,0,0.397959184,0.5,1,0.333333333,0.857142857,0,1,1,0.951219512
1,0.178082192,0.108733082,0.6,0,0,0.5,0.5,1,0.333333333,0.928571429,0,1,1,0.951219512
0,0.109589041,0.256344736,0.666666667,0,0,0.397959184,0.5,0.533333333,0.666666667,0.214285714,0.6,1,1,0.951219512
0,0.150684932,0.113667746,0.533333333,0,0,0.704081633,0.5,0.733333333,0.333333333,1,0,1,1,0.951219512
0,0.520547945,0.211568112,0.733333333,0,0,0.244897959,0.5,0.466666667,0.333333333,0.928571429,0,1,1,0.951219512
0,0.383561644,0.107741955,0.533333333,0,0,0.397959184,0.5,0.733333333,0.333333333,0.214285714,0,1,1,0.951219512
1,0.287671233,0.032050957,0.666666667,0,0,0.5,0.5,0.533333333,0.333333333,0.928571429,0,1,1,0.951219512
0,0.150684932,0.104712421,0.6,0,0,0.397959184,0.5,1,0,0.071428571,0.8,1,1,0.951219512
1,0.328767123,0.11873907,0.6,0,0.453856749,0.602040816,0.5,1,0.333333333,0.214285714,0,1,1,0.951219512
0,0.506849315,0.12529201,0.6,0,0,0.397959184,0.5,1,0,0.071428571,0.8,1,0,0.951219512
0,0.068493151,0.203997659,0.533333333,0,0,0.5,0.5,0.733333333,0.333333333,1,0,1,1,0.951219512
0,0.356164384,0.117690437,0.2,0,0,0.397959184,0.5,0.333333333,0.333333333,0.428571429,0,0.5,1,0.951219512
1,0.479452055,0.168223041,0.6,0,0,0.602040816,0.625,1,0.333333333,0.285714286,0,1,1,0.951219512
0,0.273972603,0.086248364,0.533333333,0,0,0.346938776,0.5,0.733333333,0.666666667,0.071428571,0.2,1,0,0.951219512
0,0.246575342,0.120492654,0.8,0,0,0.448979592,0.75,0.6,0.333333333,0.357142857,0,1,1,0.951219512
1,0.410958904,0.061737416,0.8,0,0,0.5,0.25,0.6,0.333333333,0.714285714,0,1,1,0.951219512
0,0.164383562,0.069861953,0.533333333,0.026350264,0,0.397959184,0.5,0.733333333,0.333333333,1,0,1,1,0.951219512
0,0.397260274,0.043156317,0.666666667,0,0,0.193877551,0.875,0.533333333,0,0.071428571,0.6,1,0,0.951219512
0,0.301369863,0.065392747,0.4,0,0,0.397959184,0.5,0.066666667,0,0.571428571,0.8,1,0,0.951219512
0,0.561643836,0.129523075,0.533333333,0,0,0.397959184,0.5,0.733333333,0,0.285714286,0.8,1,0,0.951219512
1,0.246575342,0.178791231,0.8,0.07298073,0,0.448979592,0.5,0.6,0.333333333,0.714285714,0,1,1,0.951219512
0,0.520547945,0.088453875,0.533333333,0,0,0.397959184,0.5,0.733333333,0,0.5,0.2,1,0,0.951219512
0,0.369863014,0.114321281,0.733333333,0,0,0.5,0.5,0.466666667,0,0.214285714,0.2,1,1,0.951219512
1,0.753424658,0.041847894,0.266666667,0,0,0.479591837,0.5,0.4,0.333333333,0.285714286,1,0.25,0,0.951219512
0,0.438356164,0.119226177,0.6,0,0,0.397959184,0.5,1,0,0.071428571,0.8,1,0,0.951219512
0,0.246575342,0.061355848,0.533333333,0,0,0.5,0.5,0.733333333,0,0.285714286,0.2,1,1,0.951219512
1,0.301369863,0.040628097,0.866666667,0,0,0.397959184,0.5,0.8,0.333333333,0.714285714,0,0.25,1,0.731707317
0,0.287671233,0.122278037,0.533333333,0,0,0.397959184,0.5,0.733333333,0.666666667,0.285714286,0.2,1,1,0.951219512
0,0.082191781,0.068634714,0.6,0,0,0.193877551,0.5,1,0,0.071428571,0.4,1,0,0.951219512
0,0.383561644,0.105524266,0.866666667,0,0,0.397959184,0.5,0.8,0,0.714285714,0.2,1,1,0.951219512
0,0.123287671,0.184504589,0.8,0,0,0.346938776,0.5,0.6,0.666666667,0.285714286,0.2,0.25,1,0.853658537
0,0.02739726,0.700579454,0.4,0,0,0.244897959,0.5,0.066666667,0.666666667,0.857142857,0.8,1,0,0.951219512
0,0.383561644,0.096166401,0.6,0,0,0.346938776,0,1,0,0,0.2,1,0,0.951219512
1,0.410958904,0.08998285,0.533333333,0,0.554407713,0.5,0.75,0.733333333,0.333333333,0.285714286,0,1,1,0.951219512
0,0.342465753,0.244309814,0.533333333,0,0,0.5,0.75,0.733333333,0.333333333,0.357142857,0,1,1,0.951219512
1,0.095890411,0.125461145,0.533333333,0,0,0.489795918,0.875,0.733333333,0.333333333,1,0,1,1,0.951219512
0,0.273972603,0.027457268,0.8,0,0,0.397959184,0.5,0.6,0.333333333,0.285714286,0,1,1,0.951219512
0,0.01369863,0.155107688,0.4,0,0.394628099,0.193877551,0.5,0.066666667,0.666666667,0.571428571,0.6,1,0,0.951219512
1,0.342465753,0.095123857,0.2,0.043860439,0,0.5,0.5,0.333333333,0.333333333,0.214285714,0,1,1,0.951219512
0,0.04109589,0.06293624,0.533333333,0,0,0.346938776,0.5,0.733333333,0.666666667,0.857142857,0.2,1,0,0.951219512
0,0.246575342,0.060280831,0.533333333,0,0,0.5,0.5,0.733333333,0,0.857142857,0.2,1,0,0.951219512
0,0.328767123,0.037060716,0.666666667,0,0,0.397959184,0.5,0.533333333,0.333333333,0.857142857,0,1,1,0.951219512
0,0.082191781,0.035338928,0.533333333,0,0,0.295918367,0.5,0.733333333,0.666666667,0.071428571,0.6,1,1,0.951219512
0,0.150684932,0.05316704,0.6,0,0,0.397959184,0.875,1,0,0.071428571,0.2,0.5,0,0.951219512
1,0.178082192,0.207693583,0.533333333,0,0,0.397959184,0.25,0.733333333,0.333333333,0.785714286,0,1,1,0.951219512
0,0.273972603,0.128811358,0.6,0,0,0.346938776,0.5,1,0.666666667,0.928571429,0.2,1,1,0.951219512
1,0.561643836,0.12462968,0.6,0,0,0.602040816,0.5,1,0.333333333,0.857142857,0,1,1,0.951219512
0,0.095890411,0.039222929,0.6,0,0,0.397959184,0.5,1,0.666666667,1,0.6,1,1,0.951219512
0,0.684931507,0.063021483,0.533333333,0,0,0.397959184,0.5,0.733333333,0.833333333,0.5,0.4,1,0,0.951219512
1,0.438356164,0.087951208,0.6,0,0.436639118,0.5,0.5,1,0.333333333,0.071428571,0,1,1,0.951219512
0,0.260273973,0.009750933,0.533333333,0,0,0.5,0.5,0.733333333,0.333333333,0.071428571,0,1,1,0.951219512
0,0.02739726,0.18868356,0.533333333,0,0,0.275510204,0.5,0.733333333,0.666666667,0.857142857,0.4,1,0,0.634146341
1,0.150684932,0.219648674,0.733333333,0,0,0.397959184,0.25,0.466666667,0.333333333,0.785714286,0,1,1,0.951219512
0,0.315068493,0.22807427,0.666666667,0,0,0.357142857,0.5,0.533333333,0.333333333,0.714285714,1,1,0,0.951219512
1,0.287671233,0.116480111,0.533333333,0,0,0.551020408,0.625,0.733333333,0.333333333,0.857142857,0,1,1,0.536585366
1,0.438356164,0.129071148,0.6,0,0,0.397959184,0.5,1,0.333333333,0.714285714,0,1,1,0.951219512
0,0.054794521,0.182799715,0.6,0,0,0.397959184,0.5,1,0.666666667,0.571428571,0.6,1,0,0.951219512
1,0.547945205,0.165308518,0.8,0,0,0.602040816,0.75,0.6,0,0.857142857,0.2,1,1,0.048780488
0,0.273972603,0.016713179,0.6,0,0,0.397959184,0.75,1,0.333333333,0.357142857,0,1,1,0.951219512
0,0.410958904,0.058480565,0.8,0,0,0.397959184,0.125,0.6,0.5,0.285714286,0.2,1,0,0.951219512
0,0.356164384,0.120503479,0.8,0,0,0.397959184,0.5,0.6,0.333333333,0.571428571,0,1,1,0.951219512
0,0.493150685,0.101078739,0.533333333,0,0,0.346938776,0.5,0.733333333,1,0.857142857,0.2,1,0,0.951219512
0,0.082191781,0.212637041,0.533333333,0,0,0.397959184,0.5,0.733333333,0.666666667,0.071428571,0.2,1,1,0.951219512
0,0,0.222655206,0.333333333,0,0,0.193877551,0,0,0.666666667,0,0.6,0.5,1,0.951219512
1,0.452054795,0.100036871,0.6,0,0,0.602040816,0.625,1,0.333333333,0.857142857,0,1,1,0.951219512
0,0.493150685,0.096709661,0.466666667,0,0,0.397959184,0,0.133333333,0.333333333,0,1,1,0,0.536585366
0,0.342465753,0.238511212,0.2,0,0,0.397959184,0.5,0.333333333,0,0.857142857,0.2,1,0,0.951219512
0,0.328767123,0.204006454,0.533333333,0,0,0.397959184,0.5,0.733333333,0.666666667,0.714285714,0.2,1,0,0.951219512
0,0.602739726,0.010828657,0.8,0,0,0.397959184,0.125,0.6,0.333333333,0.285714286,1,1,0,0.951219512
1,0.410958904,0.105575006,0.533333333,0,0,0.479591837,0.5,0.733333333,0.333333333,0.5,0,1,1,0.951219512
1,0.575342466,0.020929359,0.6,0,0,0.428571429,0.5,1,0.333333333,0.214285714,0,1,1,0.951219512
0,0.246575342,0.093499491,0.8,0,0,0.397959184,0.875,0.6,0.666666667,0.714285714,0.2,1,0,0.951219512
1,0.410958904,0.230245279,0.733333333,0,0,0.397959184,0.25,0.466666667,0.333333333,0.785714286,0,1,1,0.951219512
0,0.328767123,0.118419068,0.8,0,0,0.397959184,0.875,0.6,0.666666667,0.714285714,0.2,1,1,0.951219512
0,0.136986301,0.06856706,0.8,0,0,0.346938776,0.5,0.6,0.666666667,0.571428571,0.2,1,1,0.951219512
1,0.301369863,0.127950126,0.8,0,0.453856749,0.448979592,0.5,0.6,0.333333333,1,0,1,1,0.731707317
0,0.287671233,0.058855366,0.6,0,0,0.295918367,0.125,1,0,0.071428571,0.2,1,0,0.951219512
0,0.136986301,0.114593249,0.533333333,0.050130501,0,0.459183673,0.5,0.733333333,0.333333333,0.5,0,1,1,0.048780488
0,0.424657534,0.183647416,0.866666667,0,0,0.397959184,0.5,0.8,0,0.285714286,0.2,1,1,0.951219512
0,0.315068493,0.105395047,0.733333333,0,0,0.5,0.5,0.466666667,0,0.714285714,0.2,1,1,0.951219512
0,0.054794521,0.180030647,0.533333333,0,0,0.244897959,0.5,0.733333333,0.666666667,0.071428571,0.6,1,1,0.658536585
0,0.232876712,0.094688844,0.533333333,0,0,0.520408163,0.5,0.733333333,0.333333333,1,0,0,1,0.951219512
0,0.068493151,0.268548117,0.466666667,0,0,0.397959184,0.5,0.133333333,0.666666667,1,0.4,1,1,0.951219512
0,0.342465753,0.069836244,1,0,0,0.5,0.5,0.666666667,0.333333333,0.714285714,0,1,1,0.951219512
0,0.479452055,0.198093518,0.6,0,0,0.551020408,0.5,1,0.833333333,0.857142857,0.4,1,0,0.951219512
0,0.315068493,0.054415252,0.533333333,0,0,0.397959184,0.5,0.733333333,0.666666667,0.571428571,0.8,0.5,0,0.951219512
1,0.465753425,0.219003258,0.533333333,0.043860439,0,0.551020408,0.5,0.733333333,0.333333333,0.285714286,0,1,1,0.951219512
1,0.479452055,0.046783234,0.933333333,0,0,0.397959184,0.625,0.933333333,0.333333333,0.857142857,0,1,1,0.951219512
0,0.356164384,0.195007154,0.6,0,0,0.397959184,0.5,1,0.333333333,1,0,1,1,0.951219512
1,0.479452055,0.121847759,0.533333333,0,0,0.397959184,0.5,0.733333333,0.333333333,0.5,0,1,1,0.951219512
0,0.109589041,0.245334768,0.466666667,0,0,0.397959184,0.5,0.133333333,0.333333333,0.571428571,1,1,0,0.951219512
1,0.369863014,0.049207267,0.8,0,0,0.397959184,0.75,0.6,0.333333333,0.214285714,0,0.25,1,0
0,0.287671233,0.138533876,0.6,0,0,0.397959184,0.75,1,0,0.357142857,0.2,1,1,0.951219512
1,0.287671233,0.294335015,0.6,0,0,0.357142857,0.5,1,0.333333333,0.214285714,0,1,1,0.951219512
1,0.315068493,0.053075708,0.6,0,0.433195592,0.397959184,0.125,1,0.333333333,0.071428571,0,1,1,0.951219512
0,0.273972603,0.101398741,0.533333333,0,0,0.397959184,0.5,0.733333333,0.333333333,0.214285714,0,1,1,0.951219512
0,0.082191781,0.086684054,0.533333333,0,0,0.397959184,0.5,0.733333333,0.333333333,0.214285714,0,1,1,0.951219512
0,0.095890411,0.152655916,0.8,0,0,0.387755102,0.5,0.6,0.666666667,0.714285714,0.2,1,1,0.951219512
1,0.397260274,0.092640288,0.8,0,0,0.397959184,0.5,0.6,0.333333333,0.857142857,0,1,1,0.951219512
0,0.246575342,0.102358071,0.333333333,0,0,0.153061224,0,0,0,0,0.8,1,0,0
1,0.589041096,0.123890225,0.866666667,0.150241502,0,0.520408163,0.25,0.8,0.333333333,0.714285714,0,1,1,0.951219512
0,0.602739726,0.096281412,0.533333333,0,0,0.030612245,0.5,0.733333333,0.333333333,0.571428571,1,1,0,0.951219512
1,0.232876712,0.099430694,0.533333333,0,0,0.602040816,0.5,0.733333333,0.333333333,0.285714286,0,1,1,0.951219512
0,0,0.056875818,0.4,0,0,0.397959184,0.5,0.066666667,0.666666667,0.571428571,0.6,1,1,0.951219512
0,0.136986301,0.251687453,0.6,0,0,0.448979592,0.5,1,0.666666667,0.214285714,0.2,1,1,0.951219512
1,0.424657534,0.105524266,0.8,0,0,0.244897959,0.5,0.6,0.333333333,0.857142857,0,1,1,0.951219512
0,0.315068493,0.111983844,0.8,0,0,0.295918367,0.75,0.6,0.333333333,0.214285714,0,1,1,0.951219512
0,0.068493151,0.114664962,0.533333333,0,0,0.397959184,0.5,0.733333333,0.666666667,1,0.6,0.5,1,0.951219512
0,0.534246575,0.13425613,0.2,0,0,0.193877551,0.75,0.333333333,0,0.857142857,0.4,1,1,0.634146341
0,0.479452055,0.191826076,0.866666667,0,0.43067034,0.5,0.875,0.8,0,0.714285714,0.8,1,0,0.951219512
0,0.150684932,0.192307094,0.533333333,0,0,0.448979592,0.25,0.733333333,0.333333333,0.214285714,0,1,1,0.951219512
1,0.589041096,0.072659434,0.6,0.03103031,0,0.397959184,0.5,1,0.333333333,0.5,0,1,1,0.951219512
1,0.301369863,0.359076932,0.533333333,0.051780518,0,0.5,0.625,0.733333333,0.333333333,0.214285714,0,1,1,0.951219512
0,0.356164384,0.020120897,0.533333333,0,0,0.397959184,0.5,0.733333333,0.333333333,0.428571429,0,1,1,0.951219512
0,0.109589041,0.08755814,0.6,0,0,0.397959184,0.5,1,0.666666667,0.071428571,0.2,1,0,0.951219512
1,0.273972603,0.073272377,0.533333333,0,0,0.448979592,0.5,0.733333333,0.333333333,0.214285714,0,1,1,0.951219512
0,0.068493151,0.134977996,0.6,0,0,0.397959184,0.5,1,0.666666667,0.214285714,0.6,1,1,0.951219512
0,0.602739726,0.070087239,0.066666667,0,0,0.193877551,0.75,0.2,0.333333333,0.214285714,0,1,1,0.951219512
1,0.616438356,0.038956373,0.8,0,0,0.551020408,0.5,0.6,0.333333333,0.714285714,0,1,1,0.951219512
0,0.794520548,0.054465992,0.533333333,0,0,0.346938776,0.75,0.733333333,0.333333333,0.857142857,0,1,1,0.951219512
1,0.164383562,0.084792455,0.6,0,0,0.408163265,0.5,1,0.666666667,0.571428571,0.2,1,0,0.951219512
0,0.232876712,0.06506192,0.6,0,0,0.448979592,0.5,1,0.333333333,0.285714286,0,1,1,0.951219512
0,0.205479452,0.023276944,0.533333333,0,0,0.397959184,0.5,0.733333333,0.666666667,0.214285714,0.2,1,0,0.951219512
0,0.205479452,0.080710229,0.533333333,0,0,0.397959184,0.5,0.733333333,0.666666667,0.214285714,0.6,1,1,0.951219512
0,0.164383562,0.082727663,0.866666667,0,0,0.193877551,0.5,0.8,0.333333333,0.857142857,0,1,1,0.951219512
0,0.232876712,0.074304773,0.6,0,0,0.397959184,0.5,1,0.333333333,0.285714286,0,1,1,0.951219512
0,0.534246575,0.066281717,0.533333333,0,0,0.397959184,0.875,0.733333333,0.333333333,0.071428571,0,1,1,0.951219512
0,0.287671233,0.179937285,0.533333333,0,0,0.479591837,0.5,0.733333333,0,0.071428571,0.8,1,0,0.951219512
1,0.520547945,0.100382582,1,0,0,0.806122449,0.5,0.666666667,0.333333333,0.285714286,0,1,1,0.951219512
0,0.575342466,0.062970743,0.533333333,0,0,0.397959184,0.875,0.733333333,0.666666667,0.071428571,0.6,1,1,0.951219512
1,0.328767123,0.336771496,0.8,0,0,0.397959184,0.125,0.6,0.333333333,0.285714286,0,1,1,0.951219512
0,0.150684932,0.096820613,0.8,0,0,0.551020408,0.875,0.6,0.666666667,0.285714286,0.2,1,1,0.951219512
0,0.410958904,0.130860589,0.6,0,0,0.37755102,0.875,1,0.333333333,0.571428571,0,1,1,0.951219512
0,0.082191781,0.12463374,0.6,0,0,0.234693878,0.5,1,0.666666667,0.071428571,0.6,0.5,0,0.951219512
0,0.479452055,0.015736935,0.533333333,0,0,0.397959184,0.125,0.733333333,0.333333333,0.928571429,0,1,1,0.951219512
0,0.136986301,0.119574593,0.8,0,0,0.397959184,0.75,0.6,0.666666667,0.857142857,0.2,1,1,0.951219512
0,0.561643836,0.07416676,0.666666667,0,0,0.418367347,0.75,0.533333333,0.333333333,0.214285714,0,1,1,0.951219512
0,0.328767123,0.266770853,0.533333333,0,0,0.051020408,0.5,0.733333333,0.666666667,0.571428571,0.2,1,1,0.487804878
0,0.315068493,0.131100084,0.533333333,0,0,0.5,0.5,0.733333333,0.333333333,0.214285714,0,1,1,0.951219512
0,0.465753425,0.135991449,0.533333333,0,0,0.295918367,0.625,0.733333333,0.333333333,0.571428571,0,1,1,0.951219512
0,0.01369863,0.228747425,0.4,0,0,0.193877551,0.5,0.066666667,0.666666667,0.571428571,0.6,1,0,0.951219512
1,0.178082192,0.130824733,0.733333333,0,0,0.5,0.5,0.466666667,0.333333333,0.285714286,1,1,0,0.902439024
1,0.452054795,0.150882712,0.733333333,0,0,0.479591837,0.625,0.466666667,0.333333333,0.714285714,0,1,1,0.951219512
0,0.04109589,0.066075373,0.6,0,0,0.244897959,0.5,1,0.666666667,0.428571429,0.6,1,1,0.951219512
0,0,0.096144752,0.4,0,0,0.153061224,0.5,0.066666667,0.666666667,0.571428571,0.6,0.5,1,0.341463415
0,0.575342466,0.197883115,0.8,0,0,0.346938776,0.75,0.6,0.333333333,0.285714286,0,1,1,0.951219512
0,0.178082192,0.072307635,0.8,0,0,0.397959184,0.5,0.6,0.666666667,0.571428571,0.8,1,1,0
0,0.342465753,0.246755496,0.4,0,0,0.397959184,0.625,0.066666667,0.333333333,0.285714286,0,1,1,0.951219512
0,0.575342466,0.239719508,0.266666667,0,0,0.295918367,0.5,0.4,0.333333333,0.571428571,0,1,1,0.951219512
0,0.506849315,0.051581237,0.866666667,0,0,0.367346939,0.875,0.8,0.666666667,0.714285714,0.8,1,0,0.951219512
0,0.246575342,0.200529729,0.866666667,0,0,0.479591837,0.5,0.8,0.333333333,0.5,0,1,1,0.951219512
0,0.328767123,0.356355223,0.6,0,0,0.397959184,0.875,1,0.666666667,0.357142857,0.2,0.5,1,0.951219512
0,0.342465753,0.115049912,0.6,0,0,0.551020408,0.5,1,1,0.285714286,0.2,1,0,0.951219512
0,0.328767123,0.175539792,0.8,0,0,0.397959184,0.5,0.6,0.333333333,0.357142857,0,1,1,0.951219512
0,0.97260274,0.087517548,0.2,0,0,0.040816327,0.75,0.333333333,1,0.357142857,0.2,1,1,0.951219512
0,0.109589041,0.133374602,0.6,0,0,0.244897959,0.5,1,0.333333333,0.857142857,0,1,1,0.195121951
0,0.02739726,0.119462288,0.533333333,0,0,0.193877551,0.5,0.733333333,0.666666667,0.857142857,0.8,0.5,0,0.951219512
0,0.082191781,0.261642024,0.533333333,0,0,0.346938776,0.5,0.733333333,0.666666667,0.571428571,0.6,1,1,0.951219512
0,0.232876712,0.088951807,0.6,0,0,0.397959184,0.25,1,0.666666667,0.785714286,0.6,1,1,0.951219512
0,0.232876712,0.064500394,0.6,0,0,0.5,0.5,1,0.333333333,0.214285714,0,1,1,0.951219512
0,0.561643836,0.122129198,0.2,0,0,0.326530612,0.5,0.333333333,0.666666667,0.428571429,0.2,1,0,0.951219512
0,0.383561644,0.021991523,0.8,0,0,0.397959184,0.5,0.6,0.666666667,0.714285714,0.2,1,1,0.951219512
1,0.273972603,0.193661522,0.533333333,0,0.436639118,0.551020408,0.5,0.733333333,0.333333333,0.285714286,0,1,1,0.951219512
0,0.520547945,0.142642487,0.266666667,0,0,0.397959184,0.5,0.4,0.333333333,0.357142857,0,1,1,0.951219512
0,0.191780822,0.103417528,0.533333333,0,0,0.112244898,0.5,0.733333333,0.833333333,0.285714286,0.8,1,0,0.951219512
0,0.657534247,0.108490205,0.266666667,0,0,0.397959184,0.25,0.4,0.333333333,0.285714286,0,1,1,0.951219512
0,0.01369863,0.024566424,0.4,0,0,0.193877551,0.5,0.066666667,0.666666667,0.571428571,0.6,1,0,0.951219512
0,0.397260274,0.1607791,1,0,0,0.704081633,0.5,0.666666667,0.333333333,0.714285714,0,1,1,0.951219512
1,0.273972603,0.086886338,0.6,0,0,0.397959184,0.5,1,0.333333333,0.071428571,0,0.5,1,0.56097561
0,0.191780822,0.17125934,0.8,0,0,0.295918367,0.25,0.6,0.666666667,0.714285714,0.6,1,0,0.951219512
1,0.342465753,0.051838998,0.8,0,0,0.397959184,0.125,0.6,0.333333333,0.285714286,0,1,1,0.951219512
0,0.356164384,0.20836809,0.8,0,0,0.397959184,0.5,0.6,0.333333333,0.285714286,0,1,1,0.951219512
1,0.301369863,0.078769243,0.533333333,0,0,0.448979592,0.625,0.733333333,0.333333333,0.285714286,0,1,1,0.951219512
0,0.191780822,0.079652801,0.533333333,0,0,0.448979592,0.5,0.733333333,0.333333333,0.5,0,1,1,0.951219512
0,0.095890411,0.06746701,0.533333333,0,0,0.346938776,0.5,0.733333333,0,0.571428571,0.8,1,0,0.951219512
0,0.191780822,0.104225991,0.533333333,0,0,0.5,0.5,0.733333333,0.666666667,0.5,0.6,0.5,1,0
0,0.178082192,0.130654245,0.533333333,0,0,0.397959184,0.5,0.733333333,0,0.428571429,0.4,1,1,0.951219512
0,0.260273973,0.097756264,0.533333333,0,0,0.397959184,0.5,0.733333333,0.666666667,0.857142857,0.4,0.25,0,0
0,0.109589041,0.098322526,0.533333333,0,0,0.397959184,0.875,0.733333333,0.666666667,0.285714286,0.2,1,1,0.951219512
1,0.561643836,0.315313085,0.8,1,0,0.5,0.5,0.6,0.333333333,0.285714286,0,1,1,0.951219512
1,0.369863014,0.108377224,0.533333333,0.150241502,0,0.602040816,0.75,0.733333333,0.333333333,0.357142857,0,1,1,0.951219512
0,0.684931507,0.142730437,0.533333333,0,0,0.397959184,0.125,0.733333333,1,0.571428571,0.8,1,1,0.951219512
0,0.150684932,0.056784486,0.8,0,0,0.040816327,0.75,0.6,0.333333333,0.857142857,1,1,0,0.951219512
0,0.438356164,0.069905251,0.266666667,0,0,0.397959184,0.5,0.4,0.333333333,0.571428571,0,1,1,0.951219512
0,0.424657534,0.085923626,0.333333333,0,0,0.479591837,0.5,0,0.833333333,0.5,0.6,1,0,0.951219512
0,0.616438356,0.125758145,0.866666667,0,0,0.030612245,0,0.8,0.333333333,0,0,1,1,0.951219512
0,0.301369863,0.091714785,0.533333333,0,0,0.295918367,0.75,0.733333333,0.333333333,1,0,1,1,0.951219512
1,0.369863014,0.070409271,0.8,0,0,0.5,0.625,0.6,0.333333333,0.857142857,0,0.25,1,0
0,0.01369863,0.070041911,0.533333333,0,0,0.193877551,0.5,0.733333333,0.666666667,0.5,0.6,1,1,0.951219512
0,0.04109589,0.101739039,0.4,0,0,0.397959184,0,0.066666667,0.666666667,0,0.8,1,1,0.195121951
1,0.438356164,0.029532885,0.8,0,0,0.397959184,0.875,0.6,0.333333333,0.071428571,0,1,1,0.951219512
0,0.082191781,0.072989585,0.8,0,0,0.397959184,0.5,0.6,0.666666667,0.285714286,0.2,1,1,0.951219512
0,0.465753425,0.126785128,0.6,0,0,0.448979592,0.5,1,0.333333333,0.285714286,0,1,1,0.951219512
1,0.479452055,0.069326812,0.8,0.150241502,0,0.5,0.625,0.6,0.333333333,0.857142857,0,1,1,0.951219512
0,0.410958904,0.072506537,0.533333333,0,0,0.397959184,0.875,0.733333333,0.333333333,0.785714286,0,0,1,0.951219512
1,0.328767123,0.13910758,0.533333333,0,0,0.397959184,0.5,0.733333333,0.333333333,0.285714286,0,1,1,0.951219512
1,0.315068493,0.232480558,0.8,0,0,0.5,0.5,0.6,0.333333333,0.214285714,0,1,1,0.951219512
1,0.479452055,0.095242251,0.6,0,0,0.397959184,0.25,1,0.333333333,0.285714286,0,1,1,0.951219512
0,0.04109589,0.166585144,0.6,0,0,0.244897959,0.5,1,0.666666667,0.428571429,0.6,1,1,0.951219512
0,0.191780822,0.126151213,0.8,0,0,0.397959184,0.5,0.6,0.666666667,0.214285714,0.2,0.25,1,0.975609756
1,0.438356164,0.237054627,0.666666667,0,0,0.081632653,0.125,0.533333333,0.333333333,0.071428571,0,1,1,0.951219512
0,0.424657534,0.154483244,0.533333333,0,0,0.653061224,0.5,0.733333333,0,1,0.2,1,1,0.951219512
1,0.356164384,0.204823035,0.8,0,0,0.448979592,0.5,0.6,0.333333333,0.214285714,0,1,1,0.951219512
1,0.561643836,0.024946638,0.533333333,0,0,0.397959184,0.5,0.733333333,0.333333333,0.071428571,1,1,0,0.951219512
0,0.02739726,0.103275456,0.6,0,0,0.244897959,0.5,1,0.666666667,0.571428571,0.6,1,0,0.951219512
1,0.493150685,0.10874323,0.8,0,0,0.602040816,0.5,0.6,0.333333333,0.285714286,0,1,1,0.951219512
0,0.178082192,0.096076422,0.333333333,0,0,0.397959184,0.5,0,0.666666667,0.5,0.8,0.5,0,0.951219512
0,0.356164384,0.048965067,0.666666667,0,0,0.448979592,0.5,0.533333333,0.333333333,0.857142857,0,1,1,0.951219512
0,0.369863014,0.113877472,0.533333333,0,0,0.397959184,0.875,0.733333333,0.333333333,0.785714286,0,1,1,0.951219512
0,0.178082192,0.133552531,0.2,0,0,0.397959184,0.5,0.333333333,0,1,0.2,1,1,0.951219512
0,0.424657534,0.092187685,0.8,0,0,0.397959184,0.25,0.6,0.333333333,0.714285714,0,1,1,0.951219512
0,0.109589041,0.065281795,0.866666667,0,0,0.397959184,0.5,0.8,0.833333333,0.571428571,0.6,1,0,0.951219512
0,0.02739726,0.146907379,0.6,0,0,0.397959184,0,1,0.666666667,0,0.6,1,1,0.951219512
1,0.328767123,0.164573122,0.6,0,0,0.397959184,0.125,1,0.333333333,0.071428571,0,1,1,0.951219512
0,0.246575342,0.143616024,0.6,0,0,0.602040816,0.5,1,0.666666667,0.285714286,0.2,1,1,0.951219512
0,0.150684932,0.261571664,0.533333333,0,0,0.397959184,0.5,0.733333333,0.666666667,0.928571429,0.2,1,1,0.951219512
0,0.315068493,0.142453733,0.333333333,0,0,0.316326531,0.5,0,0.333333333,0.571428571,1,0.5,0,0.951219512
1,0.575342466,0.013190449,0.333333333,0,0,0.448979592,0.5,0,0.333333333,1,0,1,1,0.951219512
0,0.164383562,0.02052479,0.533333333,0,0,0.316326531,0,0.733333333,0.666666667,0,0.2,1,1,0.951219512
1,0.438356164,0.061217158,0.8,0,0,0.520408163,0.625,0.6,0.333333333,0.857142857,0,1,1,0.951219512
1,0.356164384,0.136833738,0.6,0,0,0.397959184,0.125,1,0.333333333,0.285714286,0,1,1,0.951219512
0,0.04109589,0.20113117,0.533333333,0,0,0.397959184,0.5,0.733333333,0.666666667,0.071428571,0.6,1,1,0.951219512
1,0.150684932,0.152343356,0.6,0,0,0.295918367,0.75,1,0.333333333,0.071428571,1,1,0,0.951219512
0,0.150684932,0.06677153,0.6,0,0,0.397959184,0.5,1,0.666666667,0.571428571,0.2,1,1,0.951219512
0,0.369863014,0.015479851,0.8,0,0,0.908163265,0.75,0.6,0.333333333,0.357142857,0,1,1,0.951219512
0,0.04109589,0.063120934,0.6,0,0,0.244897959,0.5,1,0.666666667,0.857142857,0.6,1,1,0.951219512
0,0.589041096,0.047427298,0.6,0,0,0.37755102,0.5,1,0.333333333,0.785714286,0,1,1,0.951219512
1,0.260273973,0.131698819,0.8,0,0.436639118,0.448979592,0.5,0.6,0.333333333,0.857142857,0,1,1,0.951219512
0,0.575342466,0.070598025,0.533333333,0,0,0.397959184,0.5,0.733333333,0.333333333,0.214285714,0,1,1,0.951219512
1,0.465753425,0.096631859,0.866666667,0,0,0.704081633,0.25,0.8,0.333333333,0.714285714,1,1,0,0.951219512
0,0.630136986,0.030707354,0.866666667,0,0,0.479591837,0.25,0.8,0.333333333,0.714285714,0,1,1,0.951219512
1,0.315068493,0.136996107,0.6,0.07298073,0,0.653061224,0.625,1,0.333333333,0.285714286,0,1,1,0.951219512
0,0.328767123,0.125580215,0.533333333,0,0,0.397959184,0.5,0.733333333,0.666666667,0.928571429,0.2,0.5,0,0.951219512
0,0.219178082,0.052853804,0.8,0,0,0.448979592,0.5,0.6,0.666666667,0.857142857,0.2,1,1,0.951219512
0,0.191780822,0.114650078,0.533333333,0,0,0.397959184,0.5,0.733333333,0,0.071428571,0.2,1,0,0.951219512
0,0.123287671,0.12806446,0.133333333,0,0,0.132653061,0.75,0.266666667,0.666666667,0.714285714,0.8,1,1,0.634146341
0,0.260273973,0.110827642,0.6,0.021740217,0,0.602040816,0.5,1,0.666666667,0.214285714,0.6,1,1,0.951219512
0,0.04109589,0.080206885,0.333333333,0,0,0.397959184,0.5,0,0.666666667,0.428571429,0.6,1,1,0.951219512
0,0.205479452,0.134457062,0.6,0,0,0.397959184,0.5,1,0.666666667,0.071428571,0.2,1,0,0.951219512
1,0.547945205,0.041285015,0.533333333,0,0,0.551020408,0.75,0.733333333,1,0.214285714,0.2,1,1,0.951219512
0,0.356164384,0.050410151,0.6,0,0,0.397959184,0.5,1,0.333333333,0.571428571,0,1,1,0.951219512
1,0.520547945,0.08762647,0.8,0,0,0.602040816,0.625,0.6,0.333333333,0.857142857,0,1,1,0.951219512
1,0.301369863,0.015969664,0.8,0,0,0.5,0.5,0.6,0.333333333,0.857142857,0,1,1,0.951219512
0,0.109589041,0.10011129,0.8,0,0,0.346938776,0.625,0.6,0.666666667,0.285714286,0.6,0.25,1,0.87804878
1,0.657534247,0.121164456,0.333333333,0.093860939,0,0.5,0,0,0.333333333,0,0,1,1,0.951219512
0,0.150684932,0.040747168,0.6,0,0,0.724489796,0.125,1,0.666666667,0.071428571,0.2,0.5,0,0.951219512
0,0.301369863,0.052184032,0.666666667,0,0,0.397959184,0.5,0.533333333,0,0.571428571,0.2,0,0,0.097560976
0,0.602739726,0.130316653,0.266666667,0,0,0.397959184,0.5,0.4,0.333333333,0.214285714,0,1,1,0.951219512
0,0,0.149127774,0.333333333,0.005940059,0,0.295918367,0.5,0,0.666666667,0.214285714,0.2,1,1,0.951219512
0,0.465753425,0.09552775,0.6,0,0,0.397959184,0.5,1,0.333333333,0.428571429,0,1,1,0.951219512
0,0.082191781,0.035815887,0.6,0,0,0.142857143,0.5,1,0.666666667,0.571428571,0.6,1,0,0.951219512
1,0.493150685,0.111478471,0.6,0,0,0.448979592,0.5,1,0.333333333,0.857142857,0,1,1,0.951219512
0,0.205479452,0.109404884,0.6,0,0,0.602040816,0.5,1,0.666666667,0.071428571,0.2,1,0,0.951219512
0,0.219178082,0.187089638,0.533333333,0,0.518365473,0.846938776,0.5,0.733333333,0,0.214285714,0.2,1,1,0.951219512
0,0.205479452,0.082843351,0.533333333,0,0,0.418367347,0.5,0.733333333,0.333333333,0.5,0,1,1,0.951219512
0,0.01369863,0.138794343,0.533333333,0,0,0.275510204,0.5,0.733333333,0.666666667,0.571428571,0.2,1,0,0.951219512
1,0.246575342,0.127234349,0.8,0,0,0.448979592,0.625,0.6,0.333333333,0.928571429,0,1,1,0.951219512
0,0.479452055,0.124043122,0.533333333,0,0,0.397959184,0.25,0.733333333,0,0.214285714,0.6,1,1,0.951219512
0,0.136986301,0.089152738,0.333333333,0,0,0.755102041,0.5,0,0.666666667,0.214285714,0.8,1,1,0.951219512
0,0.01369863,0.226029098,0.4,0,0,0.142857143,0,0.066666667,0.666666667,0,0.6,1,1,0.951219512
0,0.452054795,0.100205329,0.533333333,0,0,0.397959184,0.5,0.733333333,0,0.857142857,0.2,1,0,0.951219512
1,0.328767123,0.06797712,0.866666667,0.074300743,0,0.357142857,0.25,0.8,0,0.714285714,0.8,1,0,0.951219512
0,0.123287671,0.134617401,0.6,0,0,0.346938776,0.5,1,0.5,0.214285714,0.4,0.5,0,0.146341463
0,0.164383562,0.113978276,0.733333333,0,0,0.602040816,0.5,0.466666667,0.666666667,0.214285714,0.2,1,1,0.951219512
1,0.301369863,0.128367549,0.933333333,0,0,0.448979592,0.5,0.933333333,0.333333333,0.714285714,0,1,1,0.951219512
0,0.452054795,0.089166946,0.533333333,0,0,0.551020408,0.5,0.733333333,0.833333333,0.857142857,0.8,1,0,0.951219512
0,0.082191781,0.228599263,0.533333333,0,0,0.397959184,0.5,0.733333333,0.666666667,0.857142857,0.2,1,1,0.951219512
0,0.356164384,0.125029514,0.8,0,0,0.397959184,0.5,0.6,0.666666667,0.5,0.2,0.5,1,0.951219512
0,0.684931507,0.17736509,0.333333333,0,0,0.153061224,0.5,0,0.333333333,1,0,1,1,0.951219512
0,0.287671233,0.013069348,0.8,0,0,0.397959184,0.5,0.6,0.333333333,0.214285714,1,1,0,0.951219512
1,0.493150685,0.074910274,0.533333333,0,0,0.397959184,0.5,0.733333333,0,1,0.2,1,1,0.951219512
0,0.082191781,0.123001932,0.8,0,0,0.397959184,0.5,0.6,0.666666667,0.285714286,0.6,1,0,0.951219512
0,0.452054795,0.111765323,0.533333333,0,0,0.295918367,0.625,0.733333333,0.333333333,0.857142857,1,1,0,0.951219512
0,0.164383562,0.08093281,0.6,0,0,0.397959184,0.5,1,0.666666667,0.071428571,0.4,0.5,0,0.951219512
0,0.109589041,0.172516347,0.533333333,0,0,0.397959184,0.5,0.733333333,0.666666667,0.428571429,0.4,1,1,0.951219512
0,0.109589041,0.155903972,0.8,0,0,0.193877551,0.5,0.6,0.666666667,0.857142857,0.6,1,0,0.951219512
0,0.150684932,0.156215856,0.8,0,0,0.295918367,0,0.6,0.666666667,0,0.2,0.25,1,0
0,0.534246575,0.115129743,0.8,0,0,0.397959184,0.5,0.6,0,0.285714286,0.2,1,1,0.951219512
0,0.273972603,0.072923284,0.533333333,0,0,0.397959184,0.5,0.733333333,0.666666667,1,0.2,1,1,0.951219512
1,0.383561644,0.221618751,0.8,0.086140861,0,0.479591837,0.5,0.6,0,0.857142857,0.2,1,1,0.951219512
1,0.534246575,0.121130629,0.6,0,0,0.397959184,0.5,1,0.333333333,0.214285714,0,1,1,0.951219512
0,0.164383562,0.098113476,0.4,0.028290283,0,0.132653061,0.5,0.066666667,0.333333333,0.428571429,1,0.25,0,0.731707317
0,0.109589041,0.291973223,0.533333333,0,0,0.397959184,0.5,0.733333333,0.333333333,0.571428571,0,1,1,0.634146341
1,0.410958904,0.207071168,0.733333333,0,0,0.551020408,0.5,0.466666667,0.333333333,0.285714286,1,1,0,0.951219512
0,0.109589041,0.133949659,0.8,0,0,0.295918367,0.75,0.6,0.666666667,0.714285714,0.6,1,1,0.951219512
0,0.095890411,0.121552789,0.2,0,0,0.5,0.75,0.333333333,0.666666667,0.357142857,0.6,1,1,0.951219512
0,0.01369863,0.145232949,0.533333333,0,0,0.234693878,0.5,0.733333333,0.666666667,0.857142857,0.6,1,0,0.951219512
0,0.232876712,0.122192793,0.6,0,0,0.397959184,0.5,1,0.666666667,0.928571429,0.6,1,1,0.951219512
0,0.657534247,0.016782862,0.666666667,0,0,0.244897959,0.75,0.533333333,0.333333333,0.357142857,0,1,1,0.951219512
1,0.191780822,0.07247474,0.533333333,0,0,0.397959184,0.5,0.733333333,0.333333333,0.857142857,0,1,1,0.951219512
0,0.068493151,0.064620141,0.666666667,0,0,0.397959184,0.5,0.533333333,0.666666667,0.071428571,0.6,1,0,0.951219512
0,0.04109589,0.187846683,0.6,0,0,0.193877551,0.5,1,0.666666667,0.714285714,0.2,1,0,0.951219512
1,0.438356164,0.153804,0.866666667,0,0,0.397959184,0.5,0.8,0.333333333,0.285714286,0,1,1,0.951219512
0,0.219178082,0.218751586,0.6,0,0,0.397959184,0,1,0,0,0.2,1,0,0.951219512
0,0.068493151,0.110019856,0.6,0,0,0.142857143,0.75,1,0.666666667,0.714285714,0.6,1,0,0.951219512
1,0.561643836,0.139021659,0.533333333,0.07298073,0,0.397959184,0.25,0.733333333,0.333333333,0.285714286,0,1,1,0.951219512
0,0.424657534,0.117436735,0.333333333,0,0,0.704081633,0.5,0,0.333333333,1,0,1,1,0.951219512
0,0.506849315,0.069897809,0.533333333,0,0,0.397959184,0.5,0.733333333,0.333333333,0.571428571,1,0.5,0,0.951219512
1,0.287671233,0.272842776,0.333333333,0,0,0.397959184,0.5,0,0.333333333,0.214285714,0,1,1,0.951219512
1,0.410958904,0.109364292,0.8,0,0,0.5,0.25,0.6,0.333333333,0.214285714,0,1,1,0.951219512
1,0.424657534,0.048141721,0.533333333,0.07298073,0,0.397959184,0.5,0.733333333,0.333333333,0.714285714,0,1,1,0.951219512
0,0.383561644,0.057176201,0.133333333,0,0,0.397959184,0.5,0.266666667,0,1,0.8,1,1,0.951219512
0,0.095890411,0.078046701,0.6,0,0,0.346938776,0.5,1,0.833333333,0.071428571,0.8,1,0,0.951219512
0,0.178082192,0.040999516,0.533333333,0.034110341,0,0.397959184,0.5,0.733333333,0.333333333,0.214285714,0.6,0.25,1,0.951219512
1,0.479452055,0.112073147,0.533333333,0,0,0.397959184,0.5,0.733333333,0.333333333,0.071428571,1,1,0,0.951219512
1,0.698630137,0.144323683,0.8,0,0,0.346938776,0.5,0.6,1,0.857142857,0.2,1,1,0.951219512
0,0.054794521,0.113694807,0.666666667,0,0.367768595,0.295918367,0.5,0.533333333,0.666666667,0.357142857,0.2,1,0,0.951219512
0,0.068493151,0.176106731,0.333333333,0,0,0.295918367,0.5,0,0.666666667,0.5,0.2,1,1,0.951219512
0,0.01369863,0.154563075,0.533333333,0,0,0.397959184,0.5,0.733333333,0.666666667,0.5,0.6,1,0,0.146341463
0,0.136986301,0.072978084,0.533333333,0,0,0.387755102,0.5,0.733333333,0.333333333,0.071428571,0,1,1,0.951219512
0,0.273972603,0.032492736,0.533333333,0,0,0.397959184,0.5,0.733333333,0.666666667,0.214285714,0.8,1,1,0.951219512
0,0.02739726,0.124869851,0.533333333,0,0,0.397959184,0.5,0.733333333,0.666666667,0.571428571,0.2,1,0,0.951219512
0,0.301369863,0.092144387,0.6,0,0,0.5,0.5,1,0.333333333,0.214285714,0,1,1,0.951219512
0,0.068493151,0.186620797,0.6,0,0,0.346938776,0.5,1,0.666666667,0.857142857,0.6,1,0,0.951219512
0,0.054794521,0.088842208,0.533333333,0,0,0.397959184,0.5,0.733333333,0.666666667,0.071428571,0.6,1,0,0.951219512
0,0.369863014,0.030015256,0.533333333,0,0,0.397959184,0.5,0.733333333,0.333333333,0.357142857,0,1,1,0.951219512
0,0.410958904,0.123409207,0.533333333,0,0,0.5,0.5,0.733333333,0.333333333,1,0,1,1,0.951219512
1,0.589041096,0.049473823,0.533333333,0,0,0.43877551,0.5,0.733333333,0.333333333,1,0,1,1,0.951219512
1,0.273972603,0.20796758,0.666666667,0,0,0.540816327,0,0.533333333,0.333333333,0,0,1,1,0.951219512
0,0.260273973,0.017246967,0.866666667,0,0,0.704081633,0.75,0.8,0.333333333,0.357142857,0,1,1,0.951219512
0,0.342465753,0.120762593,0.666666667,0,0,0.397959184,0.5,0.533333333,0.333333333,0.214285714,0,1,1,0.951219512
0,0.301369863,0.046089107,0.8,0,0,0.397959184,0.5,0.6,0.666666667,0.285714286,0.2,1,1,0.951219512
1,0.369863014,0.074141051,0.6,0,0,0.551020408,0.5,1,0,0.857142857,0.8,1,1,0.951219512
0,0.02739726,0.005536782,0.533333333,0,0,0.112244898,0,0.733333333,0.666666667,0,0.4,0.25,0,0.853658537
0,0.287671233,0.067121976,0.933333333,0,0,0.316326531,0.75,0.933333333,0.666666667,0.714285714,0.2,1,0,0.951219512
0,0.342465753,0.027397056,0.6,0,0,0.397959184,0.5,1,0.333333333,0.928571429,0,1,1,0.951219512
0,0.164383562,0.100934636,0.8,0,0,0.397959184,0.5,0.6,0.666666667,0.071428571,0.2,0.25,0,0.585365854
0,0.178082192,0.022661295,0.533333333,0,0,0.397959184,0.5,0.733333333,0.666666667,0.071428571,0.8,1,0,0.951219512
0,0.246575342,0.08392987,0.533333333,0,0,0.397959184,0.5,0.733333333,0.666666667,0.857142857,0.2,1,1,0.951219512
1,0.164383562,0.162854717,0.6,0,0.518365473,0.448979592,0.5,1,0.666666667,0.214285714,0.2,1,1,0.951219512
0,0.643835616,0.153685606,0.6,0,0,0.397959184,0.5,1,0.333333333,0.857142857,0,1,1,0.951219512
0,0.095890411,0.165978966,0.8,0,0,0.397959184,0.5,0.6,0.666666667,0.285714286,0.2,1,0,0.951219512
0,0.246575342,0.057193791,0.6,0,0,0.397959184,0.5,1,0,0.571428571,0.8,1,0,0.951219512
0,0.767123288,0.088997135,0.466666667,0,0,0.173469388,0.75,0.133333333,0.333333333,0.357142857,0,1,1,0.951219512
0,0.260273973,0.054758933,0.4,0,0,0.397959184,0.5,0.066666667,0.333333333,0.5,0,1,1,0.951219512
0,0.452054795,0.12588804,0.666666667,0,0,0.397959184,0.5,0.533333333,1,0.285714286,0.8,1,0,0.951219512
0,0.342465753,0.062128454,0.6,0,0,0.397959184,0.75,1,0.666666667,0.285714286,0.2,1,1,0.951219512
0,0.082191781,0.10363808,0.6,0,0,0.397959184,0.5,1,0.666666667,0.214285714,0.2,1,1,0.951219512
1,0.452054795,0.062731925,0.8,0,0,0.448979592,0.5,0.6,0.333333333,0.357142857,0,1,1,0.951219512
1,0.369863014,0.076567791,0.8,0,0,0.397959184,0.5,0.6,0.333333333,0.857142857,0,1,1,0.951219512
0,0.068493151,0.134289957,0.8,0,0,0.346938776,0.5,0.6,0.666666667,0.071428571,0.6,1,0,0.951219512
0,0.260273973,0.234141457,0.533333333,0,0,0.357142857,0.5,0.733333333,0.833333333,0.5,0.2,0.5,0,0.951219512
1,0.273972603,0.01140642,0.8,0,0,0.5,0.875,0.6,0.333333333,0.285714286,0,1,1,0.951219512
0,0.383561644,0.119170024,0.533333333,0,0,0.397959184,0.5,0.733333333,0.333333333,0.214285714,0,1,1,0.951219512
0,0.369863014,0.086341049,0.6,0,0,0.5,0.5,1,0.666666667,0.857142857,0.6,1,1,0.951219512
0,0.136986301,0.275256661,0.133333333,0,0,0.755102041,0.5,0.266666667,0.666666667,0.571428571,0.2,1,1,0.634146341
1,0.369863014,0.093235641,0.6,0,0,0.5,0.5,1,0.333333333,0.857142857,0,0.5,1,0.951219512
0,0.273972603,0.143599111,0.6,0,0,0.397959184,0.5,1,0.333333333,1,0,1,1,0.951219512
0,0.630136986,0.098993651,0.333333333,0,0,0.193877551,0.5,0,1,0.5,0.2,1,0,0.951219512
0,0.356164384,0.085914831,0.533333333,0,0,0.397959184,0.5,0.733333333,1,0.214285714,0.8,1,0,0.536585366
0,0.136986301,0.201742084,0.8,0,0,0.5,0.5,0.6,0,0.714285714,0.2,1,1,0.951219512
1,0.342465753,0.058791095,0.8,0,0,0.5,0.75,0.6,0.333333333,0.214285714,0,1,1,0.951219512
0,0.273972603,0.071284034,0.8,0,0,0.397959184,0.875,0.6,0.666666667,0.714285714,0.4,1,1,0.951219512
0,0.109589041,0.181006214,0.8,0,0.365013774,0.43877551,0.5,0.6,0.666666667,0.857142857,0.2,1,1,0.951219512
1,0.575342466,0.076255907,0.8,0,0,0.397959184,0.625,0.6,0.333333333,0.285714286,0,1,1,0.219512195
0,0.109589041,0.151532188,0.533333333,0,0,0.397959184,0.5,0.733333333,0.333333333,0.428571429,0,1,1,0.951219512
1,0.260273973,0.214932532,0.8,0.278282783,0,0.397959184,0.5,0.6,0.666666667,0.285714286,0.2,1,1,0.951219512
1,0.273972603,0.100764149,0.533333333,0,0,0.295918367,0.5,0.733333333,0.333333333,0.571428571,1,1,0,0.951219512
0,0.246575342,0.115134479,0.666666667,0,0,0.43877551,0.5,0.533333333,0.333333333,0.214285714,1,1,0,0.951219512
0,0.260273973,0.082053156,0.066666667,0,0,0.397959184,0.5,0.2,0.666666667,0.357142857,0.2,1,1,0.634146341
0,0.164383562,0.220326565,0.666666667,0.028850289,0,0.397959184,0.5,0.533333333,0.333333333,0.857142857,0,1,1,0.951219512
0,0.02739726,0.16984673,0.6,0,0,0.448979592,0,1,0.666666667,0,0.6,1,1,0.951219512
0,0.287671233,0.219225838,0.4,0.011510115,0,0.397959184,0.5,0.066666667,0.666666667,0.214285714,0.8,1,1,0.951219512
0,0.315068493,0.181412136,0.8,0,0,0.5,0.75,0.6,0.333333333,0.214285714,0,1,1,0.951219512
1,0.410958904,0.108076165,0.533333333,0,0,0.755102041,0.75,0.733333333,0.333333333,0.857142857,0,1,1,0.951219512
1,0.383561644,0.086839657,1,0,0,0.448979592,0.5,0.666666667,0,0.714285714,0.2,1,1,0.951219512
0,0.753424658,0.111956106,0.333333333,0,0,0.142857143,0.5,0,0.333333333,0.857142857,0,1,1,0.951219512
0,0.383561644,0.074953573,0.533333333,0,0,0.5,0.5,0.733333333,0.333333333,0.285714286,0,1,1,0.951219512
0,0.123287671,0.105411284,0.533333333,0,0,0.397959184,0,0.733333333,0.666666667,0,0.2,1,0,0.951219512
1,0.315068493,0.124713571,0.533333333,0,0,0.448979592,0.5,0.733333333,0.333333333,0.5,0,1,1,0.951219512
1,0.369863014,0.157422799,0.8,0,0,0.43877551,0.875,0.6,0.333333333,0.785714286,0,1,1,0.951219512
0,0.150684932,0.087935648,0.666666667,0,0,0.397959184,0.5,0.533333333,0.666666667,0.571428571,0.2,1,1,0.951219512
0,0.068493151,0.097784678,0.333333333,0,0.404499541,0.244897959,0.5,0,0.666666667,0.857142857,0.2,1,0,0.951219512
0,0.328767123,0.020337389,0.6,0,0,0.234693878,0.25,1,0,0.571428571,0.2,0.5,0,0.951219512
0,0.150684932,0.127550292,0.2,0,0,0.846938776,0,0.333333333,0,0,0.6,1,1,0.951219512
1,0.178082192,0.094368841,0.6,0,0,0.397959184,0.5,1,0.333333333,0.5,0,1,1,0.951219512
1,0.369863014,0.138434425,0.733333333,0,0.424242424,0.397959184,0.5,0.466666667,0.333333333,0.214285714,0,1,1,0.951219512
0,0.410958904,0.222903495,0.533333333,0,0,0.326530612,0.5,0.733333333,0.666666667,0.071428571,0.2,1,1,0.951219512
0,0.246575342,0.226288888,0.533333333,0,0,0.397959184,0.5,0.733333333,0.666666667,0.428571429,0.2,1,0,0.951219512
0,0.630136986,0.04026412,0.2,0,0,0.408163265,0.5,0.333333333,1,0.571428571,0.2,1,0,0.951219512
0,0.068493151,0.134896811,0.533333333,0,0,0.397959184,0.5,0.733333333,0.666666667,0.428571429,0.6,1,1,0.951219512
0,0.575342466,0.041354022,0.933333333,0,0,0.295918367,0.75,0.933333333,0.333333333,0.357142857,0,1,1,0.951219512
0,0.04109589,0.144176874,0.2,0,0,0.602040816,0.5,0.333333333,0.666666667,0.5,0.4,1,0,0.634146341
0,0.493150685,0.081197336,0.533333333,0,0,0.397959184,0.5,0.733333333,0,0.5,0.2,1,0,0.829268293
0,0.369863014,0.050072559,0.8,0,0,0.448979592,0.5,0.6,0.666666667,0.714285714,0.2,1,1,0.951219512
0,0.109589041,0.064969234,0.8,0,0,0.397959184,0.5,0.6,0.666666667,0.285714286,0.2,1,1,0.951219512
0,0,0.10548435,0.2,0,0,0.397959184,0.5,0.333333333,0.666666667,0.357142857,0.4,0.75,1,0.634146341
0,0.232876712,0.203938124,0.6,0,0,0.5,0.75,1,0.333333333,0.357142857,0,1,1,0.951219512
1,0.657534247,0.212707401,0.6,0,0,0.397959184,0.875,1,0.333333333,0.5,0,0.5,1,0.951219512
0,0.191780822,0.176286013,0.533333333,0,0,0.5,0.5,0.733333333,0.666666667,0.214285714,0.6,0.5,1,0.219512195
0,0.260273973,0.116508526,0.4,0,0,0.397959184,0.5,0.066666667,0.333333333,0.214285714,0,1,1,0.951219512
1,0.479452055,0.052261833,0.533333333,0,0,0.397959184,0.5,0.733333333,0.333333333,0.214285714,0,1,1,0.951219512
0,0.219178082,0.050956793,0.533333333,0,0,0.397959184,0.5,0.733333333,0.666666667,0.571428571,0.8,0.5,0,0.951219512
0,0.383561644,0.150966603,0.533333333,0,0,0.397959184,0.25,0.733333333,0.833333333,0.571428571,0.8,0.5,0,0.951219512
0,0.589041096,0.116335333,0.533333333,0,0,0.193877551,0.5,0.733333333,0.5,0.571428571,0.8,1,0,0.951219512
0,0.260273973,0.244681233,0.333333333,0,0,0.397959184,0.5,0,0.333333333,0.5,0,1,1,0.951219512
1,0.493150685,0.183556083,0.866666667,0.150241502,0,0.397959184,0.25,0.8,0.333333333,0.714285714,1,1,0,0.951219512
0,0.01369863,0.15762576,0.6,0,0,0.153061224,0,1,0.666666667,0,0.6,1,1,0.951219512
0,0.095890411,0.295746271,0.466666667,0,0,0.397959184,0.5,0.133333333,0.333333333,0.214285714,0,1,1,0.951219512
0,0.123287671,0.052163736,0.6,0,0,0.397959184,0.5,1,0,0.714285714,0.2,1,0,0.951219512
0,0.109589041,0.075906137,0.8,0,0,0.5,0.5,0.6,0.666666667,0.714285714,0.2,0.25,1,0.463414634
0,0.698630137,0.132731892,0.866666667,0,0,0.173469388,0.5,0.8,0.333333333,0.714285714,0,1,1,0
1,0.178082192,0.044817217,0.533333333,0,0,0.653061224,0.625,0.733333333,0.333333333,0.285714286,0,1,1,0.048780488
0,0.616438356,0.007959462,0.533333333,0,0,0.142857143,0.625,0.733333333,1,0.857142857,0.2,1,0,0.951219512
1,0.383561644,0.107289352,0.533333333,0.07298073,0,0.602040816,0.5,0.733333333,0.333333333,0.214285714,0,1,1,0.951219512
0,0.068493151,0.149311792,0.533333333,0,0,0.193877551,0.5,0.733333333,0.666666667,0.428571429,0.4,1,1,0.951219512
0,0.04109589,0.141884765,0.6,0,0,0.234693878,0,1,0.666666667,0,0.6,1,1,0.951219512
0,0.698630137,0.174583168,0.333333333,0,0,0.346938776,0,0,0.333333333,0,0,1,1,0.951219512
0,0.219178082,0.201164997,0.533333333,0,0,0.397959184,0.5,0.733333333,0.333333333,0.571428571,0,1,1,0.951219512
1,0.479452055,0.103318077,0.533333333,0,0,0.602040816,0.5,0.733333333,0.333333333,1,0,1,1,0.951219512
0,0.095890411,0.123539779,0.666666667,0,0,0.397959184,0.5,0.533333333,0.666666667,0.285714286,0.2,1,0,0.951219512
0,0.082191781,0.187872392,0.533333333,0,0,0.397959184,0.5,0.733333333,0.666666667,0.857142857,0.2,1,0,0.951219512
1,0.260273973,0.091314275,0.666666667,0,0,0.602040816,0.75,0.533333333,0.333333333,0.357142857,0,1,1,0.951219512
0,0.04109589,0.163899291,0.533333333,0,0,0.346938776,0.5,0.733333333,0.666666667,0.071428571,0.2,0.5,0,0.682926829
0,0.260273973,0.061280076,0.533333333,0,0,0.397959184,0.5,0.733333333,0.666666667,0.5,0.6,1,0,0.951219512
0,0.068493151,0.11653897,0.6,0,0,0.397959184,0.5,1,0,0.071428571,0.8,1,0,0.951219512
1,0.931506849,0.097215711,0.8,0,0,0.397959184,0.625,0.6,1,0.285714286,0.2,1,1,0.951219512
1,0.383561644,0.138092774,0.933333333,0,0,0.5,0.75,0.933333333,0.333333333,0.714285714,0,0.25,1,0.463414634
1,0.465753425,0.108084283,0.866666667,0,0.453856749,0.5,0.5,0.8,0.333333333,0.285714286,0,1,1,0.951219512
0,0.821917808,0.117136353,0.533333333,0,0,0.142857143,0,0.733333333,0.333333333,0,0,1,1,0.951219512
0,0.520547945,0.095732064,0.6,0,0,0.367346939,0.875,1,0.333333333,0.071428571,1,1,0,0.951219512
0,0.232876712,0.226268592,0.733333333,0,0,0.5,0.5,0.466666667,0.666666667,0.285714286,0.6,1,0,0.951219512
0,0.561643836,0.097562098,0.533333333,0,0,0.346938776,0.5,0.733333333,0.333333333,0.5,0,1,1,0.951219512
0,0.260273973,0.255352256,0.6,0,0,0.448979592,0.5,1,0,0.071428571,0.2,1,1,0.951219512
0,0.164383562,0.097779943,0.533333333,0,0,0.397959184,0.625,0.733333333,0.333333333,0.571428571,0,1,1,0.951219512
0,0.02739726,0.090591057,0.533333333,0,0,0.785714286,0.5,0.733333333,0.666666667,0.857142857,0.4,0,0,0.951219512
1,0.150684932,0.060542651,0.6,0,0.424242424,0.5,0.5,1,0.333333333,0.285714286,0,1,1,0.951219512
0,0.068493151,0.061916698,0.6,0,0,0.357142857,0.5,1,0.666666667,0.571428571,0.6,1,1,0.951219512
1,0.520547945,0.076355358,0.533333333,0,0,0.448979592,0.5,0.733333333,0.333333333,0.285714286,0,1,1,0.951219512
0,0.287671233,0.027520186,0.8,0,0,0.5,0.5,0.6,0.666666667,0.071428571,0.2,1,0,0.951219512
0,0.191780822,0.059236934,0.533333333,0,0,0.448979592,0.5,0.733333333,0.666666667,0.214285714,0.2,0,1,0.951219512
0,0.04109589,0.136729551,0.533333333,0,0,0.397959184,0.5,0.733333333,0.666666667,0.5,0.6,1,1,0.951219512
0,0.315068493,0.068949304,0.533333333,0,0,0.397959184,0.5,0.733333333,0.5,0.285714286,0.2,1,1,0.951219512
1,0.260273973,0.168523423,0.866666667,0.150241502,0,0.448979592,0.5,0.8,0.333333333,0.857142857,0,1,1,0.951219512
1,0.342465753,0.19280029,0.6,0,0,0.908163265,0.5,1,0.333333333,0.857142857,0,1,1,0.951219512
0,0.397260274,0.130330184,0.6,0,0,0.397959184,0.625,1,0.333333333,0.857142857,0,1,1,0.951219512
0,0.219178082,0.024514331,0.533333333,0,0,0.397959184,0.5,0.733333333,0.333333333,0.071428571,0,1,1,0.951219512
0,0.232876712,0.136662574,0.533333333,0,0,0.397959184,0.5,0.733333333,0.666666667,0.214285714,0.6,1,1,0.951219512
0,0.095890411,0.051681364,0.533333333,0,0,0.346938776,0.5,0.733333333,0.666666667,0.571428571,0.6,1,1,0.951219512
0,0.671232877,0.19882959,0.333333333,0.020500205,0,0.397959184,0,0,0,0,0.2,1,1,0.951219512
0,0.178082192,0.186353565,0.6,0.033250333,0,0.397959184,0.25,1,0.666666667,0.785714286,0.2,1,0,0.951219512
0,0.109589041,0.108873126,0.8,0,0,0.397959184,0.5,0.6,0.666666667,0.714285714,0.6,1,1,0.951219512
0,0.438356164,0.058892576,0.6,0,0,0.5,0.75,1,0.333333333,0.857142857,0,1,1,0.951219512
1,0.369863014,0.014459633,0.866666667,0.076880769,0,0.5,0.875,0.8,0.333333333,0.714285714,0,1,1,0.951219512
0,0.561643836,0.37769524,0.533333333,0,0,0.37755102,0.5,0.733333333,1,0.857142857,0.2,1,1,0.951219512
0,0.191780822,0.071330039,0.533333333,0,0,0.397959184,0.5,0.733333333,0.333333333,0.571428571,0,1,1,0.780487805
0,0.054794521,0.248921092,0.6,0,0,0.397959184,0,1,0.666666667,0,0.6,0.5,0,0.951219512
0,0.547945205,0.170394726,0.533333333,0,0,0.448979592,0.75,0.733333333,0.333333333,0.357142857,0,1,1,0.951219512
0,0.328767123,0.318237756,0.333333333,0,0,0.295918367,0.5,0,0.333333333,0.071428571,1,1,0,0.951219512
0,0.520547945,0.043687399,0.533333333,0,0,0.397959184,0.5,0.733333333,0.333333333,0.571428571,0.4,0.25,1,0.731707317
0,0.164383562,0.109305433,0.533333333,0,0,0.397959184,0.5,0.733333333,0.333333333,0.214285714,0,1,1,0.951219512
0,0.164383562,0.119788379,0.533333333,0,0,0.397959184,0.5,0.733333333,0.666666667,1,0.8,1,1,0.951219512
0,0.02739726,0.118439364,0.533333333,0,0,0.397959184,0.5,0.733333333,0.333333333,0.214285714,0,1,1,0.951219512
0,0.273972603,0.243715814,0.866666667,0,0,0.479591837,0.5,0.8,0,0.714285714,0.8,1,1,0.951219512
1,0.287671233,0.216403325,0.8,0,0,0.602040816,0.5,0.6,0.333333333,0.285714286,0,0.25,1,0.951219512
0,0.315068493,0.199904608,0.533333333,0,0,0.602040816,0.5,0.733333333,0.333333333,0.857142857,0,1,1,0.951219512
0,0.082191781,0.092881136,0.6,0,0,0.448979592,0.5,1,0.5,0.571428571,0.2,1,1,0.951219512
0,0.315068493,0.087474926,0.6,0,0,0.346938776,0.875,1,0,0.071428571,0.8,0.5,0,0.951219512
1,0.397260274,0.105489762,0.533333333,0,0,0.755102041,0.625,0.733333333,0.333333333,0.285714286,0,1,1,0.951219512
0,0.109589041,0.157690031,0.533333333,0,0,0.346938776,0.75,0.733333333,0.833333333,0.214285714,0.6,1,1,0.951219512
0,0.684931507,0.263164909,0.6,0,0,0.040816327,0,1,1,0,0.2,1,0,0.951219512
0,0.383561644,0.067975766,0.533333333,0,0,0.397959184,0.5,0.733333333,0,0.5,0.8,1,0,0.951219512
0,0.068493151,0.120155062,0.533333333,0,0,0.448979592,0.5,0.733333333,0.333333333,0.857142857,0,1,1,0.951219512
0,0.191780822,0.197499518,0.6,0,0,0.448979592,0.625,1,0.666666667,0.285714286,0.6,1,1,0.951219512
0,0.068493151,0.146429067,0.666666667,0,0,0.397959184,0.5,0.533333333,0.666666667,0.428571429,0.2,1,1,0.951219512
0,0,0.061920081,0.466666667,0,0,0.397959184,0,0.133333333,0.666666667,0,0.6,1,1,0.951219512
0,0.136986301,0.175252264,0.8,0,0,0.602040816,0.875,0.6,0.666666667,0.714285714,0.2,1,1,0.951219512
0,0.315068493,0.062181224,0.466666667,0,0,0.397959184,0.25,0.133333333,0.333333333,0.285714286,0,1,1,0.951219512
0,0.657534247,0.110017827,0.533333333,0,0,0.397959184,0,0.733333333,0.833333333,0,0.2,1,0,0.951219512
0,0.01369863,0.10185608,0.466666667,0,0,0.193877551,0.5,0.133333333,0.666666667,0.857142857,0.6,1,0,0.951219512
0,0.493150685,0.082319711,0.533333333,0,0,0.397959184,0,0.733333333,0,0,0.2,1,0,0.951219512
0,0.02739726,0.181097547,0.6,0,0,0.193877551,0.5,1,0.666666667,0.071428571,0.6,1,0,0.951219512
0,0.383561644,0.114095317,0.666666667,0,0,0.346938776,0.5,0.533333333,0.333333333,0.214285714,0,1,1,0.951219512
0,0.438356164,0.128940576,0.533333333,0,0,0.397959184,0,0.733333333,0.833333333,0,0.8,1,0,0.097560976
0,0.136986301,0.113535144,0.666666667,0.011510115,0,0.397959184,0.125,0.533333333,0.666666667,0.928571429,0.8,0.5,1,0.951219512
0,0.534246575,0.086781475,0.533333333,0,0,0.397959184,0.75,0.733333333,0.333333333,0.857142857,0,1,1,0.951219512
0,0.04109589,0.129044087,0.533333333,0,0,0.397959184,0.5,0.733333333,0.666666667,0.428571429,0.6,1,1,0.951219512
0,0.150684932,0.095797688,0.6,0,0,0.448979592,0.5,1,0.333333333,1,1,1,0,0.951219512
0,0.205479452,0.10832513,0.6,0,0,0.397959184,0.5,1,0.666666667,0.071428571,0.8,0.75,0,0.951219512
1,0.438356164,0.110730897,0.6,0,0,0.806122449,0.5,1,0.333333333,0.857142857,0,1,1,0.951219512
0,0.01369863,0.118722156,0.533333333,0,0,0.295918367,0.5,0.733333333,0.666666667,0.428571429,0.6,1,1,0.951219512
0,0.136986301,0.173977668,0.533333333,0,0,0.397959184,0.5,0.733333333,0,0.428571429,0.2,1,1,0.951219512
0,0.424657534,0.060221295,0.733333333,0,0,0.448979592,0.5,0.466666667,0.333333333,0.714285714,0,1,1,0.951219512
0,0.671232877,0.07048369,0.866666667,0.029360294,0,0.193877551,0.5,0.8,0.333333333,0.714285714,0,1,1,0.951219512
0,0.328767123,0.148204301,0.8,0,0,0.397959184,0.25,0.6,0.333333333,0.857142857,0,1,1,0.951219512
0,0.123287671,0.165060229,0.533333333,0,0,0.244897959,0.5,0.733333333,0.666666667,0.214285714,0.2,1,1,0.951219512
1,0.260273973,0.138301824,0.533333333,1,0,0.5,0.625,0.733333333,0.333333333,0.285714286,0,1,1,0
0,0.082191781,0.049253948,0.6,0,0,0.367346939,0.5,1,0.666666667,0.571428571,0.6,1,0,0.951219512
0,0.178082192,0.186469253,0.533333333,0,0,0.397959184,0.5,0.733333333,0.333333333,0.5,0,0.5,1,0.951219512
1,0.520547945,0.086291662,0.8,0,0,0.397959184,0.5,0.6,0.333333333,0.714285714,0,1,1,0.951219512
0,0.068493151,0.134977996,0.666666667,0,0,0.091836735,0.875,0.533333333,0.666666667,0.071428571,0.6,1,1,0.951219512
1,0.616438356,0.014110539,0.866666667,0,0,0.602040816,0.875,0.8,0.333333333,0.714285714,0,1,1,0.951219512
1,0.287671233,0.090491606,0.8,0.03103031,0,0.602040816,0.75,0.6,0.333333333,0.714285714,0,0.25,1,0.951219512
1,0.452054795,0.105711667,0.533333333,0,0,0.397959184,0.5,0.733333333,0.333333333,0.214285714,0,1,1,0.951219512
0,0.01369863,0.120179418,0.533333333,0,0,0.234693878,0.5,0.733333333,0.666666667,0.857142857,0.6,1,0,0.951219512
1,0.369863014,0.109205982,0.8,0,0,0.397959184,0.5,0.6,0.333333333,0.285714286,0,1,1,0.951219512
1,0.726027397,0.189236291,0.6,0.200512005,0,0.653061224,0.5,1,0.333333333,0.857142857,0,1,1,0.951219512
0,0.123287671,0.182907284,0.533333333,0,0,0.397959184,0.5,0.733333333,0.666666667,0.071428571,0.6,1,0,0.951219512
1,0.383561644,0.077533886,0.8,0,0.433195592,0.602040816,0.5,0.6,0.333333333,0.857142857,0,1,1,0.951219512
1,0.424657534,0.091988106,0.533333333,0,0,0.153061224,0.5,0.733333333,0.333333333,0.428571429,1,1,0,0.951219512
0,0.753424658,0.014287792,0.333333333,0,0,0.193877551,0.5,0,1,0.071428571,0.2,1,0,0.951219512
0,0.424657534,0.092634876,0.533333333,0,0,0.448979592,0.5,0.733333333,0.833333333,0.214285714,0.8,0.5,1,0.951219512
0,0.150684932,0.273518637,0.533333333,0.028290283,0,0.397959184,0.5,0.733333333,0.333333333,0.214285714,0,0.5,1,0.951219512
0,0.397260274,0.042358003,0.733333333,0,0.340909091,0.551020408,0.5,0.466666667,0.333333333,0.214285714,0,1,1,0.951219512
0,0.383561644,0.064234515,0.733333333,0,0,0.448979592,0.5,0.466666667,0.333333333,0.214285714,0,1,1,0.951219512
0,0.561643836,0.117596398,0.2,0,0,0.397959184,0.5,0.333333333,0,0.571428571,0.2,1,0,0.951219512
0,0.520547945,0.171879725,0.533333333,0,0,0.459183673,0.5,0.733333333,0.333333333,0.714285714,0,1,1,0.951219512
0,0.178082192,0.044817217,0.533333333,0,0,0.397959184,0.5,0.733333333,0.666666667,0.428571429,0.2,1,1,0.951219512
0,0.356164384,0.133689869,0.6,0,0,0.37755102,0.5,1,0,0.571428571,0.8,1,0,0.951219512
0,0.232876712,0.111430437,0.6,0,0,0.397959184,0.5,1,0.333333333,0.5,0,1,1,0.951219512
0,0.205479452,0.098877963,0.533333333,0,0,0.397959184,0.5,0.733333333,0,1,0.6,1,1,0.951219512
1,0.205479452,0.00998975,0.8,0,0,0.520408163,0.875,0.6,0.333333333,0.214285714,0,1,1,0.951219512
0,0.232876712,0.088789438,0.533333333,0,0,0.397959184,0.5,0.733333333,0.666666667,0.5,0.2,1,1,0.951219512
1,0.589041096,0.076268761,0.8,0.086140861,0,0.479591837,0.5,0.6,0,0.714285714,0.2,1,0,0.951219512
1,0.356164384,0.113530409,0.666666667,0,0,0.5,0.5,0.533333333,0.333333333,0.214285714,0,1,1,0.951219512
0,0.273972603,0.109257399,0.6,0,0,0.295918367,0.875,1,0,0.714285714,0.8,1,0,0.951219512
0,0.753424658,0.187837212,0.8,0.009910099,0,0.06122449,0,0.6,0.833333333,0,0.2,1,0,0.951219512
0,0.109589041,0.090542346,0.6,0,0,0.418367347,0.5,1,0.666666667,0.5,0.2,1,1,0.951219512
1,0.356164384,0.070423479,0.533333333,0,0,0.602040816,0.5,0.733333333,0.333333333,0.285714286,0,0.25,1,0.073170732
1,0.246575342,0.110827642,0.533333333,0,0,0.806122449,0.75,0.733333333,0.333333333,0.357142857,0,1,1,0.951219512
0,0.397260274,0.165235452,0.066666667,0,0,0.397959184,0.5,0.2,0.666666667,0.5,0.6,1,1,0.804878049
0,0.109589041,0.096768519,0.8,0,0,0.448979592,0.5,0.6,0.666666667,0.285714286,0.6,1,1,0.951219512
0,0.698630137,0.106823217,0.6,0,0,0.397959184,0,1,0.666666667,0,0.8,0.5,0,0.951219512
0,0.356164384,0.153063192,0.533333333,0,0,0.397959184,0.5,0.733333333,0.333333333,0.214285714,0,1,1,0.951219512
0,0.547945205,0.242609675,0.533333333,0,0.518365473,0.397959184,0.125,0.733333333,0.666666667,0.071428571,0.2,1,1,0.951219512
1,0.424657534,0.064234515,0.8,0,0,0.551020408,0.5,0.6,0.333333333,0.285714286,0,1,1,0.951219512
0,0.232876712,0.189925682,0.6,0,0,0.397959184,0.5,1,0.666666667,0.928571429,0.8,0.5,0,0.951219512
0,0.356164384,0.255787946,0.066666667,0,0,0.704081633,0.5,0.2,0.333333333,0.357142857,0,1,1,0.634146341
0,0.02739726,0.229180409,0.6,0,0,0.397959184,0.5,1,0.666666667,0.071428571,0.6,1,0,0.804878049
0,0.095890411,0.123001932,0.533333333,0,0,0.448979592,0.5,0.733333333,0.666666667,0.714285714,0.6,1,0,0.951219512
0,0.561643836,0.091581508,0.6,0,0,0.357142857,0,1,0.333333333,0,1,1,0,0.951219512
1,0.342465753,0.084364884,0.533333333,0.076880769,0,0.5,0.5,0.733333333,0.333333333,0.214285714,0,1,1,0.951219512
0,0.191780822,0.171517101,0.666666667,0.031370314,0,0.5,0.75,0.533333333,0.333333333,0.285714286,0,1,1,0.951219512
0,0.356164384,0.117651874,0.6,0,0,0.448979592,0.5,1,0,0.285714286,0.8,1,0,0.487804878
0,0.04109589,0.159330634,0.533333333,0,0,0.846938776,0.5,0.733333333,0.666666667,0.857142857,0.2,1,0,0.951219512
0,0.369863014,0.066970432,0.533333333,0,0,0.56122449,0.5,0.733333333,0,0.5,0.8,0.5,0,0.951219512
0,0.164383562,0.116574827,0.4,0.039420394,0,0.5,0.5,0.066666667,0.333333333,0.214285714,0,1,1,0.951219512
0,0.150684932,0.173150939,0.4,0,0,0.397959184,0,0.066666667,0.666666667,0,0.2,0.5,0,0.951219512
0,0,0.101426479,0.333333333,0,0,0.142857143,0.5,0,0.666666667,0.428571429,0.6,1,0,0.951219512
0,0.246575342,0.065301414,0.533333333,0,0,0.5,0.75,0.733333333,0,0.214285714,0.2,1,1,0.951219512
1,0.301369863,0.035882864,0.933333333,0,0,0.551020408,0.125,0.933333333,0.666666667,0.714285714,0.2,1,1,0.951219512
0,0.150684932,0.081760215,0.866666667,0,0,0.346938776,0.25,0.8,0.666666667,0.714285714,0.2,1,1,0.951219512
0,0.164383562,0.043922158,0.866666667,0,0,0.295918367,0.75,0.8,0.333333333,0.214285714,0,1,1,0.951219512
1,0.410958904,0.158616887,0.8,1,0,0.551020408,0.5,0.6,0.333333333,0.285714286,0,1,1,0.951219512
0,0.356164384,0.171944673,0.533333333,0,0,0.448979592,0.5,0.733333333,0,0.5,0.2,1,1,0.951219512
0,0.260273973,0.113031124,0.533333333,0,0,0.295918367,0.5,0.733333333,1,0.428571429,0.8,1,0,0.951219512
0,0.630136986,0.140078411,0.2,0.034710347,0,0.448979592,0.5,0.333333333,0.333333333,0.214285714,0,1,1,0.951219512
0,0.205479452,0.055079612,0.533333333,0,0,0.397959184,0.5,0.733333333,1,0.5,0.8,1,0,0.951219512
0,0.287671233,0.02491687,0.533333333,0,0,0.551020408,0.5,0.733333333,0.333333333,1,0,1,1,0.951219512
0,0.232876712,0.108680989,0.533333333,0,0,0.653061224,0.5,0.733333333,0.333333333,0.857142857,0,1,1,0.951219512
0,0.287671233,0.08187049,0.733333333,0,0,0.397959184,0.75,0.466666667,0.333333333,1,0,1,1,0.951219512
1,0.397260274,0.045726483,0.8,0,0,0.530612245,0.5,0.6,0.333333333,0.285714286,0,1,1,0.951219512
0,0.465753425,0.10041032,0.533333333,0,0,0.397959184,0.125,0.733333333,0.333333333,0.071428571,0,1,1,0.951219512
0,0.082191781,0.11451883,0.533333333,0,0,0.244897959,0.5,0.733333333,0.666666667,0.571428571,0.6,0.5,1,0.951219512
0,0.547945205,0.187617337,0.266666667,0,0.371212121,0.346938776,0.5,0.4,0.666666667,0.214285714,0.2,1,1,0.951219512
0,0.082191781,0.105353102,0.333333333,0,0,0.397959184,0.5,0,0.333333333,0.5,0.6,0.25,0,0.975609756
0,0.164383562,0.065232407,0.6,0,0,0.397959184,0.5,1,0.333333333,0.928571429,1,1,0,0.951219512
0,0.246575342,0.012676957,0.8,0,0,0.448979592,0.5,0.6,0.333333333,0.857142857,0,1,1,0.951219512
0,0.479452055,0.151473329,0.8,0,0,0.5,0.5,0.6,0.5,0.571428571,0.2,1,1,0.951219512
0,0.082191781,0.075234336,0.4,0,0,0.346938776,0.5,0.066666667,0,0.571428571,0.8,1,0,0.951219512
0,0.04109589,0.348043961,0.533333333,0,0,0.295918367,0.25,0.733333333,0.666666667,0.071428571,0.2,1,0,0.951219512
1,0.602739726,0.248695129,1,0,0.436639118,0.397959184,0.875,0.666666667,0.333333333,0.714285714,0,1,1,0.951219512
0,0.287671233,0.111203797,0.6,0,0,0.602040816,0.75,1,0.833333333,0.857142857,0.2,0.25,1,0.585365854
0,0.01369863,0.062524905,0.4,0,0,0.244897959,0,0.066666667,0.666666667,0,0.6,0.5,1,0.951219512
0,0.082191781,0.103136089,0.6,0,0,0.091836735,0,1,0.666666667,0,0.2,1,1,0.951219512
0,0.410958904,0.064539633,0.533333333,0,0,0.479591837,0.5,0.733333333,0,0.071428571,0.8,1,0,0.951219512
0,0.068493151,0.084590847,0.533333333,0,0,0.397959184,0.5,0.733333333,0.666666667,0.214285714,0.2,0.5,1,0.951219512
0,0.287671233,0.082645126,0.6,0,0,0.724489796,0.25,1,0.333333333,0.785714286,0,1,1,0.951219512
1,0.410958904,0.184445053,0.533333333,0.07298073,0,0.448979592,0.5,0.733333333,0.333333333,0.857142857,0,1,1,0.951219512
0,0.438356164,0.120090115,0.866666667,0,0,0.602040816,0.5,0.8,0.333333333,0.714285714,0,1,1,0.951219512
1,0.287671233,0.040628097,0.533333333,0,0,0.540816327,0.25,0.733333333,0.333333333,0.785714286,0,0.25,1,0.951219512
1,0.520547945,0.069148882,0.8,0,0.554407713,0.5,0.625,0.6,0.333333333,0.285714286,0,1,1,0.951219512
0,0.465753425,0.058879722,0.466666667,0,0,0.5,0.5,0.133333333,0,1,0.8,1,1,0.951219512
1,0.356164384,0.205454921,0.733333333,0,0,0.316326531,0.5,0.466666667,0.666666667,0.714285714,0.2,1,0,0
0,0.397260274,0.113376835,0.533333333,0,0,0.397959184,0.875,0.733333333,0.333333333,0.428571429,0,1,1,0.951219512
1,0.315068493,0.181232177,0.866666667,0,0,0.397959184,0.125,0.8,0.333333333,0.714285714,0,1,1,0.951219512
0,0.657534247,0.065580824,0.2,0,0.728879706,0.602040816,0.5,0.333333333,1,0.642857143,0.2,1,0,0.804878049
0,0.575342466,0.091808824,0.533333333,0,0,0.346938776,0,0.733333333,1,0,0.2,1,0,0.951219512
1,0.369863014,0.076567791,0.866666667,0,0,0.346938776,0.5,0.8,0.333333333,0.285714286,0,1,1,0.951219512
0,0.753424658,0.175268501,0.333333333,0,0,0.112244898,0,0,0,0,0.2,1,1,0.951219512
1,0.356164384,0.149907145,0.533333333,0,0,0.397959184,0.25,0.733333333,0.333333333,0.285714286,0,1,1,0.951219512
0,0.136986301,0.119228883,0.533333333,0,0,0.397959184,0.5,0.733333333,0,0.857142857,0.6,1,0,0.951219512
0,0.164383562,0.060928953,0.6,0,0,0.520408163,0.5,1,0.666666667,0.928571429,0.2,1,1,0.951219512
1,0.342465753,0.074808794,0.866666667,0,0,0.397959184,0.125,0.8,0.333333333,0.285714286,0,1,1,0.951219512
1,0.438356164,0.032018483,0.866666667,0,0,0.397959184,0.25,0.8,0.333333333,0.714285714,0,1,1,0.951219512
0,0.397260274,0.120069819,0.733333333,0,0,0.56122449,0.5,0.466666667,0.666666667,0.928571429,0.2,1,1,0.951219512
1,0.452054795,0.061414707,0.8,0,0,0.397959184,0.875,0.6,0.333333333,0.285714286,0,1,1,0.951219512
0,0.136986301,0.123285401,0.6,0,0,0.367346939,0.5,1,0,0.571428571,0.8,0.5,0,0.951219512
0,0.178082192,0.018334839,0.6,0,0,1,0.5,1,0.333333333,0.285714286,0,0.5,1,0.951219512
0,0.602739726,0.144787111,0.8,0,0,0.397959184,0.5,0.6,0.333333333,0.285714286,0,1,1,0.951219512
0,0.260273973,0.085349245,0.6,0,0,0.397959184,0.5,1,0.666666667,0.5,0.6,1,1,0.951219512
0,0.232876712,0.016862693,0.533333333,0,0,0.5,0.5,0.733333333,0.666666667,0.071428571,0.6,1,1,0.951219512
0,0.123287671,0.087859876,0.4,0,0,0.346938776,0.5,0.066666667,0.666666667,1,0.2,1,0,0.951219512
0,0.273972603,0.008413418,0.6,0,0,0.244897959,0.5,1,0,0.571428571,0.8,1,0,0.951219512
0,0.164383562,0.265742517,0.533333333,0,0,0.397959184,0.75,0.733333333,0.666666667,0.857142857,0.2,1,1,0.951219512
0,0.150684932,0.110314827,0.8,0,0,0.397959184,0.5,0.6,0.333333333,0.857142857,0,1,1,0.951219512
0,0.602739726,0.092934582,0.533333333,0,0,0.5,0.5,0.733333333,0.333333333,0.285714286,0,1,1,0.951219512
0,0.04109589,0.095548046,0.6,0,0,0.295918367,0.5,1,0.666666667,0.071428571,0.6,1,1,0.951219512
0,0.602739726,0.181178731,0.2,0,0,0.397959184,0.5,0.333333333,0,0.5,0.8,1,0,0.951219512
0,0.369863014,0.128287041,0.533333333,0.050130501,0,0.397959184,0.5,0.733333333,0.333333333,1,0,1,1,0.951219512
0,0.164383562,0.124671626,0.533333333,0,0,0.397959184,0.5,0.733333333,0.333333333,0.071428571,0,1,1,0.951219512
1,0.397260274,0.212819706,0.866666667,0,0.554407713,0.653061224,0.5,0.8,0.333333333,0.857142857,0,1,1,0.951219512
0,0.479452055,0.157626436,0.333333333,0,0,0.346938776,0.5,0,0.333333333,0.571428571,1,1,0,0.951219512
0,0.164383562,0.183302382,0.8,0,0,0.397959184,0.5,0.6,0.666666667,0.714285714,0.2,1,1,0.951219512
0,0.068493151,0.115668943,0.6,0,0,0.193877551,0.5,1,0.666666667,0.857142857,0.6,0.5,0,0.951219512
0,0.054794521,0.129810603,0.6,0,0,0.12244898,0.5,1,0.666666667,0.857142857,0.6,1,0,0.951219512
1,0.438356164,0.361827733,0.8,0.150241502,0,0.397959184,0.5,0.6,0.333333333,0.928571429,0,0.25,1,0
0,0.219178082,0.007838362,0.533333333,0,0,0.295918367,0.5,0.733333333,0,0.571428571,0.8,1,0,0.951219512
0,0.068493151,0.007931047,0.6,0,0,0.724489796,0,1,0.666666667,0,0.6,1,1,0.951219512
1,0.205479452,0.103119175,0.533333333,0,0,0.397959184,0.125,0.733333333,0.333333333,0.071428571,1,1,0,0.951219512
0,0.02739726,0.231253319,0.533333333,0,0,0.346938776,0.25,0.733333333,0.666666667,0.071428571,0.6,1,1,0.951219512
0,0.164383562,0.231560467,0.533333333,0,0,0.602040816,0.5,0.733333333,0.333333333,0.857142857,0,1,1,0.951219512
0,0.068493151,0.173098845,0.533333333,0,0,0.397959184,0,0.733333333,0.666666667,0,0.2,1,0,0.951219512
1,0.356164384,0.098225104,0.533333333,0,0,0.479591837,0.5,0.733333333,0.333333333,0.428571429,1,1,0,0.951219512
1,0.301369863,0.185104001,0.6,0,0,0.397959184,0.625,1,0.333333333,0.714285714,0,0.5,1,0.341463415
0,0.02739726,0.027120353,0.6,0,0,0.193877551,0.5,1,0.666666667,0.571428571,0.6,1,1,0.951219512
0,0.301369863,0.145666609,0.533333333,0,0,0.5,0.125,0.733333333,0.666666667,0.142857143,0.2,1,1,0.951219512
0,0.219178082,0.019210954,0.6,0.036740367,0,0.153061224,0.5,1,0.666666667,0.714285714,0.2,1,0,0.951219512
0,0.068493151,0.083853421,0.533333333,0,0,0.397959184,0.5,0.733333333,0.666666667,0.071428571,0.6,1,1,0.951219512
0,0.246575342,0.078696854,0.8,0,0,0.397959184,0.125,0.6,0.666666667,0.285714286,0.6,1,1,0.951219512
0,0.301369863,0.123713649,0.6,0,0,0.397959184,0.875,1,0.333333333,0.857142857,0,1,1,0.951219512
0,0.219178082,0.114203563,0.466666667,0,0,0.153061224,0.5,0.133333333,0.333333333,0.214285714,0,1,1,0.951219512
0,0.260273973,0.03307794,0.4,0,0,0.397959184,0.5,0.066666667,0.333333333,0.214285714,0,1,1,0.951219512
0,0.150684932,0.141509287,0.533333333,0,0,0.397959184,0.5,0.733333333,0.666666667,0.071428571,0.2,1,1,0.951219512
1,0.589041096,0.248954242,0.933333333,0,0,0.397959184,0,0.933333333,0.333333333,0,0,1,1,0.951219512
0,0.493150685,0.154676057,0.6,0,0,0.397959184,0.5,1,0.333333333,0.214285714,0,1,1,0.951219512
0,0.178082192,0.103276809,0.533333333,0,0,0.244897959,0,0.733333333,0.833333333,0,0.8,0.5,0,0.951219512
1,0.273972603,0.154837749,0.8,0.150241502,0,0.5,0.5,0.6,0.333333333,0.714285714,0,1,1,0.951219512
0,0.095890411,0.179854071,0.8,0,0,0.397959184,0.5,0.6,0.666666667,0.714285714,0.2,1,1,0.951219512
1,0.410958904,0.123180537,0.533333333,0,0,0.06122449,0.25,0.733333333,0.333333333,0.571428571,1,1,0,0.951219512
0,0.301369863,0.063602629,0.533333333,0,0,0.418367347,0.25,0.733333333,0,0.071428571,0.6,1,1,0.951219512
0,0.410958904,0.029058632,0.6,0,0,0.43877551,0.25,1,0.333333333,0.785714286,0,1,1,0.951219512
0,0.095890411,0.103353934,0.666666667,0,0,0.397959184,0.5,0.533333333,0.333333333,0.214285714,0,1,1,0.951219512
1,0.534246575,0.101059119,0.8,0,0,0.418367347,0.5,0.6,0.333333333,0.285714286,0,1,1,0.951219512
0,0.123287671,0.197547552,0.533333333,0,0,0.397959184,0.5,0.733333333,0.333333333,0.5,0,1,1,0.951219512
1,0.589041096,0.218317925,0.533333333,0,0.512167126,0.397959184,0.5,0.733333333,0,0.071428571,0.8,1,0,0.951219512
0,0.602739726,0.099063334,0.533333333,0,0,1,0,0.733333333,0,0,0.2,1,0,0.951219512
0,0.547945205,0.068796406,0.533333333,0,0,0.397959184,0.5,0.733333333,0,0.071428571,0.8,1,0,0.951219512
0,0.01369863,0.102496761,0.533333333,0,0,0.397959184,0.5,0.733333333,0.333333333,0.285714286,1,1,0,0.951219512
0,0.178082192,0.074074074,0.666666667,0,0,0.295918367,0,0.533333333,0.666666667,0,0.2,1,1,0.951219512
0,0.287671233,0.117883926,0.533333333,0,0,0.397959184,0.5,0.733333333,0.666666667,0.5,0.2,1,1,0.951219512
0,0.136986301,0.128488649,0.4,0,0,0.397959184,0.5,0.066666667,0.833333333,0.357142857,0.4,1,1,0.804878049
0,0.493150685,0.363338441,0.8,0,0,0.346938776,0.25,0.6,0.333333333,0.714285714,0,0.5,1,0.951219512
0,0.109589041,0.315639176,0.6,0,0,0.397959184,0.5,1,0.666666667,0.285714286,0.2,1,1,0.951219512
0,0,0.015775498,0.4,0,0,0.153061224,0,0.066666667,0.666666667,0,0.6,1,0,0.951219512
0,0.589041096,0.072983496,0.8,0,0,0.397959184,0,0.6,0.333333333,0,0,1,1,0.951219512
0,0.589041096,0.228407803,0.533333333,0,0,0.43877551,0.5,0.733333333,1,0.571428571,0.2,1,0,0.951219512
0,0.02739726,0.156063635,0.6,0,0,0.234693878,0.75,1,0.666666667,0.571428571,0.6,1,0,0.951219512
0,0.452054795,0.098819781,0.866666667,0,0,0.244897959,0.75,0.8,0,0.714285714,0.2,1,0,0.951219512
1,0.109589041,0.216575842,0.666666667,0,0,0.397959184,0.5,0.533333333,0.333333333,0.214285714,0,1,1,0.951219512
1,0.246575342,0.118156571,0.533333333,0.076880769,0,0.5,0.5,0.733333333,0.333333333,0.285714286,0,1,1,0.951219512
0,0.068493151,0.048516523,0.6,0,0,0.397959184,0.5,1,0.666666667,0.857142857,0.2,1,1,0.951219512
0,0.383561644,0.08501436,0.8,0,0,0.5,0.5,0.6,0,0.857142857,0.2,1,1,0.951219512
0,0.109589041,0.120850543,0.533333333,0,0,0.397959184,0.5,0.733333333,0.666666667,0.071428571,0.2,1,1,0.951219512
1,0.328767123,0.015358751,0.8,0,0,0.346938776,0.25,0.6,0.333333333,0.714285714,0,1,1,0.951219512
0,0.328767123,0.072336726,0.533333333,0,0,0.397959184,0,0.733333333,0,0,0.2,1,1,0.951219512
1,0.452054795,0.079608826,0.533333333,0,0,0.479591837,0.5,0.733333333,0.333333333,0.214285714,0,1,1,0.951219512
0,0.191780822,0.068704397,0.533333333,0,0,0.448979592,0.5,0.733333333,0.333333333,0.5,0,1,1,0.951219512
0,0.232876712,0.109274989,0.866666667,0.048650487,0,0.602040816,0.5,0.8,0.666666667,0.714285714,0.2,1,1,0.951219512
0,0.260273973,0.122278037,0.533333333,0,0,0.602040816,0.75,0.733333333,0.666666667,0.357142857,0.2,1,1,0.951219512
1,0.246575342,0.130058893,0.866666667,0,0,0.5,0.5,0.8,0.666666667,0.214285714,0.2,1,1,0.951219512
0,0.164383562,0.099791288,0.866666667,0,0,0.806122449,0.5,0.8,0.666666667,0.714285714,0.2,1,0,0.951219512
0,0.123287671,0.1024697,0.8,0,0,0.551020408,0.5,0.6,0.666666667,0.857142857,0.2,1,0,0.951219512
0,0.273972603,0.108816296,0.533333333,0,0,0.397959184,0.5,0.733333333,0,0.571428571,0.2,1,1,0.951219512
0,0.465753425,0.225404654,0.6,0,0,0.397959184,0.5,1,0.666666667,0.285714286,0.8,0.5,0,0.951219512
0,0.328767123,0.110446075,0.6,0,0,0.37755102,0.875,1,0,0.5,0.2,0.5,0,0.951219512
0,0.315068493,0.014224198,0.933333333,0,0.536960514,0.346938776,0.75,0.933333333,0,0.571428571,0.2,1,0,0.951219512
0,0.410958904,0.061217158,0.533333333,0,0,0.5,0.5,0.733333333,0.333333333,1,0,1,1,0.951219512
0,0.082191781,0.092969086,0.333333333,0,0,0.397959184,0.75,0,0.666666667,0.857142857,0.6,1,0,0.951219512
1,0.260273973,0.12466486,0.6,0.150241502,0,0.397959184,0.5,1,0.333333333,0.857142857,0,1,1,0.951219512
1,0.452054795,0.099697926,0.6,0,0,0.602040816,0.5,1,0.333333333,0.928571429,0,1,1,0.951219512
1,0.287671233,0.076692274,0.6,0,0,0.5,0.625,1,0.333333333,0.857142857,0,1,1,0.951219512
0,0.465753425,0.12355128,0.533333333,0,0,0.397959184,0.5,0.733333333,0.333333333,0.071428571,1,1,0,0.951219512
0,0.369863014,0.261732003,0.533333333,0,0,0.397959184,0.125,0.733333333,0.666666667,0.214285714,0.6,0.5,0,0.951219512
1,0.479452055,0.196450209,0.733333333,0.135501355,0,0.397959184,0.125,0.466666667,1,0.285714286,0.8,1,1,0.951219512
0,0.191780822,0.072693938,0.266666667,0,0,0.397959184,0.5,0.4,0.666666667,0.5,0.8,1,1,0.634146341
0,0.04109589,0.23412928,0.466666667,0,0,0.346938776,0,0.133333333,0.666666667,0,0.8,1,0,0.951219512
0,0.150684932,0.190183443,0.533333333,0,0,0.397959184,0.5,0.733333333,0.833333333,0.857142857,0.8,0.5,0,0.951219512
0,0.479452055,0.165464798,0.8,0,0,0.5,0.5,0.6,0.333333333,0.285714286,0,1,1,0.951219512
0,0.02739726,0.282918447,0.4,0,0,0.397959184,0.5,0.066666667,0.666666667,0.428571429,0.6,1,1,0.951219512
0,0.02739726,0.13580743,0.466666667,0,0,0.397959184,0.5,0.133333333,0.666666667,0.428571429,0.6,1,1,0.951219512
1,0.315068493,0.209436343,0.533333333,0,0,0.602040816,0.5,0.733333333,0,1,0.2,1,1,0.951219512
0,0.205479452,0.134388055,0.4,0,0,0.397959184,0.75,0.066666667,0.833333333,0.428571429,0.8,1,0,0.658536585
0,0.397260274,0.123228572,0.533333333,0,0,0.397959184,0.5,0.733333333,0.666666667,0.928571429,0.4,1,1,0.951219512
0,0.04109589,0.119063131,0.6,0,0,0.091836735,0.75,1,0.666666667,0.714285714,0.6,1,1,0.951219512
0,0.342465753,0.157654851,0.333333333,0,0,0.5,0.5,0,0.333333333,1,0,1,1,0.951219512
0,0.438356164,0.227631815,0.2,0,0,0.397959184,0.5,0.333333333,0.333333333,0.5,0,1,1,0.951219512
0,0.136986301,0.071675749,0.8,0,0,0.397959184,0.5,0.6,0.666666667,0.285714286,0.6,1,0,0.951219512
1,0.205479452,0.171220101,0.8,0,0.436639118,0.43877551,0.5,0.6,0.333333333,0.285714286,1,1,0,0.951219512
0,0.109589041,0.08933608,0.533333333,0,0,0.397959184,0.5,0.733333333,0.666666667,0.285714286,0.6,0.5,1,0.951219512
0,0.767123288,0.081164862,0.8,0,0,0.06122449,0,0.6,1,0,0.8,1,0,0.951219512
1,0.479452055,0.193233273,1,0,0,0.397959184,0.125,0.666666667,0.333333333,0.714285714,0,0.25,1,0
0,0.178082192,0.034264587,0.533333333,0,0,0.602040816,0.5,0.733333333,0.666666667,0.357142857,0.6,1,1,0.951219512
0,0.465753425,0.103748355,0.866666667,0,0,0.397959184,0,0.8,0.333333333,0,0,1,1,0.951219512
0,0.589041096,0.05629129,0.533333333,0,0,0.448979592,0.75,0.733333333,0.333333333,0.857142857,0,1,1,0.951219512
0,0.04109589,0.013833159,0.6,0,0,0.448979592,0.5,1,0.666666667,0.571428571,0.2,1,1,0.951219512
0,0.02739726,0.063608718,0.6,0,0,0.193877551,0.5,1,0.666666667,0.214285714,0.6,1,0,0.951219512
0,0.178082192,0.071858414,0.6,0,0,0.397959184,0.25,1,0,0.071428571,0.8,1,0,0.951219512
1,0.246575342,0.123388911,0.933333333,1,0,0.448979592,0.5,0.933333333,0.666666667,0.714285714,0.2,1,1,0.951219512
0,0.438356164,0.161318977,0.533333333,0,0,0.459183673,0.5,0.733333333,0.333333333,0.214285714,0,1,1,0.951219512
0,0.136986301,0.123841514,0.6,0,0,0.397959184,0.5,1,0.666666667,0.5,0.2,1,0,0.951219512
0,0.219178082,0.107140513,0.533333333,0.010550106,0,0.397959184,0.5,0.733333333,0.666666667,0.571428571,0.6,1,0,0.951219512
1,0.315068493,0.159110759,1,0,0,0.295918367,0.5,0.666666667,0.333333333,0.714285714,1,1,0,0.951219512
1,0.383561644,0.154483244,1,0,0,0.397959184,0.5,0.666666667,0.333333333,0.714285714,0,1,1,0.951219512
0,0.068493151,0.139474939,0.6,0,0,0.397959184,0.125,1,0.666666667,0.285714286,0.2,1,0,0.951219512
1,0.493150685,0.05266302,0.6,0,0,0.602040816,0.125,1,0.333333333,0.785714286,0,1,1,0.951219512
0,0.342465753,0.147692839,0.8,0,0,0.5,0.625,0.6,0.333333333,0.857142857,0,1,1,0.951219512
0,0.164383562,0.016450682,0.8,0,0,0.5,0.5,0.6,0.666666667,0.714285714,0.2,1,0,0.951219512
0,0.369863014,0.029734493,0.6,0.02202022,0,0.448979592,0.625,1,0.666666667,0.285714286,0.2,0.5,1,0.951219512
1,0.219178082,0.01709001,0.933333333,0,0,0.397959184,0.125,0.933333333,0.333333333,0.714285714,1,1,0,0.951219512
0,0.383561644,0.118385241,0.533333333,0,0,0.448979592,0.75,0.733333333,0.333333333,0.214285714,0,0.25,1,0.853658537
1,0.452054795,0.071559385,0.8,0.150241502,0,0.551020408,0.75,0.6,0.333333333,0.285714286,0,1,1,0.951219512
0,0.04109589,0.07116564,0.6,0,0,0.397959184,0.5,1,0.333333333,0.214285714,0,1,1,0.951219512
0,0.561643836,0.036873315,0.533333333,0,0,0.397959184,0.5,0.733333333,0.833333333,0.5,0.8,1,1,0.780487805
0,0.232876712,0.127126103,0.6,0,0,0.397959184,0.5,1,0.666666667,0.571428571,0.2,1,0,0.951219512
0,0.493150685,0.104785487,0.533333333,0,0,0.397959184,0.5,0.733333333,1,0.5,0.2,0.5,0,0.951219512
0,0.397260274,0.121462809,0.533333333,0,0,0.397959184,0.5,0.733333333,0,0.857142857,0.2,1,0,0.951219512
0,0.520547945,0.106814422,0.533333333,0,0,0.397959184,0.5,0.733333333,0.833333333,0.071428571,0.2,1,0,0.951219512
0,0.123287671,0.029858299,0.933333333,0,0,0.193877551,0.125,0.933333333,0.666666667,0.714285714,0.2,0.25,0,0.853658537
0,0.315068493,0.063873921,0.733333333,0,0,0.397959184,0.5,0.466666667,0,1,0.8,1,0,0.951219512
0,0.493150685,0.009156933,0.666666667,0,0,0.479591837,0.25,0.533333333,0,0.285714286,0.2,0,1,0.951219512
1,0.328767123,0.17167947,0.8,0,0,0.397959184,0.5,0.6,0.333333333,0.214285714,0,1,1,0.951219512
0,0.260273973,0.10440392,0.533333333,0,0,0.397959184,0.875,0.733333333,0.333333333,0.785714286,0,1,1,0.951219512
0,0.02739726,0.092251956,0.533333333,0,0,0.397959184,0.5,0.733333333,0.666666667,0.071428571,0.6,1,0,0.951219512
0,0.726027397,0.149234667,0.6,0,0,0.295918367,0.625,1,0.333333333,0.285714286,0,1,1,0.951219512
0,0.054794521,0.141486285,0.533333333,0,0,0.397959184,0.5,0.733333333,0.666666667,0.571428571,0.6,1,0,0.951219512
0,0,0.027522892,0.333333333,0,0,0.051020408,0.5,0,0.666666667,0.571428571,0.6,1,0,0.951219512
0,0.383561644,0.092644348,0.533333333,0,0,0.5,0.5,0.733333333,0,0.071428571,0.8,0.5,0,0.951219512
0,0.273972603,0.607606986,0.8,0,0,0.397959184,0.5,0.6,0.666666667,0.857142857,0.2,0.5,0,0.951219512
0,0.712328767,0.125020719,0.533333333,0,0,0.071428571,0.5,0.733333333,1,0.071428571,0.8,1,1,0.951219512
0,0.328767123,0.072039726,0.733333333,0,0,0.479591837,0.5,0.466666667,0.666666667,0.214285714,0.2,1,1,0.951219512
0,0.328767123,0.026893713,0.6,0,0,0.397959184,0.25,1,0,0.071428571,0.8,1,0,0.951219512
1,0.356164384,0.121039973,0.6,0,0,0.551020408,0.5,1,0.333333333,0.285714286,0,1,1,0.951219512
1,0.232876712,0.091956309,0.6,0,0,0.653061224,0.5,1,0.333333333,0.285714286,0,1,1,0.951219512
0,0.602739726,0.174391708,0.533333333,0,0,0.397959184,0.5,0.733333333,0,0.071428571,0.2,0.25,0,0.585365854
0,0.369863014,0.103099556,0.866666667,0,0,0.448979592,0.5,0.8,0.333333333,0.714285714,1,1,0,0.951219512
1,0.356164384,0.145878365,0.666666667,0,0,0.397959184,0.875,0.533333333,0.333333333,0.714285714,1,1,0,0.951219512
0,0.726027397,0.205385237,0.8,0,0,0.397959184,0.5,0.6,0,0.071428571,0.2,1,1,0.951219512
0,0.04109589,0.136277624,0.533333333,0,0,0.193877551,0.5,0.733333333,0.666666667,0.857142857,0.6,0.5,0,0.951219512
0,0.01369863,0.278175243,0.4,0,0,0.357142857,0,0.066666667,0.666666667,0,0.6,1,1,0.951219512
0,0.383561644,0.031861526,0.8,0,0,0.397959184,0.5,0.6,0.666666667,0.714285714,0.2,1,0,0.951219512
0,0.739726027,0.138227404,0.4,0,0,0.397959184,0.625,0.066666667,0,0.5,0.8,0.5,1,0.951219512
0,0.410958904,0.134521333,0.533333333,0,0,0.397959184,0.125,0.733333333,0.333333333,0.214285714,0,1,1,0.951219512
0,0.219178082,0.161852089,0.4,0,0,0.346938776,0.5,0.066666667,0.666666667,0.071428571,0.2,1,0,0.951219512
0,0.01369863,0.169634298,0.533333333,0,0,0.397959184,0.5,0.733333333,0.666666667,0.857142857,0.6,1,0,0.951219512
1,0.123287671,0.159884041,0.8,0,0,0.704081633,0.5,0.6,0.666666667,0.285714286,0.2,1,1,0.951219512
0,0.205479452,0.088906479,0.6,0,0,0.397959184,0,1,0.666666667,0,0.8,1,0,0.951219512
1,0.397260274,0.048254026,0.8,0,0,0.397959184,0.125,0.6,0.333333333,0.071428571,0,1,1,0.951219512
0,0.219178082,0.10825883,0.333333333,0,0,0.397959184,0.5,0,0.333333333,0.5,0,1,1,0.951219512
0,0.424657534,0.060029835,0.866666667,0,0,0.397959184,0.5,0.8,0,0.714285714,0.8,1,0,0.951219512
0,0.246575342,0.078878166,0.6,0,0,0.397959184,0.5,1,0.333333333,0.214285714,0,1,1,0.951219512
0,0.301369863,0.063636456,0.533333333,0,0,0.397959184,0.5,0.733333333,0.333333333,1,0,1,1,0.951219512
0,0.383561644,0.250289727,0.8,0,0,0.295918367,0.5,0.6,0.666666667,0.071428571,0.8,1,0,0
0,0.136986301,0.038266982,0.8,0,0,0.346938776,0.5,0.6,0.666666667,0.071428571,0.8,1,0,0.951219512
0,0.356164384,0.117792594,0.266666667,0,0,0.193877551,0.5,0.4,0.666666667,0.5,0.2,1,0,0.951219512
0,0.260273973,0.125151967,0.533333333,0,0,0.397959184,0.5,0.733333333,0.666666667,0.428571429,0.2,0.5,1,0.951219512
0,0.191780822,0.016033935,0.533333333,0,0,0.397959184,0.5,0.733333333,0.333333333,0.214285714,0,1,1,0.951219512
0,0.287671233,0.10210234,0.533333333,0.034110341,0,0.244897959,0.75,0.733333333,0.333333333,0.214285714,0,1,1,0.951219512
0,0.150684932,0.22061274,0.8,0,0,0.397959184,0.5,0.6,0.666666667,0.714285714,0.6,1,1,0.951219512
0,0.561643836,0.103787594,0.533333333,0,0,0.704081633,0.75,0.733333333,0,0.285714286,0.2,1,1,0.951219512
0,0.068493151,0.079593942,0.6,0,0,0.397959184,0.5,1,0.666666667,0.071428571,0.2,0.25,1,0
0,0.02739726,0.139492529,0.533333333,0,0.367768595,0.295918367,0,0.733333333,0.666666667,0,0.6,1,0,0.951219512
0,0.520547945,0.072429412,0.533333333,0,0,0.397959184,0.5,0.733333333,0.333333333,0.714285714,0.6,1,0,0.951219512
0,0.178082192,0.245020854,0.533333333,0,0,0.397959184,0.5,0.733333333,0,1,0.6,0.5,1,0.951219512
0,0.04109589,0.119154464,0.6,0,0,0.602040816,0.5,1,0.666666667,1,0.2,1,1,0.951219512
0,0.301369863,0.110827642,0.8,0,0,0.397959184,0.5,0.6,0.333333333,0.214285714,0,1,1,0.951219512
1,0.136986301,0.291132287,0.533333333,0,0,0.653061224,0.75,0.733333333,0.333333333,0.857142857,0,1,1,0.951219512
0,0.054794521,0.080863803,0.533333333,0,0,0.397959184,0.5,0.733333333,0.333333333,0.428571429,0,1,1,0.951219512
1,0.150684932,0.081455773,0.6,0,0,0.397959184,0.5,1,0.333333333,0.285714286,0,1,1,0.951219512
0,0.493150685,0.177417183,0.8,0,0,0.704081633,0.5,0.6,0,0.285714286,0.2,1,1,0.951219512
0,0.315068493,0.183883527,0.266666667,0,0,0.295918367,0.5,0.4,0,1,0.2,1,1,0.951219512
0,0.082191781,0.226644747,0.533333333,0,0,0.397959184,0.5,0.733333333,0.666666667,0.428571429,0.2,1,1,0.951219512
1,0.547945205,0.078101501,0.2,0,0,0.43877551,0.5,0.333333333,0.333333333,1,0,1,1,0.951219512
1,0.301369863,0.056942119,0.866666667,0,0,0.551020408,0.5,0.8,0.333333333,0.285714286,0,1,1,0.951219512
0,0.383561644,0.096035829,0.533333333,0,0,0.397959184,0.5,0.733333333,0,0.428571429,0.8,0.5,0,0.951219512
0,0.178082192,0.016862693,0.666666667,0,0,0.397959184,0.5,0.533333333,0.333333333,0.214285714,0,1,1,0.951219512
0,0.287671233,0.064402296,0.266666667,0,0,0.112244898,0,0.4,0.666666667,0,0.6,1,0,0.951219512
0,0.123287671,0.088479584,0.6,0.024070241,0,0.5,0.5,1,0.333333333,0.285714286,0,1,1,0.951219512
1,0.616438356,0.070006732,0.866666667,0,0,0.397959184,0.25,0.8,0.333333333,0.714285714,1,1,0,0.951219512
0,0.205479452,0.052878836,0.333333333,0,0,0.397959184,0.5,0,0.333333333,0.214285714,0,1,1,0.951219512
0,0.534246575,0.099106632,0.4,0,0,0.551020408,0.5,0.066666667,0.333333333,0.857142857,0,1,1,0.951219512
0,0.273972603,0.056332559,0.6,0,0,0.448979592,0.5,1,0,0.857142857,0.2,1,0,0.951219512
0,0.342465753,0.048965067,0.6,0,0,0.295918367,0.5,1,0,0.214285714,0.6,1,1,0.951219512
0,0.452054795,0.196254689,0.8,0,0,0.397959184,0.5,0.6,0.333333333,0.714285714,0,1,1,0.951219512
0,0.232876712,0.118082152,0.533333333,0,0,0.704081633,0.5,0.733333333,0.333333333,0.428571429,0,1,1,0.951219512
0,0.438356164,0.138127277,0.666666667,0,0,0.448979592,0.125,0.533333333,0,0.285714286,0.8,0.5,0,0.951219512
0,0.150684932,0.069269306,0.866666667,0,0,0.397959184,0.5,0.8,0.666666667,0.714285714,0.8,0,0,0.951219512
0,0.616438356,0.011868495,0.533333333,0,0,0.397959184,0.5,0.733333333,0.333333333,1,0,1,1,0.951219512
0,0.095890411,0.112284903,0.6,0,0,0.397959184,0.5,1,0.333333333,0.642857143,1,1,0,0
1,0.452054795,0.160211486,0.6,0,0,0.602040816,0.5,1,0.333333333,1,0,1,1,0.951219512
1,0.328767123,0.076226139,0.8,1,0,0.602040816,0.5,0.6,0.833333333,0.714285714,0.2,0.5,0,0.951219512
1,0.315068493,0.141187932,1,0.03103031,0,0.397959184,0.5,0.666666667,0.333333333,0.285714286,0,0.25,1,0.463414634
0,0.109589041,0.064755449,0.266666667,0,0,0.142857143,0.75,0.4,0.666666667,0.214285714,0.2,1,1,0.951219512
1,0.534246575,0.179226921,0.8,0,0,0.397959184,0.25,0.6,0.333333333,0.785714286,0,1,1,0.951219512
1,0.424657534,0.212272387,0.8,0,0,0.43877551,0.125,0.6,0.333333333,0.714285714,0,1,1,0.951219512
0,0.232876712,0.096041918,0.8,0.048650487,0,0.551020408,0.875,0.6,0,0.714285714,0.2,1,1,0.951219512
0,0.328767123,0.228275878,0.733333333,0,0,0.397959184,0.5,0.466666667,0.333333333,0.357142857,0,0.25,1,0.951219512
0,0.301369863,0.103462856,0.8,0,0,0.142857143,0.5,0.6,0.666666667,0.857142857,0.2,1,0,0.756097561
0,0.479452055,0.094774764,0.6,0.050130501,0,0.397959184,0.5,1,0.333333333,0.928571429,0,1,1,0.951219512
1,0.150684932,0.133223734,0.866666667,0,0,0.448979592,0.5,0.8,0.333333333,0.714285714,0,1,1,0.951219512
0,0.438356164,0.03660067,0.533333333,0.050130501,0,0.397959184,0.5,0.733333333,0.333333333,0.857142857,0,1,1,0.951219512
0,0.150684932,0.117686378,0.6,0,0,0.397959184,0.5,1,0.666666667,0.071428571,0.8,0.5,0,0.951219512
0,0.342465753,0.062002618,0.666666667,0,0,0.397959184,0.5,0.533333333,0,0.714285714,0.8,1,0,0.951219512
1,0.342465753,0.096128515,0.533333333,0,0,0.5,0.5,0.733333333,0.333333333,1,0,1,1,0.951219512
1,0.232876712,0.225571082,0.533333333,0,0,0.448979592,0.75,0.733333333,0.666666667,0.214285714,0.2,1,1,0.951219512
0,0.054794521,0.150565416,0.6,0,0,0.295918367,0,1,0.666666667,0,0.6,1,1,0.951219512
1,0.534246575,0.023751197,0.666666667,0,0,0.397959184,0.5,0.533333333,0.333333333,0.928571429,0,1,1,0.951219512
0,0.01369863,0.285487259,0.4,0,0,0.142857143,0.5,0.066666667,0.666666667,0.071428571,0.6,1,0,0.951219512
1,0.260273973,0.249188324,0.8,0,0,0.346938776,0.25,0.6,0.333333333,0.071428571,1,1,0,0.268292683
0,0.054794521,0.243790909,0.533333333,0,0,0.397959184,0.5,0.733333333,0.666666667,0.857142857,0.6,0.5,1,0.951219512
0,0.232876712,0.079486373,0.533333333,0,0,0.397959184,0.5,0.733333333,0,1,0.2,1,1,0.951219512
0,0.369863014,0.015479851,0.6,0,0,0.755102041,0.75,1,0.333333333,0.357142857,0,1,1,0.951219512
0,0.136986301,0.233404031,0.533333333,0,0,0.397959184,0.75,0.733333333,0.666666667,0.857142857,0.2,0.5,1,0.951219512
0,0.589041096,0.200473576,0.533333333,0,0,0.5,0.5,0.733333333,0.333333333,0.857142857,0,1,1,0.951219512
0,0.095890411,0.188307405,0.6,0,0,0.408163265,0.125,1,0.666666667,0.071428571,0.2,0.5,0,0.951219512
0,0.109589041,0.073054532,0.8,0,0,0.704081633,0.5,0.6,0.666666667,0.714285714,0.6,1,1,0.951219512
0,0.04109589,0.146403358,0.4,0,0,0.397959184,0.5,0.066666667,0.333333333,0.571428571,0,1,1,0.951219512
0,0.493150685,0.104947856,0.8,0,0,0.397959184,0.125,0.6,0,0.928571429,0.2,0,1,0.951219512
0,0.123287671,0.127428515,0.6,0,0,0.397959184,0.5,1,0.333333333,0.5,0,1,1,0.951219512
0,0.109589041,0.247637701,0.533333333,0,0.459366391,0.5,0.5,0.733333333,0.666666667,0.214285714,0.2,1,1,0.951219512
1,0.178082192,0.070260433,0.8,0.278282783,0,0.602040816,0.5,0.6,0.666666667,0.285714286,0.2,1,1,0.951219512
0,0.520547945,0.123231954,0.266666667,0,0,0.397959184,0.5,0.4,0.333333333,0.5,1,1,0,0.951219512
1,0.328767123,0.017308531,0.533333333,0,0.436639118,0.397959184,0.5,0.733333333,0.333333333,0.857142857,0,1,1,0.951219512
0,0.561643836,0.130656275,0.533333333,0,0,0.397959184,0.5,0.733333333,0.333333333,0.214285714,0,1,1,0.951219512
0,0.02739726,0.054514026,0.533333333,0,0,0.193877551,0.5,0.733333333,0.666666667,0.857142857,0.6,1,1,0.951219512
0,0.301369863,0.120246395,0.8,0,0,0.602040816,0.75,0.6,0.333333333,0.857142857,0,1,1,0.951219512
0,0.01369863,0.154181508,0.533333333,0,0,0.448979592,0,0.733333333,0.666666667,0,0.6,1,0,0.951219512
0,0.369863014,0.179619312,0.866666667,0,0,1,0.75,0.8,0.666666667,0.357142857,0.6,1,1,0.951219512
0,0.438356164,0.045829316,0.2,0,0,0.5,0.5,0.333333333,0.333333333,0.214285714,0,1,1,0.951219512
1,0.575342466,0.100361609,0.8,0,0,0.602040816,0.5,0.6,0.333333333,0.214285714,0,1,1,0.951219512
0,0.438356164,0.087119744,0.6,0,0.536960514,0.5,0.625,1,0,0.285714286,0.2,1,1,0.951219512
1,0.232876712,0.118082152,0.933333333,0.150241502,0,0.397959184,0.625,0.933333333,0.333333333,0.714285714,0,1,1,0.951219512
0,0.123287671,0.051571089,0.8,0,0,0.397959184,0,0.6,0.666666667,0,0.2,1,1,0.951219512
0,0.684931507,0.278243574,0.6,0,0,0.397959184,0.875,1,0.333333333,1,0,1,1,0.951219512
0,0.246575342,0.188037467,0.533333333,0,0,0.448979592,0.5,0.733333333,0.666666667,0.285714286,0.2,1,1,0.951219512
0,0.438356164,0.075385203,0.8,0,0,0.448979592,0.5,0.6,0,0.285714286,0.2,1,1,0.951219512
0,0.123287671,0.128454823,0.533333333,0,0,0.295918367,0.5,0.733333333,0.333333333,0.571428571,0.6,1,0,0.951219512
1,0.410958904,0.109364292,0.8,0,0,0.571428571,0.5,0.6,0.333333333,0.285714286,0,1,1,0.951219512
1,0.465753425,0.167157495,0.6,0,0,0.602040816,0.5,1,0.333333333,0.285714286,0,1,1,0.951219512
0,0.383561644,0.040279681,0.6,0,0,0.193877551,0.125,1,0.333333333,0.071428571,0,0.5,1,0.951219512
0,0.342465753,0.105110225,0.6,0,0,0.346938776,0.5,1,0.333333333,0.5,0,1,1,0.951219512
0,0.219178082,0.045909824,0.533333333,0,0,0.602040816,0.5,0.733333333,0.333333333,1,0,1,1,0.951219512
0,0.328767123,0.09256181,0.533333333,0,0,0.397959184,0.5,0.733333333,0.5,0.214285714,0.2,1,1,0.756097561
0,0.397260274,0.173190855,0.8,0,0,0.397959184,0.5,0.6,0.666666667,0.714285714,0.2,1,0,0.951219512
0,0.534246575,0.166832757,0.6,0,0,0.397959184,0.625,1,0.333333333,0.214285714,0,1,1,0.951219512
0,0.520547945,0.13057915,0.6,0,0,0.5,0.75,1,0.333333333,0.857142857,1,1,0,0.951219512
0,0.109589041,0.078139387,0.6,0,0,0.397959184,0.5,1,0.666666667,0.857142857,0.8,1,0,0.951219512
1,0.410958904,0.20943296,0.8,0,0,0.5,0.25,0.6,0.666666667,0.714285714,0.2,1,0,0.951219512
0,0.068493151,0.236993739,0.733333333,0,0,0.142857143,0.5,0.466666667,0.666666667,0.857142857,0.2,1,0,0.951219512
1,0.397260274,0.24701461,0.533333333,0,0.436639118,0.704081633,0.5,0.733333333,0.333333333,1,0,1,1,0.048780488
0,0.424657534,0.028735247,0.533333333,0,0,0.37755102,0.5,0.733333333,0,0.714285714,0.8,1,0,0.951219512
0,0.260273973,0.107269732,0.866666667,0,0,0.346938776,0.5,0.8,0.333333333,0.285714286,0,1,1,0.951219512
0,0.315068493,0.071463993,0.533333333,0,0,0.5,0.5,0.733333333,0.333333333,0.714285714,0,0,1,0.951219512
0,0.369863014,0.133147962,0.8,0,0,0.397959184,0.5,0.6,0.666666667,0.714285714,0.2,1,1,0.951219512
0,0.356164384,0.108299422,0.533333333,0,0,0.479591837,0.5,0.733333333,0.833333333,0.285714286,0.2,1,0,0.951219512
0,0.301369863,0.186061978,0.6,0,0,0.397959184,0.5,1,0.833333333,0.071428571,0.8,0.5,0,0.951219512
0,0.150684932,0.004810181,0.6,0,0,0.37755102,0.875,1,0.666666667,0.071428571,0.2,1,0,0.951219512
0,0.219178082,0.219046556,0.533333333,0,0,0.5,0.5,0.733333333,0.333333333,0.285714286,0,1,1,0.951219512
0,0.219178082,0.096685982,0.266666667,0,0,0.346938776,0.5,0.4,0,0.5,0.2,1,1,0.951219512
0,0.123287671,0.153224208,0.533333333,0,0,0.602040816,0.5,0.733333333,0.333333333,0.5,0,1,1,0.951219512
0,0.191780822,0.336292508,0.133333333,0,0,0.448979592,0.5,0.266666667,0.666666667,0.5,0.2,1,1,0.634146341
1,0.493150685,0.187627485,0.933333333,0,0,0.448979592,0.5,0.933333333,0.333333333,0.285714286,0,1,1,0
0,0.315068493,0.104215166,0.6,0,0,0.346938776,0.875,1,0,0.071428571,0.2,0.5,0,0.951219512
0,0.02739726,0.030349465,0.533333333,0,0,0.244897959,0.5,0.733333333,0.666666667,0.571428571,0.6,1,0,0.951219512
0,0.191780822,0.175753578,0.666666667,0,0,0.397959184,0.5,0.533333333,0,1,0.2,1,1,0.951219512
0,0.04109589,0.19000619,0.6,0,0,0.346938776,0,1,0.666666667,0,0.6,1,0,0.951219512
1,0.260273973,0.058823569,0.6,0,0.433195592,0.397959184,0.5,1,0.333333333,0.714285714,0,1,1,0.951219512
0,0,0.103364082,0.333333333,0,0.395087236,0.397959184,0,0,0.666666667,0,0.6,1,1,0.951219512
0,0.342465753,0.062274586,0.533333333,0,0,0.397959184,0.25,0.733333333,0.333333333,0.357142857,0,1,1,0.195121951
0,0.082191781,0.04750104,0.6,0,0,0.275510204,0.5,1,0.666666667,0.857142857,0.6,1,0,0.951219512
0,0.671232877,0.023267472,0.6,0,0,0.193877551,0.5,1,1,0.571428571,0.8,0.5,0,0.951219512
0,0.164383562,0.170180263,0.8,0,0,0.397959184,0.5,0.6,0.666666667,0.071428571,0.6,1,0,0.951219512
0,0.465753425,0.08581335,0.6,0,0,0.5,0.625,1,0,0.285714286,0.8,1,0,0.951219512
0,0.424657534,0.259169956,0.6,0,0,0.397959184,0.5,1,0,0.428571429,0.4,0.5,1,0.951219512
1,0.191780822,0.135912294,0.533333333,0,0,0.602040816,0.5,0.733333333,0.333333333,1,0,1,1,0.951219512
0,0.109589041,0.077471645,0.533333333,0,0,0.397959184,0,0.733333333,0.5,0,0.2,1,1,0.951219512
1,0.438356164,0.158240732,0.533333333,0,0,0.397959184,0.5,0.733333333,0.333333333,0.857142857,0,1,1,0.951219512
0,0.342465753,0.753207971,0.533333333,0,0,0.397959184,0.25,0.733333333,0,0.571428571,0.2,0.5,1,0.951219512
0,0.493150685,0.073440835,0.6,0,0,0.397959184,0.5,1,0.333333333,0.214285714,0,1,1,0.951219512
1,0.246575342,0.263609394,0.533333333,0,0.433195592,0.418367347,0.5,0.733333333,0.333333333,0.071428571,1,1,0,0.951219512
0,0.123287671,0.010879397,0.8,0,0,0.397959184,0.875,0.6,0.666666667,0.714285714,0.2,1,1,0.951219512
0,0.109589041,0.019499159,0.8,0,0,0.397959184,0,0.6,0.5,0,0.2,1,1,0.048780488
1,0.246575342,0.130101514,0.666666667,0,0,0.397959184,0.5,0.533333333,0.333333333,0.571428571,1,0.5,0,0.951219512
0,0.397260274,0.171157183,0.866666667,0,0,0.602040816,0.5,0.8,0.333333333,0.714285714,0,1,1,0.951219512
1,0.424657534,0.096997866,0.666666667,0.076880769,0,0.397959184,0.5,0.533333333,0.333333333,0.214285714,0,1,1,0.951219512
0,0.068493151,0.053183277,0.6,0,0,0.397959184,0.5,1,0.666666667,0.857142857,0.6,1,0,0.951219512
0,0.109589041,0.1640576,0.8,0,0,0.397959184,0.5,0.6,0.666666667,0.285714286,0.2,1,0,0.951219512
1,0.232876712,0.050694973,0.866666667,0,0.433195592,0.5,0.5,0.8,0.333333333,0.285714286,0,1,1,0.951219512
0,0.657534247,0.056395477,0.733333333,0,0,0.397959184,0.5,0.466666667,0,0.857142857,0.2,1,0,0.951219512
0,0.863013699,0.050897934,0.6,0,0.416896235,0.602040816,0.5,1,0.666666667,0.714285714,0.2,1,1,0.951219512
0,0.150684932,0.103029873,0.6,0,0,0.397959184,0.5,1,0.333333333,0.071428571,0,1,1,0.951219512
0,0.219178082,0.160442861,0.533333333,0,0,0.397959184,0.5,0.733333333,0.666666667,0.571428571,0.6,0.5,0,0.951219512
0,0.452054795,0.012446258,0.866666667,0,0,0.5,0.25,0.8,0.333333333,0.714285714,0,1,1,0.951219512
0,0.136986301,0.129550813,0.733333333,0,0,0.551020408,0.5,0.466666667,0.333333333,0.285714286,0,1,1,0.951219512
1,0.410958904,0.268249088,0.666666667,0,0,0.397959184,0.5,0.533333333,0.333333333,0.714285714,0,1,1,0.951219512
0,0.465753425,0.011990271,0.533333333,0,0,0.602040816,0.5,0.733333333,0.333333333,1,0,1,1,0.951219512
1,0.383561644,0.069124527,0.533333333,0,0,0.5,0.5,0.733333333,0.333333333,0.214285714,0,1,1,0.951219512
0,0.424657534,0.060481762,0.533333333,0,0,0.397959184,0.5,0.733333333,0.333333333,0.857142857,0,1,1,0.951219512
0,0.397260274,0.107603265,0.6,0,0,0.397959184,0.5,1,0,0.285714286,0.2,1,1,0.951219512
0,0.438356164,0.107741955,0.6,0,0,0.602040816,0.75,1,0.333333333,0.357142857,0,1,1,0.951219512
0,0.068493151,0.13600092,0.6,0,0,0.346938776,0.5,1,0.666666667,0.571428571,0.6,1,0,0.951219512
1,0.479452055,0.038357638,0.8,0,0,0.5,0.5,0.6,0.333333333,0.285714286,0,1,1,0.951219512
1,0.465753425,0.202328642,0.8,0,0,0.397959184,0.5,0.6,0.333333333,0.285714286,0,1,1,0.951219512
0,0.589041096,0.019800895,0.6,0,0,0.397959184,0,1,1,0,0.2,0.5,0,0.951219512
0,0.150684932,0.204992169,0.6,0,0,0.397959184,0.5,1,0.666666667,0.714285714,0.2,0.5,1,0.951219512
0,0.616438356,0.207897897,0.533333333,0,0,0.316326531,0.5,0.733333333,1,0.857142857,0.2,1,0,0.951219512
0,0,0.114152146,0.333333333,0,0,0.142857143,0.5,0,0.666666667,0.571428571,0.4,1,1,0.951219512
1,0.452054795,0.005757333,0.6,0,0,0.397959184,0.25,1,0.333333333,0.785714286,0,1,1,0.951219512
0,0.520547945,0.109729622,0.333333333,0,0,0.285714286,0.5,0,0.666666667,0.571428571,0.2,1,1,0.951219512
1,0.369863014,0.001003981,0.6,0,0,0.397959184,0.5,1,0.333333333,0.285714286,0,0,1,0.951219512
1,0.123287671,0.074902156,0.866666667,0.086140861,0,0.397959184,0.5,0.8,0.666666667,0.714285714,0.2,1,1,0.951219512
0,0.054794521,0.06091407,0.6,0,0,0.295918367,0,1,0.666666667,0,0.6,1,1,0.951219512
0,0.082191781,0.01048024,0.666666667,0,0,0.397959184,0.5,0.533333333,0.666666667,0.5,0.2,1,1,0.951219512
0,0.191780822,0.004875128,0.6,0,0,0.397959184,0.5,1,0.666666667,0.214285714,0.2,1,1,0.951219512
1,0.698630137,0.038538273,0.533333333,0,0,0.5,0.75,0.733333333,0.333333333,0.357142857,0,1,1,0.951219512
0,0.109589041,0.138310619,0.533333333,0,0,0.397959184,0.5,0.733333333,0,0.285714286,0.6,1,1,0.951219512
0,0.794520548,0.205555048,0.6,0,0,0.071428571,0.5,1,1,0.714285714,0.2,1,0,0.951219512
0,0.01369863,0.236799572,0.466666667,0,0,0.142857143,0.5,0.133333333,0.666666667,0.571428571,0.6,1,1,0.951219512
0,0.082191781,0.092295931,0.8,0,0,0.37755102,0.5,0.6,0.666666667,0.071428571,0.2,1,0,0.951219512
0,0.150684932,0.275870957,0.533333333,0,0,0.397959184,0.75,0.733333333,0.333333333,0.214285714,0,1,1,0.536585366
0,0.136986301,0.13814622,0.8,0,0,0.397959184,0.5,0.6,0.666666667,0.714285714,0.2,1,0,0.951219512
1,0.465753425,0.056599791,0.8,0,0,0.5,0.5,0.6,0.333333333,0.714285714,0,1,1,0.951219512
0,0.315068493,0.175296239,0.733333333,0,0,0.397959184,0.5,0.466666667,0,0.285714286,0.2,1,0,0.951219512
0,0.383561644,0.063476117,0.6,0,0,1,0.75,1,0.333333333,0.571428571,1,1,0,0.951219512
0,0.054794521,0.144708632,0.8,0,0,0.397959184,0.5,0.6,0.666666667,0.428571429,0.2,1,1,0.951219512
1,0.698630137,0.038538273,0.533333333,0,0,0.091836735,0.75,0.733333333,0.333333333,0.357142857,0,1,1,0.951219512
0,0.301369863,0.131226596,0.8,0,0,0.397959184,0.625,0.6,0.333333333,0.714285714,1,1,0,0.951219512
0,0.630136986,0.10952869,0.8,0,0,0.193877551,0.75,0.6,0.333333333,0.714285714,0,1,1,0.951219512
0,0.643835616,0.149177838,0.8,0,0,0.397959184,0,0.6,0.333333333,0,0,1,1,0.951219512
0,0.369863014,0.188237045,0.533333333,0,0,0.397959184,0.5,0.733333333,1,0.285714286,0.8,0.5,0,0.951219512
1,0.452054795,0.144922418,0.6,0,0,0.520408163,0.25,1,0.333333333,0.785714286,0,1,1,0.951219512
1,0.438356164,0.016959438,0.866666667,0,0,0.397959184,0.25,0.8,0.333333333,0.285714286,0,1,1,0.951219512
1,0.342465753,0.047273724,0.533333333,0,0,0.724489796,0.875,0.733333333,0.333333333,0.785714286,0,1,1,0.951219512
1,0.424657534,0.135760073,0.866666667,0.150241502,0,0.397959184,0.875,0.8,0.333333333,0.714285714,0,1,1,0.951219512
1,0.356164384,0.078676558,0.533333333,0.076880769,0,0.602040816,0.5,0.733333333,0.333333333,0.857142857,0,1,1,0.951219512
0,0.369863014,0.146288347,0.533333333,0,0,0.193877551,0.5,0.733333333,0.666666667,0.571428571,0.8,1,1,0.780487805
0,0.260273973,0.116547765,0.8,0,0,0.397959184,0.125,0.6,0.333333333,0.285714286,1,1,0,0.951219512
0,0.136986301,0.013107235,0.6,0,0,0.448979592,0.5,1,0.333333333,0.214285714,0,1,1,0.951219512
0,0.273972603,0.061648113,0.533333333,0,0,0.397959184,0.5,0.733333333,0.666666667,0.357142857,0.2,0.5,1,0.951219512
0,0.328767123,0.060426963,0.666666667,0,0,0.397959184,0.875,0.533333333,0.333333333,0.214285714,0,1,1,0.951219512
0,0.410958904,0.112121181,0.333333333,0,0,0.193877551,0,0,0.333333333,0,1,1,0,0.12195122
0,0.02739726,0.144433958,0.6,0,0,0.448979592,0.5,1,0.666666667,0.214285714,0.2,1,1,0.634146341
0,0,0.014427835,0.4,0,0,0.397959184,0.5,0.066666667,0.666666667,0.571428571,0.6,1,1,0.951219512
0,0.178082192,0.180119274,0.4,0,0,0.397959184,0.75,0.066666667,0.666666667,0.357142857,0.6,0.5,1,0.951219512
1,0.602739726,0.115992328,0.6,0,0,0.448979592,0.5,1,0.333333333,0.857142857,0,1,1,0.951219512
0,0.01369863,0.109542898,0.533333333,0,0,0.602040816,0.625,0.733333333,0.666666667,1,0.6,1,1,0.951219512
1,0.397260274,0.096882854,0.533333333,0,0,0.581632653,0.5,0.733333333,0.333333333,0.071428571,0,1,1,0.951219512
0,0.410958904,0.026583858,0.6,0,0,0.5,0.25,1,0.333333333,0.785714286,0,1,1,0.951219512
1,0.561643836,0.151754769,0.6,0,0,0.397959184,0.5,1,0.333333333,0.285714286,0,1,1,0.951219512
0,0.438356164,0.179383201,0.533333333,0,0,0.5,0.5,0.733333333,0.333333333,1,0,1,1,0.951219512
0,0.219178082,0.303171945,0.533333333,0.033250333,0,0.5,0.5,0.733333333,0.666666667,0.857142857,0.2,1,1,0.951219512
0,0.068493151,0.062228582,0.6,0,0,0.193877551,0.5,1,0.666666667,0.857142857,0.6,1,0,0.951219512
0,0.410958904,0.182067025,0.133333333,0,0,0.316326531,0.5,0.266666667,0,0.857142857,0.4,1,0,0.634146341
0,0.04109589,0.147895123,0.6,0,0,0.448979592,0.5,1,0.666666667,0.857142857,0.2,1,1,0.951219512
0,0.246575342,0.134735795,0.733333333,0,0,0.448979592,0.5,0.466666667,0.333333333,0.714285714,0,1,1,0.951219512
0,0.232876712,0.12234975,0.533333333,0,0,0.5,0.5,0.733333333,0,0.5,0.2,1,0,0.951219512
0,0.136986301,0.15886247,0.333333333,0,0,0.397959184,0.5,0,0,0.428571429,0.6,1,1,0.951219512
0,0.808219178,0.070957943,0.2,0,0,0.295918367,0.75,0.333333333,0.666666667,0.357142857,0.2,1,1,0.951219512
0,0.616438356,0.030676909,0.6,0.046500465,0,0.397959184,0.125,1,0,0.928571429,0.2,0.5,1,0.951219512
0,0.054794521,0.057207321,0.533333333,0,0,0.397959184,0,0.733333333,0.333333333,0,0.4,1,0,0.951219512
0,0.534246575,0.097819182,0.533333333,0,0,0.397959184,0.75,0.733333333,0.333333333,0.214285714,0,1,1,0.951219512
0,0.178082192,0.144594974,0.8,0,0,0.397959184,0.5,0.6,0.666666667,0.714285714,0.2,0.5,1,0.951219512
1,0.287671233,0.11774456,0.6,0,0,0.37755102,0.5,1,0.333333333,0.285714286,1,1,0,0.951219512
0,0.246575342,0.218805032,0.6,0,0,0.397959184,0.75,1,0.333333333,0.285714286,0,1,1,0.951219512
0,0.547945205,0.239682298,0.6,0,0,0.397959184,0,1,0,0,0.2,1,0,0.951219512
1,0.424657534,0.057896713,0.8,0,0,0.448979592,0.5,0.6,0.333333333,0.714285714,0,1,1,0.536585366
1,0.465753425,0.117729676,0.8,0,0,0.397959184,0.5,0.6,0.333333333,0.857142857,0,1,1,0.951219512
0,0.328767123,0.156497972,0.133333333,0,0,0.397959184,0.5,0.266666667,0.333333333,0.071428571,0,1,1,0.634146341
0,0.109589041,0.123613521,0.6,0,0,0.397959184,0.75,1,0,0.714285714,0.2,1,0,0.951219512
1,0.191780822,0.131612222,0.8,0,0,0.5,0.125,0.6,0,0.785714286,0.2,1,1,0.951219512
0,0.356164384,0.19471692,0.6,0,0,0.397959184,0.5,1,0.666666667,0.571428571,0.2,1,0,0.951219512
0,0.315068493,0.076198401,0.533333333,0,0,0.397959184,0.5,0.733333333,0.333333333,0.5,0,1,1,0.951219512
1,0.136986301,0.18083505,0.8,0.105201052,0,0.448979592,0.5,0.6,0.666666667,0.857142857,0.2,1,1,0.951219512
1,0.205479452,0.134911018,0.733333333,0,0.340909091,0.397959184,0.5,0.466666667,0.333333333,0.285714286,1,1,0,0.951219512
0,0.438356164,0.071871945,0.533333333,0,0,0.448979592,0.5,0.733333333,0,0.071428571,0.2,1,0,0.951219512
0,0.561643836,0.117158678,0.4,0,0,0.397959184,0.5,0.066666667,0.333333333,0.5,0,1,1,0.951219512
0,0.369863014,0.085622567,0.533333333,0,0,0.448979592,0.5,0.733333333,0.333333333,0.5,0,1,1,0.951219512
1,0.136986301,0.131970111,0.8,0,0,0.397959184,0.5,0.6,0.333333333,0.928571429,0,0.25,1,0.463414634
0,0.150684932,0.238588337,0.866666667,0,0,0.5,0.5,0.8,0.666666667,0.714285714,0.2,1,1,0.951219512
0,0.465753425,0.04769453,0.533333333,0,0,0.397959184,0.5,0.733333333,0.333333333,0.214285714,0,1,1,0.951219512
0,0.178082192,0.152830463,0.533333333,0,0.472222222,0.479591837,0.5,0.733333333,0.333333333,0.5,0.4,1,1,0.951219512
0,0.232876712,0.022486072,0.533333333,0,0,0.397959184,0.5,0.733333333,0.666666667,0.571428571,0.2,1,1,0.951219512
0,0.01369863,0.177098534,0.4,0,0,0.071428571,0.5,0.066666667,0.666666667,0.571428571,0.6,0.5,1,0.951219512
1,0.452054795,0.126036202,0.933333333,0,0,0.5,0.75,0.933333333,0.333333333,0.714285714,0,1,1,0.951219512
0,0.068493151,0.116683073,0.8,0,0,0.397959184,0,0.6,0.666666667,0,0.6,1,0,0.951219512
0,0.684931507,0.081415181,0.6,0,0,0.051020408,0,1,0.333333333,0,0,1,1,0.951219512
0,0.054794521,0.140415326,0.666666667,0,0,0.397959184,0,0.533333333,0.666666667,0,0.2,1,1,0.951219512
1,0.356164384,0.14940989,0.8,0,0,0.397959184,0.5,0.6,0,0.857142857,0.2,1,1,0.951219512
0,0.02739726,0.16928994,0.4,0,0,0.193877551,0.5,0.066666667,0.666666667,0.571428571,0.4,1,1,0.951219512
0,0.082191781,0.083019251,0.6,0,0,0.193877551,0,1,0.833333333,0,0.8,1,0,0.951219512
0,0.205479452,0.283649107,0.333333333,0,0,0.346938776,0.5,0,0.333333333,0.357142857,0,1,1,0.634146341
0,0.109589041,0.203421926,0.266666667,0,0,0.397959184,0.5,0.4,0.833333333,0.428571429,0.4,1,1,0.195121951
1,0.602739726,0.0869797,0.8,0,0,0.397959184,0.875,0.6,0.333333333,0.714285714,0,1,1,0.951219512
0,0.273972603,0.104330177,0.533333333,0,0,0.37755102,0.5,0.733333333,0.666666667,0.071428571,0.6,1,1,0.951219512
1,0.342465753,0.01008176,0.866666667,0,0,0.602040816,0.625,0.8,0.333333333,0.357142857,0,1,1,0.951219512
0,0.04109589,0.081709475,0.266666667,0,0,0.397959184,0,0.4,0.666666667,0,0.6,1,1,0.951219512
0,0.02739726,0.105815853,0.533333333,0,0,0.244897959,0.5,0.733333333,0.666666667,0.857142857,0.6,1,0,0.951219512
0,0.082191781,0.189253204,0.533333333,0,0,0.448979592,0.5,0.733333333,0.666666667,0.285714286,0.2,1,1,0.951219512
0,0.356164384,0.029617452,0.8,0,0,0.602040816,0.125,0.6,0.333333333,0.857142857,0,1,1,0.951219512
0,0.493150685,0.064810925,0.2,0,0,0.448979592,0.5,0.333333333,0.333333333,0.357142857,0,1,1,0.951219512
0,0.178082192,0.119417637,0.6,0,0,0.193877551,0.5,1,0,0.571428571,0.6,1,0,0.951219512
1,0.191780822,0.07247474,0.8,0,0,0.602040816,0.75,0.6,0,0.285714286,0.8,1,1,0.951219512
1,0.219178082,0.186469253,0.6,0,0,0.5,0.5,1,0.333333333,1,0,0.5,1,0.951219512
0,0.479452055,0.01255721,0.6,0,0,0.397959184,0.5,1,0,0.5,0.2,1,0,0.951219512
0,0.493150685,0.06661322,0.533333333,0,0,0.397959184,0.5,0.733333333,0.333333333,0.214285714,0,1,1,0.951219512
1,0.479452055,0.115397652,0.866666667,0.105201052,0,0.448979592,0.25,0.8,0.666666667,0.714285714,0.2,1,1,0.951219512
0,0.02739726,0.02141376,0.6,0,0,0.193877551,0.5,1,0.666666667,0.571428571,0.4,1,0,0.951219512
0,0.164383562,0.137485243,0.533333333,0,0,0.397959184,0.5,0.733333333,0.333333333,0.5,0,1,1,0.951219512
0,0.205479452,0.19225906,0.866666667,0,0,0.602040816,0.25,0.8,0.666666667,0.714285714,0.2,1,1,0.951219512
1,0.506849315,0.223904771,0.8,0,0,0.397959184,0.5,0.6,0.333333333,0.857142857,0,1,1,0.951219512
0,0.095890411,0.124842113,0.6,0,0,0.5,0.25,1,0.666666667,0.785714286,0.2,1,1,0.951219512
1,0.356164384,0.399311285,0.866666667,0,0,0.5,0.625,0.8,0.333333333,0.285714286,0,1,1,0.951219512
0,0.438356164,0.240002977,0.733333333,0.046500465,0,0.397959184,0.5,0.466666667,0,0.071428571,0.2,1,0,0.951219512
0,0.246575342,0.106817805,0.6,0,0,0.397959184,0.5,1,0,0.5,0.2,1,1,0.951219512
0,0.01369863,0.114652784,0.533333333,0,0,0.295918367,0.5,0.733333333,0.666666667,0.857142857,0.2,1,1,0.951219512
1,0.205479452,0.064927966,0.466666667,0,0,0.602040816,0.5,0.133333333,0.333333333,1,0,1,1,0.951219512
0,0.246575342,0.224013693,0.6,0,0,0.397959184,0.5,1,0.666666667,0.857142857,0.2,1,0,0.951219512
0,0.438356164,0.127130162,0.533333333,0,0,0.397959184,0.5,0.733333333,0.333333333,0.571428571,0,0.5,1,0.951219512
0,0,0.070590583,0.4,0,0.394628099,0.173469388,0.5,0.066666667,0.666666667,0.428571429,0.6,1,1,0.951219512
1,0.369863014,0.179527303,0.533333333,0,0.436639118,0.397959184,0.5,0.733333333,0.333333333,0.857142857,0,1,1,0.951219512
0,0.260273973,0.146976385,0.533333333,0,0,0.397959184,0,0.733333333,0.333333333,0,0,1,1,0.951219512
0,0.095890411,0.092032758,0.6,0,0,0.397959184,0.5,1,0.333333333,0.071428571,0,0.5,1,0.951219512
1,0.287671233,0.129591405,0.6,0,0,0.5,0.5,1,0.333333333,0.857142857,0,1,1,0.951219512
0,0.520547945,0.123437622,0.333333333,0,0,0.448979592,0,0,1,0,0.2,1,0,0.951219512
1,0.383561644,0.012133021,0.6,0,0,0.397959184,0.875,1,0.333333333,0.785714286,0,1,1,0.951219512
1,0.287671233,0.160172923,0.733333333,0.03103031,0,0.397959184,0.5,0.466666667,0.333333333,0.928571429,0,1,1,0.951219512
0,0.465753425,0.054243411,0.533333333,0,0,0.397959184,0.5,0.733333333,0.333333333,0.071428571,0,1,1,0.951219512
1,0.547945205,0.160195249,0.6,1,0,0.602040816,0.625,1,0.333333333,0.285714286,0,1,1,0.951219512
0,0.561643836,0.135475927,0.533333333,0,0,0.397959184,0.5,0.733333333,0.333333333,0.214285714,0,1,1,0.951219512
1,0.123287671,0.193290779,0.8,0,0.453856749,0.755102041,0.5,0.6,0.333333333,0.857142857,0.2,0.25,0,0.024390244
0,0.082191781,0.074410313,0.533333333,0,0,0.397959184,0.5,0.733333333,0.666666667,0.214285714,0.6,1,0,0.951219512
1,0.369863014,0.143152596,0.533333333,0,0,0.5,0.625,0.733333333,0.333333333,0.857142857,0,1,1,0
0,0.219178082,0.104991154,0.733333333,0,0,0.397959184,0.25,0.466666667,0.333333333,0.071428571,0,1,1,0.951219512
1,0.328767123,0.089737943,0.8,0,0,0.397959184,0.875,0.6,0.333333333,0.714285714,0,1,1,0.951219512
0,0.493150685,0.007713202,0.8,0,0.399678604,0.397959184,0.5,0.6,0,0.285714286,0.2,1,0,0.951219512
0,0.369863014,0.232352016,0.6,0,0.454545455,0.448979592,0.5,1,0.833333333,0.285714286,0.2,1,1,0.219512195
0,0.506849315,0.065710719,0.8,0,0,0.5,0.75,0.6,0.333333333,0.357142857,0,1,1,0.951219512
0,0.109589041,0.1508225,0.6,0,0,0.397959184,0.5,1,0.666666667,0.071428571,0.2,1,0,0.951219512
0,0.369863014,0.18894538,0.533333333,0,0,0.397959184,0.5,0.733333333,0.333333333,0.357142857,0,0.75,1,0.951219512
0,0.095890411,0.11835615,0.533333333,0,0,0.397959184,0.5,0.733333333,0.666666667,0.428571429,0.6,0.5,0,0.951219512
0,0.356164384,0.259595498,0.533333333,0,0,0.551020408,0.5,0.733333333,0.333333333,1,0,1,1,0.951219512
0,0.410958904,0.014599676,0.6,0,0,0.479591837,0.5,1,0,0.285714286,0.2,1,0,0.951219512
0,0.191780822,0.126762803,0.866666667,0,0,0.295918367,0.5,0.8,0,0.571428571,0.2,0.75,0,0.951219512
0,0.082191781,0.040496172,0.8,0,0,0.397959184,0.75,0.6,0.666666667,0.285714286,0.2,1,0,0.951219512
0,0.698630137,0.013151886,0.533333333,0,0,0.397959184,0.25,0.733333333,0.333333333,0.357142857,0,1,1,0.951219512
0,0.191780822,0.136662574,0.6,0,0,0.397959184,0.5,1,0.333333333,0.214285714,0,1,1,0.951219512
0,0.178082192,0.132860434,0.733333333,0,0,0.244897959,0.5,0.466666667,0.666666667,0.714285714,0.2,0.5,0,0.951219512
1,0.150684932,0.058388556,0.6,0,0,0.397959184,0.25,1,0.333333333,0.785714286,0,1,1,0.951219512
0,0.273972603,0.310109836,0.6,0,0,0.397959184,0.125,1,0.666666667,0.214285714,0.2,1,1,0.951219512
0,0.01369863,0.103677319,0.466666667,0,0,0.142857143,0.5,0.133333333,0.666666667,0.571428571,0.6,1,1,0.951219512
0,0.095890411,0.061029081,0.533333333,0,0,0.397959184,0.5,0.733333333,0.333333333,0.428571429,0,1,1,0.951219512
0,0.191780822,0.048295295,0.6,0,0,0.397959184,0.25,1,0.666666667,0.071428571,0.2,0.5,0,0.951219512
0,0.04109589,0.120521069,0.6,0,0,0.397959184,0.5,1,0.666666667,0.571428571,0.2,1,0,0.951219512
0,0.123287671,0.160999652,0.066666667,0,0,0.551020408,0.5,0.2,0.666666667,0.428571429,0.2,1,1,0.634146341
1,0.328767123,0.076567791,0.6,0,0,0.397959184,0.5,1,0,0.214285714,0.2,1,1,0.951219512
0,0.178082192,0.097744763,0.533333333,0,0,0.397959184,0.5,0.733333333,0.666666667,0.285714286,0.6,1,1,0.951219512
1,0.273972603,0.280130436,0.8,0.150241502,0,0.397959184,0.5,0.6,0.333333333,0.857142857,0,1,1,0.951219512
0,0.04109589,0.183804372,0.6,0,0,0.142857143,0.5,1,0.666666667,0.428571429,0.4,1,1,0.951219512
0,0.04109589,0.151895489,0.533333333,0,0,0.397959184,0.5,0.733333333,0.666666667,0.071428571,0.2,1,1,0.951219512
0,0.630136986,0.037627654,0.266666667,0,0,0.397959184,0.5,0.4,0.833333333,0.357142857,0.2,0.5,1,0.951219512
0,0.438356164,0.124260291,0.8,0,0,0.346938776,0.5,0.6,0,0.928571429,0.8,1,0,0.951219512
0,0.150684932,0.221036252,0.533333333,0,0,0.193877551,0.5,0.733333333,0.666666667,1,0.6,1,1,0.951219512
0,0.260273973,0.119441992,0.266666667,0,0,0.5,0.5,0.4,0.333333333,1,0,1,1,0.951219512
1,0.849315068,0.043539237,0.866666667,0.200512005,0,0.397959184,0,0.8,0.333333333,0,0,1,1,0.756097561
0,0.095890411,0.116831234,0.8,0,0,0.397959184,0.25,0.6,0.666666667,0.714285714,0.2,1,0,0.951219512
0,0.095890411,0.264183098,0.266666667,0,0,0.112244898,0.5,0.4,0.666666667,0.428571429,0.6,1,1,0.951219512
0,0.136986301,0.175513407,0.6,0,0,0.295918367,0.5,1,0.666666667,0.571428571,0.6,1,0,0.951219512
0,0.150684932,0.160633645,0.6,0,0,0.397959184,0.5,1,0.333333333,0.714285714,0,1,1,0.951219512
0,0.246575342,0.112891081,0.8,0,0,0.193877551,0.25,0.6,0.666666667,0.714285714,0.2,1,0,0.951219512
0,0.054794521,0.046271772,0.533333333,0,0,0.397959184,0,0.733333333,0.666666667,0,0.2,1,0,0.951219512
0,0.095890411,0.296600738,0.733333333,0,0,0.346938776,0.5,0.466666667,0.666666667,0.857142857,0.2,1,1,0.951219512
0,0.301369863,0.205868285,0.866666667,0,0,0.551020408,0.25,0.8,0.666666667,0.714285714,0.2,1,0,0.951219512
0,0.273972603,0.302349276,0.8,0,0,0.43877551,0.5,0.6,0.666666667,0.857142857,0.2,1,0,0.951219512
1,0.534246575,0.134982055,0.8,0.150241502,0,0.5,0.625,0.6,0.333333333,0.857142857,0,1,1,0.951219512
0,0.301369863,0.144387954,0.666666667,0,0,0.397959184,0.5,0.533333333,0.333333333,0.071428571,0,1,1,0.12195122
1,0.438356164,0.117889339,0.866666667,0,0,0.397959184,0.25,0.8,0.333333333,0.785714286,0,1,1,0.951219512
0,0.150684932,0.058989321,0.533333333,0,0,0.397959184,0.5,0.733333333,0.333333333,0.071428571,0,0.5,1,0.951219512
0,0.082191781,0.227407881,0.8,0,0,0.397959184,0.5,0.6,0.666666667,0.928571429,0.2,1,1,0.951219512
1,0.479452055,0.007776797,0.666666667,0,0.453856749,0.448979592,0.5,0.533333333,0.333333333,0.285714286,0,1,1,0.951219512
0,0.383561644,0.022712712,0.533333333,0,0,0.275510204,0.5,0.733333333,0,0.071428571,0.2,1,0,0.951219512
1,0.205479452,0.17654648,0.8,0,0,0.397959184,0.5,0.6,0.333333333,0.285714286,1,1,0,0.951219512
0,0.01369863,0.108028807,0.533333333,0,0.367768595,0.193877551,0,0.733333333,0.666666667,0,0.6,1,0,0.951219512
0,0.684931507,0.077280185,0.6,0,0,0.030612245,0,1,1,0,0.2,1,0,0.951219512
0,0.232876712,0.15680715,0.533333333,0,0,0.397959184,0.5,0.733333333,0.666666667,0.5,0.8,0.5,1,0.951219512
0,0.191780822,0.015077988,0.666666667,0,0,0.448979592,0.5,0.533333333,0.333333333,0.428571429,0,1,1,0.951219512
0,0.287671233,0.027367965,0.6,0,0,0.397959184,0.5,1,0.333333333,0.214285714,0,1,1,0.951219512
0,0.753424658,0.104165102,0.533333333,0,0,0.010204082,0,0.733333333,0.333333333,0,1,1,0,0.951219512
1,0.232876712,0.100080846,0.8,0,0,0.551020408,0.5,0.6,0.666666667,0.285714286,0.2,1,0,0.951219512
0,0.465753425,0.111765323,0.533333333,0,0,0.397959184,0,0.733333333,0.333333333,0,0,1,1,0.951219512
0,0.02739726,0.114511388,0.6,0,0,0.397959184,0.5,1,0.666666667,0.071428571,0.6,1,0,0.951219512
0,0.424657534,0.043117078,0.533333333,0,0,0.244897959,0.5,0.733333333,1,0.571428571,0.8,1,0,0.951219512
0,0.082191781,0.106021521,0.6,0,0,0.397959184,0.5,1,0.666666667,0.285714286,0.6,1,1,0.951219512
0,0.01369863,0.076946652,0.533333333,0,0,0.193877551,0.5,0.733333333,0.666666667,0.214285714,0.6,1,0,0.951219512
0,0.150684932,0.155736868,0.533333333,0,0,0.397959184,0.5,0.733333333,0.333333333,0.857142857,0,1,1,0.951219512
1,0.342465753,0.096128515,0.866666667,0,0,0.551020408,0.5,0.8,0.333333333,0.214285714,0,1,1,0.951219512
1,0.205479452,0.029796734,0.8,0,0,0.071428571,0.75,0.6,0.333333333,0.714285714,1,1,0,0.951219512
0,0.136986301,0.140434269,0.533333333,0,0,0.397959184,0.5,0.733333333,0.333333333,1,0,1,1,0.951219512
0,0.260273973,0.100427233,0.533333333,0,0,0.602040816,0.5,0.733333333,0.333333333,0.5,0,1,1,0.951219512
0,0.315068493,0.124216993,0.6,0,0,0.397959184,0.5,1,0,1,0.2,0.5,0,0.951219512
1,0.191780822,0.063049221,0.8,0,0,0.5,0.5,0.6,0.333333333,0.857142857,0,1,1,0.951219512
0,0.191780822,0.108966488,0.533333333,0,0,0.295918367,0.5,0.733333333,0.666666667,0.571428571,0.2,1,0,0.951219512
0,0.383561644,0.100585543,0.6,0,0,0.346938776,0.75,1,0.666666667,0.857142857,0.6,1,0,0.951219512
0,0.082191781,0.152964418,0.533333333,0,0,0.397959184,0.25,0.733333333,0.666666667,0.071428571,0.6,1,0,0.951219512
0,0.767123288,0.182409352,0.4,0,0,0.020408163,0,0.066666667,0.333333333,0,0,1,1,0.951219512
0,0.424657534,0.076859378,0.8,0,0,0.397959184,0.5,0.6,0,0.285714286,0.4,1,1,0.951219512
0,0.178082192,0.156198943,0.533333333,0,0,0.397959184,0.5,0.733333333,0.333333333,0.285714286,0,1,1,0.951219512
0,0.04109589,0.130984396,0.6,0,0,0.091836735,0.875,1,0.666666667,0.071428571,0.6,1,0,0.951219512
0,0.095890411,0.08872855,0.6,0,0,0.234693878,0.5,1,0.666666667,0.428571429,0.6,1,1,0.951219512
1,0.547945205,0.126951557,0.8,0,0,0.397959184,0.5,0.6,0.333333333,0.285714286,0,1,1,0.951219512
0,0.082191781,0.206043508,0.6,0,0,0.397959184,0.5,1,0.333333333,0.571428571,0,1,1,0.951219512
0,0.054794521,0.288106135,0.533333333,0,0,0.5,0.5,0.733333333,0.666666667,0.857142857,0.2,1,1,0.951219512
1,0.657534247,0.29256181,0.933333333,0,0,0.479591837,0.5,0.933333333,0.5,0.214285714,0.2,1,1,0.43902439
0,0.328767123,0.170743142,0.6,0,0.895316804,0.397959184,0.5,1,0.833333333,0.714285714,0.6,1,0,0.951219512
0,0.315068493,0.043528413,0.533333333,0,0,0.397959184,0.625,0.733333333,0.333333333,0.428571429,0,1,1,0.951219512
0,0.301369863,0.043102194,0.533333333,0,0,0.448979592,0.5,0.733333333,0,0.285714286,0.8,1,0,0.951219512
0,0.369863014,0.210074318,0.533333333,0,0,0.397959184,0.5,0.733333333,0.833333333,0.5,0.6,0.5,1,0.951219512
0,0.095890411,0.254783965,0.533333333,0,0,0.479591837,0.5,0.733333333,0.666666667,0.5,0.2,1,1,0.951219512
0,0.219178082,0.024637461,0.666666667,0,0,0.653061224,0.75,0.533333333,0.333333333,0.357142857,0,1,1,0.951219512
1,0.561643836,0.194433451,0.866666667,0.150241502,0,0.428571429,0.875,0.8,0.333333333,0.071428571,0,1,1,0.951219512
1,0.506849315,0.047069409,0.533333333,0,0,0.397959184,0.5,0.733333333,0.333333333,0.071428571,0,1,1,0.951219512
0,0.575342466,0.130892387,1,0,0,0.5,0.5,0.666666667,0.666666667,0.714285714,0.2,1,1,0.951219512
0,0.054794521,0.100954932,0.533333333,0,0,0.397959184,0.5,0.733333333,0.666666667,0.5,0.6,1,1,0.951219512
1,0.287671233,0.08698173,0.533333333,0,0,0.397959184,0.25,0.733333333,0.333333333,0.785714286,0,1,1,0.951219512
0,0.191780822,0.031350064,0.533333333,0,0,0.397959184,0.25,0.733333333,0.666666667,1,0.6,1,1,0.951219512
0,0.479452055,0.114751559,0.533333333,0,0,0.193877551,0.5,0.733333333,0.5,0.357142857,0.4,1,1,0.634146341
0,0.082191781,0.017325445,0.533333333,0,0,0.397959184,0.5,0.733333333,0.833333333,0.571428571,0.6,1,0,0.951219512
0,0.876712329,0.074666721,0.6,0,0,0.142857143,0.5,1,0.333333333,0.857142857,0,1,1,0.951219512
0,0.191780822,0.110427132,0.8,0,0,0.5,0.5,0.6,0.666666667,0.714285714,0.2,1,1,0.951219512
0,0.178082192,0.225176661,0.933333333,0,0,0.5,0.5,0.933333333,0.333333333,0.714285714,0,1,1,0.951219512
0,0.753424658,0.219291462,0.133333333,0,0,0.397959184,0.75,0.266666667,0.333333333,0.357142857,0,1,1,0.951219512
1,0.520547945,0.23522324,0.8,0,0.433195592,0.397959184,0.5,0.6,0.333333333,0.285714286,0,1,1,0.951219512
0,0.109589041,0.152012529,0.533333333,0,0,0.397959184,0.5,0.733333333,0.833333333,0.214285714,0.6,1,1,0.634146341
0,0.342465753,0.042212548,0.866666667,0,0.459366391,0.602040816,0.125,0.8,0,0.071428571,0.2,1,1,0.951219512
0,0.301369863,0.016298461,0.6,0,0,0.602040816,0.5,1,0.333333333,0.357142857,0,1,1,0.951219512
0,0.356164384,0.110852674,0.8,0,0,0.5,0.5,0.6,0.333333333,0.285714286,0,1,1,0.951219512
1,0.109589041,0.105984988,0.8,0,0,0.295918367,0.5,0.6,0.333333333,0.285714286,1,1,0,0.951219512
0,0.726027397,0.012079574,0.266666667,0,0,0.397959184,0,0.4,0.666666667,0,0.8,1,1,0.951219512
1,0.095890411,0.013071378,0.8,0,0,0.193877551,0.75,0.6,0.333333333,0.714285714,0.4,1,0,0.951219512
0,0.178082192,0.183667712,0.533333333,0,0,0.397959184,0.5,0.733333333,0.333333333,0.071428571,0,1,1,0
0,0.328767123,0.189213965,0.6,0,0,0.397959184,0.5,1,0.666666667,0.928571429,0.8,0.25,0,0.731707317
0,0.260273973,0.201774557,0.333333333,0,0,0.397959184,0.5,0,0.833333333,0.428571429,0.8,0.5,1,0.951219512
0,0.191780822,0.081398267,0.6,0,0,0.397959184,0.5,1,0.333333333,0.285714286,0,1,1,0.951219512
0,0.191780822,0.157213749,0.6,0,0,0.448979592,0.5,1,0.666666667,0.285714286,0.2,1,1,0.390243902
0,0.328767123,0.147922185,0.533333333,0,0,0.397959184,0.5,0.733333333,0.666666667,0.571428571,0.8,1,0,0.804878049
0,0.232876712,0.261619022,0.8,0,0,0.173469388,0.25,0.6,0.666666667,0.071428571,0.6,1,1,0.951219512
0,0.109589041,0.118591585,0.733333333,0,0,0.397959184,0.5,0.466666667,0.666666667,0.214285714,0.2,1,1,0.951219512
0,0.178082192,0.17005781,0.8,0,0,0.163265306,0.25,0.6,0.666666667,0.857142857,0.8,0.5,0,0.951219512
0,0.301369863,0.075640258,0.333333333,0,0,0.397959184,0.5,0,0.333333333,1,0,1,1,0.951219512
0,0.054794521,0.07125359,0.6,0,0,0.397959184,0.5,1,0.666666667,0.714285714,0.2,1,0,0.951219512
0,0.273972603,0.117548364,0.733333333,0,0,0.551020408,0.5,0.466666667,0.333333333,0.214285714,0,1,1,0.951219512
0,0.082191781,0.135390007,0.8,0,0,0.244897959,0.5,0.6,0.666666667,0.428571429,0.6,1,1,0.951219512
0,0.232876712,0.114938283,0.533333333,0.033250333,0,0.346938776,0.5,0.733333333,0,0.214285714,0.2,1,1,0.951219512
0,0.315068493,0.183266525,0.666666667,0,0,0.602040816,0.5,0.533333333,0.333333333,0.357142857,0,1,1,0.951219512
0,0.109589041,0.123175125,0.8,0,0,0.43877551,0.5,0.6,0,0.714285714,0.2,1,0,0.951219512
0,0.602739726,0.075573281,0.6,0,0,0.193877551,0.5,1,0.333333333,0.428571429,0,1,1,0.951219512
0,0.178082192,0.055310987,0.8,0.033250333,0,0.346938776,0.25,0.6,0.666666667,0.928571429,0.2,1,1,0.951219512
0,0.493150685,0.14644801,0.533333333,0,0,0.397959184,0.5,0.733333333,0.833333333,0.5,0.2,0.5,0,0.951219512
1,0.657534247,0.096728604,0.533333333,0,0,0.397959184,0.5,0.733333333,0.333333333,0.285714286,0,1,1,0.951219512
0,0.136986301,0.195175612,0.533333333,0,0,0.704081633,0.75,0.733333333,0,1,0.2,1,1,0.951219512
0,0.246575342,0.128367549,0.6,0,0,0.602040816,0.625,1,0,0.285714286,0.2,1,1,0.951219512
1,0.383561644,0.0927553,0.6,0,0,0.479591837,0.5,1,0.333333333,0.214285714,0,1,1,0.951219512
0,0.273972603,0.217864645,0.533333333,0,0,0.397959184,0.125,0.733333333,0,0.071428571,0.8,1,0,0.951219512
0,0.054794521,0.118835138,0.6,0,0,0.520408163,0,1,0.666666667,0,0.4,1,0,0.951219512
0,0.04109589,0.123539779,0.533333333,0,0,0.397959184,0.5,0.733333333,0.666666667,0.071428571,0.2,1,0,0.951219512
0,0.657534247,0.090951651,0.466666667,0,0,0.091836735,0,0.133333333,0.333333333,0,0,1,1,0.951219512
1,0.657534247,0.056164777,0.533333333,0,0,0.397959184,0.5,0.733333333,0.333333333,0.285714286,0,1,1,0.951219512
0,0.356164384,0.175480257,0.533333333,0,0,0.448979592,0.75,0.733333333,0.333333333,0.857142857,0,1,1,0.951219512
0,0.479452055,0.168718943,0.533333333,0,0,0.397959184,0.5,0.733333333,0.333333333,0.5,0,0.25,1,0.975609756
1,0.479452055,0.066613897,0.866666667,0,0,0.5,0.5,0.8,0.333333333,0.714285714,0,1,1,0.951219512
0,0.287671233,0.173604895,0.666666667,0,0,0.704081633,0.5,0.533333333,0.333333333,1,0,1,1,0.951219512
0,0.219178082,0.187807444,0.533333333,0,0,0.397959184,0.625,0.733333333,0.666666667,0.571428571,0.8,0.25,1,0.975609756
0,0.095890411,0.154100324,0.8,0,0,0.193877551,0.5,0.6,0.666666667,0.714285714,0.2,1,1,0.951219512
1,0.342465753,0.116935421,0.933333333,0,0.433195592,0.397959184,0.75,0.933333333,0.333333333,0.714285714,0,1,1,0.951219512
0,0.547945205,0.161483376,0.533333333,0,0,0.397959184,0.875,0.733333333,0.333333333,0.214285714,0,1,1,0.951219512
0,0.356164384,0.117651874,0.6,0,0,0.397959184,0.5,1,0,0.071428571,0.8,1,0,0.951219512
0,0.397260274,0.083599043,0.533333333,0,0,0.397959184,0.875,0.733333333,0.333333333,0.571428571,0,0.5,1,0.951219512
0,0.219178082,0.148527686,0.4,0,0,0.397959184,0.5,0.066666667,0.333333333,0.214285714,0,1,1,0.634146341
1,0.410958904,0.073401596,0.866666667,0.150241502,0,0.397959184,0.5,0.8,0.333333333,0.285714286,0,0.25,1,0
0,0.328767123,0.141319857,0.8,0,0,0.397959184,0.5,0.6,0.666666667,0.285714286,0.6,1,1,0.951219512
1,0.630136986,0.126505718,0.533333333,0.086140861,0,0.37755102,0.25,0.733333333,0.666666667,0.285714286,0.2,1,0,0.951219512
0,0.712328767,0.0669454,0.266666667,0,0,0.193877551,0,0.4,0.333333333,0,0,1,1,0.951219512
0,0.698630137,0.094558272,0.533333333,0,0,0.479591837,0.5,0.733333333,1,0.571428571,0.2,1,0,0.951219512
0,0.054794521,0.155088068,0.533333333,0,0,0.397959184,0.5,0.733333333,0.666666667,0.428571429,0.6,1,1,0.951219512
0,0.315068493,0.159533595,0.533333333,0,0,0.397959184,0.5,0.733333333,0.333333333,1,0,1,1,0.951219512
0,0.109589041,0.065216847,0.6,0,0,0.5,0.5,1,0.666666667,0.428571429,0.8,1,1,0.951219512
0,0.082191781,0.101927117,0.2,0,0,0.346938776,0.5,0.333333333,0.666666667,0.571428571,0.6,1,1,0.951219512
0,0.095890411,0.13033492,0.866666667,0,0,0.56122449,0.5,0.8,0.666666667,0.071428571,0.2,1,1,0.951219512
0,0.301369863,0.12175372,0.333333333,0,0,0.602040816,0.5,0,0,0.571428571,0.2,1,0,0.951219512
0,0.575342466,0.027870633,0.6,0,0,0.5,0.5,1,0.333333333,0.857142857,0,1,1,0.951219512
0,0.082191781,0.165307165,0.2,0,0,0.316326531,0.5,0.333333333,0.333333333,1,0,1,1,0.951219512
0,0.315068493,0.01187729,0.8,0,0,0.397959184,0.5,0.6,0.333333333,0.071428571,1,1,0,0.951219512
0,0.205479452,0.209068983,0.866666667,0,0,0.397959184,0.5,0.8,0.666666667,0.857142857,0.6,0.5,1,0.951219512
0,0.657534247,0.10037717,0.533333333,0,0,0.193877551,0,0.733333333,0.333333333,0,0,1,1,0.951219512
0,0.369863014,0.027863191,0.8,0,0,0.397959184,0.5,0.6,0,0.571428571,0.6,1,0,0.951219512
1,0.493150685,0.057316244,0.533333333,0,0,0.459183673,0.5,0.733333333,0.333333333,0.214285714,0,1,1,0.951219512
1,0.356164384,0.134524716,0.866666667,0,0,0.5,0.5,0.8,0,0.285714286,0.2,1,0,0.951219512
0,0.657534247,0.011495046,0.533333333,0.025380254,0,0.5,0.5,0.733333333,1,0.571428571,0.2,1,0,0.951219512
0,0.561643836,0.057204615,0.533333333,0,0,0.367346939,0.5,0.733333333,1,0.214285714,0.8,1,0,0.951219512
1,0.164383562,0.028852288,0.6,0,0,0.346938776,0.5,1,0,0.214285714,0.8,1,1,0.951219512
0,0.369863014,0.128077991,0.4,0,0,0.397959184,0.5,0.066666667,0.666666667,0.5,0.8,0.5,0,0.951219512
0,0.219178082,0.084791102,0.866666667,0,0,0.346938776,0.875,0.8,0.666666667,0.714285714,0.2,0.5,0,0.951219512
1,0.383561644,0.133702046,0.8,0,0,0.397959184,0.5,0.6,0.333333333,0.285714286,0,0.25,1,0.463414634
0,0.178082192,0.119150404,0.6,0,0,0.397959184,0.5,1,0.666666667,0.5,0.2,1,1,0.951219512
0,0.205479452,0.215987254,0.533333333,0,0,0.397959184,0.5,0.733333333,0.666666667,0.214285714,0.2,0.75,1,0.951219512
0,0.095890411,0.200517551,0.533333333,0,0,0.295918367,0.5,0.733333333,0.666666667,0.428571429,0.6,1,1,0.951219512
0,0.219178082,0.168697294,0.6,0.040640406,0,0.397959184,0.5,1,0.333333333,0.071428571,0,0.5,1,0.951219512
0,0.123287671,0.043779408,0.6,0,0,0.37755102,0.5,1,0.666666667,0.5,0.2,0.5,0,0.951219512
0,0.397260274,0.179729588,0.733333333,0,0,0.397959184,0.75,0.466666667,0.833333333,0.214285714,0.2,1,1,0.951219512
0,0.246575342,0.043880889,0.666666667,0,0,0.448979592,0.5,0.533333333,0,0.285714286,0.2,1,1,0.951219512
0,0.178082192,0.067381767,0.6,0,0,0.397959184,0.875,1,0.666666667,0.714285714,0.2,1,1,0.951219512
0,0.452054795,0.062623003,0.933333333,0,0,0.397959184,0.625,0.933333333,0.333333333,0.714285714,0,0.25,1,0.463414634
0,0.575342466,0.107616796,0.866666667,0,0,0.551020408,0.625,0.8,0,0.714285714,0.8,1,1,0.951219512
1,0.479452055,0.062387568,0.466666667,0,0,0.602040816,0.5,0.133333333,0.333333333,0.285714286,0,1,1,0.951219512
1,0.671232877,0.07869753,0.533333333,0,0,0.397959184,0,0.733333333,0,0,0.2,0.5,1,0.951219512
0,0.575342466,0.046127669,0.533333333,0,0,0.234693878,0.75,0.733333333,0,0.571428571,0.6,1,0,0.951219512
0,0.04109589,0.071362512,0.6,0,0,0.397959184,0.5,1,0.666666667,1,0.6,1,1,0.951219512
0,0.178082192,0.169614002,0.6,0,0,0.397959184,0.5,1,0,0.214285714,0.2,0.5,1,0.951219512
1,0.191780822,0.180452806,0.6,0,0.433195592,0.397959184,0.75,1,0.333333333,0.285714286,0,1,1,0.951219512
1,0.465753425,0.129908025,0.6,0,0,0.5,0.5,1,0,0.285714286,0.2,1,0,0.951219512
0,0.01369863,0.07289284,0.533333333,0,0,0.397959184,0.5,0.733333333,0.666666667,0.571428571,0.6,1,0,0.951219512
0,0.246575342,0.124253526,0.733333333,0,0,0.397959184,0.5,0.466666667,0.333333333,0.571428571,0,0.25,1,0.902439024
1,0.191780822,0.109049702,0.866666667,0,0,0.448979592,0.5,0.8,0.333333333,0.714285714,0,0.25,1,0.951219512
0,0.575342466,0.109015198,0.2,0.050130501,0,0.37755102,0.875,0.333333333,0.333333333,0.214285714,0,1,1,0.951219512
0,0.150684932,0.139843652,0.666666667,0,0,0.459183673,0.25,0.533333333,0.333333333,0.785714286,0,0.5,1,0.951219512
0,0.575342466,0.499749343,0.533333333,0,0,0.397959184,0.5,0.733333333,0.333333333,0.5,0,1,1,0.951219512
1,0.452054795,0.153353426,0.6,0,0,0.448979592,0.5,1,0.333333333,0.071428571,0,1,1,0.951219512
1,0.369863014,0.22582546,0.533333333,0,0,0.397959184,0.5,0.733333333,0,0.714285714,0.2,1,1,0.951219512
0,0.178082192,0.137267398,0.8,0,0,0.397959184,0.5,0.6,0.666666667,0.714285714,0.2,1,1,0.951219512
0,0.383561644,0.234363361,0.466666667,0,0,0.091836735,0.5,0.133333333,0.666666667,0.571428571,0.6,1,1,0.634146341
1,0.356164384,0.143908289,0.8,0,0.453856749,0.397959184,0.5,0.6,0.333333333,0.285714286,0,0.5,1,0.951219512
1,0.410958904,0.029082311,0.6,0,0,0.397959184,0.875,1,0.333333333,0.214285714,0,1,1,0.951219512
0,0.493150685,0.362675435,0.533333333,0,0,0.397959184,0.5,0.733333333,0.333333333,0.214285714,0,1,1,0.951219512
0,0.602739726,0.173539948,0.533333333,0,0,0.163265306,0.75,0.733333333,0.333333333,0.571428571,1,0.5,0,0.951219512
1,0.397260274,0.131746853,0.8,0.076880769,0,0.397959184,0.125,0.6,0.333333333,0.285714286,0,1,1,0.951219512
1,0.287671233,0.085973689,0.8,0,0,0.397959184,0.5,0.6,0.666666667,0.071428571,0.2,1,1,0.951219512
0,0.260273973,0.080476824,0.533333333,0,0,0.397959184,0.5,0.733333333,0.666666667,0.214285714,0.4,1,1,0.951219512
0,0.068493151,0.151965172,0.6,0,0,0.193877551,0.5,1,0.666666667,0.428571429,0.6,1,1,0.951219512
0,0.068493151,0.04743068,0.266666667,0,0,0.397959184,0.5,0.4,0.666666667,0.428571429,0.6,0.25,1,0.731707317
1,0.369863014,0.11413185,0.8,0,0,0.5,0.5,0.6,0.333333333,0.714285714,0,1,1,0
0,0.369863014,0.093680126,0.8,0.050130501,0,0.397959184,0.875,0.6,0.333333333,0.071428571,0,1,1,0.951219512
0,0.465753425,0.362675435,0.8,0,0,0.255102041,0.25,0.6,0.333333333,0.714285714,0,1,1,0.951219512
0,0.136986301,0.03611221,0.533333333,0,0,0.397959184,0.5,0.733333333,0.666666667,0.5,0.6,1,1,0.951219512
1,0.383561644,0.037501142,0.533333333,0.105201052,0,0.479591837,0.5,0.733333333,0.666666667,0.214285714,0.6,1,1,0.951219512
1,0.493150685,0.100937342,0.8,0,0,0.5,0.5,0.6,0,0.714285714,0.2,1,0,0.951219512
0,0.232876712,0.186860292,0.4,0,0,0.397959184,0.75,0.066666667,0.333333333,0.214285714,0,1,1,0.951219512
0,0,0.105115637,0.466666667,0,0,0.051020408,0.5,0.133333333,0.666666667,0.857142857,0.6,1,0,0.951219512
1,0.287671233,0.006738312,0.866666667,0,0,0.724489796,0.5,0.8,0.333333333,1,0,1,1,0
1,0.301369863,0.115914526,0.6,0,0,0.397959184,0.25,1,0.666666667,0.785714286,0.2,0.5,0,0.951219512
1,0.260273973,0.116617449,0.533333333,0.07298073,0,0.397959184,0.5,0.733333333,0.333333333,0.214285714,0,1,1,0.951219512
0,0.01369863,0.100777003,0.4,0,0,0.071428571,0.5,0.066666667,0.666666667,0.571428571,0.6,1,1,0.951219512
0,0.315068493,0.061085234,0.866666667,0,0,0.551020408,0.625,0.8,0.333333333,0.714285714,0,0.5,1,0.926829268
0,0.246575342,0.067046204,0.6,0,0.362488522,0.397959184,0.5,1,0.333333333,0.428571429,0,1,1,0.951219512
0,0.753424658,0.198130727,0.8,0,0,0.030612245,0,0.6,1,0,0.2,1,1,0.951219512
0,0.04109589,0.185442946,0.6,0.021760218,0,0.193877551,0.5,1,0.666666667,0.071428571,0.6,1,0,0.951219512
1,0.315068493,0.143678266,0.8,0,0,0.448979592,0.5,0.6,0.333333333,0.857142857,0,1,1,0.951219512
0,0.02739726,0.02061071,0.6,0,0,0.551020408,0.5,1,0.666666667,0.428571429,0.2,1,1,0.951219512
0,0.04109589,0.07116564,0.6,0,0,0.397959184,0.5,1,0.666666667,0.428571429,0.6,1,1,0.951219512
1,0.273972603,0.255352256,0.533333333,0.07298073,0,0.397959184,0.5,0.733333333,0.333333333,0.5,0,1,1,0.951219512
0,0.054794521,0.067241723,0.6,0,0,0.397959184,0.5,1,0.666666667,0.571428571,0.2,1,0,0.951219512
0,0.520547945,0.132062796,0.8,0,0,0.5,0.625,0.6,0,0.857142857,0.2,1,0,0.268292683
0,0.068493151,0.107404363,0.8,0,0,0.397959184,0.625,0.6,0.666666667,0.428571429,0.6,1,1,0.951219512
0,0.246575342,0.137427737,0.6,0,0,0.397959184,0.25,1,0,0.071428571,0.8,1,0,0.951219512
0,0.479452055,0.191601465,0.666666667,0,0,0.397959184,0.25,0.533333333,0.666666667,0.071428571,0.2,0.5,0,0.951219512
1,0.328767123,0.060420197,0.866666667,0.150241502,0,0.5,0.5,0.8,0.333333333,0.714285714,0,1,1,0.951219512
0,0.369863014,0.093529935,0.6,0,0.43067034,0.551020408,0.5,1,0.833333333,0.214285714,0.2,1,1,0.951219512
0,0.04109589,0.180030647,0.6,0,0,0.244897959,0.5,1,0.666666667,0.071428571,0.6,1,1,0.658536585
0,0.068493151,0.108388725,0.6,0,0,0.397959184,0.5,1,0.666666667,0.428571429,0.2,1,1,0.756097561
0,0.01369863,0.246504501,0.533333333,0.021760218,0,0.244897959,0.5,0.733333333,0.666666667,0.428571429,0.6,1,1,0.951219512
1,0.342465753,0.123697412,0.4,0.074300743,0,0.5,0.25,0.066666667,0,0.857142857,0.8,1,1,0.804878049
1,0.397260274,0.109650467,0.866666667,0,0,0.397959184,0.25,0.8,0.333333333,0.714285714,0,1,1,0.951219512
0,0.02739726,0.217620415,0.466666667,0,0,0.295918367,0.5,0.133333333,0.666666667,0.571428571,0.4,1,0,0.951219512
1,0.808219178,0.05888784,0.8,0.065140651,0,0.397959184,0.625,0.6,0.333333333,0.357142857,0,1,1,0.951219512
0,0.136986301,0.068506172,0.8,0,0,0.397959184,0.25,0.6,0.666666667,0.714285714,0.2,1,0,0.951219512
0,0.191780822,0.147255795,0.533333333,0,0,0.397959184,0.75,0.733333333,0.333333333,0.714285714,0,1,1,0.097560976
0,0.301369863,0.10981013,0.8,0,0,0.418367347,0.25,0.6,0.333333333,0.214285714,0,1,1,0.951219512
1,0.315068493,0.123180537,0.666666667,0,0,0.724489796,0.75,0.533333333,0.333333333,0.857142857,0,1,1,0.951219512
1,0.178082192,0.115445009,0.6,0.150241502,0,0.397959184,0.25,1,0.333333333,0.785714286,0,1,1,0.951219512
1,0.191780822,0.1706694,0.533333333,0,0.453856749,0.397959184,0.625,0.733333333,0.333333333,1,0,1,1,0.951219512
0,0.191780822,0.074638306,0.533333333,0,0,0.397959184,0.5,0.733333333,0,0.071428571,0.8,1,0,0.951219512
0,0.287671233,0.049577333,0.6,0,0,0.653061224,0.625,1,0.666666667,0.857142857,0.2,1,1,0.951219512
0,0.397260274,0.072798801,0.666666667,0,0,0.295918367,0.125,0.533333333,0.833333333,0.928571429,0.2,0.75,0,0.951219512
0,0.150684932,0.122995843,0.6,0,0,0.397959184,0,1,0.666666667,0,0.4,1,0,0.951219512
1,0.356164384,0.122065604,0.6,0,0,0.397959184,0.125,1,0.333333333,0.714285714,1,1,0,0.951219512
0,0.301369863,0.029282566,0.533333333,0,0,0.397959184,0.875,0.733333333,0.333333333,0.071428571,1,1,0,0.951219512
0,0.383561644,0.176514683,0.533333333,0.031370314,0,0.346938776,0.5,0.733333333,0.333333333,0.5,0,0.5,1,0.951219512
0,0.205479452,0.067349969,0.6,0,0,0.5,0.5,1,0.333333333,0.571428571,0,0.5,1,0.951219512
0,0.246575342,0.137353995,0.4,0,0,0.397959184,0.5,0.066666667,0,0.428571429,0.4,1,1,0.951219512
0,0.246575342,0.047585607,0.533333333,0,0,0.397959184,0.5,0.733333333,0.666666667,0.571428571,0.6,1,1,0.951219512
0,0.232876712,0.209336892,0.533333333,0,0,0.275510204,0.5,0.733333333,0.666666667,0.571428571,0.2,1,0,0.951219512
0,0.123287671,0.055152001,0.6,0,0,0.551020408,0.75,1,0.333333333,0.857142857,0,1,1,0.951219512
1,0.315068493,0.069297044,1,0,0,0.397959184,0.875,0.666666667,0.333333333,0.285714286,0,0.25,1,0.87804878
1,0.260273973,0.069223301,0.666666667,0,0,0.397959184,0.5,0.533333333,0.333333333,0.071428571,0,1,1,0.951219512
0,0.547945205,0.098633733,0.8,0,0,0.397959184,0.5,0.6,0.333333333,0.857142857,1,1,0,0.951219512
0,0.452054795,0.181307273,0.533333333,0,0,0.397959184,0.5,0.733333333,1,0.714285714,0.8,0.5,0,0.951219512
1,0.232876712,0.114203563,0.533333333,0.076880769,0,0.397959184,0.5,0.733333333,0.333333333,0.214285714,0,1,1,0.951219512
1,0.602739726,0.088974809,0.333333333,0,0,0.5,0.5,0,0.333333333,1,0,1,1,0.951219512
0,0.301369863,0.099232468,0.6,0,0,0.397959184,0.5,1,0,0.5,0.8,1,0,0.951219512
0,0.123287671,0.025551463,0.8,0,0,0.367346939,0.5,0.6,0.666666667,0.714285714,0.2,1,1,0.951219512
1,0.164383562,0.258128765,0.533333333,0,0,0.5,0.5,0.733333333,0.333333333,0.214285714,0,1,1,0.951219512
0,0.068493151,0.058800567,0.6,0,0,0.5,0.5,1,0.666666667,0.071428571,0.6,1,1,0.951219512
0,0.369863014,0.116427342,0.666666667,0,0,0.397959184,0.5,0.533333333,0.333333333,0.285714286,0,1,1,0.951219512
0,0,0.015775498,0.466666667,0,0,0.193877551,0.5,0.133333333,0.666666667,0.857142857,0.6,1,0,0.951219512
0,0.178082192,0.018175176,0.533333333,0,0,0.397959184,0.5,0.733333333,0.333333333,0.5,0,1,1,0.951219512
0,0.109589041,0.33859747,0.266666667,0,0,0.448979592,0.5,0.4,0.333333333,1,0,1,1,0.951219512
1,0.246575342,0.180038766,0.933333333,0,0,0.806122449,0.5,0.933333333,0.333333333,0.714285714,0,1,1,0.951219512
0,0.479452055,0.113561529,0.866666667,0,0,0.448979592,0.5,0.8,0.333333333,0.928571429,0,1,1,0.951219512
1,0.260273973,0.064282549,0.866666667,0,0,0.602040816,0.5,0.8,0.333333333,0.714285714,0,1,1,0.951219512
1,0.561643836,0.06720722,0.8,0.086140861,0,0.397959184,0.5,0.6,1,0.285714286,0.8,1,1,0.951219512
0,0.328767123,0.222819605,0.733333333,0,0,0.928571429,0.125,0.466666667,0.333333333,0.785714286,0,1,1,0.951219512
0,0.02739726,0.15396434,0.6,0,0,0.397959184,0,1,0.666666667,0,0.4,1,1,0.951219512
1,0.191780822,0.293666596,1,0,0,0.5,0.25,0.666666667,0.666666667,0.714285714,0.2,1,1,0.634146341
0,0.684931507,0.185430092,0.8,0,0,0.397959184,0.75,0.6,0.333333333,1,0,1,1,0.951219512
0,0.191780822,0.150361778,0.533333333,0,0,0.602040816,0.5,0.733333333,0.666666667,0.428571429,0.2,1,1,0.951219512
0,0.301369863,0.137245749,0.266666667,0,0,0.5,0.5,0.4,0,0.428571429,0.2,1,1,0.951219512
0,0.369863014,0.138434425,0.533333333,0,0,0.367346939,0.5,0.733333333,0,0.571428571,0.2,1,1,0.951219512
0,0.219178082,0.134911018,0.6,0,0,0.397959184,0,1,0,0,0.8,1,0,0.951219512
0,0.164383562,0.105664985,0.533333333,0,0,0.397959184,0.5,0.733333333,0.666666667,1,0.6,1,1,0.951219512
1,0.356164384,0.060817325,0.866666667,0,0,0.5,0.5,0.8,0.333333333,0.285714286,0,1,1,0.951219512
0,0.109589041,0.255170268,0.6,0,0,0.295918367,0.5,1,0.666666667,0.214285714,0.6,1,1,0.951219512
1,0.561643836,0.099513908,0.533333333,0,0,0.448979592,0.5,0.733333333,0.333333333,0.5,0,1,1,0.951219512
0,0.301369863,0.057017891,0.533333333,0,0,0.397959184,0.5,0.733333333,0,0.428571429,0.2,1,0,0.951219512
0,0.095890411,0.184039807,0.8,0,0,0.295918367,0.5,0.6,0.666666667,0.571428571,0.6,1,0,0.951219512
0,0.191780822,0.063636456,0.4,0,0,0.418367347,0.5,0.066666667,0.833333333,0.571428571,0.2,0.5,0,0.951219512
1,0.575342466,0.086140794,0.933333333,0,0.453856749,0.397959184,0.875,0.933333333,0.333333333,0.714285714,0,0.25,1,0.463414634
0,0.520547945,0.069799711,0.533333333,0,0,0.397959184,0.25,0.733333333,0.333333333,0.571428571,0,1,1,0.951219512
0,0.287671233,0.083034811,0.6,0,0,0.602040816,0.75,1,0.666666667,0.214285714,0.6,1,1,0.951219512
0,0.246575342,0.0832168,0.533333333,0,0,0.602040816,0.625,0.733333333,0.333333333,0.571428571,0,1,1,0.951219512
0,0.054794521,0.127099718,0.533333333,0,0,0.316326531,0.5,0.733333333,0.666666667,0.571428571,0.6,1,0,0.951219512
0,0.465753425,0.123258339,0.6,0,0,0.397959184,0.875,1,0,0.714285714,0.2,1,0,0.951219512
0,0.506849315,0.106554632,0.6,0,0,0.397959184,0.5,1,0,0.285714286,0.2,1,0,0.536585366
1,0.534246575,0.054230557,0.6,0,0,0.5,0.5,1,0.333333333,0.285714286,0,0.5,1,0.951219512
0,0.246575342,0.123210305,0.733333333,0,0,0.397959184,0.75,0.466666667,0.666666667,0.357142857,0.2,1,1,0.951219512
1,0.493150685,0.111912808,0.8,0,0,0.43877551,0.5,0.6,0.333333333,0.214285714,0,1,1,0.951219512
0,0.178082192,0.0755929,0.533333333,0,0,0.397959184,0.5,0.733333333,0.5,0.071428571,0.2,1,1,0.951219512
0,0.712328767,0.105441052,0.533333333,0,0,0.397959184,0.5,0.733333333,0.333333333,0.857142857,1,1,0,0.951219512
0,0.301369863,0.102124666,0.6,0,0,0.653061224,0.625,1,0.333333333,0.357142857,0,1,1,0.951219512
0,0.301369863,0.014674095,0.533333333,0,0,0.5,0.625,0.733333333,0.333333333,0.214285714,0,1,1,0.951219512
0,0.054794521,0.096251645,0.6,0,0,0.142857143,0.5,1,0.666666667,0.571428571,0.6,1,1,0
0,0.369863014,0.206513025,0.066666667,0,0,0.397959184,0.5,0.2,0.333333333,0.785714286,0.4,1,1,0.634146341
0,0.246575342,0.140922729,0.466666667,0,0,0.397959184,0.5,0.133333333,0.333333333,1,0,1,1,0.951219512
1,0.369863014,0.056804782,0.6,0,0,0.602040816,0.5,1,0.333333333,0.857142857,0,1,1,0.951219512
0,0.219178082,0.125948928,0.733333333,0,0,0.448979592,0.5,0.466666667,0,0.857142857,0.2,1,0,0.951219512
1,0.561643836,0.124562703,0.533333333,0,0,0.091836735,0.75,0.733333333,0.333333333,0.285714286,1,1,0,0.951219512
1,0.260273973,0.140687294,0.866666667,0,0,0.5,0.5,0.8,0,0.285714286,0.2,1,1,0.292682927
0,0.054794521,0.126199247,0.533333333,0,0,0.346938776,0.5,0.733333333,0.666666667,0.071428571,0.6,1,0,0.951219512
0,0.150684932,0.13863265,0.533333333,0,0,0.5,0.5,0.733333333,0.666666667,0.5,0.2,1,1,0.951219512
0,0.219178082,0.10063493,0.4,0,0,0.489795918,0.5,0.066666667,0.333333333,0.214285714,0,1,1,0.951219512
0,0.315068493,0.017989805,0.533333333,0,0,0.479591837,0.25,0.733333333,0.333333333,0.285714286,0,1,1,0.951219512
0,0.547945205,0.126802042,0.533333333,0,0,0.551020408,0.5,0.733333333,0.333333333,0.5,0,1,1,0.951219512
0,0.410958904,0.138217256,0.4,0,0,0.397959184,0.25,0.066666667,0,0.571428571,0.2,0.5,1,0.951219512
0,0.054794521,0.09022708,0.6,0,0.367768595,0.112244898,0.875,1,0.666666667,0.857142857,0.6,0.5,0,0.951219512
1,0.575342466,0.24781563,0.8,0,0,0.43877551,0.5,0.6,0.333333333,0.714285714,0,1,1,0.951219512
0,0.205479452,0.136298597,0.666666667,0,0,0.448979592,0.5,0.533333333,0.666666667,0.571428571,0.2,1,1,0.951219512
0,0.547945205,0.139096755,0.533333333,0,0,0.357142857,0.5,0.733333333,1,0.071428571,0.2,1,0,0.951219512
0,0.095890411,0.127136251,0.533333333,0,0,0.397959184,0.5,0.733333333,0.666666667,0.428571429,0.2,1,1,0.951219512
0,0.219178082,0.102038745,0.533333333,0.037810378,0,0.397959184,0.5,0.733333333,0.333333333,0.428571429,0,1,1,0.951219512
1,0.465753425,0.022999564,0.6,0,0,0.5,0.625,1,0.333333333,0.857142857,0,1,1,0.951219512
0,0.205479452,0.10792665,0.8,0,0,0.397959184,0.5,0.6,0.666666667,0.714285714,0.6,1,0,0.951219512
0,0.232876712,0.148966758,0.6,0,0,0.5,0.5,1,0,0.285714286,0.2,1,1,0.951219512
0,0.630136986,0.050270108,0.533333333,0,0,0.316326531,0.25,0.733333333,0.333333333,0.285714286,1,1,0,0.951219512
0,0.191780822,0.240190378,0.533333333,0,0,0.397959184,0.5,0.733333333,0,0.071428571,0.2,1,0,0.951219512
0,0.342465753,0.013392057,0.533333333,0,0,0.397959184,0.5,0.733333333,0.833333333,0.5,0.8,1,0,0.951219512
0,0.342465753,0.011359062,0.733333333,0,0,0.397959184,0.25,0.466666667,0.333333333,0.714285714,1,0,0,0.951219512
0,0.410958904,0.032999462,1,0.023540235,0,0.448979592,0.875,0.666666667,0.833333333,0.285714286,0.6,0.25,1,0.951219512
0,0.767123288,0.066176854,0.533333333,0,0.38292011,0.775510204,0.75,0.733333333,1,0.357142857,0.2,1,1,0.951219512
1,0.493150685,0.102523146,0.6,0,0,0.448979592,0.75,1,0.333333333,0.714285714,0,1,1,0.951219512
0,0.150684932,0.121590675,0.8,0,0,0.346938776,0.5,0.6,0.333333333,0.571428571,1,1,0,0.951219512
1,0.534246575,0.047198628,0.4,0.07298073,0,0.397959184,0.5,0.066666667,0.333333333,0.5,0,1,1,0.951219512
0,0.02739726,0.029090429,0.533333333,0,0,0.346938776,0.5,0.733333333,0.666666667,0.857142857,0.6,1,0,0.951219512
1,0.342465753,0.291738464,1,0,0,0.448979592,0.625,0.666666667,0.333333333,0.714285714,0,1,1,0.951219512
0,0.602739726,0.096238114,0.333333333,0,0.459366391,0.397959184,0.5,0,1,0.214285714,0.8,0.5,0,0.951219512
0,0.123287671,0.104907264,0.533333333,0,0,0.448979592,0.5,0.733333333,0.333333333,0.214285714,0,1,1,0.951219512
0,0.397260274,0.065584883,0.6,0,0,0.704081633,0.5,1,0,0.285714286,0.8,1,0,0.951219512
0,0.246575342,0.102229529,0.6,0,0,0.397959184,0.5,1,0.333333333,1,0,0.25,1,0
0,0.123287671,0.033631348,0.533333333,0,0,0.62244898,0.5,0.733333333,0,0.071428571,0.2,1,0,0.951219512
0,0.328767123,0.085638127,0.8,0,0,0.397959184,0.5,0.6,0.666666667,0.857142857,0.2,1,0,0.951219512
0,0.082191781,0.164376249,0.6,0,0,0.295918367,0.5,1,0.666666667,0.071428571,0.2,1,1,0.951219512
1,0.410958904,0.158719721,0.866666667,0,0,0.448979592,0.25,0.8,0,0.714285714,0.8,1,1,0.951219512
0,0.068493151,0.185026199,0.666666667,0,0,0.397959184,0.5,0.533333333,0.666666667,0.214285714,0.6,1,1,0.951219512
1,0.479452055,0.061255721,0.8,0,0,0.397959184,0.5,0.6,0.333333333,0.285714286,0,1,1,0.951219512
0,0.369863014,0.140682559,0.533333333,0,0,0.479591837,0.625,0.733333333,0.333333333,0.571428571,0,0.5,1,0.951219512
1,0.178082192,0.125566008,0.8,0,0,0.397959184,0.5,0.6,0.666666667,0.857142857,0.6,1,1,0.951219512
1,0.246575342,0.210291486,0.733333333,0,0,0.43877551,0.5,0.466666667,0.666666667,0.5,0.2,1,0,0.951219512
0,0.123287671,0.083850715,0.533333333,0,0,0.397959184,0.5,0.733333333,0.666666667,0.214285714,0.6,1,1,0.951219512
0,0.123287671,0.182254425,0.666666667,0,0,0.551020408,0.75,0.533333333,0.333333333,0.357142857,0,1,1,0.951219512
0,0.260273973,0.016226748,0.533333333,0,0,0.602040816,0.75,0.733333333,0,1,0.2,1,1,0.951219512
1,0.452054795,0.007713202,0.6,0,0,0.346938776,0.5,1,0.333333333,0.071428571,0.4,1,0,0.951219512
0,0.095890411,0.088139962,0.333333333,0,0,0.448979592,0.5,0,0.666666667,0.5,0.2,1,1,0.951219512
0,0.383561644,0.031798608,0.8,0,0,0.397959184,0.5,0.6,0.333333333,0.285714286,0,1,1,0.951219512
1,0.164383562,0.051159754,0.533333333,0.105201052,0,0.397959184,0.5,0.733333333,0,0.571428571,0.2,1,1,0.951219512
0,0.232876712,0.125689138,0.533333333,0,0,0.397959184,0.75,0.733333333,0.333333333,0.214285714,0,1,1,0.951219512
0,0.178082192,0.15160796,0.4,0,0,0.295918367,0.5,0.066666667,0.666666667,1,0.8,1,1,0.951219512
1,0.438356164,0.21142198,0.8,0,0,0.5,0.875,0.6,0.333333333,0.714285714,0,1,1,0.951219512
0,0.369863014,0.125199325,0.533333333,0,0,0.5,0.5,0.733333333,0.666666667,0.428571429,0.2,1,1,0.951219512
1,0.410958904,0.122292244,1,1,0,0.5,0.5,0.666666667,0.333333333,0.285714286,0,1,1,0.951219512
1,0.328767123,0.128462941,0.6,0,0,0.602040816,0.5,1,0.333333333,0.285714286,0,1,1,0.951219512
0,0.452054795,0.176744705,0.533333333,0,0,0.295918367,0.5,0.733333333,0.333333333,0.428571429,0,1,1,0.951219512
0,0.301369863,0.328282982,0.333333333,0,0,0.397959184,0.75,0,0.833333333,0.214285714,0.2,0.5,1,0.951219512
0,0.109589041,0.008938411,0.8,0,0,0.397959184,0.5,0.6,0.333333333,0.714285714,0,1,1,0.951219512
0,0.178082192,0.125607277,0.533333333,0,0,0.397959184,0.5,0.733333333,0.666666667,0.285714286,0.2,1,1,0.804878049
0,0.342465753,0.226888977,0.8,0,0,0.602040816,0.5,0.6,0,0.571428571,0.8,1,1,0.951219512
0,0.04109589,0.175269854,0.533333333,0,0,0.397959184,0.25,0.733333333,0.666666667,0.071428571,0.6,1,1,0.951219512
1,0.205479452,0.19225906,0.533333333,0,0,0.5,0.5,0.733333333,0.333333333,0.5,0,1,1,0.951219512
0,0.602739726,0.232295863,0.266666667,0,0,0.193877551,0.5,0.4,0.333333333,0.5,0,0.5,1,0.926829268
0,0.123287671,0.06101758,0.6,0,0,0.397959184,0.5,1,0.666666667,0.571428571,0.6,1,1,0.951219512
0,0.602739726,0.1186315,0.8,0,0,0.397959184,0,0.6,0,0,0.8,1,0,0.951219512
0,0.164383562,0.085179435,0.533333333,0,0.261248852,0.397959184,0.5,0.733333333,0.666666667,0.857142857,0.8,0.5,0,0.951219512
0,0.479452055,0.187751968,0.8,0,0,0.397959184,0.25,0.6,0.333333333,0.714285714,0,0.5,1,0.951219512
0,0.191780822,0.024514331,0.533333333,0,0,0.295918367,0.5,0.733333333,0.333333333,1,0,1,1,0.951219512
1,0.095890411,0.180761984,0.6,0.07298073,0,0.479591837,0.5,1,0.333333333,0.5,1,1,0,0.951219512
0,0.082191781,0.148554747,0.533333333,0,0,0.37755102,0.5,0.733333333,0.666666667,0.428571429,0.6,1,1,0.951219512
1,0.397260274,0.278014228,0.8,0.076880769,0,0.397959184,0.5,0.6,0.333333333,0.285714286,0,1,1,0.951219512
0,0.698630137,0.086980377,0.533333333,0,0,0.397959184,0.625,0.733333333,0.333333333,0.857142857,0,1,1,0.951219512
0,0.246575342,0.072923284,0.533333333,0,0,0.295918367,0,0.733333333,0.333333333,0,0,1,1,0.951219512
1,0.506849315,0.013645082,0.533333333,0,0,0.602040816,0.5,0.733333333,0.333333333,1,0,1,1,0.951219512
0,0.301369863,0.043624481,0.6,0,0,0.602040816,0.5,1,0,0.071428571,0.2,1,0,0.951219512
0,0.726027397,0.094567067,0.533333333,0,0,0.5,0.75,0.733333333,0.333333333,0.357142857,0,1,1,0.951219512
0,0.054794521,0.086412086,0.6,0,0,0.193877551,0,1,0.666666667,0,0.6,1,1,0.951219512
0,0.589041096,0.204021338,0.866666667,0,0,0.244897959,0.25,0.8,0,0.714285714,0.2,1,0,0.951219512
0,0.547945205,0.101263433,0.466666667,0,0,0.397959184,0.5,0.133333333,0.333333333,0.214285714,0,1,1,0.951219512
0,0.369863014,0.102669955,0.533333333,0,0,0.397959184,0.5,0.733333333,0.333333333,0.857142857,0,1,1,0.951219512
0,0.082191781,0.038986141,0,0,0,0.142857143,0.5,0.866666667,0.666666667,0.571428571,0.6,1,0,0.951219512
0,0.301369863,0.069908634,0.533333333,0,0,0.5,0.5,0.733333333,0.333333333,1,0,1,1,0.951219512
0,0.547945205,0.083040224,0.533333333,0,0,0.346938776,0.125,0.733333333,0.833333333,0.071428571,0.4,0.5,0,0.951219512
0,0.191780822,0.101128803,0.533333333,0,0,0.5,0.5,0.733333333,0.666666667,0.5,0.2,1,1,0.951219512
0,0.04109589,0.064523396,0.6,0,0,0.091836735,0.5,1,0.666666667,0.928571429,0.2,1,0,0.951219512
0,0.424657534,0.03949828,0.533333333,0,0,0.5,0.5,0.733333333,0.333333333,0.5,1,1,0,0.951219512
0,0.630136986,0.166004675,0.866666667,0,0,0.020408163,0,0.8,0.666666667,0,0.2,1,0,0.951219512
0,0.164383562,0.172771401,0.533333333,0,0,0.704081633,0.75,0.733333333,0.333333333,0.357142857,0,1,1,0.951219512
0,0.136986301,0.154174066,0.8,0,0,0.397959184,0.5,0.6,0.5,0.071428571,0.2,1,1,0.951219512
0,0.04109589,0.104957327,0.6,0,0,0.397959184,0.5,1,0.666666667,0.642857143,0.6,1,0,0.951219512
0,0.02739726,0.064854223,0.6,0,0,0.142857143,0.5,1,0.666666667,0.071428571,0.6,1,0,0.951219512
0,0.082191781,0.283159971,0.6,0,0,0.397959184,0.25,1,0.833333333,0.285714286,0.8,0.5,1,0.951219512
0,0.424657534,0.068042744,0.333333333,0,0,0.346938776,0,0,0.333333333,0,1,0.5,0,0.951219512
0,0.246575342,0.111413523,0.6,0,0,0.397959184,0.5,1,0.333333333,0.785714286,0,1,1,0.951219512
1,0.205479452,0.115194691,0.8,0,0.433195592,0.448979592,0.875,0.6,0.333333333,0.785714286,0,1,1,0.951219512
0,0.095890411,0.101498868,0.533333333,0,0,0.397959184,0.5,0.733333333,0.666666667,0.857142857,0.6,0.25,1,0.853658537
0,0.068493151,0.150493027,0.533333333,0,0,0.397959184,0.5,0.733333333,0,0.428571429,0.6,1,1,0.951219512
0,0.04109589,0.11952047,0.6,0,0,0.244897959,0.25,1,0.666666667,0.785714286,0.6,1,1,0.951219512
1,0.383561644,0.155675303,0.8,0,0,0.602040816,0.5,0.6,0.333333333,0.285714286,0,1,1,0.951219512
0,0.383561644,0.126945468,0.666666667,0,0,0.479591837,0.125,0.533333333,0.666666667,0.071428571,0.8,1,1,0.951219512
0,0.123287671,0.112435771,0.6,0,0,0.397959184,0.5,1,0.666666667,0.857142857,0.6,1,0,0.951219512
1,0.410958904,0.149667651,0.866666667,0.278282783,0,0.602040816,0.5,0.8,0,0.857142857,0.2,1,1,0.951219512
0,0.04109589,0.134289957,0.6,0,0,0.346938776,0.5,1,0.666666667,0.071428571,0.6,1,0,0.951219512
1,0.328767123,0.11385244,0.8,0,0,0.5,0.5,0.6,0,0.714285714,0.2,1,0,0.951219512
0,0.356164384,0.169957683,0.533333333,0,0,0.397959184,0.125,0.733333333,0,0.071428571,0.2,1,1,0.951219512
0,0.630136986,0.11953806,0.8,0,0,0.397959184,0.5,0.6,0.333333333,0.071428571,0,1,1,0.951219512
0,0.328767123,0.072684466,0.533333333,0,0,0.397959184,0.5,0.733333333,0.333333333,0.928571429,0,1,1,0.951219512
0,0.301369863,0.132309056,0.466666667,0,0,0.5,0.25,0.133333333,0.333333333,0.928571429,0,1,1,0.951219512
0,0.219178082,0.11973358,0.8,0,0,0.397959184,0.5,0.6,0.666666667,0.285714286,0.2,1,0,0.951219512
1,0.684931507,0.081545753,0.6,0,0,0.408163265,0.875,1,0.333333333,0.785714286,0,1,1,0.951219512
1,0.424657534,0.059230845,0.733333333,0,0,0.5,0.5,0.466666667,0.333333333,0.285714286,0,1,1,0.951219512
0,0.068493151,0.158378069,0.533333333,0,0,0.397959184,0,0.733333333,0.666666667,0,0.8,0.5,0,0.951219512
0,0.232876712,0.145183561,0.533333333,0,0,0.489795918,0.5,0.733333333,0.833333333,0.214285714,0.8,1,1,0.951219512
0,0.287671233,0.238832567,0.533333333,0,0,0.316326531,0.5,0.733333333,0.833333333,0.071428571,0.2,1,0,0.951219512
0,0.397260274,0.015459555,0.333333333,0,0,0.397959184,0.5,0,0,0.071428571,0.6,0.5,1,0.951219512
1,0.123287671,0.118167396,0.666666667,0,0,0.397959184,0.5,0.533333333,0.333333333,0.071428571,1,1,0,0.951219512
0,0.04109589,0.187872392,0.533333333,0,0,0.091836735,0.5,0.733333333,0.666666667,0.857142857,0.6,1,0,0.195121951
0,0.287671233,0.035579099,0.666666667,0,0,0.5,0.625,0.533333333,0,0.357142857,0.2,1,1,0.951219512
0,0.178082192,0.096445811,0.533333333,0,0,0.397959184,0.5,0.733333333,0.333333333,0.5,0,1,1,0.951219512
0,0.219178082,0.065775667,0.533333333,0,0,0.346938776,0.75,0.733333333,0.666666667,0.214285714,0.2,1,1,0.951219512
0,0.109589041,0.027491772,0.733333333,0,0,0.448979592,0.5,0.466666667,0.333333333,0.857142857,0,1,1,0.951219512
1,0.219178082,0.2028056,0.8,0,0,0.448979592,0.75,0.6,0.333333333,0.857142857,0,1,1,0.951219512
0,0.684931507,0.142488237,0.666666667,0,0,0.397959184,0.5,0.533333333,0,0.714285714,0.8,1,0,0.951219512
0,0.123287671,0.073034236,0.8,0,0,0.397959184,0.5,0.6,0.666666667,0.857142857,0.4,1,1,0.951219512
1,0.397260274,0.019200806,0.533333333,0.150241502,0,0.397959184,0.625,0.733333333,0.333333333,0.357142857,0,1,1,0.951219512
0,0.109589041,0.068432429,0.6,0,0,0.346938776,0.75,1,0.666666667,0.214285714,0.8,1,1,0.951219512
0,0.273972603,0.122219178,0.533333333,0,0,0.397959184,0.5,0.733333333,0.333333333,1,0,1,1,0.951219512
0,0.068493151,0.076127365,0.533333333,0,0,0.193877551,0.5,0.733333333,0.666666667,0.857142857,0.6,1,0,0.951219512
0,0.424657534,0.076887116,0.6,0,0.383149679,0.37755102,0.5,1,1,0.285714286,0.8,0.5,0,0.951219512
0,0.506849315,0.050686178,0.533333333,0,0,0.142857143,0.5,0.733333333,1,0.571428571,0.2,1,0,0.951219512
0,0.342465753,0.110538761,0.266666667,0,0,0.397959184,0.25,0.4,0.333333333,0.571428571,0,1,1,0.951219512
1,0.191780822,0.098691239,0.8,0.135501355,0,0.5,0.5,0.6,0.666666667,0.285714286,0.2,1,0,0.951219512
1,0.205479452,0.025108331,0.8,0.105201052,0,0.397959184,0.5,0.6,0.833333333,0.714285714,0.2,1,1,0.951219512
1,0.465753425,0.007721321,0.533333333,0,0,0.397959184,0.125,0.733333333,0.333333333,0.571428571,0,1,1,0.951219512
1,0.356164384,0.065946831,0.8,0,0,0.193877551,0.5,0.6,0.333333333,0.714285714,0,1,1,0.951219512
1,0.123287671,0.10518532,0.8,0,0,0.5,0.5,0.6,0.333333333,0.714285714,0,1,1,0.951219512
0,0.054794521,0.035338928,0.533333333,0,0,0.551020408,0.5,0.733333333,0.666666667,0.857142857,0.2,1,1,0.951219512
1,0.684931507,0.060533856,0.6,0,0,0.397959184,0,1,0.333333333,0,0,1,1,0.951219512
1,0.301369863,0.09523075,0.533333333,0,0,0.5,0.5,0.733333333,0.333333333,0.214285714,0,1,1,0.951219512
0,0.109589041,0.01909662,0.8,0.036740367,0,0.295918367,0.5,0.6,0.666666667,0.714285714,0.2,1,1,0.951219512
0,0.219178082,0.017548026,0.533333333,0,0,0.704081633,0.75,0.733333333,0.666666667,0.357142857,0.6,1,1,0.951219512
0,0.150684932,0.092933906,0.333333333,0,0,0.295918367,0.5,0,0.666666667,0.571428571,0.6,0.5,0,0.951219512
0,0.493150685,0.132035735,0.333333333,0,0,0.397959184,0.25,0,0.333333333,0.571428571,0,1,1,0.951219512
0,0.315068493,0.171944673,0.666666667,0,0,0.142857143,0.5,0.533333333,0.333333333,0.571428571,0,1,1,0.951219512
0,0.136986301,0.014875703,0.666666667,0,0.43067034,0.357142857,0.5,0.533333333,0.666666667,0.714285714,0.2,1,0,0.048780488
0,0.287671233,0.078015581,0.6,0,0,0.346938776,0.5,1,0.333333333,0.428571429,1,1,0,0.951219512
0,0.287671233,0.298608701,0.533333333,0,0,0.43877551,0.5,0.733333333,0.333333333,0.214285714,0,1,1,0.951219512
1,0.575342466,0.145841832,0.8,0,0,0.367346939,0.5,0.6,0.333333333,0.857142857,0,1,1,0.951219512
0,0.150684932,0.151634345,0.6,0,0,0.397959184,0.125,1,0.666666667,0.285714286,0.2,0.5,1,0.951219512
0,0.054794521,0.110879735,0.8,0,0,0.346938776,0.5,0.6,0.333333333,0.857142857,0.4,1,0,0.951219512
0,0.150684932,0.135495547,0.6,0,0,0.244897959,0.5,1,0,0.5,0.8,0.5,0,0.951219512
0,0.438356164,0.142787943,0.6,0,0,0.43877551,0.25,1,0,0.071428571,0.2,1,0,0.951219512
1,0.356164384,0.132438951,0.866666667,0,0,0.397959184,0.5,0.8,0.666666667,0.714285714,0.2,1,1,0.951219512
0,0.452054795,0.177858962,0.133333333,0,0,0.367346939,0.5,0.266666667,0,0.571428571,0.2,1,1,0.12195122
0,0.315068493,0.04284511,0.533333333,0,0,0.428571429,0.5,0.733333333,0.333333333,0.857142857,0,0.5,1,0.951219512
0,0.328767123,0.138475694,0.8,0,0,0.397959184,0.5,0.6,0.666666667,0.428571429,0.2,0.5,1,0
1,0.493150685,0.088989693,0.866666667,0,0,0.357142857,0.875,0.8,0.333333333,0.714285714,0,1,1,0.951219512
0,0.150684932,0.078629877,0.133333333,0,0,0.397959184,0.5,0.266666667,0.666666667,0.5,0.2,1,0,0
1,0.684931507,0.062895647,0.8,0,0.54912764,0.397959184,0.5,0.6,1,0.285714286,0.2,1,1,0.951219512
1,0.328767123,0.326615994,1,1,0,0.704081633,0.625,0.666666667,0.333333333,0.714285714,0,1,1,0.951219512
0,0.04109589,0.109701207,0.533333333,0,0,0.602040816,0.5,0.733333333,0.666666667,0.214285714,0.6,1,1,0.951219512
0,0.246575342,0.124116865,0.533333333,0,0,0.5,0.75,0.733333333,0,0.214285714,0.2,1,1,0.951219512
0,0.219178082,0.203392835,0.333333333,0,0,0.806122449,0.5,0,0.333333333,0.571428571,0,1,1,0.634146341
0,0.191780822,0.117398849,0.533333333,0,0,0.295918367,0.5,0.733333333,0.666666667,1,0.8,0.5,0,0.951219512
0,0.356164384,0.12082957,0.2,0,0,0.37755102,0.5,0.333333333,1,0.571428571,0.8,1,0,0.634146341
0,0.438356164,0.08875967,0.533333333,0,0,0.397959184,0.5,0.733333333,0,0.571428571,0.8,1,0,0.951219512
0,0.054794521,0.01407333,0.6,0,0,0.5,0,1,0.666666667,0,0.6,1,1,0.951219512
0,0.01369863,0.123543838,0.533333333,0,0,0.397959184,0.5,0.733333333,0.666666667,0.428571429,0.6,0,1,0.951219512
0,0.424657534,0.036025614,0.533333333,0,0,0.5,0.75,0.733333333,0.333333333,0.357142857,0,1,1,0.951219512
0,0.479452055,0.115913173,0.533333333,0,0,0.397959184,0.5,0.733333333,0.333333333,0.428571429,0,1,1,0.951219512
0,0.410958904,0.139886951,0.533333333,0,0,0.397959184,0.5,0.733333333,0,0.571428571,0.8,0.5,0,0.951219512
0,0.342465753,0.127408896,0.533333333,0,0.399449036,0.602040816,0.5,0.733333333,0.333333333,0.214285714,0,1,1,0.951219512
0,0.589041096,0.081349557,0.533333333,0,0,0.397959184,0.5,0.733333333,0.333333333,0.571428571,0,1,1,0.951219512
0,0.123287671,0.05152779,0.533333333,0,0,0.357142857,0.5,0.733333333,0.333333333,0.214285714,0,1,1,0.951219512
1,0.356164384,0.163627999,0.6,0,0.436639118,0.397959184,0.5,1,0.333333333,0.214285714,0,1,1,0.951219512
0,0.054794521,0.10808496,0.6,0,0,0.193877551,0.5,1,0.666666667,0.928571429,0.6,1,1,0.951219512
0,0.356164384,0.050739624,0.6,0,0,0.397959184,0.5,1,0.666666667,0.428571429,0.2,1,1,0.951219512
1,0.465753425,0.110921681,0.733333333,0,0,0.397959184,0.75,0.466666667,0.333333333,0.857142857,0,1,1,0.951219512
0,0.01369863,0.172977069,0.4,0,0,0.142857143,0.5,0.066666667,0.666666667,0.857142857,0.2,1,0,0.951219512
0,0.602739726,0.102457522,0.533333333,0,0,0.397959184,0.5,0.733333333,0,0.5,0.2,1,0,0.951219512
0,0.136986301,0.121027119,0.6,0,0,0.397959184,0.5,1,0.666666667,0.071428571,0.6,1,0,0.951219512
0,0.328767123,0.140838162,0.533333333,0,0,0.397959184,0.5,0.733333333,0.666666667,0.857142857,0.6,1,1,0.951219512
1,0.356164384,0.380814077,0.666666667,0.03103031,0,0.316326531,0.5,0.533333333,0.333333333,1,0,1,1,0.951219512
0,0.219178082,0.070969444,0.8,0,0,0.448979592,0.5,0.6,0.333333333,0.285714286,0,1,1,0.951219512
0,0.465753425,0.124045152,0.6,0,0,0.397959184,0.625,1,0.833333333,0.857142857,0.2,1,0,0.951219512
0,0.260273973,0.061188744,0.533333333,0,0,0.397959184,0.25,0.733333333,0.333333333,0.285714286,0,1,1,0.951219512
0,0.561643836,0.072704762,0.533333333,0,0,0.602040816,0.5,0.733333333,0.333333333,0.642857143,0.4,0.25,0,0.731707317
1,0.643835616,0.120677349,0.533333333,0,0,0.397959184,0.25,0.733333333,0,0.214285714,0.2,1,1,0.951219512
0,0.109589041,0.106537042,0.533333333,0,0,0.959183673,0.5,0.733333333,0.666666667,0.428571429,0.6,1,1,0.951219512
0,0.246575342,0.092209334,0.533333333,0,0.399449036,0.397959184,0.5,0.733333333,0.333333333,0.214285714,0,1,1,0.951219512
0,0.301369863,0.108417139,0.533333333,0,0,0.397959184,0.5,0.733333333,0.666666667,0.5,0.8,1,1,0.951219512
1,0.397260274,0.097855038,0.6,0,0,0.602040816,0.5,1,0.333333333,0.285714286,0,1,1,0.951219512
1,0.150684932,0.102547501,0.8,0.051780518,0,0.397959184,0.125,0.6,0.333333333,0.285714286,0,1,1,0.951219512
0,0.767123288,0.051625888,0.533333333,0,0,0.346938776,0.5,0.733333333,0,0.285714286,0.2,1,0,0.951219512
1,0.342465753,0.1335938,0.933333333,0,0,0.551020408,0.25,0.933333333,0.333333333,0.285714286,0,1,1,0.951219512
1,0.273972603,0.066590218,0.533333333,0,0,0.5,0.5,0.733333333,0.333333333,0.857142857,0,1,1,0.951219512
0,0.123287671,0.036771834,0.8,0,0,0.5,0.5,0.6,0.666666667,0.285714286,0.2,1,0,0.951219512
1,0.136986301,0.254860413,0.8,0.135501355,0,0.459183673,0.5,0.6,0.666666667,0.857142857,0.2,1,1,0.951219512
0,0.205479452,0.214941327,0.6,0,0,0.5,0.5,1,0.333333333,1,0,1,1,0.951219512
0,0.082191781,0.137561015,0.533333333,0,0,0.193877551,0.5,0.733333333,0.666666667,0.571428571,0.2,1,0,0.951219512
0,0.328767123,0.026526353,0.6,0,0,0.397959184,0.75,1,0.333333333,0.214285714,0,1,1,0.951219512
0,0.136986301,0.104136011,0.533333333,0,0,0.5,0.5,0.733333333,0,0.214285714,0.2,1,1,0.951219512
1,0.506849315,0.015744377,0.6,0.07298073,0,0.5,0.5,1,0.333333333,0.857142857,0,1,1,0.951219512
0,0.123287671,0.135620706,0.533333333,0,0,0.397959184,0.5,0.733333333,0.333333333,1,0,1,1,0.951219512
0,0.356164384,0.270678533,0.6,0,0,0.275510204,0.5,1,0.666666667,0.571428571,0.8,1,0,0.951219512
1,0.273972603,0.077389107,0.666666667,0,0,0.602040816,0.625,0.533333333,0.333333333,0.857142857,0,1,1,0.951219512
0,0.150684932,0.045923355,0.6,0,0,0.295918367,0,1,0,0,0.2,1,0,0.951219512
0,0.547945205,0.075429178,0.533333333,0,0,0.479591837,0.75,0.733333333,0.333333333,0.857142857,0,1,1,0.951219512
0,0.465753425,0.062489049,0.8,0,0,0.5,0.5,0.6,0.333333333,0.214285714,0,1,1,0.951219512
0,0.178082192,0.041614489,0.8,0,0,0.397959184,0.25,0.6,0.833333333,0.714285714,0.2,1,0,0.951219512
1,0.232876712,0.150647954,0.8,0,0.433195592,0.479591837,0.75,0.6,0.333333333,0.714285714,0,0.5,1,0.951219512
0,0.123287671,0.113217172,0.533333333,0,0,0.397959184,0.5,0.733333333,0.666666667,0.928571429,0.4,1,1,0.951219512
0,0.342465753,0.109128857,0.6,0,0.373737374,0.397959184,0.5,1,0.333333333,0.071428571,0,1,1,0.951219512
0,0.082191781,0.222003701,0.533333333,0,0,0.397959184,0.5,0.733333333,0.666666667,0.214285714,0.2,1,1,0.951219512
0,0.191780822,0.069281484,0.8,0,0,0.479591837,0.5,0.6,0.666666667,0.857142857,0.2,1,1,0.951219512
0,0.068493151,0.145900691,0.6,0,0,0.397959184,0.5,1,0.666666667,0.785714286,0.6,1,1,0.951219512
1,0.232876712,0.195110665,0.6,0,0,0.397959184,0.5,1,0.333333333,0.714285714,0,0.5,1,0.56097561
1,0.493150685,0.014220138,0.933333333,0,0,0.37755102,0.75,0.933333333,0.333333333,0.714285714,0,1,1,0.951219512
0,0.287671233,0.097721084,0.8,0,0,0.56122449,0.5,0.6,0.333333333,0.071428571,0,1,1,0.951219512
0,0.082191781,0.078694148,0.533333333,0,0,0.479591837,0.5,0.733333333,0.666666667,0.857142857,0.6,0.25,1,0.853658537
0,0.328767123,0.116240617,0.4,0,0,0.397959184,0.5,0.066666667,0,0.571428571,0.2,1,1,0.951219512
0,0,0.023081425,0.2,0,0,0.071428571,0.5,0.333333333,0.666666667,0.857142857,0.6,1,1,0.951219512
0,0.794520548,0.012793321,0.533333333,0,0,0.193877551,0.25,0.733333333,0,0.071428571,0.2,1,0,0.951219512
0,0.342465753,0.123367262,0.8,0,0,0.397959184,0.5,0.6,0.333333333,0.285714286,0,1,1,0.951219512
0,0.369863014,0.048400835,0.533333333,0,0,0.5,0.5,0.733333333,0,0.285714286,0.2,1,0,0.951219512
0,0.150684932,0.017450604,0.6,0,0,0.551020408,0.75,1,0.333333333,0.357142857,0,1,1,0.951219512
0,0.410958904,0.117118086,0.533333333,0,0,0.37755102,0.5,0.733333333,0.333333333,0.571428571,1,1,0,0.951219512
0,0.438356164,0.108807501,0.333333333,0.044160442,0,1,0.5,0,0.833333333,0.285714286,0.2,0.5,1,0.951219512
0,0.287671233,0.177673591,0.733333333,0,0,0.346938776,0.5,0.466666667,0.666666667,0.714285714,0.2,1,1,0.951219512
0,0.178082192,0.25613298,0.666666667,0,0,0.357142857,0.5,0.533333333,0,0.714285714,0.8,1,0,0.951219512
1,0.301369863,0.246374605,0.933333333,0,0.433195592,0.5,0.125,0.933333333,0.333333333,0.714285714,0,1,1,0.951219512
1,0.575342466,0.027750885,0.8,0,0,0.5,0.25,0.6,0.333333333,0.714285714,0,1,1,0.951219512
1,0.424657534,0.025040677,1,0,0.436639118,0.5,0.625,0.666666667,0.333333333,0.714285714,0,1,1,0.951219512
0,0.493150685,0.105288831,0.733333333,0,0.43067034,0.5,0.625,0.466666667,0.666666667,0.285714286,0.2,1,1,0.951219512
1,0.260273973,0.0832168,0.8,0,0,0.479591837,0.5,0.6,0.333333333,0.214285714,0,1,1,0.951219512
0,0.547945205,0.084395328,0.6,0,0,0.5,0.5,1,0.333333333,1,0,1,1,0.951219512
0,0.178082192,0.147117105,0.533333333,0,0,0.397959184,0.75,0.733333333,0.333333333,0.214285714,0,1,1,0.951219512
0,0.109589041,0.161344009,0.533333333,0,0,0.397959184,0.25,0.733333333,0.666666667,0.071428571,0.6,1,0,0.951219512
0,0.410958904,0.070355825,0.533333333,0,0,0.428571429,0.5,0.733333333,0,0.214285714,0.8,1,0,0.951219512
0,0.328767123,0.183124452,0.6,0,0,0.397959184,0.5,1,0,0.071428571,0.2,1,0,0.951219512
1,0.136986301,0.146258579,0.8,0,0,0.448979592,0.5,0.6,0.333333333,0.214285714,0,1,1,0.951219512
0,0.465753425,0.089463269,0.533333333,0,0,0.397959184,0.5,0.733333333,0.333333333,0.214285714,0,1,1,0.195121951
0,0.04109589,0.128213299,0.6,0,0,0.12244898,0.5,1,0.666666667,0.857142857,0.6,1,0,0.951219512
0,0.356164384,0.234347125,0.666666667,0,0,0.397959184,0.5,0.533333333,0,0.214285714,0.2,0.5,1,0.951219512
0,0.246575342,0.120723354,0.533333333,0,0,0.397959184,0.5,0.733333333,0,0.714285714,0.8,1,0,0.951219512
0,0.328767123,0.177984122,0.6,0,0,0.397959184,0.125,1,0.333333333,0.571428571,0,1,1,0.951219512
0,0.136986301,0.065431986,0.6,0,0,0.489795918,0.5,1,0.333333333,0.214285714,0,1,1,0.951219512
1,0.246575342,0.079349712,0.8,0.150241502,0,0.448979592,0.5,0.6,0.333333333,0.857142857,0,1,1,0.951219512
0,0.02739726,0.207383729,0.6,0,0,0.397959184,0.5,1,0.666666667,0.071428571,0.4,1,0,0.951219512
0,0.02739726,0.13982065,0.6,0,0,0.193877551,0.5,1,0.666666667,0.928571429,0.6,1,1,0.951219512
1,0.205479452,0.148248276,0.533333333,0,0,0.397959184,0.5,0.733333333,0.333333333,0.5,0,1,1,0.951219512
1,0.328767123,0.106580341,0.933333333,0,0,0.459183673,0.5,0.933333333,0.333333333,0.714285714,0,1,1,0.951219512
0,0.287671233,0.215889833,0.2,0.039420394,0,0.846938776,0.5,0.333333333,0.333333333,0.357142857,0,1,1,0.780487805
0,0.164383562,0.153890597,0.533333333,0,0.472222222,0.193877551,0.5,0.733333333,0.333333333,0.071428571,1,1,0,0.951219512
1,0.328767123,0.140600698,0.8,0,0,0.551020408,0.5,0.6,0.333333333,0.285714286,0,1,1,0.951219512
0,0.410958904,0.061874753,0.2,0,0,0.397959184,0.875,0.333333333,0.333333333,1,0,1,1,0.951219512
1,0.479452055,0.12967056,0.533333333,0,0,0.397959184,0.25,0.733333333,0.333333333,1,0,1,1,0.804878049
0,0.328767123,0.123697412,0.533333333,0,0,0.5,0.75,0.733333333,0.666666667,0.857142857,0.2,1,1,0
0,0.616438356,0.082871766,0.6,0.046500465,0,0.397959184,0.5,1,0,0.714285714,0.2,1,0,0.951219512
1,0.301369863,0.016933053,0.866666667,0,0,0.5,0.5,0.8,0.666666667,0.285714286,0.2,1,1,0.951219512
1,0.424657534,0.231063889,0.533333333,0,0,0.724489796,0.875,0.733333333,0.333333333,0.785714286,0,1,1,0.951219512
1,0.273972603,0.02491687,0.866666667,0,0,0.602040816,0.5,0.8,0.333333333,0.285714286,0,1,1,0.951219512
0,0.095890411,0.07446173,0.8,0,0,0.397959184,0.5,0.6,0.333333333,0.285714286,1,1,0,0.951219512
1,0.246575342,0.110603032,0.533333333,0,0,0.653061224,0.625,0.733333333,0.333333333,0.857142857,0,1,1,0.951219512
0,0.191780822,0.031660595,0.533333333,0,0,0.346938776,0.5,0.733333333,0.333333333,0.571428571,0,1,1,0.951219512
0,0.424657534,0.122634572,0.533333333,0,0,0.193877551,0.5,0.733333333,0,0.571428571,0.2,0.5,0,0.951219512
0,0.178082192,0.192550647,0.533333333,0,0,0.397959184,0.5,0.733333333,0,0.071428571,0.8,0.5,0,0.951219512
0,0.01369863,0.070524283,0.6,0,0,0.295918367,0.5,1,0.666666667,0.214285714,0.2,1,1,0.951219512
1,0.205479452,0.162684906,0.866666667,0.135501355,0,0.602040816,0.5,0.8,0.666666667,0.285714286,0.2,1,0,0.951219512
1,0.424657534,0.242088065,0.6,0,0,0.397959184,0.75,1,0.333333333,0.285714286,0,1,1,0.951219512
0,0.315068493,0.18763831,0.533333333,0,0,0.5,0.5,0.733333333,0.333333333,0.857142857,0,1,1,0.951219512
0,0.547945205,0.045696715,0.533333333,0,0,0.397959184,0.5,0.733333333,0.333333333,0.214285714,0,0.25,1,0.951219512
0,0.657534247,0.052832154,0.666666667,0.067670677,0,0.602040816,0.5,0.533333333,0.333333333,0.357142857,0,1,1,0.951219512
0,0.082191781,0.216743623,0.6,0,0,0.244897959,0.5,1,0.666666667,0.571428571,0.2,1,0,0.951219512
0,0.287671233,0.114626399,0.466666667,0,0,0.479591837,0.5,0.133333333,0.333333333,0.214285714,0,1,1,0.951219512
1,0.452054795,0.362675435,0.8,0,0,0.193877551,0.5,0.6,0.333333333,0.928571429,0,1,1,0.951219512
0,0.397260274,0.010784005,0.6,0,0,0.581632653,0.5,1,0.333333333,1,0,1,1,0.951219512
0,0.602739726,0.08232377,0.533333333,0,0,0.632653061,0.75,0.733333333,0.333333333,0.857142857,0,0.25,1,0.853658537
1,0.219178082,0.20336442,0.8,0,0,0.397959184,0.5,0.6,0.333333333,0.714285714,0,0.5,1,0.951219512
1,0.301369863,0.126212101,0.866666667,0.076880769,0,0.448979592,0.5,0.8,0.333333333,0.714285714,0,1,1,0.951219512
1,0.232876712,0.056963092,0.733333333,0,0,0.602040816,0.125,0.466666667,0.666666667,0.928571429,0.2,0.25,0,0.951219512
0,0.123287671,0.198238297,0.4,0,0,0.397959184,0.5,0.066666667,0.833333333,0.428571429,0.4,1,1,0.951219512
0,0.02739726,0.041249835,0.4,0,0,0.142857143,0.5,0.066666667,0.666666667,0.571428571,0.6,1,0,0.268292683
1,0.356164384,0.090085007,0.8,0,0,0.37755102,0.5,0.6,0.333333333,0.285714286,0,1,1,0.951219512
1,0.356164384,0.277077223,0.6,0.07298073,0,0.5,0.75,1,0.333333333,0.857142857,0,1,1,0.634146341
1,0.369863014,0.11465752,0.8,0.150241502,0,0.551020408,0.5,0.6,0.333333333,1,0,1,1,0.951219512
1,0.561643836,0.026929569,0.933333333,0,0,0.397959184,0.5,0.933333333,0,0.928571429,0.8,1,1,0.951219512
0,0.438356164,0.075363554,0.733333333,0,0,0.346938776,0.5,0.466666667,0.833333333,0.857142857,0.8,1,1,0.951219512
1,0.219178082,0.096029064,0.533333333,0,0,0.5,0.625,0.733333333,0.333333333,0.857142857,0,1,1,0.951219512
0,0.383561644,0.223996103,0.6,0,0,0.397959184,0.5,1,0.333333333,0.071428571,0,1,1,0.951219512
0,0.178082192,0.055381347,0.533333333,0,0,0.397959184,0.5,0.733333333,0,0.071428571,0.8,0.5,1,0.951219512
0,0.232876712,0.156673872,0.4,0,0,0.397959184,0.25,0.066666667,0.833333333,0.5,0.2,0.5,1,0.951219512
0,0.150684932,0.026066307,0.533333333,0,0,0.397959184,0.5,0.733333333,0.666666667,0.071428571,0.2,1,0,0.951219512
1,0.178082192,0.165538541,0.866666667,0,0,0.346938776,0.5,0.8,0.333333333,0.714285714,1,1,0,0.951219512
0,0.671232877,0.119447404,0.8,0,0,0.234693878,0,0.6,0.333333333,0,0,1,1,0.951219512
1,0.273972603,0.11162325,0.866666667,0,0,0.397959184,0.25,0.8,0.333333333,0.714285714,0,1,1,0.951219512
0,0.150684932,0.043788203,0.2,0,0,0.5,0.5,0.333333333,0,0.571428571,0.8,1,0,0.951219512
0,0.082191781,0.007226095,0.8,0,0,0.346938776,0,0.6,0.666666667,0,0.6,1,1,0.951219512
0,0.246575342,0.077317394,0.533333333,0,0,0.193877551,0.5,0.733333333,0,0.214285714,0.6,1,1,0.951219512
0,0.191780822,0.262665625,0.533333333,0,0,0.724489796,0.25,0.733333333,0.333333333,0.214285714,0,1,1,0.951219512
0,0.02739726,0.21370597,0.533333333,0,0,0.346938776,0.5,0.733333333,0.666666667,0.571428571,0.6,1,1,0.951219512
0,0.452054795,0.102423019,0.6,0,0,0.397959184,0.75,1,0.333333333,0.214285714,0,1,1,0.951219512
0,0.260273973,0.146067796,0.533333333,0,0,0.193877551,0.5,0.733333333,0.333333333,0.428571429,0,0.5,1,0.951219512
0,0.356164384,0.202070881,0.933333333,0,0,0.397959184,0.875,0.933333333,0.333333333,0.714285714,0,0.5,1,0.951219512
0,0.506849315,0.119179496,0.533333333,0,0,0.397959184,0.25,0.733333333,0.333333333,0.571428571,0,1,1,0.951219512
0,0.438356164,0.107654682,0.266666667,0,0,0.397959184,0,0.4,0,0,0.2,1,1,0.951219512
1,0.438356164,0.214677478,0.8,0,0.436639118,0.397959184,0.5,0.6,0.333333333,0.214285714,0,1,1,0.951219512
0,0.589041096,0.019329349,0.533333333,0,0.399678604,0.397959184,0.5,0.733333333,0.5,0.214285714,0.2,1,1,0.951219512
0,0.616438356,0.113748254,0.466666667,0,0,0.397959184,0.5,0.133333333,0.666666667,0.214285714,0.8,1,1,0.951219512
0,0.315068493,0.036249548,0.6,0,0.048898072,0.397959184,0.5,1,0,0.928571429,0.8,1,0,0.951219512
0,0.01369863,0.109901462,0.533333333,0,0,0.357142857,0.5,0.733333333,0.666666667,0.571428571,0.4,0.5,1,0.951219512
0,0.01369863,0.044842248,0.6,0,0,0.295918367,0,1,0.666666667,0,0.6,1,1,0.951219512
0,0.273972603,0.046089107,0.4,0,0,0.397959184,0.5,0.066666667,0.333333333,0.571428571,0,1,1,0.951219512
0,0.095890411,0.137746386,0.533333333,0,0,0.397959184,0.5,0.733333333,0.333333333,0.071428571,0,1,1,0.951219512
0,0.369863014,0.188944027,0.533333333,0,0,0.602040816,0.5,0.733333333,0.666666667,0.214285714,0.2,0.5,1,0.951219512
0,0.082191781,0.211317793,0.6,0,0,0.295918367,0.25,1,0.666666667,0.071428571,0.2,1,1,0.951219512
1,0.191780822,0.111434496,0.6,0,0,0.346938776,0.875,1,0.333333333,0.214285714,0,1,1,0.951219512
0,0.095890411,0.10011129,0.6,0,0,0.642857143,0.5,1,0.666666667,0.857142857,0.2,0.25,1,0
0,0.178082192,0.168902961,0.4,0,0,0.295918367,0.75,0.066666667,0.5,0.214285714,0.2,1,1,0.390243902
0,0.424657534,0.251062333,0.533333333,0,0,0.602040816,0.25,0.733333333,0.333333333,0.214285714,0,1,1,0.951219512
0,0.410958904,0.013896077,0.6,0,0,0.602040816,0.5,1,0.333333333,0.857142857,0,1,1,0.951219512
0,0.178082192,0.078200952,0.4,0,0,0.071428571,0.5,0.066666667,0.666666667,0.857142857,0.8,1,0,0.951219512
1,0.452054795,0.153353426,0.8,1,0,0.602040816,0.5,0.6,0.333333333,0.857142857,0,1,1,0
0,0.657534247,0.029503117,0.933333333,0,0,0.397959184,0.75,0.933333333,0,0.928571429,0.2,1,1,0.951219512
0,0.01369863,0.092724856,0.533333333,0,0,0.020408163,0,0.733333333,0.666666667,0,0.6,1,0,0.951219512
0,0.712328767,0.19792303,0.533333333,0,0,0.275510204,0.5,0.733333333,0.333333333,1,0,1,1,0.951219512
1,0.410958904,0.110975127,0.533333333,0,0,0.37755102,0.5,0.733333333,0.333333333,0.857142857,0.6,1,0,0.951219512
0,0.424657534,0.153088224,0.133333333,0,0,0.397959184,0.5,0.266666667,0.333333333,0.428571429,0,1,1,0.634146341
0,0,0.201079754,0.333333333,0,0,0.234693878,0.5,0,0.666666667,0.857142857,0.8,1,0,0.951219512
1,0.205479452,0.045850966,0.4,0,0,0.428571429,0.5,0.066666667,0,0.857142857,0.2,1,1,0.951219512
0,0.150684932,0.067733566,0.8,0,0,0.397959184,0.75,0.6,0.666666667,0.785714286,0.6,1,1,0.951219512
1,0.219178082,0.100363639,0.533333333,0,0,0.5,0.5,0.733333333,0.333333333,0.5,0,1,1,0.951219512
0,0.178082192,0.075171418,0.533333333,0,0,0.397959184,0.5,0.733333333,0.666666667,0.428571429,0.8,1,0,0.951219512
1,0.260273973,0.151616079,0.6,0,0,0.448979592,0.5,1,0.333333333,0.285714286,0,1,1,0.951219512
0,0.109589041,0.112761862,0.4,0,0,0.397959184,0,0.066666667,0.666666667,0,0.8,1,0,0.951219512
0,0.178082192,0.066528653,0.8,0,0,0.397959184,0.5,0.6,0,0.285714286,0.2,0.25,0,0.073170732
1,0.575342466,0.068786258,0.533333333,0,0,0.448979592,0.5,0.733333333,0.333333333,0.071428571,0,1,1,0.951219512
0,0.712328767,0.417093393,0.6,0,0,0.193877551,0,1,1,0,0.2,1,0,0.951219512
0,0.136986301,0.092914963,0.6,0,0,0.295918367,0.5,1,0.333333333,0.071428571,0,1,1,0.951219512
1,0.452054795,0.13000477,0.866666667,0.150241502,0,0.653061224,0.5,0.8,0.333333333,0.285714286,0,1,1,0.951219512
0,0.136986301,0.130225321,0.733333333,0,0,0.397959184,0,0.466666667,0.333333333,0,1,1,0,0.951219512
0,0.397260274,0.40057438,0.533333333,0,0,0.397959184,0.5,0.733333333,0.333333333,0.571428571,0,0.5,1,0.951219512
0,0.04109589,0.138275439,0.6,0,0,0.295918367,0,1,0.666666667,0,0.6,1,1,0.951219512
1,0.520547945,0.052367373,0.8,0,0,0.397959184,0.5,0.6,0,0.714285714,0.2,1,0,0.951219512
0,0.328767123,0.060920158,0.533333333,0,0,0.397959184,0.5,0.733333333,0,0.857142857,0.8,0.5,0,0.951219512
1,0.328767123,0.183266525,0.8,1,0,0.397959184,0.5,0.6,0.333333333,0.214285714,0,1,1,0.951219512
1,0.301369863,0.116713517,0.8,0,0,0.397959184,0.5,0.6,0.333333333,0.714285714,0,1,1,0.951219512
0,0.109589041,0.124714248,0.4,0,0,0.397959184,0,0.066666667,0.666666667,0,0.6,1,1,0.951219512
0,0,0.187482029,0.4,0,0,0.112244898,0.5,0.066666667,0.666666667,0.5,0.6,0.75,1,0.951219512
0,0.068493151,0.183493842,0.533333333,0,0,0.448979592,0,0.733333333,0.666666667,0,0.8,0.5,1,0.951219512
0,0.246575342,0.058514392,0.533333333,0,0,0.602040816,0.5,0.733333333,0.666666667,0.285714286,0.2,1,1,0.951219512
0,0.04109589,0.119654425,0.533333333,0,0,0.479591837,0.5,0.733333333,0.333333333,0.428571429,0,1,1,0.951219512
0,0.04109589,0.253416683,0.333333333,0,0,0.346938776,0.5,0,0.666666667,0.571428571,0.4,1,1,0.634146341
0,0.383561644,0.06631825,0.866666667,0,0,0.397959184,0.875,0.8,0,0.285714286,0.8,1,0,0.951219512
1,0.232876712,0.071495114,0.933333333,0,0,0.5,0.5,0.933333333,0.333333333,0.714285714,0,1,1,0.951219512
0,0.02739726,0.015533297,0.533333333,0,0,0.397959184,0.5,0.733333333,0.666666667,1,0.6,1,1,0.951219512
0,0.082191781,0.317221596,0.6,0,0,0.234693878,0.5,1,0.666666667,0.285714286,0.6,0.75,1,0.707317073
0,0.383561644,0.058787036,0.4,0,0,0.397959184,0.5,0.066666667,1,0.071428571,0.8,1,0,0.951219512
0,0.01369863,0.118735687,0.533333333,0,0,0.397959184,0.5,0.733333333,0.666666667,0.071428571,0.6,1,0,0.951219512
1,0.534246575,0.070761071,0.133333333,0,0,0.397959184,0.5,0.266666667,0.333333333,0.5,0,1,1,0.780487805
0,0.054794521,0.061510776,0.533333333,0,0,0.397959184,0.5,0.733333333,0.333333333,0.5,0,1,1,0.951219512
0,0.136986301,0.21642565,0.8,0,0,0.653061224,0.5,0.6,0.666666667,0.071428571,0.2,1,0,0.951219512
0,0.082191781,0.103250424,0.6,0,0,0.193877551,0.5,1,0.666666667,0.285714286,0.6,1,1,0.951219512
0,0.095890411,0.087107566,0.6,0,0,0.397959184,0.5,1,0.666666667,0.071428571,0.6,0.5,0,0.951219512
1,0.232876712,0.064614729,0.533333333,0,0,0.397959184,0.5,0.733333333,0.333333333,0.214285714,0,1,1,0.268292683
1,0.520547945,0.116082984,0.933333333,0,0,0.5,0.625,0.933333333,0.333333333,0.285714286,0,1,1,0
1,0.273972603,0.018038515,0.533333333,0,0,0.397959184,0.5,0.733333333,0.333333333,0.5,0,1,1,0.951219512
0,0.315068493,0.169531464,0.8,0,0,0.397959184,0.5,0.6,0.666666667,0.071428571,0.2,1,0,0.951219512
0,0.164383562,0.089068171,0.533333333,0,0,0.397959184,0,0.733333333,0.833333333,0,0.8,0.5,0,0.951219512
0,0.068493151,0.26797509,0.6,0,0,0.397959184,0.5,1,0.666666667,1,0.6,1,1,0.951219512
0,0.02739726,0.253654147,0.6,0,0.394628099,0.153061224,0.5,1,0.666666667,0.928571429,0.6,1,1,0.951219512
0,0.02739726,0.231253319,0.533333333,0,0,0.295918367,0.5,0.733333333,0.666666667,0.428571429,0.6,1,1,0.951219512
0,0.246575342,0.103946581,0.6,0,0,0.397959184,0.5,1,0.333333333,0.214285714,0,1,1,0.951219512
0,0.260273973,0.1148686,0.6,0,0,0.448979592,0.5,1,0,0.071428571,0.2,1,1,0.951219512
0,0.095890411,0.088475525,0.533333333,0,0,0.295918367,0.75,0.733333333,0.666666667,0.571428571,0.6,1,1,0.951219512
0,0.383561644,0.112736154,0.533333333,0,0,0.193877551,0.5,0.733333333,0.666666667,0.857142857,0.2,1,0,0.951219512
0,0.397260274,0.105476232,0.533333333,0,0,0.010204082,0.5,0.733333333,0.833333333,0.214285714,0.2,1,1,0.536585366
0,0.493150685,0.071416635,0.733333333,0,0,0.397959184,0.125,0.466666667,0.333333333,0.071428571,0,1,1,0.951219512
0,0.547945205,0.125558566,0.533333333,0,0,0.397959184,0.125,0.733333333,0,0.071428571,0.2,1,0,0.951219512
0,0.191780822,0.163092182,0.333333333,0,0,0.397959184,0.5,0,0.333333333,0.857142857,0,1,1,0.951219512
0,0.068493151,0.229797411,0.6,0,0,0.37755102,0.5,1,0.666666667,0.071428571,0.6,1,0,0.951219512
1,0.150684932,0.143662029,0.8,0,0,0.448979592,0.5,0.6,0.333333333,0.714285714,1,1,0,0.951219512
1,0.287671233,0.032050957,0.8,0.07298073,0,0.397959184,0.5,0.6,0.333333333,0.857142857,0,1,1,0.951219512
0,0.534246575,0.214910883,0.533333333,0,0,0.397959184,0.5,0.733333333,0.333333333,0.857142857,0,1,1,0.951219512
0,0.109589041,0.140593256,0.533333333,0,0,0.295918367,0.5,0.733333333,0.666666667,0.571428571,0.6,1,1,0.951219512
0,0.136986301,0.104944473,0.533333333,0,0,0.397959184,0.5,0.733333333,0.5,0.357142857,0.6,1,0,0.634146341
0,0.123287671,0.095938408,0.533333333,0,0,0.397959184,0.5,0.733333333,0.666666667,1,0.6,0.5,1,0.951219512
0,0.328767123,0.02003633,0.6,0,0.323232323,0.397959184,0.5,1,0.666666667,0.214285714,0.2,1,1,0.951219512
1,0.479452055,0.180529932,0.866666667,0,0,0.602040816,0.5,0.8,0.333333333,0.285714286,0,1,1,0.951219512
0,0.150684932,0.115162893,0.666666667,0,0,0.397959184,0.5,0.533333333,0.666666667,0.857142857,0.2,1,1,0.951219512
0,0.109589041,0.075299283,0.6,0,0,0.397959184,0.5,1,0.666666667,0.071428571,0.8,0.75,1,0.951219512
0,0.136986301,0.096577736,0.6,0,0,0.397959184,0.5,1,0.666666667,0.571428571,0.6,0.5,1,0.951219512
0,0.383561644,0.092925787,0.6,0,0,0.397959184,0.5,1,0.333333333,0.214285714,0,1,1,0.951219512
0,0.068493151,0.148585868,0.666666667,0,0,0.367346939,0.5,0.533333333,0.666666667,0.071428571,0.6,1,0,0.951219512
0,0.479452055,0.096709661,0.6,0,0,0.397959184,0.5,1,0,0.071428571,0.8,1,0,0.951219512
0,0.219178082,0.161578768,0.133333333,0,0,0.397959184,0.5,0.266666667,0.333333333,0.5,0,1,1,0.634146341
0,0.191780822,0.135792547,0.466666667,0.046500465,0,0.5,0.5,0.133333333,0.666666667,0.857142857,0.2,1,1,0.951219512
1,0.547945205,0.005864226,0.6,0,0.436639118,0.397959184,0.5,1,0.333333333,0.857142857,0,1,1,0.951219512
0,0.082191781,0.272962523,0.4,0,0,0.295918367,0.5,0.066666667,0.666666667,0.428571429,0.6,1,1,0.951219512
0,0.493150685,0.178662689,0.533333333,0,0,0.448979592,0.5,0.733333333,0.333333333,0.285714286,0,1,1,0.951219512
1,0.438356164,0.118630147,0.8,0,0,0.5,0.5,0.6,0,0.857142857,0.2,1,0,0.951219512
0,0.547945205,0.128960196,0.2,0.011730117,0,0.448979592,0,0.333333333,0.333333333,0,1,1,0,0.804878049
0,0.328767123,0.058814774,0.6,0,0,0.397959184,0.75,1,0.333333333,0.5,0,1,1,0.951219512
0,0.575342466,0.433613082,0.4,0,0,0.397959184,0.5,0.066666667,1,1,0.8,1,0,0.951219512
0,0.178082192,0.103781505,0.8,0,0,0.397959184,0.5,0.6,0.666666667,0.571428571,0.2,1,0,0.951219512
0,0.479452055,0.054585063,0.8,0,0,0.397959184,0.5,0.6,0.833333333,0.285714286,0.8,1,0,0
0,0.287671233,0.070409271,0.6,0,0,0.397959184,0.5,1,0.333333333,0.571428571,0,0.25,1,0.731707317
0,0.643835616,0.014758662,0.6,0,0,0.030612245,0,1,1,0,0.2,1,1,0.951219512
1,0.465753425,0.178721547,0.733333333,0.03103031,0,0.295918367,0.75,0.466666667,0.333333333,0.857142857,0,1,1,0.951219512
0,0.410958904,0.092720796,0.8,0,0,0.602040816,0.5,0.6,0.666666667,0.071428571,0.2,1,1,0.951219512
1,0.630136986,0.017716483,0.6,0.140841408,0,0.602040816,0.625,1,1,0.857142857,0.2,1,0,0.951219512
0,0.150684932,0.102180818,0.533333333,0,0,0.397959184,0.5,0.733333333,0.666666667,1,0.6,1,1,0.951219512
1,0.342465753,0.119042158,0.8,0,0,0.5,0.5,0.6,0,0.285714286,0.2,1,0,0.951219512
1,0.342465753,0.118139658,0.733333333,0,0,0.448979592,0.25,0.466666667,0.333333333,0.285714286,1,1,0,0.951219512
0,0.383561644,0.098568109,0.533333333,0,0,0.316326531,0.5,0.733333333,0,0.071428571,0.8,1,0,0.951219512
0,0.068493151,0.133522087,0.8,0,0,0.051020408,0.5,0.6,0.666666667,0.714285714,0.6,1,0,0.951219512
1,0.547945205,0.088613538,0.8,0.07298073,0,0.602040816,0.5,0.6,0.333333333,0.285714286,0,1,1,0
0,0.547945205,0.024065786,0.6,0,0,0.5,0.75,1,0.333333333,0.357142857,0,1,1,0.951219512
0,0.178082192,0.067900671,0.533333333,0,0,0.397959184,0.5,0.733333333,0,0.214285714,0.6,1,1,0.951219512
0,0.068493151,0.017351153,0.6,0,0,0.244897959,0.5,1,0.666666667,0.857142857,0.2,1,1,0.951219512
0,0.287671233,0.328882394,0.6,0,0,0.397959184,0,1,0.333333333,0,1,1,0,0.951219512
0,0.452054795,0.06725796,0.866666667,0,0,0.5,0.125,0.8,0.666666667,0.285714286,0.2,1,0,0.951219512
0,0.150684932,0.159094522,0.533333333,0,0,0.397959184,0.5,0.733333333,0.666666667,0.071428571,0.2,1,1,0.951219512
0,0.657534247,0.111297835,0.533333333,0,0,0.397959184,0.5,0.733333333,0,0.071428571,0.2,1,0,0.951219512
0,0.095890411,0.147138754,0.6,0,0,0.346938776,0.5,1,0.333333333,0.214285714,0,1,1,0.951219512
0,0.534246575,0.112249047,0.6,0,0,0.397959184,0.5,1,0.333333333,0.5,0,1,1,0.951219512
0,0.369863014,0.098051911,0.8,0,0,0.418367347,0.75,0.6,0.666666667,0.857142857,0.2,1,1,0.951219512
0,0.219178082,0.18174364,0.2,0,0,0.397959184,0.5,0.333333333,0.333333333,0.428571429,0,1,1,0.634146341
0,0.164383562,0.169454339,0.733333333,0,0.143480257,0.602040816,0.5,0.466666667,0.666666667,0.571428571,0.8,0.5,1,0.951219512
0,0.671232877,0.106317844,0.533333333,0,0,0.153061224,0.5,0.733333333,1,0.214285714,0.2,1,1,0.951219512
0,0.04109589,0.032713287,0.6,0,0,0.275510204,0.5,1,0.666666667,0.857142857,0.6,1,0,0.951219512
0,0.082191781,0.027045934,0.666666667,0,0,0.397959184,0.5,0.533333333,0.333333333,0.214285714,0,1,1,0.951219512
0,0.068493151,0.142551831,0.533333333,0,0,0.540816327,0.5,0.733333333,0.666666667,0.714285714,0.6,1,1,0.951219512
0,0.260273973,0.233093501,0.533333333,0,0,0.397959184,0.5,0.733333333,0,0.857142857,0.2,1,0,0.951219512
0,0.438356164,0.177547079,0.533333333,0,0,0.397959184,0.5,0.733333333,0.333333333,0.214285714,0,0.5,1,0.951219512
0,0.410958904,0.13017458,0.866666667,0,0,0.397959184,0.25,0.8,0.333333333,0.714285714,0,1,1,0.951219512
0,0.287671233,0.21839911,0.8,0,0,0.346938776,0.5,0.6,0,0.714285714,0.2,1,0,0.951219512
0,0.02739726,0.202750801,0.533333333,0,0,0.244897959,0.5,0.733333333,0.666666667,0.214285714,0.4,1,1,0.634146341
0,0.493150685,0.081197336,0.6,0,0,0.397959184,0.5,1,0,0.071428571,0.4,1,0,0.951219512
1,0.465753425,0.161109251,0.866666667,0,0,0.551020408,0.5,0.8,0.333333333,0.857142857,0,1,1,0.951219512
0,0.452054795,0.095070411,0.6,0,0,0.704081633,0.625,1,0.333333333,0.5,0,1,1,0.268292683
1,0.452054795,0.144922418,0.6,0,0,0.448979592,0.5,1,0.333333333,0.928571429,0,1,1,0.951219512
1,0.589041096,0.075031374,0.266666667,0,0.433195592,0.673469388,0.75,0.4,0.333333333,0.285714286,0,1,1,0.951219512
1,0.671232877,0.062438308,0.8,0,0,0.071428571,0.75,0.6,0.333333333,0.285714286,0,1,1,0.951219512
0,0.01369863,0.157150154,0.4,0,0,0.091836735,0.5,0.066666667,0.666666667,0.071428571,0.6,1,0,0.951219512
1,0.712328767,0.083624075,0.8,0,0,0.06122449,0.5,0.6,0.333333333,0.714285714,0,1,1,0.951219512
0,0.397260274,0.128142262,0.733333333,0,0,0.397959184,0.5,0.466666667,0.833333333,0.285714286,0.8,1,0,0.951219512
0,0.095890411,0.077488558,0.533333333,0,0,0.448979592,0.5,0.733333333,0.666666667,0.071428571,0.8,1,0,0.951219512
1,0.232876712,0.120385085,0.8,0,0.436639118,0.479591837,0.125,0.6,0.333333333,0.785714286,0,1,1,0.951219512
1,0.520547945,0.119136197,0.6,0,0,0.479591837,0.5,1,0.333333333,0.5,0,1,1,0.951219512
1,0.452054795,0.161895387,0.8,0,0,0.551020408,0.125,0.6,0,0.285714286,0.2,1,1,0.951219512
0,0.136986301,0.165399174,0.733333333,0,0,0.397959184,0.5,0.466666667,0.666666667,0.857142857,0.2,1,1,0.951219512
0,0.301369863,0.039208722,0.133333333,0,0,0.397959184,0.5,0.266666667,0.5,0.571428571,0.8,0.25,0,0.731707317
0,0.520547945,0.0255129,0.4,0,0,0.397959184,0.5,0.066666667,0.666666667,0.5,0.2,0.5,0,0.951219512
1,0.260273973,0.198289037,0.8,0,0,0.5,0.5,0.6,0,0.714285714,0.2,1,1,0.951219512
0,0.520547945,0.087572347,0.8,0.034640346,0,0.397959184,0.5,0.6,0.333333333,0.071428571,1,1,0,0.951219512
0,0.342465753,0.038186474,0.6,0,0,0.397959184,0.5,1,0.666666667,0.214285714,0.2,0.25,1,0.951219512
0,0.095890411,0.065089658,0.6,0,0,0.397959184,0.5,1,0.666666667,0.071428571,0.6,1,1,0.463414634
1,0.287671233,0.158868559,0.533333333,0,0,0.397959184,0.5,0.733333333,0.333333333,0.928571429,0,1,1,0.951219512
0,0.438356164,0.056390064,0.333333333,0,0,0.397959184,0,0,0,0,0.2,1,1,0.951219512
0,0.315068493,0.037768374,0.533333333,0,0,0.448979592,0.5,0.733333333,0,0.214285714,0.2,1,1,0.951219512
0,0.191780822,0.159015368,0.266666667,0.031370314,0,0.397959184,0.5,0.4,0.333333333,0.5,0,1,1,0.634146341
0,0.342465753,0.054125017,0.866666667,0,0,0.397959184,0.5,0.8,0.333333333,0.857142857,0,0.25,1,0
0,0.369863014,0.122771232,0.733333333,0,0,0.397959184,0.25,0.466666667,0.666666667,0.785714286,0.2,1,1,0.951219512
0,0.397260274,0.159509916,0.533333333,0.034640346,0,0.397959184,0.5,0.733333333,0.333333333,0.214285714,0,1,1,0.951219512
0,0.369863014,0.039644412,0.533333333,0,0,0.602040816,0.75,0.733333333,0.333333333,0.357142857,0,1,1,0.951219512
0,0.328767123,0.102182171,0.4,0,0,0.357142857,0.5,0.066666667,0,0.285714286,0.8,1,0,0.951219512
0,0.068493151,0.008192867,0.6,0,0,0.193877551,0.875,1,0.333333333,0.071428571,1,1,0,0.951219512
0,0.712328767,0.040053717,0.866666667,0,0,0.244897959,0.5,0.8,0.333333333,0.714285714,0,1,1,0.951219512
0,0.095890411,0.17335593,0.8,0,0,0.316326531,0.5,0.6,0.666666667,0.071428571,0.2,1,1,0.951219512
1,0.150684932,0.014917648,0.533333333,0.140841408,0,0.397959184,0.5,0.733333333,0,0.857142857,0.2,0,1,0.951219512
0,0.150684932,0.120495361,0.8,0,0,0.5,0.75,0.6,0.666666667,0.857142857,0.2,1,1,0.951219512
0,0.438356164,0.205473187,0.8,0,0,0.5,0.625,0.6,0.333333333,0.285714286,0,1,1,0.951219512
0,0.698630137,0.09969319,0.533333333,0,0,0.142857143,0.25,0.733333333,0.333333333,0.071428571,0,1,1,0.951219512
0,0.219178082,0.120753121,0.533333333,0,0.371212121,0.397959184,0.5,0.733333333,0.666666667,0.071428571,0.2,1,0,0.951219512
1,0.246575342,0.077816002,0.666666667,0.143441434,0,0.397959184,0.5,0.533333333,0.666666667,0.071428571,0.6,1,0,0.951219512
1,0.191780822,0.145057049,0.533333333,0,0,0.5,0.5,0.733333333,0.666666667,0.214285714,0.2,1,1,0.951219512
0,0.02739726,0.078088647,0.533333333,0,0,0.295918367,0.5,0.733333333,0.666666667,0.357142857,0.6,0.5,1,0.951219512
0,0.520547945,0.103220656,0.6,0,0,0.397959184,0.5,1,0,0.5,0.6,1,1,0.951219512
0,0.068493151,0.184894274,0.8,0,0,0.448979592,0.5,0.6,0.666666667,0.285714286,0.6,1,1,0.951219512
1,0.534246575,0.121417481,0.866666667,0,0,0.5,0.25,0.8,0.333333333,0.714285714,0,1,1,0.951219512
1,0.356164384,0.03465089,0.8,0,0,0.397959184,0.5,0.6,0.333333333,0.714285714,0,1,1,0.951219512
0,0,0.105264475,0.4,0,0,0.193877551,0.5,0.066666667,0.666666667,0.571428571,0.6,1,1,0.951219512
0,0.520547945,0.142971284,0.066666667,0,0,0.295918367,0.5,0.2,0,0.642857143,0.8,1,0,0.12195122
0,0.095890411,0.164048129,0.2,0.021050211,0,0.5,0.5,0.333333333,0.333333333,0.357142857,0,1,1,0.951219512
0,0.342465753,0.091214148,0.8,0,0,0.397959184,0.5,0.6,0.333333333,0.571428571,0,1,1,0.951219512
0,0.479452055,0.07854125,0.4,0,0,0.397959184,0.75,0.066666667,0.333333333,0.214285714,0,1,1,0.951219512
1,0.739726027,0.036762363,0.8,0,0.54912764,0.602040816,0.625,0.6,0.333333333,0.285714286,0,1,1,0.951219512
0,0.356164384,0.328657784,0.8,0,0,0.397959184,0.5,0.6,0,0.285714286,0.8,1,0,0.951219512
1,0.452054795,0.152521286,0.533333333,0,0.561065197,0.724489796,0.5,0.733333333,1,0.857142857,0.2,1,0,0.951219512
0,0.493150685,0.124237289,0.866666667,0,0,0.397959184,0.875,0.8,0,0.714285714,0.2,1,0,0.951219512
0,0.232876712,0.140269194,0.533333333,0,0,0.397959184,0.5,0.733333333,0.666666667,0.428571429,0.2,1,1,0.951219512
1,0.369863014,0.223358128,0.8,0,0,0.5,0.75,0.6,0.333333333,0.214285714,0,1,1,0.951219512
0,0.547945205,0.132140598,0.2,0,0,0.397959184,0.5,0.333333333,1,0.571428571,0.2,1,0,0.951219512
0,0.506849315,0.058806656,0,0,0,0.153061224,0,0.866666667,0.333333333,0,0,1,1,0.951219512
0,0.315068493,0.128007631,0.4,0,0,0.346938776,0.5,0.066666667,0.666666667,1,0.6,1,1,0.951219512
0,0.356164384,0.110805993,0.533333333,0,0,0.153061224,0.75,0.733333333,0.333333333,0.571428571,1,1,0,0.951219512
0,0.136986301,0.180853993,0.133333333,0,0,0.397959184,0.5,0.266666667,0.333333333,0.357142857,0,1,1,0.634146341
0,0.095890411,0.069011545,0.266666667,0,0,0.397959184,0,0.4,0.666666667,0,0.6,1,1,0.951219512
1,0.424657534,0.06228744,0.533333333,0,0,0.397959184,0.875,0.733333333,0.333333333,0.214285714,1,0.5,0,0.951219512
1,0.260273973,0.094730112,0.533333333,0.07298073,0,0.551020408,0.5,0.733333333,0.333333333,0.071428571,0,1,1,0.951219512
1,0.356164384,0.071728519,0.8,0,0.453856749,0.5,0.5,0.6,0.333333333,0.714285714,0,1,1,0.951219512
0,0.575342466,0.026640011,0.533333333,0,0,0.397959184,0.125,0.733333333,1,0.071428571,0.8,1,0,0.951219512
0,0.109589041,0.111985197,0.8,0,0,0.397959184,0,0.6,0.666666667,0,0.2,1,1,0.951219512
0,0.150684932,0.081697297,0.533333333,0,0,0.5,0.5,0.733333333,0,0.071428571,0.8,1,0,0.951219512
0,0.726027397,0.118804017,0.4,0,0,0.397959184,0.5,0.066666667,0.333333333,1,0,1,1,0.951219512
0,0.068493151,0.125825798,0.533333333,0,0,0.37755102,0.5,0.733333333,0.333333333,0.857142857,0.4,1,0,0.951219512
0,0.479452055,0.025003467,0.533333333,0,0,0.397959184,0.5,0.733333333,0.333333333,0.5,0,1,1,0.951219512
0,0.342465753,0.068107691,0.533333333,0,0,0.397959184,0.5,0.733333333,0.666666667,1,0.6,1,1,0.951219512
0,0.534246575,0.096996512,0.8,0,0,0.397959184,0.25,0.6,0,0.285714286,0.8,1,0,0.951219512
0,0.150684932,0.155126631,0.533333333,0,0,0.551020408,0,0.733333333,0,0,0.8,1,0,0.951219512
0,0.164383562,0.197411568,0.733333333,0,0,0.397959184,0.5,0.466666667,0.666666667,0.714285714,0.2,1,1,0.707317073
0,0.054794521,0.070096034,0.6,0,0,0.193877551,0.5,1,0.666666667,0.857142857,0.6,1,0,0.951219512
0,0.260273973,0.219253576,0.733333333,0,0,0.5,0.5,0.466666667,0.666666667,0.285714286,0.8,1,1,0.951219512
1,0.178082192,0.02430731,0.866666667,0,0,0.5,0.875,0.8,0.333333333,0.714285714,1,1,0,0.951219512
1,0.698630137,0.065216847,0.6,0,0,0.112244898,0,1,0.333333333,0,1,1,0,0.951219512
0,0.082191781,0.143310906,0.8,0,0,0.295918367,0.5,0.6,0.666666667,0.714285714,0.2,1,0,0.951219512
0,0.438356164,0.131696113,0.533333333,0,0,0.397959184,0.5,0.733333333,0,0.071428571,0.2,1,0,0.951219512
0,0.397260274,0.034170548,0.533333333,0,0,0.397959184,0.5,0.733333333,0,0.857142857,0.4,1,0,0.951219512
0,0.164383562,0.130150902,0.533333333,0.033250333,0,0.397959184,0.5,0.733333333,0.666666667,0.214285714,0.6,1,1,0.951219512
1,0.589041096,0.092149122,0.533333333,0,0.340909091,0.5,0.75,0.733333333,0.333333333,0.214285714,0,1,1,0.951219512
0,0.301369863,0.12203313,0.6,0,0,0.397959184,0.5,1,0,0.5,0.6,1,1,0.951219512
0,0.095890411,0.160384003,0.533333333,0,0,0.397959184,0.5,0.733333333,0.333333333,0.5,1,1,0,0.951219512
0,0.383561644,0.269930283,0.2,0,0,0.397959184,0.5,0.333333333,0.333333333,0.214285714,0,0.5,1,0.951219512
0,0.054794521,0.131637931,0.6,0,0,0.193877551,0.5,1,0.666666667,0.857142857,0.6,1,1,0
0,0.698630137,0.043046718,0.466666667,0,0,0.295918367,0.5,0.133333333,1,0.857142857,0.2,1,0,0.951219512
1,0.726027397,0.173563627,0.666666667,0,0,0.234693878,0.75,0.533333333,0.333333333,0.357142857,0,1,1,0.951219512
1,0.219178082,0.139284832,0.6,0.07298073,0,0.551020408,0.625,1,0.333333333,0.214285714,0,1,1,0.951219512
0,0.232876712,0.146213928,0.6,0,0,0.397959184,0.5,1,0.666666667,0.071428571,0.8,0.5,0,0.951219512
0,0.287671233,0.011899615,0.666666667,0,0,0.397959184,0.5,0.533333333,0.333333333,0.214285714,0,1,1,0.951219512
0,0,0.123955173,0.333333333,0,0,0.040816327,0.5,0,0.666666667,0.857142857,0.6,1,1,0.951219512
0,0.01369863,0.181611715,0.6,0,0,0.316326531,0.125,1,0.666666667,0.857142857,0.6,1,0,0.951219512
0,0.260273973,0.074465113,0.6,0,0,0.683673469,0.25,1,0.333333333,0.785714286,0,1,1,0.951219512
0,0.219178082,0.053932204,0.533333333,0,0,0.397959184,0.5,0.733333333,0.333333333,0.071428571,1,1,0,0.951219512
0,0.602739726,0.076017766,0.333333333,0,0,0.397959184,0,0,0,0,0.2,1,0,0.951219512
0,0.219178082,0.048295295,0.8,0,0,0.5,0.25,0.6,0.666666667,0.714285714,0.2,0.5,0,0.951219512
0,0.397260274,0.317770945,0.6,0,0,0.346938776,0.75,1,0.333333333,0.714285714,0,1,1,0.951219512
0,0.01369863,0.048174195,0.2,0,0,0.397959184,0.5,0.333333333,0.666666667,0.5,0.6,1,1,0.951219512
1,0.356164384,0.091214148,0.6,0,0,0.479591837,0.5,1,0.666666667,0.071428571,0.8,1,1,0.951219512
1,0.246575342,0.229675634,0.6,0,0,0.602040816,0.5,1,0.333333333,0.857142857,0,1,1,0.951219512
0,0.082191781,0.090438836,0.6,0,0,0.193877551,0.5,1,0.666666667,0.571428571,0.6,1,1,0.951219512
0,0.04109589,0.12728103,0.533333333,0,0,0.346938776,0.5,0.733333333,0.666666667,0.214285714,0.2,1,1,0.951219512
0,0.575342466,0.185832631,0.533333333,0,0,0.448979592,0.25,0.733333333,0.333333333,1,0,1,1,0.951219512
0,0.095890411,0.14020154,0.6,0,0,0.397959184,0.125,1,0.666666667,0.071428571,0.6,0.5,0,0.951219512
0,0.561643836,0.116043068,0.6,0,0,0.397959184,0.5,1,0.333333333,0.285714286,0,1,1,0.951219512
0,0.356164384,0.095529779,0.8,0,0,0.5,0.5,0.6,0.333333333,0.857142857,0,1,1,0.951219512
0,0.273972603,0.077389107,0.8,0,0,0.397959184,0.625,0.6,0.666666667,0.285714286,0.6,1,1,0.951219512
0,0.095890411,0.179870984,0.6,0,0,0.295918367,0.5,1,0.666666667,0.5,0.2,1,1,0.951219512
0,0.424657534,0.126835869,0.6,0,0,0.193877551,0,1,0.333333333,0,1,1,0,0.951219512
0,0.150684932,0.151934051,0.8,0,0,0.5,0.5,0.6,0,0.214285714,0.8,1,1,0.951219512
1,0.465753425,0.069269982,0.6,0,0,0.551020408,0.625,1,0.333333333,0.285714286,0,1,1,0.951219512
0,0.068493151,0.136834414,0.6,0,0,0.397959184,0.5,1,0.666666667,0.071428571,0.6,1,1,0.951219512
1,0.301369863,0.10081083,0.733333333,0,0,0.397959184,0.5,0.466666667,0,0.071428571,0.8,1,0,0.951219512
0,0.246575342,0.134515921,0.6,0,0,0.397959184,0.875,1,0.666666667,0.785714286,0.2,0.5,1,0.951219512
0,0.01369863,0.073037619,0.4,0,0,0.163265306,0.5,0.066666667,0.666666667,0.428571429,0.6,1,1,0.951219512
1,0.164383562,0.106574928,0.733333333,0,0,0.5,0.5,0.466666667,0.333333333,0.857142857,0,1,1,0.951219512
0,0.424657534,0.155685451,0.4,0,0,0.397959184,0.5,0.066666667,0.666666667,0.5,0.8,1,1,0.804878049
1,0.506849315,0.028108774,0.533333333,0,0,0.397959184,0.5,0.733333333,0.333333333,0.5,0,1,1,0.951219512
0,0.452054795,0.085627302,0.6,0.046500465,0,0.214285714,0.5,1,0,0.214285714,0.2,1,1,0.951219512
0,0.520547945,0.027049316,0.866666667,0,0,0.173469388,0,0.8,0.333333333,0,0,1,1,0.951219512
0,0.315068493,0.093871586,0.8,0,0,0.397959184,0.875,0.6,0,0.214285714,0.2,1,1,0.951219512
0,0.342465753,0.011959151,0.8,0,0,0.479591837,0.75,0.6,0.333333333,0.857142857,0,1,1,0.951219512
0,0.205479452,0.182885635,0.8,0,0,0.397959184,0.5,0.6,0.666666667,0.285714286,0.2,1,0,0.951219512
0,0.232876712,0.054391573,0.533333333,0.048650487,0,0.397959184,0.5,0.733333333,0.666666667,0.071428571,0.2,1,0,0.951219512
0,0.01369863,0.016153682,0.4,0,0,0.040816327,0.5,0.066666667,0.666666667,0.214285714,0.6,1,1,0.951219512
0,0.164383562,0.208179337,0.266666667,0,0,0.397959184,0.5,0.4,0.333333333,0.214285714,0,1,1,0.951219512
0,0.383561644,0.102257943,0.533333333,0,0,0.397959184,0.125,0.733333333,0,0.071428571,0.2,1,1,0.951219512
0,0.424657534,0.01616383,0.533333333,0,0,0.448979592,0.5,0.733333333,0.333333333,0.214285714,0,1,1,0.951219512
1,0.246575342,0.133229823,0.533333333,0.043860439,0,0.346938776,0.5,0.733333333,0.333333333,0.071428571,1,1,0,0.951219512
0,0.232876712,0.019760303,0.8,0,0,0.397959184,0,0.6,0,0,0.6,1,0,0.951219512
0,0.191780822,0.054051275,0.333333333,0,0,0.397959184,0.5,0,0,0.5,0.2,1,1,0.951219512
1,0.369863014,0.159744675,0.733333333,0,0,0.397959184,0.5,0.466666667,0.333333333,0.214285714,0,1,1,0.951219512
1,0.397260274,0.173015631,0.8,0,0,0.397959184,0.5,0.6,0.333333333,0.857142857,0,1,1,0.951219512
0,0.232876712,0.211058679,0.533333333,0,0,0.397959184,0.5,0.733333333,0.333333333,0.5,0,1,1,0.951219512
0,0.04109589,0.133173671,0.6,0,0,0.397959184,0.5,1,0.666666667,0.5,0.6,1,1,0.951219512
0,0.219178082,0.115301583,0.8,0,0,0.397959184,0.5,0.6,0.666666667,0.285714286,0.2,1,0,0.951219512
0,0.232876712,0.147997957,0.666666667,0.039080391,0,0.448979592,0.5,0.533333333,0.333333333,0.071428571,0,1,1,0.951219512
1,0.383561644,0.087951208,0.866666667,0,0,0.5,0.5,0.8,0.333333333,0.285714286,0,1,1,0.951219512
0,0.219178082,0.089752151,0.8,0,0,0.653061224,0.625,0.6,0.333333333,0.857142857,0,1,1,0.951219512
1,0.465753425,0.116529499,0.533333333,0,0.453856749,0.5,0.5,0.733333333,0.333333333,0.857142857,0,1,1,0.951219512
1,0.260273973,0.088957219,0.6,0,0,0.112244898,0.5,1,0.333333333,0.071428571,1,1,0,0.951219512
0,0.191780822,0.393678435,0.533333333,0,0,0.397959184,0.5,0.733333333,0.333333333,0.5,0,1,1,0.951219512
0,0.109589041,0.133741285,0.8,0,0,0.397959184,0.5,0.6,0.666666667,0.714285714,0.2,1,0,0.951219512
1,0.191780822,0.014093626,0.6,0,0,0.448979592,0.5,1,0.333333333,0.214285714,0,1,1,0.951219512
0,0.273972603,0.033483863,0.8,0,0,0.295918367,0.5,0.6,0.666666667,0.357142857,0.2,1,1,0.951219512
0,0.150684932,0.123072291,0.533333333,0,0,0.704081633,0.5,0.733333333,0.333333333,0.285714286,0,1,1,0.951219512
0,0.150684932,0.13551246,0.6,0,0,0.397959184,0.5,1,0.333333333,0.428571429,0,1,1,0.951219512
0,0.383561644,0.006985248,0.6,0,0,0.397959184,0.5,1,0,0.071428571,0.8,1,0,0.951219512
0,0.205479452,0.072315754,0.533333333,0,0,0.43877551,0.5,0.733333333,0.333333333,0.071428571,1,1,0,0.951219512
0,0.315068493,0.168059319,0.533333333,0,0,0.397959184,0.5,0.733333333,0.666666667,0.071428571,0.2,1,0,0.951219512
0,0.315068493,0.00727413,0.6,0,0,0.846938776,0.875,1,0.666666667,0.571428571,0.6,0,1,0.951219512
0,0.123287671,0.101877729,0.733333333,0,0,0.397959184,0.5,0.466666667,0.666666667,0.714285714,0.2,1,0,0.951219512
0,0.424657534,0.138510197,0.533333333,0,0,0.275510204,0.5,0.733333333,0.666666667,0.714285714,0.8,0.5,0,0.951219512
0,0.479452055,0.011729805,0.466666667,0,0,0.397959184,0.125,0.133333333,0.666666667,0.571428571,0.8,0.5,0,0.951219512
0,0.150684932,0.213277045,0.533333333,0.039080391,0,0.397959184,0.25,0.733333333,0.333333333,0.785714286,0,1,1,0.951219512
1,0.589041096,0.009160316,0.533333333,0,0,0.5,0.75,0.733333333,0,0.214285714,0.2,1,1,0.951219512
0,0.109589041,0.074083546,0.6,0,0,0.37755102,0.5,1,0.666666667,0.857142857,0.2,1,1,0.951219512
0,0.232876712,0.106405117,0.533333333,0,0,0.397959184,0.5,0.733333333,0,0.5,0.8,1,0,0.951219512
0,0.273972603,0.026098781,0.533333333,0,0,0.551020408,0,0.733333333,0.333333333,0,0,1,1,0.951219512
0,0.287671233,0.126212101,0.6,0,0,0.397959184,0.125,1,0.833333333,0.428571429,0.2,1,1,0.951219512
0,0.123287671,0.198238297,0.4,0,0,0.397959184,0.5,0.066666667,0.333333333,0.5,0,1,1,0.951219512
0,0.164383562,0.172347212,0.4,0,0,0.397959184,0.5,0.066666667,0.666666667,0.214285714,0.6,0.5,1,0.341463415
1,0.575342466,0.037585709,0.533333333,0,0,0.397959184,0.5,0.733333333,0.333333333,0.428571429,0,1,1,0.951219512
0,0.506849315,0.110699776,0.533333333,0.009140091,0,0.397959184,0.5,0.733333333,1,0.5,0.8,1,1,0.951219512
0,0.01369863,0.085671277,0.4,0,0,0.091836735,0.5,0.066666667,0.666666667,0.857142857,0.6,0.5,0,0.951219512
1,0.479452055,0.089078319,0.8,0,0.436639118,0.397959184,0.5,0.6,0.333333333,0.714285714,0,1,1,0.951219512
1,0.547945205,0.10710804,0.6,0,0,0.397959184,0.125,1,0.333333333,0.071428571,0,1,1,0.951219512
0,0.315068493,0.03948272,0.6,0,0,0.193877551,0,1,0.333333333,0,1,1,0,0.951219512
1,0.369863014,0.073060621,0.8,0.150241502,0,0.5,0.5,0.6,0.333333333,0.714285714,0,1,1,0.536585366
1,0.178082192,0.148248276,0.6,0,0,0.397959184,0.5,1,0.333333333,0.214285714,0,1,1,0.951219512
0,0.273972603,0.110957537,0.6,0,0,0.295918367,0.5,1,0.5,0.714285714,0.2,1,0,0.951219512
0,0.465753425,0.118665327,0.533333333,0,0,0.37755102,0.875,0.733333333,0,0.071428571,0.2,1,0,0.951219512
0,0.082191781,0.015795794,0.6,0,0,0.5,0.875,1,0.666666667,0.571428571,0.2,1,1,0.951219512
0,0.575342466,0.126341996,0.266666667,0,0,0.316326531,0,0.4,0.333333333,0,1,0.5,0,0.951219512
0,0.095890411,0.124160163,0.533333333,0,0,0.397959184,0.25,0.733333333,0.666666667,0.785714286,0.2,1,1,0.951219512
0,0.328767123,0.095263224,0.533333333,0,0,0.5,0.875,0.733333333,0.666666667,0.214285714,0.2,1,1,0.951219512
1,0.369863014,0.042582614,0.933333333,0.140841408,0,0.397959184,0.5,0.933333333,0.666666667,0.714285714,0.2,1,1,0.951219512
0,0.561643836,0.012059955,0.6,0,0,0.397959184,0.125,1,1,0.714285714,0.8,0,0,0.951219512
0,0.082191781,0.127793846,0.6,0,0,0.397959184,0,1,0.666666667,0,0.6,1,1,0.951219512
1,0.465753425,0.179408233,0.533333333,0,0,0.397959184,0.5,0.733333333,0.333333333,0.214285714,0,1,1,0.951219512
0,0.178082192,0.114938283,0.533333333,0,0,0.397959184,0.5,0.733333333,0.666666667,0.571428571,0.2,1,1,0.512195122
0,0.191780822,0.110884471,0.8,0.040640406,0,0.397959184,0.25,0.6,0.333333333,0.5,0,1,1,0
0,0,0.118565876,0.4,0,0,0.091836735,0,0.066666667,0.666666667,0,0.6,1,0,0.951219512
0,0.630136986,0.109958968,0.533333333,0,0,0.316326531,0,0.733333333,0.333333333,0,0,1,1,0.951219512
0,1,0.161385954,0.533333333,0.024140241,0,0.397959184,0.5,0.733333333,0.333333333,1,0,1,1,0.951219512
0,0.04109589,0.326428593,0.533333333,0,0,0.346938776,0.5,0.733333333,0.666666667,0.857142857,0.4,0.5,0,0.951219512
0,0.671232877,0.228813726,0.6,0,0,0.275510204,0.5,1,0.333333333,0.857142857,0,1,1,0.951219512
0,0.232876712,0.082008504,0.6,0.021740217,0,0.397959184,0.5,1,0,1,0.2,1,1,0.951219512
0,0.232876712,0.114054725,0.8,0,0,0.551020408,0.875,0.6,0.333333333,0.071428571,0,1,1,0.951219512
0,0.178082192,0.226559503,0.533333333,0,0,0.397959184,0.75,0.733333333,0,0.214285714,0.2,1,1,0.951219512
1,0.342465753,0.303040697,0.6,0,0,0.397959184,0.125,1,0.333333333,0.071428571,0,1,1,0.951219512
0,0.068493151,0.125101903,0.6,0,0,0.397959184,0.5,1,0.666666667,0.428571429,0.6,1,1,0.951219512
0,0.068493151,0.074460377,0.533333333,0,0,0.397959184,0.5,0.733333333,0,0.214285714,0.2,1,1,0.951219512
0,0.616438356,0.074248621,0.533333333,0,0,0.37755102,0.5,0.733333333,1,0.071428571,0.2,1,0,0.951219512
1,0.301369863,0.127651096,0.6,0,0,0.448979592,0.125,1,0.333333333,0.071428571,0.4,1,1,0.951219512
0,0.191780822,0.050909435,0.6,0,0,0.244897959,0.5,1,0.666666667,0.5,0.2,1,0,0.951219512
0,0.589041096,0.192271914,0.133333333,0,0,0.397959184,0.5,0.266666667,0.333333333,1,0,1,1,0.951219512
1,0.383561644,0.08998285,0.533333333,0,0,0.397959184,0.625,0.733333333,0.333333333,0.571428571,0,1,1,0.951219512
0,0.068493151,0.107495696,0.533333333,0,0,0.479591837,0.5,0.733333333,0.666666667,0.571428571,0.2,1,0,0
1,0.643835616,0.222858167,0.6,0,0,0.397959184,0.125,1,0.333333333,0.071428571,1,1,0,0.951219512
1,0.657534247,0.119488673,0.533333333,0.064180642,0,0.448979592,0.25,0.733333333,0.333333333,0.428571429,0,1,1,0.951219512
0,0.082191781,0.025746305,0.866666667,0,0,0.193877551,0.5,0.8,0.666666667,0.857142857,0.2,1,0,0.951219512
0,0.643835616,0.10477128,0.2,0,0,0.244897959,0.75,0.333333333,0.333333333,0.571428571,0,1,1,0.951219512
0,0.616438356,0.048138338,0.2,0,0,0.397959184,0,0.333333333,0.333333333,0,0,1,1,0.951219512
0,0.356164384,0.118676152,0.6,0.021740217,0,0.448979592,0.5,1,0.666666667,0.571428571,0.2,1,1,0.951219512
0,0.273972603,0.176349607,0.533333333,0,0,0.397959184,0.5,0.733333333,0.333333333,0.285714286,0,1,1,0.951219512
1,0.315068493,0.225749688,0.733333333,0,0,0.397959184,0.875,0.466666667,0.333333333,0.071428571,0,1,1,0.951219512
1,0.465753425,0.203070126,0.8,0,0,0.367346939,0.5,0.6,0.333333333,0.285714286,0,1,1,0.951219512
1,0.410958904,0.126163391,0.6,0,0,0.397959184,0.5,1,0.666666667,0.071428571,0.2,1,0,0.951219512
1,0.397260274,0.073633648,0.733333333,0.150241502,0,0.5,0.5,0.466666667,0.333333333,0.285714286,0,1,1,0.951219512
0,0.328767123,0.186990863,0.533333333,0,0,0.397959184,0.5,0.733333333,0.333333333,0.214285714,0,1,1,0.951219512
0,0.342465753,0.018766469,0.6,0,0,0.663265306,0.75,1,0.333333333,0.357142857,0,1,1,0.951219512
0,0.191780822,0.124443633,0.533333333,0,0,0.397959184,0.5,0.733333333,0.833333333,0.571428571,0.2,1,0,0.951219512
0,0.753424658,0.048915003,0.133333333,0,0,0.193877551,0.625,0.266666667,0.333333333,0.285714286,0,0.25,1,0.585365854
0,0.315068493,0.110546879,0.6,0,0,0.397959184,0.5,1,0,0.071428571,0.8,1,0,0.951219512
0,0.219178082,0.015077988,0.533333333,0,0,0.397959184,0.5,0.733333333,0.333333333,0.857142857,0,1,1,0.951219512
0,0.328767123,0.120630668,0.733333333,0,0,0.397959184,0.5,0.466666667,0,0.285714286,0.2,0.5,0,0.56097561
1,0.561643836,0.182487831,0.8,0,0,0.5,0.5,0.6,0.333333333,0.285714286,0,1,1,0.951219512
0,0.520547945,0.030011197,0.8,0,0,0.397959184,0.5,0.6,1,0.357142857,0.6,0.25,1,0.951219512
1,0.301369863,0.066690345,0.8,0,0,0.5,0.625,0.6,0.333333333,0.857142857,0,1,1,0.951219512
0,0.479452055,0.108386695,0.533333333,0,0,0.357142857,0.5,0.733333333,0.666666667,0.857142857,0.2,1,0,0.951219512
0,0.273972603,0.078259134,0.533333333,0,0,0.397959184,0.5,0.733333333,0.666666667,0.5,0.2,1,1,0.951219512
1,0.246575342,0.060068398,0.6,0,0,0.448979592,0.5,1,0.333333333,1,0,1,1,0.951219512
0,0.191780822,0.125548418,0.533333333,0,0,0.397959184,0.5,0.733333333,0.666666667,0.571428571,0.2,1,1,0.951219512
0,0.369863014,0.113478315,0.533333333,0,0,0.397959184,0.5,0.733333333,0.5,0.071428571,0.8,1,0,0.951219512
0,0.164383562,0.043767231,0.6,0,0,0.5,0.25,1,0.666666667,0.285714286,0.2,0.5,0,0.951219512
0,0.301369863,0.111401346,0.733333333,0,0,0.520408163,0.875,0.466666667,0.333333333,0.785714286,0,1,1,0.951219512
0,0.547945205,0.231807403,0.8,0,0,0.448979592,0.5,0.6,0,0.285714286,0.2,1,0,0.951219512
0,0.273972603,0.088957219,0.533333333,0,0,0.5,0.5,0.733333333,0,0.285714286,0.8,1,0,0.951219512
1,0.410958904,0.117434029,0.933333333,0,0,0.602040816,0.5,0.933333333,0.333333333,0.714285714,0,1,1,0
0,0,0.122395078,0.4,0,0,0.112244898,0.5,0.066666667,0.666666667,0.857142857,0.8,1,0,0.756097561
0,0.506849315,0.061845662,0.533333333,0,0,0.397959184,0.5,0.733333333,1,0.571428571,0.8,1,0,0.951219512
0,0.506849315,0.032172734,0.533333333,0,0,0.448979592,0.5,0.733333333,0,0.428571429,0.2,1,1,0.951219512
1,0.191780822,0.072156767,0.6,0,0,0.397959184,0.5,1,0.666666667,0.285714286,0.2,1,0,0.951219512
0,0,0.115569492,0.4,0,0,0.153061224,0.5,0.066666667,0.666666667,0.428571429,0.6,1,1,0.951219512
0,0.205479452,0.189638154,0.533333333,0,0,0.346938776,0.5,0.733333333,0.666666667,0.571428571,0.6,1,0,0.951219512
0,0.109589041,0.11873704,0.6,0,0,0.397959184,0.25,1,0,0.785714286,0.2,1,0,0.951219512
0,0.260273973,0.011131069,0.733333333,0,0,0.346938776,0.75,0.466666667,0,0.857142857,0.8,1,0,0.951219512
0,0.671232877,0.151946229,0,0,0,0.397959184,0.5,0.866666667,1,0.642857143,0.4,1,0,0.317073171
0,0.520547945,0.047231102,0.533333333,0,0,0.551020408,0.5,0.733333333,0.333333333,0.285714286,0,0.25,1,0.951219512
0,0.287671233,0.014812785,0.6,0,0,0.346938776,0.75,1,0.333333333,0.357142857,0,1,1,0.951219512
1,0.424657534,0.228467338,0.933333333,1,0,0.5,0.5,0.933333333,0.333333333,0.714285714,0,1,1,0.951219512
1,0.178082192,0.118155218,1,0.051780518,0,0.755102041,0.5,0.666666667,0.333333333,0.714285714,0,1,1,0.951219512
0,0.808219178,0.129641469,0.533333333,0,0,0.163265306,0.5,0.733333333,1,0.571428571,0.2,1,1,0.951219512
0,0.383561644,0.114349695,1,0,0.323232323,0.397959184,0.75,0.666666667,0.833333333,0.714285714,0.2,1,1,0.951219512
0,0.123287671,0.117831833,0.8,0.046500465,0,0.397959184,0.5,0.6,0.666666667,0.714285714,0.2,0.25,1,0.975609756
1,0.410958904,0.058751856,0.666666667,0,0,0.397959184,0,0.533333333,0.333333333,0,0,1,1,0.951219512
1,0.273972603,0.236599317,0.533333333,0,0,0.397959184,0.125,0.733333333,0.333333333,0.071428571,1,1,0,0.951219512
0,0.369863014,0.043993871,0.6,0,0,0.37755102,0.5,1,0,0.071428571,0.8,1,0,0.951219512
0,0.01369863,0.248576735,0.533333333,0,0,0.193877551,0.5,0.733333333,0.666666667,0.857142857,0.6,1,0,0.951219512
0,0.287671233,0.012329217,0.866666667,0,0.383149679,0.551020408,0.25,0.8,0.666666667,0.714285714,0.2,1,0,0.951219512
0,0.301369863,0.119814764,0.6,0,0,0.295918367,0.875,1,0.833333333,0.285714286,0.8,0.5,0,0.951219512
0,0.054794521,0.127654479,0.6,0,0,0.193877551,0.5,1,0.666666667,0.857142857,0.6,1,0,0.951219512
0,0.369863014,0.01187729,0.533333333,0,0,0.5,0,0.733333333,0,0,0.8,1,0,0.951219512
0,0.04109589,0.195461111,0.6,0,0,0.234693878,0.5,1,0.666666667,0.571428571,0.6,1,0,0.951219512
1,0.575342466,0.107371889,0.933333333,0.135501355,0,0.397959184,0.625,0.933333333,0,0.714285714,0.2,1,1,0.951219512
0,0.178082192,0.205792513,0.266666667,0,0,0.397959184,0.5,0.4,0.5,0.357142857,0.2,1,1,0.634146341
0,0.260273973,0.064282549,0.533333333,0,0,0.5,0.5,0.733333333,0.333333333,0.928571429,0,1,1,0.951219512
1,0.328767123,0.094880304,0.8,0,0,0.397959184,0.5,0.6,0.666666667,0.714285714,0.2,1,1,0.951219512
0,0.369863014,0.02863512,0.6,0,0,0.5,0.5,1,0,0.5,0.2,1,1,0.951219512
0,0.410958904,0.117436735,0.8,0,0,0.602040816,0.5,0.6,0.333333333,0.857142857,0,1,1,0.951219512
0,0.178082192,0.097714319,0.6,0,0,0.397959184,0.5,1,0.833333333,0.071428571,0.2,1,0,0.951219512
1,0.506849315,0.13781404,0.533333333,0,0,0.397959184,0.5,0.733333333,0.333333333,0.285714286,0,1,1,0.951219512
0,0.04109589,0.310253262,0.533333333,0,0,0.316326531,0.5,0.733333333,0.333333333,0.857142857,0.6,0.5,1,0.951219512
1,0.232876712,0.250178775,0.8,0.03103031,0,0.5,0.25,0.6,0.333333333,0.285714286,0,1,1,0.951219512
0,0.260273973,0.200821316,0.533333333,0,0,0.346938776,0.5,0.733333333,0,0.071428571,0.8,1,0,0.951219512
0,0.150684932,0.237445666,0.8,0,0,0.5,0.5,0.6,0.666666667,0.714285714,0.2,0.5,1,0.951219512
0,0.643835616,0.115404417,0.533333333,0,0,0.397959184,0.25,0.733333333,1,0.571428571,0.8,1,0,0.951219512
0,0.164383562,0.028852288,0.533333333,0,0,0.397959184,0.5,0.733333333,0.333333333,0.5,0,1,1,0.951219512
0,0.109589041,0.201784029,0.6,0,0,0.295918367,0.5,1,0.666666667,0.785714286,0.6,1,1,0.195121951
0,0.04109589,0.157563518,0.6,0,0,0.091836735,0.5,1,0.666666667,0.071428571,0.6,1,0,0.951219512
0,0.136986301,0.281267019,0.8,0,0,0.5,0.5,0.6,0.666666667,0.214285714,0.2,1,1,0.951219512
0,0.082191781,0.144399455,0.6,0,0,0.244897959,0.5,1,0.666666667,0.714285714,0.6,1,0,0.951219512
0,0.054794521,0.124160163,0.4,0,0,0.142857143,0,0.066666667,0.666666667,0,0.6,1,1,0.951219512
1,0.452054795,0.11812545,0.533333333,0,0,0.397959184,0.25,0.733333333,0.333333333,0.285714286,1,0.5,0,0.951219512
1,0.684931507,0.075168712,0.533333333,0.064180642,0,0.581632653,0.75,0.733333333,0.333333333,1,0,1,1,0.951219512
1,0.383561644,0.028725099,0.6,0,0.424242424,0.397959184,0.5,1,0.333333333,0.214285714,0,1,1,0.951219512
0,0,0.077856594,0.4,0,0,0.071428571,0.5,0.066666667,0.666666667,0.857142857,0.6,1,0,0.951219512
1,0.452054795,0.167166966,0.866666667,0.150241502,0,0.397959184,0.25,0.8,0.333333333,0.714285714,1,1,0,0.951219512
0,0.397260274,0.163983858,0.6,0.023540235,0,0.397959184,0.5,1,0.666666667,0.5,0.2,1,0,0.951219512
0,0.109589041,0.132152099,0.533333333,0,0,0.397959184,0.5,0.733333333,0.666666667,0.071428571,0.6,1,0,0.951219512
0,0.068493151,0.146924292,0.533333333,0,0,0.37755102,0.5,0.733333333,0.666666667,0.071428571,0.6,0.5,0,0.951219512
0,0.328767123,0.036420035,0.8,0,0,0.397959184,0.5,0.6,0,0.714285714,0.6,1,0,0.951219512
0,0,0.100694466,0.466666667,0,0,0.316326531,0.5,0.133333333,0.666666667,0.571428571,0.6,1,1,0.951219512
0,0.328767123,0.021095788,0.8,0,0,1,0.5,0.6,0,0.571428571,0.2,1,0,0.951219512
1,0.315068493,0.154141593,0.533333333,0,0,0.397959184,0.5,0.733333333,0.333333333,0.285714286,0,1,1,0.951219512
1,0.479452055,0.180675387,0.866666667,0.150241502,0,0.602040816,0.5,0.8,0.333333333,0.285714286,1,1,0,0.951219512
0,0.410958904,0.109761419,0.533333333,0.039420394,0,0.397959184,0,0.733333333,0.333333333,0,0,1,1,0
0,0.164383562,0.087205664,0.6,0,0,0.551020408,0.75,1,0.333333333,0.357142857,0,1,1,0.951219512
0,0.136986301,0.11842245,0.533333333,0,0,0.448979592,0.875,0.733333333,0.833333333,0.785714286,0.2,1,1,0.951219512
0,0.02739726,0.106242748,0.6,0,0,0.091836735,0,1,0.666666667,0,0.6,1,1,0.951219512
1,0.287671233,0.092727562,0.866666667,0,0,0.5,0.5,0.8,0.333333333,0.714285714,0,1,1,0.951219512
0,0.01369863,0.078968822,0.466666667,0,0,0.091836735,0.5,0.133333333,0.666666667,0.214285714,0.6,1,1,0.951219512
0,0.109589041,0.131461354,0.333333333,0,0,0.234693878,0.5,0,0.666666667,0.571428571,0.2,1,1,0.658536585
0,0.01369863,0.168748034,0.6,0,0,0.142857143,0.5,1,0.666666667,0.857142857,0.6,1,0,0.951219512
0,0.191780822,0.127162636,0.266666667,0,0,0.397959184,0.5,0.4,0.666666667,0.571428571,0.6,1,1,0.951219512
1,0.260273973,0.136473143,0.6,0,0,0.397959184,0.5,1,0.333333333,0.071428571,0,1,1,0.951219512
0,0.123287671,0.103600193,0.733333333,0,0,0.397959184,0.5,0.466666667,0.333333333,0.214285714,0,1,1,0.951219512
0,0.383561644,0.215948691,0.733333333,0,0,0.397959184,0.25,0.466666667,0,0.928571429,0.6,1,1,0.951219512
1,0.301369863,0.051882296,0.6,0,0,0.846938776,0.625,1,0.333333333,0.285714286,0,1,1,0.951219512
0,0.356164384,0.135719481,0.533333333,0,0,0.397959184,0.5,0.733333333,0,0.214285714,0.4,1,1,0.951219512
0,0.01369863,0.065732369,0.533333333,0,0,0.244897959,0.875,0.733333333,0.666666667,0.571428571,0.6,1,1,0.951219512
0,0.890410959,0.264948938,0.533333333,0,0,0.020408163,0,0.733333333,0.666666667,0,0.2,1,1,0.951219512
0,0.04109589,0.143519956,0.466666667,0,0,0.397959184,0.5,0.133333333,0.666666667,0.5,0.6,1,1,0.951219512
0,0.534246575,0.242727393,0.266666667,0,0,0.397959184,0.5,0.4,0.333333333,0.571428571,0,1,1,0.951219512
0,0.356164384,0.228030972,0.8,0,0,0.602040816,0.75,0.6,0,0.285714286,0.2,1,1,0.951219512
1,0.246575342,0.058043522,0.933333333,0.047870479,0,0.448979592,0,0.933333333,0.666666667,0,0.2,0.25,1,0.585365854
0,0.753424658,0.175994425,0.533333333,0.038180382,0,0.030612245,0,0.733333333,0.333333333,0,0,1,1,0.951219512
1,0.082191781,0.290961123,0.533333333,0.086140861,0,0.142857143,0.5,0.733333333,0.666666667,0.857142857,0.6,1,0,0.951219512
1,0.232876712,0.073766926,0.533333333,0,0,0.5,0.5,0.733333333,0.333333333,1,0,1,1,0.951219512
0,0.178082192,0.057212057,0.6,0,0.394628099,0.244897959,0,1,0.666666667,0,0.2,1,0,0.951219512
0,0.287671233,0.109614611,0.533333333,0,0,0.479591837,0.5,0.733333333,0.666666667,0.357142857,0.2,1,1,0.951219512
0,0.082191781,0.116919861,0.533333333,0,0,0.397959184,0.5,0.733333333,0.666666667,0.428571429,0.6,0.5,1,0.951219512
1,0.356164384,0.09256181,0.8,0,0,0.397959184,0.5,0.6,0.333333333,0.071428571,0,1,1,0.951219512
0,0.123287671,0.113173873,0.6,0,0,0.397959184,0.5,1,0.666666667,0.071428571,0.2,1,0,0.951219512
0,0.287671233,0.114618957,0.533333333,0,0,0.234693878,0,0.733333333,0.333333333,0,0,1,1,0.951219512
0,0.04109589,0.112429682,0.533333333,0,0,0.142857143,0.5,0.733333333,0.666666667,0.571428571,0.6,0.25,0,0
0,0.246575342,0.117855512,0.4,0,0.597566575,0.397959184,0,0.066666667,0.333333333,0,0,1,1,0.951219512
1,0.273972603,0.272790006,0.6,0,0,0.397959184,0.5,1,0.333333333,0.5,0,0.5,1,0.951219512
0,0.136986301,0.183994479,0.6,0,0,0.397959184,0.5,1,0.333333333,0.071428571,0.6,0.5,0,0.951219512
0,0.602739726,0.147119135,0.066666667,0.039420394,0,0.193877551,0,0.2,0.333333333,0,0,1,1,0.634146341
0,0.082191781,0.142505827,0.533333333,0.021050211,0,0.397959184,0.5,0.733333333,0.333333333,0.5,0.6,1,0,0.951219512
0,0.301369863,0.012697253,0.6,0,0,0.397959184,0.5,1,0,0.857142857,0.8,1,0,0.951219512
0,0.150684932,0.121138748,0.6,0,0,0.397959184,0.5,1,0.666666667,0.857142857,0.2,0.75,1,0.463414634
0,0.493150685,0.145527919,0.6,0,0,0.602040816,0.875,1,0.333333333,0.785714286,0,1,1,0.951219512
0,0.273972603,0.0401234,0.533333333,0,0,0.163265306,0.5,0.733333333,0.666666667,0.571428571,0.4,0.25,0,0.951219512
0,0.383561644,0.10169777,0.533333333,0,0,0.346938776,0.5,0.733333333,0,0.857142857,0.2,1,0,0.951219512
1,0.260273973,0.014120687,0.6,0,0,0.5,0.5,1,0.333333333,0.285714286,0,1,1,0.951219512
0,0.082191781,0.186523376,0.8,0,0,0.295918367,0.5,0.6,0.666666667,0.285714286,0.2,1,1,0.951219512
0,0.465753425,0.129920202,0.533333333,0,0,0.5,0.75,0.733333333,0.333333333,1,0,1,1,0.951219512
0,0.356164384,0.015721375,0.733333333,0,0,0.346938776,0,0.466666667,0,0,0.2,1,0,0.951219512
1,0.547945205,0.036681178,0.933333333,0,0,0.5,0.125,0.933333333,0,0.714285714,0.2,1,0,0.951219512
1,0.369863014,0.208485808,0.8,0.150241502,0,0.397959184,0.125,0.6,0.333333333,0.714285714,0,0.25,1,0.731707317
0,0.04109589,0.067553607,0.6,0,0,0.193877551,0.75,1,0.666666667,0.714285714,0.4,0.25,0,0.853658537
0,0.383561644,0.304546669,0.4,0,0,0.193877551,0.5,0.066666667,1,0.571428571,0.2,0.5,0,0.951219512
1,0.465753425,0.123593225,0.533333333,0,0,0.397959184,0.25,0.733333333,0.333333333,0.285714286,0,1,1,0.951219512
0,0.328767123,0.179219479,0.133333333,0,0,0.397959184,0.5,0.266666667,0.333333333,0.357142857,1,1,0,0.634146341
0,0.698630137,0.070777984,0.666666667,0,0.493342516,0.397959184,0.75,0.533333333,0.333333333,0.714285714,0,1,1,0.951219512
0,0.205479452,0.01009529,0.333333333,0,0,0.5,0.5,0,0.666666667,0.214285714,0.2,1,1,0.951219512
0,0.876712329,0.063919249,0.6,0,0,0.030612245,0,1,1,0,0.8,1,0,0.951219512
1,0.328767123,0.131696789,0.8,0,0,0.397959184,0.5,0.6,0.333333333,0.857142857,0,1,1,0.951219512
0,0.054794521,0.072302223,0.533333333,0,0,0.397959184,0.5,0.733333333,0.666666667,0.214285714,0.6,1,1,0.951219512
1,0.356164384,0.12686496,0.8,0,0,0.397959184,0.875,0.6,0.333333333,0.071428571,0,1,1,0.951219512
0,0.205479452,0.116735166,0.333333333,0,0,0.397959184,0.5,0,0.833333333,0.214285714,0.8,1,0,0.951219512
0,0.219178082,0.136897332,0.533333333,0,0,0.397959184,0.5,0.733333333,0.666666667,0.214285714,0.2,0.5,1,0
1,0.273972603,0.202925347,0.8,0.051780518,0,0.397959184,0.25,0.6,0.333333333,0.785714286,0,1,1,0.951219512
0,0.191780822,0.147111016,0.533333333,0,0,0.5,0.5,0.733333333,0.666666667,0.214285714,0.4,1,1,0.951219512
0,0.684931507,0.149336824,0.4,0,0,0.193877551,0.5,0.066666667,1,0.071428571,0.8,1,0,0.951219512
0,0.493150685,0.090718922,0.133333333,0,0,0.397959184,0.5,0.266666667,0.333333333,0.214285714,0,1,1,0.951219512
0,0.02739726,0.135431276,0.6,0,0,0.142857143,0.5,1,0.666666667,0.571428571,0.6,1,0,0.951219512
1,0.397260274,0.12825795,0.933333333,0,0,0.602040816,0.625,0.933333333,0.333333333,0.714285714,0,1,1,0.951219512
0,0.164383562,0.354297873,0.6,0,0,0.448979592,0.5,1,0.333333333,0.214285714,0,1,1,0.951219512
0,0.547945205,0.069278101,0.666666667,0.02202022,0,0.43877551,0.5,0.533333333,0,0.928571429,0.2,1,0,0.951219512
1,0.301369863,0.237698014,0.533333333,0.076880769,0,0.520408163,0.125,0.733333333,0.333333333,0.071428571,0,0.5,1,0.951219512
1,0.397260274,0.020273118,0.6,0,0,0.448979592,0.5,1,0.333333333,0.857142857,0,1,1,0.951219512
0,0.082191781,0.102025215,0.733333333,0,0,0.193877551,0.5,0.466666667,0.666666667,0.857142857,0.6,1,1,0.951219512
0,0.287671233,0.16646472,0.666666667,0,0,0.704081633,0.5,0.533333333,0.333333333,0.571428571,0,1,1,0.487804878
0,0.02739726,0.172077274,0.533333333,0,0,0.295918367,0.5,0.733333333,0.666666667,0.571428571,0.6,0.5,1,0.951219512
0,0.287671233,0.128090169,0.533333333,0,0,0.397959184,0.125,0.733333333,0.666666667,0.071428571,0.8,1,0,0.951219512
1,0.369863014,0.09390609,0.8,0,0.436639118,0.5,0.5,0.6,0.333333333,0.714285714,0,1,1,0.951219512
1,0.424657534,0.062583087,0.4,0,0,0.5,0.75,0.066666667,0.333333333,0.357142857,0,1,1,0.951219512
0,0.136986301,0.226045335,0.8,0,0,0.5,0.875,0.6,0.666666667,0.714285714,0.8,1,1,0.951219512
0,0.191780822,0.098100621,0.8,0,0,0.520408163,0.5,0.6,0.666666667,0.714285714,0.2,1,1,0.951219512
1,0.219178082,0.246934778,0.8,0,0,0.5,0.5,0.6,0.833333333,0.857142857,0.2,1,0,0.951219512
0,0.452054795,0.113876119,0.533333333,0,0,0.397959184,0.5,0.733333333,0.666666667,0.071428571,0.6,1,0,0.951219512
0,0.164383562,0.09310304,1,0,0,0.806122449,0.5,0.666666667,0.666666667,0.714285714,0.2,1,0,0.951219512
0,0.534246575,0.148125822,0.8,0,0,0.295918367,0.5,0.6,0.333333333,0.071428571,0,1,1,0.048780488
0,0.109589041,0.215416257,0.6,0,0,0.5,0.5,1,0.333333333,0.857142857,0,1,1,0.951219512
0,0.616438356,0.091892715,0.333333333,0,0,0.397959184,0.5,0,0.333333333,0.214285714,0,0.5,1,0.951219512
0,0.123287671,0.078811189,0.6,0,0,0.397959184,0.5,1,0.666666667,0.857142857,0.4,0.5,0,0.951219512
0,0.136986301,0.200735396,0.6,0,0,0.397959184,0,1,0,0,0.6,0.5,0,0.951219512
1,0.356164384,0.251255822,0.533333333,0,0.436639118,0.397959184,0.5,0.733333333,0.333333333,0.214285714,0,1,1,0.951219512
0,0.082191781,0.114696759,0.6,0,0,0.448979592,0.5,1,0.666666667,0.357142857,0.8,1,1,0.951219512
1,0.109589041,0.096512112,0.8,0,0,0.397959184,0.5,0.6,0.333333333,0.857142857,0,1,1,0.951219512
1,0.246575342,0.06326842,0.6,0,0,0.5,0.5,1,0.333333333,0.214285714,0,1,1,0.951219512
0,0.164383562,0.288866563,0.533333333,0,0,0.346938776,0.5,0.733333333,0.333333333,0.785714286,0,1,1,0.707317073
0,0.315068493,0.141887472,0.866666667,0.033250333,0,0.397959184,0.5,0.8,0.666666667,0.714285714,0.2,1,0,0.951219512
0,0.520547945,0.138660388,0.533333333,0,0,0.397959184,0.5,0.733333333,0,0.285714286,0.2,1,0,0.951219512
0,0.342465753,0.099874502,0.533333333,0,0,0.397959184,0.5,0.733333333,0,0.571428571,0.8,1,0,0.951219512
0,0.534246575,0.053865904,0.533333333,0,0,0.030612245,0.5,0.733333333,0.333333333,0.857142857,1,1,0,0.951219512
1,0.356164384,0.166268524,0.866666667,0.076880769,0,0.530612245,0.5,0.8,0.333333333,0.285714286,0,1,1,0.951219512
0,0.369863014,0.089155445,0.8,0,0,0.112244898,0.5,0.6,0,0.071428571,0.2,1,1,0
0,0.109589041,0.073034236,0.6,0.028850289,0,0.428571429,0.5,1,0.333333333,0.857142857,0,1,1,0.951219512
0,0.178082192,0.227524245,0.533333333,0,0,0.397959184,0.5,0.733333333,0.833333333,0.571428571,0.2,1,1,0.951219512
1,0.520547945,0.089075613,0.866666667,0.03103031,0,0.448979592,0.25,0.8,0.333333333,0.714285714,1,1,0,0.951219512
0,0,0.19134844,0.4,0,0,0.193877551,0.5,0.066666667,0.666666667,0.071428571,0.6,1,1,0.951219512
0,0.219178082,0.103119175,0.733333333,0.021740217,0,0.551020408,0.5,0.466666667,0.666666667,0.285714286,0.8,1,0,0
0,0.369863014,0.175576325,0.866666667,0,0,0.153061224,0.875,0.8,0,0.714285714,0.2,1,1,0.951219512
1,0.109589041,0.117485446,0.866666667,0,0,0.397959184,0.5,0.8,0.666666667,0.714285714,0.6,1,0,0.951219512
0,0.561643836,0.182331551,0.6,0,0,0.602040816,0.75,1,0.333333333,0.857142857,0,1,1,0.951219512
1,0.232876712,0.067167981,0.6,0,0,0.397959184,0.5,1,0.666666667,0.285714286,0.2,1,1,0.951219512
1,0.424657534,0.065982011,0.933333333,0,0.453856749,0.448979592,0.5,0.933333333,0.333333333,0.714285714,0,1,1,0.951219512
0,0.246575342,0.273896821,0.533333333,0,0,0.397959184,0.5,0.733333333,0,0.214285714,0.8,0.5,1,0.951219512
0,0.191780822,0.2048846,0.6,0,0,0.520408163,0.5,1,0.666666667,0.071428571,0.2,1,0,0.951219512
0,0.178082192,0.131924106,0.533333333,0,0,0.397959184,0.5,0.733333333,0.333333333,0.5,0,1,1,0.951219512
0,0.246575342,0.212105959,0.733333333,0,0,0.234693878,0.5,0.466666667,0,0.428571429,0.8,1,0,0.951219512
0,0.164383562,0.301138274,0.133333333,0,0,0.244897959,0.5,0.266666667,0.666666667,0.571428571,0.2,1,1,0.634146341
0,0.315068493,0.144466432,0.6,0,0,0.602040816,0.5,1,0,0.214285714,0.2,1,1,0.951219512
1,0.328767123,0.118139658,0.866666667,0,0.436639118,0.346938776,0.75,0.8,0.333333333,0.857142857,1,1,0,0.951219512
0,0.287671233,0.028866496,0.533333333,0,0,0.295918367,0,0.733333333,0,0,0.2,1,1,0.951219512
1,0.232876712,0.06469659,0.8,0,0,0.469387755,0.5,0.6,0.333333333,0.928571429,0,1,1,0.951219512
0,0.630136986,0.065781079,0.6,0,0,0.428571429,0.5,1,1,0.071428571,0.8,1,0,0.951219512
0,0.506849315,0.119003596,0.533333333,0,0,0.193877551,0.5,0.733333333,0.666666667,0.571428571,0.4,1,0,0.43902439
0,0.164383562,0.135894027,0.4,0,0,0.520408163,0.5,0.066666667,0,0.214285714,0.2,1,1,0.951219512
0,0.616438356,0.036250901,0.533333333,0,0,0.428571429,0.5,0.733333333,1,0.857142857,0.2,1,0,0.951219512
0,0.356164384,0.069177297,0.666666667,0,0,0.397959184,0.875,0.533333333,0.333333333,0.785714286,0,1,1,0.951219512
0,0.04109589,0.040044246,0.6,0,0,0.397959184,0.5,1,0.666666667,0.071428571,0.6,1,0,0.951219512
0,0.095890411,0.094145584,0.533333333,0,0,0.295918367,0.5,0.733333333,0.666666667,0.5,0.4,0.5,0,0.951219512
0,0.410958904,0.114654814,0.533333333,0,0,0.397959184,0.5,0.733333333,0.666666667,1,0.2,0.5,1,0.951219512
0,0.123287671,0.121598793,0.8,0,0,0.397959184,0.5,0.6,0.666666667,0.714285714,0.6,1,0,0.951219512
0,0.575342466,0.11430572,0.333333333,0,0,0.397959184,0.25,0,0.333333333,0.214285714,0,1,1,0.951219512
0,0.205479452,0.137918903,0.6,0.046500465,0,0.448979592,0.5,1,0.666666667,0.214285714,0.2,1,1,0.951219512
0,0.369863014,0.226172524,0.533333333,0,0,0.397959184,0.5,0.733333333,0,0.571428571,0.8,1,0,0.951219512
0,0.054794521,0.016051525,0.6,0,0,0.397959184,0.5,1,0.666666667,0.857142857,0.2,1,1,0.951219512
0,0.506849315,0.048507051,0.866666667,0,0,0.193877551,0.75,0.8,0,0.928571429,0.2,1,0,0.951219512
0,0.369863014,0.108253417,0.6,0,0,0.602040816,0.75,1,0.833333333,0.857142857,0.8,1,1,0.951219512
0,0.342465753,0.165185388,0.6,0,0,0.142857143,0.5,1,0.666666667,0.571428571,0.2,1,1,0.951219512
0,0.232876712,0.029656691,0.4,0,0,0.397959184,0.5,0.066666667,0,0.214285714,0.8,1,1,0.951219512
0,0.630136986,0.104281467,0.6,0,0,0.234693878,0,1,1,0,0.2,0.5,0,0.951219512
1,0.232876712,0.111839065,0.666666667,0,0,0.397959184,0.5,0.533333333,0.333333333,0.285714286,1,1,0,0.804878049
0,0.356164384,0.055917165,0.8,0,0,0.275510204,0.25,0.6,0.333333333,0.714285714,1,1,0,0.951219512
0,0.369863014,0.192788112,0.533333333,0,0,0.397959184,0.5,0.733333333,0.5,0.214285714,0.8,1,1,0.097560976
1,0.410958904,0.029900921,0.6,0.076880769,0,0.5,0.25,1,0.333333333,0.714285714,0,0.5,1,0.951219512
0,0.534246575,0.112134712,0.6,0.044160442,0,0.602040816,0.5,1,1,0.285714286,0.2,1,1,0.951219512
0,0.219178082,0.061775302,0.666666667,0,0,0.397959184,0.5,0.533333333,0.333333333,1,0,1,1,0.951219512
0,0.191780822,0.12370553,0.733333333,0,0,0.316326531,0.5,0.466666667,0,0.571428571,0.2,1,0,0.951219512
0,0.01369863,0.029989547,0.6,0,0,0.193877551,0.5,1,0.666666667,0.785714286,0.6,1,0,0.951219512
0,0.095890411,0.071362512,0.733333333,0,0,0.193877551,0.5,0.466666667,0.666666667,0.857142857,0.6,1,1,0.951219512
0,0.287671233,0.061692764,0.666666667,0,0,0.397959184,0.5,0.533333333,0,0.071428571,0.8,1,0,0.951219512
1,0.273972603,0.08895519,0.533333333,0,0,0.602040816,0.5,0.733333333,0.333333333,0.285714286,0,1,1,0.951219512
0,0.260273973,0.077572449,0.6,0,0,0.397959184,0.5,1,0.833333333,0.214285714,0.2,1,1,0.951219512
0,0.02739726,0.125226386,0.6,0,0,0.091836735,0.5,1,0.666666667,0.571428571,0.6,1,0,0.951219512
0,0.068493151,0.133048511,0.6,0,0,0.397959184,0.5,1,0.666666667,0.5,0.2,1,1,0.951219512
0,0.109589041,0.159884041,0.733333333,0,0,0.295918367,0.5,0.466666667,0.666666667,0.214285714,0.2,1,1,0.951219512
0,0.04109589,0.06588256,0.6,0,0,0.153061224,0.5,1,0.666666667,0.428571429,0.6,1,1,0.951219512
0,0.164383562,0.143813573,0.6,0,0,0.448979592,0.5,1,0.333333333,0.714285714,0,1,1,0.951219512
0,0.068493151,0.13101484,0.8,0,0,0.397959184,0.5,0.6,0.666666667,0.285714286,0.2,1,0,0.951219512
0,0.520547945,0.13073543,0.533333333,0,0,0.193877551,0,0.733333333,0,0,0.2,1,1,0.951219512
1,0.273972603,0.389494728,0.8,0.150241502,0,0.397959184,0.5,0.6,0.333333333,0.285714286,0,1,1,0.951219512
0,0.095890411,0.137015726,0.666666667,0,0,0.346938776,0.5,0.533333333,0.666666667,0.857142857,0.2,1,0,0.951219512
0,0.150684932,0.083749911,0.666666667,0,0,0.397959184,0.5,0.533333333,0.333333333,0.214285714,0,1,1,0.756097561
0,0.493150685,0.226748934,0.266666667,0,0,0.397959184,0.5,0.4,0.333333333,0.5,0,0.5,1,0.951219512
1,0.452054795,0.08980898,0.933333333,0,0.554407713,0.602040816,0.5,0.933333333,0.333333333,0.714285714,0,1,1,0.951219512
1,0.342465753,0.224458178,0.533333333,0.07298073,0,0.397959184,0.5,0.733333333,0.333333333,0.857142857,0,1,1,0.585365854
0,0.315068493,0.114965344,0.6,0,0,0.397959184,0.5,1,0.333333333,0.571428571,1,1,0,0.829268293
0,0.205479452,0.063411169,0.6,0,0,0.5,0.75,1,0.666666667,0.571428571,0.2,1,1,0.951219512
0,0.109589041,0.04866942,0.8,0,0,0.397959184,0.25,0.6,0.666666667,0.714285714,0.2,1,0,0.951219512
1,0.219178082,0.277836975,0.6,0,0,0.602040816,0.75,1,0.333333333,0.714285714,1,1,0,0.951219512
1,0.164383562,0.164484495,0.6,0.03103031,0,0.397959184,0.5,1,0.333333333,0.428571429,0,1,1,0.951219512
0,0.589041096,0.076017766,0.533333333,0,0,0.37755102,0.5,0.733333333,1,0.857142857,0.8,1,0,0.951219512
0,0.205479452,0.063359752,0.533333333,0,0.367768595,0.193877551,0.5,0.733333333,0.666666667,0.5,0.6,0.5,0,0.951219512
1,0.369863014,0.117388025,0.666666667,0,0,0.479591837,0.5,0.533333333,0.833333333,0.214285714,0.4,1,1,0.951219512
0,0.136986301,0.129134066,0.8,0,0,0.275510204,0.5,0.6,0.666666667,0.428571429,0.2,1,1,0.951219512
0,0.01369863,0.071423401,0.4,0,0,0.397959184,0.5,0.066666667,0.666666667,0.428571429,0.2,1,1,0.951219512
0,0.547945205,0.074105195,0.066666667,0,0,0.397959184,0.5,0.2,0.333333333,0.571428571,0,0.75,1,0.146341463
0,0.520547945,0.140374734,0.533333333,0,0,0.37755102,0.25,0.733333333,0,0.571428571,0.8,1,0,0.951219512
0,0.205479452,0.25564452,0.8,0,0,0.397959184,0.5,0.6,0.666666667,0.714285714,0.2,0.5,0,0.951219512
1,0.273972603,0.140219807,0.666666667,0.043860439,0,0.43877551,0.5,0.533333333,0.333333333,0.214285714,0,1,1,0.951219512
0,0.219178082,0.098410476,0.266666667,0,0,0.704081633,0.5,0.4,0,0.428571429,0.2,1,1,0.951219512
0,0.493150685,0.02291432,0.533333333,0,0,0.397959184,0.5,0.733333333,0.333333333,0.642857143,0.4,1,0,0.951219512
0,0.438356164,0.104573731,0.266666667,0,0,0.397959184,0.5,0.4,0,0.428571429,0.2,1,0,0.951219512
0,0.123287671,0.111111111,0.533333333,0,0,0.530612245,0.5,0.733333333,0.666666667,0.071428571,0.2,1,1,0.951219512
0,0.109589041,0.122734699,0.8,0,0,0.37755102,0.5,0.6,0.666666667,0.571428571,0.2,1,0,0.951219512
1,0.479452055,0.006412898,0.6,0,0,0.602040816,0.875,1,0.333333333,0.285714286,0,1,1,0.951219512
1,0.315068493,0.143390061,0.8,0,0,0.397959184,0.5,0.6,0.333333333,0.857142857,0,1,1,0.951219512
1,0.328767123,0.152245258,0.066666667,0,0,0.397959184,0.5,0.2,0.333333333,0.5,0,1,1,0.634146341
0,0.712328767,0.107009942,0.533333333,0,0,0.193877551,0.875,0.733333333,0.333333333,0.571428571,0,1,1,0.951219512
1,0.410958904,0.232075989,0.8,0.150241502,0,0.397959184,0.5,0.6,0.333333333,0.714285714,0,1,1,0.951219512
0,0.068493151,0.034381628,0.533333333,0,0,0.397959184,0.5,0.733333333,0.666666667,0.714285714,0.6,0.5,1,0.951219512
0,0.534246575,0.11230317,0.533333333,0,0,0.397959184,0.5,0.733333333,1,0.214285714,0.8,1,1,0.951219512
0,0.534246575,0.106211628,0.6,0,0,0.346938776,0,1,1,0,0.2,1,0,0.951219512
0,0.589041096,0.039015909,0.666666667,0.040640406,0,0.397959184,0.5,0.533333333,0.333333333,0.214285714,0,1,1,0.951219512
0,0.232876712,0.258546865,0.8,0.024630246,0,0.5,0.5,0.6,0.666666667,0.714285714,0.2,1,1,0.243902439
0,0.082191781,0.24204612,0.6,0,0,0.397959184,0,1,0.666666667,0,0.8,1,0,0.951219512
0,0.191780822,0.166809754,0.666666667,0,0,0.397959184,0.5,0.533333333,0.666666667,0.071428571,0.8,0.5,0,0.951219512
0,0.205479452,0.056961062,0.6,0,0,0.397959184,0.5,1,0.666666667,0.785714286,0.2,1,0,0.951219512
0,0.164383562,0.056278436,0.8,0,0,0.551020408,0.25,0.6,0.333333333,0.285714286,0,1,1,0.951219512
1,0.301369863,0.064849487,0.866666667,0,0,0.5,0.5,0.8,0.333333333,0.285714286,0,1,1,0.951219512
1,0.246575342,0.135461043,0.533333333,0,0,0.5,0.5,0.733333333,0.333333333,0.214285714,0,1,1,0.951219512
0,0.054794521,0.209307801,0.533333333,0.005940059,0,0.397959184,0.5,0.733333333,0.666666667,0.214285714,0.6,1,1,0.951219512
0,0.602739726,0.052611603,0.2,0.034560346,0,0.43877551,0.5,0.333333333,0.333333333,0.5,1,1,0,0.048780488
0,0.835616438,0.010617577,0.533333333,0.022280223,0,0.316326531,0,0.733333333,0.333333333,0,0,1,1,0.951219512
1,0.438356164,0.106504568,0.666666667,0,0,0.397959184,0.5,0.533333333,0.333333333,0.714285714,0,1,1,0.268292683
0,0.397260274,0.115608731,0.8,0,0,0.428571429,0.25,0.6,0,0.714285714,0.8,1,0,0.951219512
0,0.369863014,0.078009492,0.8,0,0,0.397959184,0.5,0.6,0.333333333,0.928571429,0,1,1,0.951219512
0,0.068493151,0.110879735,0.533333333,0,0,0.357142857,0.5,0.733333333,0.666666667,0.857142857,0.6,1,0,0.951219512
0,0.383561644,0.0993123,0.533333333,0,0,0.142857143,0.5,0.733333333,0.333333333,0.071428571,0.6,1,0,0.951219512
0,0.465753425,0.069157677,0.266666667,0,0,0.397959184,0.25,0.4,0.833333333,0.571428571,0.4,1,0,0.951219512
0,0.520547945,0.100139705,0.533333333,0,0,0.397959184,0.5,0.733333333,1,0.071428571,0.4,1,0,0.951219512
0,0.260273973,0.049967695,0.666666667,0,0,0.397959184,0.5,0.533333333,0.666666667,0.214285714,0.6,0.25,1,0.951219512
0,0.054794521,0.331876748,0.533333333,0,0,0.397959184,0.5,0.733333333,0.666666667,0.5,0.6,1,0,0.707317073
0,0.150684932,0.119065837,0.8,0,0,0.5,0.125,0.6,0.666666667,0.785714286,0.2,1,1,0.951219512
0,0.630136986,0.017256438,0.333333333,0,0,0.306122449,0.5,0,1,0.571428571,0.2,1,0,0.951219512
1,0.616438356,0.203321798,0.8,0,0.436639118,0,0.5,0.6,0.333333333,0.285714286,0,1,1,0.951219512
0,0.205479452,0.126350791,0.666666667,0,0,0.010204082,0,0.533333333,0.666666667,0,0.8,1,0,0.951219512
0,0.260273973,0.025376239,0.533333333,0,0,0.448979592,0.5,0.733333333,0.333333333,0.214285714,0,1,1,0.951219512
0,0.547945205,0.042884349,0.6,0,0,0.397959184,0.5,1,1,0.071428571,0.8,0.25,0,0.951219512
0,0.136986301,0.049617249,0.533333333,0,0,0.214285714,0.5,0.733333333,0.666666667,0.571428571,0.6,1,1,0.951219512
0,0.260273973,0.121016294,0.533333333,0,0,0.5,0.5,0.733333333,0.666666667,0.857142857,0.2,1,1,0.951219512
0,0.602739726,0.124147309,0.866666667,0,0,0.295918367,0.75,0.8,0.333333333,0.285714286,0,1,1,0.951219512
0,0.205479452,0.132605379,0.533333333,0,0,0.5,0.5,0.733333333,0.333333333,0.857142857,0,1,1,0.951219512
0,0.095890411,0.108388725,0.866666667,0,0,0.5,0.5,0.8,0.666666667,0.928571429,0.2,1,1,0.951219512
0,0.328767123,0.118513783,0.666666667,0,0,0.397959184,0.125,0.533333333,0,0.071428571,0.6,0.5,0,0.951219512
1,0.410958904,0.117802065,0.933333333,0,0,0.602040816,0.625,0.933333333,0.666666667,0.571428571,0.2,1,1,0.951219512
0,0.520547945,0.082878531,0.533333333,0,0,0.193877551,0.5,0.733333333,0,0.214285714,0.2,1,0,0.951219512
0,0.04109589,0.028324589,0.6,0,0,0.295918367,0.5,1,0.666666667,0.071428571,0.6,1,0,0
1,0.506849315,0.257231,0.6,0,0,0.397959184,0.125,1,0.333333333,0.714285714,0,1,1,0.951219512
1,0.397260274,0.088317215,0.533333333,0,0,0.397959184,0.5,0.733333333,0.333333333,0.857142857,1,1,0,0.951219512
0,0.780821918,0.210067552,0.333333333,0,0.323921028,0.397959184,0.5,0,0.333333333,0.785714286,0,1,1,0.951219512
0,0.356164384,0.108226356,0.8,0,0,0.5,0.5,0.6,0,0.857142857,0.8,1,0,0.951219512
1,0.328767123,0.16289328,0.8,0.076880769,0,0.448979592,0.625,0.6,0.333333333,0.857142857,0,1,1,0.951219512
1,0.465753425,0.041529245,1,0.043860439,0,0.520408163,0.125,0.666666667,0.333333333,0.714285714,0,1,1,0.951219512
1,0.465753425,0.124042446,0.866666667,0.105201052,0,0.193877551,0.75,0.8,0.666666667,0.285714286,0.2,1,1,0.951219512
0,0.178082192,0.144786434,0.866666667,0,0,0.397959184,0.5,0.8,0.666666667,0.285714286,0.2,1,1,0.951219512
0,0.726027397,0.152072065,0.133333333,0.023460235,0,0.397959184,0.5,0.266666667,1,0.571428571,0.4,1,0,0
0,0.191780822,0.124120924,0.066666667,0,0,0.448979592,0.5,0.2,0.333333333,0.714285714,0,1,1,0.951219512
0,0.205479452,0.224274837,0.533333333,0.050130501,0,0.551020408,0.5,0.733333333,0.333333333,0.5,0,1,1,0.951219512
0,0.232876712,0.192433606,0.6,0,0,0.163265306,0.5,1,0.666666667,0.285714286,0.2,1,0,0.951219512
1,0.191780822,0.133153374,0.933333333,0,0,0.244897959,0.5,0.933333333,0.333333333,0.714285714,0,1,1,0.951219512
0,0.191780822,0.076883057,0.2,0,0,0.397959184,0.25,0.333333333,0.333333333,0.357142857,0,1,1,0.951219512
0,0.534246575,0.060105607,0.733333333,0,0,0.244897959,0.5,0.466666667,0.5,0.571428571,0.2,1,1,0.487804878
0,0.205479452,0.082008504,0.533333333,0,0,0.397959184,0.5,0.733333333,0.333333333,0.071428571,0,1,1,0.951219512
0,0.520547945,0.069624488,0.266666667,0,0,0.479591837,0.5,0.4,0.333333333,1,1,1,0,0.951219512
0,0.068493151,0.117771621,0.6,0,0,0.397959184,0.5,1,0.666666667,0.5,0.2,1,1,0.951219512
0,0.589041096,0.104217196,0.533333333,0,0,0.397959184,0.5,0.733333333,0.333333333,0.071428571,1,1,0,0.951219512
0,0.342465753,0.147532499,0.6,0,0,0.397959184,0.5,1,0.833333333,0.071428571,0.2,1,0,0.12195122
0,0.616438356,0.060412755,0.2,0,0,0.346938776,0.5,0.333333333,1,0.5,0.8,1,0,0.951219512
0,0.054794521,0.134702645,0.6,0,0,0.265306122,0.5,1,0.666666667,0.071428571,0.2,1,0,0.951219512
0,0.232876712,0.052992494,0.733333333,0,0.468778696,0.091836735,0.5,0.466666667,0.333333333,0.928571429,0,1,1,0.951219512
0,0.616438356,0.057955572,0.8,0,0,0.051020408,0.75,0.6,0.333333333,0.214285714,0,1,1,0.951219512
0,0.109589041,0.097802268,0.533333333,0,0,0.346938776,0.875,0.733333333,0.333333333,0.785714286,0.6,1,1,0.951219512
1,0.561643836,0.132841491,0.8,0,0,0.397959184,0.125,0.6,0.333333333,0.285714286,0,1,1,0.951219512
1,0.671232877,0.17736509,0.266666667,0,0,0.244897959,0.75,0.4,0.333333333,0.357142857,0,1,1,0.951219512
0,0,0.085851236,0.333333333,0,0,0.142857143,0,0,0.666666667,0,0.6,1,0,0.951219512
1,0.328767123,0.081708798,0.733333333,0,0,0.397959184,0.125,0.466666667,0.333333333,0.714285714,0,1,1,0.951219512
1,0.397260274,0.082302798,0.866666667,0.278282783,0,0.5,0.5,0.8,0,0.285714286,0.2,1,0,0.951219512
0,0.04109589,0.076367536,0.6,0,0,0.244897959,0.875,1,0.666666667,0.071428571,0.6,1,0,0.951219512
0,0.342465753,0.028616177,0.8,0,0,0.295918367,0.75,0.6,0,0.714285714,0.8,1,0,0.951219512
0,0.219178082,0.115301583,0.8,0,0,0.397959184,0.625,0.6,0.666666667,0.714285714,0.2,1,0,0.951219512
0,0.684931507,0.183430247,0.866666667,0,0,0.397959184,0.5,0.8,0.666666667,0.714285714,0.2,1,1,0.951219512
1,0.479452055,0.148734706,0.466666667,0,0,0.448979592,0.5,0.133333333,0.333333333,0.5,0,1,1,0.951219512
0,0.246575342,0.200701569,0.533333333,0,0,0.755102041,0.5,0.733333333,0,0.928571429,0.8,1,0,0.951219512
0,0.232876712,0.117402908,0.533333333,0,0,0.397959184,0.5,0.733333333,0.333333333,0.857142857,1,0.5,0,0.951219512
0,0.493150685,0.031289852,0.533333333,0,0,0.397959184,0.5,0.733333333,0,0.857142857,0.2,1,0,0.951219512
1,0.452054795,0.131638607,0.866666667,0,0,0.653061224,0.5,0.8,0.333333333,0.285714286,0,1,1,0.951219512
0,0.109589041,0.085568444,0.6,0,0,0.397959184,0.5,1,0.333333333,0.5,0,1,1,0.951219512
0,0.424657534,0.118684947,0.533333333,0,0,0.459183673,0.5,0.733333333,0.333333333,0.214285714,0,1,1,0.951219512
1,0.273972603,0.026081868,0.866666667,0,0,0.448979592,0.5,0.8,0.333333333,0.714285714,0,1,1,0.951219512
0,0.164383562,0.297622309,0.533333333,0,0,0.357142857,0.5,0.733333333,0,0.571428571,0.8,1,0,0.951219512
0,0.068493151,0.071089191,0.8,0,0,0.346938776,0.5,0.6,0.666666667,0.071428571,0.2,1,0,0.951219512
0,0.287671233,0.103946581,0.6,0,0,0.5,0.5,1,0.333333333,0.285714286,0,1,1,0.951219512
0,0.082191781,0.228936855,0.733333333,0,0,0.397959184,0.125,0.466666667,0.666666667,0.285714286,0.6,1,0,0.756097561
0,0.04109589,0.015075282,0.533333333,0.037810378,0,0.346938776,0.5,0.733333333,0.333333333,0.214285714,0,1,1,0.951219512
0,0.136986301,0.119866857,0.866666667,0,0.345270891,0.448979592,0.5,0.8,0.666666667,0.714285714,0.2,1,0,0.951219512
1,0.191780822,0.09735846,0.6,0,0,0.397959184,0.5,1,0.333333333,0.214285714,0,1,1,0.951219512
0,0.232876712,0.110676774,0.533333333,0,0,0.397959184,0.5,0.733333333,0.333333333,0.857142857,0,1,0,0.951219512
0,0.753424658,0.057222882,0.133333333,0,0,0.397959184,0,0.266666667,1,0,0.2,1,0,0.951219512
0,0.219178082,0.110406836,0.133333333,0,0,0.397959184,0.5,0.266666667,0.666666667,0.571428571,0.8,1,0,0.634146341
1,0.205479452,0.146529871,0.4,0.07298073,0,0.602040816,0.5,0.066666667,0.333333333,1,0,1,1,0.951219512
0,0.301369863,0.14522686,0.2,0,0,0.397959184,0.5,0.333333333,0.833333333,0.571428571,0.4,1,1,0.195121951
0,0.178082192,0.227541835,0.266666667,0,0,0.397959184,0.5,0.4,0.333333333,0.214285714,0,0.75,1,0.634146341
0,0.369863014,0.052016927,0.866666667,0,0,0.397959184,0.5,0.8,0,0.071428571,0.2,1,1,0.951219512
1,0.136986301,0.09659059,0.6,0,0,0.5,0.5,1,0.333333333,0.714285714,0,1,1,0.951219512
0,0.369863014,0.107865085,0.533333333,0,0,0.387755102,0.5,0.733333333,0.833333333,0.571428571,0.8,1,0,0.951219512
0,0.232876712,0.035548655,0.733333333,0,0,0.448979592,0.5,0.466666667,0,0.285714286,0.2,1,0,0.951219512
0,0.109589041,0.265876471,0.6,0,0,0.397959184,0.5,1,0.666666667,0.214285714,0.2,1,1,0.951219512
1,0.246575342,0.112330231,0.8,0,0,0.397959184,0.5,0.6,0.333333333,0.857142857,0,1,1,0.951219512
1,0.109589041,0.053070972,0.8,0,0.453856749,0.397959184,0.25,0.6,0.333333333,0.714285714,0,1,1,0.951219512
0,0.315068493,0.013877811,0.533333333,0,0,0.448979592,0.5,0.733333333,0.333333333,0.214285714,1,1,0,0.951219512
0,0.01369863,0.154576606,0.533333333,0,0,0.295918367,0.5,0.733333333,0.666666667,0.571428571,0.2,1,0,0.951219512
0,0.232876712,0.121536552,0.6,0,0,0.397959184,0.5,1,0.333333333,0.5,0,0.5,1,0.951219512
0,0.191780822,0.21367282,0.6,0,0,0.193877551,0.5,1,0.666666667,0.571428571,0.2,1,0,0.951219512
0,0.561643836,0.016105648,0.866666667,0,0,0.397959184,0.25,0.8,0.666666667,0.285714286,0.2,0,0,0.951219512
0,0.109589041,0.053733302,0.733333333,0,0,0.448979592,0.5,0.466666667,0.666666667,0.928571429,0.2,1,0,0.951219512
0,0.342465753,0.011524814,0.8,0,0,0.397959184,0.5,0.6,0.333333333,0.714285714,0,1,1,0.951219512
0,0.04109589,0.181602243,0.6,0,0,0.397959184,0.5,1,0.666666667,0.571428571,0.6,1,1,0.951219512
0,0.232876712,0.488397723,0.6,0,0,0.5,0.5,1,0.666666667,0.285714286,0.2,1,0,0.951219512
0,0.260273973,0.166196135,0.533333333,0,0,0.397959184,0.5,0.733333333,0.333333333,0.857142857,0,1,1,0.951219512
0,0.068493151,0.018233358,0.6,0.005940059,0,0.244897959,0.25,1,0.666666667,0.714285714,0.6,1,0,0.951219512
0,0.205479452,0.166510048,0.8,0,0,0.397959184,0.5,0.6,0.333333333,0.714285714,0,1,1,0.634146341
0,0.547945205,0.160959059,0.4,0,0,0.520408163,0.5,0.066666667,0.333333333,0.571428571,0,1,1,0.951219512
1,0.424657534,0.085707134,0.8,0,0,0.448979592,0.5,0.6,0.333333333,0.285714286,0,1,1,0.951219512
0,0.054794521,0.233058321,0.533333333,0,0,0.397959184,0,0.733333333,0.666666667,0,0.8,1,0,0.951219512
0,0.219178082,0.247211482,0.733333333,0,0,0.397959184,0.5,0.466666667,0.666666667,0.928571429,0.2,1,1,0.951219512
0,0.068493151,0.218635221,0.6,0,0,0.153061224,0,1,0.666666667,0,0.6,1,0,0.951219512
0,0.123287671,0.097910514,0.533333333,0,0,0.397959184,0,0.733333333,0,0,0.2,1,0,0.951219512
0,0.082191781,0.090583615,0.533333333,0,0,0.459183673,0.5,0.733333333,0.833333333,0.071428571,0.4,1,1,0.951219512
0,0.383561644,0.101912233,0.533333333,0,0,0.602040816,0.75,0.733333333,0.333333333,0.214285714,0,1,1,0.951219512
0,0.493150685,0.083090287,0.533333333,0,0.45959596,0.448979592,0.25,0.733333333,0.333333333,0.571428571,0,1,1,0.951219512
0,0.506849315,0.078085264,0.2,0,0,0.397959184,0.5,0.333333333,0.833333333,0.214285714,0.2,1,1,0.951219512
0,0.356164384,0.076567791,0.8,0,0,0.397959184,0.25,0.6,0.666666667,0.714285714,0.2,1,1,0.951219512
0,0.082191781,0.197945356,0.6,0,0,0.397959184,0.625,1,0.666666667,0.285714286,0.6,1,1,0.951219512
0,0.520547945,0.077618453,0.533333333,0,0,0.602040816,0.5,0.733333333,0.333333333,0.571428571,0,1,1,0.951219512
1,0.506849315,0.247925229,0.333333333,0,0,0.448979592,0.5,0,0.833333333,1,0.8,0.5,1,0.951219512
0,0.273972603,0.258023226,0.466666667,0,0,0.448979592,0.5,0.133333333,0.333333333,0.571428571,1,1,0,0.951219512
1,0.465753425,0.130446548,0.866666667,0,0,0.295918367,0.75,0.8,0.333333333,0.714285714,1,1,0,0.951219512
0,0.356164384,0.109795246,0.6,0,0,0.448979592,0.5,1,0,0.071428571,0.2,1,1,0.951219512
0,0.219178082,0.227226569,0.6,0,0,0.397959184,0.5,1,0.666666667,0.071428571,0.2,1,1,0.951219512
0,0.082191781,0.258373672,0.533333333,0,0,0.397959184,0.5,0.733333333,0.666666667,0.214285714,0.4,1,1,0.951219512
1,0.369863014,0.061682616,0.533333333,0,0,0.397959184,0.5,0.733333333,0.333333333,0.857142857,1,1,0,0.951219512
0,0.04109589,0.098721006,0.733333333,0,0,0.295918367,0.875,0.466666667,0.666666667,0.714285714,0.2,1,1,0.951219512
0,0.397260274,0.111798473,0.6,0,0,0.602040816,0.5,1,0,0.857142857,0.8,1,1,0.951219512
1,0.369863014,0.121039973,0.6,0,0,0.346938776,0.5,1,0.333333333,0.714285714,0,1,1,0.951219512
0,0.082191781,0.161325743,0.6,0,0,0.397959184,0.5,1,0,0.071428571,0.2,0.5,1,0.951219512
0,0.589041096,0.068437165,0.533333333,0,0,0.448979592,0.5,0.733333333,0,0.071428571,0.2,1,0,0.951219512
0,0.136986301,0.14929082,0.533333333,0,0,0.448979592,0.5,0.733333333,0.333333333,0.857142857,0,1,1,0.951219512
0,0.479452055,0.051919506,0.533333333,0,0,0.397959184,0.75,0.733333333,0.333333333,0.214285714,0,0.25,1,0.951219512
0,0.04109589,0.014992744,0.533333333,0,0,0.193877551,0.5,0.733333333,0.666666667,0.571428571,0.2,1,0,0.951219512
1,0.123287671,0.157015523,0.533333333,0,0,0.520408163,0.5,0.733333333,0.333333333,0.071428571,1,1,0,0.951219512
0,0.123287671,0.176976081,0.533333333,0,0,0.602040816,0.5,0.733333333,0.666666667,0.571428571,0.2,1,1,0.951219512
0,0.109589041,0.062179194,0.533333333,0.001140011,0,0.397959184,0.5,0.733333333,0.666666667,0.571428571,0.6,1,0,0.951219512
0,0.191780822,0.175139959,0.4,0,0,0.397959184,0.5,0.066666667,0.666666667,0.285714286,0.6,1,1,0.951219512
0,0.219178082,0.154356055,0.6,0,0,0.448979592,0.5,1,0,0.214285714,0.2,1,1,0.951219512
1,0.150684932,0.069786857,0.533333333,0,0,0.5,0.5,0.733333333,0.333333333,0.5,0,1,1,0.951219512
0,0.246575342,0.012725667,0.666666667,0,0,0.602040816,0.75,0.533333333,0.666666667,0.357142857,0.2,1,1,0.951219512
0,0.123287671,0.085017742,0.333333333,0,0,0.397959184,0,0,0.833333333,0,0.4,1,0,0.804878049
1,0.301369863,0.224920253,0.6,0,0,0.5,0.5,1,0.333333333,0.071428571,0.6,0.5,0,0.951219512
0,0.136986301,0.112081942,0.133333333,0.021760218,0,0.397959184,0.5,0.266666667,0.666666667,0.642857143,0.4,1,0,0.195121951
1,0.493150685,0.148288191,1,0,0,0.397959184,0.875,0.666666667,0.333333333,0.714285714,0,1,1,0.951219512
0,0.04109589,0.199141474,0.6,0,0,0.193877551,0.5,1,0.666666667,0.428571429,0.6,1,1,0.951219512
1,0.287671233,0.402920612,0.8,0,0,0.397959184,0.5,0.6,0.333333333,0.857142857,0,1,1,0.951219512
1,0.315068493,0.091279095,0.533333333,0,0,0.397959184,0.5,0.733333333,0.333333333,0.214285714,0,1,1,0.951219512
0,0.04109589,0.222586876,0.6,0,0,0.397959184,0.5,1,0.666666667,0.785714286,0.6,1,1,0.951219512
0,0.246575342,0.199167859,0.6,0,0,0.520408163,0.5,1,0.333333333,0.214285714,0,1,1,0.951219512
0,0,0.226447198,0.466666667,0,0,0.112244898,0.5,0.133333333,0.666666667,0.357142857,0.6,1,1,0.951219512
1,0.479452055,0.030829807,0.933333333,0,0,0.602040816,0.125,0.933333333,0.333333333,0.714285714,0,1,1,0.951219512
0,0.410958904,0.118856787,0.4,0,0,0.37755102,0.5,0.066666667,0,0.571428571,0.2,1,0,0.951219512
0,0.739726027,0.135659945,0.533333333,0,0,0.357142857,0.5,0.733333333,0.333333333,0.857142857,0,1,1,0.951219512
1,0.506849315,0.058351346,0.8,0,0,0.397959184,0.5,0.6,0.333333333,0.285714286,0,1,1,0.951219512
0,0.205479452,0.125308247,0.533333333,0,0,0.397959184,0.5,0.733333333,0.666666667,0.071428571,0.6,1,0,0.951219512
1,0.178082192,0.073645826,0.8,0,0,0.397959184,0.5,0.6,0.666666667,0.857142857,0.2,1,1,0.951219512
0,0.164383562,0.134640403,0.666666667,0,0,0.448979592,0.5,0.533333333,0.666666667,0.857142857,0.2,0.5,1,0.951219512
0,0.739726027,0.06047635,0.333333333,0,0,0.397959184,0.125,0,0.333333333,0.071428571,0,1,1,0.951219512
0,0.068493151,0.053749539,0.6,0,0,0.346938776,0.5,1,0.666666667,0.571428571,0.6,1,0,0.951219512
1,0.410958904,0.172229495,0.6,0,0,0.653061224,0.5,1,0.333333333,0.857142857,0,1,1,0.951219512
0,0.767123288,0.075011078,0.333333333,0,0,0.091836735,0.5,0,1,0.571428571,0.2,1,0,0.951219512
0,0.301369863,0.069635989,0.533333333,0,0,0.397959184,0.5,0.733333333,0.666666667,1,0.6,1,1,0.951219512
1,0.109589041,0.073054532,0.6,0,0,0.5,0.875,1,0.333333333,0.214285714,0.6,1,1,0.951219512
1,0.383561644,0.112257842,0.266666667,0,0,0.397959184,0.5,0.4,0.333333333,0.5,1,1,0,0.951219512
1,0.547945205,0.142047134,0.466666667,0,0,0.397959184,0.5,0.133333333,0.333333333,1,0,1,1,0.951219512
0,0.246575342,0.085735548,0.8,0,0,0.397959184,0.5,0.6,0.333333333,0.571428571,0,0.25,1,0.975609756
0,0.164383562,0.12534884,0.666666667,0,0,0.346938776,0.5,0.533333333,0.666666667,0.071428571,0.6,1,0,0.951219512
0,0.315068493,0.116614742,0.733333333,0,0,0.244897959,0.5,0.466666667,0.666666667,0.571428571,0.4,1,1,0.951219512
0,0.397260274,0.01353413,0.6,0,0,0.397959184,0.25,1,0.333333333,0.571428571,0,1,1,0.951219512
0,0.315068493,0.208228724,0.6,0,0.323232323,0.479591837,0.5,1,0,0.285714286,0.2,1,1,0.951219512
1,0.438356164,0.126156625,0.733333333,0.150241502,0,0.602040816,0.5,0.466666667,0.333333333,0.857142857,0,1,1,0.951219512
0,0.054794521,0.071964631,0.533333333,0,0,0.397959184,0.5,0.733333333,0.833333333,0.5,0.4,1,1,0.951219512
1,0.534246575,0.037120251,0.866666667,0,0,0.397959184,0.125,0.8,0.333333333,0.285714286,0,1,1,0.780487805
0,0.246575342,0.143548371,0.533333333,0,0,0.234693878,0,0.733333333,0.666666667,0,0.4,0.5,1,0.951219512
0,0,0.180046208,0.4,0,0,0.142857143,0.5,0.066666667,0.666666667,0.571428571,0.6,1,1,0.951219512
0,0.136986301,0.147673219,0.533333333,0,0,0.397959184,0.5,0.733333333,0.666666667,0.071428571,0.6,1,0,0.951219512
0,0.136986301,0.209247589,0.533333333,0,0,0.397959184,0.5,0.733333333,0.666666667,0.5,0.6,0.5,0,0.951219512
0,0.534246575,0.109643702,0.466666667,0,0,0.397959184,0.5,0.133333333,0.333333333,0.214285714,0,1,1,0.536585366
0,0.301369863,0.013436708,0.6,0,0,0.397959184,0.5,1,0.666666667,0.214285714,0.2,1,1,0.951219512
1,0.328767123,0.09451565,0.666666667,0,0,0.142857143,0.75,0.533333333,0.333333333,0.714285714,1,1,0,0.951219512
0,0.04109589,0.166729246,0.533333333,0,0,0.397959184,0.5,0.733333333,0.666666667,0.642857143,0.6,1,0,0.951219512
0,0.109589041,0.13605166,0.6,0,0,0.806122449,0.75,1,0.666666667,0.214285714,0.6,1,1,0.951219512
0,0.260273973,0.06542928,0.533333333,0,0,0.397959184,0.5,0.733333333,0,0.071428571,0.8,1,0,0.951219512
0,0.698630137,0.082181021,0.2,0,0,0.091836735,0,0.333333333,1,0,0.2,0.5,1,0.951219512
1,0.753424658,0.312196954,0.6,0,0,0.244897959,0.625,1,0.333333333,0.285714286,0,1,1,0.951219512
0,0.260273973,0.166026324,0.8,0,0,0.193877551,0.5,0.6,0.666666667,0.857142857,0.2,1,0,0.951219512
1,0.575342466,0.06586294,0.533333333,0,0,0.397959184,0.5,0.733333333,0.333333333,0.214285714,0,1,1,0.951219512
1,0.164383562,0.242351914,0.8,0,0,0.5,0.5,0.6,0.333333333,0.285714286,0,1,1,0.243902439
1,0.328767123,0.110538761,0.6,0,0,0.397959184,0.5,1,0.333333333,0.857142857,0,1,1,0.951219512
1,0.534246575,0.111619191,0.866666667,0,0,0.5,0.5,0.8,0.333333333,0.285714286,0,1,1,0.951219512
0,0.657534247,0.176768384,0.533333333,0,0,0.397959184,0,0.733333333,1,0,0.8,1,1,0.951219512
1,0.589041096,0.128325604,0.6,0,0,0.397959184,0.5,1,0.666666667,0.714285714,0.8,1,1,0.951219512
0,0.671232877,0.189991306,0.533333333,0.014090141,0,0.397959184,0.75,0.733333333,0.333333333,0.357142857,0,1,1,0.951219512
0,0.109589041,0.073054532,0.533333333,0,0.399678604,0.397959184,0.5,0.733333333,0.666666667,0.857142857,0.6,1,1,0.951219512
0,0.410958904,0.094240976,0.533333333,0,0.43067034,0.397959184,0.5,0.733333333,0,0.857142857,0.6,1,1,0.951219512
0,0.178082192,0.096997866,0.533333333,0,0,0.357142857,0.5,0.733333333,0,0.571428571,0.8,1,0,0.951219512
0,0.547945205,0.127748518,0.733333333,0,0,0.397959184,0.5,0.466666667,0,0.071428571,0.2,0.5,0,0.951219512
1,0.315068493,0.067111152,0.8,0.07298073,0,0.397959184,0.5,0.6,0.333333333,0.285714286,0,1,1,0.951219512
0,0.356164384,0.075802627,0.6,0,0,0.459183673,0.5,1,0,0.285714286,0.2,1,0,0.951219512
1,0.780821918,0.092402824,0.6,0.064180642,0,0.234693878,0.5,1,0.333333333,0.857142857,0,1,1,0.951219512
0,0.123287671,0.097888865,0.666666667,0,0,0.397959184,0.5,0.533333333,0.833333333,0.571428571,0.2,0.5,1,0.951219512
0,0.493150685,0.099697926,0.2,0,0,0.397959184,0.5,0.333333333,0.333333333,0.214285714,0,1,1,0.951219512
0,0.342465753,0.073586967,0.6,0,0,0.448979592,0.5,1,0.666666667,0.857142857,0.2,1,1,0.951219512
0,0.630136986,0.082817643,0.533333333,0,0,0.244897959,0.5,0.733333333,1,0.714285714,0.2,1,0,0.951219512
0,0.356164384,0.168059319,0.866666667,0,0,0.193877551,0.75,0.8,0,0.714285714,0.2,1,0,0.951219512
1,0.328767123,0.111243712,0.8,0,0.436639118,0.397959184,0.5,0.6,0.333333333,0.714285714,0,1,1,0.951219512
0,0.082191781,0.161249294,0.8,0,0,0.397959184,0.5,0.6,0.666666667,0.857142857,0.2,1,0,0.951219512
0,0.301369863,0.037309682,0.8,0,0,0.397959184,0.5,0.6,0.666666667,0.285714286,0.2,1,0,0.951219512
0,0.479452055,0.050686178,0.533333333,0,0,0.37755102,0.5,0.733333333,0,0.571428571,0.2,1,0,0.951219512
0,0.424657534,0.154678087,0.4,0,0,0.346938776,0.5,0.066666667,0.833333333,0.571428571,0.2,0.5,0,0.951219512
0,0.219178082,0.124614797,0.533333333,0,0,0.397959184,0.75,0.733333333,0.333333333,0.214285714,0,0.5,1,0.951219512
1,0.465753425,0.130446548,0.866666667,0,0,0.316326531,0.25,0.8,0.333333333,0.714285714,1,1,0,0.951219512
0,0.561643836,0.127905474,0.8,0,0,0.193877551,0.5,0.6,0,0.214285714,0.6,1,0,0.951219512
1,0.273972603,0.108625513,0.6,0,0,0.448979592,0.5,1,0.333333333,0.857142857,0,1,1,0.951219512
0,0.164383562,0.083709319,0.333333333,0,0,0.479591837,0.5,0,0.666666667,0.214285714,0.2,1,1,0.951219512
1,0.356164384,0.131997172,0.6,0.03103031,0,0.704081633,0.5,1,0.333333333,1,0,1,1,0.951219512
0,0.082191781,0.014300646,0.6,0,0,0.295918367,0.5,1,0.666666667,0.857142857,0.2,1,0,0.951219512
0,0.684931507,0.014773546,0.133333333,0,0,0.397959184,0,0.266666667,0.333333333,0,0,1,1,0.951219512
0,0.479452055,0.024803212,0.666666667,0,0,0.12244898,0.5,0.533333333,1,0.571428571,0.8,1,0,0.951219512
0,0.068493151,0.076216668,0.6,0,0,0.448979592,0.875,1,0.666666667,0.571428571,0.6,1,1,0.951219512
1,0.356164384,0.112640086,0.733333333,0,0,0.448979592,0.5,0.466666667,0.333333333,0.285714286,0,1,1,0.951219512
0,0.287671233,0.149708243,0.533333333,0,0,0.397959184,0.75,0.733333333,0.833333333,0.571428571,0.8,1,0,0.951219512
1,0.616438356,0.107355652,0.6,0,0,0.397959184,0.5,1,0.333333333,0.214285714,0,0.5,1,0.951219512
0,0.589041096,0.068854588,0.6,0,0,0.397959184,0.875,1,0.333333333,0.785714286,0,1,1,0.951219512
0,0.369863014,0.0898949,0.533333333,0,0,0.581632653,0.5,0.733333333,0.666666667,0.214285714,0.4,1,1,0.951219512
0,0.342465753,0.12712272,0.666666667,0,0,0.316326531,0.5,0.533333333,0,0.571428571,0.8,1,0,0.951219512
0,0.178082192,0.16719944,0.333333333,0,0,0.5,0.5,0,0.666666667,0.5,0.2,1,1,0.951219512
0,0,0.09118641,0.4,0,0,0.153061224,0.5,0.066666667,0.666666667,0.571428571,0.6,1,0,0.951219512
0,0.315068493,0.066691022,0.733333333,0,0.545684114,0.5,0.625,0.466666667,0.333333333,0.214285714,0,1,1,0.951219512
0,0.095890411,0.090438836,0.733333333,0,0,0.704081633,0.625,0.466666667,0.666666667,0.857142857,0.2,1,1,0.951219512
0,0.02739726,0.208105594,0.533333333,0,0,0.244897959,0.5,0.733333333,0.666666667,0.571428571,0.6,1,1,0.951219512
1,0.383561644,0.014172781,0.8,0,0,0.397959184,0.75,0.6,0.333333333,0.857142857,0,1,1,0.951219512
1,0.273972603,0.067797161,0.866666667,0,0,0.5,0.75,0.8,0.333333333,0.285714286,0,1,1,0.951219512
0,0.342465753,0.054673689,0.6,0,0,0.244897959,0.75,1,0.333333333,0.714285714,0.6,1,0,0.951219512
0,0.232876712,0.187702581,0.4,0,0,0.397959184,0.75,0.066666667,0.333333333,0.5,0,1,1,0.951219512
1,0.178082192,0.100363639,0.666666667,0,0,0.397959184,0.5,0.533333333,0.666666667,0.214285714,0.6,1,1,0.951219512
1,0.465753425,0.068167903,0.866666667,0.150201502,0,0.397959184,0.5,0.8,1,0.285714286,0.8,1,1,0.951219512
0,0.178082192,0.11603698,0.533333333,0,0,0.397959184,0.5,0.733333333,0.333333333,0.214285714,0,1,1,0.951219512
0,0.01369863,0.095935702,0.4,0,0,0.193877551,0.5,0.066666667,0.666666667,0.428571429,0.6,1,1,0.951219512
0,0.082191781,0.12541717,0.6,0,0,0.234693878,0.5,1,0.666666667,0.071428571,0.2,1,0,0.292682927
0,0.191780822,0.125990197,0.6,0,0,0.397959184,0.5,1,0.333333333,0.071428571,1,1,0,0.951219512
0,0.232876712,0.10183849,0.533333333,0,0,0.448979592,0.5,0.733333333,0,0.785714286,0.2,0.5,1,0.951219512
1,0.164383562,0.119259327,0.8,0,0.453856749,0.448979592,0.5,0.6,0.333333333,0.714285714,0,1,1,0.951219512
0,0.602739726,0.088425461,0.6,0,0,0.397959184,0.75,1,0.333333333,0.214285714,0,1,1,0.951219512
0,0.410958904,0.125778441,0.8,0,0,0.5,0.5,0.6,0.666666667,0.285714286,0.2,1,1,0.951219512
0,0.506849315,0.09688759,0.6,0.021760218,0,0.397959184,0.75,1,0.666666667,0.571428571,0.8,1,0,0.951219512
0,0.780821918,0.182846396,0.2,0,0,0.397959184,0.5,0.333333333,1,0.571428571,0.2,1,0,0.951219512
0,0.219178082,0.11124033,0.8,0,0,0.397959184,0.5,0.6,0.333333333,0.357142857,0,1,1,0.219512195
0,0.465753425,0.148124469,0.8,0,0,0.244897959,0.625,0.6,0.333333333,0.285714286,0,1,1,0.951219512
0,0.219178082,0.079784049,0.6,0,0,0.346938776,0.5,1,0.333333333,0.428571429,0,0.5,1,0
0,0.095890411,0.101688975,0.8,0,0,0.397959184,0.5,0.6,0.666666667,0.071428571,0.2,0.25,0,0.951219512
0,0.328767123,0.067705828,0.533333333,0,0,0.37755102,0.75,0.733333333,0.333333333,0.357142857,0,1,1,0.951219512
0,0.191780822,0.225281524,0.8,0,0,0.397959184,0.5,0.6,0,0.714285714,0.2,1,0,0.951219512
0,0.123287671,0.181182114,0.6,0,0,0.397959184,0.5,1,0.666666667,0.428571429,0.6,1,1,0.951219512
1,0.315068493,0.110046918,0.533333333,0,0,0.448979592,0.5,0.733333333,0.333333333,0.5,0,1,1,0.951219512
1,0.287671233,0.076593499,0.8,0.076880769,0,0.602040816,0.875,0.6,0.333333333,0.714285714,0,0.25,1,0.463414634
0,0.164383562,0.162854717,0.533333333,0,0,0.153061224,0.5,0.733333333,0.666666667,0.428571429,0.2,1,1,0.951219512
0,0.369863014,0.101630117,0.866666667,0,0,0.346938776,0.25,0.8,0.333333333,0.714285714,0,1,1,0.951219512
0,0.164383562,0.119745081,0.533333333,0,0,0.265306122,0,0.733333333,0.333333333,0,0.2,1,0,0.951219512
0,0.232876712,0.12935597,0.533333333,0,0,0.602040816,0.75,0.733333333,0.333333333,0.214285714,0,1,1,0.951219512
0,0.534246575,0.185507893,0.533333333,0.028850289,0,0.448979592,0.5,0.733333333,0.333333333,0.214285714,0,1,1,0.951219512
1,0.178082192,0.209526999,0.866666667,0.150241502,0,0.602040816,0.625,0.8,0.333333333,0.285714286,0,1,1,0
1,0.643835616,0.119323598,0.866666667,0,0,0.193877551,0.5,0.8,0.333333333,0.285714286,0,1,1,0.951219512
0,0.643835616,0.083971815,0.533333333,0,0,0.316326531,0.75,0.733333333,1,0.357142857,0.2,1,1,0.951219512
0,0.479452055,0.06204524,0.533333333,0,0,0.397959184,0.5,0.733333333,0.333333333,0.857142857,1,1,0,0.951219512
0,0.383561644,0.072331314,0.733333333,0,0,0.479591837,0.25,0.466666667,0,0.714285714,0.8,1,0,0.951219512
0,0.356164384,0.22382291,0.6,0,0,0.295918367,0.5,1,0,0.571428571,0.2,1,0,0.951219512
0,0.547945205,0.004894748,1,0,0,0.5,0.875,0.666666667,0,0.714285714,0.8,1,0,0.951219512
0,0.164383562,0.376293455,0.533333333,0,0,0.397959184,0.5,0.733333333,0.333333333,0.214285714,0,1,1,0.951219512
0,0.328767123,0.19452343,0.266666667,0,0,0.704081633,0.625,0.4,0.333333333,0.857142857,1,1,0,0.146341463
0,0.109589041,0.047543662,0.733333333,0,0,0.428571429,0.5,0.466666667,0.666666667,0.571428571,0.6,1,1,0.951219512
1,0.273972603,0.026370749,0.666666667,0,0,0.397959184,0.625,0.533333333,0.333333333,0.857142857,0,1,1,0.951219512
0,0.328767123,0.172006238,0.533333333,0,0,0.448979592,0.5,0.733333333,0.333333333,0.571428571,0,0,1,0.951219512
1,0.191780822,0.111892512,0.8,0,0,0.397959184,0.75,0.6,0.333333333,0.714285714,0,1,1,0.951219512
0,0.136986301,0.135142394,0.533333333,0,0,0.5,0.5,0.733333333,0.666666667,0.214285714,0.2,1,1,0.951219512
0,0.726027397,0.265931271,0.2,0,0,0.37755102,0.5,0.333333333,1,0.571428571,0.8,0.5,0,0.951219512
0,0.082191781,0.130136018,0.333333333,0,0,0.5,0.5,0,0.666666667,0.428571429,0.8,1,1,0.951219512
1,0.589041096,0.16245556,0.6,0,0,0.316326531,0.5,1,0.333333333,0.214285714,0,0.75,1,0.951219512
0,0.479452055,0.165502008,0.533333333,0,0,0.397959184,0.5,0.733333333,0.333333333,0.285714286,0,1,1,0.951219512
0,0.369863014,0.160062647,0.8,0,0,0.5,0,0.6,0,0,0.2,1,1,0.951219512
0,0.205479452,0.075073996,0.733333333,0,0,0.418367347,0.5,0.466666667,0.333333333,0.214285714,0,1,1,0.951219512
0,0.178082192,0.029656691,0.533333333,0,0,0.397959184,0.5,0.733333333,0.666666667,0.214285714,0.2,1,1,0.951219512
1,0.178082192,0.008123184,0.8,0,0,0.448979592,0.5,0.6,0.333333333,0.857142857,0,1,1,0.951219512
0,0.273972603,0.085849207,0.4,0,0,0.397959184,0.5,0.066666667,0.666666667,0.571428571,0.8,0.5,0,0.951219512
0,0.136986301,0.135142394,0.8,0,0,0.5,0.75,0.6,0.666666667,0.857142857,0.2,1,1,0.951219512
1,0.287671233,0.299769639,0.866666667,0,0,0.602040816,0.5,0.8,0.333333333,0.285714286,0,1,1,0.951219512
0,0.136986301,0.255982789,0.533333333,0,0,0.397959184,0.5,0.733333333,0.333333333,0.428571429,0,0.5,1,0.951219512
0,0.643835616,0.150384104,0.6,0,0,0.397959184,0.5,1,0.333333333,0.071428571,0,1,1,0.951219512
0,0.630136986,0.212850827,0.066666667,0,0,0.244897959,0.75,0.2,0.333333333,0.571428571,0,1,1,0.951219512
0,0.534246575,0.14953302,0.8,0,0,0.193877551,0.75,0.6,0.333333333,0.285714286,0,1,1,0.756097561
0,0.02739726,0.054957158,0.6,0,0,0.193877551,0.5,1,0.666666667,0.857142857,0.6,1,0,0.951219512
0,0.04109589,0.189975746,0.533333333,0,0,0.112244898,0,0.733333333,0.666666667,0,0.6,1,1,0.951219512
0,0.383561644,0.169484106,0.8,0,0,0.397959184,0.5,0.6,0,0.285714286,0.8,1,0,0.951219512
0,0.164383562,0.134400909,0.4,0,0,0.397959184,0.5,0.066666667,0.833333333,0.571428571,0.8,0.5,0,0.951219512
0,0.356164384,0.114990376,0.6,0,0,0.397959184,0.875,1,0,0.071428571,0.8,1,0,0.951219512
1,0.328767123,0.390983787,0.866666667,0.150241502,0,0.397959184,0.5,0.8,0.333333333,0.714285714,1,1,0,0.951219512
0,0.397260274,0.076585381,0.666666667,0,0,0.397959184,0.5,0.533333333,0.333333333,0.928571429,0,1,1,0.951219512
0,0.273972603,0.166430893,0.533333333,0,0,0.397959184,0.5,0.733333333,0.333333333,1,0,1,1,0.951219512
0,0.246575342,0.215395284,0.533333333,0,0,0.397959184,0.5,0.733333333,0,1,0.2,1,1,0.951219512
0,0.328767123,0.116937451,0.8,0,0,0.448979592,0.5,0.6,0.666666667,0.714285714,0.2,1,0,0.951219512
0,0.082191781,0.131637931,0.6,0,0,0.244897959,0.5,1,0.666666667,0.928571429,0.6,1,1,0.951219512
0,0.575342466,0.098110093,0.6,0,0,0.479591837,0.5,1,0,0.714285714,0.2,1,0,0.951219512
0,0.04109589,0.101753247,0.533333333,0,0,0.37755102,0.5,0.733333333,0.666666667,0.428571429,0.6,1,1,0.951219512
0,0.328767123,0.206515731,0.6,0,0,0.397959184,0.5,1,0.333333333,0.214285714,0,0.5,1,0.951219512
0,0.410958904,0.202359086,0.6,0,0,0.397959184,0.5,1,0,0.5,0.2,0.5,1,0.951219512
0,0.575342466,0.108101196,0.533333333,0,0,0.37755102,0.5,0.733333333,0.333333333,0.714285714,1,0.5,0,0.56097561
0,0.04109589,0.064241957,0.533333333,0,0,0.397959184,0.5,0.733333333,0.666666667,0.5,0.2,0.5,1,0
0,0.150684932,0.05070918,0.533333333,0,0,0.5,0.5,0.733333333,0,1,0.2,1,1,0.951219512
0,0.630136986,0.063840094,0.533333333,0,0,0.112244898,0.75,0.733333333,0.333333333,0.571428571,0,1,1,0.951219512
0,0.410958904,0.157930202,0.8,0,0,0.397959184,0.5,0.6,0.333333333,0.428571429,0,1,1,0.951219512
0,0.150684932,0.110345947,0.733333333,0,0,0.397959184,0.875,0.466666667,0.666666667,0.071428571,0.6,1,0,0.634146341
1,0.547945205,0.090532875,0.8,0,0,0.448979592,0.625,0.6,0.333333333,0.714285714,0,1,1,0.951219512
1,0.328767123,0.104725275,0.866666667,0,0.554407713,0.551020408,0.75,0.8,0.333333333,0.714285714,0,1,1,0.951219512
0,0.246575342,0.027367965,0.533333333,0,0,0.397959184,0.875,0.733333333,0.666666667,0.571428571,0.4,1,1,0.951219512
0,0.232876712,0.038861658,0.066666667,0,0,0.397959184,0.5,0.2,0.333333333,0.214285714,0,1,1,0.634146341
0,0.397260274,0.06689466,0.533333333,0,0,0.37755102,0.875,0.733333333,0.833333333,0.071428571,0.8,1,0,0.951219512
1,0.602739726,0.144565883,0.533333333,0,0,0.397959184,0.5,0.733333333,0.333333333,0.928571429,0,1,1,0.951219512
1,0.301369863,0.115549873,0.866666667,0,0,0.602040816,0.75,0.8,0.666666667,0.857142857,0.2,1,1,0.951219512
0,0.123287671,0.207459501,0.333333333,0,0,0.397959184,0.5,0,0.333333333,0.428571429,0,1,1,0.951219512
0,0.260273973,0.038221654,0.6,0,0,0.346938776,0.125,1,0.333333333,0.071428571,0,1,1,0.951219512
1,0.164383562,0.111221387,0.8,0,0,0.5,0.5,0.6,0.666666667,0.857142857,0.2,1,1,0.951219512
1,0.575342466,0.109990765,0.533333333,0,0.340909091,0.448979592,0.5,0.733333333,0.333333333,0.214285714,0,1,1,0.951219512
0,0.191780822,0.120067789,0.733333333,0,0,0.397959184,0.5,0.466666667,0.333333333,0.071428571,0,1,1,0.536585366
1,0.273972603,0.088957219,0.8,0,0,0.397959184,0.75,0.6,0.333333333,0.714285714,1,1,0,0.268292683
1,0.246575342,0.064189187,0.8,0,0,0.5,0.5,0.6,0.333333333,0.285714286,0,1,1,0.951219512
0,0.369863014,0.101412272,0.6,0,0,0.397959184,0.5,1,0.833333333,0.071428571,0.8,1,0,0.951219512
0,0.095890411,0.10338979,0.666666667,0,0,0.397959184,0.5,0.533333333,0.333333333,0.071428571,1,1,0,0.951219512
1,0.356164384,0.19161229,0.533333333,0,0,0.448979592,0.5,0.733333333,0.333333333,0.285714286,0,1,1,0.951219512
0,0.452054795,0.109914993,0.533333333,0,0,0.397959184,0.75,0.733333333,0,0.357142857,0.2,1,1,0.951219512
0,0.150684932,0.0642061,0.533333333,0,0,0.397959184,0.5,0.733333333,0.333333333,0.857142857,0.6,1,0,0.951219512
0,0.547945205,0.067044851,0.333333333,0,0,0.397959184,0.5,0,0.666666667,0.571428571,0.2,1,1,0.951219512
1,0.219178082,0.172905356,0.6,0,0,0.397959184,0.5,1,0.333333333,0.285714286,0,1,1,0.12195122
1,0.164383562,0.089510627,0.933333333,0,0,0.5,0.5,0.933333333,0.333333333,0.714285714,0,1,1,0.951219512
1,0.301369863,0.128983198,0.866666667,0,0,0.397959184,0.5,0.8,0.666666667,0.714285714,0.2,1,0,0.951219512
0,0.04109589,0.008579847,0.533333333,0,0,0.469387755,0.5,0.733333333,0.666666667,0.357142857,0.6,1,1,0.951219512
0,0.301369863,0.153461672,0.866666667,0,0,0.397959184,0.25,0.8,0,0.714285714,0.2,0.5,1,0.146341463
0,0.589041096,0.051261235,0.933333333,0.037810378,0,0.153061224,0.5,0.933333333,0.333333333,0.714285714,0,1,1,0.951219512
0,0.547945205,0.192046627,0.6,0.005940059,0,0.091836735,0.5,1,0,0.285714286,0.4,1,0,0.951219512
0,0.02739726,0.262435602,0.533333333,0,0,0.193877551,0.5,0.733333333,0.666666667,0.571428571,0.6,1,1,0.951219512
0,0.191780822,0.116021419,0.8,0,0,0.448979592,0.5,0.6,0.666666667,0.928571429,0.2,1,1,0.951219512
0,0.04109589,0.106761653,0.6,0,0,0.346938776,0.5,1,0.666666667,0.571428571,0.6,1,0,0.951219512
1,0.315068493,0.118743805,0.6,0,0.433195592,0.397959184,0.5,1,0.333333333,0.428571429,0,1,1,0.951219512
1,0.438356164,0.095561577,0.6,0.140841408,0,0.43877551,0.5,1,0,0.714285714,0.2,1,1,0.951219512
0,0.082191781,0.082016623,0.533333333,0,0,0.346938776,0.5,0.733333333,0.666666667,0.571428571,0.2,1,0,0.951219512
0,0.369863014,0.059227462,0.6,0,0,0.653061224,0.5,1,0.333333333,0.214285714,0,1,1,0.951219512
0,0.342465753,0.216570429,0.8,0,0,0.397959184,0.5,0.6,0.666666667,0.857142857,0.2,1,1,0.951219512
0,0.205479452,0.126567283,0.333333333,0,0,0.153061224,0.75,0,0.5,0.214285714,0.6,1,1,0.951219512
1,0.342465753,0.117255423,0.533333333,0,0,0.397959184,0.5,0.733333333,0.333333333,0.285714286,1,1,0,0.951219512
0,0.150684932,0.164377603,0.8,0,0,0.367346939,0.875,0.6,0.333333333,0.714285714,1,0.5,0,0.951219512
0,0.397260274,0.143953617,0.8,0,0,0.448979592,0.75,0.6,0.833333333,0.571428571,0.8,1,0,0.658536585
1,0.136986301,0.143304141,0.533333333,0.07298073,0,0.397959184,0.5,0.733333333,0.333333333,0.5,0,1,1,0.951219512
0,0.561643836,0.109433298,0.6,0,0,0.397959184,0.5,1,0.666666667,0.357142857,0.2,1,1,0.951219512
1,0.260273973,0.114400436,0.666666667,0.03103031,0,0.397959184,0.5,0.533333333,0.333333333,0.5,0,1,1,0.951219512
0,0.136986301,0.013527364,0.533333333,0,0,0.397959184,0.75,0.733333333,0.333333333,0.357142857,0,1,1,0.951219512
0,0.191780822,0.012181055,0.533333333,0,0,0.397959184,0.75,0.733333333,0.666666667,0.571428571,0.8,1,0,0.951219512
1,0.178082192,0.074827737,0.866666667,0,0,0.5,0.5,0.8,0.333333333,0.714285714,0,0.25,1,0.463414634
1,0.383561644,0.061073732,0.666666667,0,0,0.397959184,0.5,0.533333333,0.333333333,0.214285714,0,1,1,0.048780488
1,0.273972603,0.092727562,0.6,0,0,0.397959184,0.5,1,0.333333333,0.214285714,0,1,1,0.951219512
1,0.356164384,0.125833917,0.533333333,0,0,0.397959184,0.5,0.733333333,0.333333333,0.214285714,0,1,1,0.951219512
0,0.136986301,0.067971031,0.6,0,0,0.56122449,0.5,1,0.333333333,0.5,0,0.5,1,0.951219512
0,0.452054795,0.25310074,0.8,0,0,0.602040816,0.75,0.6,0.333333333,0.857142857,0,1,1,0.951219512
0,0.01369863,0.190067755,0.533333333,0,0,0.448979592,0.5,0.733333333,0.666666667,0.571428571,0.2,1,0,0.951219512
1,0.342465753,0.336771496,0.533333333,0,0,0.397959184,0.5,0.733333333,0.333333333,0.214285714,0,1,1,0.951219512
0,0.191780822,0.008748304,0.8,0,0,0.397959184,0.5,0.6,0,0.285714286,0.8,1,0,0.951219512
0,0.219178082,0.079440368,0.6,0,0,0.5,0.125,1,0.666666667,0.285714286,0.2,1,1,0.951219512
0,0.164383562,0.085414193,0.666666667,0,0,0.397959184,0.5,0.533333333,0.333333333,0.214285714,0,0.25,1,0.609756098
0,0.082191781,0.132967327,0.8,0,0,0.397959184,0.5,0.6,0.666666667,0.571428571,0.2,1,0,0.951219512
1,0.767123288,0.263902335,0.866666667,0,0,0.153061224,0,0.8,0.333333333,0,1,1,0,0.951219512
0,0.082191781,0.263495736,0.4,0,0,0.397959184,0.5,0.066666667,0.666666667,0.214285714,0.2,1,0,0.951219512
0,0.493150685,0.062014796,0.866666667,0,0,0.397959184,0.5,0.8,0,0.714285714,0.2,1,0,0.951219512
0,0.054794521,0.134844718,0.6,0,0,0.397959184,0.5,1,0.666666667,0.071428571,0.6,0.5,0,0.951219512
0,0.575342466,0.12417843,0.2,0,0,0.397959184,0.5,0.333333333,0,1,0.2,1,1,0.951219512
0,0.136986301,0.016619816,0.8,0,0,0.408163265,0.5,0.6,0.666666667,0.5,0.2,1,1,0.951219512
0,0.109589041,0.200159663,0.8,0,0,0.397959184,0.5,0.6,0.666666667,0.214285714,0.2,1,1,0.634146341
0,0.410958904,0.009951188,0.6,0,0,0.346938776,0.5,1,0,0.071428571,0.2,1,0,0.951219512
0,0.287671233,0.060932336,0.6,0,0,0.397959184,0.5,1,0,0.214285714,0.8,1,1,0.951219512
1,0.287671233,0.113660304,0.6,0,0.453856749,0.602040816,0.5,1,0.333333333,0.857142857,0,1,1,0.951219512
0,0.328767123,0.00811033,0.533333333,0,0,0.397959184,0.5,0.733333333,0.333333333,0.571428571,1,1,0,0.951219512
0,0.315068493,0.076395274,0.933333333,0,0,0.397959184,0.75,0.933333333,0.333333333,0.714285714,0,1,1,0.951219512
0,0.410958904,0.063541741,0.4,0,0,0.5,0.5,0.066666667,0.333333333,0.571428571,0,1,1,0.951219512
0,0.260273973,0.108140436,0.266666667,0,0,0.397959184,0.5,0.4,0.333333333,0.428571429,0,1,1,0.951219512
0,0.082191781,0.10918298,0.8,0,0,0.448979592,0.5,0.6,0.333333333,0.285714286,1,1,0,0.951219512
0,0.301369863,0.23893946,0.533333333,0,0,0.397959184,0.5,0.733333333,0.333333333,0.214285714,0,1,1,0.951219512
1,0.602739726,0.040698457,0.533333333,0,0,0.397959184,0.5,0.733333333,0.333333333,0.214285714,0,1,1,0.951219512
0,0.671232877,0.139999256,0.8,0.022900229,0,0.397959184,0.75,0.6,0.333333333,0.214285714,0,1,1,0.268292683
0,0.232876712,0.013170153,0.533333333,0,0,0.397959184,0.5,0.733333333,0,0.5,0.4,1,0,0
0,0.465753425,0.10117819,0.666666667,0,0,0.571428571,0.5,0.533333333,0.333333333,0.214285714,0,1,1,0.951219512
0,0.191780822,0.05083028,0.666666667,0,0,0.397959184,0.5,0.533333333,0.333333333,0.285714286,0,1,1,0.951219512
0,0.246575342,0.123268487,0.533333333,0,0,0.397959184,0.5,0.733333333,0.666666667,0.214285714,0.2,1,0,0.951219512
0,0.479452055,0.058498155,0.266666667,0,0,0.397959184,0.5,0.4,1,0.071428571,0.8,1,0,0.951219512
0,0.643835616,0.106612814,0.533333333,0,0,0.448979592,0.5,0.733333333,0.333333333,1,0,1,1,0.951219512
0,0.315068493,0.174173187,0.666666667,0,0,0.397959184,0.875,0.533333333,0.666666667,0.214285714,0.2,1,1,0.951219512
0,0.082191781,0.165123147,0.533333333,0,0,0.397959184,0.5,0.733333333,0.666666667,0.071428571,0.6,1,0,0.951219512
1,0.178082192,0.133631686,1,0,0,0.397959184,0.75,0.666666667,0.333333333,0.714285714,0,1,1,0.951219512
0,0.02739726,0.17326595,0.533333333,0,0,0.295918367,0.5,0.733333333,0.666666667,0.857142857,0.8,0.5,0,0.951219512
0,0.095890411,0.100017252,0.8,0,0,0.193877551,0.5,0.6,0.666666667,0.928571429,0.2,1,1,0.951219512
0,0.068493151,0.095548046,0.6,0,0,0.346938776,0.625,1,0.666666667,0.214285714,0.6,1,1,0.951219512
0,0.136986301,0.193641902,0.533333333,0,0,0.397959184,0.25,0.733333333,0,0.785714286,0.6,1,1,0.951219512
0,0.109589041,0.189276883,0.533333333,0,0,0.295918367,0.5,0.733333333,0.666666667,0.571428571,0.4,1,1,0.951219512
1,0.054794521,0.090438836,0.6,0.07298073,0,0.602040816,0.5,1,0.333333333,0.214285714,0,1,1,0.951219512
1,0.315068493,0.1092141,0.8,0,0,0.448979592,0.75,0.6,0.333333333,0.857142857,0,1,1,0.951219512
0,0.657534247,0.166614912,0.8,0,0,0.193877551,0.5,0.6,0.333333333,0.571428571,0,1,1,0.951219512
0,0.054794521,0.177865051,0.6,0,0,0.193877551,0.5,1,0.666666667,0.857142857,0.6,1,0,0.951219512
0,0.246575342,0.213908255,0.266666667,0,0,0.397959184,0.5,0.4,0.333333333,0.571428571,0,1,1,0.634146341
0,0.479452055,0.071299594,0.8,0,0,0.37755102,0.5,0.6,0.666666667,0.714285714,0.2,1,1,0.951219512
0,0.219178082,0.109274989,0.733333333,0,0,0.397959184,0.25,0.466666667,0.333333333,0.428571429,0,1,1,0.951219512
0,0.767123288,0.052476972,0.066666667,0,0,0.397959184,0,0.2,0.333333333,0,0,1,1,0.780487805
0,0.506849315,0.266679521,0.533333333,0,0,0.397959184,0.75,0.733333333,0.333333333,0.857142857,0,0.5,1,0.951219512
0,0.246575342,0.195909655,0.533333333,0,0,0.397959184,0.5,0.733333333,0.333333333,0.5,0,1,1,0.951219512
0,0.191780822,0.201938279,0.6,0,0,0.397959184,0.5,1,0.833333333,0.857142857,0.8,1,0,0.634146341
1,0.301369863,0.119827618,0.8,0,0,0.397959184,0.5,0.6,0.333333333,0.928571429,0,1,1,0.951219512
0,0.109589041,0.026292271,0.533333333,0,0,0.397959184,0.5,0.733333333,0,0.071428571,0.4,1,0,0.951219512
0,0.150684932,0.123965321,0.6,0,0,0.193877551,0.5,1,0.666666667,1,0.6,1,1,0.951219512
0,0.589041096,0.065410337,0.333333333,0,0,0.5,0.5,0,0.333333333,0.214285714,0,1,1,0.951219512
0,0,0.067998769,0.333333333,0,0,0.142857143,0.5,0,0.666666667,0.571428571,0.6,1,0,0.951219512
1,0.479452055,0.090846788,0.533333333,0.143441434,0,0.397959184,0.5,0.733333333,0,0.5,0.2,0.5,1,0.951219512
0,0.04109589,0.306769094,0.533333333,0,0,0.244897959,0.625,0.733333333,0,0.428571429,0.6,1,1,0.951219512
1,0.904109589,0.154159182,0.333333333,0.200512005,0,0.5,0.625,0,0.333333333,0.357142857,0,1,1,0.951219512
0,0.356164384,0.0653941,0.6,0,0,0.5,0.5,1,0.666666667,0.285714286,0.2,1,0,0.951219512
0,0.095890411,0.084577316,0.533333333,0,0,0.193877551,0.25,0.733333333,0.666666667,0.571428571,0.2,1,0,0.951219512
0,0,0.028395626,0.4,0,0,0.193877551,0.5,0.066666667,0.666666667,0.071428571,0.6,1,0,0.951219512
1,0.397260274,0.176921958,0.533333333,0,0,0.653061224,0.5,0.733333333,0.333333333,1,0,1,1,0.951219512
0,0.260273973,0.176349607,0.6,0,0,0.5,0.5,1,0.666666667,0.857142857,0.2,1,1,0.951219512
1,0.493150685,0.095234133,0.533333333,0,0,0.397959184,0.5,0.733333333,0.333333333,0.214285714,0,1,1,0.951219512
0,0.191780822,0.100336577,0.733333333,0,0,0.020408163,0.5,0.466666667,0.666666667,0.714285714,0.6,1,1,0.951219512
0,0.205479452,0.120491301,0.666666667,0,0,0.346938776,0.5,0.533333333,0,0.071428571,0.8,1,0,0.951219512
1,0.534246575,0.148497241,0.533333333,0,0,0.397959184,0.5,0.733333333,0.333333333,0.857142857,0,1,1,0.951219512
1,0.191780822,0.097080403,0.8,0,0,0.397959184,0.5,0.6,0.333333333,0.857142857,0,1,1,0.951219512
0,0.095890411,0.132367915,0.533333333,0,0,0.295918367,0.5,0.733333333,0.333333333,0.571428571,1,1,0,0.951219512
0,0.397260274,0.071252913,0.266666667,0,0,0.346938776,0.5,0.4,0,0.857142857,0.2,1,1,0.951219512
0,0.273972603,0.111558302,0.533333333,0,0,0.397959184,0.5,0.733333333,0.333333333,0.214285714,0,1,1,0.951219512
0,0.219178082,0.029017363,0.2,0,0,0.397959184,0.5,0.333333333,0.333333333,0.214285714,0,1,1,0.951219512
0,0.01369863,0.088194762,0.6,0,0,0.193877551,0.5,1,0.666666667,0.571428571,0.6,1,0,0.951219512
1,0.342465753,0.125833917,0.8,0,0,0.602040816,0.625,0.6,0.333333333,0.285714286,0,1,1,0.951219512
0,0.246575342,0.150649307,0.533333333,0,0,0.397959184,0.5,0.733333333,0.666666667,0.5,0.4,1,1,0.634146341
0,0.328767123,0.124290735,0.533333333,0,0,0.193877551,0.75,0.733333333,0.333333333,0.571428571,1,1,0,0.951219512
0,0.342465753,0.073586967,0.8,0,0,0.602040816,0.5,0.6,0.333333333,0.857142857,0,1,1,0.951219512
1,0.232876712,0.133388809,0.6,0,0,0.397959184,0.5,1,0.333333333,0.928571429,0,0.5,1,0.951219512
0,0.342465753,0.112069765,0.8,0,0,0.397959184,0.125,0.6,0.666666667,0.714285714,0.2,1,1,0
1,0.397260274,0.13017458,0.8,0,0,0.397959184,0.75,0.6,0.333333333,0.928571429,0,1,1,0.951219512
0,0.753424658,0.122079135,0.533333333,0,0,0.193877551,0.5,0.733333333,0.333333333,0.428571429,0,1,1,0.951219512
1,0.315068493,0.042640796,0.8,0.076880769,0,0.663265306,0.125,0.6,0.333333333,0.714285714,0,1,1,0.951219512
0,0.383561644,0.118651796,0.666666667,0,0,0.448979592,0.5,0.533333333,1,0.285714286,0.2,1,0,0.951219512
1,0.328767123,0.125218268,0.533333333,0,0,0.602040816,0.5,0.733333333,0.333333333,0.214285714,0,1,1,0.951219512
0,0.493150685,0.194027528,0.6,0,0,0.397959184,0.5,1,0.666666667,0.071428571,0.8,0.5,0,0.951219512
1,0.712328767,0.115270463,0.533333333,0,0,0.448979592,0,0.733333333,0.333333333,0,0,1,1,0.951219512
1,0.520547945,0.084251902,0.6,0,0,0.428571429,0.875,1,0.333333333,0.214285714,0,1,1,0.951219512
0,0.178082192,0.063339456,0.533333333,0,0,0.397959184,0.5,0.733333333,0.333333333,0.214285714,0,1,1,0.951219512
0,0.424657534,0.135885909,0.2,0,0,0.397959184,0.75,0.333333333,0.333333333,0.214285714,0,1,1,0.536585366
1,0.397260274,0.086853188,0.6,0,0,0.479591837,0.125,1,0.333333333,0.285714286,0,1,1,0.951219512
1,0.273972603,0.055760885,0.8,0.278282783,0,0.397959184,0.5,0.6,0.666666667,0.714285714,0.6,0,1,0.951219512
0,0.205479452,0.185635083,0.6,0,0,0.602040816,0.5,1,0.666666667,0.285714286,0.2,1,1,0.951219512
0,0.424657534,0.167502529,0.6,0,0,0.5,0.5,1,0.333333333,0.285714286,0,1,1,0.951219512
0,0,0.217181342,0.533333333,0,0,0.397959184,0.5,0.733333333,0.666666667,0.571428571,0.6,1,0,0.951219512
0,0.123287671,0.136050307,0.533333333,0,0,0.397959184,0.5,0.733333333,0.666666667,0.428571429,0.2,1,1,0.951219512
1,0.575342466,0.192114957,0.866666667,0.086140861,0,0.602040816,0.25,0.8,0,0.714285714,0.8,1,0,0.951219512
0,0.178082192,0.124120924,0.533333333,0,0,0.265306122,0.5,0.733333333,0.666666667,0.428571429,0.6,1,1,0.951219512
1,0.246575342,0.012367103,0.533333333,0,0,0.397959184,0.5,0.733333333,0.166666667,0.571428571,1,1,0,0.951219512
0,0.109589041,0.134298752,0.6,0,0,0.397959184,0.5,1,0.666666667,0.5,0.6,1,0,0.951219512
0,0.342465753,0.157863901,0.533333333,0,0,0.602040816,0.5,0.733333333,0.333333333,0.214285714,0,0,1,0.951219512
1,0.493150685,0.163722038,0.866666667,0,0,0.397959184,0.5,0.8,0.333333333,0.714285714,0,1,1,0.951219512
0,0.520547945,0.127302679,0.6,0,0,0.397959184,0.5,1,0.333333333,0.928571429,0,1,1,0.951219512
0,0.369863014,0.06976859,0.6,0,0,0.397959184,0.5,1,0,0.5,0.2,1,1,0.951219512
0,0.534246575,0.150813705,0.533333333,0,0,0.397959184,0.5,0.733333333,1,0.571428571,0.8,1,0,0.951219512
0,0.232876712,0.048598384,0.533333333,0,0,0.397959184,0.5,0.733333333,0.666666667,0.214285714,0.6,1,1,0.951219512
0,0.342465753,0.028037061,0.533333333,0,0,0.397959184,0.125,0.733333333,0.333333333,1,0,1,1,0
1,0.410958904,0.100255393,0.533333333,0,0,0.295918367,0.5,0.733333333,0.333333333,0.285714286,1,1,0,0.951219512
0,0.767123288,0.011515342,0.533333333,0,0,0.397959184,0.75,0.733333333,0.333333333,0.357142857,0,1,1,0.951219512
0,0.315068493,0.182577134,0.533333333,0,0,0.244897959,0.5,0.733333333,0.833333333,0.571428571,0.4,1,0,0.951219512
0,0.246575342,0.044317932,0.533333333,0,0,0.397959184,0.5,0.733333333,0.333333333,0.571428571,1,0.25,0,0
0,0.136986301,0.111221387,0.533333333,0,0,0.397959184,0.5,0.733333333,0.666666667,1,0.6,1,1,0.951219512
0,0.068493151,0.068255853,0.6,0,0,0.193877551,0,1,0.666666667,0,0.6,1,0,0.951219512
0,0.356164384,0.008605555,0.6,0,0,0.397959184,0.625,1,0.333333333,0.285714286,0,1,1,0.951219512
0,0.410958904,0.171833721,0.533333333,0,0,0.397959184,0.5,0.733333333,0,0.571428571,0.8,1,0,0.951219512
0,0.232876712,0.341010003,0.4,0,0,0.397959184,0.5,0.066666667,0.333333333,0.428571429,0,1,1,0.634146341
1,0.712328767,0.103328902,0.933333333,0,0,0.397959184,0.75,0.933333333,0.333333333,0.714285714,0,1,1,0.951219512
0,0.082191781,0.014767457,0.533333333,0,0,0.448979592,0.5,0.733333333,0.333333333,0.214285714,0,1,1,0.951219512
0,0.671232877,0.120450033,0.533333333,0,0,0.173469388,0,0.733333333,0.333333333,0,0,0.5,1,0.951219512
0,0.383561644,0.176677728,0.533333333,0,0,0.397959184,0.5,0.733333333,0.333333333,0.214285714,0,1,1,0.951219512
0,0.520547945,0.079139986,0.533333333,0,0,0.397959184,0.5,0.733333333,0,0.428571429,0.8,1,1,0.951219512
0,0.150684932,0.065622093,0.6,0,0,0.397959184,0.5,1,0,0.714285714,0.2,1,1,0.951219512
1,0.739726027,0.112048792,0.8,0,0,0.091836735,0,0.6,0.333333333,0,0,1,1,0.951219512
1,0.136986301,0.198470349,0.733333333,0,0,0.397959184,0.5,0.466666667,0.333333333,0.071428571,0,1,1,0.951219512
0,0.397260274,0.251062333,0.533333333,0,0,0.397959184,0.5,0.733333333,0.333333333,0.714285714,0,1,1,0.951219512
0,0.219178082,0.054798172,0.8,0,0,0.397959184,0.5,0.6,0.666666667,0.714285714,0.8,1,1,0.951219512
0,0.369863014,0.092030052,0.733333333,0,0,0.397959184,0.5,0.466666667,0.333333333,0.571428571,0,1,1,0.951219512
1,0.630136986,0.023423076,0.8,0,0,0.071428571,0,0.6,0.333333333,0,0,1,1,0.951219512
0,0.02739726,0.104006116,0.6,0,0,0.397959184,0,1,0.666666667,0,0.6,1,0,0.951219512
1,0.452054795,0.010282691,0.533333333,0,0,0.5,0.5,0.733333333,0.333333333,0.285714286,0,1,1,0.951219512
1,0.397260274,0.062896324,0.866666667,0,0.453856749,0.5,0.5,0.8,0.333333333,0.714285714,0,1,1,0.951219512
0,0.287671233,0.165727971,0.533333333,0,0,0.520408163,0.75,0.733333333,0.666666667,0.357142857,0.2,1,1,0.951219512
0,0.452054795,0.071902389,0.4,0,0,0.397959184,0.5,0.066666667,0.333333333,0.5,0,0.5,1,0.951219512
0,0.452054795,0.111414876,0.533333333,0,0.365013774,0.397959184,0.125,0.733333333,0,0.714285714,0.2,1,1,0.951219512
0,0.02739726,0.044729943,0.533333333,0,0,0.397959184,0.5,0.733333333,0.666666667,0.571428571,0.6,1,1,0.951219512
0,0.410958904,0.210353728,0.6,0,0,0.5,0.5,1,0.833333333,0.714285714,0.2,1,0,0.951219512
0,0.383561644,0.134353552,0.533333333,0,0,0.397959184,0.5,0.733333333,0.333333333,0.214285714,0,1,1,0.951219512
0,0.671232877,0.196051728,0.733333333,0,0,0.397959184,0.5,0.466666667,0,0.071428571,0.8,1,0,0.951219512
0,0.123287671,0.033365469,0.133333333,0,0,0.397959184,0.5,0.266666667,0.333333333,0.428571429,0,0.75,1,0.634146341
1,0.410958904,0.130872767,0.533333333,0,0,0.56122449,0.5,0.733333333,0.333333333,0.214285714,0,1,1,0.951219512
1,0.150684932,0.090960446,1,0,0,0.5,0.75,0.666666667,0.333333333,0.714285714,0,1,1,0.951219512
0,0.246575342,0.179324342,0.533333333,0,0,0.551020408,0.5,0.733333333,0.333333333,0.5,0,1,1,0.951219512
0,0.136986301,0.209674484,0.6,0,0,0.397959184,0.25,1,0.666666667,1,0.6,1,1,0.951219512
0,0.465753425,0.130446548,0.533333333,0,0,0.397959184,0.75,0.733333333,0.333333333,0.285714286,1,1,0,0.951219512
0,0.287671233,0.125018689,0.533333333,0,0,0.397959184,0.5,0.733333333,0.333333333,0.571428571,0,1,1,0.951219512
0,0.02739726,0.18121797,0.6,0,0,0.193877551,0.5,1,0.666666667,0.428571429,0.6,1,1,0.951219512
0,0.397260274,0.032123346,0.6,0,0,0.5,0.5,1,0,0.857142857,0.2,1,1,0.951219512
0,0.219178082,0.071892918,0.533333333,0,0,0.397959184,0.5,0.733333333,0,0.071428571,0.8,1,0,0.951219512
0,0.506849315,0.148294957,0.533333333,0,0,0.397959184,0.25,0.733333333,0.333333333,0.214285714,0,1,1,0.780487805
0,0.02739726,0.18868356,0.266666667,0,0,0.5,0.5,0.4,0.666666667,0.571428571,0.6,1,0,0.634146341
0,0.01369863,0.059934444,0.4,0,0,0.275510204,0.5,0.066666667,0.666666667,0.571428571,0.8,1,0,0.951219512
1,0.301369863,0.064282549,0.8,0,0,0.346938776,0.75,0.6,0.333333333,0.214285714,0.4,1,1,0.951219512
0,0.232876712,0.126111974,0.333333333,0,0,0.295918367,0.5,0,0.666666667,0.571428571,0.2,1,1,0.951219512
0,0.082191781,0.009848354,0.666666667,0,0,0.295918367,0.875,0.533333333,0.166666667,0.071428571,1,1,0,0.951219512
1,0.479452055,0.110312121,0.8,0,0,0.397959184,0.25,0.6,0.333333333,0.785714286,0,1,1,0.951219512
0,0.109589041,0.13678435,0.8,0,0,0.397959184,0.5,0.6,0.666666667,0.857142857,0.6,1,0,0.951219512
1,0.260273973,0.092209334,0.533333333,0,0,0.551020408,0.5,0.733333333,0.333333333,0.214285714,0,1,1,0.951219512
0,0.191780822,0.165294311,0.533333333,0,0,0.397959184,0.5,0.733333333,0.5,0.428571429,0.2,1,1,0.634146341
1,0.383561644,0.014217432,0.666666667,0,0.453856749,0.5,0.5,0.533333333,0.333333333,0.857142857,0,1,1,0.951219512
0,0.232876712,0.243897126,0.8,0,0,0.204081633,0.75,0.6,0,0.285714286,0.2,0.5,1,0
0,0.520547945,0.258087497,0.666666667,0,0,0.397959184,0.5,0.533333333,0.333333333,0.285714286,0,1,1,0.951219512
0,0.123287671,0.045195401,0.8,0,0,0.193877551,0.875,0.6,0.666666667,0.071428571,0.2,1,0,0.951219512
0,0.150684932,0.11559723,0.733333333,0,0,0.602040816,0.125,0.466666667,0.333333333,0.071428571,0,1,1,0.951219512
0,0.246575342,0.119724108,0.533333333,0,0,0.397959184,0.5,0.733333333,0.666666667,0.5,0.8,1,0,0.487804878
1,0.301369863,0.122278037,1,0,0,0.551020408,0.75,0.666666667,0.333333333,0.714285714,0,1,1,0.951219512
0,0.424657534,0.15148483,0.466666667,0,0,0.397959184,0.5,0.133333333,1,0.428571429,0.2,0.25,1,0.317073171
0,0.095890411,0.212637041,0.6,0,0,0.397959184,0.5,1,0.666666667,0.857142857,0.2,1,1,0.951219512
1,0.219178082,0.151619461,0.8,0,0.436639118,0.551020408,0.5,0.6,0.333333333,0.857142857,0,1,1,0.951219512
0,0.082191781,0.170885892,0.666666667,0,0,0.397959184,0,0.533333333,0.666666667,0,0.4,1,0,0
0,0.178082192,0.164208468,0.733333333,0,0,0.520408163,0.5,0.466666667,0,0.857142857,0.2,1,1,0.951219512
0,0.315068493,0.13085653,0.533333333,0,0,0.397959184,0.5,0.733333333,0.333333333,0.285714286,1,1,0,0.951219512
0,0.219178082,0.183771899,0.6,0,0,0.397959184,0.5,1,0.333333333,0.214285714,0,1,1,0.951219512
1,0.397260274,0.081613406,0.533333333,0,0,0.112244898,0.5,0.733333333,0.333333333,0.071428571,1,1,0,0.951219512
0,0.02739726,0.119330363,0.533333333,0,0,0.295918367,0.5,0.733333333,0.666666667,0.857142857,0.6,1,0,0.951219512
0,0.410958904,0.100821655,0.533333333,0,0,0.295918367,0.5,0.733333333,0,0.5,0.8,1,0,0.951219512
1,0.410958904,0.104778045,0.533333333,0,0,0.397959184,0.5,0.733333333,0.333333333,0.428571429,0,1,1,0.951219512
1,0.301369863,0.014165339,0.533333333,0,0,0.397959184,0.5,0.733333333,0.333333333,0.071428571,0,1,1,0.951219512
1,0.465753425,0.099768962,0.8,0.076880769,0,0.397959184,0.5,0.6,0.333333333,0.285714286,0,1,1,0.951219512
0,0.657534247,0.080597247,0.133333333,0.01797018,0,0.204081633,0.75,0.266666667,0.333333333,0.357142857,0,1,1,0.951219512
0,0.068493151,0.189223437,0.4,0,0,0.397959184,0.5,0.066666667,0.833333333,0.214285714,0.2,1,1,0.951219512
1,0.643835616,0.082994219,0.8,0.150241502,0,0.346938776,0.75,0.6,0.333333333,0.285714286,0,1,1,0.951219512
0,0.589041096,0.13380488,0.533333333,0,0,0.397959184,0.5,0.733333333,0,0.785714286,0.2,1,1,0.951219512
0,0.232876712,0.127462342,0.8,0,0,0.397959184,0.625,0.6,0,0.857142857,0.8,1,0,0.951219512
0,0.082191781,0.21862575,0.8,0,0.399678604,0.5,0.5,0.6,0.666666667,0.857142857,0.2,1,0,0.951219512
0,0.547945205,0.120736884,0.6,0,0,0.346938776,0.25,1,0,0.285714286,0.8,1,0,0.951219512
0,0.534246575,0.039773631,0.733333333,0,0,0.295918367,0.875,0.466666667,0,0.071428571,0.2,1,0,0.951219512
0,0.849315068,0.217131279,0.533333333,0,0,0.051020408,0.5,0.733333333,0.5,0.714285714,0.2,1,1,0.951219512
0,0.095890411,0.131614928,0.6,0,0,0.295918367,0.5,1,0.666666667,0.071428571,0.6,1,0,0.951219512
0,0.575342466,0.12264472,0.533333333,0,0,0.397959184,0.5,0.733333333,0,0.5,0.6,1,0,0.951219512
0,0.205479452,0.057502968,0.6,0,0,0.397959184,0.5,1,0.666666667,0.285714286,0.6,1,1,0.951219512
0,0.191780822,0.09515836,0.6,0,0,0.397959184,0.5,1,0.333333333,0.214285714,0,1,1,0.951219512
0,0.01369863,0.253942352,0.6,0,0,0.397959184,0,1,0.666666667,0,0.6,1,1,0.951219512
0,0.082191781,0.345437263,0.133333333,0,0,0.346938776,0.5,0.266666667,0.333333333,0.571428571,0,1,1,0.634146341
0,0.383561644,0.076387155,0.4,0,0,0.397959184,0.5,0.066666667,0.666666667,0.5,0.2,0.5,0,0.951219512
0,0,0.033524455,0.333333333,0,0,0.397959184,0.625,0,0.666666667,0.214285714,0.6,1,1,0.951219512
1,0.712328767,0.115401711,0.533333333,0.158311583,0,0.397959184,0.5,0.733333333,0.666666667,1,0.2,1,1,0.951219512
0,0.178082192,0.122517531,0.8,0,0,0.346938776,0.875,0.6,0.666666667,0.714285714,0.4,1,1,0.951219512
0,0.068493151,0.2039388,0.733333333,0,0,0.397959184,0.5,0.466666667,0.666666667,0.357142857,0.2,0.5,0,0.951219512
1,0.589041096,0.087472896,0.533333333,0,0,0.5,0,0.733333333,0.333333333,0,0,1,1,0.951219512
0,0.493150685,0.159233889,0.2,0,0,0.56122449,0.5,0.333333333,0,0.5,0.8,0.5,0,0.951219512
0,0.369863014,0.230774331,0.8,0,0,0.448979592,0.5,0.6,0.333333333,0.714285714,0,1,1,0.951219512
0,0.246575342,0.156364018,0.6,0,0,0.397959184,0.5,1,0.333333333,1,0,1,1,0.268292683
0,0.082191781,0.222078796,0.533333333,0,0,0.397959184,0.5,0.733333333,0.833333333,0.071428571,0.2,1,0,0.951219512
1,0.438356164,0.154971027,0.533333333,0.051780518,0,0.397959184,0.5,0.733333333,0.333333333,0.5,0,1,1,0.951219512
0,0.575342466,0.184389577,0.8,0.028850289,0,0.295918367,0.5,0.6,0.333333333,0.071428571,1,1,0,0.951219512
0,0.123287671,0.062079067,0.533333333,0,0,0.295918367,0.5,0.733333333,0.666666667,0.571428571,0.6,1,0,0.951219512
0,0.123287671,0.062464017,0.8,0,0,0.397959184,0.25,0.6,0.666666667,0.714285714,0.6,1,0,0.951219512
1,0.356164384,0.11873907,0.8,0,0,0.448979592,0.5,0.6,0.333333333,0.285714286,0,1,1,0.951219512
1,0.493150685,0.149422745,0.733333333,0,0,0.448979592,0.625,0.466666667,0.333333333,1,0,1,1,0.951219512
0,0.136986301,0.016780156,0.733333333,0,0,0.397959184,0.5,0.466666667,0.666666667,0.571428571,0.2,1,1,0.951219512
1,0.191780822,0.0816655,0.533333333,0.051780518,0,0.448979592,0.5,0.733333333,0.333333333,0.714285714,0,1,1,0.951219512
0,0.315068493,0.075279664,0.6,0,0,0.397959184,0.5,1,0.333333333,0.857142857,0,1,1,0.951219512
0,0.109589041,0.160139773,0.066666667,0,0,0.234693878,0.5,0.2,0.666666667,0.5,0.2,1,1,0.634146341
0,0.02739726,0.070427538,0.4,0,0,0.397959184,0.75,0.066666667,0.666666667,0.071428571,0.2,1,0,0.951219512
0,0.465753425,0.181316745,0.533333333,0,0,0.397959184,0.5,0.733333333,0.333333333,0.857142857,0,1,1,0.951219512
0,0.136986301,0.129497367,0.866666667,0,0,0.5,0.5,0.8,0.666666667,0.928571429,0.6,1,1,0.951219512
1,0.260273973,0.061079821,0.8,0,0,0.397959184,0.5,0.6,0.666666667,0.714285714,0.2,1,0,0.951219512
0,0.054794521,0.141309709,0.533333333,0,0,0.295918367,0.5,0.733333333,0.666666667,0.571428571,0.6,0.5,0,0.951219512
1,0.493150685,0.14213779,0.866666667,0,0,0.397959184,0.25,0.8,0.333333333,0.285714286,0,1,1,0.951219512
0,0.342465753,0.10761409,0.533333333,0,0,0.397959184,0.5,0.733333333,0.333333333,0.428571429,0,1,1,0.951219512
0,0.109589041,0.101038147,0.6,0,0,0.397959184,0.5,1,0.333333333,0.214285714,0,1,1,0.951219512
0,0.01369863,0.20153371,0.466666667,0,0,0.112244898,0.5,0.133333333,0.666666667,0.571428571,0.6,1,0,0.951219512
0,0.02739726,0.105251621,0.533333333,0,0,0.397959184,0.5,0.733333333,0.666666667,0.571428571,0.6,0.5,1,0.951219512
1,0.397260274,0.11113276,0.4,0,0,0.397959184,0.5,0.066666667,0,0.714285714,0.8,0,1,0.951219512
1,0.328767123,0.063740643,0.733333333,0.076880769,0,0.5,0.5,0.466666667,0.333333333,0.285714286,0,1,1,0.951219512
0,0,0.206611799,0.4,0,0,0.091836735,0.5,0.066666667,0.666666667,0.214285714,0.6,1,1,0.951219512
1,0.232876712,0.076138866,0.6,0,0,0.397959184,0.25,1,0.333333333,0.285714286,0,1,1,0.951219512
0,0.479452055,0.10614668,0.266666667,0,0,0.244897959,0.5,0.4,1,0.571428571,0.2,1,0,0.804878049
0,0.328767123,0.066488061,0.8,0,0,0.397959184,0.5,0.6,0.333333333,0.285714286,0,1,1,0.951219512
0,0.260273973,0.126466479,0.533333333,0,0,0.397959184,0.5,0.733333333,0,0.428571429,0.2,1,1,0.634146341
0,0.219178082,0.034264587,0.533333333,0,0,0.397959184,0.75,0.733333333,0.333333333,0.214285714,0,1,1,0.951219512
0,0.04109589,0.099459108,0.6,0,0,0.142857143,0.5,1,0.666666667,0.071428571,0.6,0.25,0,0.951219512
0,0.136986301,0.018018219,0.533333333,0,0.43067034,0.755102041,0.5,0.733333333,0.666666667,1,0.2,1,1,0.951219512
0,0.219178082,0.11301624,0.866666667,0,0,0.397959184,0.5,0.8,0.666666667,0.071428571,0.2,1,0,0.951219512
0,0.136986301,0.201990373,0.533333333,0,0,0.5,0.5,0.733333333,0.333333333,1,0,1,1,0.951219512
1,0.164383562,0.095165802,0.933333333,0,0,0.5,0.5,0.933333333,0.333333333,0.714285714,0,1,1,0.048780488
1,0.383561644,0.214677478,1,0,0,0.397959184,0.5,0.666666667,0.333333333,0.714285714,0,1,1,0.756097561
0,0.219178082,0.137351289,0.666666667,0,0,0.397959184,0.5,0.533333333,0.666666667,0.571428571,0.2,1,1,0.12195122
0,0.397260274,0.168117501,0.866666667,0,0,0.397959184,0.875,0.8,0.666666667,0.714285714,0.2,1,0,0.951219512
0,0.109589041,0.109130886,0.6,0,0,0.755102041,0.5,1,0.666666667,0.285714286,0.6,1,1,0.951219512
0,0.123287671,0.162368287,0.6,0,0,0.397959184,0.875,1,0.333333333,0.785714286,0,1,1,0.951219512
0,0.246575342,0.052321369,0.533333333,0,0,0.397959184,0.5,0.733333333,0.333333333,1,0,1,1,0.951219512
0,0.397260274,0.170436671,0.6,0,0,0.193877551,0.5,1,0.333333333,0.357142857,1,1,0,0.951219512
0,0.643835616,0.127345978,0.533333333,0,0,0.387755102,0.5,0.733333333,0.333333333,0.071428571,0,1,1,0.951219512
1,0.424657534,0.141517406,0.4,0,0,0.295918367,0.75,0.066666667,0.333333333,0.285714286,1,1,0,0.951219512
0,0.301369863,0.170084872,0.866666667,0.031370314,0,0.397959184,0.125,0.8,0.333333333,0.571428571,0,0.5,1,0.926829268
1,0.397260274,0.11764105,0.8,0.03103031,0,0.397959184,0.5,0.6,0.333333333,0.714285714,0,1,1,0.951219512
0,0.164383562,0.062669007,0.6,0,0,0.43877551,0.125,1,0.666666667,0.428571429,0.6,1,1,0.951219512
1,0.410958904,0.098886758,0.866666667,0,0,0.010204082,0.5,0.8,0.333333333,0.714285714,1,1,0,0.951219512
0,0.657534247,0.064497688,0.4,0,0,0.071428571,0.5,0.066666667,1,0.071428571,0.2,1,0,0.951219512
1,0.493150685,0.125003129,0.866666667,0,0,0.397959184,0.25,0.8,0.333333333,0.714285714,0,1,1,0.951219512
1,0.493150685,0.029480791,0.533333333,0,0,0.397959184,0.5,0.733333333,0.333333333,0.214285714,0,1,1,0.951219512
0,0.068493151,0.015196382,0.533333333,0,0,0.346938776,0.5,0.733333333,0.666666667,0.571428571,0.6,1,0,0.951219512
0,0.164383562,0.115848902,0.333333333,0,0,0.397959184,0.5,0,0.666666667,0.571428571,0.6,1,1,0.951219512
0,0.452054795,0.097204886,0.6,0,0,0.551020408,0.625,1,0.333333333,0.857142857,0,1,1,0.951219512
1,0.219178082,0.19230777,0.533333333,0,0,0.448979592,0.5,0.733333333,0.333333333,0.857142857,0,1,1,0.951219512
1,0.479452055,0.026147492,0.733333333,0,0,0.193877551,0,0.466666667,0.333333333,0,1,1,0,0.951219512
0,0.150684932,0.041218714,0.6,0,0,0.193877551,0.875,1,0.333333333,0.071428571,0,0.25,1,0.951219512
1,0.356164384,0.195331216,0.866666667,0.07298073,0,0.5,0.5,0.8,0.333333333,0.285714286,0,1,1,0.951219512
1,0.479452055,0.128202474,0.6,0.076880769,0,0.397959184,0.5,1,0.333333333,0.285714286,0,1,1,0.951219512
0,0.506849315,0.097821888,0.533333333,0,0,0.193877551,0,0.733333333,0,0,0.2,1,1,0.951219512
1,0.616438356,0.117188446,0.8,0,0,0.5,0.5,0.6,0.333333333,0.714285714,0,1,1,0.951219512
0,0.260273973,0.111628662,0.666666667,0,0,0.37755102,0.5,0.533333333,0.666666667,0.714285714,0.8,0.5,0,0.951219512
0,0.123287671,0.153237062,0.8,0,0,0.193877551,0.5,0.6,0.333333333,0.857142857,1,1,0,0.951219512
1,0.232876712,0.129737537,0.533333333,0,0,0.397959184,0.75,0.733333333,0.333333333,0.214285714,0,1,1,0.951219512
1,0.356164384,0.264649232,0.8,0.076880769,0,0.397959184,0.5,0.6,0.333333333,0.285714286,0,0.5,1,0.951219512
0,0.479452055,0.06870778,0.6,0,0,0.448979592,0.5,1,0,0.571428571,0.8,1,0,0.951219512
0,0.328767123,0.111841095,0.8,0,0,0.346938776,0.25,0.6,0,0.714285714,0.8,1,0,0.951219512
0,0.493150685,0.166194782,0.533333333,0.028290283,0,0.397959184,0.5,0.733333333,0.333333333,0.5,0,1,1,0.951219512
0,0.068493151,0.246254182,0.6,0,0,0.346938776,0,1,0,0,0.2,1,0,0.951219512
0,0.04109589,0.120415529,0.466666667,0,0,0.346938776,0.5,0.133333333,0.666666667,0.571428571,0.6,1,1,0.951219512
0,0.205479452,0.094596158,0.533333333,0,0,0.479591837,0.5,0.733333333,0.333333333,0.214285714,0,1,1,0.951219512
0,0.054794521,0.055842069,0.133333333,0,0,0.397959184,0.5,0.266666667,0.666666667,0.214285714,0.6,1,1,0.317073171
0,0.369863014,0.074733021,0.533333333,0,0,0.346938776,0.75,0.733333333,0.333333333,0.214285714,0,1,1,0.268292683
0,0.273972603,0.024305281,0.533333333,0,0,0.346938776,0.875,0.733333333,0,0.071428571,0.8,1,0,0.951219512
0,0.424657534,0.052605514,0.6,0,0,0.489795918,0.75,1,0.333333333,0.714285714,0,1,1,0.951219512
0,0.328767123,0.130163756,0.533333333,0.021740217,0,0.397959184,0.5,0.733333333,0,0.214285714,0.8,1,1,0.585365854
1,0.246575342,0.116102604,0.666666667,0.07298073,0,0.5,0.5,0.533333333,0.333333333,0.285714286,0,1,1,0.951219512
0,0.534246575,0.013916373,0.6,0,0,0.5,0.75,1,0.333333333,0.357142857,0,1,1,0.951219512
0,0.02739726,0.104097448,0.6,0,0,0.295918367,0.5,1,0.666666667,0.571428571,0.6,1,0,0.951219512
1,0.164383562,0.079645359,0.866666667,0,0,0.397959184,0.5,0.8,0.333333333,0.285714286,0,1,1,0.951219512
0,0.068493151,0.102580652,0.6,0,0,0.193877551,0.5,1,0.666666667,0.071428571,0.6,1,0,0.951219512
1,0.123287671,0.164882299,0.933333333,1,0,0.602040816,0.5,0.933333333,0.333333333,0.714285714,0,1,1,0.951219512
1,0.424657534,0.087426215,0.333333333,0,0,0.448979592,0.5,0,0.333333333,0.285714286,0,1,1,0.951219512
0,0.136986301,0.292994794,0.8,0,0,0.397959184,0.5,0.6,0.666666667,0.071428571,0.2,1,1,0.951219512
1,0.534246575,0.204613308,0.533333333,0,0,0.346938776,0.5,0.733333333,0.333333333,0.214285714,0,1,1,0.951219512
0,0.164383562,0.058915578,0.8,0,0,0.5,0.5,0.6,0.666666667,0.714285714,0.2,0.75,0,0.951219512
0,0.465753425,0.074910274,0.533333333,0,0,0.5,0.5,0.733333333,0.5,0.5,0.2,1,1,0.951219512
1,0.424657534,0.130665747,0.8,0,0,0.397959184,0.5,0.6,0,0.857142857,0.8,1,1,0.951219512
0,0.287671233,0.19202836,0.533333333,0,0,0.295918367,0.5,0.733333333,0.833333333,0.642857143,0.8,0.5,0,0.951219512
0,0.205479452,0.071370631,0.533333333,0,0,0.346938776,0.5,0.733333333,0.666666667,1,0.6,1,0,0.951219512
1,0.287671233,0.113788169,0.933333333,0,0,0.367346939,0.75,0.933333333,0.333333333,0.714285714,0,1,1,0.951219512
0,0.616438356,0.068854588,0.533333333,0,0,0.397959184,0.25,0.733333333,0.333333333,1,0,1,1,0.951219512
1,0.534246575,0.096713043,0.533333333,0,0,0.397959184,0.125,0.733333333,0.333333333,0.071428571,0,1,1,0.951219512
0,0.301369863,0.13021382,0.6,0,0,0.193877551,0,1,0,0,0.2,1,0,0.951219512
0,0.136986301,0.162111879,0.666666667,0,0,0.5,0.5,0.533333333,0.666666667,0.285714286,0.6,1,1,0.951219512
1,0.287671233,0.085849207,0.8,0.150201502,0,0.448979592,0.5,0.6,0,0.714285714,0.8,0.5,0,0.951219512
0,0.479452055,0.129855255,0.533333333,0,0,0.448979592,0.5,0.733333333,0,0.857142857,0.2,1,1,0.951219512
0,0.082191781,0.10109024,0.6,0,0,0.193877551,0.5,1,0.666666667,0.571428571,0.6,1,0,0.951219512
0,0.287671233,0.096702219,0.6,0,0,0.275510204,0.5,1,0,0.5,0.2,0.5,0,0.951219512
1,0.520547945,0.060373516,0.8,0,0,0.397959184,0.5,0.6,0.333333333,0.857142857,0,1,1,0.951219512
0,0.383561644,0.174923467,0.6,0,0,0.397959184,0.5,1,0,0.571428571,0.2,1,0,0.951219512
0,0.328767123,0.067387179,0.2,0,0,0.397959184,0.25,0.333333333,0.666666667,0.571428571,0.8,0.5,0,0.951219512
1,0.465753425,0.078382264,0.6,0,0,0.397959184,0.5,1,0.333333333,0.214285714,0,1,1,0.951219512
0,0.657534247,0.113455313,0.533333333,0,0,0.397959184,0.125,0.733333333,0,0.071428571,0.2,1,0,0.951219512
0,0.328767123,0.200434337,0.533333333,0,0,0.602040816,0.5,0.733333333,0,0.214285714,0.8,1,0,0.951219512
0,0.493150685,0.005515809,0.6,0,0,0.142857143,0.5,1,0.833333333,0.285714286,0.8,0,0,0.951219512
0,0.616438356,0.106777213,0.733333333,0,0,0.5,1,0.466666667,0.333333333,0.357142857,0,1,1,0.951219512
0,0.178082192,0.060252416,0.8,0,0,0.397959184,0.5,0.6,0.666666667,0.857142857,0.2,1,0,0.951219512
0,0.109589041,0.121062975,0.6,0,0,0.397959184,0.5,1,0.666666667,0.285714286,0.6,1,0,1
0,0.397260274,0.126089648,0.533333333,0,0,0.397959184,0.5,0.733333333,0,0.571428571,0.2,1,1,0.951219512
0,0.424657534,0.103293046,0.533333333,0,0,0.397959184,0.5,0.733333333,0.333333333,0.5,0,1,1,0.951219512
0,0.04109589,0.122348396,0.6,0,0,0.295918367,0.5,1,0.666666667,0.071428571,0.6,1,0,0.951219512
1,0.301369863,0.151789949,0.6,0,0.424242424,0.418367347,0.5,1,0.333333333,0.5,0,1,1,0.951219512
0,0.109589041,0.110448105,0.533333333,0,0,0.5,0.5,0.733333333,0.666666667,0.071428571,0.2,1,1,0.951219512
0,0.328767123,0.127450165,0.8,0.06497065,0,0.397959184,0.5,0.6,0,1,0.6,0.5,1,0.951219512
0,0.150684932,0.264178362,0.666666667,0,0,0.224489796,0.5,0.533333333,0.666666667,0.285714286,0.2,1,0,0.951219512
0,0,0.13941811,0.333333333,0,0.367768595,0.112244898,0.5,0,0.666666667,0.571428571,0.6,1,0,0.951219512
1,0.397260274,0.037017417,1,0,0,0.397959184,0.5,0.666666667,0.333333333,0.714285714,0,1,1,0.951219512
0,0.123287671,0.031852731,0.8,0,0,0.397959184,0.5,0.6,0.666666667,0.5,0.4,1,1,0.951219512
0,0.054794521,0.091372457,0.533333333,0,0,0.602040816,0.5,0.733333333,0.666666667,1,0.4,1,1,0
1,0.465753425,0.027678496,0.6,0,0,0.397959184,0.5,1,0.333333333,0.214285714,0,1,1,0.951219512
0,0.082191781,0.154859399,0.533333333,0,0,0.397959184,0.5,0.733333333,0.666666667,0.071428571,0.2,1,0,0.951219512
0,0.02739726,0.239057854,0.533333333,0,0,0.448979592,0.5,0.733333333,0.666666667,0.642857143,0.2,1,0,0
0,0.739726027,0.059385095,0.533333333,0,0,0.397959184,0.875,0.733333333,0.333333333,0.214285714,0,0.5,1,0.951219512
0,0.383561644,0.055830568,0.6,0,0,0.234693878,0.5,1,0.5,0.571428571,0.2,1,0,0.951219512
0,0.232876712,0.086329548,0.6,0,0,0.397959184,0.5,1,0,0.071428571,0.8,1,0,0.951219512
0,0.273972603,0.042478427,0.733333333,0,0,0.418367347,0.125,0.466666667,0.666666667,0.785714286,0.2,0.5,1,0.951219512
1,0.520547945,0.107540347,0.533333333,0,0,0.602040816,0.5,0.733333333,0,0.285714286,0.2,1,1,0.951219512
0,0.191780822,0.034786874,0.8,0,0,0.397959184,0.875,0.6,0.666666667,0.714285714,0.2,1,0,0.951219512
0,0.082191781,0.13722207,0.6,0,0,0.244897959,0.125,1,0.666666667,0.071428571,0.6,1,0,0.951219512
1,0.506849315,0.028108774,0.133333333,0,0,0.397959184,0.5,0.266666667,0.333333333,1,0,1,1,0.951219512
0,0.383561644,0.1607791,0.8,0,0,0.602040816,0.5,0.6,0.333333333,0.357142857,0,1,1,0.951219512
0,0.232876712,0.19431641,0.666666667,0,0,0.397959184,0.5,0.533333333,0.666666667,0.214285714,0.2,1,0,0.951219512
0,0.082191781,0.050506219,0.533333333,0,0,0.5,0.5,0.733333333,0,0.428571429,0.2,1,1,0.951219512
1,0.356164384,0.053467423,0.866666667,0,0,0.602040816,0.5,0.8,0.666666667,0.714285714,0.2,1,1,0.951219512
0,0.438356164,0.117697879,0.6,0.050130501,0,0.295918367,0.5,1,0.333333333,0.714285714,0,1,1,0.951219512
0,0.410958904,0.104860583,0.8,0,0,0.397959184,0.875,0.6,0.333333333,0.571428571,0,1,1,0.951219512
0,0.232876712,0.071915243,0.8,0,0,0.397959184,0.5,0.6,0.666666667,0.285714286,0.2,1,0,0.951219512
0,0.136986301,0.078147505,0.133333333,0,0,0.346938776,0.5,0.266666667,0.666666667,0.357142857,0.2,1,1,0.634146341
1,0.246575342,0.021984081,0.6,0.076880769,0,0.193877551,0.5,1,0.333333333,0.071428571,1,1,0,0.951219512
0,0.260273973,0.119478525,0.466666667,0,0,0.397959184,0.5,0.133333333,0.666666667,0.428571429,0.6,1,1,0.951219512
0,0.712328767,0.087957974,0.333333333,0,0,0.163265306,0.25,0,0.333333333,0.071428571,1,1,0,0.951219512
0,0.561643836,0.154772125,0.6,0,0,0.459183673,0.5,1,0,0.071428571,0.8,1,0,0.951219512
0,0.671232877,0.233719974,0.4,0,0,0.397959184,0,0.066666667,1,0,0.2,0.5,0,0.951219512
0,0.054794521,0.079418043,0.6,0,0,0.479591837,0.5,1,0.666666667,0.285714286,0.2,0.5,1,0.634146341
0,0.452054795,0.148459355,0.533333333,0,0,0.397959184,0.25,0.733333333,0.333333333,0.428571429,0,1,1,0.951219512
1,0.383561644,0.072961847,0.533333333,0,0,0.5,0.625,0.733333333,0.333333333,0.214285714,0,1,1,0.951219512
0,0.178082192,0.012027481,0.533333333,0,0,0.316326531,0.5,0.733333333,0,0.571428571,0.8,1,0,0.951219512
0,0.178082192,0.130998603,0.533333333,0,0,0.397959184,0.5,0.733333333,0.666666667,0.5,0.4,0.5,1,0.951219512
0,0.534246575,0.026640011,0.4,0,0,0.397959184,0.75,0.066666667,0.333333333,0.571428571,1,1,0,0.951219512
0,0.273972603,0.107437513,0.266666667,0,0,0.479591837,0.5,0.4,0.333333333,0.5,1,0.5,0,0.951219512
1,0.232876712,0.269485121,0.733333333,0,0,0.602040816,0.5,0.466666667,0.333333333,0.285714286,0,1,1,0.951219512
1,0.260273973,0.143592346,0.533333333,0,0,0.397959184,0.5,0.733333333,0.333333333,0.214285714,0,1,1,0.756097561
1,0.452054795,0.082862971,0.8,0,0.436639118,0.5,0.5,0.6,0.333333333,0.285714286,0,1,1,0.951219512
0,0.068493151,0.030810864,0.6,0,0,0.397959184,0,1,0.666666667,0,0.6,1,1,0.951219512
0,0.068493151,0.009446491,0.533333333,0,0,0.5,0.75,0.733333333,0.666666667,0.571428571,0.6,1,0,0.951219512
0,0.219178082,0.075466388,0.266666667,0,0,0.397959184,0.5,0.4,0.333333333,0.5,0,1,1,0.951219512
0,0.356164384,0.052970845,0.533333333,0,0,0.397959184,0.5,0.733333333,0.333333333,1,0,1,1,0.951219512
0,0.301369863,0.049577333,0.6,0,0,0.397959184,0.5,1,0.333333333,0.857142857,0,1,1,0.951219512
0,0.328767123,0.088520853,0.8,0,0,0.397959184,0.75,0.6,0,0.285714286,0.2,1,0,0.951219512
0,0.534246575,0.226200262,0.866666667,0,0.536960514,0.602040816,0.75,0.8,0,0.857142857,0.8,1,0,0.951219512
1,0.287671233,0.058823569,0.933333333,0,0,0.397959184,0.5,0.933333333,0.666666667,0.285714286,0.2,1,1,0.951219512
0,0.178082192,0.049673402,0.533333333,0,0,0.397959184,0.5,0.733333333,0.333333333,0.071428571,0,1,1,0.951219512
0,0.123287671,0.169918443,0.533333333,0,0,0.448979592,0.5,0.733333333,0.333333333,0.5,0,1,1,0.951219512
0,0.109589041,0.074730315,0.533333333,0,0.367768595,0.397959184,0,0.733333333,0.666666667,0,0.6,1,1,0.951219512
0,0.287671233,0.015969664,0.533333333,0,0,0.397959184,0.5,0.733333333,0.333333333,1,0,1,1,0.951219512
0,0.534246575,0.013916373,0.533333333,0,0,0.397959184,0,0.733333333,0,0,0.2,1,1,0.951219512
0,0.095890411,0.033456125,0.8,0,0,0.397959184,0.875,0.6,0.666666667,0.714285714,0.2,1,1,0.951219512
1,0.342465753,0.105395047,0.533333333,0,0,0.428571429,0.625,0.733333333,0.333333333,0.857142857,0,1,1,0.951219512
0,0.02739726,0.23614942,0.466666667,0,0,0.244897959,0.5,0.133333333,0.666666667,0.714285714,0.2,0.25,0,0.902439024
0,0.136986301,0.099715516,0.533333333,0,0,0.397959184,0.5,0.733333333,0,1,0.4,1,1,0.951219512
1,0.205479452,0.229741258,0.6,0,0.340909091,0.448979592,0.5,1,0.333333333,1,0,1,1,0.951219512
0,0.438356164,0.063140554,0.333333333,0,0,0.5,0.5,0,0.333333333,0.5,0,1,1,0.951219512
0,0.452054795,0.113762461,0.6,0,0,0.326530612,0.5,1,0.333333333,0.571428571,0,1,1,0.951219512
0,0.123287671,0.285242353,0.733333333,0,0,0.397959184,0.5,0.466666667,0.666666667,0.571428571,0.2,1,1,0.951219512
1,0.671232877,0.163354002,0.533333333,0,0.418962351,0.091836735,0.625,0.733333333,0.333333333,0.857142857,0,1,1,0.951219512
0,0.452054795,0.134653934,0.866666667,0,0,0.37755102,0.875,0.8,0.666666667,0.714285714,0.2,1,1,0.951219512
0,0.342465753,0.017308531,0.6,0,0,0.397959184,0.5,1,0.333333333,0.214285714,0,1,1,0.951219512
0,0.534246575,0.27955335,0.733333333,0,0,0.193877551,0,0.466666667,0.333333333,0,0,1,1,0.951219512
0,0.095890411,0.065467166,0.533333333,0,0,0.244897959,0.5,0.733333333,0.666666667,0.571428571,0.4,1,1,0.951219512
0,0.356164384,0.396668054,0.266666667,0,0,0.5,0.5,0.4,0.833333333,0.428571429,0.8,0.5,0,0.951219512
1,0.547945205,0.10949554,0.866666667,0,0.453856749,0.397959184,0.25,0.8,0.333333333,0.714285714,1,0.5,0,0.951219512
0,0.178082192,0.075073996,0.8,0,0,0.448979592,0.875,0.6,0.333333333,0.714285714,0,1,1,0.951219512
0,0.054794521,0.128601631,0.6,0,0,0.397959184,0.5,1,0.333333333,0.428571429,0,0.5,1,0.951219512
0,0.452054795,0.124143927,0.466666667,0,0,0.397959184,0.5,0.133333333,0,0.428571429,0.8,1,1,0.951219512
0,0.164383562,0.120748386,0.533333333,0,0,0.43877551,0.5,0.733333333,0,0.5,0.2,1,1,0.951219512
0,0.150684932,0.137941229,0.533333333,0,0,0.397959184,0.5,0.733333333,0.333333333,0.5,0,1,1,0.951219512
0,0.315068493,0.10713916,0.6,0,0,0.071428571,0,1,0.333333333,0,0,1,1,0.951219512
0,0.219178082,0.067720035,0.6,0,0,0.397959184,0.5,1,0.333333333,0.714285714,0,1,1,0.951219512
0,0.095890411,0.148867307,0.266666667,0,0,0.346938776,0.5,0.4,0,0.571428571,0.6,1,0,0.951219512
0,0.465753425,0.147356599,0.533333333,0,0,0.37755102,0.875,0.733333333,0,0.285714286,0.8,1,0,0.951219512
1,0.260273973,0.130789553,0.8,0,0,0.397959184,0.75,0.6,0,0.714285714,0.2,0.5,0,0.951219512
0,0.136986301,0.122217148,0.533333333,0,0,0.397959184,0.5,0.733333333,0,0.071428571,0.8,1,0,0.951219512
0,0.109589041,0.13531897,0.6,0,0,0.397959184,0.5,1,0.833333333,0.071428571,0.8,1,0,0.951219512
1,0.328767123,0.073237874,0.6,0.03103031,0,0.397959184,0.75,1,0.333333333,0.5,0,1,1,0.951219512
0,0.082191781,0.143717505,0.6,0,0,0.346938776,0.5,1,0.666666667,0.857142857,0.2,1,1,0.951219512
0,0.04109589,0.007931047,0.6,0,0,0.397959184,0.5,1,0.666666667,0.714285714,0.6,1,1,0.951219512
0,0.109589041,0.066088904,0.8,0,0,0.448979592,0.25,0.6,0.666666667,0.714285714,0.6,1,1,0.951219512
0,0.232876712,0.007775444,0.8,0,0,0.5,0.625,0.6,0,0.285714286,0.2,1,1,0.951219512
0,0.164383562,0.217839613,0.8,0,0,0.448979592,0.5,0.6,0.666666667,0.857142857,0.2,1,1,0.951219512
0,0.287671233,0.005427859,0.533333333,0,0,0.397959184,0.5,0.733333333,0.666666667,0.571428571,0.6,1,1,0.951219512
1,0.479452055,0.009160992,0.333333333,0,0.433195592,0.469387755,0.5,0,0.333333333,0.214285714,0,1,1,0.951219512
0,0.465753425,0.233854605,0.8,0,0,0.153061224,0.5,0.6,0,0.714285714,0.2,1,0,0.951219512
1,0.342465753,0.136808029,0.8,0,0,0.43877551,0.5,0.6,0.333333333,0.714285714,0,1,1,0.951219512
1,0.246575342,0.14417958,0.533333333,0.086140861,0,0.397959184,0.75,0.733333333,0.666666667,0.5,0.6,1,1,0.951219512
0,0.260273973,0.016713179,0.6,0,0,0.397959184,0.5,1,0.333333333,0.857142857,0,1,1,0.951219512
0,0.273972603,0.026081868,0.2,0,0,0.5,0.5,0.333333333,0,0.285714286,0.2,1,1,0.951219512
0,0.150684932,0.130759109,0.866666667,0,0,0.397959184,0,0.8,0.666666667,0,0.2,0.5,0,0.951219512
1,0.479452055,0.095060263,0.533333333,0,0,0.520408163,0.25,0.733333333,0.333333333,0.785714286,0,1,1,0.951219512
0,0.589041096,0.008697564,0.6,0,0,0.602040816,0.5,1,0.333333333,1,0,1,1,0.951219512
0,0.561643836,0.173200326,0.133333333,0,0,0.397959184,0.5,0.266666667,0.333333333,0.071428571,0,0.5,1,0.951219512
0,0.506849315,0.289099969,0.6,0,0,0.397959184,0.125,1,0,0.071428571,0.2,1,0,0.951219512
1,0.520547945,0.07416676,0.6,0,0,0.234693878,0.5,1,0.333333333,1,0,1,1,0.951219512
1,0.136986301,0.067971031,0.8,0,0.340909091,0.602040816,0.5,0.6,0.333333333,0.285714286,0,1,1,0.951219512
0,0.136986301,0.094104315,0.533333333,0,0,0.397959184,0.75,0.733333333,0.666666667,0.357142857,0.6,1,1,0.951219512
0,0.054794521,0.033483186,0.6,0,0,0.704081633,0.5,1,0.666666667,0.214285714,0.2,1,1,0.951219512
1,0.315068493,0.13996137,0.866666667,0.051780518,0,0.397959184,0.5,0.8,0.333333333,0.714285714,0,0.5,1,0.951219512
0,0.753424658,0.197077359,0.533333333,0,0,0.193877551,0,0.733333333,0.333333333,0,0,1,1,0.951219512
1,0.328767123,0.01008176,0.666666667,0,0.554407713,0.112244898,0,0.533333333,0.333333333,0,0,1,1,0.951219512
0,0.383561644,0.227701498,0.6,0,0,0.265306122,0.5,1,0.833333333,0.071428571,0.8,1,0,0.951219512
0,0.369863014,0.078525013,0.866666667,0,0,0.397959184,0.5,0.8,0,0.285714286,0.8,1,0,0.951219512
0,0.342465753,0.139378195,0.533333333,0,0,0.551020408,0.5,0.733333333,0.333333333,0.857142857,0,1,1,0.951219512
0,0.082191781,0.172642859,0.466666667,0,0,0.244897959,0.5,0.133333333,0.666666667,0.857142857,0.6,1,0,0.951219512
0,0.232876712,0.089241365,0.666666667,0,0,0.346938776,0,0.533333333,0.333333333,0,0,1,1,0.951219512
0,0.397260274,0.031013149,0.533333333,0,0,0.397959184,0.5,0.733333333,0.333333333,0.214285714,0,1,1,0.951219512
1,0.438356164,0.033556252,0.733333333,0,0,0.448979592,0.5,0.466666667,0.333333333,0.857142857,0,1,1,0.951219512
0,0.068493151,0.074410313,0.8,0,0,0.346938776,0.5,0.6,0.666666667,0.071428571,0.6,1,0,0.951219512
0,0.273972603,0.232692314,0.333333333,0,0.488751148,0.653061224,0.5,0,0.333333333,0.5,0,0.5,1,0.951219512
0,0.068493151,0.102103016,0.533333333,0,0,0.530612245,0.25,0.733333333,0.666666667,0.571428571,0.6,1,0,0.951219512
1,0.315068493,0.058132148,0.533333333,0,0,0.397959184,0.5,0.733333333,0.333333333,0.214285714,0,1,1,0.951219512
0,0.767123288,0.136804646,0.2,0,0,0.112244898,0.75,0.333333333,0.333333333,0.357142857,0,1,1,0.951219512
0,0.04109589,0.156094079,0.533333333,0,0,0.316326531,0.5,0.733333333,0.666666667,0.5,0.4,0.75,1,0.951219512
0,0.452054795,0.100321694,0.533333333,0.031370314,0,0.469387755,0.5,0.733333333,0.333333333,0.5,0,1,1,0.951219512
0,0.273972603,0.143873785,0.666666667,0,0,0.397959184,0.5,0.533333333,0.666666667,0.571428571,0.2,1,1,0.951219512
0,0.054794521,0.1018757,0.6,0,0,0.397959184,0.5,1,0.666666667,0.428571429,0.8,1,1,0.951219512
0,0.136986301,0.08337308,0.533333333,0,0,0.397959184,0.5,0.733333333,0.333333333,0.5,1,1,0,0.146341463
0,0.369863014,0.077406697,0.533333333,0,0,0.397959184,0.5,0.733333333,0,0.214285714,0.8,1,1,0.951219512
0,0.561643836,0.280071578,0.6,0,0,0.316326531,0.75,1,0.333333333,0.714285714,0,1,1,0.951219512
0,0.04109589,0.124518052,0.6,0,0,0.346938776,0.5,1,0.666666667,0.857142857,0.6,1,1,0.951219512
1,0.178082192,0.12935597,0.6,0,0,0.397959184,0.5,1,0.333333333,0.5,0,1,1,0.951219512
0,0.739726027,0.134916431,0.6,0,0,0.030612245,0.5,1,0.333333333,0.857142857,0,1,1,0.951219512
0,0.02739726,0.281153361,0.6,0,0,0.346938776,0.5,1,0.666666667,0.571428571,0.6,1,1,0.951219512
1,0.698630137,0.103328902,0.533333333,0,0,0.397959184,0.5,0.733333333,0.333333333,0.714285714,0,1,1,0.536585366
1,0.438356164,0.039187749,1,0.140841408,0,0.602040816,0.875,0.666666667,0,0.714285714,0.2,1,0,0.951219512
0,0.123287671,0.157865254,0.4,0,0,0.193877551,0.5,0.066666667,0.666666667,0.428571429,0.8,1,1,0.951219512
1,0.273972603,0.060398548,0.666666667,0,0,0.5,0.75,0.533333333,0.333333333,0.357142857,0,1,1,0.951219512
0,0.260273973,0.240124077,0.6,0,0,0.275510204,0.5,1,0.5,0.571428571,0.6,1,0,0.951219512
0,0.493150685,0.141658125,0.466666667,0,0,0.397959184,0.5,0.133333333,0.333333333,0.571428571,0,1,1,0.951219512
0,0.506849315,0.100837215,0.866666667,0,0,0.397959184,0.875,0.8,0.5,0.714285714,0.2,0.25,0,0.073170732
0,0.547945205,0.197346621,0.133333333,0,0,0.397959184,0.5,0.266666667,0.666666667,0.571428571,0.2,1,1,0.12195122
1,0.287671233,0.200894382,0.6,0,0,0.397959184,0.5,1,0.333333333,0.214285714,0,1,1,0.951219512
1,0.561643836,0.10668791,0.6,0,0,0.397959184,0,1,0.333333333,0,0,1,1,0.951219512
1,0.479452055,0.059684801,0.6,0.150241502,0,0.5,0.625,1,0.333333333,0.857142857,0,1,1,0.951219512
0,0.630136986,0.114702171,0.533333333,0,0,0.479591837,0.5,0.733333333,0.333333333,0.857142857,0,1,1,0
0,0.246575342,0.132189309,0.6,0,0,0.397959184,0.5,1,0.666666667,0.428571429,0.6,0.5,1,0.951219512
0,0.01369863,0.110851321,0.533333333,0,0,0.346938776,0.5,0.733333333,0.666666667,0.857142857,0.6,1,1,0.951219512
0,0.479452055,0.059667211,0.533333333,0,0,0.43877551,0.75,0.733333333,0,0.214285714,0.2,1,1,0.951219512
0,0.246575342,0.071219086,0.733333333,0,0,0.448979592,0.5,0.466666667,0.333333333,0.5,0,1,1,0.951219512
0,0.356164384,0.149897674,0.8,0,0,0.397959184,0.5,0.6,0,0.071428571,0.2,1,0,0.951219512
1,0.150684932,0.120276163,0.8,0,0.359044995,0.397959184,0.5,0.6,0.666666667,0.714285714,0.6,1,0,0.951219512
0,0.260273973,0.165727971,0.2,0,0,0.755102041,0.75,0.333333333,0.666666667,0.357142857,0.6,1,1,0.951219512
0,0.356164384,0.013643052,0.533333333,0,0,0.397959184,0.75,0.733333333,0.333333333,0.214285714,0,1,1,0.951219512
1,0.520547945,0.120404705,0.533333333,0,0,0.530612245,0.5,0.733333333,0.333333333,0.357142857,0,1,1,0.951219512
0,0.315068493,0.086782152,0.533333333,0,0,0.244897959,0.5,0.733333333,1,0.571428571,0.8,1,0,0.951219512
1,0.397260274,0.222903495,0.8,0.076880769,0,0.448979592,0.125,0.6,0.333333333,0.714285714,0,1,1,0.951219512
1,0.753424658,0.064780481,0.866666667,0,0,0.602040816,0.5,0.8,0,0.714285714,0.2,1,1,0.12195122
0,0.205479452,0.100336577,0.6,0,0,0.346938776,0.5,1,0.666666667,0.571428571,0.6,1,1,0.951219512
1,0.123287671,0.189215995,0.933333333,0,0.453856749,0.397959184,0.5,0.933333333,0.333333333,0.714285714,0,1,1,0.951219512
0,0.136986301,0.113648803,0.533333333,0,0,0.428571429,0.5,0.733333333,0.333333333,0.5,0,1,1,0.951219512
0,0.02739726,0.098989591,0.533333333,0,0,0.367346939,0.5,0.733333333,0.666666667,0.428571429,0.2,0.5,1,0.951219512
0,0.068493151,0.068509554,0.533333333,0,0,0.397959184,0.5,0.733333333,0.666666667,0.071428571,0.6,1,0,0.951219512
0,0.260273973,0.092934582,0.533333333,0,0,0.397959184,0.5,0.733333333,0,0.571428571,0.8,1,0,0.951219512
0,0.04109589,0.018790825,0.6,0,0,0.56122449,0,1,0.666666667,0,0.6,1,1,0.951219512
0,0.082191781,0.141198757,0.533333333,0,0.365013774,0.479591837,0.5,0.733333333,0.666666667,0.857142857,0.2,1,1,0.951219512
0,0.534246575,0.113190787,0.533333333,0,0,0.479591837,0.75,0.733333333,0.333333333,0.285714286,0,1,1,0.951219512
0,0.01369863,0.292627434,0.4,0,0,0.071428571,0.5,0.066666667,0.666666667,0.857142857,0.6,1,0,0.634146341
0,0.794520548,0.204262862,0.666666667,0,0,0.193877551,0.5,0.533333333,1,0.071428571,0.2,1,0,0.097560976
0,0.684931507,0.176104024,0.2,0.010860109,0,0.142857143,0.25,0.333333333,1,0.571428571,0.2,1,0,0.951219512
0,0.04109589,0.017397834,0.6,0,0,0.193877551,0.5,1,0.666666667,0.571428571,0.6,1,0,0.951219512
0,0.082191781,0.134289957,0.8,0,0,0.142857143,0.25,0.6,0.666666667,0.714285714,0.6,1,0,0.951219512
0,0.315068493,0.089907078,0.6,0,0,0.295918367,0.5,1,0,0.214285714,0.8,0.5,0,0.951219512
0,0.575342466,0.189877648,0.8,0,0,0.244897959,0.5,0.6,0.666666667,0.285714286,0.2,1,0,0.951219512
0,0.178082192,0.072576897,0.533333333,0.039420394,0,0.397959184,0.5,0.733333333,0.333333333,0.5,0,1,1,0.951219512
0,0.02739726,0.016052202,0.6,0,0,0.193877551,0.75,1,0.666666667,0.214285714,0.6,1,1,0.951219512
0,0.575342466,0.139690755,0.533333333,0,0,0.448979592,0,0.733333333,0,0,0.2,1,0,0.951219512
0,0.287671233,0.114629782,0.8,0,0,0.397959184,0.25,0.6,0.333333333,0.285714286,0,0.5,1,0.951219512
0,0.630136986,0.059409451,0.533333333,0,0,0.397959184,0.5,0.733333333,0.5,0.214285714,0.2,1,1,0.951219512
1,0.150684932,0.105701518,0.533333333,0,0,0.37755102,0,0.733333333,0.333333333,0,0.6,1,0,0.951219512
0,0.315068493,0.008441833,0.6,0.068490685,0,0.397959184,0.25,1,0,1,0.8,1,1,0.951219512
0,0.02739726,0.13982065,0.6,0,0,0.234693878,0,1,0.666666667,0,0.6,1,1,0.048780488
0,0.465753425,0.105793528,0.4,0,0,0.397959184,0.5,0.066666667,0.333333333,0.428571429,0,1,1,0.951219512
0,0.424657534,0.046592451,0.666666667,0,0,0.479591837,0.25,0.533333333,0.666666667,0.785714286,0.8,1,1,0.951219512
0,0.630136986,0.158685894,0.533333333,0,0,0.397959184,0.5,0.733333333,0.333333333,0.428571429,0,1,1,0.951219512
0,0.02739726,0.018091285,0.533333333,0,0,0.295918367,0.5,0.733333333,0.666666667,0.571428571,0.2,1,1,0.951219512
0,0.246575342,0.118682241,0.533333333,0,0,0.397959184,0.5,0.733333333,0,0.5,0.2,1,1,0.951219512
0,0.04109589,0.081906347,0.6,0,0,0.397959184,0.5,1,0.666666667,0.071428571,0.6,0.25,0,0.975609756
0,0.356164384,0.010118969,0.6,0,0,0.5,0.75,1,0.333333333,0.214285714,0,1,1,0.951219512
0,0.178082192,0.075863515,0.533333333,0.046500465,0,0.397959184,0.625,0.733333333,0,0.285714286,0.2,1,1,0.951219512
1,0.136986301,0.080524858,0.533333333,0,0,0.397959184,0.5,0.733333333,0.333333333,0.571428571,1,1,0,0.951219512
0,0.698630137,0.150579623,0.6,0,0,0.295918367,0.75,1,0.333333333,0.571428571,0,1,1,0.951219512
0,0.342465753,0.145306691,0.8,0,0,0.602040816,0.5,0.6,0.666666667,0.071428571,0.2,1,1,0.951219512
0,0.602739726,0.067323584,0.666666667,0,0,0.316326531,0.5,0.533333333,0,0.071428571,0.2,0.5,0,0.951219512
0,0.383561644,0.10457779,0.333333333,0,0,0.397959184,0.5,0,0.333333333,0.5,0,1,1,0.951219512
0,0.082191781,0.148077112,0.6,0,0,0.244897959,0.5,1,0.666666667,0.571428571,0.6,1,1,0.951219512
0,0.232876712,0.014653799,0.533333333,0.068490685,0,0.551020408,0.5,0.733333333,0,0.214285714,0.2,1,1,0.951219512
0,0.150684932,0.12920172,0.8,0,0,0.071428571,0,0.6,0.666666667,0,0.2,1,1,0.951219512
1,0.438356164,0.114387581,0.866666667,0,0,0.448979592,0.5,0.8,0.333333333,0.285714286,0,1,1,0.951219512
0,0.547945205,0.030299402,0.6,0.031370314,0,0.397959184,0.75,1,0.333333333,0.214285714,0,1,1,0.951219512
0,0.342465753,0.071696722,0.666666667,0,0,0.5,0.25,0.533333333,0,0.714285714,0.8,1,0,0.951219512
0,0.561643836,0.129716565,0.533333333,0,0,0.5,0.75,0.733333333,1,0.285714286,0.2,1,1,0.951219512
0,0.150684932,0.097431526,0.866666667,0,0,0.448979592,0.5,0.8,0.666666667,0.285714286,0.2,0.5,0,0.951219512
1,0.342465753,0.164657012,0.6,0,0,0.5,0.5,1,0.333333333,0.214285714,0,1,1,0.951219512
0,0.301369863,0.104765191,0.866666667,0,0,0.397959184,0.5,0.8,0.333333333,0.285714286,0,1,1,0.951219512
1,0.342465753,0.01025563,0.6,0,0,0.397959184,0.5,1,0.5,0.714285714,0.2,1,1,0.951219512
0,0.383561644,0.120556926,0.533333333,0,0,0.448979592,0.625,0.733333333,0.333333333,0.214285714,0,1,1,0.951219512
0,0.054794521,0.142794708,0.533333333,0.010550106,0,0.295918367,0.5,0.733333333,0.666666667,0.571428571,0.2,1,0,0.951219512
0,0.191780822,0.085018419,0.6,0,0,0.397959184,0.5,1,0.333333333,0.571428571,0,0.75,1,0.804878049
0,0.150684932,0.078322729,0.533333333,0,0,0.602040816,0.5,0.733333333,0.333333333,0.214285714,0,1,1,0.951219512
0,0.821917808,0.163287024,0.2,0,0,0.295918367,0.5,0.333333333,0.333333333,0.5,0,0.75,1,0.951219512
0,0.150684932,0.093186254,0.6,0,0,0.397959184,0.5,1,0.666666667,0.357142857,0.2,1,1,0.707317073
0,0.616438356,0.09529908,0.533333333,0,0,0.846938776,0.5,0.733333333,0,0.571428571,0.2,1,0,0.951219512
0,0.123287671,0.274441434,0.8,0,0,0.397959184,0.5,0.6,0.666666667,0.285714286,0.2,1,0,0.951219512
0,0.273972603,0.134631609,0.8,0,0,0.5,0.875,0.6,0,0.714285714,0.2,1,0,0.951219512
0,0.643835616,0.087869347,0.533333333,0,0,1,0.25,0.733333333,0.333333333,0.214285714,0,1,1,0.951219512
0,0.232876712,0.110884471,0.8,0,0.399678604,0.397959184,0.5,0.6,0.666666667,0.285714286,0.2,1,1,0.951219512
1,0.424657534,0.118582113,0.866666667,0,0,0.540816327,0.5,0.8,0.333333333,0.214285714,0,1,1,0.951219512
0,0.02739726,0.189636801,0.6,0,0,0.193877551,0.5,1,0.666666667,0.571428571,0.6,1,0,0.951219512
0,0.465753425,0.10626981,0.6,0,0,0.397959184,0.5,1,0,0.428571429,0.2,1,0,0.512195122
0,0.04109589,0.183643357,0.533333333,0,0,0.397959184,0.5,0.733333333,0.666666667,0.214285714,0.2,1,1,0.951219512
0,0.273972603,0.15769206,0.8,0,0,0.142857143,0.75,0.6,0,0.928571429,0.2,1,1,0.951219512
0,0.082191781,0.016769331,0.8,0,0,0.5,0.5,0.6,0.666666667,0.857142857,0.2,1,1,0.951219512
1,0.397260274,0.184728522,0.6,0,0,0.602040816,0.625,1,0.333333333,0.857142857,0,1,1,0.951219512
0,0.356164384,0.122857153,0.6,0,0,0.5,0.5,1,0.333333333,1,0,1,1,0.951219512
0,0.136986301,0.096810465,0.6,0,0,0.244897959,0.5,1,0.666666667,0.571428571,0.2,1,0,0.951219512
1,0.547945205,0.035717789,0.533333333,0,0,0.5,0.75,0.733333333,0.333333333,0.214285714,0,1,1,0.951219512
1,0.547945205,0.007232184,0.866666667,0,0,0.397959184,0.25,0.8,0.333333333,0.285714286,0,0.5,1,0.951219512
0,0.479452055,0.109712032,0.6,0,0,0.397959184,0.5,1,0.666666667,0.857142857,0.2,1,0,0.951219512
1,0.534246575,0.214711981,0.8,0.076880769,0,0.5,0.5,0.6,0.333333333,0.285714286,1,0.25,0,0.951219512
0,0.191780822,0.00826661,0.533333333,0,0,0.5,0.75,0.733333333,0.666666667,0.214285714,0.8,1,1,0.951219512
0,0.123287671,0.184057397,0.8,0,0,0.5,0.5,0.6,0.666666667,0.714285714,0.2,1,1,0.951219512
0,0.260273973,0.173420201,0.6,0,0,0.326530612,0.5,1,0.333333333,0.285714286,1,1,0,0.951219512
0,0.424657534,0.09983594,0.066666667,0,0,0.397959184,0.5,0.2,0.333333333,0.571428571,0,1,1,0.951219512
1,0.383561644,0.121487841,0.533333333,0,0,0.448979592,0.5,0.733333333,0.333333333,0.5,0,1,1,0.951219512
0,0.082191781,0.103263278,0.6,0,0,0.142857143,0.5,1,0.666666667,0.5,0.6,1,0,0.268292683
1,0.575342466,0.064293374,0.2,0.051780518,0,0.5,0.5,0.333333333,0.333333333,0.214285714,0,1,1,0.951219512
0,0.150684932,0.204560538,0.6,0,0,0.602040816,0.5,1,0.333333333,0.857142857,0,0,1,0.951219512
1,0.726027397,0.159052577,0.6,0,0,0.397959184,0.625,1,0.333333333,0.285714286,0,1,1,0.951219512
1,0.287671233,0.127549616,0.933333333,0,0,0.397959184,0.5,0.933333333,0.333333333,0.714285714,0,1,1,0.951219512
0,0.465753425,0.258711264,0.533333333,0,0,0.397959184,0.5,0.733333333,0,0.285714286,0.2,1,0,0.951219512
0,0.178082192,0.229900921,0.8,0,0,0.397959184,0.5,0.6,0.666666667,0.714285714,0.2,0.5,0,0.951219512
0,0.657534247,0.051571089,0.533333333,0,0,0.173469388,0.5,0.733333333,0.333333333,0.857142857,0,1,1,0.951219512
1,0.260273973,0.094942545,0.6,0,0,0.397959184,0.5,1,0.333333333,0.214285714,0,1,1,0.048780488
0,0.465753425,0.134259513,0.533333333,0,0,0.397959184,0.5,0.733333333,0.5,0.214285714,0.2,1,1,0.951219512
0,0.328767123,0.068000122,0.866666667,0,0,0.602040816,0.25,0.8,0,0.714285714,0.8,1,0,0.951219512
0,0.575342466,0.065090335,0.6,0.029070291,0,0.397959184,0.5,1,0,0.214285714,0.2,1,1,0.951219512
0,0.260273973,0.071054688,0.6,0,0,0.397959184,0.25,1,0.333333333,1,1,1,0,0.951219512
0,0.04109589,0.253482983,0.333333333,0,0,0.397959184,0,0,0.666666667,0,0.6,1,1,0.634146341
0,0.068493151,0.059469662,0.6,0,0,0.193877551,0.5,1,0.666666667,0.714285714,0.6,1,0,0.951219512
0,0.424657534,0.244284782,0.066666667,0.037810378,0,0.5,0.5,0.2,0.333333333,0.357142857,0,1,1,0.634146341
0,0.356164384,0.116097868,0.533333333,0,0,0.397959184,0.5,0.733333333,0,0.285714286,0.8,1,0,0.951219512
1,0.452054795,0.088989693,1,0.150241502,0,0.397959184,0.875,0.666666667,0.333333333,0.714285714,0,1,1,0.951219512
0,0.109589041,0.106107441,0.6,0,0,0.397959184,0.125,1,0.333333333,0.214285714,0,1,1,0.951219512
0,0.095890411,0.0211012,0.8,0,0,0.397959184,0.875,0.6,0.666666667,0.714285714,0.2,1,1,0.951219512
0,0.219178082,0.128383786,0.866666667,0,0,0.5,0.5,0.8,0.333333333,0.714285714,0,1,1,0.951219512
0,0.136986301,0.195530794,0.8,0,0,0.5,0.5,0.6,0.666666667,0.214285714,0.2,1,1,0.951219512
0,0.424657534,0.212272387,0.733333333,0,0,0.43877551,0.5,0.466666667,0,0.571428571,0.2,1,1,0.951219512
0,0.109589041,0.300598397,0.4,0,0,0.397959184,0.5,0.066666667,0.333333333,0.5,0,1,1,0.951219512
1,0.547945205,0.057879123,0.6,0,0,0.479591837,0.125,1,0,0.714285714,0.2,1,1,0.951219512
0,0.082191781,0.122957957,0.6,0,0,0.244897959,0,1,0.666666667,0,0.2,1,0,0.951219512
0,0.369863014,0.067387179,0.6,0,0,0.346938776,0.5,1,0.833333333,0.857142857,0.4,0.5,0,0.951219512
0,0.260273973,0.052684669,0.6,0,0,0.397959184,0.75,1,0.333333333,0.571428571,1,1,0,0.951219512
0,0.589041096,0.149063503,0.533333333,0,0,0.397959184,0.25,0.733333333,0.333333333,0.571428571,0,1,1,0.951219512
1,0.273972603,0.11925865,0.6,0.043860439,0,0.5,0.75,1,0.333333333,0.285714286,0,1,1,0.951219512
0,0.479452055,0.106394969,0.6,0,0,0.397959184,0.5,1,0,0.285714286,0.8,1,0,0.951219512
0,0.397260274,0.082508465,0.6,0,0,0.397959184,0.5,1,0,0.285714286,0.2,1,0,0.951219512
0,0.054794521,0.158256969,0.6,0,0,0.193877551,0.5,1,0.666666667,0.071428571,0.6,0.5,0,0.951219512
1,0.356164384,0.221585601,0.6,0.051780518,0,0.397959184,0.5,1,0.333333333,0.714285714,0,1,1,0.951219512
0,0.315068493,0.15092601,0.666666667,0,0,0.397959184,0.5,0.533333333,0,0.714285714,0.8,1,1,0.951219512
0,0.095890411,0.172592119,0.8,0,0,0.397959184,0.75,0.6,0.666666667,0.857142857,0.2,1,1,0.951219512
0,0.109589041,0.525882628,0.533333333,0,0,0.397959184,0.5,0.733333333,0.666666667,0.071428571,0.8,1,0,0.951219512
1,0.273972603,0.071848943,0.8,0.049340493,0,0.316326531,0.5,0.6,0.833333333,0.714285714,0.8,1,0,0.951219512
1,0.150684932,0.120586017,0.8,0,0,0.459183673,0.5,0.6,0.333333333,0.285714286,0,1,1,0.951219512
0,0.410958904,0.021602514,0.533333333,0,0,0.448979592,0.5,0.733333333,0,0.285714286,0.8,1,0,0.951219512
0,0.136986301,0.129768658,0.333333333,0,0,0.295918367,0.5,0,0.666666667,0.214285714,0.2,1,1,0.951219512
0,0.054794521,0.037181816,0.533333333,0,0,0.397959184,0.5,0.733333333,0.666666667,0.857142857,0.8,1,0,0.951219512
0,0.136986301,0.065844674,0.266666667,0,0,0.367346939,0.5,0.4,0.333333333,0.5,1,1,0,0.780487805
0,0.054794521,0.035815887,0.6,0,0,0.295918367,0.5,1,0.666666667,0.071428571,0.2,1,0,0.951219512
0,0.054794521,0.125000423,0.6,0,0,0.346938776,0.5,1,0.666666667,0.571428571,0.6,1,0,0.951219512
0,0.123287671,0.300607869,0.533333333,0,0,0.397959184,0.5,0.733333333,0.666666667,0.571428571,0.2,1,1,0.634146341
0,0.369863014,0.163734216,0.6,0,0,0.448979592,0.75,1,0,0.571428571,0.2,1,1,0.951219512
0,0.054794521,0.134446914,0.266666667,0,0,0.5,0.5,0.4,0.666666667,0.571428571,0.6,1,0,0.634146341
1,0.246575342,0.088472818,0.533333333,0,0,0.602040816,0.5,0.733333333,0.333333333,0.5,0,1,1,0.951219512
0,0.178082192,0.117622783,0.8,0,0,0.397959184,0.5,0.6,0,0.857142857,0.2,1,0,0.951219512
0,0.643835616,0.125768969,0.866666667,0,0,0.295918367,0.75,0.8,0.666666667,0.714285714,0.2,1,0,0
0,0.643835616,0.248138338,0.6,0,0,0.112244898,0.5,1,1,0.071428571,0.8,1,0,0.951219512
0,0.246575342,0.232705168,0.933333333,0,0,0.346938776,0.5,0.933333333,0.333333333,0.857142857,0,0.25,1,0.073170732
0,0.273972603,0.111000836,0.6,0,0,0.397959184,0.5,1,0,0.5,0.2,1,1,0.951219512
0,0.01369863,0.107068124,0.4,0,0,0.193877551,0.5,0.066666667,0.666666667,0.428571429,0.6,1,1,0.951219512
0,0.315068493,0.063358399,0.533333333,0,0,0.37755102,0.5,0.733333333,0.5,0.071428571,0.6,1,0,0.951219512
0,0.397260274,0.131935607,0.533333333,0,0,0.367346939,0.5,0.733333333,0.666666667,0.071428571,0.2,1,0,0.951219512
0,0.301369863,0.120170623,0.4,0,0,0.397959184,0.25,0.066666667,0,0.071428571,0.8,1,0,0.951219512
1,0.328767123,0.09390609,0.6,0,0.554407713,0.551020408,0.625,1,0.333333333,0.285714286,0,1,1,0.951219512
0,0.164383562,0.085275503,0.6,0,0,0.051020408,0.5,1,0.333333333,0.071428571,0.6,1,0,0.951219512
1,0.301369863,0.141243408,0.866666667,0.076880769,0,0.37755102,0.875,0.8,0.333333333,0.714285714,0.4,0.75,0,0.951219512
0,0.123287671,0.014962976,0.8,0,0,0.448979592,0.5,0.6,0.666666667,0.071428571,0.2,1,1,0.951219512
0,0.109589041,0.076363476,0.733333333,0,0,0.397959184,0.5,0.466666667,0.333333333,0.428571429,0,0.5,1,0.56097561
0,0.356164384,0.107026179,0.533333333,0,0,0.43877551,0.5,0.733333333,0.833333333,0.5,0.2,1,0,0.951219512
0,0.02739726,0.016778126,0.6,0,0,0.295918367,0,1,0.666666667,0,0.6,1,0,0.951219512
0,0.150684932,0.107421953,0.533333333,0,0,0.397959184,0.5,0.733333333,0.666666667,0.428571429,0.6,1,0,0.951219512
0,0.109589041,0.065507082,0.533333333,0,0,0.479591837,0.5,0.733333333,0.333333333,0.5,0,1,1,0.951219512
0,0.095890411,0.25022478,0.6,0,0,0.397959184,0.5,1,0.666666667,0.714285714,0.2,0.5,1,0.951219512
0,0.780821918,0.137821482,0.2,0,0,0.193877551,1,0.333333333,0.333333333,0.357142857,0,1,1,0.951219512
1,0.356164384,0.104849758,0.8,0,0,0.846938776,0.5,0.6,0.333333333,0.214285714,0,1,1,0.951219512
0,0.383561644,0.075363554,0.8,0,0,0.295918367,0.75,0.6,0.333333333,0.714285714,0,1,1,0.951219512
1,0.383561644,0.113627154,0.933333333,0.076880769,0,0.397959184,0.625,0.933333333,0.333333333,0.285714286,0,0.25,1,0
0,0.287671233,0.062108835,0.666666667,0,0,0.397959184,0.5,0.533333333,0.666666667,0.214285714,0.6,1,1,0.951219512
0,0.095890411,0.150173701,0.533333333,0,0,0.397959184,0.5,0.733333333,0.666666667,0.071428571,0.4,1,0,0.951219512
1,0.369863014,0.076047534,0.533333333,0,0.436639118,0.397959184,0.75,0.733333333,0.333333333,0.714285714,0,1,1,0.951219512
0,0.438356164,0.087407272,0.333333333,0,0,0.397959184,0,0,0.333333333,0,1,1,0,0.951219512
0,0.493150685,0.11767623,0.666666667,0,0,0.346938776,0.5,0.533333333,0.666666667,0.285714286,0.2,1,1,0.951219512
0,0.260273973,0.110603032,0.933333333,0,0,0.602040816,0.75,0.933333333,0.333333333,0.214285714,0,1,1,0.951219512
0,0.479452055,0.051928301,0.533333333,0,0,0.397959184,0.5,0.733333333,0.333333333,0.214285714,0,1,1,0.951219512
0,0.054794521,0.081027525,0.6,0,0,0.346938776,0,1,0.666666667,0,0.6,1,0,0.951219512
0,0.109589041,0.204992169,0.6,0,0,0.397959184,0.25,1,0.666666667,0.785714286,0.4,0.5,1,0.926829268
0,0.02739726,0.075388586,0.6,0,0,0.193877551,0.5,1,0.666666667,0.857142857,0.6,1,0,0.951219512
0,0.082191781,0.111630015,0.6,0,0,0.397959184,0.5,1,0.666666667,0.285714286,0.4,1,0,0.951219512
1,0.520547945,0.116043068,0.866666667,0,0,0.551020408,0.75,0.8,0.333333333,0.714285714,0,1,1,0.951219512
0,0.465753425,0.015510295,0.866666667,0,0,0.397959184,0.25,0.8,0.333333333,0.714285714,0,0,1,0.951219512
1,0.438356164,0.122508059,0.866666667,0,0,0.653061224,0.5,0.8,0.333333333,0.285714286,0,1,1,0.951219512
0,0.02739726,0.038996966,0.533333333,0,0,0.153061224,0.5,0.733333333,0.333333333,0.571428571,1,0.5,0,0.951219512
0,0.232876712,0.164767288,0.733333333,0.074430744,0,0.397959184,0.5,0.466666667,0,0.214285714,0.8,0.5,0,0.951219512
1,0.178082192,0.009284799,0.533333333,0,0,0.346938776,0.5,0.733333333,0.333333333,0.714285714,0,1,1,0.951219512
0,0.589041096,0.112629261,0.533333333,0,0,0.244897959,0.5,0.733333333,0.333333333,0.714285714,0,1,1,0.951219512
0,0.712328767,0.012628246,0.666666667,0,0,0.193877551,0.75,0.533333333,0.333333333,0.285714286,0,1,1,0.951219512
0,0.109589041,0.128171353,0.6,0,0,0.397959184,0.5,1,0,0.071428571,0.8,1,0,0.951219512
1,0.082191781,0.138422247,0.533333333,0,0.453856749,0.397959184,0.625,0.733333333,0.333333333,0.857142857,0,1,1,0.951219512
0,0.424657534,0.137965585,0.4,0,0,0.397959184,0.5,0.066666667,0.333333333,0.5,0,1,1,0.951219512
0,0.246575342,0.061014197,0.533333333,0,0,0.806122449,0.75,0.733333333,0,0.357142857,0.2,1,1,0.804878049
0,0.109589041,0.111111111,0.533333333,0,0,0.397959184,0.5,0.733333333,0.666666667,0.214285714,0.4,1,1,0.951219512
0,0.465753425,0.092641642,0.6,0,0,0.755102041,0.75,1,0.333333333,0.357142857,0,1,1,0.951219512
0,0.452054795,0.165637992,0.266666667,0,0,0.5,0,0.4,0.333333333,0,0,1,1,0.951219512
0,0.095890411,0.244522923,0.6,0,0,0.193877551,0.5,1,0.666666667,0.357142857,0.2,1,1,0.951219512
1,0.506849315,0.276890499,0.6,0,0,0.397959184,0.5,1,0.333333333,0.714285714,0,1,1,0.951219512
0,0.095890411,0.136843209,0.6,0,0,0.397959184,0.5,1,0.333333333,0.428571429,0,1,1,0.951219512
0,0.315068493,0.256718185,0.533333333,0,0,0.397959184,0.125,0.733333333,0.666666667,0.071428571,0.8,0.5,0,0.951219512
1,0.506849315,0.151457769,0.533333333,0,0.433195592,0.397959184,0.5,0.733333333,0.333333333,0.714285714,0,1,1,0.951219512
0,0.287671233,0.06558759,0.533333333,0,0,0.397959184,0.5,0.733333333,0.333333333,0.214285714,0,1,1,0.951219512
0,0.068493151,0.247233808,0.8,0,0,0.224489796,0,0.6,0.666666667,0,0.2,1,0,0.951219512
0,0.534246575,0.078756389,0.4,0,0,0.397959184,0.5,0.066666667,0.333333333,0.928571429,1,0.5,0,0.951219512
1,0.465753425,0.065049066,0.866666667,0,0,0.469387755,0.5,0.8,0.333333333,0.714285714,0,1,1,0.951219512
0,0.328767123,0.2243797,0.4,0,0,0.397959184,0.5,0.066666667,1,0.571428571,0.8,1,0,0.951219512
0,0.260273973,0.109273636,0.4,0,0,0.397959184,0.5,0.066666667,0,0.571428571,0.2,1,0,0.951219512
0,0.04109589,0.222032792,0.6,0,0,0.091836735,0.875,1,0.666666667,0.071428571,0.6,1,0,0.951219512
0,0.561643836,0.125400933,0.6,0,0,0.387755102,0.5,1,0.666666667,0.071428571,0.2,1,0,0.951219512
1,0.493150685,0.160381296,0.666666667,0,0,0.397959184,0.5,0.533333333,0,0.214285714,0.2,1,1,0.12195122
0,0.136986301,0.066546243,0.8,0,0,0.397959184,0.5,0.6,0.666666667,0.928571429,0.6,1,1,0.951219512
0,0.506849315,0.09172358,0.666666667,0.050130501,0,0.397959184,0.5,0.533333333,0.333333333,0.214285714,0,0.25,1,0.975609756
0,0.821917808,0.116023449,0.533333333,0,0,0.040816327,0.5,0.733333333,1,0.214285714,0.8,1,0,0.951219512
1,0.232876712,0.113657598,0.6,0,0,0.397959184,0.5,1,0.333333333,0.357142857,0,1,1,0.951219512
0,0.383561644,0.094270067,0.6,0,0,0.448979592,0.5,1,0,0.071428571,0.8,1,0,0.951219512
0,0.657534247,0.265416426,0.533333333,0.024140241,0,0.295918367,0,0.733333333,0.333333333,0,0,1,1,0.951219512
1,0.452054795,0.005340586,0.866666667,0,0,0.397959184,0.125,0.8,0.333333333,0.928571429,0,1,1,0.951219512
0,0,0.258363524,0.333333333,0,0,0.193877551,0.5,0,0.666666667,0.428571429,0.6,1,1,0.951219512
0,0.178082192,0.162729558,0.6,0,0,0.397959184,0.875,1,0.666666667,0.714285714,0.2,1,0,0.951219512
0,0.109589041,0.111585364,0.533333333,0,0,0.755102041,0.5,0.733333333,0.333333333,0.285714286,0,1,1,0.951219512
0,0.191780822,0.11066189,0.533333333,0,0,0.602040816,0.75,0.733333333,0.333333333,0.214285714,0,1,1,0.951219512
0,0.684931507,0.070205634,0.533333333,0.032730327,0,0.153061224,0.75,0.733333333,0,0.285714286,0.2,1,0,0.951219512
0,0.01369863,0.069374169,0.466666667,0,0,0.030612245,0.5,0.133333333,0.666666667,0.5,0.6,1,1,0.951219512
1,0.410958904,0.128145645,0.733333333,0.051780518,0,0.5,0.5,0.466666667,0.333333333,0.857142857,0,1,1,0.951219512
1,0.410958904,0.116875886,0.6,0.07298073,0,0.397959184,0.5,1,0.333333333,0.214285714,0,1,1,0.951219512
0,0.232876712,0.145892573,0.6,0,0,0.37755102,0.875,1,0,0.071428571,0.2,1,0,0.951219512
0,0.095890411,0.176995701,0.733333333,0,0,0.5,0.875,0.466666667,0.333333333,0.785714286,0,1,1,0.951219512
0,0.178082192,0.159015368,0.666666667,0,0,0.397959184,0.75,0.533333333,0.833333333,0.857142857,0.2,1,1,0.634146341
0,0.287671233,0.219769774,0.066666667,0,0,0.397959184,0.5,0.2,0.5,0.214285714,0.2,1,1,0.634146341
0,0.410958904,0.107922591,0.533333333,0,0,0.448979592,0.5,0.733333333,0,0.857142857,0.8,1,0,0.951219512
0,0.01369863,0.212672898,0.533333333,0,0,0.193877551,0,0.733333333,0.666666667,0,0.6,1,0,0.951219512
0,0.410958904,0.214005676,0.533333333,0,0,0.397959184,0.25,0.733333333,0.333333333,0.214285714,0,1,1,0.951219512
0,0.150684932,0.087555434,0.533333333,0,0,0.602040816,0.75,0.733333333,0.666666667,0.857142857,0.2,1,1,0.951219512
0,0.643835616,0.185673645,0.533333333,0,0,0.163265306,0.5,0.733333333,1,0.857142857,0.2,1,0,0.951219512
1,0.438356164,0.109694442,0.6,0,0.453856749,0.5,0.5,1,0.333333333,0.857142857,0,1,1,0.951219512
0,0.150684932,0.125161439,0.4,0,0,0.295918367,0,0.066666667,0.666666667,0,0.8,0.5,0,0.951219512
0,0.260273973,0.091913011,0.533333333,0,0,0.397959184,0.5,0.733333333,0.666666667,0.5,0.4,0.5,0,0.951219512
1,0.369863014,0.195007154,0.4,0,0,0.397959184,0.5,0.066666667,0.333333333,0.071428571,0,1,1,0.951219512
0,0.767123288,0.041347933,0.6,0,0,0.091836735,0,1,0.333333333,0,0,1,1,0.951219512
0,0.342465753,0.123417325,0.6,0,0,0.397959184,0.5,1,0.666666667,0.285714286,0.2,1,0,0.951219512
0,0.054794521,0.120885723,0.533333333,0,0,0.244897959,0.75,0.733333333,0.666666667,0.357142857,0.6,1,1,0.951219512
0,0.123287671,0.090695244,0.6,0,0,0.397959184,0.5,1,0.333333333,0.857142857,1,0.5,0,0.951219512
1,0.342465753,0.179262777,1,0,0.453856749,0.602040816,0.625,0.666666667,0.333333333,0.714285714,0,1,1,0.951219512
0,0.273972603,0.093100334,0.4,0,0,0.397959184,0.5,0.066666667,0.333333333,0.214285714,0,1,1,0.951219512
0,0.410958904,0.083872364,0.6,0,0,0.295918367,0.75,1,0,0.571428571,0.2,1,1,0.951219512
0,0.438356164,0.067975766,0.533333333,0,0,0.397959184,0.5,0.733333333,0,0.428571429,0.2,1,0,0.951219512
1,0.273972603,0.175549264,0.866666667,0,0,0.448979592,0.5,0.8,0.833333333,0.285714286,0.2,1,1,0.951219512
0,0.643835616,0.033560988,0.533333333,0,0,0.142857143,0.5,0.733333333,1,0.642857143,0.2,1,0,0.951219512
0,0.246575342,0.236519486,0.6,0,0,0.397959184,0.5,1,0,0.5,0.8,1,1,0.951219512
0,0.424657534,0.059895881,0.8,0.074430744,0,0.448979592,0.25,0.6,0.833333333,0.714285714,0.8,1,0,0.951219512
0,0.301369863,0.113114338,0.533333333,0.046500465,0,0.43877551,0.5,0.733333333,0.666666667,0.928571429,0.2,1,1,0.951219512
1,0.561643836,0.296498581,0.8,0,0,0.397959184,0.75,0.6,0.333333333,0.285714286,0,1,1,0.951219512
0,0.164383562,0.123072291,0.6,0,0,0.448979592,0.5,1,0.666666667,0.5,0.6,1,1,0.951219512
1,0.602739726,0.166759691,0.533333333,0.043860439,0,0.397959184,0.5,0.733333333,0.333333333,0.785714286,0,1,1,0.951219512
0,0.273972603,0.024910105,0.533333333,0,0,0.244897959,0.875,0.733333333,0,0.071428571,0.8,1,0,0.951219512
0,0.287671233,0.023964306,0.533333333,0,0,0.397959184,0.125,0.733333333,0.666666667,0.071428571,0.6,0.5,0,0.951219512
1,0.712328767,0.125020719,0.466666667,0.093860939,0,0.602040816,0.5,0.133333333,0.333333333,1,0,1,1,0.951219512
0,0.068493151,0.198623923,0.533333333,0,0,0.602040816,0.5,0.733333333,0.333333333,0.214285714,0,1,1,0.951219512
0,0.273972603,0.110023239,0.533333333,0,0,0.397959184,0.5,0.733333333,0.833333333,0.214285714,0.6,1,1,0.951219512
0,0.01369863,0.080079696,0.6,0,0,0.244897959,0.5,1,0.666666667,0.071428571,0.6,1,0,0.951219512
1,0.356164384,0.136808029,0.533333333,0,0.433195592,0.448979592,0.625,0.733333333,0.333333333,0.285714286,0,1,1,0.951219512
1,0.369863014,0.014366947,0.6,0,0,0.397959184,0.5,1,0.333333333,0.285714286,0,1,1,0.951219512
1,0.315068493,0.141887472,0.866666667,0,0,0.448979592,0.5,0.8,0.666666667,0.714285714,0.2,1,0,0.951219512
0,0.178082192,0.117808831,0.8,0,0,0.346938776,0.5,0.6,0.666666667,0.928571429,0.2,1,0,0.951219512
1,0.369863014,0.107325208,0.6,0.07298073,0,0.397959184,0.5,1,0.333333333,0.214285714,0,1,1,0.951219512
0,0.657534247,0.148377494,0.533333333,0,0,0.448979592,0,0.733333333,0.333333333,0,0,1,1,0.268292683
0,0.397260274,0.118594291,0.533333333,0,0,0.397959184,0.5,0.733333333,0,0.214285714,0.4,1,1,0.951219512
1,0.356164384,0.286162443,1,0.140841408,0,0.602040816,0.5,0.666666667,0.833333333,0.285714286,0.2,1,0,0.951219512
0,0.232876712,0.022210045,0.8,0,0,0.397959184,0.5,0.6,0.666666667,0.857142857,0.6,0.5,0,0.951219512
0,0.191780822,0.097542478,0.333333333,0,0,0.397959184,0.5,0,0,0.571428571,0.2,1,1,0.951219512
0,0.095890411,0.287786133,0.533333333,0.028850289,0,0.5,0.5,0.733333333,0.333333333,0.214285714,0,1,1,0.951219512
0,0.520547945,0.171660527,0.266666667,0,0,0.030612245,0.5,0.4,0.333333333,0.428571429,0,0.5,1,0.951219512
0,0.616438356,0.094622543,0.266666667,0,0,0.397959184,0.5,0.4,0.333333333,0.571428571,0,1,1,0.951219512
1,0.506849315,0.099406338,0.933333333,1,0,0.397959184,0.625,0.933333333,0.333333333,0.714285714,0,1,1,0.951219512
0,0.150684932,0.056649855,0.8,0,0,0.397959184,0.5,0.6,0.666666667,0.285714286,0.2,1,0,0.951219512
0,0.301369863,0.135682948,0.8,0,0,0.397959184,0.5,0.6,0,0.714285714,0.8,0.5,0,0.951219512
1,0.397260274,0.147114399,0.8,0,0,0.5,0.5,0.6,0.333333333,0.857142857,0,1,1,0.463414634
0,0.726027397,0.009948482,0.533333333,0,0,0.602040816,0,0.733333333,0.333333333,0,0,1,1,0.951219512
0,0.109589041,0.186656654,0.266666667,0,0,0.397959184,0.5,0.4,0.333333333,0.5,0,1,1,0.634146341
0,0.095890411,0.059795077,0.6,0,0,0.295918367,0.5,1,0.666666667,0.428571429,0.6,0.25,1,0.951219512
0,0.369863014,0.170207325,0.533333333,0,0,0.397959184,0.5,0.733333333,0.333333333,0.214285714,0,1,1,0.951219512
0,0.260273973,0.118261434,0.8,0,0,0.397959184,0.125,0.6,0.666666667,0.285714286,0.2,1,0,0.951219512
0,0.191780822,0.120249101,0.6,0,0,0.397959184,0.875,1,0.666666667,0.571428571,0.6,0.5,0,0.951219512
0,0.123287671,0.094553536,0.4,0,0,0.346938776,0,0.066666667,0.666666667,0,0.2,1,0,0.268292683
1,0.205479452,0.145057049,0.8,0,0,0.551020408,0.5,0.6,0.666666667,0.285714286,0.2,1,1,0.951219512
0,0.534246575,0.060767261,0.533333333,0,0,0.397959184,0.5,0.733333333,0.333333333,0.428571429,0,1,1,0.951219512
0,0.109589041,0.122792881,0.6,0,0,0.602040816,0.5,1,0.666666667,0.714285714,0.8,1,0,0.951219512
0,0.109589041,0.133084368,0.6,0,0,0.397959184,0.5,1,0.833333333,0.071428571,0.6,1,1,0.951219512
0,0.452054795,0.07883622,0.533333333,0,0,0.244897959,0.5,0.733333333,0,0.571428571,0.8,1,0,0.951219512
0,0.150684932,0.106070231,0.533333333,0,0,0.397959184,0.25,0.733333333,0.666666667,0.785714286,0.2,1,1,0.951219512
0,0.04109589,0.075019873,0.6,0,0,0.142857143,0.5,1,0.666666667,0.857142857,0.6,0.5,0,0.951219512
0,0.534246575,0.235763117,0.066666667,0,0,0.397959184,0.5,0.2,0.333333333,0.5,0,0.5,1,0.146341463
1,0.287671233,0.124077626,0.6,0,0,0.397959184,0.5,1,0.333333333,0.214285714,0,1,1,0.951219512
0,0.369863014,0.067124006,0.533333333,0,0,0.397959184,0.5,0.733333333,0.333333333,0.857142857,1,1,0,0.951219512
0,0.054794521,0.030452976,0.6,0,0,0.346938776,0.5,1,0.666666667,0.857142857,0.6,1,0,0.951219512
0,0.136986301,0.061726591,0.533333333,0,0,0.346938776,0.5,0.733333333,0.666666667,0.428571429,0.8,1,1,0.951219512
0,0.342465753,0.125514591,0.6,0,0,0.397959184,0.5,1,0,0.714285714,0.8,1,0,0.951219512
0,0.356164384,0.158903062,0.733333333,0,0,0.397959184,0.5,0.466666667,0.666666667,0.857142857,0.6,1,1,0.951219512
0,0.438356164,0.103136765,0.533333333,0,0,0.397959184,0.5,0.733333333,0,0.785714286,0.2,1,1,0.951219512
0,0.109589041,0.230375174,0.533333333,0,0,0.397959184,0.5,0.733333333,0,0.571428571,0.2,1,0,0.634146341
0,0.260273973,0.140401119,0.266666667,0,0,0.346938776,0.5,0.4,0.333333333,0.214285714,0,1,1,0.317073171
1,0.301369863,0.061868664,0.8,0,0,0.428571429,0.5,0.6,0.333333333,0.714285714,0,1,1,0.951219512
0,0.739726027,0.089422,0.8,0.034560346,0,0.153061224,0,0.6,0.333333333,0,0,1,1,0.951219512
0,0.082191781,0.253060148,0.533333333,0,0,0.397959184,0.5,0.733333333,0.333333333,0.428571429,0,0.5,1,0
0,0.356164384,0.125866391,0.866666667,0,0,0.367346939,0.5,0.8,1,0.714285714,0.8,0.5,0,0.951219512
1,0.465753425,0.078461419,0.8,0,0,0.397959184,0.875,0.6,0.333333333,0.714285714,0,0.5,1,0.951219512
0,0.246575342,0.103857954,0.8,0,0,0.5,0.625,0.6,0.333333333,0.857142857,0,1,1,0.951219512
0,0.02739726,0.233252487,0.533333333,0,0,0.346938776,0.5,0.733333333,0.666666667,0.071428571,0.6,1,0,0.951219512
0,0.520547945,0.154726121,0.266666667,0,0,0.397959184,0.5,0.4,0.333333333,0.5,0.4,0.25,1,0.731707317
0,0.287671233,0.140460654,0.533333333,0,0,0.295918367,0.5,0.733333333,0.833333333,1,0.8,0.5,0,0.951219512
0,0.205479452,0.226868681,0.666666667,0.034110341,0,0.397959184,0.875,0.533333333,0.333333333,0.928571429,0,1,1,0.951219512
0,0.328767123,0.162441353,0.133333333,0,0,0.969387755,0.75,0.266666667,0.333333333,0.214285714,0,1,1,0.634146341
1,0.589041096,0.02802353,0.533333333,0,0,0.397959184,0.5,0.733333333,0.333333333,0.714285714,0,1,1,0.951219512
1,0.328767123,0.134609283,0.866666667,0,0,0.397959184,0.5,0.8,0.333333333,0.285714286,1,1,0,0.951219512
0,0.301369863,0.069272689,0.533333333,0.054550546,0,0.397959184,0.5,0.733333333,0,0.571428571,0.8,0.5,0,0.951219512
0,0.109589041,0.234610974,0.6,0,0,0.193877551,0.5,1,0.666666667,0.857142857,0.6,1,1,0.951219512
0,0.369863014,0.113239498,0.6,0,0,0.346938776,0.5,1,0,1,0.8,1,1,0.219512195
0,0,0.061947819,0.4,0.010550106,0,0.193877551,0.5,0.066666667,0.666666667,0.071428571,0.6,1,0,0.951219512
1,0.136986301,0.068966217,0.6,0,0,0.602040816,0.75,1,0.666666667,0.285714286,0.2,1,1,0.951219512
0,0.397260274,0.172722014,0.8,0,0,0.704081633,0.25,0.6,0.333333333,0.714285714,1,1,0,0.951219512
0,0.095890411,0.065981334,0.533333333,0.031370314,0,0.397959184,0.5,0.733333333,0.333333333,0.071428571,0,1,1,0.951219512
1,0.246575342,0.053821252,0.8,0.076880769,0,0.193877551,0.5,0.6,0.333333333,0.571428571,0,0,1,0.951219512
0,0.01369863,0.103677319,0.466666667,0,0,0.244897959,0,0.133333333,0.666666667,0,0.6,1,1,0.951219512
1,0.328767123,0.082432693,0.8,0,0,0.5,0.5,0.6,0.333333333,0.857142857,0,1,1,0.951219512
1,0.520547945,0.151703352,0.666666667,0,0,0.397959184,0.5,0.533333333,0.333333333,0.214285714,0,1,1,0.951219512
0,0.082191781,0.080470735,0.533333333,0,0,0.193877551,0.5,0.733333333,0.666666667,0.571428571,0.6,1,1,0.951219512
1,0.465753425,0.065049066,0.866666667,0,0,0.806122449,0.25,0.8,0.333333333,0.714285714,0,1,1,0.951219512
0,0.712328767,0.103868102,0.6,0,0,0.346938776,0.75,1,0.333333333,0.285714286,0,1,1,0.951219512
0,0.260273973,0.083553039,0.266666667,0,0,0.244897959,0.25,0.4,0.333333333,0.214285714,0,1,1,0.951219512
1,0.561643836,0.241193682,0.866666667,0,0,0.346938776,0.25,0.8,1,0.714285714,0.8,1,1,0.951219512
0,0.616438356,0.109136299,0.8,0,0,0.397959184,0.5,0.6,0.333333333,0.5,0,1,1,0.951219512
0,0.04109589,0.04793673,0.6,0,0,0.173469388,0.625,1,0.666666667,0.214285714,0.6,1,1,0.951219512
0,0.02739726,0.184266447,0.6,0,0,0.142857143,0.5,1,0.666666667,0.071428571,0.6,1,0,0.951219512
1,0.342465753,0.126416416,0.933333333,0.074300743,0,0.43877551,0.75,0.933333333,0,0.714285714,0.8,1,0,0.951219512
0,0.191780822,0.086035254,0.8,0,0,0.397959184,0.125,0.6,0.666666667,0.285714286,0.6,1,0,0.12195122
0,0.191780822,0.17110712,0.533333333,0,0,0.397959184,0.5,0.733333333,0.666666667,0.071428571,0.2,1,0,0.268292683
0,0.369863014,0.010118969,0.6,0,0,0.602040816,0.75,1,0.666666667,0.357142857,0.6,1,1,0.951219512
0,0,0.08440277,0.333333333,0,0,0.193877551,0.5,0,0.666666667,0.714285714,0.6,1,1,0.951219512
1,0.438356164,0.028744042,0.533333333,0.03103031,0,0.448979592,0.5,0.733333333,0.333333333,0.214285714,0,1,1,0.951219512
0,0.219178082,0.119150404,0.533333333,0,0,0.43877551,0.5,0.733333333,0.666666667,0.5,0.2,1,1,0.951219512
1,0.589041096,0.182516922,0.8,0,0.453856749,0.448979592,0.75,0.6,0.333333333,0.285714286,0,1,1,0.951219512
0,0.315068493,0.122857153,0.666666667,0,0,0.397959184,0.5,0.533333333,0.666666667,0.5,0.6,1,1,0.951219512
0,0.191780822,0.201397726,0.6,0,0,0.397959184,0.5,1,0.833333333,0.928571429,0.8,0.5,0,0.951219512
1,0.356164384,0.072097232,0.6,0.043860439,0,1,0.25,1,0.333333333,0.928571429,0,1,1,0.951219512
0,0.04109589,0.148632549,0.6,0,0,0.316326531,0.5,1,0.666666667,1,0.2,1,1,0.951219512
0,0.383561644,0.135885909,0.333333333,0.028290283,0,0.397959184,0.5,0,0.333333333,0.214285714,0,1,1,0.951219512
0,0.109589041,0.066201209,0.533333333,0,0,0.397959184,0.5,0.733333333,0.666666667,0.571428571,0.2,1,1,0.951219512
0,0.315068493,0.125378607,0.6,0,0.307621671,0.397959184,0.5,1,0.666666667,0.285714286,0.2,1,0,0.951219512
1,0.493150685,0.122747553,0.6,0,0.453856749,0.397959184,0.5,1,0.333333333,0.285714286,0,1,1,0.951219512
0,0.219178082,0.099858942,0.533333333,0,0,0.397959184,0.5,0.733333333,0.333333333,1,0,1,1,0.951219512
0,0.630136986,0.061019609,0.8,0,0,0.397959184,0.5,0.6,0,0.285714286,0.2,1,0,0.951219512
0,0.068493151,0.178747256,0.533333333,0,0,0.397959184,0.5,0.733333333,0.666666667,0.428571429,0.2,0.5,1,0.951219512
0,0.150684932,0.131114967,0.8,0,0,0.397959184,0.5,0.6,0.666666667,0.857142857,0.2,1,0,0.951219512
0,0.684931507,0.104680624,0.8,0,0,0.295918367,0.75,0.6,1,0.857142857,0.2,1,1,0.951219512
0,0.301369863,0.451997984,0.533333333,0,0,0.234693878,0.5,0.733333333,0.833333333,0.5,0.8,1,0,0.951219512
0,0.219178082,0.061666379,0.666666667,0,0,0.448979592,0.5,0.533333333,0.833333333,0.714285714,0.2,1,1,0.951219512
0,0.095890411,0.187511121,0.666666667,0,0,0.397959184,0.5,0.533333333,0.666666667,0.071428571,0.6,0.25,0,0.731707317
1,0.369863014,0.122857153,0.8,0,0,0.397959184,0.5,0.6,0.333333333,0.285714286,0,1,1,0.951219512
0,0.082191781,0.143519956,0.8,0,0,0.397959184,0.5,0.6,0.666666667,0.571428571,0.6,1,1,0.951219512
0,0.616438356,0.068854588,0.2,0,0,0.918367347,0.5,0.333333333,0.333333333,0.785714286,0,1,1,0.951219512
1,0.383561644,0.234052831,0.8,0,0,0.448979592,0.125,0.6,0.333333333,0.714285714,0,1,1,0.951219512
1,0.260273973,0.070409271,0.866666667,0,0,0.397959184,0.5,0.8,0.333333333,0.285714286,0,0.25,1,0.87804878
0,0.260273973,0.38999266,0.8,0,0,0.397959184,0.5,0.6,0,0.857142857,0.2,1,0,0.463414634
0,0.246575342,0.06202562,0.866666667,0,0,0.408163265,0.25,0.8,0,0.071428571,0.8,1,0,0.951219512
1,0.232876712,0.268266001,0.533333333,0,0,0.397959184,0.125,0.733333333,0.333333333,0.214285714,1,1,0,0.951219512
0,0.136986301,0.108059251,0.8,0,0,0.397959184,0.5,0.6,0.666666667,0.285714286,0.2,1,0,0.951219512
0,0.328767123,0.142927309,0.533333333,0,0,0.397959184,0.5,0.733333333,0.666666667,0.214285714,0.8,1,1,0.634146341
0,0.383561644,0.080018131,0.4,0,0,0.346938776,0.5,0.066666667,0.666666667,0.857142857,0.2,0.5,0,0.951219512
0,0.205479452,0.150658778,0.6,0,0,0.551020408,0.5,1,0.333333333,0.285714286,1,1,0,0.951219512
0,0.342465753,0.131100084,0.866666667,0,0,0.448979592,0.75,0.8,0.666666667,0.714285714,0.6,1,1,0.951219512
0,0.01369863,0.1277519,0.533333333,0,0,0.397959184,0.875,0.733333333,0.666666667,0.071428571,0.6,1,1,0.951219512
0,0.397260274,0.011603969,0.733333333,0,0,0.5,0.5,0.466666667,0.333333333,0.857142857,0,1,1,0.951219512
0,0.095890411,0.020998366,0.533333333,0,0.404499541,0.397959184,0.5,0.733333333,0.666666667,0.571428571,0.2,1,0,0.951219512
0,0.191780822,0.042091448,0.8,0,0,0.397959184,0.5,0.6,0.666666667,0.714285714,0.6,1,0,0.951219512
0,0.01369863,0.23397097,0.6,0,0,0.244897959,0.5,1,0.666666667,0.857142857,0.6,1,0,0.951219512
0,0.068493151,0.228049238,0.8,0,0,0.295918367,0.5,0.6,0.666666667,0.285714286,0.6,1,0,0.951219512
0,0.136986301,0.004810181,0.6,0,0,0.346938776,0.5,1,0.333333333,0.428571429,1,1,0,0.951219512
0,0.534246575,0.049041516,0.733333333,0,0,0.397959184,0.75,0.466666667,0.333333333,0.357142857,1,1,0,0.951219512
0,0.02739726,0.232182205,0.533333333,0,0,0.244897959,0.5,0.733333333,0.666666667,0.571428571,0.6,0.5,1,0.951219512
1,0.178082192,0.109940025,0.733333333,0,0.424242424,0.5,0.5,0.466666667,0.333333333,0.285714286,0,1,1,0.951219512
0,0.123287671,0.084622644,0.6,0,0,0.43877551,0.5,1,0.666666667,0.428571429,0.4,0.25,1,0.731707317
1,0.287671233,0.245068212,0.8,0,0,0.397959184,0.5,0.6,0.333333333,0.714285714,0,1,1,0.951219512
0,0.520547945,0.14846815,0.533333333,0,0,0.397959184,0.5,0.733333333,0,0.857142857,0.2,1,0,0.219512195
1,0.273972603,0.355965537,0.533333333,0.143441434,0,0.397959184,0.5,0.733333333,0,0.214285714,0.2,1,1,0.951219512
1,0.479452055,0.092836484,0.6,0,0,0.397959184,0.25,1,0.333333333,0.785714286,0,1,1,0.951219512
0,0.575342466,0.127209994,0.533333333,0,0,0.397959184,0.5,0.733333333,0.333333333,0.214285714,0,1,1,0.951219512
0,0.465753425,0.029236561,0.466666667,0,0,0.397959184,0.5,0.133333333,0.333333333,1,0,1,1,0.951219512
0,0.589041096,0.072918548,0.266666667,0,0,0.448979592,0.5,0.4,0.333333333,0.357142857,0,1,1,0.951219512
0,0.287671233,0.142559273,0.6,0,0,0.755102041,0.25,1,0,0.785714286,0.2,1,1,0.951219512
0,0.246575342,0.06405185,0.533333333,0,0,0.602040816,0.5,0.733333333,0.333333333,0.857142857,0,1,1,0.951219512
0,0.356164384,0.132823224,0.8,0,0,0.397959184,0.5,0.6,0.833333333,0.928571429,0.2,1,1,0.951219512
0,0.630136986,0.1257825,0.6,0,0,0.295918367,0.5,1,0,0.571428571,0.2,1,0,0.951219512
1,0.671232877,0.119026598,0.533333333,0,0,0.346938776,0.25,0.733333333,1,0.071428571,0.8,1,0,0.951219512
1,0.438356164,0.080936192,0.6,0,0,0.5,0.5,1,0.333333333,0.5,0,1,1,0.951219512
0,0.082191781,0.059575879,0.8,0,0,0.193877551,0.5,0.6,0.666666667,0.857142857,0.6,1,1,0.951219512
0,0.301369863,0.09720218,0.533333333,0,0,0.37755102,0.5,0.733333333,0,0.071428571,0.8,0.5,0,0.951219512
0,0.082191781,0.08725911,0.6,0,0,0.397959184,0.5,1,0.666666667,0.285714286,0.4,0.5,0,0.951219512
0,0.260273973,0.185087087,0.733333333,0,0,0.316326531,0.5,0.466666667,0.833333333,0.571428571,0.8,0.5,0,0.951219512
0,0.164383562,0.219118269,0.533333333,0,0,0.295918367,0.5,0.733333333,0.666666667,0.5,0.8,0.5,0,0.951219512
0,0.369863014,0.078742858,0.6,0,0,0.397959184,0.5,1,0.666666667,0.071428571,0.2,0.5,0,0.951219512
1,0.301369863,0.040628097,0.6,0,0,0.397959184,0.125,1,0.333333333,0.071428571,0,0.25,1,0.951219512
0,0.273972603,0.052278747,0.533333333,0,0,0.397959184,0.5,0.733333333,0.333333333,0.071428571,1,1,0,0.951219512
0,0.424657534,0.059387801,0.6,0,0,0.397959184,0.125,1,1,0.571428571,0.8,0.5,0,0.951219512
1,0.219178082,0.024514331,0.6,0,0,0.397959184,0.75,1,0.333333333,0.214285714,0,1,1,0.951219512
1,0.520547945,0.14295843,0.6,0.076880769,0,0.397959184,0.5,1,0.333333333,0.214285714,0,0.5,1,0.804878049
1,0.630136986,0.010857748,0.866666667,0,0,0.397959184,0.5,0.8,0,0.285714286,0.2,1,0,0.951219512
0,0.369863014,0.042437158,0.533333333,0,0,0.806122449,0.5,0.733333333,0.333333333,0.357142857,0,1,1,0.951219512
0,0.01369863,0.138186136,0.4,0,0,0.397959184,0.5,0.066666667,0.666666667,0.214285714,0.6,1,1,0.951219512
0,0.02739726,0.121890381,0.6,0,0,0.244897959,0.5,1,0.666666667,0.571428571,0.4,1,0,0.951219512
0,0.178082192,0.021839302,0.8,0,0,0.806122449,0.25,0.6,0.333333333,0.714285714,0,1,1,0.951219512
0,0.082191781,0.131014163,0.533333333,0,0,0.37755102,0.5,0.733333333,0.333333333,0.214285714,0,1,1,0.951219512
0,0.301369863,0.009145432,0.6,0,0,0.551020408,0.5,1,0.333333333,0.857142857,0,1,1,0.951219512
0,0.465753425,0.097934193,0.4,0,0,0.397959184,0.5,0.066666667,1,0.428571429,0.8,0.5,0,0.951219512
1,0.493150685,0.129680032,0.933333333,0,0.433195592,0.397959184,0.5,0.933333333,0.333333333,0.714285714,0,1,1,0.951219512
0,0.150684932,0.14445696,0.6,0,0,0.397959184,0.5,1,0.666666667,0.571428571,0.2,1,1,0.951219512
0,0.630136986,0.207586013,0.4,0,0,0.397959184,0,0.066666667,0.833333333,0,0.2,0.5,1,0.951219512
0,0.356164384,0.123873988,0.533333333,0,0,0.397959184,0.125,0.733333333,0.333333333,0.285714286,0,0,1,0.951219512
0,0.506849315,0.091027423,0.333333333,0,0,0.602040816,0.5,0,0.333333333,0.5,0,1,1,0.951219512
0,0.095890411,0.04793673,0.8,0,0,0.397959184,0.5,0.6,0.666666667,0.285714286,0.2,1,1,0.951219512
0,0.287671233,0.013946141,0.533333333,0,0,0.397959184,0.125,0.733333333,0.333333333,0.071428571,0,1,1,0.951219512
0,0.260273973,0.07936189,0.533333333,0,0,0.397959184,0.5,0.733333333,0.666666667,0.571428571,0.2,1,1,0.951219512
1,0.164383562,0.157251635,0.8,0,0,0.346938776,0.5,0.6,0.333333333,0.928571429,0,1,1,0.951219512
0,0.328767123,0.094424994,0.533333333,0,0,0.397959184,0.5,0.733333333,0.333333333,0.785714286,0,1,1,0.951219512
1,0.767123288,0.088045247,0.533333333,0.251242512,0,0.193877551,0.125,0.733333333,0,0.071428571,0.2,1,0,0.951219512
0,0.150684932,0.079558762,0.6,0,0,0.397959184,0.5,1,0.666666667,0.071428571,0.8,0.5,0,0.951219512
0,0.082191781,0.017068361,0.6,0,0,0.551020408,0.5,1,0.666666667,0.857142857,0.2,1,1,0.951219512
0,0.246575342,0.05876471,0.8,0,0,0.5,0.25,0.6,0.333333333,0.785714286,0,1,1,0.951219512
1,0.383561644,0.105476232,0.6,0.150241502,0,0.367346939,0.5,1,0.333333333,0.928571429,0,1,1,0.951219512
0,0.589041096,0.058226187,0.6,0,0,0.602040816,0.25,1,0.333333333,0.571428571,0,0.25,1,0.731707317
0,0.328767123,0.01152752,0.533333333,0,0,0.448979592,0.875,0.733333333,0,0.285714286,0.8,1,0,0.951219512
0,0.109589041,0.11497211,0.733333333,0,0,0.551020408,0.5,0.466666667,0.666666667,0.714285714,0.2,1,1,0.951219512
1,0.410958904,0.055830568,0.666666667,0,0,0.448979592,0.5,0.533333333,0.333333333,0.285714286,1,1,0,0.951219512
0,0.191780822,0.090419216,0.533333333,0,0,0.397959184,0.5,0.733333333,0.666666667,0.285714286,0.6,0.5,1,0.951219512
0,0.068493151,0.180985241,0.6,0,0,0.020408163,0.75,1,0.666666667,0.714285714,0.6,1,0,0.951219512
0,0.356164384,0.32168336,0.333333333,0,0,0.397959184,0.25,0,0.333333333,0.571428571,0,1,1,0.951219512
0,0.136986301,0.214557731,0.8,0,0,0.448979592,0.5,0.6,0.666666667,0.285714286,0.2,1,1,0.951219512
1,0.095890411,0.007545421,0.666666667,0,0,0.295918367,0.5,0.533333333,0.666666667,0.071428571,0.2,1,1,0.951219512
0,0.356164384,0.135446159,0.666666667,0,0,0.397959184,0.25,0.533333333,0,0.071428571,0.2,0.5,0,0.951219512
1,0.287671233,0.055641138,0.533333333,0.03103031,0,0.5,0.25,0.733333333,0.333333333,0.428571429,1,1,0,0.951219512
0,0.356164384,0.271299594,0.533333333,0,0,0.448979592,0.5,0.733333333,0.333333333,0.214285714,0,1,1,0.951219512
0,0.547945205,0.106865163,0.933333333,0,0,0.397959184,0.5,0.933333333,0.666666667,0.714285714,0.2,1,0,0.951219512
0,0.095890411,0.134525392,0.8,0,0,0.346938776,0.5,0.6,0.666666667,0.857142857,0.6,1,0,0.951219512
1,0.328767123,0.042705743,0.8,0,0,0.397959184,0.875,0.6,0.333333333,0.714285714,1,1,0,0.951219512
0,0,0.05248915,0.333333333,0,0,0.397959184,0,0,0.666666667,0,0.6,1,1,0.951219512
0,0.410958904,0.110921004,0.6,0,0,0.397959184,0.5,1,1,0.714285714,0.8,1,0,0.951219512
1,0.561643836,0.10353051,0.533333333,0,0,0.346938776,0.75,0.733333333,0.333333333,0.857142857,0,1,1,0.951219512
0,0.02739726,0.110137574,0.266666667,0,0,0.602040816,0.5,0.4,0.666666667,0.214285714,0.4,1,1,0.951219512
0,0.150684932,0.153745818,0.533333333,0,0,0.448979592,0.5,0.733333333,0.666666667,0.214285714,0.6,0.25,1,0.951219512
0,0.068493151,0.170363605,0.6,0,0,0.387755102,0.875,1,0.666666667,0.571428571,0.4,0.5,1,0.341463415
0,0.383561644,0.060679988,0.6,0,0,0.448979592,0.5,1,0.333333333,0.857142857,0,1,1,0.951219512
0,0.068493151,0.11783048,0.333333333,0,0,0.295918367,0.5,0,0.666666667,0.214285714,0.2,1,1,0.951219512
1,0.273972603,0.129450686,0.533333333,0,0,0.540816327,0.25,0.733333333,0.333333333,0.785714286,0,1,1,0.951219512
0,0.561643836,0.124725072,0.533333333,0,0,0.142857143,0.5,0.733333333,0,0.857142857,0.2,1,0,0.951219512
0,0.356164384,0.315062089,0.533333333,0,0,0.397959184,0.5,0.733333333,0.333333333,0.428571429,0,0.5,1,0.951219512
0,0.095890411,0.095251723,0.8,0,0,0.397959184,0.5,0.6,0.666666667,0.928571429,0.2,0.25,1,0.951219512
0,0.397260274,0.092720796,0.866666667,0,0,0.37755102,0.875,0.8,0.666666667,0.285714286,0.2,1,1,0.951219512
1,0.273972603,0.247283195,0.6,0.03103031,0,0.397959184,0.5,1,0.333333333,0.214285714,0,1,1,0.951219512
0,0.109589041,0.261706295,0.133333333,0,0,0.397959184,0.5,0.266666667,0.333333333,0.571428571,0,1,1,0.634146341
0,0.109589041,0.10745375,0.533333333,0,0,0.479591837,0.5,0.733333333,0.666666667,0.071428571,0.2,1,0,0.951219512
0,0.534246575,0.240113252,0.533333333,0,0,0.397959184,0.5,0.733333333,0,0.214285714,0.4,1,1,0.951219512
0,0.04109589,0.048771577,0.533333333,0,0,0.448979592,0,0.733333333,0.333333333,0,1,1,0,0.951219512
1,0.452054795,0.208525724,0.8,0,0.436639118,0.397959184,0.5,0.6,0.333333333,0.285714286,0,1,1,0.951219512
1,0.383561644,0.078067674,0.666666667,0,0,0.602040816,0.25,0.533333333,0.333333333,0.785714286,0,1,1,0.951219512
0,0.506849315,0.160384679,0.8,0,0,0.397959184,0.5,0.6,0.333333333,0.214285714,0,0.5,1,0.951219512
0,0.246575342,0.089245424,0.533333333,0,0,0.244897959,0.5,0.733333333,0.666666667,0.428571429,0.4,0.75,1,0.097560976
0,0.150684932,0.066614573,0.533333333,0,0,0.387755102,0.5,0.733333333,0,0.285714286,0.2,1,0,0.951219512
0,0.657534247,0.05065844,0.4,0,0,0.193877551,0.5,0.066666667,1,0.857142857,0.4,1,0,0.951219512
0,0.287671233,0.272445649,0.533333333,0,0,0.704081633,0.75,0.733333333,0.333333333,0.5,0,1,1,0
0,0.465753425,0.154968321,0.533333333,0,0,0.428571429,0.5,0.733333333,0,0.071428571,0.2,1,0,0.951219512
1,0.452054795,0.09694036,0.533333333,0,0,0.397959184,0.5,0.733333333,0.333333333,0.714285714,0,1,1,0.951219512
0,0.123287671,0.071407164,0.8,0,0.383149679,0.5,0.5,0.6,0.666666667,0.285714286,0.2,1,0,0.951219512
0,0.136986301,0.104897792,0.6,0,0,0.387755102,0.5,1,0.666666667,0.071428571,0.2,1,0,0.951219512
0,0.150684932,0.083404877,0.8,0.04101041,0,0.602040816,0.25,0.6,0.666666667,0.071428571,0.2,0.5,0,0.951219512
0,0.095890411,0.124748751,0,0,0,0.295918367,0.5,0.866666667,0.666666667,0.5,0.6,1,0,0.951219512
0,0.739726027,0.092753947,0.533333333,0,0,0.081632653,0.125,0.733333333,1,0.285714286,0.2,1,1,0.951219512
0,0.219178082,0.088213705,0.8,0,0,0.295918367,0.5,0.6,0.666666667,0.428571429,0.2,1,1,0.951219512
0,0.561643836,0.106436915,0.533333333,0,0,0.397959184,0.5,0.733333333,0.333333333,0.071428571,1,1,0,0.951219512
0,0.191780822,0.058992704,0.533333333,0,0,0.397959184,0,0.733333333,0.666666667,0,0.6,0,1,0.951219512
1,0.301369863,0.126085589,0.933333333,0,0.554407713,0.673469388,0.5,0.933333333,0.333333333,0.714285714,0,0.25,1,0.463414634
0,0,0.297758294,0.4,0,0,0.142857143,0.5,0.066666667,0.666666667,0.857142857,0.6,0.5,0,0.951219512
0,0.356164384,0.094629985,0.8,0,0,0.397959184,0.5,0.6,0.333333333,0.5,0,0.5,1,0.951219512
0,0.260273973,0.166304381,0.666666667,0,0,0.397959184,0.5,0.533333333,0.666666667,0.714285714,0.2,1,1,0.951219512
0,0.273972603,0.088803645,0.8,0,0,0.397959184,0.125,0.6,0.666666667,0.714285714,0.2,1,0,0.951219512
1,0.547945205,0.134982055,0.8,0.03103031,0,0.5,0.5,0.6,0.333333333,0.714285714,0,1,1,0.951219512
1,0.479452055,0.051928301,0.8,0,0,0.397959184,0.5,0.6,0.333333333,0.857142857,0,1,1,0.951219512
0,0.246575342,0.040628097,0.533333333,0,0,0.56122449,0.25,0.733333333,0,0.357142857,0.6,0.25,1,0.951219512
0,0.232876712,0.131991083,0.866666667,0,0,0.397959184,0.25,0.8,1,0.714285714,0.2,1,0,0.951219512
0,0.369863014,0.129861344,0.533333333,0,0,0.397959184,0.5,0.733333333,0.333333333,1,0,1,1,0.951219512
0,0.356164384,0.109538838,0.533333333,0,0,0.397959184,0.5,0.733333333,0.666666667,0.571428571,0.8,0.5,0,0.951219512
0,0.424657534,0.143821692,0.533333333,0,0,0.37755102,0.5,0.733333333,0,0.5,0.4,0.75,0,0.170731707
0,0,0.014703863,0.333333333,0,0,0.193877551,0,0,0.666666667,0,0.6,1,1,0.951219512
0,0.684931507,0.077506825,0.333333333,0,0,0.193877551,0.5,0,0.333333333,1,0,0,1,0.951219512
0,0.383561644,0.105913275,0.6,0,0,0.397959184,0.5,1,0,0.857142857,0.8,1,0,0.951219512
0,0.465753425,0.046849535,0.4,0,0,0.346938776,0.5,0.066666667,0.666666667,0.571428571,0.4,0.25,1,0.951219512
0,0.315068493,0.1904615,0.8,0,0,0.193877551,0.25,0.6,0.333333333,0.714285714,0,1,1,0.951219512
0,0.123287671,0.098322526,0.8,0,0,0.448979592,0.5,0.6,0.666666667,0.857142857,0.6,1,1,0.951219512
0,0.123287671,0.259060357,0.6,0,0,0.397959184,0.5,1,0.666666667,1,0.2,1,1,0.951219512
0,0.095890411,0.129867433,0.266666667,0,0,0.367346939,0.5,0.4,0.666666667,0.571428571,0.2,1,0,0.951219512
0,0.01369863,0.277899216,0.533333333,0,0,0.295918367,0.5,0.733333333,0.666666667,0.5,0.2,1,0,0.951219512
0,0.164383562,0.086965493,0.533333333,0,0,0.397959184,0.5,0.733333333,0.666666667,0.571428571,0.6,1,0,0.951219512
1,0.136986301,0.095743565,0.6,0,0,0.5,0.75,1,0.333333333,1,0.4,0.75,1,0.170731707
0,0.287671233,0.126492864,0.533333333,0,0,0.397959184,0.5,0.733333333,0,0.071428571,0.8,1,0,0.951219512
0,0.191780822,0.131086553,0.533333333,0,0,0.397959184,0.5,0.733333333,0,0.5,0.2,1,1,0.951219512
0,0.260273973,0.225575818,0.533333333,0,0,0.397959184,0.875,0.733333333,0.333333333,0.285714286,0,1,1,0.951219512
0,0.109589041,0.096459342,0.533333333,0,0,0.346938776,0.5,0.733333333,0.666666667,0.071428571,0.8,0.5,1,0.951219512
1,0.493150685,0.188317553,0.6,0,0,0.5,0.625,1,0.333333333,0.857142857,0,1,1,0.951219512
0,0.315068493,0.083281071,0.533333333,0,0,0.397959184,0.5,0.733333333,0.833333333,0.5,0.8,0.5,0,0.951219512
1,0.205479452,0.023355422,0.533333333,1,0,0.397959184,0.625,0.733333333,0.333333333,0.214285714,0,1,1,0.951219512
0,0.054794521,0.077316718,0.533333333,0,0,0.397959184,0.5,0.733333333,0.666666667,0.071428571,0.4,1,1,0.951219512
0,0.410958904,0.085825528,0.6,0,0,0.602040816,0.5,1,0,0.071428571,0.2,1,0,0.951219512
0,0.506849315,0.006368246,0.333333333,0,0,0.397959184,0.5,0,0,0.571428571,0.8,1,0,0.951219512
0,0.219178082,0.096873383,0.533333333,0,0,0.397959184,0.5,0.733333333,0.333333333,0.857142857,0,1,1,0.951219512
0,0.164383562,0.213443474,0.6,0,0,0.193877551,0.5,1,0.333333333,0.428571429,0,1,1,0.951219512
0,0.328767123,0.120762593,0.8,0,0,0.193877551,0.25,0.6,0,0.714285714,0.2,1,1,0.951219512
0,0.095890411,0.129843754,0.6,0,0,0.602040816,0.75,1,0.666666667,0.357142857,0.6,1,1,0.951219512
0,0.123287671,0.124898266,0.733333333,0,0,0.397959184,0.5,0.466666667,0.833333333,0.214285714,0.2,0.75,0,0.951219512
0,0.630136986,0.012924569,0.4,0,0,0.112244898,0.5,0.066666667,0.666666667,0.357142857,0.2,1,1,0.951219512
1,0.328767123,0.208684033,0.8,0,0,0.397959184,0.5,0.6,0.333333333,0.714285714,0,1,1,0.951219512
0,0.383561644,0.096882854,0.6,0,0,0.653061224,0.75,1,0.333333333,0.857142857,0,1,1,0.951219512
0,0.328767123,0.118797252,0.6,0.039420394,0,0.397959184,0.5,1,0.333333333,0.857142857,0,1,1,0.951219512
0,0.164383562,0.15533974,0.533333333,0,0,0.397959184,0.5,0.733333333,0.333333333,1,0.4,1,1,0.951219512
0,0.383561644,0.129841048,0.333333333,0,0,0.653061224,0.75,0,0.333333333,0.214285714,0,1,1,0.951219512
0,0.506849315,0.082319711,0.533333333,0,0,0.397959184,0,0.733333333,1,0,0.6,1,0,0.951219512
0,0.493150685,0.040573298,0.6,0,0,0.551020408,0.5,1,0.333333333,0.285714286,0,1,1,0.951219512
1,0.273972603,0.402920612,0.8,0,0,0.397959184,0.75,0.6,0.333333333,0.928571429,0,1,1,0.951219512
0,0.342465753,0.084638205,0.533333333,0,0,0.397959184,0,0.733333333,0.333333333,0,0,1,1,0.951219512
1,0.534246575,0.16343045,0.6,0,0,0.397959184,0.5,1,0.333333333,0.714285714,0,1,1,0.951219512
0,0.095890411,0.26811175,0.2,0,0,0.448979592,0.5,0.333333333,0.333333333,0.357142857,0.6,1,0,0.634146341
0,0.095890411,0.231650447,0.466666667,0,0,0.397959184,0.5,0.133333333,0.666666667,0.214285714,0.2,1,1,0.951219512
0,0,0.175596621,0.6,0,0,0.153061224,0.5,1,0.666666667,0.214285714,0.6,1,1,0.951219512
1,0.397260274,0.078966792,0.533333333,0,0,0.408163265,0.5,0.733333333,0.333333333,1,0,1,1,0.951219512
0,0.342465753,0.112069765,0.8,0,0,0.5,0.25,0.6,0,0.714285714,0.2,1,1,0
1,0.273972603,0.145631429,0.6,0,0,0.43877551,0.5,1,0.333333333,0.857142857,0,1,1,0.951219512
0,0.04109589,0.129855255,0.4,0,0,0.397959184,0.5,0.066666667,0.666666667,0.571428571,0.6,1,0,0.951219512
0,0.260273973,0.117883926,0.533333333,0,0,0.602040816,0.5,0.733333333,0.333333333,0.214285714,0,1,1,0.951219512
1,0.178082192,0.092617286,0.8,0,0,0.448979592,0.5,0.6,0.333333333,0.285714286,0,1,1,0.951219512
1,0.342465753,0.134341374,0.8,0.076880769,0,0.5,0.5,0.6,0.333333333,0.285714286,0,1,1,0.951219512
0,0.287671233,0.114236037,0.8,0,0,0.418367347,0.5,0.6,0.666666667,0.857142857,0.2,1,0,0.951219512
0,0.438356164,0.218184647,0.533333333,0,0,0.397959184,0.5,0.733333333,0.333333333,0.571428571,0,1,1,0.951219512
1,0.520547945,0.098794749,0.533333333,0,0,0.5,0.75,0.733333333,0.333333333,0.857142857,0,1,1,0.951219512
1,0.383561644,0.039820988,0.8,0,0,0.448979592,0.5,0.6,0,0.285714286,0.8,1,1,0.951219512
1,0.465753425,0.163684828,0.6,0,0,0.397959184,0.5,1,0.333333333,0.285714286,0,1,1,0.951219512
0,0.273972603,0.115580993,0.533333333,0,0,0.397959184,0.75,0.733333333,0,0.857142857,0.6,1,0,0.951219512
0,0.082191781,0.122902481,0.8,0,0,0.602040816,0.5,0.6,0.666666667,0.857142857,0.6,1,0,0.951219512
0,0.547945205,0.006319535,0.6,0,0,0.397959184,0.125,1,0,0.571428571,0.2,1,1,0.951219512
1,0.356164384,0.135719481,0.8,0.150241502,0,0.5,0.5,0.6,0.333333333,0.285714286,0,1,1,0.951219512
0,0,0.197946709,0.333333333,0.34095341,0,0.316326531,0,0,0.666666667,0,0.6,1,0,0.951219512
0,0.068493151,0.150654719,0.6,0,0,0.397959184,0.5,1,0.666666667,0.571428571,0.6,0.5,0,0
0,0.561643836,0.181470319,0.533333333,0,0,0.397959184,0.875,0.733333333,0,0.571428571,0.6,0.5,1,0.951219512
0,0.397260274,0.184365898,0.6,0,0,0.602040816,0.625,1,0.333333333,0.857142857,0,1,1,0.951219512
1,0.465753425,0.108243269,0.8,0,0,0.346938776,0.875,0.6,0.333333333,0.285714286,0,1,1,0.951219512
0,0.054794521,0.128734909,0.466666667,0,0,0.479591837,0.5,0.133333333,0.666666667,0.071428571,0.4,0.5,1,0
0,0.397260274,0.127638242,0.8,0,0,0.5,0.625,0.6,1,0.285714286,0.2,1,0,0
0,0.260273973,0.166304381,0.533333333,0,0,0.397959184,0.5,0.733333333,0.666666667,0.428571429,0.2,1,1,0.951219512
0,0.054794521,0.147582563,0.533333333,0,0,0.346938776,0.5,0.733333333,0.666666667,0.214285714,0.2,1,1,0.951219512
0,0.424657534,0.111254537,0.266666667,0,0,0.397959184,0.5,0.4,0,0.857142857,0.2,1,0,0.951219512
0,0.452054795,0.020028888,0.533333333,0,0,0.397959184,0.5,0.733333333,0.333333333,0.214285714,0,1,1,0.951219512
1,0.506849315,0.167623629,0.866666667,0,0,0.397959184,0.5,0.8,0.333333333,0.714285714,0,1,1,0.951219512
0,0.232876712,0.166685948,0.666666667,0,0.453168044,0.397959184,0.5,0.533333333,0.666666667,0.928571429,0.2,1,0,0.951219512
0,0.219178082,0.168969938,0.533333333,0,0.261248852,0.397959184,0.25,0.733333333,0,0.071428571,0.6,1,0,0.951219512
1,0.410958904,0.014217432,0.733333333,0.105201052,0,0.448979592,0.75,0.466666667,0.666666667,0.357142857,0.4,1,1,0.951219512
0,0.246575342,0.173880246,0.533333333,0,0,0.397959184,0.5,0.733333333,0.833333333,0.571428571,0.2,0.5,0,0.951219512
1,0.178082192,0.064614729,0.6,0,0,0.56122449,0.5,1,0.333333333,1,0,1,1,0.951219512
1,0.438356164,0.265895414,0.666666667,0,0,0.397959184,0.25,0.533333333,0.333333333,0.214285714,0,1,1,0.951219512
0,0.01369863,0.090615412,0.333333333,0,0,0.397959184,0.5,0,0.666666667,0.571428571,0.6,0,0,0.951219512
1,0.657534247,0.06835598,0.8,0,0,0.397959184,0.5,0.6,0.333333333,0.285714286,0,1,1,0.951219512
1,0.328767123,0.068512937,0.6,0.07298073,0,0.5,0.5,1,0.333333333,0.214285714,0,0,1,0.951219512
0,0.410958904,0.234203699,0.6,0,0,0.397959184,0.5,1,0,0.071428571,0.2,1,0,0.951219512
0,0.493150685,0.056325117,0.6,0.014710147,0,0.397959184,0.5,1,0,0.071428571,0.8,1,0,0.951219512
0,0.424657534,0.058724118,0.8,0,0,0.5,0.875,0.6,0.666666667,0.285714286,0.2,1,0,0.951219512
1,0.493150685,0.106099322,0.8,0,0,0.397959184,0.75,0.6,0.333333333,0.285714286,0,1,1,0.43902439
0,0.109589041,0.15572469,0.8,0,0,0.397959184,0.5,0.6,0.666666667,0.071428571,0.2,1,1,0.951219512
0,0.232876712,0.207427027,0.533333333,0,0,0.397959184,0.5,0.733333333,0.333333333,0.357142857,0,0.5,1,0.951219512
0,0.246575342,0.046333337,0.866666667,0,0,0.397959184,0.875,0.8,0.666666667,0.714285714,0.2,1,0,0.951219512
1,0.493150685,0.106099322,0.933333333,0,0,0.448979592,0.125,0.933333333,0.333333333,0.071428571,0,1,1,0.951219512
0,0.260273973,0.104365357,0.6,0,0,0.397959184,0.5,1,0.333333333,0.071428571,0,1,1,0.951219512
0,0.438356164,0.127726868,0.6,0,0,0.551020408,0.625,1,0,0.214285714,0.2,1,1,0.951219512
1,0.410958904,0.09920676,0.8,0,0,0.397959184,0.5,0.6,0.333333333,0.285714286,1,1,0,0.951219512
0,0.356164384,0.125514591,0.866666667,0,0,0.397959184,0.5,0.8,0,0.571428571,0.8,1,0,0.951219512
0,0.178082192,0.007775444,0.6,0.044160442,0,0.397959184,0.5,1,0.666666667,0.285714286,0.2,1,1,0.951219512
0,0.123287671,0.102755875,0.6,0,0,0.346938776,0.5,1,0.666666667,0.857142857,0.4,0.25,0,0.731707317
0,0.02739726,0.161891328,0.6,0,0,0.132653061,0.5,1,0.666666667,0.571428571,0.6,1,1,0.951219512
1,0.438356164,0.060235503,0.8,0,0.359044995,0.397959184,0.5,0.6,0.666666667,0.928571429,0.2,1,0,0.048780488
1,0.136986301,0.046853594,0.533333333,0,0,0.397959184,0.5,0.733333333,0.333333333,0.214285714,0,1,1,0.951219512
1,0.410958904,0.016158418,0.866666667,0,0,0.602040816,0.25,0.8,0.333333333,0.714285714,0,1,1,0.951219512
0,0.205479452,0.040799261,0.533333333,0,0,0.397959184,0.5,0.733333333,0.333333333,0.214285714,0,1,1,0.951219512
0,0.589041096,0.145473119,0.333333333,0,0,0.397959184,0.25,0,0,0.071428571,0.8,1,0,0.951219512
0,0.315068493,0.250463597,0.533333333,0,0,0.5,0.5,0.733333333,0,0.071428571,0.8,1,0,0.951219512
0,0.698630137,0.051908004,1,0,0,0.5,0.75,0.666666667,0.333333333,0.714285714,0,1,1,0.048780488
0,0.178082192,0.025240255,0.933333333,0,0,0.397959184,0.125,0.933333333,0.666666667,0.714285714,0.2,0.5,0,0.951219512
0,0.01369863,0.065093717,0.6,0,0,0.244897959,0.5,1,0.666666667,0.214285714,0.6,1,1,0.951219512
1,0.328767123,0.070431597,0.8,0,0,0.397959184,0.5,0.6,0.333333333,0.285714286,0,1,1,0.951219512
0,0.205479452,0.070068296,0.6,0,0,0.408163265,0.5,1,0,0.071428571,0.8,0.5,0,0.951219512
0,0.452054795,0.038300809,0.666666667,0,0,0.397959184,0.5,0.533333333,0.333333333,0.785714286,0,1,1,0.951219512
0,0.424657534,0.064539633,0.533333333,0,0,0.091836735,0.5,0.733333333,1,0.5,0.2,1,0,0.951219512
1,0.150684932,0.111221387,0.666666667,0,0,0.704081633,0.5,0.533333333,0.333333333,0.928571429,0,1,1,0.951219512
0,0.123287671,0.093130778,0.533333333,0,0,0.602040816,0.5,0.733333333,0.666666667,0.571428571,0.4,0.25,1,0
0,0.260273973,0.078194187,0.8,0.046500465,0,0.244897959,0.5,0.6,0.666666667,0.714285714,0.2,1,0,0.951219512
0,0.369863014,0.123982234,0.533333333,0,0,0.397959184,0.5,0.733333333,0,0.5,0.6,0.5,0,0.951219512
0,0.178082192,0.086818008,0.533333333,0,0.470844812,0.397959184,0.5,0.733333333,0.333333333,0.214285714,0,1,1,0.951219512
0,0.410958904,0.086853188,0.8,0,0,0.448979592,0.5,0.6,0,0.857142857,0.2,1,1,0.951219512
0,0.260273973,0.056942119,0.8,0,0,0.448979592,0.5,0.6,0.333333333,0.714285714,0,1,1,0.951219512
0,0.561643836,0.057048335,0.6,0,0,0.397959184,0.75,1,0,0.857142857,0.2,1,0,0.951219512
0,0.178082192,0.222514486,0.2,0,0,0.346938776,0.5,0.333333333,0.833333333,1,0.2,1,1,0.951219512
0,0.479452055,0.081895522,0.333333333,0,0,0.244897959,0,0,0,0,0.2,1,1,0.951219512
1,0.534246575,0.179373729,0.8,0,0,0.397959184,0.125,0.6,0.333333333,0.285714286,0,1,1,0.804878049
0,0.465753425,0.076230875,0.733333333,0,0,0.448979592,1,0.466666667,0.333333333,0.857142857,0,1,1,0.951219512
0,0.123287671,0.189215995,0.533333333,0,0,0.43877551,0.5,0.733333333,0.333333333,1,0,1,1,0.951219512
0,0.109589041,0.183497225,0.6,0,0,0.602040816,0.5,1,0.666666667,0.785714286,0.2,1,1,0.951219512
0,0.671232877,0.150501145,0.6,0,0,0.5,0.5,1,0.333333333,0.285714286,0,1,1,0.951219512
0,0.136986301,0.133687839,0.6,0,0,0.5,0.5,1,0.666666667,0.428571429,0.2,0.5,1,0.951219512
0,0.219178082,0.075705882,0.4,0,0,0.602040816,0.5,0.066666667,0.666666667,1,0.2,0.5,1,0.951219512
0,0.712328767,0.074801352,0.333333333,0,0,0.193877551,0.25,0,0.333333333,0.285714286,0,1,1,0.951219512
0,0.04109589,0.195602507,0.6,0,0.367768595,0.295918367,0,1,0.666666667,0,0.6,1,0,0.951219512
0,0.04109589,0.073761514,0.333333333,0,0,0.397959184,0,0,0.666666667,0,0.6,1,1,0.951219512
1,0.410958904,0.027065553,0.866666667,0.076880769,0,0.448979592,0.75,0.8,0.333333333,0.857142857,0,1,1,0.951219512
0,0.520547945,0.113272648,0.333333333,0,0,0.173469388,0.75,0,0.333333333,0.214285714,0,1,1,0.951219512
0,0.095890411,0.13101484,0.266666667,0,0,0.295918367,0,0.4,0.666666667,0,0.6,1,0,0.951219512
1,0.246575342,0.117648491,0.533333333,0.150241502,0,0.806122449,0.5,0.733333333,0.333333333,1,0,1,1,0.951219512
0,0.438356164,0.124255555,0.533333333,0,0,0.397959184,0.125,0.733333333,0.333333333,0.5,0,1,1,0.951219512
0,0.301369863,0.006738312,0.8,0,0,0.602040816,0.5,0.6,0.333333333,0.714285714,0.2,1,1,0.951219512
0,0.232876712,0.114582424,0.533333333,0,0,0.397959184,0.5,0.733333333,0,0.214285714,0.2,1,1,0.951219512
0,0.315068493,0.086782152,0.533333333,0,0,0.448979592,0.5,0.733333333,0.333333333,0.642857143,1,1,0,0.951219512
0,0.04109589,0.180806635,0.4,0.029610296,0,0.346938776,0.5,0.066666667,0.333333333,0.428571429,0.4,1,1,0.951219512
0,0.123287671,0.305056778,0.533333333,0,0,0.397959184,0.5,0.733333333,0.333333333,0.214285714,0,1,1,0.951219512
0,0.452054795,0.111912808,0.8,0,0,0.397959184,0.5,0.6,0,0.571428571,0.2,1,1,0.951219512
1,0.301369863,0.134735795,0.533333333,0,0,0.551020408,0.5,0.733333333,0.333333333,1,0,1,1,0.951219512
0,0.410958904,0.062982921,0.533333333,0,0,0.397959184,0.5,0.733333333,0,0.857142857,0.2,1,0,0.951219512
0,0.02739726,0.150349601,0.6,0,0,0.346938776,0,1,0.666666667,0,0.6,1,1,0.951219512
1,0.356164384,0.107187871,0.6,0,0,0.397959184,0.5,1,0.333333333,0.214285714,0,1,1,0.951219512
0,0.315068493,0.119966985,0.533333333,0,0,0.520408163,0.125,0.733333333,0,0.071428571,0.2,0.5,0,0.951219512
0,0.410958904,0.018740761,0.8,0,0,0.397959184,0.75,0.6,0.333333333,0.857142857,0,1,1,0.951219512
1,0.712328767,0.149107478,0.6,0,0,0.142857143,0.5,1,0.333333333,0.071428571,0,1,1,0.243902439
0,0.260273973,0.38298238,0.866666667,0,0,0.397959184,0.25,0.8,0.333333333,0.714285714,1,1,0,0.951219512
0,0.328767123,0.190773384,0.266666667,0,0,0.346938776,0.5,0.4,0.333333333,1,0,1,1,0.951219512
1,0.383561644,0.198791704,0.8,0,0,0.43877551,0.5,0.6,0.666666667,0.571428571,0.2,0.5,0,0.951219512
0,0.082191781,0.001003981,0.6,0,0,0.295918367,0.5,1,0.333333333,0.5,0,0,1,0.951219512
0,0.397260274,0.060326835,0.533333333,0,0,0.397959184,0.5,0.733333333,0.333333333,0.071428571,1,1,0,0.951219512
0,0.109589041,0.106635817,0.533333333,0,0,0.397959184,0.5,0.733333333,0.666666667,0.214285714,0.6,1,1,0.951219512
1,0.465753425,0.111912808,0.8,0,0,0.5,0.5,0.6,0,0.857142857,0.2,1,1,0.951219512
0,0.479452055,0.082647155,0.6,0,0,0.5,0,1,0.333333333,0,0,1,1,0.951219512
1,0.424657534,0.24103402,0.8,0,0.436639118,0.367346939,0.5,0.6,0.333333333,0.857142857,0,1,1,0.951219512
0,0.123287671,0.084819517,0.8,0,0,0.448979592,0.5,0.6,0.666666667,0.285714286,0.2,1,0,0.951219512
0,0.301369863,0.074247944,0.666666667,0,0,0.397959184,0.5,0.533333333,0.666666667,0.5,0.2,1,1,0.951219512
0,0.082191781,0.10525771,0.666666667,0,0,0.397959184,0.5,0.533333333,0.666666667,0.071428571,0.2,1,0,0.951219512
0,0.136986301,0.102601624,0.533333333,0,0,0.346938776,0.5,0.733333333,0.666666667,0.214285714,0.2,1,1,0.512195122
0,0.493150685,0.115432155,0.533333333,0,0,0.397959184,0.875,0.733333333,0.333333333,0.571428571,0,1,1,0.951219512
0,0.136986301,0.11148456,0.6,0,0,0.153061224,0.25,1,0.666666667,0.714285714,0.4,1,1,0.951219512
0,0.684931507,0.135239816,0.533333333,0,0,0.091836735,0.5,0.733333333,0.333333333,0.571428571,0,1,1,0.951219512
1,0.287671233,0.12466486,0.933333333,0,0,0.346938776,0.5,0.933333333,0.833333333,0.714285714,0.2,1,1,0.951219512
0,0.328767123,0.080152762,0.8,0,0,0.234693878,0.125,0.6,0.333333333,0.928571429,0,1,1,0.951219512
1,0.424657534,0.204070725,0.733333333,0,0,0.295918367,0.5,0.466666667,0.333333333,0.714285714,1,1,0,0.951219512
1,0.753424658,0.012882624,0.8,0,0,0.193877551,0,0.6,0.333333333,0,0,1,1,0.951219512
0,0.054794521,0.160793984,0.533333333,0,0,0.397959184,0.5,0.733333333,0.666666667,0.071428571,0.6,1,1,0.951219512
0,0.136986301,0.078968145,0.8,0,0,0.551020408,0.5,0.6,0.666666667,0.285714286,0.2,1,0,0.951219512
0,0.561643836,0.208972915,0.533333333,0,0,0.397959184,0.75,0.733333333,0.333333333,0.428571429,0,1,1,0.951219512
1,0.630136986,0.07116361,0.6,0.043860439,0,0.397959184,0.5,1,0.333333333,0.714285714,0,1,1,0.951219512
0,0.01369863,0.286769297,0.4,0,0,0.193877551,0.5,0.066666667,0.666666667,0.714285714,0.6,1,1,0.951219512
1,0.452054795,0.076230875,0.533333333,0,0.453856749,0.346938776,0.25,0.733333333,0.333333333,0.214285714,0,1,1,0.951219512
0,0.547945205,0.044409265,0.133333333,0,0,0.367346939,0.5,0.266666667,0,0.571428571,0.2,0.25,0,0.951219512
1,0.424657534,0.159398964,0.8,0,0,0.397959184,0.5,0.6,0.333333333,0.285714286,0,0.5,1,0.951219512
0,0.109589041,0.09733884,0.6,0,0,0.397959184,0.5,1,0.666666667,0.071428571,0.6,0.5,0,0
0,0.287671233,0.120174005,0.6,0,0,0.397959184,0.5,1,0.333333333,0.857142857,1,1,0,0.951219512
1,0.178082192,0.284335116,0.666666667,0,0,0.397959184,0.5,0.533333333,0.333333333,0.928571429,0.4,1,0,0.048780488
0,0.02739726,0.110523877,0.4,0,0,0.142857143,0.5,0.066666667,0.666666667,0.571428571,0.4,1,0,0.951219512
0,0.191780822,0.145847245,0.533333333,0,0,0.397959184,0.875,0.733333333,0.333333333,0.214285714,0,0.5,1,0.951219512
0,0.438356164,0.051175315,0.666666667,0.050130501,0,0.397959184,0.5,0.533333333,0.333333333,0.214285714,0,1,1,0.951219512
0,0.260273973,0.071054688,0.733333333,0,0,0.602040816,0.5,0.466666667,0,0.928571429,0.2,1,0,0.951219512
0,0.287671233,0.248424514,0.733333333,0,0,0.448979592,0.625,0.466666667,0,0.285714286,0.8,1,1,0.951219512
1,0.342465753,0.017354536,0.8,0,0,0.551020408,0.5,0.6,0.333333333,0.285714286,0,1,1,0.951219512
0,0,0.110397364,0.333333333,0,0,0.132653061,0.5,0,0.666666667,0.571428571,0.6,1,0,0.951219512
0,0.205479452,0.112186129,0.333333333,0,0,0.551020408,0.75,0,0.333333333,0.285714286,0,1,1,0.951219512
0,0.287671233,0.138207785,0.533333333,0,0,0.397959184,0.5,0.733333333,0.833333333,0.642857143,0.8,0.5,0,0.951219512
0,0.438356164,0.121721246,0.266666667,0,0,0.397959184,0.75,0.4,0.333333333,0.214285714,0,1,1,0.048780488
0,0.054794521,0.137114501,0.6,0,0,0.295918367,0.5,1,0.666666667,0.928571429,0.6,1,1,0.951219512
0,0.273972603,0.112204395,0.533333333,0,0,0.397959184,0.5,0.733333333,0.333333333,0.5,0,0.5,1,0.951219512
0,0.438356164,0.156078519,0.8,0,0,0.397959184,0.5,0.6,0.333333333,0.714285714,0,1,1,0.097560976
0,0.136986301,0.133288682,0.533333333,0,0,0.602040816,0.75,0.733333333,0.333333333,0.214285714,0,1,1,0.951219512
1,0.602739726,0.039864287,0.533333333,0,0,0.448979592,0.5,0.733333333,0.333333333,0.214285714,0,1,1,0.951219512
0,0.356164384,0.12271508,0.533333333,0,0,0.397959184,0.5,0.733333333,0.333333333,0.5,0,1,1,0.951219512
0,0.01369863,0.150288036,0.4,0,0,0.193877551,0.5,0.066666667,0.666666667,0.571428571,0.6,1,1,0.951219512
0,0.410958904,0.196484035,0.4,0,0,0.397959184,0.5,0.066666667,0,0.071428571,0.8,1,0,0.951219512
0,0.479452055,0.075979203,0.533333333,0,0,0.397959184,0.5,0.733333333,0.666666667,0.428571429,0.8,1,1,0.951219512
1,0.438356164,0.158992365,0.533333333,0,0,0.448979592,0.5,0.733333333,0.333333333,0.214285714,0,1,1,0.951219512
0,0.205479452,0.061806422,0.533333333,0,0,0.551020408,0.75,0.733333333,0.333333333,0.285714286,0,1,1,0.951219512
0,0.04109589,0.079124425,0.6,0,0,0.295918367,0.5,1,0.666666667,0.857142857,0.6,1,0,0.951219512
0,0.068493151,0.071261708,0.8,0,0,0.244897959,0,0.6,0.666666667,0,0.2,1,1,0.951219512
0,0.123287671,0.112064352,0.8,0,0,0.479591837,0.5,0.6,0.666666667,0.857142857,0.2,1,1,0.951219512
0,0.561643836,0.185100618,0.266666667,0,0,0.397959184,0.5,0.4,0,0.571428571,0.8,1,0,0.951219512
0,0.095890411,0.138138102,0.533333333,0,0.362488522,0.5,0.5,0.733333333,0.333333333,0.5,0,1,1,0.951219512
0,0.232876712,0.015264712,0.8,0,0,0.540816327,0.625,0.6,0.333333333,0.857142857,0,1,1,0.951219512
0,0.342465753,0.200250995,0.8,0,0,0.204081633,0.75,0.6,0.333333333,0.714285714,0,1,1,0.951219512
0,0.301369863,0.103891105,0.533333333,0,0,0.5,0.5,0.733333333,0.333333333,0.857142857,0,1,1,0.951219512
0,0.205479452,0.059839052,0.533333333,0,0,0.5,0.5,0.733333333,0.666666667,0.285714286,0.2,1,0,0.951219512
1,0.164383562,0.068965541,0.8,0,0,0.397959184,0.5,0.6,0.333333333,0.714285714,0,1,1,0.951219512
0,0.287671233,0.016713179,0.8,0.039080391,0,0.704081633,0.5,0.6,0.333333333,0.571428571,0,1,1,0.951219512
0,0.452054795,0.093805962,0.533333333,0,0,0.43877551,0.5,0.733333333,0,0.5,0.8,0.5,0,0.951219512
0,0.068493151,0.032732906,0.8,0,0,0.397959184,0.5,0.6,0.666666667,0.285714286,0.6,1,1,0.951219512
0,0.369863014,0.213304107,0.866666667,0,0,0.397959184,0.625,0.8,0,0.714285714,0.2,1,1,0.951219512
0,0.342465753,0.045159544,0.533333333,0,0,0.397959184,0.5,0.733333333,0,0.428571429,0.8,1,1,0.951219512
0,0.260273973,0.126514513,0.333333333,0,0,0.704081633,0.5,0,0.333333333,1,0,1,1,0.951219512
0,0.02739726,0.082793964,0.533333333,0.037810378,0,0.397959184,0.5,0.733333333,0.333333333,0.857142857,0,1,1,0.951219512
0,0.219178082,0.02703105,0.6,0,0,0.397959184,0.5,1,0.666666667,0.857142857,0.2,0.5,0,0.951219512
0,0.315068493,0.060556858,0.533333333,0,0,0.418367347,0.25,0.733333333,0.666666667,0.785714286,0.2,1,1,0.951219512
0,0.219178082,0.016877577,0.6,0,0,0.806122449,0.5,1,0.666666667,0.214285714,0.2,1,1,0.951219512
0,0.328767123,0.110680157,0.533333333,0,0,0.602040816,0.5,0.733333333,0.333333333,1,0,1,1,0.951219512
0,0.164383562,0.165529069,0.666666667,0,0,0.397959184,0.5,0.533333333,0.666666667,0.5,0.2,1,1,0.951219512
0,0.054794521,0.034760489,0.6,0,0,0.142857143,0.5,1,0.666666667,0.571428571,0.6,1,1,0.951219512
0,0.01369863,0.210605399,0.6,0,0,0.091836735,0,1,0.666666667,0,0.6,1,1,0.951219512
1,0.452054795,0.105490439,1,0,0.436639118,0.653061224,0.5,0.666666667,0.333333333,0.714285714,0,1,1,0.951219512
0,0.054794521,0.204557832,0.6,0,0,0.428571429,0,1,0.666666667,0,0.2,1,0,0.951219512
0,0.205479452,0.106417972,1,0,0,0.704081633,0.875,0.666666667,0.666666667,0.714285714,0.2,1,0,0.951219512
0,0.397260274,0.054983543,0.6,0,0,0.397959184,0.5,1,0.333333333,0.071428571,0,1,1,0.951219512
0,0.561643836,0.059991949,0.533333333,0,0,0.5,0.625,0.733333333,0.333333333,0.857142857,0,1,1,0.951219512
0,0.356164384,0.124346888,0.866666667,0,0,0.551020408,0.5,0.8,0.333333333,0.714285714,0,1,1,0.951219512
0,0.534246575,0.13087615,0.066666667,0,0,0.397959184,0.5,0.2,0.833333333,0.5,0.8,1,1,0.951219512
0,0.01369863,0.05906577,0.4,0,0,0.153061224,0.5,0.066666667,0.666666667,0.571428571,0.6,1,0,0.951219512
0,0,0.117570013,0.333333333,0,0,0.091836735,0.5,0,0.666666667,0.928571429,0.6,1,1,0.951219512
0,0.232876712,0.204558509,0.266666667,0,0,0.397959184,0.5,0.4,0.333333333,0.214285714,0,1,1,0.951219512
0,0.369863014,0.120730796,0.533333333,0,0,0.316326531,0.5,0.733333333,0.666666667,0.571428571,0.4,0.5,1,0.951219512
1,0.232876712,0.109064586,0.6,0,0,0.479591837,0.5,1,0.333333333,0.214285714,0,1,1,0.951219512
0,0.424657534,0.040686956,0.8,0,0,0.5,0.625,0.6,0.333333333,0.214285714,0,1,1,0.951219512
0,0.383561644,0.116469963,0.2,0,0,0.418367347,0.5,0.333333333,0.666666667,0.5,0.8,1,0,0.951219512
0,0.109589041,0.188241781,0.533333333,0,0,0.397959184,0.5,0.733333333,0.333333333,0.5,0,1,1,0.951219512
0,0.246575342,0.118314204,0.533333333,0,0,0.346938776,0.5,0.733333333,0,0.571428571,0.2,1,0,0.951219512
0,0.328767123,0.141976098,0.6,0.034640346,0,0.397959184,0.5,1,0.333333333,0.214285714,0,1,1,0.951219512
0,0.232876712,0.124020797,0.733333333,0,0,0.43877551,0.5,0.466666667,0.333333333,0.214285714,0,1,1,0.951219512
1,0.287671233,0.192267178,0.666666667,0.07298073,0,0.397959184,0.5,0.533333333,0.333333333,0.214285714,0,1,1,0.951219512
0,0.424657534,0.030143798,0.6,0,0,0.397959184,0.75,1,0,1,0.2,1,1,0.951219512
0,0.287671233,0.101398741,0.4,0,0,0.397959184,0.5,0.066666667,1,0.214285714,0.8,1,1,0.951219512
0,0,0.037424693,0.266666667,0,0,0.091836735,0.5,0.4,0.666666667,0.571428571,0.6,1,0,0.951219512
0,0.260273973,0.177131685,0.533333333,0,0,0.448979592,0.5,0.733333333,0.333333333,0.5,0,1,1,0.634146341
1,0.315068493,0.040999516,0.666666667,0,0,0.397959184,0.5,0.533333333,0.333333333,0.5,0,0.25,1,0.951219512
0,0.561643836,0.114800946,1,0,0,1,0.625,0.666666667,0.666666667,0.714285714,0.2,1,0,0
0,0.260273973,0.048716778,0.8,0,0,0.724489796,0.75,0.6,0.333333333,0.357142857,0,1,1,0.951219512
1,0.534246575,0.03813844,0.6,0,0,0.397959184,0.875,1,0.333333333,0.285714286,0,1,1,0.951219512
1,0.273972603,0.119393958,0.8,0,0,0.448979592,0.5,0.6,0.333333333,0.714285714,0,1,1,0.951219512
0,0.164383562,0.214256672,0.533333333,0,0,0.397959184,0.5,0.733333333,0,0.5,0.2,0.5,1,0.951219512
0,0.575342466,0.106986263,0.533333333,0,0,0.397959184,0.25,0.733333333,0.333333333,0.571428571,0,1,1,0.951219512
0,0.02739726,0.133643864,0.6,0,0,0.142857143,0.5,1,0.666666667,0.857142857,0.6,1,0,0.951219512
0,0.01369863,0.196484712,0.533333333,0,0,0.346938776,0.5,0.733333333,0.666666667,0.571428571,0.2,1,0,0.951219512
1,0.493150685,0.111873569,0.533333333,0,0,0.397959184,0.125,0.733333333,0.333333333,0.928571429,0,1,1,0.243902439
0,0.671232877,0.010880074,0.533333333,0,0,0.397959184,0,0.733333333,0.333333333,0,0,1,1,0.951219512
0,0.369863014,0.118688329,0.533333333,0,0,0.408163265,0.5,0.733333333,0.333333333,0.214285714,0,1,1,0.951219512
0,0.123287671,0.096406572,0.6,0,0,0.346938776,0.5,1,0.5,0.071428571,0.6,0.75,0,0.951219512
0,0.04109589,0.2460201,0.6,0,0,0.142857143,0.875,1,0.666666667,0.071428571,0.6,1,1,0.951219512
0,0.410958904,0.058019166,0,0,0,0.244897959,0.5,0.866666667,0.666666667,0.571428571,0.2,1,1,0.195121951
1,0.205479452,0.058874986,0.533333333,0,0,0.397959184,0.625,0.733333333,0.333333333,0.285714286,0,1,1,0.951219512
0,0.479452055,0.198068486,0.533333333,0,0.470844812,0.397959184,0.25,0.733333333,0.333333333,0.214285714,0,1,1,0.951219512
0,0.397260274,0.148203624,0.6,0,0,0.193877551,0.75,1,0.833333333,0.714285714,0.2,1,1,0.951219512
0,0.301369863,0.08698173,0.533333333,0,0,0.5,0.5,0.733333333,0.666666667,0.714285714,0.2,1,1,0.951219512
0,0.383561644,0.021787209,0.533333333,0,0,0.448979592,0.5,0.733333333,0.333333333,1,0,1,1,0.951219512
0,0.205479452,0.132923352,0.533333333,0,0,0.602040816,0.5,0.733333333,0.666666667,1,0.2,1,1,0.951219512
0,0.219178082,0.118196487,0.8,0,0,0.510204082,0.5,0.6,0.333333333,0.714285714,0,1,1,0.951219512
0,0.780821918,0.091091694,0.533333333,0,0,0.551020408,0.75,0.733333333,0.333333333,0.857142857,0,1,1,0.951219512
0,0.246575342,0.079478931,0.533333333,0,0,0.448979592,0.5,0.733333333,0.333333333,1,0,1,1,0.951219512
0,0.287671233,0.122278037,0.533333333,0,0.323232323,0.397959184,0.5,0.733333333,0.666666667,0.571428571,0.8,1,1,0
0,0.178082192,0.078021669,0.8,0,0,0.193877551,0.5,0.6,0.666666667,0.857142857,0.6,1,0,0.292682927
1,0.342465753,0.186635681,0.6,0,0,0.897959184,0.5,1,0.333333333,0.214285714,0,1,1,0.951219512
0,0.328767123,0.118743805,0.6,0,0,0.397959184,0.5,1,0.666666667,0.428571429,0.2,1,1,0.951219512
0,0.273972603,0.093552261,0.533333333,0,0,0.43877551,0.875,0.733333333,0.833333333,0.214285714,0.2,1,1,0.951219512
0,0.342465753,0.043435051,0.533333333,0,0,0.448979592,0.5,0.733333333,0.333333333,0.071428571,0,1,1,0.951219512
0,0.506849315,0.065385981,0.533333333,0,0,0.346938776,0.75,0.733333333,0.333333333,0.214285714,0,1,1,0.951219512
0,0.095890411,0.068564354,0.8,0,0,0.397959184,0.5,0.6,0.666666667,0.571428571,0.2,1,1,0.951219512
0,0.547945205,0.241193682,0.533333333,0,0,0.397959184,0.625,0.733333333,0.333333333,0.285714286,0,1,1,0.951219512
0,0.054794521,0.095633966,0.533333333,0,0,0.704081633,0.5,0.733333333,0.666666667,0.571428571,0.6,0.5,1,0.951219512
0,0.410958904,0.092740416,0.8,0,0,0.397959184,0.5,0.6,0.333333333,0.5,0,1,1,0.707317073
0,0.520547945,0.0907859,0.6,0,0,0.448979592,0.125,1,0.333333333,0.214285714,0,1,1,0.951219512
0,0.123287671,0.136672722,0.8,0,0,0.5,0.5,0.6,0.666666667,0.714285714,0.2,1,0,0.951219512
1,0.191780822,0.078329494,0.4,0,0,0.551020408,0.5,0.066666667,0.333333333,0.357142857,0,1,1,0.951219512
0,0.136986301,0.053381503,0.533333333,0,0,0.397959184,0.5,0.733333333,0.666666667,0.071428571,0.6,1,1,0.951219512
0,0.684931507,0.210640579,0.533333333,0,0,0.142857143,0.625,0.733333333,0.333333333,0.214285714,0,1,1,0.048780488
0,0.301369863,0.046817737,0.6,0,0.143480257,0.397959184,0.5,1,0,0.285714286,0.8,1,0,0.951219512
0,0.095890411,0.266796562,0.533333333,0,0,0.5,0.5,0.733333333,0.666666667,0.857142857,0.8,1,0,0.951219512
0,0.219178082,0.112075177,0.533333333,0,0,0.397959184,0.125,0.733333333,0.333333333,0.071428571,0,0.5,1,0.951219512
0,0.136986301,0.01735183,0.6,0,0,0.397959184,0.5,1,0.666666667,0.071428571,0.8,0.5,0,0.951219512
1,0.315068493,0.0225977,0.6,0.047870479,0,0.5,0.5,1,0,0.571428571,0.2,0.5,1,0.951219512
0,0,0.158775873,0.466666667,0,0,0.295918367,0,0.133333333,0.666666667,0,0.6,1,1,0.951219512
0,0.452054795,0.177417183,0.533333333,0,0,0.397959184,0.5,0.733333333,0,0.214285714,0.4,1,1,0.951219512
1,0.452054795,0.085171993,0.733333333,0,0.436639118,0.397959184,0.5,0.466666667,0.333333333,0.214285714,0,1,1,0.951219512
0,0.438356164,0.173159057,0.2,0,0,0.397959184,0.5,0.333333333,0.333333333,0.428571429,0,1,1,0.951219512
0,0.232876712,0.116875886,0.533333333,0,0.383149679,0.448979592,0.5,0.733333333,0.666666667,0.714285714,0.2,1,0,0.951219512
1,0.493150685,0.139600099,0.533333333,0,0,0.397959184,0.5,0.733333333,0.333333333,0.5,0,1,1,0.951219512
0,0.123287671,0.070196839,0.4,0.029070291,0,0.5,0.5,0.066666667,0.833333333,0.214285714,0.4,1,1,0.951219512
0,0.232876712,0.164674602,0.533333333,0,0,0.193877551,0.5,0.733333333,0.333333333,0.071428571,1,1,0,0.951219512
1,0.150684932,0.056649855,0.8,0,0,0.5,0.5,0.6,0.333333333,0.285714286,1,1,0,0.951219512
0,0.02739726,0.02364498,0.6,0,0,0.755102041,0.5,1,0.666666667,0.571428571,0.2,1,0,0.951219512
1,0.356164384,0.13345308,0.866666667,0.105201052,0,0.5,0.25,0.8,0.666666667,0.285714286,0.2,1,0,0.951219512
0,0.301369863,0.208154981,0.533333333,0,0,0.397959184,0.5,0.733333333,0,0.857142857,0.4,1,0,0.951219512
0,0.068493151,0.137194332,0.6,0,0,0.397959184,0.5,1,0.333333333,0.571428571,0,0,1,0.951219512
1,0.410958904,0.021630252,0.8,0,0,0.602040816,0.125,0.6,0.5,0.285714286,0.2,1,1,0.951219512
0,0.01369863,0.061601432,0.333333333,0,0.394628099,0.153061224,0.5,0,0.666666667,0.857142857,0.6,1,0,0.951219512
0,0.02739726,0.032883098,0.533333333,0,0,0.489795918,0.5,0.733333333,0.666666667,0.214285714,0.2,1,1,0.951219512
1,0.273972603,0.094802502,0.933333333,0,0,0.602040816,0.625,0.933333333,0.333333333,0.714285714,0,1,1,0.951219512
0,0.164383562,0.100123468,0.533333333,0,0,0.397959184,0.5,0.733333333,0,0.5,0.8,1,1,0.951219512
1,0.328767123,0.064649909,0.8,0,0,0.397959184,0.5,0.6,0.333333333,0.714285714,1,1,0,0.951219512
1,0.150684932,0.1218437,0.8,0,0,0.397959184,0.5,0.6,0.333333333,0.857142857,0,1,1,0.951219512
0,0.260273973,0.268520379,0.4,0,0,0.397959184,0.5,0.066666667,0.333333333,0.071428571,0,1,1,0.951219512
0,0.602739726,0.162921018,0.8,0,0,0.234693878,0,0.6,0,0,0.2,1,0,0.951219512
1,0.260273973,0.231235729,0.8,0,0,0.602040816,0.5,0.6,0.333333333,0.714285714,0,1,1,0.951219512
0,0.136986301,0.011484898,0.733333333,0,0,0.418367347,0.5,0.466666667,0.666666667,0.571428571,0.4,1,1,0.951219512
0,0.520547945,0.17085883,0.8,0,0,0.397959184,0.125,0.6,0.666666667,0.714285714,0.2,1,0,0.951219512
0,0.095890411,0.109685647,0.666666667,0,0,0.397959184,0.5,0.533333333,0.333333333,0.071428571,1,1,0,0.951219512
1,0.328767123,0.116946246,0.533333333,0,0,0.448979592,0.5,0.733333333,0.333333333,0.928571429,0,1,1,0
0,0.191780822,0.148146795,0.8,0.046500465,0,0.448979592,0.5,0.6,0,0.285714286,0.2,1,1,0.951219512
0,0.095890411,0.084162599,0.533333333,0,0,0.397959184,0.5,0.733333333,0.833333333,0.5,0.8,0.75,0,0.951219512
0,0,0.053349029,0.333333333,0,0,0.071428571,0.5,0,0.666666667,0.857142857,0.6,1,1,0.951219512
0,0.123287671,0.096862558,0.8,0,0,0.448979592,0.5,0.6,0.666666667,0.785714286,0.4,1,1,0.951219512
0,0.493150685,0.143837929,0.133333333,0,0,0.091836735,0.5,0.266666667,0.333333333,0.642857143,1,0.5,0,0.341463415
1,0.342465753,0.092030052,0.666666667,0,0,0.397959184,0.875,0.533333333,0.333333333,0.785714286,0,1,1,0.951219512
0,0.315068493,0.099120163,0.533333333,0,0,0.397959184,0.125,0.733333333,0,0.071428571,0.2,1,0,0.731707317
0,0.643835616,0.118645031,0.066666667,0,0,0.397959184,0,0.2,0,0,0.2,1,1,0.951219512
0,0.123287671,0.111922956,0.733333333,0,0,0.448979592,0.5,0.466666667,0,0.714285714,0.8,1,0,0.951219512
0,0.178082192,0.114203563,0.8,0,0,0.397959184,0.25,0.6,0.333333333,0.785714286,0,1,1,0.951219512
0,0.219178082,0.110884471,0.466666667,0,0.518365473,0.418367347,0.5,0.133333333,0,0.214285714,0.2,1,1,0.951219512
0,0.205479452,0.195114724,0.866666667,0,0,0.397959184,0.25,0.8,0.666666667,0.714285714,0.2,0.5,1,0.951219512
0,0.150684932,0.073194576,0.533333333,0,0,0.193877551,0.5,0.733333333,0.666666667,0.571428571,0.6,1,1,0.951219512
0,0.369863014,0.069323429,0.6,0,0,0.37755102,0.5,1,1,0.928571429,0.8,1,0,0.951219512
0,0.082191781,0.131776621,0.333333333,0,0,0.295918367,0.5,0,0.666666667,0.571428571,0.2,1,1,0.951219512
0,0.479452055,0.115908437,0.066666667,0,0,0.397959184,0.5,0.2,0.333333333,0.357142857,0,1,1,0.951219512
0,0.205479452,0.201085842,0.733333333,0,0,0.397959184,0.5,0.466666667,0.333333333,0.214285714,0,1,1,0.951219512
0,0.095890411,0.053381503,0.533333333,0,0,0.397959184,0.5,0.733333333,0.333333333,0.214285714,0,1,1,0.951219512
1,0.246575342,0.138301824,0.533333333,0,0,0.397959184,0.5,0.733333333,0.333333333,0.214285714,0,1,1,0.951219512
0,0.671232877,0.078232073,0.533333333,0.020500205,0,0.551020408,0.5,0.733333333,0.666666667,1,0.2,1,1,0.951219512
0,0.643835616,0.142607307,0.8,0,0,0.071428571,0,0.6,0,0,0.2,1,0,0.951219512
1,0.328767123,0.109673469,0.866666667,0,0,0.397959184,0.5,0.8,0.333333333,0.714285714,0,1,1,0.951219512
0,0.095890411,0.134289957,0.8,0,0,0.397959184,0.5,0.6,0.666666667,0.214285714,0.2,1,0,0.951219512
1,0.260273973,0.106954466,0.533333333,0,0.433195592,0.397959184,0.5,0.733333333,0.333333333,0.5,0,1,1,0.951219512
0,0.356164384,0.083059167,0.533333333,0,0,0.346938776,0.25,0.733333333,0.833333333,0.071428571,0.4,1,0,0.951219512
0,0.04109589,0.138782165,0.533333333,0,0,0.397959184,0.5,0.733333333,0.333333333,0.071428571,0.4,1,0,0.951219512
0,0.438356164,0.10297575,0.733333333,0,0,0.346938776,0.75,0.466666667,0.333333333,0.285714286,0,1,1,0.268292683
1,0.205479452,0.083835831,0.866666667,0,0.648301194,0.551020408,0.5,0.8,0.833333333,0.285714286,0.2,1,1,0.951219512
0,0.095890411,0.129163157,0.8,0,0,0.244897959,0.5,0.6,0.666666667,0.857142857,0.2,1,0,0.951219512
1,0.602739726,0.159578247,0.333333333,0.076880769,0,0.397959184,0.625,0,0.333333333,0.285714286,0,1,1,0.951219512
0,0.082191781,0.384248181,0.533333333,0,0,0.397959184,0.5,0.733333333,0.666666667,0.928571429,0.2,1,0,0.951219512
0,0.232876712,0.062820552,0.6,0,0,0.397959184,0.5,1,0,0.071428571,0.6,1,1,0.951219512
0,0.109589041,0.037897593,0.533333333,0,0,0.397959184,0.5,0.733333333,0.333333333,0.214285714,0,1,1,0.951219512
1,0.342465753,0.196784418,0.8,0,0,0.5,0.5,0.6,0.333333333,0.285714286,0,1,1,0.951219512
0,0.232876712,0.131935607,0.533333333,0,0,0.193877551,0.5,0.733333333,0,0.5,0.8,1,0,0.951219512
0,0.369863014,0.112011582,0.933333333,0,0,0.602040816,0.75,0.933333333,0.333333333,0.714285714,0,1,1,0.951219512
0,0.465753425,0.112795689,0.6,0,0,0.602040816,0.5,1,0,0.857142857,0.2,1,0,0.951219512
0,0.397260274,0.058675408,0.6,0,0,0.346938776,0.5,1,0,0.571428571,0.6,1,0,0.951219512
0,0.561643836,0.098923967,0.4,0,0,0.153061224,0,0.066666667,0.333333333,0,0,1,1,0.951219512
1,0.410958904,0.057214087,0.8,0,0,0.397959184,0.125,0.6,0.333333333,0.714285714,0,1,1,0.951219512
1,0.561643836,0.131606133,0.8,0.076880769,0,0.5,0.5,0.6,0.333333333,0.071428571,0,1,1,0.951219512
1,0.315068493,0.127514436,0.533333333,0.143441434,0,0.397959184,0.5,0.733333333,0.666666667,0.5,0.2,0.5,1,0.951219512
0,0.232876712,0.071088515,0.533333333,0,0,0.397959184,0.125,0.733333333,0,0.571428571,0.2,1,0,0.951219512
0,0.219178082,0.101916969,0.8,0,0,0.5,0.5,0.6,0.333333333,0.714285714,0,1,1,0.536585366
0,0.506849315,0.191261167,0.333333333,0,0,0.397959184,0.5,0,0.333333333,0.428571429,0,1,1,0.951219512
1,0.410958904,0.221618751,0.533333333,0,0,0.448979592,0.5,0.733333333,0.333333333,0.857142857,0,1,1,0.951219512
0,0.301369863,0.110239731,0.6,0,0,0.5,0.5,1,0.333333333,0.714285714,0,1,1,0.951219512
1,0.191780822,0.129339057,0.866666667,1,0,0.397959184,0.5,0.8,0.666666667,0.285714286,0.2,1,0,0.951219512
0,0.082191781,0.136437287,0.533333333,0,0.459366391,0.397959184,0.5,0.733333333,0.666666667,0.071428571,0.6,0.5,1,0.951219512
0,0.136986301,0.111274157,0.533333333,0,0,0.397959184,0.5,0.733333333,0.666666667,0.214285714,0.4,0.75,1,0.658536585
1,0.260273973,0.219407827,0.533333333,0,0,0.5,0.5,0.733333333,0.333333333,0.285714286,0,1,1,0.951219512
0,0.328767123,0.100500976,0.4,0,0,0.397959184,0.5,0.066666667,0.5,0.5,0.2,1,1,0.317073171
0,0.342465753,0.023057069,0.533333333,0,0,0.397959184,0.125,0.733333333,0.833333333,0.071428571,0.8,0.5,0,0.951219512
1,0.589041096,0.085390514,0.8,0.07298073,0,0.479591837,0.25,0.6,0.333333333,0.785714286,0,1,1,0.951219512
0,0.479452055,0.022538165,0.533333333,0,0,0.5,0.5,0.733333333,0.333333333,0.214285714,0,1,1,0
0,0.273972603,0.102996722,0.8,0,0,0.397959184,0.5,0.6,0.333333333,0.714285714,0,1,1,0.951219512
0,0.561643836,0.127209994,0.533333333,0,0,0.397959184,0.875,0.733333333,0.333333333,0.214285714,0,1,1,0.951219512
0,0.561643836,0.159969962,0.533333333,0,0,0.397959184,0.25,0.733333333,0.666666667,0.571428571,0.2,1,1,0.951219512
0,0.095890411,0.081212896,0.6,0,0,0.295918367,0.5,1,0.5,0.857142857,0.8,0.75,0,0.170731707
0,0.328767123,0.079498551,0.533333333,0,0,0.295918367,0.25,0.733333333,0.666666667,0.571428571,0.6,1,1,0.951219512
1,0.219178082,0.071495114,0.8,0,0,0.397959184,0.5,0.6,0.333333333,0.285714286,0,1,1,0.951219512
1,0.575342466,0.127469784,0.8,0,0,0.479591837,0.5,0.6,0.333333333,0.214285714,0,0.5,1,0.951219512
0,0,0.17945559,0.4,0,0,0.040816327,0.5,0.066666667,0.666666667,0.857142857,0.6,1,1,0.951219512
0,0.301369863,0.055307605,0.533333333,0,0,0.397959184,0.5,0.733333333,0,0.428571429,0.6,1,1,0.951219512
0,0.123287671,0.173916103,0.666666667,0,0,0.551020408,0.125,0.533333333,0.666666667,0.071428571,0.2,0.75,1,0.951219512
1,0.452054795,0.051928301,0.533333333,0.150241502,0,0.5,0.5,0.733333333,0.333333333,0.214285714,0,1,1,0.951219512
0,0.616438356,0.051261235,0.8,0,0,0.397959184,0.5,0.6,0.333333333,0.5,0,1,1,0.951219512
0,0.328767123,0.213326433,0.466666667,0,0,0.397959184,0.5,0.133333333,0.833333333,0.214285714,0.2,0.5,1,0.951219512
0,0.465753425,0.207540685,0.533333333,0,0,0.602040816,0.25,0.733333333,0.333333333,1,0,0.5,1,0.951219512
0,0.356164384,0.018766469,0.4,0,0,0.418367347,0.5,0.066666667,0.666666667,1,0.2,1,1,0.951219512
0,0.616438356,0.019963264,0.866666667,0,0,0.5,0.25,0.8,0.833333333,0.714285714,0.2,1,0,0
1,0.534246575,0.008011555,0.666666667,0,0,0.540816327,0.625,0.533333333,0.333333333,0.857142857,0,1,1,0.951219512
0,0.232876712,0.126057851,0.866666667,0.046500465,0,0.397959184,0.5,0.8,0.666666667,0.285714286,0.6,1,1,0.951219512
1,0.123287671,0.118642325,0.533333333,0,0,0.785714286,0.625,0.733333333,0,0.285714286,0.2,1,1,0.951219512
0,0.589041096,0.060905275,0.733333333,0,0,0.448979592,0,0.466666667,0,0,0.2,1,0,0.048780488
1,0.287671233,0.240749197,0.8,0,0,0.5,0.5,0.6,0.333333333,0.285714286,0,1,1,0.951219512
0,0.931506849,0.058402763,0.8,0,0,0.020408163,0.5,0.6,0.333333333,0.285714286,0,1,1,0.756097561
1,0.589041096,0.113811848,0.266666667,0,0,0.448979592,0.625,0.4,0.333333333,0.214285714,0,1,1,0.951219512
1,0.328767123,0.147942481,0.933333333,0,0,0.448979592,0.75,0.933333333,0.333333333,0.714285714,0,1,1,0.951219512
0,0.191780822,0.16895776,0.533333333,0,0,0.397959184,0.5,0.733333333,0.333333333,0.5,0,0.5,1,0.951219512
0,0.164383562,0.174209043,0.533333333,0,0,0.397959184,0.5,0.733333333,0.333333333,0.214285714,0,1,1,0.951219512
0,0.273972603,0.01140642,0.666666667,0,0,0.397959184,0.5,0.533333333,0.666666667,0.571428571,0.2,1,1,0.951219512
0,0.219178082,0.131533744,0.533333333,0,0,0.397959184,0.5,0.733333333,0,0.214285714,0.6,1,1,0.951219512
0,0.205479452,0.339033837,0.866666667,0,0,0.091836735,0.875,0.8,0.666666667,0.714285714,0.2,1,1,0.951219512
1,0.671232877,0.105151494,0.533333333,0,0,0.397959184,0.5,0.733333333,1,0.857142857,0.2,1,0,0.951219512
0,0.205479452,0.069535185,0.6,0,0,0.397959184,0.5,1,0.333333333,0.928571429,0,1,1,0.951219512
0,0.273972603,0.015590803,0.533333333,0,0.383149679,0.551020408,0.5,0.733333333,0,0.214285714,0.2,1,1,0.951219512
0,0.561643836,0.139663693,0.2,0,0,0.5,0.5,0.333333333,0.333333333,0.357142857,0,1,1,0.951219512
0,0.054794521,0.08120816,0.4,0,0,0.346938776,0.5,0.066666667,0.666666667,0.214285714,0.2,1,1,0.951219512
0,0.301369863,0.212622834,0.6,0,0,0.397959184,0.875,1,0.666666667,1,0.6,0.5,1,0.951219512
0,0.178082192,0.011661474,0.6,0,0,0.397959184,0.5,1,0.333333333,0.857142857,1,1,0,0.951219512
0,0.109589041,0.131461354,0.466666667,0,0,0.397959184,0.5,0.133333333,0.333333333,0.5,0,1,1,0.195121951
0,0.219178082,0.277673253,0.533333333,0,0,0.397959184,0.25,0.733333333,0.333333333,0.571428571,0,1,1,0.951219512
0,0.410958904,0.049858773,0.866666667,0,0,0.602040816,0.75,0.8,0.666666667,0.714285714,0.2,0,0,0.951219512
0,0.616438356,0.126453625,0.666666667,0,0,0.397959184,0.875,0.533333333,1,0.285714286,0.8,0.5,0,0.951219512
0,0.123287671,0.164977691,0.6,0,0,0.397959184,0,1,0.666666667,0,0.6,1,0,0.951219512
1,0.383561644,0.202248134,0.933333333,0,0.340909091,0.5,0.625,0.933333333,0.333333333,0.714285714,0,1,1,0.951219512
0,0.479452055,0.007776797,0.6,0,0,0.397959184,0.125,1,0,0.071428571,0.2,1,1,0.951219512
0,0.561643836,0.104168485,0.6,0,0,0.5,0.75,1,0.333333333,0.071428571,0,1,1,0.951219512
0,0.410958904,0.124992304,0.8,0,0,0.5,0.125,0.6,0.333333333,0.714285714,0,1,1,0.951219512
0,0.684931507,0.119488673,0.2,0.024140241,0,0.397959184,0,0.333333333,0.333333333,0,0,1,1,0.951219512
0,0.561643836,0.014275615,0.6,0,0,0.244897959,0.25,1,1,0.071428571,0.4,1,0,0.951219512
0,0.095890411,0.141883412,0.533333333,0,0,0.295918367,0.5,0.733333333,0.666666667,0.571428571,0.4,1,1,0.951219512
1,0.547945205,0.055388789,0.866666667,0.076880769,0,0.846938776,0.5,0.8,0.333333333,0.714285714,0,1,1,0.951219512
1,0.150684932,0.251020387,0.666666667,0,0,0.397959184,0.5,0.533333333,0.333333333,0.5,0,1,1,0.951219512
0,0.356164384,0.094939839,0.6,0,0,0.397959184,0.5,1,0,0.071428571,0.6,1,0,0.951219512
0,0.246575342,0.285383072,0.533333333,0,0,0.397959184,0.5,0.733333333,0.333333333,0.428571429,0,1,1,0.634146341
1,0.452054795,0.108084283,0.6,0,0,0.397959184,0.125,1,0.333333333,0.285714286,0,1,1,0.951219512
0,0.095890411,0.258373672,0.466666667,0,0,0.551020408,0.5,0.133333333,0.666666667,1,0.6,1,1,0.268292683
1,0.287671233,0.15769206,0.6,0,0,0.755102041,0,1,0.333333333,0,0,1,1,0.951219512
0,0.246575342,0.046135788,0.666666667,0,0,0.397959184,0.5,0.533333333,0,0.857142857,0.2,1,1,0.951219512
1,0.287671233,0.082319711,0.8,0,0,0.5,0.5,0.6,0,0.714285714,0.2,1,0,0.951219512
0,0.095890411,0.131658227,0.533333333,0,0,0.397959184,0.5,0.733333333,0.666666667,0.071428571,0.2,1,0,0.951219512
0,0.205479452,0.212431374,0.8,0,0,0.397959184,0.5,0.6,0.666666667,0.571428571,0.8,0.75,1,0.951219512
1,0.178082192,0.088486349,0.8,0,0.561065197,0.551020408,0.75,0.6,0,0.857142857,0.2,1,1,0.951219512
0,0.246575342,0.036545871,0.333333333,0,0,0.448979592,0.5,0,0.333333333,0.5,0,1,1,0.951219512
0,0.520547945,0.128727467,0.8,0,0,0.346938776,0.5,0.6,0.333333333,0.571428571,0.4,0.25,1,0.731707317
1,0.369863014,0.122614952,0.866666667,0,0.436639118,0.397959184,0.875,0.8,0.333333333,0.285714286,0,1,1,0.951219512
0,0.493150685,0.096478285,0.266666667,0,0,0.397959184,0.5,0.4,0.333333333,1,0,1,1,0.951219512
0,0.273972603,0.047141122,0.6,0,0,0.244897959,0.5,1,0,0.571428571,0.8,1,0,0.951219512
0,0.561643836,0.165067671,0.533333333,0,0,0.397959184,0.5,0.733333333,0,0.071428571,0.2,1,0,0.951219512
0,0.205479452,0.075009049,0.8,0,0,0.295918367,0.5,0.6,0.333333333,0.928571429,0,1,1,0
1,0.164383562,0.235598719,0.866666667,0,0,0.397959184,0.125,0.8,0.333333333,0.714285714,0,1,1,0.951219512
0,0.520547945,0.06281108,0.533333333,0,0,0.397959184,0.5,0.733333333,0,0.071428571,0.2,1,0,0.951219512
0,0.616438356,0.125007188,0.666666667,0,0,0.5,0.625,0.533333333,0.333333333,0.285714286,0,1,1,0.951219512
0,0.246575342,0.017246967,0.666666667,0.03103031,0,0.551020408,0.75,0.533333333,0.333333333,0.357142857,0,1,1,0.951219512
0,0.616438356,0.069506094,0.6,0,0,0.397959184,0.25,1,0.333333333,0.5,0,1,1,0.951219512
0,0.068493151,0.104244934,0.6,0,0,0.397959184,0.5,1,0.666666667,0.214285714,0.6,1,1,0.951219512
1,0.191780822,0.059512961,0.8,1,0,0.704081633,0.5,0.6,0,0.571428571,0.2,0.25,1,0.951219512
0,0.493150685,0.152521286,0.533333333,0.034110341,0,0.653061224,0.75,0.733333333,0.333333333,0.714285714,1,1,0,0.951219512
1,0.232876712,0.100623429,0.6,0,0,0.551020408,0.5,1,0.333333333,0.857142857,0,1,1,0.951219512
1,0.438356164,0.121802431,0.533333333,0,0,0.397959184,0.5,0.733333333,0.333333333,0.214285714,0,1,1,0.951219512
1,0.383561644,0.101565169,0.6,0,0,0.448979592,0.125,1,1,0.928571429,0.2,1,0,0.951219512
0,0.068493151,0.120540012,0.333333333,0,0,0.346938776,0.5,0,0.666666667,0.571428571,0.2,1,0,0.951219512
0,0.397260274,0.120279545,0.533333333,0,0,0.397959184,0.5,0.733333333,0.333333333,0.071428571,0,1,1,0.951219512
0,0.109589041,0.013524658,0.8,0,0,0.397959184,0,0.6,0.333333333,0,0,1,1,0.951219512
0,0.602739726,0.094156409,0.333333333,0,0,0.37755102,0.875,0,0.666666667,0.571428571,0.2,0.5,0,0.951219512
0,0.095890411,0.137114501,0.4,0,0,0.448979592,0.5,0.066666667,0.666666667,0.285714286,0.2,1,1,0.951219512
0,0.191780822,0.060252416,0.8,0,0,0.397959184,0.5,0.6,0.666666667,0.857142857,0.2,1,0,0.951219512
1,0.356164384,0.014238405,0.933333333,0,0.453856749,0.704081633,0.875,0.933333333,0.333333333,0.714285714,0,1,1,0.951219512
1,0.109589041,0.111252507,0.8,0,0,0.602040816,0.5,0.6,0.333333333,0.214285714,0,1,1,0.951219512
0,0.246575342,0.129812633,0.6,0,0,0.551020408,0.5,1,0,0.5,0.8,0.5,0,0.951219512
0,0.493150685,0.047025434,0.533333333,0,0,0.397959184,0.5,0.733333333,0.333333333,0.857142857,1,1,0,0.951219512
1,0.287671233,0.10267469,0.6,0,0,0.397959184,0.5,1,0.333333333,0.785714286,0,0.5,1,0.951219512
0,0.205479452,0.244193449,0.6,0,0,0.397959184,0,1,0.666666667,0,0.8,0.5,0,0.951219512
1,0.534246575,0.066109876,0.866666667,0,0,0.397959184,0.5,0.8,0.333333333,0.714285714,0,1,1,0.951219512
1,0.369863014,0.151856249,0.866666667,0.105201052,0,0.448979592,0.5,0.8,0,0.285714286,0.2,1,1,0.951219512
0,0.150684932,0.16419832,0.4,0,0,0.397959184,0.75,0.066666667,0.666666667,0.857142857,0.6,1,1,0.951219512
0,0.287671233,0.193865836,0.533333333,0,0,0.397959184,0.5,0.733333333,0,0.071428571,0.6,1,0,0.951219512
0,0.054794521,0.063115522,0.6,0,0,0.295918367,0.5,1,0.666666667,0.571428571,0.6,1,0,0.951219512
0,0.273972603,0.051369481,0.866666667,0,0,0.397959184,0.5,0.8,0.666666667,0.714285714,0.2,0.25,0,0.073170732
1,0.205479452,0.126057851,0.8,0,0,0.448979592,0.75,0.6,0.666666667,0.857142857,0.2,1,1,0
1,0.424657534,0.130446548,0.8,1,0,0.806122449,0.5,0.6,0.333333333,0.857142857,0,1,1,0.951219512
1,0.383561644,0.149319911,0.6,0,0,0.653061224,0.125,1,0.333333333,1,0,1,1,0.951219512
1,0.136986301,0.080796826,0.8,0,0.340909091,0.5,0.5,0.6,0.333333333,0.285714286,0,1,1,0.951219512
1,0.219178082,0.111927692,0.533333333,0,0,0.397959184,0.5,0.733333333,0.333333333,0.857142857,0,1,1,0.951219512
0,0.164383562,0.098729125,0.533333333,0,0,0.346938776,0.5,0.733333333,0.666666667,0.357142857,0.8,1,1,0.951219512
1,0.164383562,0.196288516,0.666666667,0,0.359044995,0.56122449,0.25,0.533333333,0.666666667,0.785714286,0.2,1,1,0.951219512
1,0.178082192,0.055204771,0.8,0,0,0.448979592,0.5,0.6,0.333333333,0.714285714,0,1,1,0.951219512
1,0.410958904,0.085908742,0.8,0.278282783,0,0.37755102,0.5,0.6,0.666666667,0.928571429,0.2,1,1,0.951219512
0,0.01369863,0.028519432,0.6,0,0,0.295918367,0.5,1,0.666666667,0.571428571,0.6,1,1,0.951219512
0,0.068493151,0.303460827,0.533333333,0,0,0.551020408,0.5,0.733333333,0.666666667,0.214285714,0.6,1,1,0.951219512
0,0.383561644,0.113674511,0.6,0,0,0.397959184,0.5,1,0,0.5,0.8,1,0,0.951219512
0,0.356164384,0.185860369,0.8,0,0,0.397959184,0.5,0.6,0.333333333,0.714285714,0,1,1,0.951219512
1,0.273972603,0.23070803,0.533333333,1,0,0.5,0.75,0.733333333,0.333333333,0.857142857,0,1,1,0.951219512
0,0.178082192,0.151718912,0.6,0,0,0.683673469,0.5,1,0.333333333,0.714285714,0,1,1,0.951219512
1,0.328767123,0.230394117,0.8,0.076880769,0,0.551020408,0.5,0.6,0.333333333,0.714285714,0,1,1,0.951219512
0,0.219178082,0.066053724,0.8,0,0,0.397959184,0.5,0.6,0.666666667,0.071428571,0.2,0.5,0,0.951219512
0,0.493150685,0.179611871,0.533333333,0,0,0.397959184,0.5,0.733333333,0,0.428571429,0.8,0.5,0,0.951219512
0,0.095890411,0.127770843,0.533333333,0,0,0.653061224,0.5,0.733333333,0.666666667,0.214285714,0.2,1,1,0.951219512
0,0.698630137,0.163438569,0.8,0,0,0.295918367,0.5,0.6,0.333333333,0.857142857,0,1,1,0.951219512
0,0.520547945,0.179226921,0.6,0,0,0.397959184,0.875,1,0,1,0.2,1,1,0.951219512
0,0.068493151,0.059575879,0.533333333,0,0,0.428571429,0.125,0.733333333,0.666666667,0.428571429,0.6,1,1,0.951219512
0,0.232876712,0.042736188,0.466666667,0,0,0.397959184,0.5,0.133333333,0,0.571428571,0.8,0.5,0,0.951219512
0,0.452054795,0.312522368,0.533333333,0,0,0.397959184,0.5,0.733333333,0,0.5,0.6,1,1,0.951219512
0,0.054794521,0.124235259,0.333333333,0,0,0.397959184,0.5,0,0.666666667,0.428571429,0.2,0.75,1,0.146341463
0,0.068493151,0.14409366,0.6,0,0,0.193877551,0.5,1,0.333333333,0.357142857,0,1,1,0.951219512
0,0.191780822,0.069447912,0.533333333,0,0,0.397959184,0.5,0.733333333,0.333333333,0.214285714,0,1,1,0.951219512
0,0.054794521,0.029968575,0.6,0,0,0.091836735,0.875,1,0.666666667,0.928571429,0.6,1,1,0.951219512
0,0.534246575,0.110168695,0.533333333,0,0,0.346938776,0.5,0.733333333,0,0.214285714,0.8,1,1,0.951219512
1,0.315068493,0.192524262,0.6,0.051780518,0,0.397959184,0.5,1,0.333333333,0.857142857,0,1,1,0.951219512
0,0.301369863,0.237554588,0.8,0,0,0.346938776,0.75,0.6,0.833333333,0.214285714,0.6,1,1,0.951219512
1,0.739726027,0.113177256,0.933333333,0,0,0.112244898,0.5,0.933333333,0.333333333,0.714285714,0,1,1,0.951219512
0,0.410958904,0.025040677,0.533333333,0,0,0.5,0.5,0.733333333,0,0.857142857,0.2,1,1,0.951219512
1,0.534246575,0.068029213,0.533333333,0,0,0.551020408,0.5,0.733333333,0.333333333,0.285714286,0,1,1,0.951219512
0,0.712328767,0.10243046,0.6,0,0,0.153061224,0.875,1,0.333333333,1,0,1,1,0.951219512
0,0.123287671,0.192195465,0.533333333,0,0,0.397959184,0,0.733333333,0,0,0.6,1,0,0.951219512
0,0.164383562,0.089486271,0.533333333,0,0,0.448979592,0.5,0.733333333,0.333333333,0.5,0,1,1,0.951219512
0,0.260273973,0.191353176,0.533333333,0,0,0.846938776,0.75,0.733333333,0.333333333,0.357142857,0,1,1,0.951219512
1,0.342465753,0.162526596,0.933333333,0.150241502,0,0.397959184,0.5,0.933333333,0.333333333,0.285714286,0,1,1,0.951219512
1,0.383561644,0.096166401,0.8,0.105201052,0,0.5,0.5,0.6,1,0.714285714,0.2,1,0,0.951219512
0,0,0.171696384,0.333333333,0,0,0.193877551,0.5,0,0.666666667,0.571428571,0.2,1,1,0.195121951
1,0.616438356,0.04023097,0.6,0,0.453856749,0.989795918,0.5,1,0.333333333,0.285714286,0,1,1,0.951219512
0,0.082191781,0.197617235,0.533333333,0,0,0.397959184,0.25,0.733333333,0.666666667,0.571428571,0.2,1,0,0.951219512
1,1,0.14580124,0.866666667,0.200512005,0,0.602040816,0.25,0.8,0.333333333,0.285714286,0,1,1,0.951219512
0,0.123287671,0.125483471,0.8,0,0,0.397959184,0.25,0.6,0.666666667,0.714285714,0.2,1,0,0.951219512
1,0.410958904,0.046930719,0.6,0,0,0.56122449,0.25,1,0,0.285714286,0.2,1,1,0.951219512
1,0.273972603,0.136360161,0.6,0,0,0.5,0.5,1,0.333333333,0.214285714,0,1,1,0.951219512
0,0.068493151,0.133048511,0.733333333,0,0,0.295918367,0.5,0.466666667,0.666666667,0.857142857,0.6,1,1,0
0,0.465753425,0.058709234,0.666666667,0.050130501,0,0.397959184,0.5,0.533333333,0.333333333,0.214285714,0,1,1,0.951219512
0,0.315068493,0.105160965,0.533333333,0,0,0.397959184,0.5,0.733333333,0,0.5,0.2,1,1,0.951219512
1,0.383561644,0.092489421,0.8,0.150241502,0,0.397959184,0.5,0.6,0.333333333,0.214285714,0,1,1,0.951219512
0,0.178082192,0.059005558,0.666666667,0,0,0.397959184,0.25,0.533333333,0,0.785714286,0.8,0,0,0.951219512
1,0.397260274,0.170109903,0.6,0,0,0.602040816,0.5,1,0.333333333,0.285714286,0,1,1,0.951219512
0,0.054794521,0.177329234,0.666666667,0,0,0.397959184,0.5,0.533333333,0.666666667,0.071428571,0.6,0.5,0,0.951219512
1,0.356164384,0.185685823,0.933333333,0,0,1,0.625,0.933333333,0.333333333,0.714285714,0,0.5,1,0.951219512
0,0.082191781,0.315382768,0.4,0,0,0.397959184,0.125,0.066666667,0.666666667,0.071428571,0.8,0.5,0,0.951219512
1,0.753424658,0.065293296,0.933333333,0,0,0.397959184,0,0.933333333,0.333333333,0,0,1,1,0.951219512
1,0.465753425,0.011700713,0.4,0.043860439,0,0.295918367,0.5,0.066666667,0.333333333,0.857142857,0,1,1,0.951219512
1,0.794520548,0.058067877,0.6,0,0,0.397959184,0.625,1,1,0.857142857,0.2,1,1,0.951219512
0,0.136986301,0.11148456,0.533333333,0,0,0.397959184,0.5,0.733333333,0.666666667,0.428571429,0.6,1,1,0.951219512
1,0.438356164,0.25805164,0.8,0.150241502,0,0.5,0.5,0.6,0.333333333,0.285714286,0,1,1,0.951219512
0,0.082191781,0.080788031,0.6,0,0,0.132653061,0.5,1,0.666666667,0.857142857,0.6,0.5,0,0.951219512
1,0.369863014,0.14775508,0.8,0.076880769,0,0.5,0.5,0.6,0.333333333,0.285714286,0,1,1,0.951219512
0,0.109589041,0.073034236,0.533333333,0,0,0.397959184,0.5,0.733333333,0.5,0.5,0.2,1,1,0.756097561
1,0.273972603,0.067807309,0.666666667,0,0,0.479591837,0.5,0.533333333,0.666666667,0.714285714,0.2,1,0,0.951219512
1,0.246575342,0.154320875,0.6,0,0,0.428571429,0.5,1,0.333333333,0.857142857,0,1,1,0.951219512
0,0.164383562,0.061447181,0.533333333,0,0,0.295918367,0.5,0.733333333,0.666666667,0.571428571,0.6,1,1,0.048780488
0,0.082191781,0.022347382,0.6,0,0,0.397959184,0.5,1,0.833333333,0.857142857,0.6,1,0,0.951219512
1,0.438356164,0.010857748,0.6,0,0,0.448979592,0.5,1,0.333333333,0.285714286,0,1,1,0.951219512
1,0.616438356,0.061761094,0.533333333,0.051780518,0,0.397959184,0,0.733333333,0.333333333,0,0,1,1,0.951219512
0,0.356164384,0.113877472,0.8,0,0,0.448979592,0.5,0.6,0.333333333,1,0,1,1,0.951219512
0,0.383561644,0.060577154,0.533333333,0,0,0.448979592,0.5,0.733333333,1,0.857142857,0.8,1,0,0.951219512
0,0.328767123,0.159976051,0.8,0,0,0.397959184,0.25,0.6,0.666666667,0.714285714,0.8,0.5,0,0.951219512
0,0.369863014,0.11875666,0.8,0,0,0.551020408,0.5,0.6,0.333333333,1,0,1,1,0.951219512
0,0.123287671,0.143477334,0.533333333,0,0,0.397959184,0.5,0.733333333,0.666666667,0.285714286,0.2,1,1,0.951219512
0,0.150684932,0.174209043,0.533333333,0,0,0.397959184,0.5,0.733333333,0.333333333,1,0,1,1,0.951219512
1,0.287671233,0.070578406,0.6,0,0,0.193877551,0.625,1,0.333333333,0.571428571,1,1,0,0.951219512
0,0.260273973,0.021261539,0.666666667,0,0,0.5,0.25,0.533333333,0,0.285714286,0.2,1,1,0.951219512
0,0.054794521,0.008943824,0.666666667,0,0,0.346938776,0.5,0.533333333,0.666666667,0.071428571,0.8,0.5,0,0.951219512
1,0.232876712,0.130014241,0.8,0,0,0.551020408,0.5,0.6,0.333333333,0.714285714,0,1,1,0.951219512
0,0.684931507,0.088179201,0.533333333,0,0,0.397959184,0.5,0.733333333,0.333333333,0.571428571,0,1,1,0
1,0.383561644,0.201448466,0.666666667,0,0,0.397959184,0.875,0.533333333,0.333333333,0.714285714,1,0.25,0,0.731707317
0,0.356164384,0.080609425,0.8,0,0,0.397959184,0.5,0.6,0,0.571428571,0.2,1,0,0.951219512
0,0.369863014,0.029165525,0.533333333,0,0,0.397959184,0.875,0.733333333,0.666666667,0.214285714,0.2,1,1,0.951219512
0,0.383561644,0.028397655,0.533333333,0,0,0.602040816,0.5,0.733333333,0.666666667,0.357142857,0.2,1,1,0.951219512
0,0.01369863,0.122861888,0.6,0,0,0.193877551,0,1,0.666666667,0,0.6,1,0,0
0,0.150684932,0.048962361,0.8,0,0,0.397959184,0.25,0.6,0,0.714285714,0.2,1,0,0.951219512
0,0.342465753,0.121593381,0.266666667,0,0,0.234693878,0.5,0.4,0.666666667,0.5,0.2,1,1,0.951219512
0,0.205479452,0.106543131,0.8,0,0,0.397959184,0.5,0.6,0.833333333,0.928571429,0.2,0.5,1,0.951219512
0,0.616438356,0.069609604,0.533333333,0,0,0.653061224,0.75,0.733333333,0.333333333,0.357142857,0,1,1,0.951219512
0,0.109589041,0.102971014,0.6,0,0,0.397959184,0.5,1,0.666666667,0.428571429,0.6,1,1,0.951219512
0,0.150684932,0.128255244,0.6,0,0,0.448979592,0.5,1,0.333333333,0.5,0,1,1,0.951219512
1,0.260273973,0.169406981,0.6,0.076880769,0,0.5,0.5,1,0.333333333,0.857142857,0,0.5,1,0.951219512
0,0.191780822,0.214860819,0.6,0,0,0.397959184,0.5,1,0.666666667,0.071428571,0.2,1,1,0.951219512
0,0.150684932,0.153469114,0.6,0,0,0.397959184,0.875,1,0,0.571428571,0.8,1,1,0.951219512
0,0.02739726,0.069658315,0.6,0,0,0.397959184,0.5,1,0.666666667,0.071428571,0.2,0.25,1,0.975609756
0,0.232876712,0.186068066,0.533333333,0,0,0.397959184,0.5,0.733333333,0,0.5,0.2,1,1,0.951219512
0,0.328767123,0.01152752,0.533333333,0,0,0.448979592,0.875,0.733333333,0,0.071428571,0.8,1,0,0.951219512
0,0.02739726,0.301920351,0.533333333,0,0,0.397959184,0.5,0.733333333,0.333333333,0.214285714,1,1,0,0.951219512
0,0.452054795,0.086041343,0.8,0,0,0.357142857,0.5,0.6,0,0.714285714,0.8,1,0,0.512195122
1,0.287671233,0.130955305,0.533333333,0,0,0.448979592,0.125,0.733333333,0.666666667,0.071428571,0.2,1,1,0.951219512
1,0.424657534,0.048141721,0.666666667,0,0,0.428571429,0.5,0.533333333,0.333333333,0.285714286,0,1,1,0.951219512
0,0.136986301,0.324723043,0.333333333,0,0,0.346938776,0.5,0,0.833333333,0.5,0.6,1,1,0.634146341
0,0.246575342,0.032434553,0.533333333,0,0,0.397959184,0.5,0.733333333,0.333333333,0.214285714,0,1,1,0.951219512
0,0.397260274,0.103951316,0.666666667,0,0,0.397959184,0.5,0.533333333,0,0.5,0.8,1,1,0.951219512
0,0.191780822,0.117774327,0.266666667,0,0,0.397959184,0,0.4,0,0,0.8,1,0,0.951219512
0,0.260273973,0.048724896,0.8,0.050130501,0,0.5,0.5,0.6,0.333333333,0.285714286,0,1,1,0.951219512
1,0.219178082,0.197919648,0.8,0,0,0.448979592,0.5,0.6,0.333333333,0.857142857,0,1,1,0.951219512
0,0.383561644,0.047884637,0.8,0,0,0.5,0.5,0.6,0.333333333,0.857142857,0,1,1,0.951219512
0,0.438356164,0.162592897,0.533333333,0,0,0.397959184,0.125,0.733333333,0.333333333,1,0,0.25,1,0.731707317
0,0.109589041,0.155292383,0.6,0,0,0.459183673,0.5,1,0.666666667,0.285714286,0.6,1,1,0.951219512
0,0.534246575,0.07193554,0.866666667,0,0,0.357142857,0.75,0.8,0.833333333,0.857142857,0.8,1,0,0.951219512
0,0.054794521,0.3575006,0.533333333,0,0.394628099,0.244897959,0.5,0.733333333,0.666666667,0.571428571,0.4,0.5,1,0.951219512
0,0.890410959,0.040019214,0.533333333,0,0,0.193877551,0.75,0.733333333,0.333333333,0.357142857,0,1,1,0.951219512
0,0.246575342,0.009946452,0.533333333,0,0,0.397959184,0.5,0.733333333,0.833333333,0.071428571,0.2,1,0,0.951219512
0,0,0.054952423,0.4,0,0,0.142857143,0.5,0.066666667,0.666666667,0.857142857,0.6,1,0,0.951219512
1,0.342465753,0.064593756,0.866666667,0,0,0.397959184,0.5,0.8,0.333333333,0.714285714,0,1,1,0.951219512
0,0.136986301,0.244405882,0.533333333,0,0,0.397959184,0.5,0.733333333,0.666666667,0.428571429,0.2,1,1,0.951219512
0,0.095890411,0.15127984,0.533333333,0,0,0.397959184,0.5,0.733333333,0.333333333,0.214285714,0,1,1,0.951219512
0,0.068493151,0.067571874,0.6,0,0,0.397959184,0.5,1,0.666666667,0.285714286,0.6,1,0,0
0,0.02739726,0.048470518,0.533333333,0,0,0.193877551,0.5,0.733333333,0.666666667,0.571428571,0.6,1,0,0.951219512
0,0.109589041,0.03252318,0.533333333,0,0,0.448979592,0.5,0.733333333,0.333333333,0.5,0,1,1,0.951219512
0,0,0.009068983,0.333333333,0,0,0.091836735,0.5,0,0.666666667,0.571428571,0.6,1,0,0.951219512
0,0.068493151,0.201158232,0.533333333,0,0,0.448979592,0.5,0.733333333,0.666666667,0.857142857,0.2,0.75,1,0
1,0.191780822,0.161945451,0.6,0,0.340909091,0.551020408,0.5,1,0.333333333,0.571428571,0,0.25,1,0
0,0.04109589,0.072302223,0.6,0,0,0.193877551,0,1,0.666666667,0,0.6,1,1,0.951219512
1,0.410958904,0.237160167,0.6,0,0,0.397959184,0.5,1,0.333333333,0.214285714,0,1,1,0.951219512
1,0.616438356,0.071041157,0.866666667,0.086140861,0,0.448979592,0.25,0.8,0.666666667,0.714285714,0.2,1,0,0.951219512
0,0.369863014,0.193895604,0.533333333,0,0,0.397959184,0.5,0.733333333,0.333333333,0.214285714,0,1,1,0.951219512
0,0.287671233,0.037467315,0.866666667,0,0,0.37755102,0.5,0.8,0.666666667,0.285714286,0.2,0.5,0,0.951219512
0,0.287671233,0.150608038,0.6,0,0,0.397959184,0.5,1,0.333333333,0.714285714,0,1,1,0.951219512
0,0.273972603,0.220208171,0.4,0,0,0.397959184,0.5,0.066666667,0,0.357142857,0.2,1,1,0.951219512
1,0.082191781,0.175269854,0.533333333,0,0.436639118,0.5,0.5,0.733333333,0.333333333,1,0,1,1,0.951219512
0,0.02739726,0.149848963,0.533333333,0,0,0.244897959,0,0.733333333,0.666666667,0,0.6,1,1,0.951219512
1,0.383561644,0.25578727,0.6,0.150241502,0,1,0.5,1,0.333333333,0.857142857,0,0.5,1,0.951219512
0,0.219178082,0.187507061,0.533333333,0,0,0.397959184,0.5,0.733333333,0.666666667,0.071428571,0.2,1,1,0.951219512
0,0,0.08896872,0.333333333,0,0,0.112244898,0.5,0,0.666666667,0.571428571,0.6,0.5,0,0.951219512
0,0.164383562,0.077073164,0.533333333,0,0,0.397959184,0.5,0.733333333,0.333333333,0.5,0,0.5,1,0.951219512
0,0.246575342,0.092800628,0.6,0,0,0.397959184,0.5,1,0.833333333,0.285714286,0.6,0.5,0,0.951219512
1,0.520547945,0.127155194,0.533333333,0,0,0.5,0,0.733333333,0.333333333,0,0,1,1,0.951219512
0,0,0.17499112,0.533333333,0,0,0.346938776,0.5,0.733333333,0.666666667,0.571428571,0.4,1,1,0.634146341
0,0.356164384,0.087072386,0.8,0,0,0.448979592,0.625,0.6,0.333333333,0.857142857,0.4,0.25,1,0.463414634
0,0.082191781,0.110842526,0.533333333,0,0,0.397959184,0.5,0.733333333,0.666666667,0.928571429,0.4,0.25,1,0.975609756
0,0.534246575,0.101249903,0.533333333,0,0,0.397959184,0.5,0.733333333,0.333333333,0.5,0,1,1,0.951219512
0,0.356164384,0.105075721,0.4,0,0,0.244897959,0.5,0.066666667,0.333333333,0.428571429,1,1,0,0.951219512
0,0.602739726,0.091711403,0.2,0,0,0.306122449,0.5,0.333333333,0.333333333,1,0,1,1,0.951219512
0,0.315068493,0.12818962,0.533333333,0,0,0.397959184,0.5,0.733333333,0,0.214285714,0.2,1,1,0.951219512
0,0.273972603,0.101505634,0.666666667,0,0,0.397959184,0.5,0.533333333,0.833333333,0.214285714,0.2,1,0,0.951219512
1,0.452054795,0.146799809,0.533333333,0,0,0.397959184,0.875,0.733333333,0.333333333,0.214285714,0,0.5,1,0.951219512
0,0.260273973,0.236640586,0.666666667,0,0,0.397959184,0.5,0.533333333,0.833333333,0.071428571,0.8,0.5,0,0.951219512
1,0.315068493,0.108730376,0.6,0,0.436639118,0.397959184,0.5,1,0.333333333,0.928571429,0.6,1,0,0.951219512
0,0.520547945,0.111370901,0.333333333,0,0,0.5,0.5,0,0.333333333,1,0,1,1,0.951219512
0,0.342465753,0.073439482,0.533333333,0,0.468778696,0.479591837,0.75,0.733333333,0.333333333,0.214285714,0,1,1,0.951219512
0,0.246575342,0.071101369,0.8,0,0,0.397959184,0.5,0.6,0,0.857142857,0.2,1,1,0.951219512
0,0.205479452,0.125822416,0.066666667,0,0,0.204081633,0.5,0.2,0.666666667,0.285714286,0.6,1,1,0.951219512
0,0.04109589,0.171963616,0.533333333,0,0,0.244897959,0.5,0.733333333,0.666666667,0.571428571,0.6,1,1,0.951219512
0,0.164383562,0.137135473,0.6,0.021740217,0,0.397959184,0.5,1,0,0.428571429,0.2,1,1,0.951219512
0,0.191780822,0.097744763,0.533333333,0.028290283,0,0.397959184,0.5,0.733333333,0.333333333,0.857142857,0,1,1,0.951219512
1,0.520547945,0.125236534,0.533333333,0,0,0.5,0.5,0.733333333,0.333333333,0.214285714,0,1,1,0.951219512
1,0.465753425,0.232504913,0.6,0,0,0.602040816,0.5,1,0.333333333,0.214285714,0,1,1,0.951219512
0,0.287671233,0.390736174,0.533333333,0,0,0.469387755,0.75,0.733333333,0.333333333,0.214285714,0,1,1,0.951219512
0,0.712328767,0.03360564,0.533333333,0.014240142,0,0.051020408,0.25,0.733333333,0.333333333,0.214285714,0,1,1,0.951219512
0,0.657534247,0.112706386,0.533333333,0,0,0.479591837,0.75,0.733333333,0.333333333,0.357142857,0,1,1,0.951219512
0,0.150684932,0.103464886,0.8,0,0,0.551020408,0.5,0.6,0.666666667,0.071428571,0.2,1,0,0.951219512
0,0.219178082,0.115104711,0.533333333,0,0,0.397959184,0.5,0.733333333,0,0.571428571,0.8,0.5,1,0.951219512
0,0.054794521,0.0211012,0.533333333,0,0,0.397959184,0.5,0.733333333,0.666666667,0.785714286,0.2,1,1,0.951219512
0,0.287671233,0.139943103,0.533333333,0,0,0.214285714,0.5,0.733333333,0.333333333,0.071428571,1,1,0,0.951219512
0,0.547945205,0.065042977,0.533333333,0,0,0.479591837,0.5,0.733333333,0.333333333,0.571428571,0,0.5,1,0.219512195
0,0.315068493,0.061738092,0.6,0,0,0.397959184,0.5,1,0.333333333,0.428571429,0,1,1,0.951219512
0,0.02739726,0.14282177,0.533333333,0,0,0.142857143,0.5,0.733333333,0.666666667,0.428571429,0.6,1,1,0.951219512
0,0.082191781,0.134671524,0.6,0,0,0.397959184,0.5,1,0.666666667,0.071428571,0.6,1,0,0.658536585
0,0.082191781,0.137314079,0.6,0,0,0.551020408,0.5,1,0.666666667,0.571428571,0.2,1,0,0.951219512
0,0.356164384,0.027205596,0.8,0,0,0.5,0.75,0.6,0.666666667,0.714285714,0.8,1,0,0.951219512
0,0.438356164,0.121802431,0.533333333,0,0,0.397959184,0.5,0.733333333,0.333333333,0.5,0,1,1,0.951219512
0,0.315068493,0.106200803,0.6,0.034110341,0,0.5,0.5,1,0.333333333,0.285714286,0,1,1,0.951219512
0,0.547945205,0.052023692,0.533333333,0,0,0.397959184,0.5,0.733333333,1,0.071428571,0.2,1,0,0.951219512
0,0.328767123,0.015296509,0.8,0,0,0.428571429,0.875,0.6,0.666666667,0.928571429,0.2,1,0,0.951219512
1,0.246575342,0.071101369,0.8,0.086140861,0,0.448979592,0.5,0.6,0.666666667,0.285714286,0.2,1,1,0.951219512
1,0.219178082,0.079440368,0.8,0,0,0.602040816,0.5,0.6,0.666666667,0.071428571,0.2,1,1,0.951219512
0,0.383561644,0.086853188,0.733333333,0,0,0.551020408,0.5,0.466666667,0,1,0.2,1,1,0.951219512
1,0.493150685,0.169915061,0.666666667,0,0,0.5,0.75,0.533333333,0.333333333,0.857142857,0,1,1,0.951219512
0,0.164383562,0.065279089,0.533333333,0,0,0.397959184,0,0.733333333,0.333333333,0,0,1,1,0.146341463
0,0.657534247,0.11132422,0.866666667,0.079780798,0,0.397959184,0.75,0.8,0.5,0.714285714,0.2,1,0,0.951219512
0,0.534246575,0.020304915,0.266666667,0,0,0.397959184,0.625,0.4,0.333333333,0.285714286,0,0.5,1,0.951219512
0,0.342465753,0.110715337,0.533333333,0,0,0.397959184,0.5,0.733333333,0.333333333,0.5,0,1,1,0.951219512
1,0.602739726,0.046417904,0.533333333,0,0,0.448979592,0.5,0.733333333,0.833333333,1,0.8,0.25,1,0.951219512
1,0.397260274,0.21373912,0.533333333,0,0,0.397959184,0.5,0.733333333,0.333333333,0.214285714,0,1,1,0.951219512
0,0.328767123,0.02422139,0.2,0,0.365013774,0.397959184,0.5,0.333333333,0,0.214285714,0.2,1,1,0.951219512
0,0.260273973,0.127239761,0.6,0,0,0.397959184,0.5,1,0.666666667,0.214285714,0.2,1,1,0.951219512
0,0.04109589,0.223344598,0.6,0,0,0.234693878,0.5,1,0.666666667,1,0.6,1,1,0.951219512
0,0.219178082,0.054644598,0.2,0,0,0.397959184,0.5,0.333333333,0,0.428571429,0.6,1,1,0.951219512
0,0.342465753,0.161185699,0.6,0,0,0.204081633,0.5,1,0.833333333,0.571428571,0.8,0.5,0,0.341463415
0,0.095890411,0.074410313,0.8,0,0,0.397959184,0.5,0.6,0.666666667,0.357142857,0.6,1,0,0.951219512
1,0.493150685,0.123112207,0.6,0.043860439,0,0.397959184,0.5,1,0.333333333,0.071428571,1,1,0,0.951219512
0,0.465753425,0.142477412,0.8,0,0,0.551020408,0.75,0.6,0.333333333,0.857142857,0,0.5,1,0.951219512
1,0.260273973,0.107642504,0.8,0,0.433195592,0.397959184,0.5,0.6,0.333333333,0.285714286,0,1,1,0.951219512
0,0.219178082,0.180264053,0.666666667,0,0,0.5,0.5,0.533333333,0.333333333,0.5,0,1,1,0.951219512
0,0.589041096,0.089064112,0.533333333,0,0,0.397959184,0.5,0.733333333,0.333333333,0.214285714,0,1,1,0.951219512
0,0.273972603,0.061590607,0.733333333,0,0,0.397959184,0.5,0.466666667,0.333333333,0.857142857,0,1,1,0.951219512
0,0.397260274,0.067677413,0.8,0,0,0.5,0.625,0.6,0,0.285714286,0.2,1,0,0.951219512
1,0.383561644,0.130930949,0.533333333,0,0,0.397959184,0.5,0.733333333,0.333333333,0.571428571,1,1,0,0.951219512
1,0.150684932,0.208023733,0.866666667,0,0,0.448979592,0.5,0.8,0.333333333,0.857142857,0,1,1,0.243902439
1,0.589041096,0.111002865,0.8,0,0,0.5,0.75,0.6,0.333333333,0.285714286,0,1,1,0.951219512
0,0.301369863,0.012022745,0.6,0,0,0.397959184,0.5,1,0,0.214285714,0.8,1,1,0.951219512
1,0.219178082,0.197266113,0.533333333,0,0,0.704081633,0.75,0.733333333,0.333333333,0.857142857,0,1,1,0.951219512
0,0.178082192,0.07911563,0.533333333,0,0,0.397959184,0.5,0.733333333,1,0.071428571,0.2,1,0,0.951219512
0,0.424657534,0.053423448,0.2,0,0,0.295918367,0.5,0.333333333,0.333333333,0.571428571,0,0.25,1,0.073170732
0,0.643835616,0.139039926,0.533333333,0,0,0.397959184,0.5,0.733333333,1,0.214285714,0.2,1,0,0.951219512
1,0.287671233,0.203290001,0.666666667,0,0,0.397959184,0.5,0.533333333,0.333333333,0.857142857,0,1,1,0.951219512
0,0.136986301,0.129550813,0.6,0,0,0.448979592,0.5,1,0.333333333,0.857142857,0,1,1,0.951219512
0,0.123287671,0.014025296,0.666666667,0,0,0.551020408,0.75,0.533333333,0,0.571428571,0.8,1,0,0.951219512
1,0.315068493,0.029281889,0.8,0,0,0.397959184,0.5,0.6,0.333333333,0.714285714,1,1,0,0.951219512
0,0.315068493,0.223787053,0.6,0,0,0.397959184,0.5,1,0,0.285714286,0.2,1,0,0.951219512
0,0.04109589,0.145594896,0.533333333,0,0,0.244897959,0.5,0.733333333,0.666666667,0.857142857,0.2,0.25,0,0.951219512
0,0.123287671,0.014427159,0.533333333,0,0,0.602040816,0.5,0.733333333,0.666666667,0.214285714,0.4,1,1,0.951219512
0,0.273972603,0.176025546,0.6,0,0,0.397959184,0.875,1,1,1,0.8,1,0,0.951219512
0,0.123287671,0.135845993,0.533333333,0,0,0.397959184,0.5,0.733333333,0.666666667,0.071428571,0.8,0.5,0,0.56097561
0,0.068493151,0.166436982,0.6,0,0,0.346938776,0.5,1,0.666666667,0.071428571,0.6,1,1,0.951219512
0,0.342465753,0.061432297,0.6,0.015060151,0,0.397959184,0.5,1,0.833333333,0.714285714,0.8,1,0,0.951219512
1,0.287671233,0.230684351,0.866666667,0,0,0.5,0.5,0.8,0.666666667,0.071428571,0.2,1,0,0.536585366
0,0.219178082,0.155205786,0.6,0,0.367768595,0.397959184,0.5,1,0.5,0.857142857,0.8,0,1,0.951219512
0,0.02739726,0.113267236,0.6,0,0,0.295918367,0.5,1,0.666666667,0.071428571,0.6,1,1,0.951219512
0,0.219178082,0.066783031,0.533333333,0,0,0.357142857,0.5,0.733333333,0.666666667,0.571428571,0.4,0,0,0.951219512
0,0.397260274,0.1117112,0.533333333,0,0,0.5,0.75,0.733333333,0.333333333,0.857142857,0,1,1,0.951219512
0,0.328767123,0.01433515,0.8,0,0,0.5,0.875,0.6,0.333333333,0.714285714,0,1,1,0.951219512
0,0.123287671,0.028108774,0.533333333,0,0,0.397959184,0.5,0.733333333,0.666666667,0.571428571,0.8,1,1,0.951219512
0,0.205479452,0.129301847,0.533333333,0,0,0.43877551,0.75,0.733333333,0.333333333,0.214285714,0,1,1,0.951219512
1,0.342465753,0.129861344,0.6,0,0,0.397959184,0.5,1,0.333333333,0.714285714,0,1,1,0.951219512
0,0.04109589,0.175286767,0.6,0,0,0.244897959,0.5,1,0.666666667,0.857142857,0.6,1,0,0.951219512
0,0.095890411,0.113075099,0.533333333,0,0,0.397959184,0.5,0.733333333,0.666666667,0.071428571,0.6,1,0,0.951219512
0,0.178082192,0.122462055,0.533333333,0,0,0.448979592,0.5,0.733333333,0.333333333,1,0,1,1,0.951219512
0,0.095890411,0.07095659,0.6,0,0,0.530612245,0.5,1,0.666666667,0.571428571,0.2,1,0,0.951219512
0,0.095890411,0.090695244,0.533333333,0,0,0.397959184,0.25,0.733333333,0.666666667,0.785714286,0.2,1,1,0.951219512
1,0.424657534,0.106371967,0.8,0,0,0.428571429,0.25,0.6,0,0.785714286,0.2,0.5,0,0.951219512
0,0.246575342,0.010231274,0.6,0,0,0.397959184,0.5,1,0.666666667,0.857142857,0.2,1,1,0.951219512
0,0.369863014,0.162312811,0.533333333,0,0,0.397959184,0.5,0.733333333,0,0.071428571,0.2,1,0,0.951219512
0,0.671232877,0.392218467,0.533333333,0,0,0.234693878,0.5,0.733333333,1,0.857142857,0.2,0.5,0,0.951219512
0,0.260273973,0.0623578,0.8,0,0,0.397959184,0.5,0.6,0.5,0.5,0.2,0.25,1,0
0,0.479452055,0.055586338,0.666666667,0,0,0.397959184,0.5,0.533333333,0.333333333,0.714285714,0,1,1,0.951219512
1,0.671232877,0.081028878,0.533333333,0,0.418962351,0.397959184,0.875,0.733333333,0.333333333,0.285714286,0,1,1,0.951219512
0,0.260273973,0.08313088,0.533333333,0,0,0.448979592,0.5,0.733333333,0.666666667,0.857142857,0.6,1,1,0
0,0.369863014,0.172638124,0.6,0,0,0.397959184,0.875,1,0.833333333,0.928571429,0.6,0.5,0,0.951219512
1,0.273972603,0.065521289,0.866666667,0.278282783,0,0.602040816,0.5,0.8,0.833333333,0.285714286,0.2,1,1,0.487804878
1,0.273972603,0.122811825,0.733333333,0,0,0.448979592,0.5,0.466666667,0.333333333,0.714285714,0,1,1,0.951219512
0,0.136986301,0.311061724,0.666666667,0,0,0.397959184,0.5,0.533333333,0.666666667,0.5,0.2,1,1,0.951219512
0,0.164383562,0.024768032,0.533333333,0,0,0.5,0.5,0.733333333,0.666666667,0.214285714,0.2,1,1,0.951219512
0,0.438356164,0.16697077,0.4,0,0,0.397959184,0.75,0.066666667,1,0.214285714,0.8,1,0,0
0,0.150684932,0.110621298,0.733333333,0,0,0.397959184,0.25,0.466666667,0.666666667,0.071428571,0.2,1,0,0.951219512
0,0.01369863,0.073401596,0.333333333,0,0,0.193877551,0.5,0,0.666666667,0.571428571,0.6,1,1,0.951219512
0,0.643835616,0.101802634,0.6,0.023540235,0,0.346938776,0.5,1,1,0.857142857,0.2,1,1,0.951219512
0,0.493150685,0.10614668,0.333333333,0,0,0.397959184,0.5,0,0.5,0.5,0.2,1,0,0.097560976
0,0.534246575,0.287099448,0.533333333,0,0,0.193877551,0.5,0.733333333,0.333333333,0.357142857,0,1,1,0.951219512
0,0.02739726,0.154521806,0.4,0,0,0.244897959,0.5,0.066666667,0.666666667,0.857142857,0.6,1,0,0.951219512
0,0.863013699,0.053863197,0.533333333,0,0,0.244897959,0,0.733333333,0.333333333,0,0,1,1,0.951219512
0,0.082191781,0.261038552,0.533333333,0,0,0.969387755,0.5,0.733333333,0,0.857142857,0.2,1,1,0.951219512
1,0.273972603,0.083316251,0.8,0,0.453856749,0.602040816,0.5,0.6,0.333333333,0.285714286,0,1,1,0.951219512
0,0,0.13226711,0.333333333,0,0,0.193877551,0.5,0,0.666666667,0.428571429,0.6,1,1,0.951219512
0,0.095890411,0.174943763,0.533333333,0.005940059,0,0.397959184,0.5,0.733333333,0.666666667,0.214285714,0.4,1,1,0
1,0.479452055,0.145825595,0.8,0,0,0.5,0.5,0.6,0.333333333,0.714285714,0,1,1,0.951219512
0,0.602739726,0.105123756,0.8,0,0,0.397959184,0.25,0.6,0.5,0.714285714,0.2,1,1,0.951219512
0,0.054794521,0.233232191,0.6,0.021050211,0,0.193877551,0,1,0.333333333,0,1,0.5,0,0.951219512
1,0.493150685,0.077332954,0.6,0.076880769,0,0.397959184,0.5,1,0.333333333,0.214285714,0,0.5,1,0.951219512
0,0.232876712,0.015264712,0.6,0.040640406,0,0.397959184,0.5,1,0.333333333,1,0,1,1,0.951219512
0,0.232876712,0.154720032,0.533333333,0,0,0.806122449,0.5,0.733333333,0.833333333,0.214285714,0.8,1,1,0.951219512
1,0.438356164,0.050345203,0.6,0,0,0.56122449,0.625,1,0.333333333,0.214285714,0,0.25,1,0.951219512
0,0.01369863,0.256388711,0.6,0,0,0.397959184,0.875,1,0.666666667,0.571428571,0.2,1,0,0.951219512
1,0.356164384,0.113558823,0.533333333,0,0,0.397959184,0.5,0.733333333,0.833333333,0.214285714,0.2,1,1,0.951219512
0,0.315068493,0.137899284,0.266666667,0,0,0.397959184,0.5,0.4,0.666666667,0.5,0.8,0.5,0,0.341463415
0,0.068493151,0.100015899,0.333333333,0,0,0.295918367,0.5,0,0.666666667,1,0.6,0.25,1,0.951219512
0,0.219178082,0.172597531,0.533333333,0,0,0.397959184,0.5,0.733333333,0.333333333,0.214285714,1,1,0,0.951219512
1,0.232876712,0.067538723,0.8,0,0,0.397959184,0.5,0.6,0.666666667,0.714285714,0.2,1,1,0.951219512
0,0.273972603,0.100550363,1,0,0,0.448979592,0.875,0.666666667,0.333333333,0.714285714,0,1,1,0.951219512
0,0.315068493,0.23060249,0.6,0,0,0.397959184,0.5,1,0,0.5,0.8,0.5,0,0.951219512
0,0.178082192,0.125005835,0.733333333,0,0,0.397959184,0.5,0.466666667,0.666666667,0.714285714,0.2,1,0,0.951219512
0,0.424657534,0.219370617,0.533333333,0,0,0.397959184,0.5,0.733333333,0.333333333,0.857142857,0,1,1,0.951219512
0,0.575342466,0.136502911,0.133333333,0,0,0.397959184,0.5,0.266666667,0,0.5,0.8,1,0,0.951219512
1,0.465753425,0.108084283,0.8,0,0,0.448979592,0.5,0.6,0.333333333,0.285714286,0,1,1,0.951219512
0,0.054794521,0.08621589,0.533333333,0,0,0.397959184,0.5,0.733333333,0.666666667,0.214285714,0.2,1,1,0.804878049
0,0.095890411,0.094641486,0.6,0,0,0.387755102,0.5,1,0.666666667,0.428571429,0.2,1,1,0.951219512
0,0.315068493,0.126177598,0.4,0,0,0.295918367,0.5,0.066666667,0.333333333,0.5,0,1,1,0.951219512
0,0.479452055,0.121884968,0.4,0,0,0.397959184,0.5,0.066666667,0.333333333,1,0,1,1,0.951219512
0,0.260273973,0.072380701,0.533333333,0,0,0.37755102,0.75,0.733333333,0.333333333,0.285714286,0,1,1,0.951219512
1,0.136986301,0.072958464,0.8,0,0,0.755102041,0.5,0.6,0.333333333,0.857142857,0,1,1,0.951219512
0,0.068493151,0.029968575,0.533333333,0,0,0.5,0.5,0.733333333,0.666666667,0.357142857,0.2,1,1,0.951219512
0,0.356164384,0.090317059,0.533333333,0,0,0.397959184,0.5,0.733333333,0.666666667,0.571428571,0.4,0.25,0,0
0,0.465753425,0.194212223,0.6,0,0,0.56122449,0.5,1,0,0.571428571,0.8,1,0,0.951219512
0,0.136986301,0.241684172,0.533333333,0,0,0.448979592,0.5,0.733333333,0.666666667,0.5,0.6,1,1,0.951219512
0,0.589041096,0.147403957,0.8,0,0,0.397959184,0,0.6,0.333333333,0,0,0.5,1,0.951219512
1,0.534246575,0.114860481,0.533333333,0,0,0.479591837,0.5,0.733333333,0.333333333,1,0,1,1,0.951219512
0,0.369863014,0.056804782,0.6,0.034110341,0,0.397959184,0.875,1,0.333333333,0.285714286,0,1,1,0.951219512
0,0.136986301,0.126994855,0.533333333,0,0,0.316326531,0.5,0.733333333,0,0.214285714,0.8,1,0,0.951219512
0,0.356164384,0.064066057,0.8,0,0,0.397959184,0.25,0.6,0.833333333,0.714285714,0.8,1,0,0.951219512
1,0.315068493,0.102454816,0.8,0.076880769,0,0.397959184,0.25,0.6,0.333333333,0.714285714,0,1,1,0.951219512
0,0.219178082,0.060252416,0.8,0,0,0.397959184,0.125,0.6,0.666666667,0.714285714,0.2,1,0,0.951219512
0,0.150684932,0.143060587,0.6,0,0,0.397959184,0,1,0.666666667,0,0.8,1,0,0.951219512
0,0.04109589,0.064674941,0.6,0,0,0.193877551,0.5,1,0.666666667,0.071428571,0.6,1,0,0.951219512
0,0.630136986,0.068821438,0.533333333,0,0,0.193877551,0.5,0.733333333,0.833333333,0.214285714,0.2,1,0,0.951219512
0,0.205479452,0.098989591,0.666666667,0,0,0.06122449,0.75,0.533333333,0.666666667,0.857142857,0.8,1,0,0.951219512
0,0.671232877,0.086978347,0.533333333,0,0,0.244897959,0.25,0.733333333,1,0.571428571,0.2,1,0,0.951219512
0,0.04109589,0.032713287,0.6,0,0,0.397959184,0.5,1,0.666666667,0.571428571,0.2,1,0,0.951219512
0,0.02739726,0.11566962,0.533333333,0,0,0.397959184,0.5,0.733333333,0.666666667,0.214285714,0.6,1,1,0.951219512
0,0.301369863,0.188025289,0.2,0,0,0.397959184,0.5,0.333333333,0.333333333,0.214285714,0,1,1,0.634146341
0,0.315068493,0.118312175,0.8,0,0,0.397959184,0.125,0.6,0.666666667,0.928571429,0.6,1,1,0.951219512
1,0.794520548,0.090852877,0.8,0,0,0.479591837,0.75,0.6,1,0.714285714,0.8,1,1,0.951219512
0,0.054794521,0.149035765,0.666666667,0,0,0.295918367,0.5,0.533333333,0.666666667,0.928571429,0.6,1,0,0.951219512
0,0.410958904,0.007617811,0.6,0,0,0.397959184,0.5,1,0.333333333,0.428571429,0,1,1,0.951219512
1,0.410958904,0.228990302,0.533333333,0,0,0.397959184,0.625,0.733333333,0.333333333,0.285714286,0,1,1,0.951219512
0,0.191780822,0.078685353,0.266666667,0,0,0.397959184,0.5,0.4,0,1,0.2,1,1,0.951219512
0,0.082191781,0.138369477,0.533333333,0,0,0.153061224,0.5,0.733333333,0.666666667,0.071428571,0.6,1,0,0.951219512
0,0.068493151,0.015107755,0.6,0,0,0.193877551,0,1,0.666666667,0,0.6,1,0,0.951219512
1,0.315068493,0.10389787,0.733333333,0,0,0.806122449,0.5,0.466666667,0.666666667,0.857142857,0.2,1,1,0.951219512
0,0.054794521,0.096440399,0.6,0,0,0.397959184,0.5,1,0.666666667,0.071428571,0.6,0.25,0,0.975609756
0,0,0.119390575,0.333333333,0,0,0.132653061,0,0,0.666666667,0,0.6,1,1,0.951219512
0,0.643835616,0.106072261,0.333333333,0,0,0.5,0.625,0,0.333333333,1,0,1,1,0.951219512
0,0.410958904,0.067996063,0.533333333,0,0,0.397959184,0.5,0.733333333,0.333333333,0.785714286,0,1,1,0.951219512
0,0.260273973,0.165727971,0.533333333,0,0,0.346938776,0.5,0.733333333,0.333333333,0.857142857,0,1,1,0.951219512
0,0.164383562,0.070614939,0.8,0,0,0.397959184,0.5,0.6,0.666666667,0.428571429,0.2,1,1,0.951219512
0,0.246575342,0.146272787,0.066666667,0.043860439,0,0.653061224,0.75,0.2,0.333333333,0.285714286,0,1,1,0.634146341
0,0.01369863,0.151535571,0.533333333,0,0,0.346938776,0.5,0.733333333,0.666666667,0.071428571,0.6,1,0,0.951219512
0,0.164383562,0.279778637,0.733333333,0,0,0.397959184,0.5,0.466666667,0.666666667,0.857142857,0.2,1,1,0.951219512
0,0.493150685,0.148590604,0.533333333,0,0,0.448979592,0.5,0.733333333,0.333333333,0.5,0,1,1,0.951219512
0,0.369863014,0.154360791,0.533333333,0,0,0.193877551,0.5,0.733333333,0.666666667,0.428571429,0.6,1,0,0.951219512
0,0.01369863,0.110521171,0.4,0,0,0.397959184,0,0.066666667,0.666666667,0,0.6,1,1,0.951219512
1,0.356164384,0.049142996,0.6,0,0,0.43877551,0.625,1,0.333333333,0.857142857,0,1,1,0.951219512
0,0.520547945,0.160195249,0.533333333,0,0,0.602040816,0.5,0.733333333,0.333333333,1,0,1,1,0.951219512
0,0.397260274,0.22219719,0.4,0,0,0.397959184,0.125,0.066666667,1,0.071428571,0.2,1,0,0.951219512
1,0.287671233,0.167484262,0.533333333,0,0,0.602040816,0.5,0.733333333,0.333333333,0.214285714,0,1,1,0.951219512
0,0.465753425,0.148091319,0.6,0,0,0.204081633,0.5,1,0.666666667,0.5,0.2,1,1,0.951219512
0,0.219178082,0.142699993,0.533333333,0,0,0.397959184,0.5,0.733333333,0,0.214285714,0.8,1,1,0.951219512
0,0.136986301,0.130235469,0.533333333,0,0,0.397959184,0.5,0.733333333,0.666666667,0.071428571,0.2,1,0,0.951219512
0,0.219178082,0.19166709,0,0,0,0.397959184,0.5,0.866666667,0.666666667,0.357142857,0.2,1,1,0.634146341
0,0.136986301,0.141864469,0.066666667,0,0,0.397959184,0.5,0.2,0.5,0.642857143,0.2,1,0,0.634146341
0,0.246575342,0.122278037,0.6,0,0,0.602040816,0.75,1,0.333333333,0.285714286,0,1,1,0.951219512
0,0.054794521,0.22345352,0.6,0,0,0.295918367,0.5,1,0.666666667,0.857142857,0.6,0.5,0,0.951219512
0,0.232876712,0.116021419,0.533333333,0,0,0.397959184,0.5,0.733333333,0.333333333,0.214285714,0,1,1,0.951219512
0,0.191780822,0.053905819,0.8,0,0,0.397959184,0.5,0.6,0.666666667,0.285714286,0.2,1,1,0.951219512
0,0.287671233,0.176160854,0.8,0,0,0.5,0.5,0.6,0,0.857142857,0.6,1,1,0.951219512
0,0.095890411,0.052004749,0.266666667,0,0,0.397959184,0.5,0.4,0.666666667,0.571428571,0.2,1,1,0.195121951
0,0.109589041,0.087673151,0.866666667,0,0,0.448979592,0.5,0.8,0.666666667,0.714285714,0.8,1,1,0
1,0.479452055,0.109397442,0.533333333,0,0,0.397959184,0.5,0.733333333,0.333333333,0.071428571,0,1,1,0.951219512
0,0.246575342,0.111270774,0.466666667,0,0,0.397959184,0.5,0.133333333,0.333333333,0.571428571,0,0.5,1,0.951219512
0,0.219178082,0.028750808,0.8,0,0.362488522,0.418367347,0.5,0.6,0.333333333,0.071428571,0,1,1,0.951219512
0,0.164383562,0.271299594,0.6,0.034110341,0,0.704081633,0.5,1,0.333333333,0.285714286,0,1,1,0.634146341
0,0.424657534,0.092315551,0.6,0,0,0.397959184,0.875,1,0,0.571428571,0.6,1,1,0.951219512
0,0.01369863,0.111924309,0.533333333,0,0,0.193877551,0.5,0.733333333,0.666666667,0.571428571,0.6,1,0,0.951219512
1,0.260273973,0.106340846,0.6,0.07298073,0,0.397959184,0.5,1,0.333333333,0.285714286,0,1,1,0.951219512
0,0.123287671,0.121955328,0.6,0,0,0.397959184,0.5,1,0.666666667,0.214285714,0.6,1,1,0.951219512
1,0.328767123,0.01025563,0.6,0,0,0.397959184,0.125,1,0.333333333,0.285714286,0,1,1,0.951219512
0,0.082191781,0.013833159,0.6,0,0,0.397959184,0.5,1,0.666666667,0.5,0.2,1,1,0.951219512
0,0.383561644,0.010874661,0.533333333,0,0,0.091836735,0,0.733333333,0.833333333,0,0.8,1,0,0.951219512
0,0.04109589,0.109718121,0.533333333,0,0,0.040816327,0,0.733333333,0.666666667,0,0.6,1,0,0.951219512
1,0.273972603,0.059686154,0.533333333,0,0,0.397959184,0.5,0.733333333,0.333333333,0.214285714,0,1,1,0.951219512
1,0.602739726,0.04879458,1,0,0,0.397959184,0.75,0.666666667,0.333333333,0.714285714,0,1,1,0.951219512
0,0.136986301,0.091571359,0.866666667,0,0,0.397959184,0,0.8,0.666666667,0,0.2,0.75,0,0.585365854
0,0.178082192,0.068383718,0.6,0,0,0.295918367,0.75,1,0.666666667,0.214285714,0.6,1,1,0.951219512
0,0.04109589,0.171264753,0.6,0,0,0.091836735,0,1,0.666666667,0,0.6,1,0,0.951219512
0,0.315068493,0.244961996,0.666666667,0,0,0.43877551,0.5,0.533333333,0.833333333,0.857142857,0.2,0.5,1,0.951219512
0,0.630136986,0.090453043,0.533333333,0,0,0.397959184,0.5,0.733333333,0.333333333,0.214285714,0,1,1,0.951219512
0,0.191780822,0.115424713,0.533333333,0,0,0.397959184,0.5,0.733333333,0.666666667,0.214285714,0.2,1,0,0.951219512
0,0.246575342,0.123962615,0.533333333,0,0,0.397959184,0.25,0.733333333,0,0.285714286,0.2,1,1,0.951219512
1,0.328767123,0.181061014,0.6,0,0,0.448979592,0.5,1,0.333333333,0.071428571,0,1,1,0.951219512
0,0.02739726,0.150273152,0.466666667,0,0,0.295918367,0.5,0.133333333,0.666666667,0.857142857,0.6,1,0,0.951219512
0,0.630136986,0.166151483,0.933333333,0,0,0.397959184,0,0.933333333,0.333333333,0,0,1,1,0.951219512
0,0.095890411,0.116683073,0.8,0,0,0.397959184,0.5,0.6,0.666666667,0.285714286,0.2,1,0,0.951219512
0,0.109589041,0.026529059,0.466666667,0,0,0.397959184,0.5,0.133333333,0.666666667,0.571428571,0.4,1,1,0.951219512
0,0.356164384,0.088682545,0.533333333,0,0,0.397959184,0.5,0.733333333,0,0.357142857,0.2,0.5,1,0.951219512
0,0.054794521,0.072302223,0.6,0,0,0.193877551,0.5,1,0.666666667,0.5,0.6,1,1,0.951219512
0,0.493150685,0.050276873,0.533333333,0,0,0.397959184,0.25,0.733333333,0.333333333,0.571428571,0,0.5,1,0.951219512
0,0.698630137,0.058737649,0.866666667,0,0,0.193877551,0.875,0.8,0,0.714285714,0.2,1,0,0.951219512
0,0.246575342,0.067644263,0.866666667,0,0,0.397959184,0.5,0.8,0.333333333,0.071428571,0,1,1,0.951219512
0,0.095890411,0.109435328,0.8,0,0,0.397959184,0.5,0.6,0.666666667,0.571428571,0.2,1,1,0.951219512
0,0.315068493,0.201408551,0.6,0,0,0.397959184,0.5,1,0.833333333,0.571428571,0.8,1,0,0.951219512
0,0.178082192,0.145635488,0.533333333,0,0,0.397959184,0.5,0.733333333,0.333333333,1,0,1,1,0.951219512
0,0.082191781,0.110879735,0.533333333,0,0,0.397959184,0.5,0.733333333,0.666666667,0.928571429,0.6,1,0,0.951219512
0,0.657534247,0.011495046,0.2,0,0,0.234693878,0.875,0.333333333,1,0.571428571,0.4,1,0,0.951219512
0,0.082191781,0.085046833,0.6,0,0,0.397959184,0.5,1,0.666666667,0.5,0.6,0.5,0,0.951219512
0,0.205479452,0.118910234,0.8,0,0,0.397959184,0.5,0.6,0.666666667,0.071428571,0.6,1,0,0.951219512
1,0.520547945,0.162894633,0.6,0,0,0.397959184,0.25,1,0.333333333,0.714285714,0,1,1,0.951219512
0,0.205479452,0.486983083,0.8,0,0,0.397959184,0.5,0.6,0.666666667,0.285714286,0.2,1,1,0.951219512
1,0.246575342,0.036085826,0.8,0,0,0.5,0.625,0.6,0.333333333,0.285714286,0,1,1,0.951219512
1,0.397260274,0.078824043,0.8,0,0,0.43877551,0.5,0.6,0.333333333,0.285714286,0,1,1,0.951219512
0,0.02739726,0.105665662,0.6,0,0,0.142857143,0,1,0.666666667,0,0.6,1,1,0.951219512
1,0.246575342,0.193008663,0.733333333,0,0,1,0.5,0.466666667,0.333333333,0.285714286,0,1,1,0.951219512
0,0.136986301,0.074850062,0.8,0,0,0.397959184,0.5,0.6,0.666666667,0.857142857,0.2,1,0,0.951219512
0,0.164383562,0.200700893,0.533333333,0,0,0.397959184,0.5,0.733333333,0.5,0.214285714,0.2,1,1,0.951219512
0,0.178082192,0.127599679,0.866666667,0,0,0.397959184,0.25,0.8,0.333333333,0.714285714,0,1,1,0.951219512
0,0.369863014,0.11917273,0.8,0,0,0.448979592,0.5,0.6,0.333333333,0.071428571,0,1,1,0.951219512
0,0.219178082,0.107220345,0.533333333,0,0,0.397959184,0.5,0.733333333,0.333333333,0.214285714,0,1,1,0.951219512
0,0.095890411,0.025746305,0.8,0,0,0.397959184,0.5,0.6,0.666666667,0.071428571,0.2,1,0,0.951219512
1,0.136986301,0.153469114,0.533333333,0,0.561065197,0.397959184,0.5,0.733333333,0.666666667,0.714285714,0.2,1,1,0.951219512
1,0.315068493,0.025007526,0.8,0,0,0.5,0.625,0.6,0.333333333,0.285714286,0,1,1,0.951219512
0,0.232876712,0.047586284,0.533333333,0,0,0.193877551,0.5,0.733333333,0.333333333,0.571428571,0,1,1,0.951219512
0,0.136986301,0.130716487,1,0,0,0.775510204,0.875,0.666666667,0.666666667,0.714285714,0.2,1,1,0.951219512
0,0.246575342,0.144796582,0.8,0,0,0.397959184,0.5,0.6,0.666666667,0.857142857,0.2,1,0,0.951219512
0,0.219178082,0.026559503,0.533333333,0,0,0.602040816,0.5,0.733333333,0.333333333,0.428571429,0,1,1,0.951219512
0,0.04109589,0.136834414,0.6,0,0,0.397959184,0.875,1,0.666666667,0.714285714,0.6,1,1,0.951219512
0,0.01369863,0.109125474,0.533333333,0,0,0.173469388,0.5,0.733333333,0.666666667,0.857142857,0.6,0.5,0,0.951219512
0,0.082191781,0.287444482,0.6,0,0,0.397959184,0.5,1,0.666666667,0.571428571,0.8,0.5,0,0.951219512
1,0.438356164,0.146870169,0.533333333,0,0,0.397959184,0.125,0.733333333,0.333333333,0.071428571,0,1,1,0.951219512
1,0.328767123,0.281584315,0.4,0,0.340909091,0.5,0.5,0.066666667,0.333333333,0.214285714,0,1,1,0.951219512
0,0.164383562,0.242341766,0.533333333,0,0,0.397959184,0.5,0.733333333,0.666666667,0.571428571,0.8,1,0,0.634146341
1,0.205479452,0.136569211,0.533333333,0,0,0.5,0.5,0.733333333,0.333333333,0.5,0,1,1,0.951219512
0,0.02739726,0.181097547,0.533333333,0,0,0.418367347,0.5,0.733333333,0.666666667,0.071428571,0.2,1,0,0.951219512
0,0.383561644,0.247164125,0.6,0,0,0.397959184,0.5,1,0.333333333,0.857142857,0,1,1,0.951219512
0,0.178082192,0.108614688,0.866666667,0,0,0.397959184,0.5,0.8,0.666666667,0.071428571,0.2,1,0,0.951219512
1,0.821917808,0.071451139,0.8,0,0,0.5,0.5,0.6,0.333333333,0.285714286,0,1,1,0.951219512
0,0.465753425,0.065049066,0.466666667,0,0,0.397959184,0.5,0.133333333,0.666666667,0.571428571,0.6,1,1,0.951219512
1,0.383561644,0.238329223,0.533333333,0,0,0.397959184,0.25,0.733333333,0.333333333,1,0,1,1,0.951219512
0,0.123287671,0.065695159,0.533333333,0,0,0.397959184,0.5,0.733333333,0.333333333,0.428571429,0,1,1,0.951219512
0,0.547945205,0.017688069,0.2,0,0,0.397959184,0.75,0.333333333,1,0.357142857,0.8,1,1,0.951219512
0,0.02739726,0.090357651,0.733333333,0,0,0.5,0.5,0.466666667,0.666666667,0.285714286,0.2,1,0,0.951219512
1,0.369863014,0.018766469,0.8,0,0,0.520408163,0.5,0.6,0.333333333,1,0,1,1,0.951219512
0,0.178082192,0.19632302,0.533333333,0,0,0.397959184,0.5,0.733333333,0.666666667,0.071428571,0.6,1,0,0.951219512
0,0.287671233,0.234350507,0.6,0,0,0.397959184,0.5,1,0.333333333,0.428571429,0,1,1,0.951219512
1,0.534246575,0.112351204,0.6,0,0,0.397959184,0.5,1,0.333333333,0.714285714,0,1,1,0.951219512
0,0.739726027,0.111426378,0.533333333,0,0,0.234693878,0,0.733333333,1,0,0.8,1,1,0.951219512
0,0.438356164,0.149094624,0.8,0,0,0.397959184,0.75,0.6,0.666666667,0.285714286,0.6,1,0,0.951219512
0,0.273972603,0.087100124,0.866666667,0,0,0.397959184,0.125,0.8,0,0.714285714,0.2,1,0,0.951219512
0,0.219178082,0.279027004,0.8,0,0,0.397959184,0.5,0.6,0,0.285714286,0.2,1,0,0.951219512
0,0.02739726,0.107241317,0.6,0,0,0.193877551,0.5,1,0.666666667,0.571428571,0.6,1,1,0.951219512
0,0.068493151,0.06905552,0.6,0,0,0.346938776,0.5,1,0.666666667,0.571428571,0.2,1,1,0.951219512
1,0.301369863,0.014254642,0.533333333,0.07298073,0,0.479591837,0.5,0.733333333,0.333333333,1,0,1,1,0.951219512
0,0.109589041,0.218332132,0.6,0.031370314,0,0.397959184,0.5,1,0.333333333,0.785714286,0,1,1,0.951219512
0,0.438356164,0.098290052,0.533333333,0,0,0.397959184,0.5,0.733333333,0.333333333,0.214285714,0,1,1,0.951219512
0,0.01369863,0.082110661,0.533333333,0,0,0.397959184,0.5,0.733333333,0.666666667,0.071428571,0.6,1,0,0.951219512
0,0.301369863,0.049967695,0.133333333,0,0,0.397959184,0.5,0.266666667,0.333333333,0.571428571,0,0.25,1,0.731707317
0,0.04109589,0.118099065,0.533333333,0,0,0.397959184,0.5,0.733333333,0.666666667,1,0.4,1,1,0.951219512
0,0.123287671,0.075654465,0.8,0,0,0.346938776,0.5,0.6,0.666666667,0.071428571,0.2,1,0,0.951219512
1,0.191780822,0.144885885,0.933333333,0,0.453856749,0.704081633,0.5,0.933333333,0.333333333,0.714285714,0,1,1,0.951219512
0,0.164383562,0.131753619,0.533333333,0,0,0.418367347,0,0.733333333,0.5,0,0.8,0.5,0,0.341463415
0,0.452054795,0.08450425,0.8,0,0,0.193877551,0.5,0.6,0.333333333,0.214285714,0,0.25,1,0.731707317
1,0.191780822,0.241769416,0.733333333,0,0,0.5,0.75,0.466666667,0.333333333,0.214285714,0.2,1,1,0.951219512
0,0.232876712,0.171517101,0.6,0,0,0.448979592,0.5,1,0.833333333,0.214285714,0.2,1,1,0.951219512
1,0.410958904,0.11136346,0.533333333,0.086140861,0,0.43877551,0.5,0.733333333,0,0.214285714,0.2,0.5,1,0.951219512
0,0.315068493,0.024576572,0.533333333,0,0,0.346938776,0.5,0.733333333,0.666666667,0.071428571,0.8,0.5,0,0.951219512
1,0.561643836,0.041074612,0.4,0.140841408,0,0.397959184,0.125,0.066666667,0,0.214285714,0.2,0.5,0,0.951219512
0,0.506849315,0.023080748,0.6,0,0,0.469387755,0.5,1,0,0.571428571,0.2,1,0,0.951219512
0,0.109589041,0.165947169,0.8,0,0,0.193877551,0.75,0.6,0.666666667,0.071428571,0.2,0.5,0,0.951219512
1,0.301369863,0.050305964,0.8,0.278282783,0,0.551020408,0.5,0.6,0,0.285714286,0.2,1,1,0.951219512
0,0.082191781,0.090800783,0.533333333,0,0,0.479591837,0.5,0.733333333,0.833333333,0.5,0.8,1,0,0.951219512
1,0.136986301,0.090980066,0.6,0,0,0.397959184,0.5,1,0.333333333,0.285714286,1,1,0,0.951219512
1,0.150684932,0.026416077,0.733333333,0,0,0.153061224,0.5,0.466666667,0.333333333,0.285714286,1,1,0,0.951219512
0,0.356164384,0.106855691,0.533333333,0,0,0.397959184,0.5,0.733333333,0.833333333,0.071428571,0.8,1,0,0.951219512
0,0.095890411,0.15127984,0.533333333,0,0,0.37755102,0.5,0.733333333,0.333333333,0.214285714,0,1,1,0.951219512
0,0.150684932,0.246540357,0.8,0.068490685,0,0.5,0.5,0.6,0.666666667,0.857142857,0.6,0.5,1,0.951219512
0,0.191780822,0.293770782,0.6,0,0,0.397959184,0.5,1,0.833333333,0.571428571,0.8,0.5,0,0.951219512
1,0.410958904,0.184414609,0.8,0,0.433195592,0.397959184,0.5,0.6,0.333333333,0.285714286,0,1,1,0.951219512
0,0.342465753,0.042394536,0.6,0,0,0.397959184,0.5,1,0,0.714285714,0.2,1,1,0.951219512
1,0.342465753,0.120260602,0.666666667,0.07298073,0,0.520408163,0.625,0.533333333,0.333333333,0.285714286,0,1,1,0.951219512
0,0.109589041,0.137827571,0.733333333,0,0,0.397959184,0.5,0.466666667,0.333333333,0.071428571,1,1,0,0.951219512
0,0.602739726,0.013051758,0.866666667,0,0,0.295918367,0.875,0.8,0.333333333,0.714285714,0,1,1,0.951219512
0,0.410958904,0.216613728,0.6,0,0,0.397959184,0.5,1,0,1,0.8,1,1,0.951219512
0,0.109589041,0.124285999,0.066666667,0,0,0.397959184,0.5,0.2,0.666666667,0.642857143,0.2,1,0,0.317073171
0,0.575342466,0.11027897,0.2,0,0,0.316326531,0.5,0.333333333,0.666666667,0.571428571,0.4,1,1,0.951219512
1,0.712328767,0.064653292,0.866666667,0.065140651,0,0.397959184,0.625,0.8,0.333333333,0.285714286,0,1,1,0.951219512
0,0.123287671,0.21616789,0.533333333,0,0,0.367346939,0.5,0.733333333,0.666666667,1,0.2,0.5,1,0.951219512
1,0.191780822,0.095202335,0.8,0,0,0.397959184,0.25,0.6,0.333333333,0.714285714,0,1,1,0.951219512
1,0.465753425,0.123610139,0.6,0,0,0.448979592,0.625,1,0.333333333,0.285714286,0,1,1,0.951219512
0,0.575342466,0.029840033,0.6,0,0.362488522,0.602040816,0.75,1,0.333333333,0.357142857,0,1,1,0.951219512
0,0.616438356,0.089071554,0.8,0,0,0.06122449,0.5,0.6,1,0.928571429,0.8,1,0,0.951219512
0,0.767123288,0.121173928,0.933333333,0,0,0.397959184,0,0.933333333,0.333333333,0,0,1,1,0.951219512
0,0.452054795,0.01551909,0.533333333,0,0,0.397959184,0.5,0.733333333,0.333333333,0.214285714,0,1,1,0.951219512
1,0.520547945,0.165420823,0.533333333,0,0,0.397959184,0.5,0.733333333,0.833333333,0.071428571,0.2,1,0,0.951219512
0,0.438356164,0.253558756,0.6,0,0,0.397959184,0.5,1,0.333333333,0.857142857,0,1,1,0.951219512
0,0.753424658,0.013892018,0.866666667,0,0,0.295918367,0.75,0.8,0.333333333,0.214285714,0,1,1,0.951219512
0,0.315068493,0.16501896,0.666666667,0,0,0.397959184,0.5,0.533333333,0.333333333,0.428571429,0,0.5,1,0.951219512
0,0.219178082,0.068104985,0.6,0,0,0.479591837,0.75,1,0.666666667,0.214285714,0.6,1,1,0.951219512
0,0.205479452,0.122236768,0.533333333,0,0,0.448979592,0.5,0.733333333,0.833333333,0.857142857,0.2,1,0,0.951219512
0,0.589041096,0.040184965,0.266666667,0,0,0.489795918,0.5,0.4,0.333333333,0.5,0,1,1,0.951219512
0,0.136986301,1,0.6,0,0,0.397959184,0.5,1,0.333333333,0.285714286,0,1,1,0.951219512
0,0.04109589,0.292446122,0.333333333,0,0,0.397959184,0.5,0,0.666666667,0.428571429,0.6,1,1,0.951219512
0,0.150684932,0.115919262,0.6,0,0,0.5,0.5,1,0.333333333,0.857142857,0,1,1,0.951219512
0,0.589041096,0.084333086,0.6,0,0,0.397959184,0.875,1,0.333333333,1,0,1,1,0.951219512
0,0.136986301,0.068476404,0.866666667,0,0,0.448979592,0.5,0.8,0.666666667,0.071428571,0.6,1,1,0.951219512
0,0.602739726,0.06298495,0.8,0,0,0.397959184,0.5,0.6,0.333333333,0.714285714,0,1,1,0.951219512
1,0.328767123,0.136631453,0.8,0,0.433195592,0.397959184,0.5,0.6,0.333333333,0.714285714,0,1,1,0.951219512
1,0.315068493,0.269016281,0.6,0.07298073,0,0.397959184,0.5,1,0.333333333,0.714285714,0,1,1,0.951219512
0,0.342465753,0.0354147,0.533333333,0,0,0.5,0.75,0.733333333,0.333333333,0.285714286,0,1,1,0.951219512
0,0.438356164,0.073633648,0.533333333,0,0,0.5,0.5,0.733333333,0.333333333,0.714285714,0,1,1,0.951219512
0,0.219178082,0.141719014,0.6,0,0,0.397959184,0.5,1,0.666666667,0.714285714,0.2,0.5,1,0.951219512
0,0.219178082,0.126089648,0.8,0,0,0.5,0.5,0.6,0.333333333,0.857142857,0,1,1,0.951219512
0,0.410958904,0.119138903,0.733333333,0,0,0.397959184,0.5,0.466666667,0.333333333,0.214285714,0,1,1,0.951219512
1,0.424657534,0.071417988,0.6,0,0,0.397959184,0.5,1,0.333333333,0.714285714,0,1,1,0.951219512
0,0.082191781,0.051134046,0.533333333,0,0,0.346938776,0.5,0.733333333,0.666666667,0.857142857,0.6,1,1,0.951219512
0,0.328767123,0.202160184,0.533333333,0,0,0.397959184,0.5,0.733333333,0,0.214285714,0.2,1,1,0.951219512
0,0.150684932,0.065143105,0.6,0,0,0.397959184,0.5,1,0.666666667,0.571428571,0.2,1,0,0.951219512
1,0.191780822,0.144885885,0.6,0,0,0.551020408,0.5,1,0.333333333,0.214285714,0,1,1,0.951219512
1,0.287671233,0.113670452,0.8,0,0,0.5,0.5,0.6,0.333333333,0.285714286,0,0.25,1,0.585365854
0,0.01369863,0.065358243,0.4,0,0,0.112244898,0.5,0.066666667,0.666666667,0.428571429,0.6,1,1,0.951219512
0,0.520547945,0.026197556,0.533333333,0,0,0.397959184,0.5,0.733333333,0,0.071428571,0.8,1,0,0.951219512
0,0.260273973,0.103322137,0.533333333,0,0,0.397959184,0.5,0.733333333,0.666666667,0.714285714,0.2,1,1,0.951219512
0,0.123287671,0.151356965,0.666666667,0,0,0.397959184,0.5,0.533333333,0,0.714285714,0.8,1,0,0.951219512
1,0.301369863,0.079349712,0.8,0,0,0.5,0.5,0.6,0.666666667,0.285714286,0.2,1,1,0.951219512
0,0.095890411,0.115049912,0.533333333,0,0,0.397959184,0.5,0.733333333,0.666666667,0.428571429,0.2,1,1,0.951219512
0,0.452054795,0.320289693,1,0,0,0.5,0.5,0.666666667,0,0.714285714,0.2,1,0,0.951219512
0,0.04109589,0.215511648,0.4,0,0,0.397959184,0.5,0.066666667,0.666666667,0.214285714,0.6,1,1,0.951219512
0,0.082191781,0.16466919,0.6,0,0,0.244897959,0.5,1,0.666666667,0.428571429,0.2,0.5,1,0.951219512
0,0.150684932,0.124716277,0.666666667,0,0,0.397959184,0,0.533333333,0.833333333,0,0.8,1,0,0.634146341
0,0.575342466,0.035056136,0.333333333,0,0,0.397959184,0.5,0,0.333333333,0.428571429,0,1,1,0.951219512
0,0.547945205,0.20758669,0.8,0,0,0.397959184,0.5,0.6,0.666666667,0.857142857,0.2,1,1,0.951219512
0,0.397260274,0.030879871,0.533333333,0,0,0.244897959,0.5,0.733333333,0,0.571428571,0.2,1,1,0.951219512
0,0.726027397,0.134216891,0.333333333,0,0,0.193877551,0.5,0,1,0.071428571,0.4,1,1,0.951219512
0,0.205479452,0.151248042,0.866666667,0,0,0.520408163,0.625,0.8,0.666666667,0.285714286,0.2,1,0,0.951219512
0,0.575342466,0.439867669,0.333333333,0,0,0.142857143,0.25,0,1,0.714285714,0.8,1,0,0.951219512
0,0.219178082,0.14888625,0.533333333,0,0.383838384,0.551020408,0.5,0.733333333,0.333333333,0.857142857,0,1,1,0.951219512
0,0.452054795,0.096844968,0.8,0,0,0.5,0.5,0.6,0,0.285714286,0.2,1,0,0.951219512
0,0.082191781,0.09522872,0.533333333,0,0,0.06122449,0.5,0.733333333,0.666666667,0.428571429,0.8,0.5,0,0.951219512
0,0.02739726,0.020781874,0.6,0,0,0.193877551,0.5,1,0.666666667,0.571428571,0.6,1,1,0.951219512
0,0.479452055,0.095071087,0.333333333,0,0,0.397959184,0.5,0,1,0.571428571,0.8,1,0,0.951219512
0,0.150684932,0.129550813,0.333333333,0,0,0.5,0.5,0,0.333333333,0.214285714,0,1,1,0.951219512
0,0.01369863,0.034291648,0.4,0,0,0.153061224,0.5,0.066666667,0.666666667,0.571428571,0.6,1,1,0.951219512
0,0.369863014,0.189904033,0.6,0,0,0.602040816,0.5,1,0,0.214285714,0.2,1,1,0.951219512
0,0.698630137,0.036157538,0.533333333,0,0,0.244897959,0,0.733333333,0.333333333,0,0,1,1,0.951219512
1,0.246575342,0.174740802,0.8,0,0,0.397959184,0.5,0.6,0,0.714285714,0.2,1,0,0.951219512
0,0.369863014,0.064418533,1,0.050130501,0,0.602040816,0.875,0.666666667,0.333333333,0.714285714,0,1,1,0.951219512
1,0.301369863,0.242378976,0.6,0,0,0.295918367,0.5,1,0.333333333,0.857142857,1,1,0,0.951219512
0,0.219178082,0.019050615,0.6,0,0,0.397959184,0.625,1,0.333333333,0.285714286,0,1,1,0.951219512
0,0.191780822,0.031940005,0.6,0,0,0.5,0.5,1,0.333333333,0.071428571,0,1,1,0.951219512
1,0.643835616,0.067322231,0.8,0,0,0.448979592,0.875,0.6,0.333333333,0.214285714,0,1,1,0.951219512
0,0.095890411,0.216404001,0.533333333,0,0,0.193877551,0.5,0.733333333,0.666666667,0.428571429,0.4,1,1,0.951219512
0,0.219178082,0.128341164,0.866666667,0,0,0.448979592,0.5,0.8,0.333333333,0.714285714,0,1,1,0.951219512
0,0.328767123,0.047380617,0.466666667,0,0,0.091836735,0.5,0.133333333,0.333333333,0.571428571,1,1,0,0.951219512
0,0.383561644,0.026695487,0.8,0,0,0.418367347,0.5,0.6,0.666666667,0.285714286,0.2,1,0,0.951219512
0,0.287671233,0.036148067,0.666666667,0,0,0.397959184,0.75,0.533333333,0,0.571428571,0.8,1,0,0.951219512
0,0.191780822,0.233310669,1,0,0,0.479591837,0.75,0.666666667,0.666666667,0.714285714,0.6,1,0,0.951219512
0,0.465753425,0.209442432,0.6,0,0,1,0.75,1,0.333333333,0.571428571,0,1,1,0.951219512
0,0.342465753,0.174841606,0.8,0,0,0.316326531,0.5,0.6,0.666666667,0.714285714,0.2,1,1,0.951219512
0,0.657534247,0.212873153,0.533333333,0,0,0.397959184,0.75,0.733333333,0.333333333,0.857142857,1,1,0,0.951219512
0,0.547945205,0.111619191,1,0,0,0.346938776,0.75,0.666666667,0.333333333,0.714285714,0,1,1,0.951219512
0,0.342465753,0.076996039,0.533333333,0,0,0.387755102,0.875,0.733333333,0.833333333,0.071428571,0.8,1,1,0.951219512
1,0.575342466,0.163930411,0.8,0,0,0.551020408,0.5,0.6,0.333333333,0.857142857,0,1,1,0.951219512
0,0.342465753,0.19245052,0.6,0,0,0.448979592,0.5,1,0,0.5,0.2,1,1,0.951219512
0,0.232876712,0.133299506,0.533333333,0,0,0.397959184,0.5,0.733333333,0.333333333,1,0,1,1,0.804878049
0,0.205479452,0.132365885,0.6,0,0,0.397959184,0.5,1,0.666666667,0.214285714,0.2,1,1,0.951219512
0,0.178082192,0.031940005,0.6,0,0,0.397959184,0.5,1,0.333333333,1,0,1,1,0.951219512
0,0.260273973,0.110596266,0.533333333,0,0,0.397959184,0.5,0.733333333,0,0.285714286,0.8,1,1,0.951219512
0,0.232876712,0.098865785,0.8,0,0,0.704081633,0.5,0.6,0.333333333,0.285714286,0,1,1,0.951219512
1,0.410958904,0.096511435,0.866666667,0,0,0.448979592,0.25,0.8,0.666666667,0.714285714,0.2,1,0,0.951219512
1,0.356164384,0.066764088,0.8,0,0.436639118,0.397959184,0.5,0.6,0.333333333,0.714285714,0,1,1,0.951219512
1,0.260273973,0.269092053,0.8,0,0.433195592,0.397959184,0.25,0.6,0.333333333,0.714285714,0,1,1,0.951219512
1,0.493150685,0.015678076,0.6,0,0,0.469387755,0.5,1,0.333333333,0.214285714,0,1,1,0.951219512
1,0.397260274,0.21679098,0.6,0,0,0.397959184,0.125,1,0.333333333,0.214285714,0,1,1,0.951219512
0,0.260273973,0.088536413,0.2,0,0,0.397959184,0.5,0.333333333,0.333333333,0.5,1,1,0,0.951219512
0,0.205479452,0.112677295,0.733333333,0.021740217,0,0.397959184,0.5,0.466666667,0.666666667,0.071428571,0.2,1,1,0.951219512
1,0.397260274,0.150891507,0.866666667,0,0,0.602040816,0.625,0.8,0,0.857142857,0.2,1,1,0.951219512
0,0.369863014,0.132899673,0.533333333,0,0,0.397959184,0,0.733333333,0.333333333,0,1,1,0,0.951219512
1,0.219178082,0.130230057,0.6,0.150241502,0,0.397959184,0.5,1,0.333333333,0.071428571,1,1,0,0.951219512
0,0.657534247,0.079250261,0.6,0,0,0.397959184,0.5,1,1,0.071428571,0.2,1,0,0.951219512
0,0.109589041,0.015343867,0.6,0,0,0.397959184,0.5,1,0.666666667,0.857142857,0.4,1,1,0.951219512
1,0.273972603,0.134772328,0.533333333,0,0,0.397959184,0.5,0.733333333,0.333333333,0.928571429,0,1,1,0.951219512
0,0.260273973,0.10412451,0.533333333,0,0,0.295918367,0.75,0.733333333,0.333333333,0.857142857,0,1,1,0.951219512
0,0.109589041,0.218583128,0.8,0,0,0.295918367,0,0.6,0.666666667,0,0.6,1,0,0.951219512
0,0.287671233,0.178786495,0.6,0,0,0.5,0.5,1,0.333333333,0.714285714,0,1,1,0.951219512
0,0.424657534,0.113016917,0.533333333,0,0,0.602040816,0.75,0.733333333,0.333333333,0.214285714,0,1,1,0.219512195
0,0.136986301,0.106391587,0.6,0,0,0.5,0.5,1,0.333333333,0.5,0,1,1,0.951219512
0,0.095890411,0.154859399,0.533333333,0,0,0.479591837,0.5,0.733333333,0.666666667,0.857142857,0.2,1,0,0.951219512
1,0.219178082,0.00901486,0.733333333,0,0,0.397959184,0.5,0.466666667,0.333333333,0.857142857,0,0.75,1,0.585365854
1,0.410958904,0.119138903,0.8,0,0,0.448979592,0.875,0.6,0.333333333,0.714285714,0,1,1,0.951219512
0,0.01369863,0.12175575,0.6,0,0,0.142857143,0.5,1,0.666666667,0.857142857,0.4,1,0,0.951219512
1,0.328767123,0.075931169,0.866666667,0,0,0.397959184,0.875,0.8,0.333333333,0.714285714,0,1,1,0.951219512
1,0.383561644,0.200248289,0.8,0.076880769,0,0.653061224,0.25,0.6,0.333333333,0.285714286,0,0.5,1,0.951219512
0,0.219178082,0.268266001,0.8,0,0,0.5,0.5,0.6,0.666666667,0.071428571,0.2,1,0,0.951219512
0,0.205479452,0.027797566,0.6,0,0,0.357142857,0.5,1,0.333333333,0.214285714,0,1,1,0.951219512
0,0.054794521,0.147174611,0.6,0,0,0.193877551,0.5,1,0.333333333,0.5,0,1,1,0.951219512
1,0.602739726,0.073508489,0.933333333,0,0,0.040816327,0.5,0.933333333,0.333333333,1,0,1,1,0.951219512
1,0.205479452,0.082944155,0.533333333,0,0,0.397959184,0.5,0.733333333,0.333333333,0.071428571,1,1,0,0.951219512
0,0.095890411,0.112053528,0.533333333,0,0,0.397959184,0.25,0.733333333,0.666666667,0.071428571,0.2,1,1,0.951219512
0,0.232876712,0.072000487,0.533333333,0,0,0.397959184,0.5,0.733333333,0.666666667,0.428571429,0.2,1,1,0.951219512
1,0.191780822,0.075171418,0.533333333,0.051780518,0,0.346938776,0.5,0.733333333,0.333333333,1,1,1,0,0.951219512
0,0.01369863,0.128282306,0.533333333,0,0.394628099,0.142857143,0.5,0.733333333,0.666666667,0.428571429,0.6,1,0,0.951219512
0,0.863013699,0.085084719,0.533333333,0,0,0.153061224,0.5,0.733333333,0.5,0.5,0.2,1,0,0.951219512
0,0.219178082,0.173100199,0.266666667,0,0,0.397959184,0.5,0.4,0.666666667,0.857142857,0.8,1,0,0.951219512
0,0.493150685,0.087343001,0.4,0,0,0.397959184,0.5,0.066666667,0.333333333,0.214285714,0,1,1,0.951219512
0,0.068493151,0.016051525,0.666666667,0,0,0.295918367,0.5,0.533333333,0.666666667,0.714285714,0.2,1,1,0.951219512
0,0.095890411,0.021507122,0.8,0,0,0.397959184,0.125,0.6,0.666666667,0.714285714,0.2,0.25,1,0.951219512
0,0.273972603,0.150544443,0.533333333,0,0,0.367346939,0.5,0.733333333,0,0.071428571,0.8,1,0,0.951219512
1,0.479452055,0.091565271,0.533333333,0,0,0.602040816,0.5,0.733333333,0.333333333,1,0,1,1,0.951219512
0,0.205479452,0.112416152,0.533333333,0,0,0.5,0.5,0.733333333,0.666666667,0.214285714,0.2,1,1,0.951219512
1,0.410958904,0.023718046,0.866666667,0,0,0.5,0.5,0.8,0.333333333,0.285714286,0,1,1,0.951219512
0,0.205479452,0.114222506,0.8,0,0,0.397959184,0.875,0.6,0.833333333,0.714285714,0.2,1,0,0.951219512
0,0.04109589,0.318274965,0.333333333,0,0,0.397959184,0.5,0,0.666666667,0.5,0.2,1,1,0.951219512
0,0.301369863,0.221054519,0.8,0,0,0.5,0.75,0.6,0.333333333,0.285714286,0,1,1,0.951219512
0,0.205479452,0.050360087,0.533333333,0,0,0.520408163,0.5,0.733333333,0.666666667,0.571428571,0.2,1,1,0.951219512
0,0.095890411,0.12541717,0.8,0,0,0.397959184,0.5,0.6,0.666666667,0.285714286,0.2,1,0,0.951219512
0,0.493150685,0.028992331,0.533333333,0,0,0.091836735,0.5,0.733333333,0.666666667,0.357142857,0.2,1,1,0.951219512
1,0.164383562,0.026830795,0.533333333,0.043860439,0,0.397959184,0.5,0.733333333,0.333333333,0.571428571,1,1,0,0.951219512
0,0.383561644,0.119637511,0.533333333,0,0,0.397959184,0.5,0.733333333,0.666666667,0.5,0.6,1,1,0.951219512
1,0.301369863,0.120431766,1,1,0,0.551020408,0.5,0.666666667,0.333333333,0.714285714,0,1,1,0.951219512
0,0.301369863,0.156034544,0.533333333,0,0,0.397959184,0.5,0.733333333,0.333333333,0.214285714,0,0.5,1,0.951219512
0,0.246575342,0.109746535,0.533333333,0,0,0.397959184,0.5,0.733333333,0,0.214285714,0.2,1,0,0.951219512
1,0.479452055,0.118083505,0.933333333,0,0.359044995,0.397959184,0.5,0.933333333,0.666666667,0.714285714,0.2,1,1,0.951219512
0,0.178082192,0.146956766,0.533333333,0,0,0.5,0.5,0.733333333,0.333333333,0.214285714,0,1,1,0.951219512
1,0.506849315,0.212345453,0.6,0,0,0.397959184,0.5,1,0.333333333,0.214285714,0,1,1,0.951219512
0,0.123287671,0.09426939,0.533333333,0,0,0.397959184,0.75,0.733333333,0.666666667,0.714285714,0.6,0.5,0,0.951219512
0,0.575342466,0.131020929,0.533333333,0,0,0.397959184,0.5,0.733333333,0.833333333,0.214285714,0.8,0,0,0.951219512
0,0.561643836,0.172772754,0.2,0,0,0.397959184,0.5,0.333333333,0.333333333,1,0,1,1,0.634146341
0,0.808219178,0.120923609,0.8,0,0,0.295918367,0,0.6,0.333333333,0,0,1,1,0.951219512
0,0.287671233,0.014808049,0.8,0,0,0.448979592,0.5,0.6,0.666666667,0.857142857,0.8,1,0,0.951219512
0,0.424657534,0.171101031,0.533333333,0,0,0.448979592,0.5,0.733333333,0.333333333,0.214285714,0,1,1,0.951219512
0,0.260273973,0.129585993,0.533333333,0,0,0.397959184,0.5,0.733333333,0.333333333,0.214285714,0,1,1,0.536585366
0,0.191780822,0.467366883,0.533333333,0,0,0.397959184,0.5,0.733333333,0.666666667,0.5,0.2,0.5,1,0.951219512
0,0.01369863,0.132028293,0.533333333,0,0,0.397959184,0.75,0.733333333,0.333333333,0.571428571,1,1,0,0.951219512
0,0.479452055,0.111927692,0.333333333,0.040640406,0,0.448979592,0.625,0,0.333333333,0.857142857,0,1,1,0.951219512
0,0.232876712,0.142737202,0.6,0,0,0.724489796,0.125,1,0,0.785714286,0.6,1,1,0.951219512
0,0.232876712,0.067502867,0.866666667,0,0,0.397959184,0.875,0.8,0.666666667,0.714285714,0.8,1,0,0.951219512
0,0.328767123,0.030112677,0.866666667,0,0,0.448979592,0.5,0.8,0.333333333,0.714285714,1,1,0,0.219512195
0,0.01369863,0.141037064,0.4,0,0,0.234693878,0.5,0.066666667,0.666666667,0.428571429,0.6,1,1,0.951219512
0,0.01369863,0.060060279,0.4,0,0,0.704081633,0.625,0.066666667,0.666666667,0.357142857,0.6,1,1,0.951219512
0,0.082191781,0.014387243,0.8,0,0,0.37755102,0.875,0.6,0.333333333,0.928571429,0,1,1,0.951219512
0,0.342465753,0.089636463,0.533333333,0,0,0.5,0.5,0.733333333,0.333333333,0.214285714,0,1,1,0.951219512
0,0.219178082,0.256291966,0.533333333,0,0,0.397959184,0.5,0.733333333,0.666666667,0.428571429,0.6,1,1,0.951219512
0,0.054794521,0.068651627,0.533333333,0,0,0.397959184,0,0.733333333,0.666666667,0,0.6,1,0,0.951219512
0,0.410958904,0.018424142,0.8,0,0,0.602040816,0.75,0.6,0.333333333,0.857142857,0,1,1,0.951219512
1,0.465753425,0.104305822,1,0,0,0.397959184,0.25,0.666666667,0.333333333,0.714285714,1,0.5,0,0.951219512
0,0.01369863,0.022976561,0.6,0,0,0.142857143,0.5,1,0.666666667,0.571428571,0.6,1,0,0.951219512
0,0.01369863,0.039774307,0.533333333,0,0,0.397959184,0,0.733333333,0.666666667,0,0.6,1,1,0.951219512
0,0.095890411,0.145310074,0.333333333,0,0,0.397959184,0.5,0,0.333333333,0.5,1,1,0,0.951219512
0,0.068493151,0.085397956,0.6,0,0,0.397959184,0.5,1,0.666666667,0.214285714,0.6,1,1,0.951219512
0,0.04109589,0.126791894,0.266666667,0,0,0.346938776,0.5,0.4,0.666666667,1,0.8,1,1,0.951219512
0,0.109589041,0.134703321,0.533333333,0,0,0.479591837,0.5,0.733333333,0.666666667,0.571428571,0.2,1,1,0.951219512
0,0.02739726,0.10351292,0.6,0,0,0.397959184,0.875,1,0.666666667,0.571428571,0.6,1,0,0.951219512
0,0.260273973,0.051878237,0.4,0,0,0.653061224,0.5,0.066666667,0.666666667,1,0.8,0,1,0.951219512
0,0.164383562,0.329414152,0.6,0,0,0.397959184,0.5,1,0.333333333,0.714285714,0,1,1,0.951219512
1,0.232876712,0.162613193,0.6,0.07298073,0,0.5,0.5,1,0.333333333,0.714285714,0,1,1,0.951219512
0,0.02739726,0.131460678,0.6,0,0,0.153061224,0.5,1,0.666666667,0.071428571,0.6,1,0,0.951219512
1,0.452054795,0.122747553,0.533333333,0,0,0.704081633,0.625,0.733333333,0.333333333,0.285714286,0,1,1,0.292682927
0,0.082191781,0.237016741,0.333333333,0,0.361111111,0.295918367,0.5,0,0.333333333,0.571428571,0,1,1,0.634146341
0,0.342465753,0.136996107,0.8,0,0.43067034,0.37755102,0.875,0.6,0.666666667,0.714285714,0.8,1,1,0.951219512
0,0.315068493,0.007951343,0.8,0,0,0.551020408,0.5,0.6,0.666666667,0.285714286,0.2,1,0,0.951219512
0,0.356164384,0.12259195,0.2,0,0,0.448979592,0.5,0.333333333,0.333333333,0.214285714,0,1,1,0.951219512
0,0.273972603,0.125585628,0.2,0,0,0.397959184,0.25,0.333333333,0.333333333,0.5,0,1,1,0.951219512
0,0.438356164,0.192547265,0.533333333,0,0,0.397959184,0,0.733333333,0.333333333,0,0,1,1,0.804878049
0,0.150684932,0.116022772,0.533333333,0,0.399449036,0.397959184,0.5,0.733333333,0.333333333,1,0,1,1,0.951219512
0,0.410958904,0.112576491,0.666666667,0,0,0.397959184,0.5,0.533333333,0.666666667,0.571428571,0.2,1,1,0.951219512
0,0.643835616,0.094885716,0.8,0,0,0.448979592,0.875,0.6,0.333333333,0.285714286,0,1,1,0.951219512
0,0.547945205,0.044936964,0.533333333,0,0,0.397959184,0.5,0.733333333,0.666666667,0.071428571,0.6,1,0,0.951219512
0,0.643835616,0.061386293,0.2,0,0,0.397959184,0.5,0.333333333,0.333333333,0.214285714,0,1,1,0.951219512
0,0.397260274,0.069353196,0.533333333,0,0,0.357142857,0.5,0.733333333,0.333333333,0.5,1,0.5,0,0.951219512
0,0.726027397,0.072130382,0.8,0,0,0.397959184,0.5,0.6,0.333333333,0.071428571,0,1,1,0.829268293
1,0.397260274,0.077442554,0.8,0,0,0.5,0.25,0.6,0.333333333,0.214285714,0,1,1,0.951219512
1,0.123287671,0.06101758,0.8,0.105201052,0,0.642857143,0.5,0.6,0.666666667,0.714285714,0.6,1,1,0.951219512
0,0.287671233,0.024852599,0.533333333,0,0,0.397959184,0.5,0.733333333,0.333333333,0.214285714,0,1,1,0.951219512
0,0.054794521,0.148004722,0.533333333,0,0,0.295918367,0.5,0.733333333,0.666666667,0.5,0.6,1,1,0.951219512
0,0.465753425,0.04193855,0.533333333,0,0,0.397959184,0.5,0.733333333,0.333333333,0.5,0,1,1,0.951219512
0,0.643835616,0.109239809,0.533333333,0,0,0.397959184,0.125,0.733333333,0.333333333,0.071428571,0,1,1,0.951219512
0,0.02739726,0.093429131,0.533333333,0,0,0.397959184,0.625,0.733333333,0.666666667,0.285714286,0.6,1,1,0.951219512
0,0.095890411,0.12159541,0.6,0,0,0.295918367,0.5,1,0.333333333,0.428571429,0,1,1,0.951219512
0,0.191780822,0.260590008,0.533333333,0,0,0.397959184,0.5,0.733333333,0.333333333,0.214285714,0,1,1,0.951219512
1,0.397260274,0.147954658,0.8,0.047870479,0,0.244897959,0.25,0.6,0,0.714285714,0.2,1,0,0.951219512
0,0.602739726,0.17356295,0.533333333,0,0,0.530612245,0.75,0.733333333,0.333333333,0.857142857,0,1,1,0.951219512
0,0.753424658,0.173583246,0.2,0,0,1,0.5,0.333333333,1,0.571428571,0.2,1,0,0
1,0.424657534,0.295693502,0.533333333,0.043860439,0,0.448979592,0.5,0.733333333,0.333333333,0.071428571,0,1,1,0.951219512
0,0.136986301,0.06129699,0.6,0,0,0.397959184,0.5,1,0,0.5,0.8,1,0,0.951219512
0,0.273972603,0.236562108,0.8,0,0,0.479591837,0.5,0.6,0.666666667,0.857142857,0.2,0.5,1,0
0,0.479452055,0.098976061,0.6,0,0,0.357142857,0.5,1,0,0.928571429,0.2,1,0,0.951219512
0,0.397260274,0.138018354,0.533333333,0,0,0.448979592,0.5,0.733333333,0.333333333,0.857142857,0,1,1,0.951219512
1,0.369863014,0.108074811,0.666666667,0.07298073,0,0.510204082,0.5,0.533333333,0.333333333,0.071428571,0,1,1,0.951219512
0,0.424657534,0.111578598,0.4,0,0,0.397959184,0.5,0.066666667,0.333333333,0.5,0,1,1,0.951219512
0,0.356164384,0.11906719,0.866666667,0.009140091,0,0.397959184,0.25,0.8,0,0.714285714,0.8,1,0,0.951219512
0,0.054794521,0.209631186,0.6,0,0,0.397959184,0.5,1,0.666666667,0.571428571,0.2,1,1,0.951219512
0,0.109589041,0.060568359,0.666666667,0,0,0.408163265,0.5,0.533333333,0.333333333,0.857142857,0,1,1,0.951219512
1,0.602739726,0.028749455,0.8,0,0,0.397959184,0.5,0.6,0.333333333,0.5,0,1,1,0.951219512
0,0.493150685,0.094430406,0.533333333,0,0,0.397959184,0.5,0.733333333,0.333333333,0.214285714,0,1,1,0.951219512
0,0.054794521,0.120155062,0.733333333,0,0,0.551020408,0,0.466666667,0.666666667,0,0.2,1,1,0.951219512
0,0.287671233,0.115683827,0.6,0,0,0.428571429,0.5,1,0.333333333,0.214285714,0,1,1,0.951219512
0,0.150684932,0.137941229,0.533333333,0,0,0.397959184,0.5,0.733333333,0.333333333,0.857142857,0,1,1,0.951219512
0,0.04109589,0.019719034,0.6,0,0,0.459183673,0.5,1,0.666666667,0.071428571,0.6,1,0,0.951219512
0,0.150684932,0.066383874,0.533333333,0,0,0.397959184,0.5,0.733333333,0.666666667,0.214285714,0.6,1,1,0.951219512
0,0.109589041,0.058094262,0.6,0,0,0.397959184,0.5,1,0.666666667,1,0.8,1,1,0.951219512
1,0.328767123,0.197474486,0.8,0,0,0.551020408,0.5,0.6,0.333333333,0.714285714,0,1,1,0.951219512
0,0.082191781,0.268384395,0.6,0,0,0.37755102,0.5,1,0.666666667,0.071428571,0.8,1,0,0.951219512
0,0.068493151,0.127249233,0.533333333,0,0,0.346938776,0.5,0.733333333,0.666666667,0.5,0.4,1,1,0.951219512
0,0.109589041,0.134724971,0.8,0,0,0.397959184,0.5,0.6,0.666666667,0.571428571,0.6,1,1,0.951219512
0,0.397260274,0.073946209,0.8,0,0,0.397959184,0.875,0.6,0.333333333,0.214285714,0,1,1,0.951219512
0,0.561643836,0.07169131,0.533333333,0,0,0.704081633,0.75,0.733333333,0.333333333,0.357142857,0,1,1,0.951219512
0,0.383561644,0.071053335,0.533333333,0,0,0.397959184,0,0.733333333,0,0,0.2,1,0,0.951219512
0,0.136986301,0.238699289,0.8,0,0,0.193877551,0.75,0.6,0.666666667,0.714285714,0.2,1,0,0.951219512
0,0.095890411,0.080139908,0.8,0,0,0.397959184,0.5,0.6,0.666666667,0.857142857,0.6,1,1,0.951219512
0,0.328767123,0.142927309,0.066666667,0,0,0.397959184,0.5,0.2,0.333333333,0.5,0,1,1,0.634146341
1,0.410958904,0.140708943,0.6,0,0,0.397959184,0.125,1,0.333333333,0.428571429,0,1,1,0.951219512
0,0.095890411,0.091510471,0.866666667,0,0,0.193877551,0.875,0.8,0.666666667,0.714285714,0.2,1,0,0.951219512
0,0.109589041,0.129301847,0.6,0,0,0.397959184,0.25,1,0.333333333,0.571428571,0,1,1,0.951219512
0,0.082191781,0.157644703,0.6,0,0,0.397959184,0.5,1,0,0.857142857,0.6,0.5,0,0.951219512
0,0.095890411,0.204419142,0.533333333,0,0,0.397959184,0.5,0.733333333,0.666666667,0.5,0.2,1,0,0.951219512
1,0.534246575,0.135699184,0.533333333,0,0,0.397959184,0.25,0.733333333,0.333333333,1,0,1,1,0.951219512
0,0.452054795,0.062541818,0.533333333,0,0,0.479591837,0.5,0.733333333,0,0.5,0.4,1,0,0.951219512
0,0.246575342,0.093207903,0.533333333,0.043860439,0,0.479591837,0.5,0.733333333,0.333333333,0.5,0,1,1,0.951219512
0,0.123287671,0.073054532,0.8,0,0,0.234693878,0.5,0.6,0.666666667,0.071428571,0.6,1,1,0.951219512
0,0.479452055,0.183202254,0.533333333,0,0,0.5,0.75,0.733333333,0.666666667,0.714285714,0.2,1,1,0.951219512
0,0.095890411,0.149511371,0.733333333,0,0,0.367346939,0.5,0.466666667,0.666666667,0.857142857,0.6,1,0,0.951219512
0,0.383561644,0.014992744,0.533333333,0,0,0.5,0.75,0.733333333,0.333333333,1,0,1,1,0.951219512
0,0.260273973,0.111368195,0.6,0,0,0.244897959,0.625,1,0.5,0.071428571,0.8,1,0,0.951219512
1,0.328767123,0.142430054,0.733333333,0,0,0.448979592,0.5,0.466666667,0.333333333,0.857142857,0,1,1,0.951219512
0,0.753424658,0.043031158,0.6,0,0,0.030612245,0,1,1,0,0.8,0.25,0,0.951219512
0,0.205479452,0.117706674,0.533333333,0.029070291,0,0.346938776,0.5,0.733333333,0.666666667,0.571428571,0.6,1,1,0.951219512
0,0.342465753,0.145864835,0.8,0,0.340909091,0.397959184,0.25,0.6,0.333333333,0.285714286,0,1,1,0.951219512
0,0.465753425,0.046602599,0.533333333,0,0,0.37755102,0,0.733333333,0.833333333,0,0.8,1,0,0.951219512
0,0.04109589,0.15187181,0.6,0,0,0.397959184,0.5,1,0.666666667,0.428571429,0.6,1,1,0.951219512
0,0.602739726,0.077742936,0.533333333,0,0,0.397959184,0.75,0.733333333,0.333333333,0.214285714,0,1,1,0.268292683
0,0.493150685,0.114600014,0.6,0,0,0.397959184,0.125,1,0,0.428571429,0.2,1,1,0.951219512
0,0.054794521,0.021141792,0.6,0,0,0.397959184,0.5,1,0.666666667,0.857142857,0.2,1,0,0.951219512
0,0.136986301,0.063588422,0.533333333,0,0,0.397959184,0.5,0.733333333,0.666666667,0.071428571,0.6,1,0,0.951219512
0,0.164383562,0.051920859,0.533333333,0,0,0.397959184,0.5,0.733333333,0.666666667,0.857142857,0.8,1,0,0.951219512
0,0.082191781,0.07125359,0.8,0,0,0.602040816,0.5,0.6,0.666666667,0.285714286,0.6,1,0,0.951219512
0,0.246575342,0.223584092,0.533333333,0,0,0.397959184,0.5,0.733333333,0.333333333,0.214285714,0,1,1,0.951219512
0,0.232876712,0.126473245,0.6,0,0,0.551020408,0.5,1,0.333333333,0.285714286,0,1,1,0.951219512
0,0.890410959,0.154389882,0.533333333,0,0,0.397959184,0.75,0.733333333,0.333333333,0.214285714,0,1,1,0.12195122
0,0.547945205,0.20510921,0.933333333,0,0,0.357142857,0.75,0.933333333,0.333333333,0.714285714,0,1,1,0.951219512
1,0.328767123,0.116486877,0.866666667,0,0,0.37755102,0.25,0.8,0.333333333,0.714285714,0,1,1,0.951219512
0,0.273972603,0.232705168,0.533333333,0,0,0.397959184,0.5,0.733333333,0.333333333,0.214285714,0,0.25,1,0.853658537
0,0.465753425,0.050095561,0.666666667,0.040640406,0,0.551020408,0.5,0.533333333,0.333333333,0.571428571,0,1,1,0.951219512
0,0.328767123,0.086341049,0.666666667,0,0,0.295918367,0.5,0.533333333,0.833333333,0.214285714,0.2,1,1,0.951219512
0,0.301369863,0.086518302,0.333333333,0,0,0.397959184,0.5,0,0.833333333,0.571428571,0.8,1,0,0.634146341
0,0.260273973,0.088957219,0.533333333,0,0,0.397959184,0,0.733333333,0,0,0.4,1,0,0.951219512
1,0.643835616,0.137929052,1,0,0,0.5,0.875,0.666666667,0.333333333,0.714285714,0,1,1,0.097560976
0,0.287671233,0.113027065,0.733333333,0,0,0.397959184,0.5,0.466666667,0.5,0.071428571,0.8,1,0,0.951219512
1,0.383561644,0.047704001,0.8,0,0,0.448979592,0.5,0.6,0.333333333,0.285714286,0,1,1,0.951219512
0,0.178082192,0.060490557,0.8,0,0,0.193877551,0,0.6,0.333333333,0,1,1,0,0.951219512
1,0.424657534,0.108894098,1,0,0,0.448979592,0.5,0.666666667,0.333333333,0.714285714,0,1,1,0.951219512
0,0.397260274,0.198140875,0.066666667,0,0,0.397959184,0.5,0.2,0.333333333,0.428571429,0,1,1,0.634146341
1,0.465753425,0.090683066,1,0,0.433195592,0.397959184,0.25,0.666666667,0.333333333,0.714285714,0,1,1,0.951219512
0,0.136986301,0.052759765,0.733333333,0,0,0.397959184,0,0.466666667,0.333333333,0,0.6,0,1,0.951219512
0,0.04109589,0.145789062,0.6,0,0,0.56122449,0.5,1,0.666666667,0.857142857,0.2,1,0,0.951219512
0,0.178082192,0.110877706,0.666666667,0,0,0.234693878,0.5,0.533333333,0,0.071428571,0.8,1,0,0.951219512
0,0.01369863,0.035729967,0.533333333,0,0,0.295918367,0.5,0.733333333,0.666666667,0.214285714,0.6,1,1,0.951219512
1,0.452054795,0.1201165,0.533333333,0.07298073,0,0.5,0.125,0.733333333,0.333333333,0.928571429,0,1,1,0.951219512
0,0.02739726,0.059876938,0.533333333,0,0,0.397959184,0.5,0.733333333,0.666666667,0.714285714,0.2,1,0,0.951219512
0,0.767123288,0.094018395,0.6,0,0,0.755102041,0.75,1,1,0.357142857,0.2,1,0,0.951219512
0,0.273972603,0.051956715,0.733333333,0,0,0.346938776,0.875,0.466666667,0.333333333,0.571428571,0,1,1,0.951219512
0,0.04109589,0.066954872,0.6,0,0,0.295918367,0,1,0.666666667,0,0.6,1,0,0.951219512
1,0.369863014,0.135719481,0.933333333,0,0,0.551020408,0.5,0.933333333,0,0.714285714,0.2,1,1,0.951219512
0,0.397260274,0.101165336,0.533333333,0,0,0.244897959,0.5,0.733333333,0.833333333,0.571428571,0.8,0.5,0,0.951219512
0,0.273972603,0.11162325,0.6,0,0,0.397959184,0.75,1,0.666666667,0.214285714,0.2,1,1,0.951219512
1,0.452054795,0.090070123,0.866666667,0.076880769,0,0.448979592,0.75,0.8,0.333333333,0.857142857,0,1,1,0.951219512
1,0.205479452,0.143945498,0.8,1,0,0.602040816,0.625,0.6,0.333333333,0.285714286,0,1,1,0.951219512
0,0.479452055,0.152615324,0.6,0,0,0.040816327,0.75,1,0.666666667,0.071428571,0.8,1,1,0.951219512
0,0.328767123,0.073557876,0.4,0,0,0.5,0.5,0.066666667,0.333333333,0.214285714,0,1,1,0.951219512
0,0.315068493,0.106844867,0.8,0,0,0.704081633,0.75,0.6,0.333333333,1,0,1,1,0.487804878
0,0.123287671,0.077493294,0.6,0,0,0.397959184,0.5,1,0.666666667,0.857142857,0.2,1,1,0.951219512
1,0.369863014,0.076084743,0.533333333,0.03103031,0,0.397959184,0.5,0.733333333,0.333333333,0.285714286,1,1,0,0.951219512
1,0.397260274,0.093134837,0.8,0,0,0.448979592,0.25,0.6,0.333333333,0.714285714,0,1,1,0.951219512
0,0.205479452,0.306022197,0.6,0,0,0.397959184,0.5,1,0.666666667,0.357142857,0.6,0,1,0.951219512
0,0.260273973,0.122060192,0.466666667,0.046500465,0,0.5,0.5,0.133333333,0.666666667,0.285714286,0.2,1,1,0.951219512
0,0.109589041,0.083906868,0.4,0,0,0.397959184,0.75,0.066666667,0.666666667,0.857142857,0.6,1,1,0.951219512
0,0.01369863,0.181728756,0.533333333,0,0,0.142857143,0,0.733333333,0.666666667,0,0.6,1,0,0.951219512
1,0.095890411,0.12705642,0.533333333,0,0,0.602040816,0.5,0.733333333,0.333333333,0.214285714,0,1,1,0.634146341
0,0.150684932,0.012601861,0.733333333,0,0,0.397959184,0.5,0.466666667,0.666666667,0.5,0.2,1,1,0.951219512
1,0.287671233,0.156414758,0.8,0,0,0.275510204,0.75,0.6,0.333333333,0.071428571,1,1,0,0.951219512
0,0.219178082,0.15190496,0.666666667,0,0,0.255102041,0.5,0.533333333,0.666666667,0.714285714,0.8,0.5,0,0.951219512
0,0.109589041,0.172332329,0.666666667,0,0,0.448979592,0.5,0.533333333,0.666666667,0.857142857,0.2,1,1,0.951219512
1,0.369863014,0.167367898,0.866666667,0.051780518,0,0.602040816,0.5,0.8,0.333333333,0.285714286,0,0.5,1,0.951219512
0,0.02739726,0.032559713,0.6,0,0,0.142857143,0.875,1,0.666666667,0.071428571,0.6,1,0,0.951219512
0,0.068493151,0.128452793,0.6,0,0,0.295918367,0.5,1,0.666666667,0.071428571,0.6,1,0,0.951219512
0,0.178082192,0.111731496,0.8,0,0,0.397959184,0.5,0.6,0,0.857142857,0.2,1,1,0.951219512
0,0.328767123,0.036420035,0.6,0,0,0.244897959,0.25,1,0.333333333,1,1,1,0,0.951219512
0,0.178082192,0.300186386,0.533333333,0,0,0.397959184,0.5,0.733333333,0.666666667,0.214285714,0.6,1,1,0.951219512
0,0.438356164,0.053664972,0.6,0,0,0.397959184,0.5,1,0.333333333,0.214285714,0,1,1,0.951219512
0,0.205479452,0.186009884,0.6,0,0,0.295918367,0.25,1,0,0.571428571,0.2,1,0,0.585365854
0,0.095890411,0.142904984,0.533333333,0,0,0.448979592,0.5,0.733333333,0.333333333,0.214285714,0,1,1,0.951219512
0,0.506849315,0.138983097,0.133333333,0,0,0.295918367,0.5,0.266666667,0.5,0.571428571,0.8,0.5,0,0.341463415
0,0.397260274,0.119075985,0.533333333,0,0,0.397959184,0.5,0.733333333,0,0.071428571,0.2,1,0,0.951219512
0,0.178082192,0.118619323,0.533333333,0,0,0.5,0.5,0.733333333,0.333333333,0.285714286,0,1,1,0.951219512
0,0.315068493,0.116012624,0.533333333,0,0,0.397959184,0.5,0.733333333,0.333333333,0.571428571,0,1,1,0.951219512
0,0.232876712,0.141095246,0.133333333,0,0,0.397959184,0.5,0.266666667,0.333333333,0.357142857,0,1,1,0.634146341
0,0.04109589,0.024960169,0.6,0,0,0.346938776,0.5,1,0.666666667,0.714285714,0.2,1,1,0.951219512
0,0.287671233,0.103891105,0.8,0,0,0.43877551,0.5,0.6,0.333333333,0.857142857,0,1,1,0.951219512
1,0.410958904,0.118932559,0.533333333,0,0,0.397959184,0.5,0.733333333,0.333333333,0.5,0,1,1,0.951219512
0,0.520547945,0.223146372,0.6,0,0,0.397959184,0.5,1,0.333333333,0.928571429,0,1,1,0.951219512
0,0.04109589,0.104198253,0.533333333,0,0,0.193877551,0.5,0.733333333,0.666666667,0.857142857,0.6,1,0,0.951219512
0,0.109589041,0.097454528,0.333333333,0,0,0.397959184,0.5,0,0.333333333,0.5,0,1,1,0.951219512
1,0.219178082,0.014745131,0.6,0,0,0.397959184,0.25,1,0.333333333,0.785714286,0,1,1,0.951219512
0,0.246575342,0.137019785,0.533333333,0,0,0.357142857,0.5,0.733333333,0.333333333,0.071428571,0,1,1,0.951219512
0,0.547945205,0.042960122,0.533333333,0,0,0.704081633,0.75,0.733333333,0.333333333,0.5,0,1,1,0.951219512
1,0.301369863,0.128367549,0.933333333,0,0.453856749,0.5,0.75,0.933333333,0.333333333,0.714285714,0,1,1,0.951219512
0,0.465753425,0.08985769,0.6,0,0,0.295918367,0.5,1,0.666666667,1,0.2,1,1,0.951219512
0,0.164383562,0.114698112,0.8,0,0,0.397959184,0.5,0.6,0.666666667,0.857142857,0.2,1,1,0.951219512
0,0.04109589,0.283780355,0.6,0,0,0.132653061,0.5,1,0.666666667,0.071428571,0.2,0.5,0,0.951219512
0,0.465753425,0.063575568,0.733333333,0,0,0.397959184,0.125,0.466666667,0.333333333,0.928571429,0,0.5,1,0.951219512
1,0.315068493,0.144997514,0.6,0,0,0.295918367,0.5,1,0,0.928571429,0.2,1,1,0.317073171
1,0.178082192,0.150858357,0.8,0,0,0.397959184,0.25,0.6,0.333333333,0.785714286,0,1,1,0.951219512
0,0.082191781,0.12691773,0.533333333,0,0,0.448979592,0.5,0.733333333,0.666666667,0.071428571,0.8,1,0,0.951219512
0,0.410958904,0.107922591,0.6,0,0,0.397959184,0.5,1,0,0.928571429,0.2,1,0,0.951219512
0,0.095890411,0.259121922,0.6,0,0,0.295918367,0.5,1,0.666666667,0.571428571,0.8,1,0,0.585365854
0,0.273972603,0.038301485,0.533333333,0,0.488751148,0.397959184,0.75,0.733333333,0.333333333,0.214285714,0,1,1,0.951219512
0,0.205479452,0.103959435,0.8,0,0.365013774,0.418367347,0.5,0.6,0,0.5,0.2,1,0,0.951219512
1,0.575342466,0.298205485,0.6,0,0,0.357142857,0.5,1,0.333333333,0.714285714,0,1,1,0.951219512
0,0.109589041,0.120303224,0.8,0,0,0.346938776,0.5,0.6,0.666666667,0.714285714,0.2,1,1,0.951219512
0,0.219178082,0.074203293,0.533333333,0,0,0.397959184,0.5,0.733333333,0,0.071428571,0.2,1,0,0.951219512
0,0.602739726,0.118292555,0.6,0,0,0.56122449,0.5,1,0.333333333,0.5,0,1,1,0.951219512
0,0.273972603,0.112094796,0.533333333,0.039420394,0,1,0.75,0.733333333,0.333333333,0.357142857,0,1,1,0.951219512
1,0.287671233,0.102996722,0.933333333,0,0.648301194,0.448979592,0.75,0.933333333,0.666666667,0.714285714,0.2,1,1,0.951219512
1,0.356164384,0.093520464,0.6,0,0,0.397959184,0.5,1,0.333333333,0.714285714,0,1,1,0.951219512
0,0.123287671,0.105235384,0.8,0,0,0.193877551,0,0.6,0.333333333,0,1,1,0,0.951219512
0,0.191780822,0.105876065,0.533333333,0,0,0.397959184,0.5,0.733333333,0,0.428571429,0.2,1,1,0.951219512
1,0.465753425,0.253677826,0.8,0,0,0.5,0.25,0.6,0.333333333,0.071428571,0,1,1,0.951219512
0,0.602739726,0.026307155,0.533333333,0,0,0.551020408,0.5,0.733333333,0.333333333,0.214285714,0,1,1,0.951219512
0,0.438356164,0.103472328,0.666666667,0,0,0.397959184,0.75,0.533333333,0.333333333,0.285714286,0,1,1,0.951219512
0,0.452054795,0.199187479,0.533333333,0,0,0.112244898,0.125,0.733333333,0.666666667,0.071428571,0.8,0.5,0,0.951219512
0,0.150684932,0.072733177,0.8,0,0,0.397959184,0.5,0.6,0.666666667,0.857142857,0.2,1,1,0.951219512
0,0.260273973,0.099958393,0.533333333,0,0,0.397959184,0.5,0.733333333,0.666666667,0.571428571,0.2,1,1,0.951219512
1,0.452054795,0.033454772,0.6,0,0,0.244897959,0.75,1,0.333333333,0.571428571,0,1,1,0.951219512
0,0.671232877,0.117544981,0.2,0,0,0.316326531,0,0.333333333,0.333333333,0,0,1,1,0.951219512
0,0.520547945,0.073488869,0.533333333,0,0,0.397959184,0.5,0.733333333,0.833333333,0.071428571,0.2,1,0,0.951219512
0,0.068493151,0.122656897,0.533333333,0,0,0.244897959,0.5,0.733333333,0.666666667,0.857142857,0.2,1,0,0.951219512
0,0.02739726,0.10287021,0.533333333,0.010550106,0,0.704081633,0.5,0.733333333,0.666666667,0.428571429,0.6,1,1,0.951219512
0,0.534246575,0.115609408,0.533333333,0,0,0.346938776,0.5,0.733333333,0.666666667,0.071428571,0.6,1,0,0.951219512
0,0.328767123,0.227949787,0.533333333,0,0,0.346938776,0.5,0.733333333,0.666666667,0.214285714,0.6,0.5,0,0.951219512
0,0.04109589,0.16944825,0.6,0,0,0.346938776,0.5,1,0.666666667,0.571428571,0.6,1,1,0.951219512
1,0.397260274,0.126156625,0.933333333,0,0.554407713,0.806122449,0.75,0.933333333,0.333333333,0.714285714,0,1,1,0.951219512
0,0.04109589,0.151895489,0.6,0,0,0.142857143,0.5,1,0.666666667,0.857142857,0.6,1,1,0.951219512
1,0.465753425,0.095070411,0.666666667,0,0,0.397959184,0.875,0.533333333,0.333333333,0.928571429,0,1,1,0.951219512
1,0.575342466,0.116505143,0.6,0,0,0.397959184,0.5,1,0.333333333,0.857142857,0,1,1,0.951219512
0,0.726027397,0.189965598,0.6,0,0,0.295918367,0,1,0.333333333,0,0,1,1,0.951219512
0,0.479452055,0.138198313,0.6,0,0,0.397959184,0.5,1,0.833333333,0.214285714,0.4,0.25,1,0.731707317
0,0.04109589,0.246348221,0.533333333,0,0,0.397959184,0.5,0.733333333,0.666666667,0.857142857,0.6,1,1,0.951219512
0,0.164383562,0.089152738,0.2,0,0,0.724489796,0.75,0.333333333,0.333333333,0.357142857,0,1,1,0.951219512
0,0.01369863,0.03906056,0.533333333,0,0,0.112244898,0.5,0.733333333,0.666666667,0.428571429,0.6,1,1,0.951219512
0,0.205479452,0.119043511,0.4,0,0,0.397959184,0.5,0.066666667,0.666666667,0.642857143,0.8,0.5,0,0.951219512
0,0.383561644,0.021787209,0.533333333,0,0,0.653061224,0.5,0.733333333,1,0.357142857,0.8,1,1,0.951219512
0,0.04109589,0.051681364,0.533333333,0,0,0.397959184,0.5,0.733333333,0.666666667,0.428571429,0.6,1,1,0.951219512
0,0.369863014,0.142173647,0.533333333,0,0,0.397959184,0.5,0.733333333,0.333333333,0.214285714,0,1,1,0.951219512
1,0.342465753,0.056853492,0.6,0,0,0.5,0.5,1,0.333333333,0.857142857,0,1,1,0.951219512
1,0.232876712,0.01717796,0.8,0,0,0.5,0.5,0.6,0.333333333,0.857142857,0,1,1,0.951219512
0,0.04109589,0.156207738,0.533333333,0,0,0.275510204,0.5,0.733333333,0.666666667,0.428571429,0.6,1,1,0.951219512
0,0.219178082,0.116378631,0.8,0,0,0.448979592,0.5,0.6,0.333333333,0.714285714,0,1,1,0.951219512
1,0.191780822,0.210247511,0.533333333,0,0,0.5,0.5,0.733333333,0.333333333,1,0,1,1,0.951219512
1,0.205479452,0.067029967,0.933333333,0,0,0.755102041,0.875,0.933333333,0.333333333,0.714285714,0,1,1,0.951219512
0,0.02739726,0.07727139,0.4,0,0,0.142857143,0.5,0.066666667,0.666666667,0.071428571,0.6,0,0,0.853658537
0,0.520547945,0.016256516,0.2,0,0,0.724489796,0.125,0.333333333,0.333333333,0.071428571,0,1,1,0.951219512
1,0.438356164,0.297755587,0.8,0.076880769,0,0.346938776,0.25,0.6,0.333333333,0.714285714,1,0.5,0,0.951219512
0,0.095890411,0.274755347,0.533333333,0,0,0.397959184,0.5,0.733333333,0.333333333,0.214285714,0,1,1,0.951219512
0,0.178082192,0.092741769,0.533333333,0.011510115,0,0.295918367,0.5,0.733333333,0,0.857142857,0.8,1,1,0.951219512
0,0.465753425,0.082319711,0.533333333,0,0,0.346938776,0.25,0.733333333,0.833333333,0.071428571,0.2,1,0,0
0,0.02739726,0.125953664,0.533333333,0,0.459366391,0.397959184,0.5,0.733333333,0.666666667,0.071428571,0.6,1,1,0.951219512
1,0.424657534,0.105493145,0.6,0,0,0.397959184,0.5,1,0.333333333,0.857142857,0,1,1,0.951219512
1,0.438356164,0.140336171,0.8,0.150241502,0,0.397959184,0.75,0.6,0.333333333,0.857142857,0,1,1,0.951219512
1,0.534246575,0.138378272,0.933333333,0,0,0.397959184,0.25,0.933333333,0.333333333,0.071428571,0,0.25,1,0.731707317
0,0.205479452,0.054750814,0.733333333,0,0,0.62244898,0.5,0.466666667,0.333333333,0.5,0,1,1,0.951219512
0,0.082191781,0.15359901,0.533333333,0,0,0.397959184,0.5,0.733333333,0,0.857142857,0.2,1,1,0.951219512
1,0.397260274,0.087230019,0.8,0,0,0.397959184,0.5,0.6,0.333333333,0.071428571,0,0.25,1,0.731707317
0,0.438356164,0.091930601,0.533333333,0.050130501,0,0.397959184,0.5,0.733333333,0.333333333,0.857142857,0,1,1,0.951219512
0,0.465753425,0.039565257,0.533333333,0,0,0.397959184,0.5,0.733333333,0.333333333,0.071428571,0.4,1,0,0.951219512
0,0.301369863,0.050305964,0.6,0,0,0.5,0.5,1,0.666666667,0.214285714,0.2,1,1,0.951219512
0,0.04109589,0.122064927,0.6,0,0,0.397959184,0.5,1,0.666666667,0.428571429,0.6,1,0,0.951219512
0,0.219178082,0.024169297,0.6,0,0,0.397959184,0.5,1,0,0.285714286,0.8,1,0,0.951219512
0,0.178082192,0.166350385,0.533333333,0,0,0.397959184,0.5,0.733333333,0,0.071428571,0.2,1,0,0.951219512
0,0.520547945,0.123836102,0.533333333,0.02202022,0,0.346938776,0.5,0.733333333,1,0.571428571,0.2,1,0,0.536585366
0,0.136986301,0.184794147,0.733333333,0,0,0.397959184,0.125,0.466666667,0.666666667,1,0.2,0.5,1,0.951219512
1,0.589041096,0.010554659,0.6,0,0,0.397959184,0.75,1,0.333333333,0.285714286,0,1,1,0.951219512
0,0.561643836,0.046922601,0.533333333,0,0,0.602040816,0.75,0.733333333,0.333333333,0.357142857,0,1,1,0.951219512
0,0.164383562,0.155814669,0.8,0,0,0.397959184,0.5,0.6,0.666666667,0.928571429,0.2,1,1,0.951219512
0,0.424657534,0.046252152,0.533333333,0,0,0.551020408,0.5,0.733333333,0,0.5,0.2,1,0,0.951219512
0,0.315068493,0.145819507,0.733333333,0,0,0.704081633,0.5,0.466666667,0,0.071428571,0.6,1,0,0.951219512
1,0.273972603,0.192924096,0.533333333,0,0,0.397959184,0.25,0.733333333,0.333333333,0.785714286,0,1,1,0.951219512
0,0.109589041,0.255982789,0.6,0,0,0.397959184,0.5,1,0.666666667,0.571428571,0.2,0.5,1,0.951219512
1,0.219178082,0.097080403,0.933333333,0,0,0.397959184,0.5,0.933333333,0.666666667,0.714285714,0.2,1,1,0.951219512
1,0.561643836,0.113317299,0.8,0,0,0.704081633,0.625,0.6,0.333333333,0.857142857,0,1,1,0.951219512
0,0.04109589,0.116698633,0.6,0,0,0.193877551,0.5,1,0.666666667,0.928571429,0.6,1,0,0.951219512
0,0.630136986,0.060071104,0.733333333,0,0,0.346938776,0.5,0.466666667,0.5,0.071428571,0.4,1,0,0.951219512
1,0.095890411,0.032810708,0.6,0,0,0.704081633,0.5,1,0.333333333,1,0,1,1,0.951219512
0,0.095890411,0.049974461,0.6,0,0,0.397959184,0.5,1,0.666666667,0.071428571,0.2,1,0,0.951219512
1,0.397260274,0.234249703,0.6,0,0,0.397959184,0.5,1,0.333333333,0.785714286,0,0.5,1,0.951219512
0,0.328767123,0.08848026,1,0,0,0.602040816,0.5,0.666666667,0.333333333,0.714285714,0,1,1,0.951219512
1,0.342465753,0.011524814,0.933333333,0,0,0.602040816,0.75,0.933333333,0,0.714285714,0.8,1,1,0.951219512
0,0.424657534,0.126819632,0.533333333,0,0,0.397959184,0.5,0.733333333,0,0.214285714,0.8,1,0,0.951219512
0,0.219178082,0.175984954,0.8,0,0,0.397959184,0.5,0.6,0.666666667,0.285714286,0.2,1,0,0.951219512
0,0.178082192,0.291764173,0.666666667,0,0,0.346938776,0.625,0.533333333,0.333333333,0.857142857,0,1,1,0.951219512
0,0.04109589,0.155377626,0.533333333,0,0,0.448979592,0.5,0.733333333,0.666666667,0.428571429,0.2,1,1,0.951219512
1,0.301369863,0.10304205,1,0.047870479,0,0.397959184,0.75,0.666666667,0.666666667,0.714285714,0.2,1,1,0.951219512
0,0.150684932,0.070581788,0.6,0,0,0.234693878,0.5,1,0.666666667,0.928571429,0.6,1,0,0.951219512
1,0.602739726,0.257360895,0.6,0,0,0.5,0.75,1,0,0.285714286,0.2,1,1,0.951219512
0,0.246575342,0.06087686,0.466666667,0,0,0.397959184,0.5,0.133333333,0,0.785714286,0.4,1,1,0.951219512
1,0.356164384,0.145196416,0.533333333,0,0,0.806122449,0.5,0.733333333,0.333333333,0.857142857,0,1,1,0.951219512
0,0.547945205,0.108893422,0.8,0,0,0.346938776,0.25,0.6,0,0.714285714,0.2,1,0,0.951219512
1,0.452054795,0.109849369,0.6,0,0,0.448979592,0.5,1,0.333333333,0.857142857,0,1,1,0.951219512
0,0.150684932,0.170791853,0.866666667,0,0,0.5,0.5,0.8,0.666666667,0.071428571,0.2,0.25,1,0.463414634
0,0.02739726,0.083962344,0.533333333,0,0,0.193877551,0.5,0.733333333,0.666666667,0.928571429,0.6,1,0,0.951219512
0,0.575342466,0.100118056,0.2,0,0,0.397959184,0.5,0.333333333,0.833333333,0.5,0.2,1,1,0.951219512
1,0.219178082,0.026510792,0.533333333,0,0.436639118,0.397959184,0.5,0.733333333,0.333333333,0.928571429,1,1,0,0.951219512
1,0.260273973,0.176345548,0.8,0,0.433195592,0.397959184,0.5,0.6,0.333333333,0.285714286,0,1,1,0.951219512
1,0.356164384,0.067389885,0.8,0,0,0.5,0.5,0.6,0.333333333,0.714285714,0,1,1,0.951219512
1,0.671232877,0.115136508,0.933333333,0,0,0.244897959,0.75,0.933333333,0.333333333,0.714285714,0,1,1,0.951219512
0,0.068493151,0.068651627,0.4,0,0,0.295918367,0.5,0.066666667,0.666666667,0.571428571,0.6,1,0,0.951219512
1,0.369863014,0.100465796,0.8,0,0,0.602040816,0.5,0.6,0.333333333,0.857142857,0,1,1,0.951219512
0,0.109589041,0.141715631,0.533333333,0,0,0.397959184,0.5,0.733333333,0.333333333,0.5,0,1,1,0.951219512
0,0.383561644,0.111803209,0.533333333,0,0,0.5,0.625,0.733333333,0.333333333,0.857142857,1,1,0,0.951219512
1,0.068493151,0.117241893,0.6,0,0,0.244897959,0.5,1,0.666666667,0.857142857,0.2,1,1,0.951219512
0,0.109589041,0.180039442,0.8,0,0,0.397959184,0.5,0.6,0.666666667,0.714285714,0.2,1,1,0.951219512
1,0.287671233,0.044336875,0.533333333,0,0,0.397959184,0.75,0.733333333,0.333333333,0.214285714,0,1,1,0.951219512
0,0.520547945,0.118059826,0.533333333,0,0,0.397959184,0.125,0.733333333,0,0.071428571,0.2,1,0,0.951219512
1,0.506849315,0.010247511,0.533333333,0,0,0.397959184,0.125,0.733333333,0.333333333,0.071428571,0,1,1,0.951219512
1,0.506849315,0.061493186,0.533333333,0,0,0.602040816,0.75,0.733333333,0.333333333,1,0,1,1,0.951219512
0,0.219178082,0.074203293,0.533333333,0,0,0.5,0.5,0.733333333,0.666666667,0.928571429,0.2,1,0,0.951219512
0,0.191780822,0.039430626,0.066666667,0,0,0.244897959,0.5,0.2,0.666666667,0.571428571,0.4,1,0,0.195121951
0,0.068493151,0.096160989,0.6,0,0,0.295918367,0.5,1,0,0.857142857,0.6,0.25,0,0.731707317
0,0.123287671,0.121598793,0.8,0,0,0.397959184,0.5,0.6,0.666666667,0.571428571,0.4,1,0,0.951219512
0,0.246575342,0.222000995,0.733333333,0,0,0.346938776,0.5,0.466666667,0.666666667,0.071428571,0.2,1,0,0.951219512
0,0.438356164,0.224243039,0.333333333,0,0,0.316326531,0.75,0,0.666666667,0.214285714,0.2,0.5,1,0.951219512
0,0.01369863,0.120450709,0.4,0,0,0.397959184,0.5,0.066666667,0.666666667,0.714285714,0.6,1,1,0.951219512
0,0.164383562,0.116651952,0.533333333,0,0,0.397959184,0.75,0.733333333,0.333333333,0.214285714,0,1,1,0.951219512
0,0.082191781,0.143105239,0.8,0,0,0.295918367,0.5,0.6,0.666666667,0.714285714,0.2,1,1,0.951219512
0,0.136986301,0.12522368,0.733333333,0,0,0.397959184,0.5,0.466666667,0.666666667,0.714285714,0.2,1,1,0.951219512
0,0.123287671,0.135655886,0.733333333,0,0,0.357142857,0.5,0.466666667,0.666666667,0.714285714,0.6,1,0,0.951219512
0,0.054794521,0.026369396,0.533333333,0,0,0.346938776,0.5,0.733333333,0.666666667,0.571428571,0.6,1,1,0.951219512
1,0.301369863,0.123784685,0.933333333,0,0,0.448979592,0.75,0.933333333,0.333333333,0.714285714,0,1,1,0.951219512
1,0.260273973,0.087475602,0.6,0,0,0.5,0.5,1,0.333333333,0.714285714,0,1,1,0.951219512
0,0.301369863,0.11458919,0.533333333,0,0,0.397959184,0.5,0.733333333,0.333333333,0.428571429,0,1,1,0.951219512
1,0.506849315,0.192993103,0.6,0.07298073,0,0.397959184,0.5,1,0.333333333,0.214285714,0,1,1,0.951219512
0,0.369863014,0.025007526,0.6,0,0,0.806122449,0.625,1,0,0.571428571,0.8,1,1,0.951219512
0,0.383561644,0.081564696,0.533333333,0,0,0.397959184,0.5,0.733333333,0.666666667,0.428571429,0.2,1,0,0.951219512
0,0.04109589,0.304447895,0.6,0,0,0.397959184,0.375,1,0.666666667,0,0.6,0.5,1,0.951219512
0,0.328767123,0.26900275,0.333333333,0,0,0.326530612,0.5,0,0.833333333,0.571428571,0.8,0.5,0,0.951219512
0,0.068493151,0.053823282,0.6,0,0,0.418367347,0.5,1,0.666666667,0.857142857,0.2,1,0,0.951219512
0,0.054794521,0.098307642,0.533333333,0,0,0.346938776,0.5,0.733333333,0.666666667,0.571428571,0.2,1,1,0.951219512
0,0.410958904,0.092571282,0.866666667,0,0,0.5,0.75,0.8,0.666666667,0.714285714,0.2,1,0,0.951219512
0,0.328767123,0.25700436,0.333333333,0,0,0.479591837,0.5,0,0,0.857142857,0.2,1,1,0.951219512
0,0.479452055,0.168233865,0.333333333,0,0,0.397959184,0.5,0,1,0.5,0.8,0.5,0,0.951219512
0,0.246575342,0.085785612,0.533333333,0,0,0.397959184,0.5,0.733333333,0.333333333,0.428571429,0,1,1,0.951219512
0,0.164383562,0.045932827,0.533333333,0,0,0.5,0.5,0.733333333,0.833333333,0.857142857,0.2,1,1,0.951219512
1,0.643835616,0.021279129,1,0,0,0.806122449,0.5,0.666666667,1,0.714285714,0.2,1,1,0.951219512
0,0.821917808,0.073149248,0.6,0,0,0.193877551,0.25,1,0.333333333,0.785714286,0,1,1,0.951219512
0,0.246575342,0.094730112,0.533333333,0,0.340909091,0.397959184,0.625,0.733333333,0.333333333,0.214285714,0,1,1,0.951219512
1,0.410958904,0.237037714,0.866666667,0,0,0.397959184,0.5,0.8,0.333333333,0.714285714,0,1,1,0.951219512
0,0.04109589,0.131643343,0.6,0,0,0.295918367,0.5,1,0.666666667,0.857142857,0.6,1,0,0.951219512
1,0.273972603,0.187649811,0.533333333,0,0,0.5,0.125,0.733333333,0.333333333,0.071428571,0,1,1,0.951219512
1,0.424657534,0.156035221,0.533333333,0,0.424242424,0.397959184,0.25,0.733333333,0.333333333,0.928571429,1,1,0,0.951219512
1,0.301369863,0.089541747,0.866666667,0,0,0.448979592,0.5,0.8,0,0.714285714,0.2,1,0,0.951219512
0,0.054794521,0.146206486,0.6,0,0,0.193877551,0.5,1,0.666666667,0.857142857,0.4,0.5,0,0.951219512
0,0.219178082,0.187239153,0.533333333,0,0.399678604,0.397959184,0,0.733333333,0,0,0.2,0.5,1,0.951219512
0,0.082191781,0.129264638,0.8,0,0,0.448979592,0.25,0.6,0.666666667,0.714285714,0.6,1,0,0.951219512
0,0.315068493,0.126524661,0.533333333,0,0,0.397959184,0.5,0.733333333,0.333333333,0.214285714,0,1,1,0.951219512
1,0.219178082,0.212310274,0.6,0,0,0.5,0.5,1,0.333333333,0.285714286,0,1,1,0.951219512
0,0.342465753,0.130255088,0.266666667,0,0,0.346938776,0,0.4,0.666666667,0,0.6,0.5,1,0.951219512
0,0.410958904,0.197446072,0.6,0,0,0.448979592,0.5,1,0.333333333,0.285714286,0,1,1,0.951219512
0,0.356164384,0.118783721,0.533333333,0,0,0.43877551,0.5,0.733333333,0.833333333,1,0.8,1,0,0.951219512
0,0.246575342,0.152936003,0.533333333,0,0,0.397959184,0.5,0.733333333,0.333333333,1,0,1,1,0.951219512
0,0.109589041,0.062345623,0.6,0,0,0.5,0.5,1,0.666666667,0.071428571,0.2,1,0,0.951219512
0,0.02739726,0.067753186,0.533333333,0,0,0.581632653,0.5,0.733333333,0.333333333,0.428571429,0,1,1,0.951219512
1,0.465753425,0.005757333,0.533333333,0.076880769,0,0.397959184,0.125,0.733333333,0.333333333,1,0,1,1,0.951219512
1,0.301369863,0.278273341,0.466666667,0,0.424242424,0.397959184,0.25,0.133333333,0.333333333,1,0,1,1,0.658536585
1,0.136986301,0.112638732,0.8,0,0,0.806122449,0.5,0.6,0.666666667,0.857142857,0.2,1,1,0.951219512
0,0.547945205,0.111366166,0.533333333,0,0,0.602040816,0,0.733333333,0.333333333,0,0,1,1,0.951219512
1,0.383561644,0.10025404,0.8,0,0.453856749,0.5,0.25,0.6,0.333333333,0.285714286,0,1,1,0.951219512
0,0.205479452,0.071892918,0.533333333,0,0,0.806122449,0.5,0.733333333,0,0.571428571,0.8,1,0,0.951219512
0,0.136986301,0.202393589,0.6,0,0,0.602040816,0.5,1,0.666666667,0.071428571,0.2,1,0,0.268292683
0,0.095890411,0.139945133,0.8,0,0,0.397959184,0.5,0.6,0.666666667,0.285714286,0.2,1,1,0.951219512
0,0.369863014,0.093520464,0.533333333,0,0,0.397959184,0.5,0.733333333,0.333333333,0.5,0,1,1,0.951219512
0,0.452054795,0.03878521,0.333333333,0,0,0.56122449,0.125,0,0.833333333,0.214285714,0.2,1,1,0.951219512
1,0.315068493,0.08752499,0.533333333,0,0,0.346938776,0.5,0.733333333,0.333333333,0.285714286,1,1,0,0.951219512
0,0.205479452,0.082836586,0.533333333,0,0,0.397959184,0.75,0.733333333,0.333333333,0.5,0,1,1,0.951219512
0,0.246575342,0.091314275,0.666666667,0,0,0.653061224,0.75,0.533333333,0.666666667,0.357142857,0.6,1,1,0.951219512
1,0.287671233,0.179257365,0.866666667,0,0,0.602040816,0.5,0.8,0.333333333,0.285714286,0,1,1,0.12195122
0,0.260273973,0.104572378,0.2,0,0,0.397959184,0.5,0.333333333,0,0.5,0.2,1,0,0.951219512
0,0.547945205,0.168660084,0.6,0,0,0.397959184,0.25,1,0.833333333,0.571428571,0.2,0.5,0,0.951219512
1,0.410958904,0.12635891,0.6,0,0,0.397959184,0.5,1,0.333333333,0.714285714,0,1,1,0.951219512
0,0.095890411,0.03214026,0.866666667,0,0,0.397959184,0.5,0.8,0.666666667,0.928571429,0.2,0.25,1,0.951219512
0,0.205479452,0.035851744,0.533333333,0.025800258,0,0.397959184,0.5,0.733333333,0.333333333,0.071428571,0,1,1,0.951219512
0,0.164383562,0.057122078,0.533333333,0,0,0.367346939,0.75,0.733333333,0.333333333,0.214285714,0,1,1,0.951219512
1,0.506849315,0.126144447,0.6,0,0,0.397959184,0.875,1,0.333333333,0.785714286,0,1,1,0.951219512
0,0,0.107688509,0.333333333,0,0,0.193877551,0,0,0.666666667,0,0.6,1,0,0.951219512
0,0.328767123,0.089131766,0.533333333,0,0,0.602040816,0.5,0.733333333,0.333333333,0.285714286,0,1,1,0.951219512
0,0.328767123,0.223628743,0.6,0,0,0.397959184,0.875,1,0,0.071428571,0.2,1,0,0.951219512
0,0.054794521,0.206269472,0.533333333,0,0,0.602040816,0.5,0.733333333,0.666666667,1,0.2,1,1,0.951219512
0,0.397260274,0.207002838,0.666666667,0,0,0.357142857,0.5,0.533333333,0,0.928571429,0.4,1,0,0.951219512
1,0.397260274,0.13445165,0.8,0.150241502,0,0.602040816,0.625,0.6,0.333333333,0.285714286,0,1,1,0.268292683
1,0.260273973,0.119827618,0.8,0,0.453856749,0.346938776,0.5,0.6,0.333333333,0.857142857,0,1,1,0.951219512
0,0.342465753,0.265397483,0.933333333,0,0,0.397959184,0.875,0.933333333,0,0.714285714,0.8,1,0,0.951219512
0,0.054794521,0.058800567,0.533333333,0,0,0.357142857,0.125,0.733333333,0.666666667,0.071428571,0.6,1,1,0.951219512
0,0.095890411,0.222586876,0.533333333,0,0,0.397959184,0.5,0.733333333,0.333333333,0.5,0,1,1,0.951219512
0,0.109589041,0.305376781,0.533333333,0,0,0.071428571,0.75,0.733333333,0.666666667,0.571428571,0.2,1,1,0.951219512
0,0.082191781,0.287198899,0.6,0,0,0.397959184,0.5,1,0.333333333,0.5,0,1,1,0.951219512
0,0.164383562,0.175422075,0.333333333,0,0,0.397959184,0.5,0,0.666666667,0.214285714,0.2,1,1,0.634146341
0,0.328767123,0.199702324,0.533333333,0,0,0.5,0.5,0.733333333,0.333333333,1,0,1,1,0.951219512
0,0.136986301,0.218613572,0.866666667,0,0,0.397959184,0.5,0.8,0.666666667,0.285714286,0.6,1,0,0.951219512
1,0.260273973,0.03869523,0.933333333,0,0,0.551020408,0.5,0.933333333,0.333333333,0.714285714,0,1,1,0.951219512
0,0.356164384,0.029165525,0.6,0,0,0.397959184,0.5,1,0.333333333,0.214285714,0,1,1,0.951219512
0,0.260273973,0.088479584,0.6,0,0,0.397959184,0.5,1,0,0.214285714,0.8,1,1,0.951219512
0,0.246575342,0.140929495,0.533333333,0,0,0.397959184,0.5,0.733333333,0.333333333,0.214285714,0,1,1,0.951219512
1,0.479452055,0.092836484,0.666666667,0,0,0.479591837,0.75,0.533333333,0.333333333,0.357142857,0,1,1,0.951219512
1,0.493150685,0.094774764,0.6,0,0,0.479591837,0.5,1,0,0.214285714,0.2,1,1,0.951219512
1,0.410958904,0.179458297,0.8,0,0,0.397959184,0.5,0.6,0.333333333,0.071428571,0,0.25,1,0
1,0.410958904,0.237160167,0.8,0,0,0.602040816,0.5,0.6,0.333333333,0.857142857,0,1,1,0.951219512
0,0.260273973,0.114010074,0.533333333,0,0,0.397959184,0.25,0.733333333,0.666666667,1,0.2,0.25,1,0.951219512
0,0.698630137,0.230860928,0.2,0,0,0.602040816,0,0.333333333,0.333333333,0,0,1,1,0.951219512
0,0.232876712,0.086466209,0.533333333,0,0,0.397959184,0.5,0.733333333,0.666666667,0.928571429,0.2,1,1,0.951219512
1,0.356164384,0.014366947,0.8,0,0,0.704081633,0.75,0.6,0,0.714285714,0.2,1,1,0.951219512
0,0.328767123,0.098051911,0.533333333,0,0,0.397959184,0.5,0.733333333,0.833333333,0.214285714,0.8,1,1,0.951219512
0,0.02739726,0.070979592,0.533333333,0,0,0.295918367,0,0.733333333,0.666666667,0,0.6,1,1,0.951219512
1,0.547945205,0.033556252,0.533333333,0,0,0.602040816,0.625,0.733333333,0.333333333,0.714285714,0,0.5,1,0.951219512
1,0.424657534,0.138496666,0.533333333,0,0,0.397959184,0.5,0.733333333,0.333333333,0.214285714,0,1,1,0.951219512
0,0.383561644,0.067042145,0.6,0,0,0.653061224,0.5,1,0.333333333,0.285714286,0,1,1,0.951219512
0,0.04109589,0.130136018,0.533333333,0,0,0.193877551,0.5,0.733333333,0.666666667,0.071428571,0.6,1,1,0.951219512
0,0.219178082,0.133365807,0.333333333,0,0,0.316326531,0.5,0,0,0.785714286,0.2,1,0,0.951219512
0,0.246575342,0.113903181,0.6,0,0,0.397959184,0.5,1,0.666666667,0.714285714,0.2,0.5,0,0.951219512
0,0.328767123,0.066086874,0.6,0,0,0.397959184,0.5,1,0,0.071428571,0.8,1,0,0.951219512
0,0.136986301,0.138855908,0.533333333,0,0,0.397959184,0.5,0.733333333,0.333333333,0.5,0,1,1,0.634146341
0,0.575342466,0.099290651,0.533333333,0,0,0.397959184,0.5,0.733333333,0,0.571428571,0.2,1,0,0.951219512
0,0.150684932,0.056342707,0.066666667,0,0,0.346938776,0.5,0.2,0.5,0.571428571,0.6,0.75,0,0.146341463
0,0.410958904,0.157313876,0.533333333,0,0,0.397959184,0.25,0.733333333,0.333333333,0.285714286,0,1,1,0.951219512
1,0.383561644,0.143232428,0.266666667,0,0.424242424,0.397959184,0.5,0.4,0.333333333,0.571428571,0,1,1,0.951219512
0,0.328767123,0.213754681,0.6,0,0,0.397959184,0.5,1,0.666666667,0.714285714,0.2,1,1,0.951219512
0,0.232876712,0.008283523,0.533333333,0,0,0.142857143,0.5,0.733333333,1,0.071428571,0.8,1,1,0.951219512
0,0.342465753,0.014619972,0.8,0,0,0.397959184,0.5,0.6,0,0.071428571,0.2,1,0,0.951219512
0,0.150684932,0.089462593,0.533333333,0,0,0.397959184,0.5,0.733333333,0.666666667,0.571428571,0.6,0.5,0,0.951219512
0,0.712328767,0.108292657,0.666666667,0.018480185,0,0.5,0.5,0.533333333,1,0.071428571,0.2,1,0,0.951219512
0,0.356164384,0.228733218,0.133333333,0,0,0.397959184,0.5,0.266666667,0,0.642857143,0.8,1,0,0.634146341
1,0.301369863,0.137807951,0.6,0,0,0.397959184,0.5,1,0.333333333,0.857142857,0,1,1,0.951219512
0,0.493150685,0.015349279,0.4,0,0,0.397959184,0.5,0.066666667,0.333333333,0.857142857,0,1,1,0.951219512
0,0.150684932,0.127341919,0.533333333,0,0,0.551020408,0.5,0.733333333,0.833333333,0.357142857,0.2,1,1,0.951219512
0,0.04109589,0.111630015,0.533333333,0,0,0.37755102,0.5,0.733333333,0.666666667,0.857142857,0.2,1,0,0.951219512
0,0.219178082,0.128452793,0.6,0.028290283,0,0.397959184,0.75,1,0.333333333,0.214285714,0,1,1,0.951219512
0,0.04109589,0.146418919,0.6,0,0,0.397959184,0.5,1,0.333333333,0.428571429,0,0.5,1,0.951219512
0,0.150684932,0.1757962,0.933333333,0,0,0.653061224,0.5,0.933333333,0.5,0.714285714,0.2,1,0,0
0,0.438356164,0.013462417,0.533333333,0.050130501,0,0.142857143,0,0.733333333,0.333333333,0,1,1,0,0.951219512
0,0.219178082,0.034936389,0.133333333,0,0,0.346938776,0.5,0.266666667,0.666666667,0.5,0.2,1,1,0.951219512
0,0.561643836,0.058233629,0.533333333,0,0,0.397959184,0.75,0.733333333,0.333333333,0.214285714,0,1,1,0.951219512
1,0.465753425,0.104625824,0.533333333,0,0,0.397959184,0.5,0.733333333,0.333333333,0.5,0,1,1,0.951219512
0,0.273972603,0.13628236,0.533333333,0,0,0.397959184,0.5,0.733333333,0,0.5,0.2,0.25,0,0.731707317
1,0.273972603,0.062754928,0.6,0,0,0.418367347,0.5,1,0.333333333,0.285714286,0,1,1,0.951219512
0,0.301369863,0.01494674,0.533333333,0,0,0.5,0.75,0.733333333,0.333333333,0.357142857,0,1,1,0.951219512
0,0.02739726,0.156339662,0.466666667,0.010550106,0,0.397959184,0.5,0.133333333,0.666666667,0.857142857,0.4,1,1,0.951219512
0,0.410958904,0.207642842,0.6,0,0,0.397959184,0.25,1,0,0.071428571,0.8,1,0,0.951219512
0,0.479452055,0.273239227,0.533333333,0,0,0.489795918,0.5,0.733333333,0.333333333,0.357142857,0,0.75,1,0.634146341
1,0.315068493,0.144356156,0.8,0,0,0.448979592,0.5,0.6,0.333333333,0.285714286,1,1,0,0.951219512
1,0.205479452,0.121610294,0.666666667,0,0,0.397959184,0.5,0.533333333,0.333333333,0.714285714,1,1,0,0.951219512
1,0.493150685,0.021423908,0.866666667,0.150241502,0,0.37755102,0.875,0.8,0.333333333,0.285714286,0,1,1,0.951219512
0,0.301369863,0.120977055,0.533333333,0,0,0.397959184,0.5,0.733333333,0.666666667,0.571428571,0.2,1,1,0.951219512
0,0.068493151,0.110479225,0.533333333,0,0,0.193877551,0.25,0.733333333,0.666666667,1,0.6,0.5,0,0.951219512
0,0.164383562,0.220541027,0.533333333,0,0,0.397959184,0.5,0.733333333,0.833333333,0.071428571,0.8,1,0,0.951219512
0,0.383561644,0.106767065,0.733333333,0,0,0.397959184,0.25,0.466666667,0.333333333,0.428571429,0,1,1,0.951219512
0,0.246575342,0.007669227,0.533333333,0,0,0.704081633,0.5,0.733333333,0.666666667,0.214285714,0.2,1,1,0.951219512
0,0.082191781,0.20998975,0.6,0,0,0.397959184,0.5,1,0.666666667,0.428571429,0.2,1,1,0.951219512
0,0.136986301,0.088238736,0.866666667,0,0,0.397959184,0.5,0.8,0.666666667,0.928571429,0.2,1,1,0
0,0.082191781,0.115716301,0.533333333,0,0.365932048,0.193877551,0.5,0.733333333,0.666666667,0.214285714,0.6,0.5,0,0.951219512
0,0.123287671,0.111459528,0.4,0,0,0.397959184,0.875,0.066666667,0,0.571428571,0.8,1,0,0.951219512
0,0,0.069353873,0.333333333,0,0,0.193877551,0.5,0,0.666666667,0.571428571,0.6,1,0,0.951219512
0,0.095890411,0.109670763,0.533333333,0,0,0.397959184,0.75,0.733333333,0.333333333,0.071428571,1,1,0,0.951219512
0,0.109589041,0.023493436,0.8,0,0,0.193877551,0,0.6,0.666666667,0,0.6,1,1,0.951219512
0,0.109589041,0.010413939,0.6,0,0,0.602040816,0.5,1,0.333333333,0.571428571,1,1,0,0.951219512
0,0.342465753,0.139056163,0.533333333,0,0,0.397959184,0.5,0.733333333,0.666666667,0.214285714,0.6,0.5,1,0
0,0.315068493,0.095739506,0.066666667,0,0,0.397959184,0.5,0.2,0.5,0.5,0.8,1,0,0.146341463
1,0.739726027,0.088729226,0.866666667,0.106051061,0,0.397959184,0.75,0.8,0.333333333,0.857142857,0,1,1,0.951219512
1,0.630136986,0.006726811,0.533333333,0,0,0.397959184,0.75,0.733333333,0.333333333,0.571428571,0,1,1,0.951219512
1,0.301369863,0.061355848,0.866666667,0,0,0.5,0.5,0.8,0.666666667,0.285714286,0.2,1,1,0.951219512
0,0.191780822,0.117343373,0.533333333,0,0,0.295918367,0.5,0.733333333,0.666666667,0.571428571,0.6,1,0,0.951219512
0,0.01369863,0.128262009,0.466666667,0,0,0.06122449,0,0.133333333,0.666666667,0,0.6,1,1,0.951219512
1,0.397260274,0.140504629,0.733333333,0.150241502,0,0.448979592,0.5,0.466666667,0.333333333,0.857142857,0,1,1,0.951219512
0,0.753424658,0.111588746,0.533333333,0,0,0.071428571,0,0.733333333,0.333333333,0,0,1,1,0.951219512
0,0.410958904,0.110730897,0.8,0.033250333,0,0.602040816,0.625,0.6,0.666666667,0.857142857,0.2,1,1,0.951219512
0,0.095890411,0.109227631,0.666666667,0,0,0.551020408,0.5,0.533333333,0.666666667,0.214285714,0.2,1,1,0.951219512
0,0.287671233,0.108563948,0.533333333,0,0,0.397959184,0.5,0.733333333,0.666666667,0.714285714,0.2,1,1,0.951219512
0,0.438356164,0.256043001,0.8,0,0.383838384,0.448979592,0.5,0.6,0.333333333,0.714285714,0,1,1,0.512195122
0,0.698630137,0.229634365,0.6,0,0,0.397959184,0.5,1,0.333333333,0.071428571,0,1,1,0.951219512
0,0.520547945,0.060734787,0.333333333,0,0,0.448979592,0.5,0,0.333333333,0.285714286,0,1,1,0.951219512
0,0.232876712,0.14711034,0.533333333,0,0,0.346938776,0.5,0.733333333,0.5,0.571428571,0.2,1,0,0.195121951
0,0.02739726,0.125449644,0.533333333,0,0,0.346938776,0.5,0.733333333,0.666666667,0.857142857,0.6,1,0,0.951219512
0,0.178082192,0.216958762,0.4,0,0,0.551020408,0.5,0.066666667,0.333333333,0.5,0,1,1,0.951219512
0,0.438356164,0.110730897,0.6,0,0,0.193877551,0.75,1,0.666666667,0.571428571,0.2,1,1,0.951219512
0,0.232876712,0.190523065,0.4,0,0,0.551020408,0.5,0.066666667,0.5,0.214285714,0.2,0.5,1,0.951219512
0,0.02739726,0.124158134,0.533333333,0,0,0.112244898,0.5,0.733333333,0.666666667,0.857142857,0.6,1,0,0.951219512
0,0.068493151,0.136952132,0.533333333,0,0,0.397959184,0.5,0.733333333,0.666666667,0.571428571,0.6,1,0,0.951219512
0,0,0.100786475,0.333333333,0,0,0.112244898,0,0,0.666666667,0,0.4,1,1,0.951219512
0,0.246575342,0.14747364,0.6,0,0,0.397959184,0.75,1,0.333333333,0.571428571,0,1,1,0.951219512
0,0.150684932,0.133223734,0.6,0,0,0.43877551,0.5,1,0.666666667,0.071428571,0.2,1,1,0.951219512
0,0.054794521,0.143666088,0.733333333,0,0,0.397959184,0.25,0.466666667,0.666666667,0.285714286,0.6,1,0,0.951219512
0,0,0.107430748,0.466666667,0,0,0.397959184,0,0.133333333,0.666666667,0,0.6,1,1,0.951219512
1,0.191780822,0.169997598,0.8,0,0.515610652,0.448979592,0.5,0.6,0.333333333,0.285714286,0,1,1,0.951219512
1,0.506849315,0.160364383,0.8,0.076880769,0,0.5,0.5,0.6,0.333333333,0.857142857,0,1,1,0.951219512
0,0.273972603,0.099958393,0.533333333,0,0,0.397959184,0.5,0.733333333,0.333333333,0.214285714,0,1,1,0.951219512
0,0.356164384,0.02366257,0.6,0,0,0.5,0.75,1,0.333333333,0.357142857,0,1,1,0.951219512
0,0.150684932,0.26706853,0.533333333,0,0,0.397959184,0.5,0.733333333,0.333333333,0.071428571,0,0.5,1,0.951219512
1,0.136986301,0.18955697,0.6,0,0,0.397959184,0.5,1,0.333333333,0.714285714,0,0.25,1,0.024390244
1,0.438356164,0.181474378,0.6,0,0,0.448979592,0.5,1,0.333333333,0.071428571,0,1,1,0.951219512
0,0.082191781,0.096537144,0.533333333,0,0,0.397959184,0.5,0.733333333,0.333333333,0.571428571,0,1,1,0.317073171
0,0.726027397,0.11905366,0.533333333,0,0,0.153061224,0.625,0.733333333,0.333333333,0.285714286,0,1,1,0.951219512
0,0.260273973,0.121999303,0.533333333,0,0,0.56122449,0.5,0.733333333,0,0.5,0.2,1,1,0.951219512
1,0.712328767,0.078520954,0.8,0.093860939,0,0.5,0.5,0.6,0.333333333,0.285714286,0,0.5,1,0.951219512
0,0.150684932,0.188814132,0.533333333,0,0,0.397959184,0.5,0.733333333,0.666666667,0.071428571,0.8,0.5,0,0.951219512
0,0.328767123,0.230872429,0.533333333,0,0,0.397959184,0.5,0.733333333,0.333333333,0.5,0,1,1,0.634146341
1,0.424657534,0.250289727,1,0,0,0.397959184,0.625,0.666666667,0.333333333,0.285714286,1,1,0,0.951219512
0,0.136986301,0.103051522,0.8,0,0,0.397959184,0.5,0.6,0.333333333,0.571428571,0,1,1,0.951219512
1,0.315068493,0.185860369,0.933333333,0.150241502,0,0.551020408,0.5,0.933333333,0.333333333,0.714285714,0,1,1,0.268292683
0,0.739726027,0.093135514,0.533333333,0,0,0.193877551,0.5,0.733333333,1,0.642857143,0.8,1,0,0.951219512
0,0.232876712,0.186469253,0.533333333,0,0,0.418367347,0.875,0.733333333,0.666666667,0.571428571,0.6,0.5,1,0.951219512
0,0.260273973,0.023320919,0.6,0,0,0.5,0.5,1,0.666666667,0.214285714,0.2,1,1,0.951219512
0,0.383561644,0.110990011,0.533333333,0,0,0.316326531,0.5,0.733333333,0,0.571428571,0.8,1,0,0.951219512
0,0.136986301,0.122217148,0.8,0,0,0.397959184,0.5,0.6,0.666666667,0.714285714,0.2,1,0,0.951219512
0,0.205479452,0.101586818,0.8,0,0,0.602040816,0.5,0.6,0.666666667,0.285714286,0.2,1,0,0.951219512
0,0.369863014,0.011823843,0.533333333,0,0,0.683673469,0.5,0.733333333,0,1,0.2,1,1,0.951219512
0,0.657534247,0.112744272,0.533333333,0,0,0.193877551,0.5,0.733333333,1,0.571428571,0.8,0.5,0,0.56097561
0,0.191780822,0.032260007,0.533333333,0,0,0.346938776,0.875,0.733333333,0.333333333,0.071428571,0.4,1,0,0.951219512
0,0.506849315,0.115396299,0.533333333,0,0,0.448979592,0.5,0.733333333,0.333333333,0.214285714,0,1,1,0.951219512
0,0.630136986,0.294154379,0.533333333,0,0,0.142857143,0,0.733333333,0.666666667,0,0.2,1,1,0.951219512
0,0.219178082,0.093378391,0.533333333,0,0,0.397959184,0.5,0.733333333,0,0.214285714,0.2,1,0,0.951219512
0,0.602739726,0.190905985,0.6,0,0,0.397959184,0.125,1,0,0.071428571,0.2,0.5,0,0.951219512
0,0.109589041,0.225088034,0.6,0,0,0.397959184,0.5,1,0.333333333,0.214285714,0,1,1,0.951219512
0,0.356164384,0.139551388,0.8,0.033250333,0,0.397959184,0.5,0.6,0.5,0.714285714,0.2,1,1,0.951219512
0,0.575342466,0.123732592,0.8,0,0,0.724489796,0.5,0.6,0.333333333,0.857142857,0,1,1,0.951219512
0,0.054794521,0.103638756,0.533333333,0,0,0.397959184,0.5,0.733333333,0.333333333,0.5,0,1,1,0.951219512
0,0.356164384,0.102037392,0.6,0,0,1,0.75,1,0.333333333,0.357142857,0,1,1,0.951219512
0,0.232876712,0.126473245,0.533333333,0,0,0.5,0.5,0.733333333,0,1,0.2,1,1,0.951219512
0,0.547945205,0.130254412,0.866666667,0,0,0.295918367,0.5,0.8,0,0.714285714,0.2,1,1,0.951219512
1,0.410958904,0.061080498,0.8,0,0,0.397959184,0.5,0.6,0.333333333,0.071428571,0,1,1,0.951219512
0,0.178082192,0.024529215,0.466666667,0,0,0.397959184,0.25,0.133333333,0.333333333,0.071428571,1,1,0,0.951219512
0,0.328767123,0.128287041,0.6,0,0,0.397959184,0.75,1,0.333333333,0.214285714,0,1,1,0.951219512
0,0.02739726,0.060018334,0.6,0,0,0.193877551,0.5,1,0.666666667,0.571428571,0.6,1,0,0.951219512
1,0.561643836,0.108278449,0.533333333,0.076880769,0,0.397959184,0.5,0.733333333,0.333333333,0.857142857,0,1,1,0.951219512
1,0.246575342,0.050923643,0.866666667,0,0,0.448979592,0.5,0.8,0.666666667,0.714285714,0.2,1,1,0.951219512
0,0.520547945,0.127492786,0.533333333,0,0,0.397959184,0.5,0.733333333,0.833333333,0.571428571,0.8,0.5,0,0
0,0.219178082,0.011725745,0.6,0,0,0.397959184,0.125,1,0,0.571428571,0.2,0.5,1,0.951219512
0,0.260273973,0.185087087,0.8,0,0,0.397959184,0.25,0.6,0.666666667,0.071428571,0.2,0.5,0,0.951219512
0,0.561643836,0.208000054,0.533333333,0,0,0.704081633,0.125,0.733333333,0.333333333,1,0,1,1,0.951219512
1,0.657534247,0.160175629,0.8,0.106051061,0,0.397959184,0,0.6,0.333333333,0,0,1,1,0.951219512
0,0.068493151,0.084967002,0.6,0,0,0.397959184,0,1,0.666666667,0,0.6,1,1,0.951219512
1,0.561643836,0.010215714,0.533333333,0,0,0.602040816,0.5,0.733333333,0.333333333,0.285714286,0,1,1,0.951219512
0,0.397260274,0.059138836,0.8,0,0.43067034,0.397959184,0.5,0.6,0.833333333,0.714285714,0.2,0.5,0,0.951219512
0,0.410958904,0.133585005,0.533333333,0,0,0.397959184,0.5,0.733333333,0.333333333,0.428571429,0,1,1,0.951219512
1,0.452054795,0.061111619,0.533333333,0,0.436639118,0.397959184,0.5,0.733333333,0.333333333,0.285714286,0,1,1,0.951219512
0,0.164383562,0.143813573,0.6,0,0,0.602040816,0.125,1,0.333333333,0.785714286,0,1,1,0.951219512
0,0.232876712,0.132195398,0.8,0,0,0.387755102,0.5,0.6,0.833333333,0.714285714,0.8,0.5,0,0.951219512
0,0.082191781,0.151895489,0.8,0,0,0.295918367,0.5,0.6,0.666666667,0.285714286,0.2,1,1,0.951219512
0,0.273972603,0.152737778,0.266666667,0,0,0.295918367,0.5,0.4,0.666666667,0.642857143,0.2,1,0,0.195121951
0,0.328767123,0.113149518,0.533333333,0,0,0.346938776,0.5,0.733333333,0.333333333,1,0,1,1,0.951219512
0,0.191780822,0.086236862,0.8,0,0,0.397959184,0.5,0.6,0.5,0.071428571,0.2,1,0,0.951219512
0,0.328767123,0.068694249,0.8,0,0,0.397959184,0.5,0.6,0,0.571428571,0.2,1,1,0.951219512
0,0.095890411,0.061559486,0.533333333,0.02597026,0,0.397959184,0.5,0.733333333,0.666666667,0.071428571,0.2,1,0,0.951219512
1,0.109589041,0.163033323,0.6,0,0.436639118,0.357142857,0.5,1,0.333333333,0.071428571,0,0.5,1,0.951219512
0,0.205479452,0.020506524,0.533333333,0,0,0.479591837,0.5,0.733333333,0.333333333,0.214285714,0,1,1,0.951219512
0,0.178082192,0.17977018,0.533333333,0,0,0.397959184,0.5,0.733333333,0,0.928571429,0.8,1,0,0.951219512
0,0.150684932,0.10473407,0.333333333,0,0,0.5,0,0,0,0,0.2,1,1,0.951219512
0,0.109589041,0.084577993,0.733333333,0,0,0.397959184,0.5,0.466666667,0.666666667,0.714285714,0.6,1,0,0.951219512
1,0.575342466,0.276197725,0.533333333,0,0,0.37755102,0.25,0.733333333,0.333333333,0.071428571,1,1,0,0.951219512
0,0.123287671,0.119715313,0.266666667,0,0,0.37755102,0.5,0.4,0.666666667,0.571428571,0.6,1,0,0.195121951
0,0.150684932,0.118011792,0.6,0,0,0.5,0.5,1,0.666666667,0.571428571,0.6,1,0,0.951219512
0,0.232876712,0.128264039,0.533333333,0,0,0.397959184,0.5,0.733333333,0.333333333,0.285714286,0,1,1,0.951219512
1,0.246575342,0.196103821,0.6,0,0,0.397959184,0.5,1,0.333333333,0.214285714,0,0.25,1,0.024390244
1,0.273972603,0.223498848,0.6,0,0,0.397959184,0.5,1,0.333333333,0.214285714,0,1,1,0.951219512
0,0.068493151,0.062348329,0.6,0,0,0.193877551,0.125,1,0.666666667,0.071428571,0.6,1,0,0.951219512
0,0.04109589,0.080728495,0.6,0,0,0.479591837,0.5,1,0.666666667,0.071428571,0.6,1,1,0.951219512
0,0.397260274,0.093134837,0.6,0,0,0.397959184,0.5,1,0.333333333,0.214285714,0,1,1,0.951219512
0,0.164383562,0.014950122,0.666666667,0,0,0.551020408,0.5,0.533333333,0.333333333,1,0,1,1,0.951219512
0,0.726027397,0.012507146,0.2,0,0,0.397959184,0,0.333333333,0.333333333,0,0,1,1,0.951219512
0,0.02739726,0.165544629,0.533333333,0,0,0.346938776,0.5,0.733333333,0.666666667,0.214285714,0.4,1,1,0.951219512
0,0.068493151,0.033977059,0.8,0,0,0.397959184,0.5,0.6,0.666666667,0.714285714,0.6,1,0,0.951219512
0,0.095890411,0.059751778,0.6,0,0,0.132653061,0.5,1,0.666666667,0.5,0.6,0.75,1,0.951219512
0,0.273972603,0.096309151,0.533333333,0,0,0.867346939,0.75,0.733333333,0.666666667,0.357142857,0.2,1,1,0.951219512
0,0.383561644,0.06726202,0.066666667,0,0,0.397959184,0.5,0.2,0.666666667,0.5,0.8,0.25,0,0.975609756
0,0.232876712,0.120124618,0.6,0,0,0.397959184,0.875,1,0.333333333,0.785714286,0,1,1,0.951219512
0,0.109589041,0.143477334,0.533333333,0,0,0.397959184,0.5,0.733333333,0.666666667,0.571428571,0.2,1,1,0.951219512
0,0.178082192,0.09143064,0.533333333,0,0,0.397959184,0.5,0.733333333,0.5,0.071428571,0.2,1,0,0.951219512
0,0.095890411,0.110019856,0.533333333,0,0,0.295918367,0.5,0.733333333,0.666666667,0.571428571,0.6,1,0,0.951219512
0,0.205479452,0.203938124,0.533333333,0,0,0.397959184,0.5,0.733333333,0.333333333,0.071428571,0,1,1,0.951219512
0,0.123287671,0.073927942,0.533333333,0,0,0.397959184,0.5,0.733333333,0.333333333,0.214285714,0,1,1,0.951219512
0,0.547945205,0.021641077,0.533333333,0,0,0.397959184,0.25,0.733333333,1,1,0.2,1,0,0.951219512
1,0.287671233,0.069378905,0.8,0,0,0.602040816,0.75,0.6,0.333333333,0.857142857,1,1,0,0.951219512
1,0.246575342,0.04553164,0.866666667,0,0,0.397959184,0.625,0.8,0.333333333,0.714285714,0,0.25,1,0.463414634
0,0.369863014,0.056751335,0.2,0,0,0.193877551,0.5,0.333333333,0.333333333,1,0,1,1,0.951219512
0,0.602739726,0.01649804,0.533333333,0,0.539944904,0.5,0.75,0.733333333,0.333333333,0.357142857,0,1,1,0.951219512
0,0.164383562,0.161377159,0.6,0,0,0.397959184,0.5,1,0.666666667,0.071428571,0.2,1,0,0.951219512
0,0.260273973,0.189494728,0.6,0,0,0.091836735,0.5,1,0.333333333,0.285714286,0,0.5,1,0.951219512
0,0.232876712,0.067450773,0.533333333,0,0,0.5,0.75,0.733333333,0.333333333,0.214285714,0,1,1,0.951219512
1,0.821917808,0.041029284,0.2,0,0,0.193877551,0.75,0.333333333,0.5,0.071428571,0.2,1,1,0.536585366
0,0.369863014,0.290741925,0.6,0,0,0.397959184,0.5,1,0,0.714285714,0.2,1,0,0.951219512
1,0.260273973,0.264664116,0.866666667,0,0,0.448979592,0.125,0.8,0.333333333,0.714285714,0,1,1,0.951219512
0,0.452054795,0.007776797,0.866666667,0,0,0.397959184,0,0.8,0.5,0,0.4,1,1,0.951219512
1,0.287671233,0.014085508,0.8,0,0,0.704081633,0.5,0.6,0.333333333,0.714285714,0,0,1,0.951219512
0,0.534246575,0.157585844,1,0,0,0.5,0.5,0.666666667,0.333333333,0.714285714,0,1,1,0.951219512
1,0.178082192,0.044248249,0.8,0.076880769,0,0.5,0.625,0.6,0.333333333,0.857142857,0,1,1,0.951219512
1,0.205479452,0.084425772,0.6,0.150241502,0,0.602040816,0.5,1,0.333333333,0.285714286,0,1,1,0.951219512
0,0.410958904,0.159049871,0.533333333,0,0,0.448979592,0.5,0.733333333,0.666666667,0.428571429,0.2,1,1,0.951219512
0,0.479452055,0.042996655,0.6,0,0,0.397959184,0.5,1,0.333333333,0.928571429,0,1,1,0.951219512
0,0.369863014,0.103868779,0.266666667,0,0,0.397959184,0.5,0.4,0.666666667,0.5,0.2,1,1,0.951219512
0,0.191780822,0.166510048,0.533333333,0,0,0.5,0.5,0.733333333,0.333333333,0.5,0,1,1,0.634146341
0,0.136986301,0.127538791,0.6,0,0,0.397959184,0.5,1,0.666666667,0.928571429,0.2,1,0,0.951219512
0,0.123287671,0.132491044,0.8,0,0,0.142857143,0.875,0.6,0.666666667,0.714285714,0.2,1,1,0.951219512
0,0.191780822,0.033887079,0.533333333,0,0,0.5,0.5,0.733333333,0.333333333,0.714285714,0,1,1,0.951219512
0,0.219178082,0.115871904,0.733333333,0,0,0.397959184,0.5,0.466666667,0.666666667,0.714285714,0.2,1,0,0.951219512
0,0.232876712,0.092159947,0.6,0,0,0.397959184,0.125,1,0,0.928571429,0.2,1,0,0.951219512
0,0.054794521,0.174382913,0.6,0,0,0.244897959,0.5,1,0.666666667,0.928571429,0.6,1,0,0.951219512
0,0.082191781,0.128541419,0.8,0,0,0.193877551,0.5,0.6,0.666666667,0.857142857,0.6,1,1,0.951219512
0,0.191780822,0.117622107,0.2,0,0,0.397959184,0.5,0.333333333,0.666666667,0.5,0.2,0.75,0,0.634146341
0,0.424657534,0.0293854,0.6,0.024070241,0,0.397959184,0.5,1,0.333333333,1,0,1,1,0.951219512
0,0.315068493,0.10719396,0.533333333,0,0,0.5,0.5,0.733333333,0.333333333,0.214285714,0,1,1,0.951219512
0,0.301369863,0.213908255,0.4,0.024070241,0,0.704081633,0.5,0.066666667,0.333333333,0.571428571,0,1,1,0.634146341
0,0.150684932,0.194141863,0.533333333,0,0,0.397959184,0.25,0.733333333,0,0.785714286,0.2,1,0,0.951219512
1,0.397260274,0.137749769,0.8,0,0,0.397959184,0.25,0.6,0.333333333,0.785714286,0,1,1,0.951219512
0,0.01369863,0.156249683,0.533333333,0,0,0.367346939,0.5,0.733333333,0.666666667,0.5,0.2,1,1,0.951219512
1,0.383561644,0.172229495,0.866666667,0.150241502,0,0.5,0.5,0.8,0.333333333,0.285714286,0,1,1,0.951219512
0,0.082191781,0.136548915,0.533333333,0,0,0.397959184,0.5,0.733333333,0.666666667,0.642857143,0.6,1,1,0.951219512
0,0.397260274,0.121170545,0.133333333,0,0,0.397959184,0.5,0.266666667,0.333333333,0.071428571,1,1,0,0.536585366
0,0.534246575,0.133274475,0.533333333,0,0,0.153061224,0.5,0.733333333,0.833333333,0.857142857,0.8,0.5,0,0.951219512
0,0.301369863,0.045814433,0.533333333,0,0,0.397959184,0.5,0.733333333,0.333333333,0.428571429,0,1,1,0.951219512
0,0.191780822,0.264649909,0.6,0,0,0.5,0.5,1,0.833333333,0.571428571,0.8,1,0,0.634146341
0,0.232876712,0.120101616,0.6,0,0,0.520408163,0.5,1,0.333333333,0.285714286,0,0.5,1,0.56097561
0,0.726027397,0.061108236,0.6,0,0,0.806122449,0.5,1,0,0.571428571,0.2,1,1,0.951219512
1,0.493150685,0.128845185,0.866666667,0.076880769,0,0.704081633,0.25,0.8,0.333333333,0.285714286,0,1,1,0.951219512
0,0.397260274,0.102119253,0.2,0,0,0.397959184,0.5,0.333333333,0.333333333,1,0,1,1,0.951219512
0,0.273972603,0.064945556,0.8,0,0,0.448979592,0.5,0.6,0.333333333,0.285714286,0,1,1,0.951219512
0,0.109589041,0.097802268,0.6,0,0,0.397959184,0,1,0.666666667,0,0.6,1,1,0.951219512
0,0.136986301,0.071675749,0.6,0,0,0.397959184,0.5,1,0.666666667,0.071428571,0.6,1,0,0.951219512
0,0.369863014,0.057259415,0.6,0,0,0.448979592,0.75,1,0.666666667,0.071428571,0.2,1,0,0.951219512
0,0.534246575,0.091581508,0.6,0,0,0.5,0.5,1,0.333333333,0.285714286,1,1,0,0.951219512
0,0.356164384,0.108946868,0.533333333,0,0,0.397959184,0.5,0.733333333,0,0.071428571,0.2,1,0,0.951219512
0,0.369863014,0.148930225,0.533333333,0,0,0.316326531,0.5,0.733333333,0.5,1,0.2,0.75,1,0.048780488
1,0.232876712,0.170735024,0.533333333,0,0,0.397959184,0.5,0.733333333,0.333333333,0.5,0,1,1,0.951219512
0,0.04109589,0.125641104,0.6,0,0,0.397959184,0.5,1,0.666666667,0.714285714,0.6,1,1,0.951219512
0,0.164383562,0.036660206,0.6,0,0,0.5,0.5,1,0.666666667,0.357142857,0.8,1,1,0.951219512
0,0.287671233,0.07353961,0.533333333,0.043860439,0,0.346938776,0.75,0.733333333,0.333333333,0.214285714,0,1,1,0.951219512
0,0.410958904,0.023821557,0.533333333,0,0,0.418367347,0.5,0.733333333,0,0.214285714,0.2,1,1,0.951219512
1,0.232876712,0.224274837,0.8,0.076880769,0,0.551020408,0.625,0.6,0.333333333,0.285714286,0,1,1,0.951219512
0,0.410958904,0.089681114,0.533333333,0,0,0.397959184,0.5,0.733333333,0.333333333,0.214285714,0,1,1,0.951219512
0,0.232876712,0.126193158,0.533333333,0,0,0.448979592,0.75,0.733333333,0.666666667,0.214285714,0.6,1,1,0.951219512
0,0.219178082,0.119525206,0.8,0,0,0.397959184,0.75,0.6,0.666666667,0.857142857,0.2,1,0,0.951219512
0,0.383561644,0.086839657,0.533333333,0,0,0.397959184,0.5,0.733333333,0.333333333,0.5,0,1,1,0.951219512
0,0.123287671,0.114938959,0.6,0.028290283,0,0.397959184,0.5,1,0.333333333,0.214285714,0,1,1,0.951219512
0,0.643835616,0.128146321,0.2,0,0,0.397959184,0,0.333333333,0.333333333,0,0,1,1,0.951219512
1,0.260273973,0.011783251,0.533333333,0.076880769,0,0.397959184,0.5,0.733333333,0.333333333,0.857142857,0,1,1,0.951219512
0,0.821917808,0.081484188,0.866666667,0,0,0.448979592,0,0.8,0,0,0.2,1,1,0.951219512
1,0.178082192,0.011756189,0.733333333,0,0,0.244897959,0.5,0.466666667,0.333333333,0.571428571,1,1,0,0.951219512
0,0.794520548,0.163642206,0.333333333,0,0,0.602040816,0.5,0,1,0.642857143,0.2,1,0,0.951219512
0,0.424657534,0.206394631,0.6,0,0,0.5,0.5,1,0,0.071428571,0.2,1,0,0.951219512
1,0.369863014,0.112069765,1,0,0,0.357142857,0.25,0.666666667,0.333333333,0.714285714,0,1,1,0.951219512
0,0.109589041,0.098513986,0.6,0,0,0.397959184,0.5,1,0.833333333,0.071428571,0.8,1,0,0.951219512
0,0.397260274,0.10649645,0.533333333,0,0,0.397959184,0.5,0.733333333,0.333333333,0.214285714,0,1,1,0.951219512
1,0.287671233,0.078015581,0.6,0,0,0.397959184,0.5,1,1,0.285714286,0.2,1,0,0.951219512
0,0.328767123,0.072139177,0.8,0,0,0.397959184,0.5,0.6,0.833333333,0.857142857,0.2,1,0,0.951219512
0,0.246575342,0.120178065,0.533333333,0,0,0.397959184,0.5,0.733333333,0.333333333,0.214285714,0,1,1,0.951219512
0,0.191780822,0.024514331,0.733333333,0,0,0.397959184,0.25,0.466666667,0.666666667,0.785714286,0.8,1,1,0.951219512
0,0.191780822,0.047060614,0.533333333,0,0,0.397959184,0.5,0.733333333,0.333333333,0.071428571,0,0.25,1,0.951219512
0,0.219178082,0.110098335,0.533333333,0,0,0.367346939,0.875,0.733333333,0.333333333,0.785714286,0,1,1,0.951219512
0,0.150684932,0.127042213,0.8,0,0,0.397959184,0.875,0.6,0.666666667,0.071428571,0.2,0.75,0,0.951219512
0,0.123287671,0.14471878,0.533333333,0,0,0.397959184,0.5,0.733333333,0.666666667,1,0.6,1,1,0.951219512
0,0.164383562,0.13706376,0.533333333,0,0,0.397959184,0.5,0.733333333,0.666666667,0.285714286,0.2,1,1,0.951219512
1,0.493150685,0.094123935,0.533333333,0,0,0.397959184,0.5,0.733333333,0.333333333,0.214285714,0,1,1,0.951219512
0,0.301369863,0.139943103,0.733333333,0,0,0.397959184,0.125,0.466666667,0.666666667,0.071428571,0.8,1,0,0.951219512
1,0.575342466,0.081369853,1,0,0.453856749,0.551020408,0.625,0.666666667,0.333333333,0.214285714,0,1,1,0.951219512
0,0.02739726,0.070547285,0.533333333,0,0,0.397959184,0.5,0.733333333,0.666666667,0.571428571,0.6,1,0,0.951219512
1,0.219178082,0.225281524,0.8,0,0,0.448979592,0.5,0.6,0.666666667,0.928571429,0.2,1,0,0.951219512
0,0.589041096,0.041122646,0.6,0,0,0.37755102,0.5,1,0.666666667,0.071428571,0.2,1,0,0.951219512
0,0.630136986,0.06377447,0.533333333,0,0,0.397959184,0.75,0.733333333,0.333333333,0.214285714,0,1,1,0.951219512
0,0.493150685,0.05719582,0.8,0,0,0.397959184,0.5,0.6,0.666666667,0.571428571,0.2,1,1,0.048780488
0,0.301369863,0.063275185,0.533333333,0,0,0.397959184,0.5,0.733333333,0.333333333,0.214285714,0,1,1,0.951219512
1,0.534246575,0.191312584,0.8,0.140841408,0,0.448979592,0.5,0.6,0.666666667,0.285714286,0.2,1,1,0.951219512
0,0.397260274,0.051605592,0.6,0,0,0.397959184,0.25,1,0.333333333,0.428571429,0,1,1,0.951219512
1,0.643835616,0.153685606,0.866666667,0,0,0.448979592,0.5,0.8,0.333333333,0.714285714,0,1,1,0.951219512
0,0.273972603,0.071980868,0.533333333,0,0,0.37755102,0.5,0.733333333,0.666666667,0.5,0.2,1,1,0.804878049
0,0.273972603,0.143616024,0.6,0,0,0.387755102,0.5,1,0.333333333,0.928571429,0,1,1,0.951219512
1,0.136986301,0.134613342,0.866666667,0,0,0.397959184,0.75,0.8,0.666666667,0.714285714,0.2,1,1,0.951219512
0,0.287671233,0.080627015,0.266666667,0,0,0.234693878,0.5,0.4,0.333333333,0.571428571,1,0.5,0,0.341463415
0,0.150684932,0.087317293,0.8,0,0,0.448979592,0.5,0.6,0.333333333,0.285714286,0,1,1,0.951219512
1,0.301369863,0.176160854,0.8,0,0,0.5,0.75,0.6,0.333333333,0.285714286,0,1,1,0.951219512
0,0.178082192,0.104992507,0.6,0,0,0.602040816,0.5,1,0.333333333,1,0,1,1,0.951219512
0,0.808219178,0.100734381,0.6,0,0,0.193877551,0.75,1,1,0.857142857,0.2,1,1,0.951219512
0,0.287671233,0.09357594,0.333333333,0,0.865472911,0.397959184,0.5,0,0.833333333,0.071428571,0.8,1,1,0.951219512
0,0.315068493,0.081559283,0.6,0,0,0.397959184,0.5,1,0,0.5,0.2,0.5,1,0.951219512
0,0.082191781,0.053823282,0.8,0,0,0.295918367,0.5,0.6,0.666666667,0.285714286,0.2,1,0,0.951219512
0,0,0.169074125,0.333333333,0,0,0.071428571,0,0,0.666666667,0,0.6,1,1,0.951219512
0,0.602739726,0.092912256,0.6,0,0,0.397959184,0.5,1,0,0.571428571,0.2,0.5,1,0.951219512
0,0.753424658,0.078822013,0.133333333,0,0,0.357142857,0.5,0.266666667,0.333333333,0.571428571,0,0.5,1,0.951219512
0,0.054794521,0.160857579,0.6,0,0,0.091836735,0.5,1,0.666666667,0.714285714,0.6,1,0,0.951219512
0,0.095890411,0.063049221,0.866666667,0,0,0.397959184,0.875,0.8,0.666666667,0.714285714,0.2,1,0,0.951219512
0,0.438356164,0.019625672,0.6,0,0,0.397959184,0.5,1,0,0.071428571,0.2,1,0,0.951219512
0,0.630136986,0.074525324,0.6,0,0,0.479591837,0.75,1,0.333333333,0.571428571,0,1,1,0.951219512
0,0.397260274,0.070596672,0.8,0,0,0.357142857,0.5,0.6,0.833333333,0.714285714,0.8,0.5,0,0.951219512
0,0.589041096,0.166823285,1,0,0,0.295918367,0.5,0.666666667,0.833333333,0.642857143,0.8,1,0,0.658536585
0,0.589041096,0.068435135,0.8,0,0,0.602040816,0.5,0.6,0,0.285714286,0.6,1,1,0.951219512
0,0.095890411,0.133048511,0.666666667,0,0,0.397959184,0.5,0.533333333,0.666666667,0.214285714,0.2,1,1,0.951219512
0,0.095890411,0.141502522,0.6,0,0,0.357142857,0.5,1,0,0.571428571,0.2,1,0,0.951219512
1,0.315068493,0.110720749,0.666666667,0,0.453856749,0.142857143,0.75,0.533333333,0.333333333,0.714285714,1,1,0,0.951219512
1,0.356164384,0.118693742,0.6,0,0.433195592,0.5,0.5,1,0.333333333,0.714285714,1,1,0,0.951219512
1,0.383561644,0.105751582,0.466666667,0.03103031,0,0.397959184,0.5,0.133333333,0.333333333,0.071428571,1,0.5,0,0.951219512
1,0.369863014,0.153745818,0.8,0,0,0.397959184,0.125,0.6,0.333333333,0.071428571,0,0.25,1,0.731707317
0,0.506849315,0.198248445,0.8,0,0,0.704081633,0.875,0.6,0.333333333,0.714285714,0,1,1,0.951219512
0,0.232876712,0.144280384,0.8,0,0,0.295918367,0.5,0.6,0.333333333,0.785714286,0,0.5,1,0.951219512
0,0.068493151,0.126791894,0.6,0,0,0.142857143,0.5,1,0.666666667,0.857142857,0.6,1,1,0.951219512
1,0.150684932,0.09151859,0.6,0,0.436639118,0.551020408,0.5,1,0.333333333,0.857142857,0,1,1,0.951219512
0,0.315068493,0.073557876,0.533333333,0,0,0.397959184,0.5,0.733333333,0.333333333,0.5,0,1,1,0.951219512
0,0.534246575,0.059867466,0.533333333,0,0,0.5,0.5,0.733333333,0.333333333,0.857142857,1,1,0,0.951219512
1,0.438356164,0.047146535,0.6,0,0,0.397959184,0.5,1,0.333333333,0.214285714,0,0.25,1,0.951219512
0,0.506849315,0.090739895,0.6,0,0,0.397959184,0.5,1,1,0.285714286,0.8,1,0,0.951219512
0,0.246575342,0.130773993,0.133333333,0,0,0.397959184,0.125,0.266666667,0.666666667,0.214285714,0.2,1,1,0.634146341
0,0.219178082,0.096029064,0.666666667,0,0,0.397959184,0.5,0.533333333,0,0.857142857,0.2,1,1,0.951219512
0,0.02739726,0.195942806,0.6,0,0,0.346938776,0.5,1,0.666666667,0.857142857,0.6,0.25,1,0.609756098
1,0.383561644,0.066272245,0.866666667,0,0,0.5,0.5,0.8,0.333333333,0.285714286,0,1,1,0.951219512
0,0.246575342,0.245198107,0.266666667,0,0,0.346938776,0,0.4,0.333333333,0,1,1,0,0.951219512
1,0.821917808,0.088782673,0.866666667,0,0,0.071428571,0,0.8,0.333333333,0,0,1,1,0.951219512
0,0.561643836,0.139690755,0.666666667,0,0,0.448979592,0.5,0.533333333,1,0.714285714,0.8,1,0,0.951219512
0,0.191780822,0.096076422,0.533333333,0,0,0.234693878,0.5,0.733333333,0.666666667,0.857142857,0.8,0.5,0,0.951219512
0,0.246575342,0.092427179,0.533333333,0,0,0.397959184,0.5,0.733333333,0,0.857142857,0.8,1,0,0.951219512
0,0.04109589,0.056628882,0.6,0,0,0.346938776,0.5,1,0.666666667,0.857142857,0.6,1,0,0.951219512
1,0.712328767,0.146562345,0.8,0,0.523875115,0.397959184,0.5,0.6,1,0.714285714,0.2,1,1,0.951219512
0,0.178082192,0.224213948,0.533333333,0,0,0.397959184,0.5,0.733333333,0,0.214285714,0.8,1,0,0.951219512
0,0.068493151,0.093916914,0.6,0,0,0.173469388,0.5,1,0.666666667,0.857142857,0.4,1,0,0.951219512
1,0.164383562,0.156533829,0.533333333,0,0,0.5,0.5,0.733333333,0.333333333,0.5,0,1,1,0.951219512
0,0.410958904,0.238973963,0.866666667,0,0,0.397959184,0.5,0.8,0,0.714285714,0.8,1,0,0.951219512
0,0.164383562,0.136360838,0.6,0,0,0.397959184,0.5,1,0.333333333,0.214285714,0,1,1,0.951219512
1,0.328767123,0.014099715,0.8,0,0,0.397959184,0.875,0.6,0.333333333,0.357142857,0,1,1,0.951219512
0,0.191780822,0.013710029,0.333333333,0,0,0.397959184,0.5,0,0,0.428571429,0.2,1,1,0.951219512
1,0.616438356,0.120563014,1,0.150241502,0,0.448979592,0.5,0.666666667,0.333333333,0.714285714,0,1,1,0.951219512
0,0.479452055,0.141952419,0.6,0,0,0.5,0.5,1,0,0.857142857,0.8,1,0,0.951219512
0,0.273972603,0.110808699,0.6,0,0,0.5,0.5,1,0,0.214285714,0.2,1,1,0.951219512
0,0.808219178,0.008817988,0.866666667,0,0,0.142857143,0.125,0.8,1,0.714285714,0.2,1,0,0.951219512
0,0.178082192,0.061812511,0.4,0,0,0.346938776,0,0.066666667,0.333333333,0,0,1,1,0.951219512
1,0.465753425,0.040694398,0.533333333,0,0,0.571428571,0.125,0.733333333,0.333333333,0.285714286,0,1,1,0.951219512
0,0.356164384,0.18409799,0.733333333,0,0,0.602040816,0.5,0.466666667,0.333333333,0.857142857,0,0.5,1,0.951219512
1,0.520547945,0.075672055,0.6,0,0,0.397959184,0.625,1,0.333333333,0.857142857,0,1,1,0.951219512
1,0.232876712,0.038539626,0.533333333,0,0,0.397959184,0.5,0.733333333,0.333333333,1,0,0.25,1,0.951219512
0,0.109589041,0.304836904,0.533333333,0,0,0.397959184,0.5,0.733333333,0.666666667,0.428571429,0.4,1,1,0.634146341
0,0.068493151,0.155504139,0.533333333,0,0,0.397959184,0.5,0.733333333,0.333333333,0.071428571,1,1,0,0.951219512
0,0.150684932,0.13010828,0.533333333,0,0,0.397959184,0.5,0.733333333,0.833333333,0.785714286,0.4,1,1,0.951219512
0,0.369863014,0.126448889,0.533333333,0,0,0.295918367,0.5,0.733333333,0.333333333,0.071428571,1,1,0,0.951219512
0,0.01369863,0.13052638,0.6,0,0,0.193877551,0.5,1,0.666666667,0.571428571,0.6,1,0,0.951219512
0,0.150684932,0.174601435,0.333333333,0,0,0.397959184,0.5,0,0,0.857142857,0.2,1,0,0.951219512
0,0.205479452,0.044711677,0.8,0,0,0,0,0.6,0.666666667,0,0.2,0.25,0,0.951219512
1,0.287671233,0.109569959,0.6,0,0,0.397959184,0.5,1,0.333333333,0.928571429,0,1,1,0.951219512
0,0.082191781,0.133731137,0.6,0,0,0.244897959,0.5,1,0.666666667,0.857142857,0.6,1,1,0.048780488
1,0.424657534,0.066417024,0.6,0,0,0.397959184,0.125,1,0.333333333,0.214285714,0,1,1,0.951219512
0,0.520547945,0.036581051,0.533333333,0,0,0.397959184,0.5,0.733333333,0.833333333,0.428571429,0.8,1,1,0.951219512
1,0.205479452,0.129955382,0.933333333,0,0.453856749,0.602040816,0.5,0.933333333,0.333333333,0.714285714,0,1,1,0.951219512
0,0.465753425,0.145083434,0.533333333,0,0,0.397959184,0.5,0.733333333,0.333333333,1,0,0.5,1,0.951219512
0,0.191780822,0.690702009,0.6,0,0,0.397959184,0.875,1,0.333333333,0.5,0,1,1,0.951219512
0,0.342465753,0.120599547,0.733333333,0,0,0.459183673,0.5,0.466666667,0.666666667,0.071428571,0.2,1,1,0.951219512
0,0.02739726,0.202102002,0.533333333,0,0,0.397959184,0.5,0.733333333,0.666666667,0.571428571,0.2,1,1,0.951219512
0,0.191780822,0.074733021,0.666666667,0,0,0.193877551,0.75,0.533333333,0,0.214285714,0.6,1,1,0.951219512
0,0.123287671,0.085514321,0.6,0,0,0.397959184,0,1,0.666666667,0,0.6,1,1,0.951219512
0,0.01369863,0.174721859,0.466666667,0,0,0.295918367,0.5,0.133333333,0.666666667,0.071428571,0.6,1,0,0.951219512
0,0.534246575,0.127155194,0.6,0,0,0.602040816,0.75,1,0.333333333,0.857142857,0,1,1,0.951219512
1,0.383561644,0.129834959,0.8,0,0,0.5,0.625,0.6,0,0.285714286,0.8,1,1,0.951219512
0,0.01369863,0.133779171,0.333333333,0,0,0.397959184,0.5,0,0.666666667,0.571428571,0.4,1,0,0.951219512
0,0.356164384,0.02422139,0.533333333,0,0,0.397959184,0.625,0.733333333,0.333333333,0.214285714,0,1,1,0.951219512
0,0.684931507,0.052235449,0.533333333,0.01797018,0,0.030612245,0.5,0.733333333,0.333333333,0.857142857,0,1,1,0.951219512
0,0.246575342,0.078634612,0.533333333,0,0,0.448979592,0.5,0.733333333,0.333333333,0.285714286,1,1,0,0.951219512
1,0.616438356,0.134461798,0.8,0,0,0.295918367,0.5,0.6,0.333333333,0.071428571,1,1,0,0.951219512
1,0.219178082,0.147997957,0.533333333,0,0,0.5,0.5,0.733333333,0.333333333,0.214285714,0,1,1,0.951219512
0,0.246575342,0.066848655,0.533333333,0,0,0.5,0.75,0.733333333,0.333333333,0.285714286,0,1,1,0.951219512
0,0.02739726,0.060018334,0.4,0,0,0.295918367,0.75,0.066666667,0.666666667,0.071428571,0.6,1,0,0.951219512
1,0.246575342,0.221785856,0.8,0,0.424242424,0.704081633,0.5,0.6,0.333333333,0.285714286,0,1,1,0.951219512
0,0.520547945,0.133446992,0.533333333,0,0,0.397959184,0.5,0.733333333,0,1,0.2,1,1,0.951219512
1,0.273972603,0.11218004,0.866666667,0,0,0.397959184,0.5,0.8,0.666666667,0.285714286,0.2,1,0,0.951219512
0,0.383561644,0.087870024,0.866666667,0,0,0.397959184,0.875,0.8,0,0.071428571,0.2,0.5,0,0
0,0.287671233,0.123142651,0.6,0,0,0.551020408,0.5,1,0,1,0.2,0.5,1,0.951219512
0,0.383561644,0.103498036,0.266666667,0,0,0.397959184,0.75,0.4,0.333333333,1,0,0.5,1,0.951219512
1,0.397260274,0.119097634,0.6,0,0,0.5,0.5,1,0.333333333,0.5,0,1,1,0.951219512
0,0.123287671,0.182568339,0.666666667,0,0,0.397959184,0.5,0.533333333,0.333333333,0.285714286,1,1,0,0.951219512
1,0.438356164,0.072561337,0.6,0,0,0.602040816,0.625,1,0.333333333,0.285714286,0,1,1,0
0,0.575342466,0.188918995,0.333333333,0,0,0.520408163,0.5,0,1,0.5,0.2,1,1,0.951219512
0,0.123287671,0.217433691,0.8,0.024630246,0,0.346938776,0.5,0.6,0.666666667,0.285714286,0.6,1,1,0.951219512
0,0.301369863,0.137908079,0.733333333,0,0,0.346938776,0.5,0.466666667,0,0.285714286,0.8,0.5,0,0.56097561
0,0.123287671,0.074031452,0.533333333,0,0,0.295918367,0.5,0.733333333,0.666666667,0.428571429,0.8,1,1,0.951219512
0,0.301369863,0.12313115,0.2,0,0.367768595,0.346938776,0.5,0.333333333,0.666666667,0.571428571,0.6,1,1,0.951219512
0,0.465753425,0.064779804,1,0,0,0.397959184,0.875,0.666666667,0,0.285714286,0.2,1,0,0.951219512
0,0.219178082,0.11833856,0.8,0,0,0.5,0.25,0.6,0.333333333,0.857142857,0,1,1,0.951219512
0,0.068493151,0.129376266,0.8,0,0,0.448979592,0.5,0.6,0.666666667,0.857142857,0.2,1,0,0.951219512
1,0.123287671,0.109400825,0.6,0,0,0.448979592,0.5,1,0.333333333,0.214285714,0,1,1,0.951219512
0,0.04109589,0.334003105,0.6,0,0,0.397959184,0.5,1,0.666666667,0.857142857,0.6,1,1,0.951219512
1,0.520547945,0.100179621,0.8,0,0,0.397959184,0.5,0.6,0.333333333,0.071428571,0,1,1,0.951219512
0,0.082191781,0.066984639,0.4,0,0,0.5,0.75,0.066666667,0.666666667,0.214285714,0.6,1,1,0.634146341
0,0.356164384,0.119101694,0.4,0,0,0.397959184,0.5,0.066666667,0.833333333,0.857142857,0.8,1,0,0.951219512
0,0.082191781,0.199486508,0.8,0,0,0.244897959,0.5,0.6,0.666666667,0.714285714,0.6,1,0,0.951219512
0,0.136986301,0.099019359,0.6,0,0,0.397959184,0.5,1,0.666666667,0.071428571,0.2,1,0,0.951219512
0,0.287671233,0.106478183,0.533333333,0,0,0.397959184,0.5,0.733333333,0.333333333,0.285714286,0,1,1,0.951219512
1,0.342465753,0.029623541,0.733333333,0,0,0.448979592,0.5,0.466666667,0.333333333,0.857142857,0,1,1,0.951219512
0,0.547945205,0.20064474,0.6,0,0,0.397959184,0.5,1,0.833333333,0.857142857,0.2,1,0,0.951219512
0,0.219178082,0.018846301,0.533333333,0,0,0.56122449,0.25,0.733333333,0.333333333,0.785714286,0,1,1,0.951219512
0,0.452054795,0.166789458,0.6,0,0,0.397959184,0.25,1,0,0.785714286,0.2,1,1,0.951219512
1,0.273972603,0.118156571,0.4,0.03103031,0,0.43877551,0.5,0.066666667,0.333333333,0.5,0,1,1,0.951219512
1,0.328767123,0.145917605,0.8,0,0,0.346938776,0.5,0.6,0.333333333,0.714285714,1,0.5,0,0.341463415
0,0.301369863,0.188101738,0.333333333,0,0,0.397959184,0.5,0,0.333333333,0.5,0,1,1,0.951219512
0,0.493150685,0.098773776,0.533333333,0,0,0.704081633,0.75,0.733333333,0.333333333,0.857142857,0,1,1,0.951219512
1,0.630136986,0.066209327,0.533333333,0,0,0.551020408,0,0.733333333,0.333333333,0,0,1,1,0.951219512
0,0.452054795,0.112515603,0.533333333,0,0.323232323,0.5,0.5,0.733333333,0,0.214285714,0.8,1,1,0.951219512
0,0.315068493,0.077519679,0.533333333,0,0,0.397959184,0.5,0.733333333,0,0.5,0.2,0.5,1,0.951219512
1,0.520547945,0.116980073,0.8,0,0,0.397959184,0.75,0.6,0.333333333,0.285714286,0,1,1,0.951219512
0,0.178082192,0.233002168,0.533333333,0,0,0.602040816,0.625,0.733333333,0.333333333,0.428571429,0,1,1,0.951219512
0,0.589041096,0.026045335,0.2,0,0,0.397959184,0,0.333333333,0.333333333,0,0,1,1,0.951219512
0,0.123287671,0.221678963,0.6,0,0,0.602040816,0.5,1,0.333333333,0.285714286,0,1,1,0.951219512
0,0.150684932,0.189600268,0.6,0,0,0.5,0.5,1,0.666666667,1,0.2,1,1,0.951219512
1,0.397260274,0.240894653,0.8,0,0,0.602040816,0.75,0.6,0.333333333,0.857142857,0,1,1,0.951219512
0,0.178082192,0.061666379,0.533333333,0,0,0.397959184,0.5,0.733333333,0,0.5,0.8,1,1,0.951219512
1,0.397260274,0.118546257,0.333333333,0,0,0.397959184,0.5,0,0.333333333,0.5,0,1,1,0.951219512
0,0.328767123,0.199784185,0.8,0,0,0.040816327,0,0.6,0.333333333,0,1,0.25,0,0.731707317
0,0.068493151,0.085397956,0.8,0,0,0.142857143,0.875,0.6,0.666666667,0.714285714,0.2,1,1,0.951219512
0,0.315068493,0.21244964,0.6,0,0,0.43877551,0.5,1,0.333333333,0.214285714,0,1,1,0.951219512
1,0.287671233,0.050923643,0.8,0.076880769,0,0.551020408,0.5,0.6,0.333333333,0.285714286,0,1,1,0.951219512
0,0.383561644,0.128684845,0.8,0,0,0.367346939,0.5,0.6,0.333333333,0.428571429,0,1,1,0.951219512
0,0.054794521,0.106429473,0.6,0,0,0.346938776,0,1,0.5,0,0.6,1,0,0.951219512
0,0.178082192,0.087160336,0.666666667,0,0,0.397959184,0.5,0.533333333,0.666666667,0.071428571,0.2,1,0,0.951219512
0,0.260273973,0.125103257,0.533333333,0,0,0.397959184,0.5,0.733333333,0.333333333,0.571428571,0,0.5,1,0.951219512
1,0.383561644,0.202145976,0.6,0,0,0.397959184,0.25,1,0.333333333,0.071428571,0,1,1,0.951219512
0,0.123287671,0.063951046,0.666666667,0,0,0.37755102,0.875,0.533333333,0,0.285714286,0.2,1,0,0.951219512
1,0.493150685,0.083250627,0.8,0.076880769,0,0.193877551,0.75,0.6,0.333333333,0.285714286,0,0.25,1,0.073170732
1,0.561643836,0.160962442,0.333333333,0.051780518,0,0.397959184,0.5,0,0.333333333,0.214285714,0,1,1,0.951219512
0,0.287671233,0.111000836,0.533333333,0,0,0.5,0.625,0.733333333,0.333333333,0.285714286,0,1,1,0.951219512
0,0.136986301,0.033349908,0.6,0,0,0.397959184,0.5,1,0,0.071428571,0.4,1,0,0.951219512
0,0.397260274,0.10550397,0.533333333,0,0,0.397959184,0.5,0.733333333,0.5,0.428571429,0.2,1,1,0.951219512
1,0.383561644,0.164514263,0.866666667,0,0,0.5,0.875,0.8,0.333333333,0.714285714,0,0.25,1,0.463414634
1,0.547945205,0.144135605,0.933333333,0.150241502,0,0.346938776,0.75,0.933333333,0.333333333,0.857142857,1,1,0,0.951219512
0,0.589041096,0.15377085,0.866666667,0,0,0.091836735,0.5,0.8,0.333333333,1,0,1,1,0.951219512
0,0.219178082,0.09763584,0.8,0.033250333,0,0.428571429,0.5,0.6,0.666666667,0.857142857,0.6,1,1,0.951219512
0,0.424657534,0.128428438,0.4,0,0,0.336734694,0.5,0.066666667,0,0.571428571,0.2,1,0,0.951219512
0,0.356164384,0.069395142,0.6,0,0,0.163265306,0.25,1,0.333333333,1,0,1,1,0.951219512
0,0.424657534,0.119866857,0.6,0.021760218,0,0.397959184,0.5,1,0,0.428571429,0.6,1,1,0.951219512
0,0.178082192,0.134127588,0.533333333,0,0,0.397959184,0.5,0.733333333,0,0.214285714,0.2,1,0,0.951219512
0,0.767123288,0.063324572,0.8,0.011730117,0,0.755102041,0.5,0.6,0.333333333,0.714285714,0,1,1,0.951219512
1,0.547945205,0.164171259,0.533333333,0,0,0.397959184,0.875,0.733333333,0.333333333,0.285714286,0,1,1,0.951219512
1,0.150684932,0.014260054,0.533333333,0,0,0.704081633,0.75,0.733333333,0.333333333,0.357142857,0,1,1,0.951219512
0,0.260273973,0.136488704,0.333333333,0,0,0.806122449,0.5,0,0.333333333,1,0,1,1,0.951219512
0,0.410958904,0.137008961,0.666666667,0,0,0.397959184,0.5,0.533333333,0.333333333,0.428571429,0,1,1,0.951219512
0,0.273972603,0.320617137,0.6,0,0,0.5,0.5,1,0.666666667,0.285714286,0.2,1,1,0.317073171
1,0.287671233,0.101574641,0.8,0,0,0.397959184,0.875,0.6,0.333333333,0.714285714,0,1,1,0.951219512
0,0.684931507,0.225253786,0.8,0,0,0.551020408,0.75,0.6,0.333333333,0.285714286,0,1,1,0.951219512
1,0.191780822,0.033565047,0.6,0,0,0.397959184,0.5,1,0.333333333,0.714285714,1,1,0,0.951219512
0,0.356164384,0.108443524,0.6,0,0,0.43877551,0.5,1,0,0.071428571,0.2,1,0,0.951219512
0,0.260273973,0.066690345,0.533333333,0,0,0.193877551,0.75,0.733333333,0,0.214285714,0.6,1,1,0.951219512
0,0.356164384,0.09662374,0.666666667,0,0,0.397959184,0.25,0.533333333,0.333333333,0.285714286,0,1,1,0.951219512
1,0.178082192,0.081398267,0.8,0,0,0.397959184,0.625,0.6,0.333333333,0.214285714,0,1,1,0.951219512
0,0.082191781,0.09777453,0.266666667,0,0,0.357142857,0.5,0.4,0.666666667,0.428571429,0.6,0.5,1,0.951219512
0,0.02739726,0.152802049,0.6,0,0,0.193877551,0.5,1,0,0.071428571,0.2,1,0,0.951219512
0,0.328767123,0.252991817,0.133333333,0,0,0.295918367,0.5,0.266666667,0.333333333,0.357142857,0,1,1,0.634146341
1,0.191780822,0.072000487,0.866666667,0,0.436639118,0.397959184,0.5,0.8,0.333333333,0.928571429,0,1,1,0.951219512
1,0.301369863,0.068308623,0.8,0,0,0.5,0.25,0.6,0.333333333,0.714285714,1,1,0,0.951219512
0,0.123287671,0.155930357,0.8,0,0,0.37755102,0.5,0.6,0.666666667,0.714285714,0.2,1,1,0.951219512
0,0.315068493,0.059737571,0.333333333,0,0,0.397959184,0.5,0,0,0.214285714,0.2,0,1,0.951219512
0,0.410958904,0.227790801,0.533333333,0,0,0.275510204,0.5,0.733333333,0.333333333,0.571428571,0.4,0.25,0,0.87804878
0,0.150684932,0.160914408,0.533333333,0,0,0.397959184,0.5,0.733333333,0.666666667,0.714285714,0.4,1,0,0.951219512
0,0.534246575,0.115887465,0.8,0,0,0.295918367,0.75,0.6,0.333333333,0.214285714,0,1,1,0
0,0.397260274,0.117421175,0.533333333,0,0,0.540816327,0.5,0.733333333,0,1,0.2,1,1,0.951219512
0,0.273972603,0.12293969,0.4,0,0,0.244897959,0.5,0.066666667,0.333333333,0.214285714,0,1,1,0.951219512
0,0.315068493,0.128007631,0.8,0,0,0.448979592,0.5,0.6,0,0.785714286,0.2,1,1,0.951219512
0,0.520547945,0.138457427,0.533333333,0.028850289,0,0.397959184,0,0.733333333,0.333333333,0,1,1,0,0.951219512
1,0.315068493,0.14492783,0.533333333,0,0,0.459183673,0.5,0.733333333,0.333333333,0.071428571,1,1,0,0.951219512
1,0.493150685,0.055338049,0.8,0,0,0.43877551,0.5,0.6,0.333333333,0.285714286,0,1,1,0.951219512
0,0.04109589,0.087386976,0.6,0,0,0.091836735,0,1,0.666666667,0,0.6,1,0,0.951219512
0,0.273972603,0.064576843,0.533333333,0,0,0.448979592,0.75,0.733333333,0.333333333,0.214285714,0,1,1,0.951219512
0,0.260273973,0.070578406,0.533333333,0.048650487,0,0.397959184,0.5,0.733333333,0.666666667,0.071428571,0.2,1,0,0.951219512
1,0.315068493,0.076084743,0.533333333,0.07298073,0,0.397959184,0.5,0.733333333,0.333333333,0.214285714,1,1,0,0.951219512
0,0.520547945,0.145369609,0.8,0,0,0.397959184,0.5,0.6,1,0.071428571,0.8,1,0,0.951219512
0,0.205479452,0.102769406,0.533333333,0,0,0.295918367,0.5,0.733333333,0.333333333,0.428571429,0,1,1,0.951219512
0,0.04109589,0.025954002,0.533333333,0,0,0.346938776,0.5,0.733333333,0.666666667,0.428571429,0.6,1,1,0.951219512
0,0.493150685,0.208525724,0.333333333,0,0,0.397959184,0.5,0,0,0.214285714,0.2,1,1,0.951219512
0,0.534246575,0.153249916,0.2,0,0,0.255102041,0.5,0.333333333,0.333333333,0.214285714,0,1,1,0.951219512
0,0.726027397,0.080355723,0.2,0,0,0.244897959,0.5,0.333333333,0.333333333,0.571428571,0,1,1,0.951219512
0,0.575342466,0.104688742,0.6,0,0,0.397959184,0.25,1,1,0.071428571,0.2,1,0,0.951219512
0,0.410958904,0.072331314,0.6,0,0,0.397959184,0.125,1,0,0.071428571,0.8,1,0,0.951219512
0,0.219178082,0.138435101,0.333333333,0,0,0.397959184,0,0,0.666666667,0,0.4,1,1,0.951219512
0,0.219178082,0.111492002,0.8,0,0,0.397959184,0.5,0.6,0.666666667,0.714285714,0.2,1,0,0.048780488
0,0.493150685,0.018508709,0.533333333,0,0,0.581632653,0.125,0.733333333,1,0.285714286,0.2,1,0,0.951219512
0,0.246575342,0.254034361,0.733333333,0,0,0.520408163,0.25,0.466666667,0.333333333,0.785714286,0,1,1,0.951219512
1,0.438356164,0.023758639,0.8,0,0,0.397959184,0.5,0.6,0.666666667,0.071428571,0.2,1,0,0.951219512
0,0,0.04586382,0.4,0,0,0.193877551,0,0.066666667,0.666666667,0,0.6,1,0,0.951219512
0,0.246575342,0.036141302,0.533333333,0,0,0.397959184,0.5,0.733333333,0,0.571428571,0.8,1,0,0.951219512
0,0.232876712,0.119417637,0.533333333,0,0,0.316326531,0.5,0.733333333,0.833333333,0.071428571,0.8,1,0,0.951219512
0,0.164383562,0.113171167,0.8,0,0,0.397959184,0.5,0.6,0.666666667,0.071428571,0.2,1,0,0.951219512
0,0.205479452,0.157769862,0.133333333,0,0,0.397959184,0.5,0.266666667,0.333333333,0.5,0,0,1,0.634146341
0,0.917808219,0.035987051,0.533333333,0,0,0.397959184,0.5,0.733333333,1,0.642857143,0.2,1,0,0.219512195
0,0.150684932,0.115162893,0.6,0,0,0.346938776,0.5,1,0.666666667,0.428571429,0.2,1,1,0.951219512
0,0.150684932,0.177011938,0.533333333,0,0.373737374,0.602040816,0.5,0.733333333,0.333333333,0.857142857,0,1,1,0.951219512
0,0.97260274,0.038057932,0.6,0,0,0.397959184,0.5,1,0,0.071428571,0.8,1,0,0.951219512
0,0.054794521,0.106884106,0.6,0,0,0.244897959,0,1,0.666666667,0,0.6,1,0,0.951219512
0,0.547945205,0.231102451,0.533333333,0,0,0.448979592,0.5,0.733333333,0,1,0.2,1,1,0.951219512
1,0.575342466,0.110839143,0.866666667,0,0,0.06122449,0.5,0.8,0.333333333,0.714285714,0,1,1,0.951219512
0,0.02739726,0.129241635,0.4,0,0,0.295918367,0.5,0.066666667,0.666666667,0.857142857,0.6,1,1,0.951219512
0,0.602739726,0.156278774,0.533333333,0,0,0.397959184,0.5,0.733333333,0.333333333,0.5,0,1,1,0.951219512
0,0.150684932,0.114093288,0.6,0.050130501,0,0.551020408,0.5,1,0.333333333,0.428571429,0,1,1,0.951219512
0,0.205479452,0.070142039,0.533333333,0,0,0.5,0.5,0.733333333,0.333333333,0.428571429,0,1,1,0.951219512
0,0.342465753,0.060420197,0.8,0,0,0.418367347,0.25,0.6,0.333333333,0.785714286,0,1,1,0.951219512
1,0.383561644,0.092925787,0.8,0,0,0.37755102,0.875,0.6,0.333333333,0.071428571,0,1,1,0.951219512
0,0.424657534,0.155685451,0.533333333,0,0,0.397959184,0.5,0.733333333,0.333333333,0.5,0,1,1,0.146341463
0,0.109589041,0.164208468,0.6,0,0,0.295918367,0.5,1,0.666666667,0.857142857,0.6,1,1,0.951219512
0,0.082191781,0.102000183,0.333333333,0,0,0.193877551,0,0,0.666666667,0,0.2,1,0,0.951219512
0,0.260273973,0.159010632,0.533333333,0,0,0.448979592,0.5,0.733333333,0.333333333,0.214285714,0,1,1,0.951219512
0,0.260273973,0.056272347,0.8,0,0,0.397959184,0.25,0.6,0,0.714285714,0.8,1,0,0.951219512
0,0.205479452,0.168233865,0.4,0,0.468778696,0.295918367,0.5,0.066666667,0.333333333,0.214285714,0,1,1,0.951219512
0,0.109589041,0.229868447,0.533333333,0,0,0.653061224,0.5,0.733333333,0.666666667,1,0.2,1,1,0.951219512
0,0.02739726,0.175749519,0.533333333,0,0,0.346938776,0.5,0.733333333,0.666666667,0.428571429,0.6,1,1,0.951219512
0,0.191780822,0.093881735,0.6,0,0,0.336734694,0.5,1,0.333333333,1,0,1,1,0.951219512
1,0.424657534,0.124756193,0.8,0,0,0.397959184,0.625,0.6,0.333333333,0.857142857,0,1,1,0.951219512
0,0.150684932,0.05228213,0.8,0,0,0.5,0.875,0.6,0.333333333,0.785714286,0,1,1,0.951219512
1,0.109589041,0.019369264,0.8,0,0,0.397959184,0.5,0.6,0.666666667,0.285714286,0.2,1,0,0.951219512
0,0.068493151,0.007226095,0.6,0,0,0.193877551,0.875,1,0.5,0.928571429,0.8,1,1,0.951219512
0,0.890410959,0.114759,0.533333333,0,0,0.112244898,0.75,0.733333333,0,0.285714286,0.2,1,1,0.951219512
0,0.575342466,0.140138623,0.266666667,0,0,0.5,0.5,0.4,0.333333333,0.214285714,0,1,1,0.951219512
0,0.164383562,0.126657263,0.666666667,0,0,0.397959184,0.5,0.533333333,0.666666667,0.571428571,0.2,0.5,1,0.951219512
1,0.397260274,0.127488051,0.866666667,0,0,0.5,0.25,0.8,0.333333333,0.714285714,0,1,1,0.951219512
0,0.219178082,0.074923805,0.533333333,0,0,0.397959184,0.5,0.733333333,0.5,0.071428571,0.8,0,1,0.951219512
0,0.328767123,0.064264959,0.666666667,0,0,0.448979592,0.5,0.533333333,0.666666667,0.714285714,0.2,1,0,0.951219512
0,0.369863014,0.119101694,0.6,0,0,0.418367347,0.5,1,0,0.285714286,0.8,1,0,0.951219512
0,0.178082192,0.106417972,0.533333333,0,0,0.346938776,0.5,0.733333333,0.666666667,0.857142857,0.6,1,0,0.951219512
0,0.068493151,0.068535263,0.6,0,0.399678604,0.295918367,0.5,1,0.666666667,0.571428571,0.6,1,0,0.951219512
0,0.273972603,0.129585993,0.533333333,0,0,0.397959184,0.5,0.733333333,0,0.5,0.8,1,1,0.951219512
0,0.315068493,0.09348799,0.733333333,0,0,0.397959184,0.5,0.466666667,0,0.571428571,0.2,1,0,0.951219512
0,0.150684932,0.026842296,0.6,0,0,0.234693878,0.5,1,0.666666667,0.928571429,0.6,0.5,1,0.951219512
0,0.136986301,0.205230987,0.866666667,0,0,0.193877551,0.5,0.8,0.666666667,0.714285714,0.2,0.25,1,0.073170732
0,0.369863014,0.169404275,0.533333333,0,0.345270891,0.448979592,0.5,0.733333333,0,0.071428571,0.2,1,0,0.951219512
0,0.095890411,0.139632573,0.6,0,0,0.489795918,0.5,1,0.666666667,0.857142857,0.2,1,1,0.951219512
0,0.164383562,0.064059292,0.866666667,0,0,0.346938776,0.875,0.8,0.666666667,0.714285714,0.2,1,0,0.951219512
0,0.287671233,0.092800628,0.533333333,0,0,0.397959184,0.875,0.733333333,0.666666667,0.571428571,0.8,0.5,0,0.951219512
0,0.246575342,0.172849203,0.533333333,0,0,0.295918367,0.75,0.733333333,0.666666667,0.571428571,0.4,1,0,0.951219512
0,0.424657534,0.09079943,0.533333333,0,0,0.367346939,0.5,0.733333333,1,0.857142857,0.8,1,0,0.951219512
1,0.260273973,0.140922729,0.733333333,0,0,0.5,0.5,0.466666667,0.333333333,0.285714286,0,1,1,0.951219512
0,0.082191781,0.122245563,0.533333333,0,0,0.397959184,0.5,0.733333333,0.333333333,0.428571429,0,1,1,0.951219512
0,0.178082192,0.26793788,0,0,0,0.397959184,0.5,0.866666667,0.5,0.428571429,0.8,1,1,0.634146341
1,0.246575342,0.117530774,0.533333333,0,0,0.397959184,0.5,0.733333333,0.333333333,0.214285714,0,1,1,0.951219512
0,0.835616438,0.113627154,0.866666667,0,0,0.397959184,0.5,0.8,1,0.214285714,0.8,0.25,1,0.853658537
0,0.02739726,0.16984673,0.533333333,0,0,0.193877551,0.5,0.733333333,0.666666667,0.428571429,0.6,1,1,0.951219512
0,0.178082192,0.176012015,0.8,0,0,0.397959184,0.5,0.6,0.666666667,0.071428571,0.2,1,0,0.951219512
0,0.123287671,0.132491044,0.6,0,0,0.448979592,0.5,1,0,0.428571429,0.2,1,1,0.951219512
0,0.301369863,0.469445882,0.8,0,0,0.397959184,0.5,0.6,0,0.857142857,0.8,1,0,0.951219512
0,0.232876712,0.135157955,0.533333333,0.074430744,0,0.346938776,0.5,0.733333333,0.833333333,0.071428571,0.8,1,0,0.951219512
0,0.068493151,0.103250424,0.4,0,0,0.397959184,0.5,0.066666667,0.666666667,0.214285714,0.4,1,1,0.951219512
1,0.315068493,0.208485808,0.8,0,0,0.397959184,0.5,0.6,0.333333333,0.928571429,0,0.25,1,0
0,0.164383562,0.112638732,0.6,0,0,0.397959184,0.5,1,0.666666667,0.571428571,0.2,1,1,0.951219512
0,0.219178082,0.132221106,0.866666667,0,0,0.397959184,0.125,0.8,0.666666667,0.714285714,0.2,0.25,1,0
0,0.178082192,0.381810617,0.8,0,0,0.397959184,0.875,0.6,0.333333333,0.785714286,0,0.5,1,0.951219512
0,0.095890411,0.123104089,0.8,0,0,0.397959184,0.5,0.6,0.666666667,0.857142857,0.2,1,1,0.951219512
1,0.397260274,0.108894098,0.6,0.051780518,0,0.397959184,0.5,1,0.333333333,0.928571429,0,1,1,0.951219512
0,0.054794521,0.132356413,0.6,0,0,0.142857143,0.5,1,0.5,0.071428571,0.6,1,0,0.951219512
0,0.205479452,0.063767704,0.133333333,0,0,0.397959184,0.5,0.266666667,0.333333333,0.571428571,0.4,1,1,0.951219512
0,0.315068493,0.151177682,0.733333333,0,0,0.448979592,0.5,0.466666667,0,0.285714286,0.8,1,1,0.951219512
0,0.01369863,0.045011383,0.533333333,0,0,0.193877551,0.5,0.733333333,0.666666667,0.071428571,0.6,1,0,0.951219512
0,0.02739726,0.089219039,0.533333333,0,0,0.295918367,0.5,0.733333333,0.666666667,1,0.6,1,1,0.951219512
0,0.260273973,0.191045352,0.8,0,0,0.397959184,0.75,0.6,0.333333333,0.285714286,1,1,0,0.951219512
1,0.438356164,0.066975168,0.2,0.043860439,0,1,0,0.333333333,0.333333333,0,0,1,1,0.951219512
0,0.02739726,0.087782074,0.4,0,0,0.295918367,0.5,0.066666667,0.666666667,0.428571429,0.6,1,1,0.951219512
0,0.465753425,0.222758716,0.6,0,0,0.397959184,0.875,1,0,0.071428571,0.2,1,0,0.951219512
0,0.547945205,0.023606418,0.133333333,0,0,0.397959184,0.5,0.266666667,0,0.571428571,0.2,1,0,0.951219512
0,0.520547945,0.098337409,0.266666667,0,0,0.581632653,0.75,0.4,0.333333333,0.857142857,0,1,1,0.951219512
0,0.095890411,0.205770864,0.133333333,0,0,0.397959184,0.5,0.266666667,0.666666667,0.5,0.4,1,1,0.634146341
1,0.397260274,0.02101528,0.933333333,0.150241502,0,0.551020408,0.75,0.933333333,0.333333333,0.285714286,0,1,1,0.951219512
0,0.04109589,0.103383025,0.533333333,0,0,0.397959184,0.5,0.733333333,0.666666667,0.214285714,0.2,1,1,0.951219512
0,0,0.271475494,0.266666667,0,0,0.397959184,0.625,0.4,0.666666667,0.857142857,0.6,1,0,0.951219512
0,0.082191781,0.117975259,0.6,0,0,0.397959184,0.5,1,0.666666667,0.5,0.2,1,1,0.951219512
0,0.616438356,0.099578856,0.533333333,0,0,0.5,0.5,0.733333333,0.333333333,0.5,0,1,1,0.951219512
0,0.356164384,0.044032433,0.533333333,0,0,0.397959184,0.125,0.733333333,0.333333333,1,0,1,1,0.951219512
0,0.424657534,0.167190645,0.933333333,0,0,0.193877551,0.75,0.933333333,0.333333333,0.857142857,0,1,1,0.951219512
1,0.301369863,0.074465113,0.8,0,0,0.448979592,0.875,0.6,0.333333333,0.714285714,0,1,1,0.951219512
0,0.506849315,0.225780132,0.6,0,0,0.397959184,0.5,1,0.333333333,0.214285714,1,1,0,0.951219512
0,0.315068493,0.15136576,0.6,0,0,0.397959184,0.5,1,0.333333333,1,0,1,1,0.951219512
0,0.452054795,0.128019809,0.533333333,0,0,0.397959184,0.875,0.733333333,0,0.071428571,0.6,1,0,0.951219512
0,0.178082192,0.158899003,0.533333333,0,0,0.397959184,0.5,0.733333333,0.666666667,1,0.6,0.5,1,0.951219512
0,0.095890411,0.211536315,0.733333333,0,0,0.295918367,0.5,0.466666667,0.666666667,0.071428571,0.2,1,1,0.951219512
0,0.191780822,0.165658964,0.8,0,0,0.346938776,0.5,0.6,1,0.714285714,0.6,1,1,0.951219512
1,0.424657534,0.072515332,1,0,0,0.397959184,0.5,0.666666667,0.333333333,0.714285714,0,0.25,1,0.463414634
0,0.698630137,0.14874756,0.6,0.023460235,0,0.397959184,0.125,1,0,0.071428571,0.4,0.5,0,0.951219512
0,0,0.007986523,0.533333333,0,0,0.346938776,0.5,0.733333333,0.666666667,0.285714286,0.6,1,0,0.951219512
0,0.260273973,0.114618957,0.4,0,0,0.397959184,0.5,0.066666667,0.333333333,1,0,1,1,0.951219512
1,0.301369863,0.108680312,0.733333333,0.150241502,0,0.5,0.625,0.466666667,0.333333333,0.714285714,0,1,1,0.951219512
0,0.136986301,0.160359647,0.533333333,0,0,0.602040816,0.5,0.733333333,0.333333333,0.857142857,0,1,1,0.951219512
0,0.054794521,0.073093771,0.6,0,0,0.397959184,0.5,1,0.666666667,0.071428571,0.6,1,0,0.951219512
0,0.150684932,0.127791139,0.4,0,0,0.397959184,0.5,0.066666667,0.666666667,0.5,0.2,0.5,1,0.951219512
0,0.397260274,0.136204558,0.2,0,0.365932048,0.234693878,0.5,0.333333333,0.5,0.642857143,0.8,1,0,0.317073171
1,0.205479452,0.130085954,0.8,1,0,0.602040816,0.5,0.6,0.333333333,0.857142857,0,1,1,0.951219512
0,0.438356164,0.076984538,0.533333333,0,0,0.346938776,0.75,0.733333333,0.333333333,0.285714286,0,1,1,0.951219512
1,0.246575342,0.059596175,0.733333333,0,0.433195592,0.448979592,0.5,0.466666667,0.333333333,0.857142857,0,1,1,0.951219512
1,0.589041096,0.229935425,0.933333333,0,0,0.397959184,0.875,0.933333333,0.333333333,0.714285714,0,1,1,0.951219512
1,0.232876712,0.090572114,0.8,0,0,0.602040816,0.5,0.6,0.333333333,0.714285714,0,1,1,0.951219512
1,0.054794521,0.218070313,0.6,1,0,0.397959184,0.5,1,0.666666667,0.785714286,0.2,0.5,0,0.951219512
0,0.232876712,0.148129882,0.266666667,0,0,0.397959184,0.5,0.4,0.833333333,0.357142857,0.8,0.5,1,0.951219512
0,0.452054795,0.040134902,0.333333333,0,0,0.602040816,0.75,0,0.333333333,0.285714286,0,1,1,0.951219512
0,0.095890411,0.051850499,0.533333333,0,0,0.448979592,0.5,0.733333333,0.666666667,0.928571429,0.2,1,1,0.951219512
0,0.424657534,0.087407272,0.6,0,0,0.397959184,0.5,1,0,0.285714286,0.8,1,0,0.951219512
0,0.356164384,0.067795131,0.533333333,0,0,0.448979592,0.5,0.733333333,0,1,0.2,1,1,0.951219512
0,0.04109589,0.230638347,0.533333333,0,0,0.346938776,0.5,0.733333333,0.666666667,0.214285714,0.2,1,1,0.951219512
0,0.287671233,0.061018933,0.533333333,0,0,0.397959184,0.5,0.733333333,0.666666667,0.285714286,0.2,1,0,0.951219512
0,0.068493151,0.221858245,0.6,0,0,0.193877551,0.5,1,0.666666667,0.857142857,0.2,1,0,0.951219512
0,0.178082192,0.237472051,0.533333333,0,0,0.724489796,0.5,0.733333333,0.666666667,0.428571429,0.8,0.5,1,0.951219512
0,0.02739726,0.101974474,0.6,0,0,0.193877551,0.5,1,0.666666667,0.5,0.6,1,0,0.951219512
0,0.493150685,0.139384283,0.533333333,0,0,0.346938776,0.5,0.733333333,0,0.857142857,0.2,1,0,0.951219512
0,0.04109589,0.219073617,0.6,0,0,0.295918367,0.5,1,0.666666667,0.571428571,0.2,1,0,0.951219512
0,0.04109589,0.190405347,0.6,0,0,0.397959184,0.5,1,0.666666667,0.214285714,0.2,1,1,0.951219512
1,0.657534247,0.210640579,0.8,0.106051061,0,0.397959184,0.625,0.6,0.333333333,0.857142857,0,1,1,0.951219512
0,0.219178082,0.089752151,0.533333333,0,0,0.397959184,0.5,0.733333333,0.666666667,0.428571429,0.2,1,1,0.951219512
1,0.136986301,0.008594054,0.666666667,0,0.359044995,0.724489796,0.25,0.533333333,0.666666667,0.928571429,0.2,1,0,0.951219512
0,0.301369863,0.166260406,0.866666667,0,0,0.397959184,0.5,0.8,0.666666667,0.071428571,0.2,1,1,0
0,0.287671233,0.006738312,0.6,0,0,0.5,0.5,1,0,0.285714286,0.2,1,1,0.951219512
0,0.191780822,0.142699993,0.2,0,0,0.5,0.5,0.333333333,0.666666667,0.428571429,0.6,1,1,0.951219512
1,0.356164384,0.218322661,0.6,0.049340493,0,0.510204082,0.5,1,0.833333333,1,0.8,1,1,0.951219512
0,0.01369863,0.260684047,0.533333333,0,0,0.397959184,0.5,0.733333333,0.666666667,0.214285714,0.6,1,1,0.951219512
0,0.205479452,0.067900671,0.533333333,0,0,0.397959184,0.25,0.733333333,0.333333333,0.785714286,0,1,1,0.951219512
0,0.616438356,0.111307983,0.533333333,0,0,0.397959184,0.5,0.733333333,0.333333333,0.214285714,0,1,1,0.951219512
0,0.575342466,0.058754562,0.533333333,0,0,0.173469388,0.5,0.733333333,1,0.714285714,0.2,1,0,0.951219512
0,0.342465753,0.064010581,0.666666667,0,0,0.397959184,0.5,0.533333333,0.666666667,0.928571429,0.2,1,1,0.951219512
1,0.410958904,0.108562595,0.533333333,0,0,0.857142857,0.5,0.733333333,0.333333333,1,0,1,1,0.951219512
0,0.232876712,0.145183561,0.533333333,0,0,0.397959184,0.5,0.733333333,0,0.214285714,0.2,1,1,0.951219512
0,0.150684932,0.11592738,0.8,0,0,0.204081633,0.5,0.6,0.666666667,0.071428571,0.2,1,1,0.951219512
0,0.082191781,0.135693772,0.733333333,0,0,0.346938776,0.25,0.466666667,0.666666667,0.785714286,0.6,0.5,0,0.951219512
0,0.589041096,0.075050317,0.6,0,0,0.397959184,0.625,1,0.333333333,0.285714286,0,1,1,0.951219512
0,0.04109589,0.177978033,0.666666667,0,0,0.244897959,0.5,0.533333333,0.666666667,0.928571429,0.6,1,0,0.951219512
0,0.246575342,0.016226748,0.533333333,0,0,0.602040816,0.5,0.733333333,0,0.214285714,0.2,1,1,0.951219512
0,0.616438356,0.04099884,0.8,0,0,0.397959184,0.5,0.6,0.333333333,0.285714286,0,1,1,0.951219512
0,0.232876712,0.04662763,0.533333333,0,0,0.397959184,0.5,0.733333333,0,0.428571429,0.2,0.5,1,0.951219512
0,0.232876712,0.061276017,0.533333333,0,0,0.397959184,0.5,0.733333333,0.833333333,0.071428571,0.8,1,1,0.951219512
0,0.506849315,0.183639297,0.866666667,0,0,0.397959184,0.5,0.8,0,0.857142857,0.2,1,0,0.951219512
0,0.479452055,0.121627884,0.6,0,0,0.397959184,0.125,1,0.833333333,0.285714286,0.2,1,0,0.951219512
0,0.109589041,0.058717353,0.8,0.02597026,0,0.5,0.875,0.6,0.666666667,0.571428571,0.2,1,0,0.951219512
0,0.301369863,0.142238594,0.6,0,0.365013774,0.397959184,0.875,1,0.666666667,0.714285714,0.2,0.5,0,0.951219512
0,0.082191781,0.01048024,0.6,0,0,0.234693878,0.5,1,0.333333333,1,0,1,1,0.951219512
1,0.219178082,0.098877963,0.533333333,0,0,0.551020408,0.5,0.733333333,0.333333333,0.857142857,0,1,1,0.951219512
1,0.465753425,0.069326812,0.4,0,0,0.479591837,0.5,0.066666667,0.333333333,0.5,0,1,1,0.951219512
0,0.150684932,0.070129861,1,0,0,0.173469388,0.5,0.666666667,0.666666667,0.071428571,0.6,1,1,0.951219512
0,0.506849315,0.108243269,0.533333333,0,0.470844812,0.5,0.5,0.733333333,0.333333333,1,0,1,1,0.951219512
1,0.315068493,0.049059782,0.8,0.076880769,0,0.397959184,0.5,0.6,0.333333333,0.285714286,0,1,1,0.951219512
0,0.164383562,0.069355903,0.6,0,0,0.397959184,0.5,1,0.333333333,0.285714286,0,1,1,0.951219512
0,0.232876712,0.049434584,0.8,0,0,0.397959184,0.5,0.6,0.666666667,0.071428571,0.6,1,1,0.951219512
0,0.465753425,0.006676747,0.6,0,0,0.397959184,0.75,1,0,0.071428571,0.2,1,1,0.951219512
0,0.068493151,0.109718121,0.8,0,0,0.397959184,0.5,0.6,0.666666667,0.071428571,0.2,1,0,0.951219512
0,0.136986301,0.106671673,0.133333333,0,0,0.397959184,0.5,0.266666667,0.666666667,0.214285714,0.6,1,1,0
0,0.315068493,0.180902027,0.6,0,0,0.448979592,0.5,1,0,0.285714286,0.2,1,1,0.951219512
1,0.534246575,0.063118905,0.6,0,0,0.448979592,0.5,1,0.333333333,0.571428571,0,1,1,0.951219512
0,0.616438356,0.019912524,0.333333333,0,0,0.346938776,0.5,0,0.333333333,0.857142857,0,1,1,0.951219512
0,0.04109589,0.148125146,0.6,0,0,0.295918367,0.5,1,0.666666667,0.857142857,0.2,1,1,0.951219512
0,0.136986301,0.069786857,0.6,0,0,0.397959184,0.5,1,0.666666667,0.428571429,0.6,1,1,0.951219512
1,0.397260274,0.132189985,0.8,0,0,0.397959184,0.25,0.6,0.333333333,0.785714286,0,1,1,0.951219512
1,0.273972603,0.011344855,0.6,0,0,0.418367347,0.125,1,0.333333333,0.071428571,0,1,1,0.951219512
0,0.452054795,0.088927452,0.8,0,0,0.806122449,0.75,0.6,0.333333333,0.357142857,0,1,1,0.951219512
0,0.123287671,0.042871495,0.533333333,0,0,0.397959184,0.75,0.733333333,0.333333333,0.285714286,0,1,1,0.292682927
1,0.095890411,0.325244653,0.533333333,0.135501355,0,0.5,0.625,0.733333333,0.666666667,0.571428571,0.2,0.5,1,0.951219512
0,0.410958904,0.100023341,0.6,0,0,0.397959184,0.75,1,0,0.214285714,0.2,1,1,0.951219512
1,0.356164384,0.053902437,0.8,0,0,0.448979592,0.5,0.6,0.333333333,0.285714286,0,1,1,0.951219512
0,0.561643836,0.133371219,0.066666667,0,0,0.37755102,0.5,0.2,0.333333333,0.571428571,0,1,1,0.12195122
0,0.095890411,0.137443974,0.533333333,0,0,0.397959184,0.5,0.733333333,0.833333333,0.571428571,0.2,1,1,0.951219512
0,0.219178082,0.067703122,0.6,0,0,0.316326531,0.5,1,0.666666667,0.571428571,0.2,1,1,0.951219512
0,0.02739726,0.197791106,0.6,0,0,0.193877551,0.5,1,0.666666667,0.857142857,0.6,1,1,0.951219512
0,0.657534247,0.009963366,0.2,0,0,0.5,1,0.333333333,1,0.357142857,0.8,1,0,0.951219512
0,0.150684932,0.089978791,0.6,0,0,0.397959184,0.5,1,0.666666667,0.071428571,0.2,1,1,0.951219512
0,0.397260274,0.211293438,0.066666667,0,0,0.397959184,0.5,0.2,0.833333333,0.5,0.6,1,0,0.317073171
1,0.369863014,0.1098629,0.533333333,0,0,0.397959184,0.875,0.733333333,0.333333333,0.714285714,1,1,0,0.951219512
0,0.232876712,0.098608701,0.8,0,0,0.448979592,0.5,0.6,0.666666667,0.285714286,0.2,1,0,0.951219512
0,0.315068493,0.090909029,0.733333333,0,0,0.397959184,0.5,0.466666667,0.666666667,0.714285714,0.2,1,1,0.951219512
0,0.178082192,0.191765864,0.533333333,0,0,0.397959184,0.25,0.733333333,0.333333333,0.714285714,0,1,1,0.951219512
1,0.465753425,0.152525345,0.533333333,0.03103031,0,0.397959184,0.5,0.733333333,0.333333333,0.428571429,0,1,1,0.951219512
0,0.616438356,0.083910251,0.6,0,0,0.397959184,0.5,1,0.333333333,0.071428571,1,1,0,0.951219512
0,0.287671233,0.057131549,0.266666667,0,0,0.602040816,0.5,0.4,0.333333333,0.357142857,0,1,1,0.634146341
1,0.493150685,0.2454809,0.6,0,0,0.602040816,0.5,1,0.333333333,0.857142857,0,1,1,0.951219512
1,0.369863014,0.108070752,0.533333333,0,0,0.397959184,0.5,0.733333333,0.333333333,0.857142857,0,0.5,1,0.951219512
0,0.246575342,0.105137963,0.533333333,0,0,0.193877551,0.5,0.733333333,0.666666667,0.428571429,0.6,1,0,0.951219512
1,0.452054795,0.167623629,0.8,0.150201502,0,0.397959184,0.5,0.6,0,0.285714286,0.8,1,1,0.951219512
0,0.356164384,0.072397615,0.533333333,0,0,0.397959184,0.5,0.733333333,0.333333333,0.571428571,0,1,1,0.951219512
0,0.301369863,0.08616515,0.6,0,0,0.56122449,0.5,1,0,0.285714286,0.8,1,0,0.951219512
0,0.054794521,0.085602947,0.533333333,0,0,0.193877551,0.5,0.733333333,0.666666667,0.428571429,0.6,0.5,1,0.951219512
0,0.219178082,0.099858942,0.4,0,0,0.397959184,0.5,0.066666667,0.333333333,0.214285714,0,1,1,0.951219512
0,0.287671233,0.065395453,0.533333333,0.021740217,0,0.397959184,0.5,0.733333333,0,0.5,0.2,1,1,0.951219512
0,0.616438356,0.171672705,0.6,0,0,0.397959184,0,1,0.333333333,0,0,1,1,0.951219512
0,0.273972603,0.210899693,0.733333333,0,0,0.397959184,0.5,0.466666667,0.666666667,0.071428571,0.2,1,0,0.951219512
0,0.328767123,0.075242454,0.6,0,0,0.397959184,0.75,1,0.666666667,0.857142857,0.6,1,1,0.951219512
0,0.643835616,0.014245847,0.6,0,0,0.397959184,0.875,1,0,0.071428571,0.2,1,0,0.951219512
0,0.150684932,0.017606208,0.8,0.068490685,0,0.397959184,0.875,0.6,0.666666667,0.714285714,0.6,1,1,0.951219512
0,0.397260274,0.090669535,0.6,0,0,0.479591837,0.875,1,0,0.928571429,0.2,0.75,0,0.951219512
0,0.04109589,0.017704982,0.333333333,0,0,0.397959184,0.5,0,0.666666667,0.571428571,0.2,1,1,0.951219512
0,0.191780822,0.088213705,0.6,0,0,0.397959184,0.5,1,0.666666667,0.285714286,0.6,1,1,0.951219512
0,0.109589041,0.089313754,0.6,0,0,0.418367347,0.5,1,0.666666667,0.857142857,0.6,1,1,0.951219512
0,0.342465753,0.128476472,0.6,0,0.399678604,0.5,0.5,1,0,0.285714286,0.2,1,0,0.951219512
0,0.369863014,0.012831207,0.2,0,0,0.397959184,0.25,0.333333333,0,0.428571429,0.2,1,1,0.951219512
0,0.01369863,0.022346705,0.4,0,0,0.193877551,0.5,0.066666667,0.666666667,0.571428571,0.6,1,0,0.951219512
0,0.698630137,0.354151741,0.6,0,0.423324151,0.091836735,0.5,1,0.333333333,0.071428571,0,1,1,0.951219512
1,0.602739726,0.12348092,0,0.143441434,0,0.397959184,0.5,0.866666667,0.833333333,1,0.2,0.5,1,0.951219512
1,0.287671233,0.006738312,0.6,0,0,0.397959184,0.5,1,0.333333333,0.285714286,0,1,1,0.951219512
1,0.150684932,0.419756244,0.866666667,0,0,0.602040816,0.5,0.8,0.333333333,0.857142857,0,1,1,0.951219512
0,0.123287671,0.340122386,0.333333333,0,0,0.397959184,0.5,0,0.333333333,0.428571429,1,1,0,0.951219512
0,0.602739726,0.145255274,0.533333333,0.048650487,0,0.397959184,0,0.733333333,0,0,0.2,1,1,0.951219512
1,0.287671233,0.089048552,0.733333333,0,0,0.397959184,0.5,0.466666667,0.333333333,0.714285714,0,1,1,0.951219512
0,0.383561644,0.061099441,0.533333333,0,0,0.346938776,0.5,0.733333333,1,0.071428571,0.8,1,0,0.951219512
0,0.315068493,0.044169094,0.6,0,0,0.397959184,0.5,1,0,0.857142857,0.8,0.25,0,0.951219512
0,0.287671233,0.027970084,0.666666667,0,0,0.346938776,0.75,0.533333333,0,0.285714286,0.8,1,1,0.951219512
0,0.301369863,0.063275185,0.533333333,0.039080391,0,0.724489796,0.5,0.733333333,0.333333333,0.214285714,0,1,1,0.951219512
1,0.260273973,0.220208171,0.6,0,0,0.602040816,0.625,1,0.333333333,0.285714286,0,1,1,1
0,0.342465753,0.125319748,0.6,0,0,0.397959184,0.5,1,0.833333333,0.5,0.8,0.5,0,0.951219512
1,0.219178082,0.116095162,0.533333333,0,0.436639118,0.459183673,0.5,0.733333333,0.333333333,0.214285714,0,0.5,1,0.951219512
0,0.164383562,0.135176221,0.6,0,0,0.397959184,0.5,1,0,0.785714286,0.2,1,1,0.951219512
1,0.452054795,0.100907575,0.533333333,0,0,0.5,0.5,0.733333333,0.333333333,0.285714286,0,1,1,0.951219512
0,0.109589041,0.038942843,0.8,0,0,0.397959184,0.5,0.6,0.666666667,0.071428571,0.6,0.25,0,0.951219512
0,0.082191781,0.007931047,0.6,0,0.394628099,0.397959184,0,1,0.666666667,0,0.6,1,1,0.951219512
1,0.589041096,0.096273971,0.533333333,0.03103031,0,0.346938776,0.5,0.733333333,0.333333333,0.214285714,0,1,1,0.951219512
0,0.342465753,0.072336726,0.533333333,0,0,0.479591837,0.75,0.733333333,0.666666667,0.285714286,0.2,1,1,0.951219512
0,0,0.02199017,0.6,0,0,0.142857143,0,1,0.666666667,0,0.6,1,1,0.951219512
0,0.219178082,0.110361508,0.266666667,0.001140011,0,0.551020408,0.5,0.4,0,0.214285714,0.8,1,1,0.951219512
0,0.301369863,0.105951837,0.6,0,0,0.397959184,0.5,1,0.666666667,0.071428571,0.2,1,0,0.951219512
0,0.246575342,0.172084039,0.533333333,0,0,0.397959184,0.5,0.733333333,0.333333333,0.214285714,0,1,1,0.951219512
1,0.506849315,0.172052242,0.8,0,0,0.397959184,0.5,0.6,0.333333333,0.214285714,0,1,1,0.951219512
0,0.109589041,0.133825853,0.4,0,0,0.397959184,0.5,0.066666667,0.5,0.428571429,0.2,1,0,0.634146341
0,0.164383562,0.039768218,0.933333333,0,0,0.551020408,0.5,0.933333333,0.666666667,0.714285714,0.2,1,0,0.951219512
0,0.123287671,0.084341205,0.533333333,0,0,0.397959184,0.5,0.733333333,0.833333333,0.5,0.8,0.5,0,0.951219512
0,0.246575342,0.195741874,0.533333333,0,0,0.602040816,0.5,0.733333333,0.333333333,0.571428571,0,1,1,0.951219512
0,0.02739726,0.14538314,0.4,0,0,0.244897959,0.5,0.066666667,0.666666667,0.857142857,0.2,1,0,0.951219512
1,0.232876712,0.150063425,0.733333333,0,0,0.397959184,0.25,0.466666667,0.333333333,0.714285714,0,1,1,0.951219512
0,0.410958904,0.169763516,0.8,0,0,0.806122449,0.875,0.6,0.333333333,0.071428571,0,1,1,0.951219512
1,0.178082192,0.097238713,0.6,0,0,0.448979592,0.5,1,0.333333333,0.285714286,0,1,1,0.951219512
1,0.164383562,0.060916099,0.8,0,0,0.397959184,0.75,0.6,0.333333333,0.285714286,0,1,1,0.951219512
0,0.150684932,0.235393728,0.533333333,0,0,0.5,0.5,0.733333333,0.333333333,1,0,1,1,0.951219512
0,0.534246575,0.098337409,0.6,0,0,0.5,0.5,1,0.333333333,0.214285714,0,1,1,0.951219512
0,0.123287671,0.235412671,0.733333333,0,0,0.397959184,0.5,0.466666667,0.333333333,0.071428571,1,1,0,0.951219512
0,0.054794521,0.167256946,0.533333333,0,0,0.357142857,0.5,0.733333333,0.666666667,0.428571429,0.6,1,1,0.951219512
0,0.575342466,0.092387264,0.533333333,0,0,0.397959184,0.5,0.733333333,0,0.5,0.2,1,0,0.951219512
0,0.136986301,0.126436035,0.533333333,0,0,0.397959184,0.25,0.733333333,0.333333333,0.785714286,1,1,0,0.951219512
0,0.219178082,0.261541896,0.8,0,0,0.397959184,0.75,0.6,0.666666667,0.928571429,0.6,1,1,0.951219512
1,0.589041096,0.068991926,0.8,0,0,0.397959184,0.5,0.6,0,0.285714286,0.2,1,0,0.43902439
0,0.068493151,0.180470396,0.6,0,0,0.091836735,0.5,1,0.666666667,0.428571429,0.6,0.5,1,0.951219512
1,0.178082192,0.116866414,0.8,0,0,0.397959184,0.5,0.6,0.333333333,0.714285714,0,1,1,0.951219512
0,0.342465753,0.101289818,0.533333333,0,0,0.551020408,0.5,0.733333333,0,0.5,0.2,1,1,0.951219512
0,0.479452055,0.086422234,0.533333333,0,0,0.193877551,0.25,0.733333333,1,0.571428571,0.2,1,0,0.951219512
0,0.123287671,0.12955149,0.6,0,0,0.367346939,0.5,1,0.666666667,0.857142857,0.2,0.5,0,0.951219512
0,0.438356164,0.159049194,0.6,0,0,0.193877551,0.875,1,0,0.714285714,0.2,1,0,0.951219512
1,0.246575342,0.09615287,0.8,0,0,0.5,0.5,0.6,0.333333333,0.285714286,0,1,1,0.951219512
0,0.493150685,0.011464602,0.2,0,0,0.346938776,0,0.333333333,0.333333333,0,0,1,1,0.951219512
0,0.575342466,0.101680181,0.533333333,0,0,0.346938776,0.5,0.733333333,0.666666667,0.214285714,0.4,1,0,0.951219512
0,0.465753425,0.180748453,0.133333333,0,0,0.704081633,0.5,0.266666667,0.333333333,0.357142857,0,1,1,0.634146341
1,0.397260274,0.009206997,1,0,0,0.397959184,0.5,0.666666667,0,0.714285714,0.2,0.25,1,0.463414634
0,0.493150685,0.099850824,0.533333333,0.03103031,0,0.724489796,0.75,0.733333333,0.333333333,0.214285714,0,0.5,1,0.951219512
0,0.082191781,0.139147495,0.6,0,0,0.142857143,0.5,1,0.666666667,0.428571429,0.6,1,1,0.951219512
0,0.178082192,0.211823843,0.866666667,0,0,0.5,0.25,0.8,0.666666667,0.714285714,0.2,1,1,0.951219512
0,0.164383562,0.013107235,0.6,0.02202022,0,0.448979592,0.5,1,0.666666667,0.214285714,0.2,1,1,0.951219512
0,0.04109589,0.165044668,0.533333333,0,0,0.295918367,0.5,0.733333333,0.666666667,0.571428571,0.6,1,1,0.951219512
0,0.109589041,0.137093528,0.333333333,0,0,0.397959184,0,0,0.666666667,0,0.6,0.5,1,0.951219512
0,0.273972603,0.135796606,0.666666667,0,0,0.397959184,0.5,0.533333333,0.333333333,0.714285714,0,1,1,0.585365854
0,0.301369863,0.093207903,0.333333333,0,0,0.397959184,0.5,0,0.833333333,0.5,0.6,1,1,0.951219512
0,0.328767123,0.115068855,0.733333333,0,0,0.397959184,0.5,0.466666667,0,0.214285714,0.6,1,1,0.951219512
0,0.561643836,0.099272384,0.266666667,0,0,0.397959184,0.875,0.4,0.333333333,0.357142857,0,1,1,0.951219512
1,0.452054795,0.122747553,0.8,0.076880769,0,0.397959184,0.5,0.6,0.333333333,0.857142857,0,1,1,0.951219512
1,0.493150685,0.263667577,0.533333333,0,0,0.520408163,0.5,0.733333333,0.333333333,0.428571429,0,1,1,0.951219512
0,0.164383562,0.065982011,0.8,0,0,0.397959184,0.5,0.6,0.666666667,0.428571429,0.6,1,1,0.951219512
0,0.534246575,0.083977228,0.066666667,0,0,0.397959184,0.5,0.2,0.333333333,0.214285714,0,1,1,0.951219512
0,0.246575342,0.118670063,0.533333333,0,0,0.397959184,0.5,0.733333333,0.666666667,0.5,0.6,1,1,0.951219512
1,0.301369863,0.101538108,0.8,0,0,0.397959184,0.5,0.6,0.333333333,0.285714286,0,1,1,0.951219512
0,0.068493151,0.236330056,0.533333333,0,0,0.397959184,0.5,0.733333333,0.666666667,0.071428571,0.2,1,0,0.951219512
0,0.068493151,0.017325445,0.533333333,0,0,0.346938776,0.5,0.733333333,0.833333333,0.571428571,0.4,1,1,0.951219512
0,0.01369863,0.182884282,0.133333333,0,0,0.295918367,0.5,0.266666667,0.666666667,0.428571429,0.4,1,1,0.390243902
1,0.479452055,0.074910274,0.6,0,0,0.448979592,0.5,1,0.333333333,0.285714286,0,1,1,0.951219512
0,0.342465753,0.223649716,0.533333333,0,0,0.397959184,0.5,0.733333333,0.333333333,0.857142857,0,1,1,0.951219512
0,0.301369863,0.036085826,0.2,0,0,0.479591837,0.5,0.333333333,0.333333333,0.428571429,0,1,1,0.951219512
0,0.712328767,0.089007959,0.4,0,0,0.193877551,0.125,0.066666667,1,0.071428571,0.2,1,0,0.951219512
1,0.589041096,0.219132476,0.933333333,0,0.554407713,0.806122449,0.625,0.933333333,0.333333333,0.714285714,0,1,1,0.951219512
0,0.232876712,0.05939592,0.8,0,0,0.551020408,0.75,0.6,0.333333333,0.857142857,0,0.25,1,0.463414634
0,0.753424658,0.017640711,0.533333333,0,0,0.153061224,0.5,0.733333333,1,0.571428571,0.8,1,0,0.951219512
1,0.561643836,0.215943279,0.533333333,0,0,0.193877551,0.75,0.733333333,0.333333333,0.071428571,1,1,0,0.951219512
1,0.246575342,0.060815972,0.6,0,0,0.479591837,0.5,1,0.333333333,0.857142857,0,1,1,0.951219512
1,0.479452055,0.065373127,0.533333333,0,0,0.397959184,0.5,0.733333333,0.333333333,0.857142857,0,1,1,0.951219512
0,0.397260274,0.08998285,0.6,0,0,0.397959184,0.5,1,0.333333333,0.214285714,0,1,1,0.951219512
1,0.232876712,0.222422477,0.866666667,0,0,0.5,0.125,0.8,0.333333333,0.071428571,0,1,1,0.951219512
0,0.452054795,0.057839207,0.533333333,0,0,0.397959184,0.875,0.733333333,0.333333333,0.785714286,0,1,1,0.951219512
0,0.452054795,0.06092963,0.533333333,0,0,0.357142857,0.5,0.733333333,0,0.071428571,0.8,1,0,0
0,0.246575342,0.161561178,0.866666667,0,0,0.37755102,0.5,0.8,0.333333333,0.071428571,0,1,1,0.804878049
0,0.315068493,0.105423462,0.533333333,0,0,0.397959184,0.5,0.733333333,0.333333333,0.214285714,0,1,1,0.951219512
0,0.547945205,0.023904771,0.733333333,0,0,0.397959184,0.5,0.466666667,0,0.714285714,0.2,0.5,0,0.951219512
0,0.054794521,0.183804372,0.533333333,0,0,0.397959184,0.5,0.733333333,0.666666667,0.571428571,0.6,1,1,0.634146341
0,0.410958904,0.069696201,0.866666667,0,0,0.397959184,0.25,0.8,0,0.714285714,0.2,1,0,0.951219512
0,0.150684932,0.267494072,0.6,0,0,0.397959184,0.5,1,0,0.214285714,0.8,1,0,0.951219512
0,0.273972603,0.136834414,0.6,0,0,0.397959184,0.125,1,0,0.071428571,0.8,0.5,0,0.951219512
0,0.150684932,0.143658646,0.866666667,0,0,0.295918367,0.5,0.8,0.666666667,0.285714286,0.2,0.75,1,0.12195122
1,0.287671233,0.02877381,0.666666667,0,0,0.397959184,0.5,0.533333333,0.333333333,0.214285714,0,1,1,0.951219512
0,0.315068493,0.115768394,0.6,0,0,0.071428571,0.5,1,0.833333333,0.571428571,0.8,1,0,0.951219512
1,0.219178082,0.150043806,0.533333333,0,0,0.397959184,0.5,0.733333333,0.333333333,0.5,0,1,1,0.951219512
0,0.04109589,0.025784191,0.533333333,0,0,0.193877551,0.5,0.733333333,0.666666667,0.071428571,0.6,0.5,1,0.951219512
0,0.534246575,0.04713368,0.533333333,0,0,0.397959184,0.875,0.733333333,0,0.071428571,0.2,1,0,0.951219512
0,0.136986301,0.043767231,0.533333333,0,0,0.397959184,0.5,0.733333333,0.666666667,0.571428571,0.6,0.5,0,0.951219512
0,0.287671233,0.153367634,0.6,0,0,0.602040816,0.75,1,0.666666667,0.857142857,0.2,1,1,0.951219512
1,0.410958904,0.07217774,0.533333333,0,0,0.5,0.5,0.733333333,0.333333333,1,0,1,1,0.951219512
0,0.178082192,0.013327786,0.6,0,0,0.397959184,0.5,1,0,0.285714286,0.8,1,0,0.951219512
0,0.150684932,0.049743761,0.6,0,0,0.397959184,0.5,1,0.333333333,0.857142857,1,1,0,0.951219512
0,0.794520548,0.010403791,0.2,0,0,0.5,0,0.333333333,0.833333333,0,0.2,1,1,0.951219512
0,0.136986301,0.221893425,0.6,0,0,0.397959184,0.875,1,0.666666667,0.785714286,0.2,1,1,0.951219512
0,0.219178082,0.02938337,0.533333333,0,0,0.397959184,0.5,0.733333333,0.666666667,0.214285714,0.2,1,1,0.951219512
1,0.561643836,0.13055953,0.8,0,0,0.397959184,0.25,0.6,0.333333333,0.714285714,1,1,0,0.951219512
1,0.246575342,0.016188862,0.8,0.043860439,0,0.469387755,0.5,0.6,0.333333333,0.285714286,0,1,1,0.951219512
1,0.178082192,0.247425945,0.866666667,0,0,0.5,0.5,0.8,0.333333333,0.285714286,0,1,1,0.951219512
0,0.287671233,0.109932583,0.6,0,0.454545455,0.397959184,0.125,1,0.666666667,0.071428571,0.2,1,0,0.951219512
0,0.219178082,0.130211113,0.533333333,0,0,0.397959184,0.5,0.733333333,0.666666667,0.571428571,0.6,1,1,0.951219512
1,0.410958904,0.101414301,0.6,0,0.433195592,0.397959184,0.25,1,0.333333333,1,0,1,1,0.951219512
0,0.246575342,0.100064609,0.6,0,0,0.397959184,0.75,1,0.666666667,0.214285714,0.6,1,1,0.951219512
0,0.273972603,0.00690677,0.6,0,0,0.408163265,0.5,1,0.5,0.285714286,0.8,1,0,0.951219512
0,0.164383562,0.059616471,0.333333333,0,0,0.397959184,0.5,0,0.333333333,0.357142857,1,0,0,0.951219512
0,0.232876712,0.018795561,0.6,0,0,0.397959184,0.5,1,0.333333333,0.214285714,0,1,1,0.951219512
0,0.04109589,0.110936564,0.733333333,0,0,0.193877551,0.5,0.466666667,0.666666667,0.071428571,0.6,1,0,0.951219512
0,0.424657534,0.147188142,0.666666667,0,0,0.397959184,0.5,0.533333333,0,0.571428571,0.2,1,0,0
0,0.232876712,0.120192948,0.6,0,0,0.724489796,0.125,1,0.666666667,0.071428571,0.2,0.5,0,0.951219512
0,0.424657534,0.01564222,0.666666667,0,0,0.295918367,0.5,0.533333333,0.833333333,0.571428571,0.2,1,0,0.951219512
0,0.082191781,0.029212883,0.6,0,0,0.397959184,0.125,1,0.666666667,0.428571429,0.2,1,1,0.951219512
0,0.506849315,0.102523146,0.533333333,0,0,0.397959184,0.5,0.733333333,0.666666667,0.714285714,0.2,1,1,0.951219512
1,0.178082192,0.037916536,0.8,0,0,0.397959184,0.125,0.6,0.666666667,0.714285714,0.2,1,1,0.951219512
0,0.04109589,0.051134046,0.6,0,0,0.397959184,0.5,1,0.666666667,0.928571429,0.6,1,1,0.951219512
0,0.136986301,0.102180818,0.733333333,0,0,0.397959184,0.25,0.466666667,0.666666667,0.785714286,0.6,1,1,0.951219512
0,0.561643836,0.068100249,0.666666667,0,0,0.397959184,0.5,0.533333333,0.333333333,0.285714286,0,1,1,0.951219512
1,0.260273973,0.107702716,0.6,0,0,0.56122449,0.25,1,0.333333333,0.785714286,0,1,1,0.951219512
0,0.082191781,0.150533619,0.6,0,0,0.357142857,0.5,1,0.666666667,0.571428571,0.8,1,0,0.951219512
0,0.520547945,0.086446589,0.533333333,0,0,0.397959184,0.5,0.733333333,0,0.071428571,0.2,1,0,0.951219512
0,0.136986301,0.270388299,0.8,0,0,0.602040816,0.5,0.6,0.666666667,0.714285714,0.2,1,1,0.951219512
0,0.04109589,0.090407039,0.6,0,0,0.142857143,0.5,1,0.666666667,0.071428571,0.6,1,0,0.951219512
0,0.726027397,0.052432997,0.533333333,0,0,0.193877551,0.5,0.733333333,0.333333333,0.714285714,0,1,1,0.951219512
0,0.095890411,0.070821959,0.8,0,0,0.397959184,0.5,0.6,0.666666667,0.714285714,0.2,1,1,0.951219512
0,0.082191781,0.118503635,0.6,0,0,0.397959184,0.5,1,0.833333333,0.571428571,0.6,1,1,0.951219512
0,0.438356164,0.100061227,0.266666667,0,0,0.153061224,0.5,0.4,0.5,0.571428571,0.2,0.5,0,0.56097561
0,0.150684932,0.068726046,0.533333333,0,0,0.397959184,0.5,0.733333333,0.666666667,0.071428571,0.2,1,1,0.951219512
0,0.260273973,0.181416872,0.733333333,0,0,0.448979592,0.5,0.466666667,0.666666667,0.928571429,0.8,1,0,0.951219512
0,0.493150685,0.158196081,0.533333333,0,0,0.397959184,0.5,0.733333333,0.333333333,0.214285714,0,1,1,0.634146341
0,0.520547945,0.11230317,0.533333333,0,0,0.397959184,0.5,0.733333333,0.333333333,1,0,1,1,0.951219512
0,0.04109589,0.217723249,0.533333333,0,0,0.397959184,0,0.733333333,0.666666667,0,0.2,1,0,0.951219512
1,0.465753425,0.099222997,0.533333333,0,0,0.846938776,0.5,0.733333333,0.333333333,1,0,1,1,0.951219512
0,0.315068493,0.222250637,0.6,0,0,0.397959184,0.5,1,0.666666667,0.5,0.2,0.5,0,0.951219512
0,0.082191781,0.058180859,0.8,0,0,0.397959184,0.5,0.6,0.666666667,0.285714286,0.6,0.25,1,0.951219512
0,0.410958904,0.139004746,0.533333333,0,0,0.346938776,0.5,0.733333333,0.333333333,0.571428571,1,1,0,0.951219512
1,0.315068493,0.132123008,0.733333333,0,0.453856749,0.602040816,0.5,0.466666667,0.333333333,0.928571429,0,1,1,0.951219512
0,0.383561644,0.040665307,0.8,0,0,0.37755102,0.5,0.6,0.5,0.714285714,0.8,1,0,0.951219512
0,0.054794521,0.29479506,0.6,0.029070291,0,0.295918367,0.5,1,0.666666667,0.785714286,0.6,1,1,0.951219512
0,0.534246575,0.118990065,0.533333333,0,0,0.397959184,0,0.733333333,0.333333333,0,0,1,1,0.951219512
0,0.493150685,0.09146176,0.533333333,0,0,0.397959184,0.5,0.733333333,0,0.285714286,0.2,0.5,0,0.951219512
1,0.328767123,0.143773658,0.866666667,0,0,0.551020408,0.25,0.8,0.333333333,0.714285714,0,1,1,0.951219512
0,0.068493151,0.134446914,0.533333333,0,0,0.397959184,0.5,0.733333333,0.833333333,0.071428571,0.4,1,0,0.951219512
0,0.205479452,0.128686198,0.4,0,0,0.397959184,0.5,0.066666667,0.333333333,0.428571429,0,1,1,0.097560976
0,0.178082192,0.197349327,0.533333333,0,0,0.602040816,0.5,0.733333333,0.666666667,1,0.2,1,1,0.951219512
0,0.739726027,0.225323469,0.666666667,0,0,0.275510204,0.5,0.533333333,0.333333333,0.5,0,1,1,0.951219512
0,0.410958904,0.061089969,0.8,0,0,0.346938776,0.75,0.6,0.666666667,0.857142857,0.2,1,1,0.951219512
1,0.369863014,0.23367194,0.8,0.150241502,0,0.653061224,0.625,0.6,0.333333333,0.357142857,0,1,1,0.951219512
0,0.260273973,0.10440392,0.4,0,0,0.397959184,0.5,0.066666667,0.333333333,0.214285714,0,1,1,0.951219512
0,0.136986301,0.120495361,0.6,0,0,0.397959184,0.5,1,0.333333333,0.285714286,0,1,1,0.951219512
0,0.191780822,0.091285184,0.466666667,0,0,0.204081633,0.5,0.133333333,0,0.571428571,0.8,1,0,0.951219512
0,0.082191781,0.253309113,0.6,0,0,0.234693878,0.5,1,0.666666667,0.071428571,0.6,1,1,0.951219512
1,0.369863014,0.185685823,0.8,0,0,0.5,0.5,0.6,0.333333333,0.285714286,0,0.5,1,0.951219512
0,0.04109589,0.108793971,0.6,0,0,0.030612245,0.5,1,0.666666667,0.857142857,0.6,1,0,0.951219512
0,0.273972603,0.042462867,0.666666667,0,0,0.551020408,0.75,0.533333333,0.333333333,0.214285714,0,1,1,0.951219512
0,0.082191781,0.064620141,0.8,0,0,0.193877551,0.5,0.6,0.666666667,0.071428571,0.6,1,0,0.951219512
0,0.178082192,0.117107938,0.533333333,0,0,0.5,0.875,0.733333333,0,0.571428571,0.8,1,0,0.951219512
0,0.205479452,0.152421835,0.666666667,0,0,0.37755102,0.5,0.533333333,0.666666667,0.714285714,0.2,1,0,0.951219512
0,0.383561644,0.060235503,0.533333333,0,0,0.397959184,0.5,0.733333333,0,0.071428571,0.8,1,0,0.951219512
0,0.164383562,0.044169094,0.733333333,0,0,0.397959184,0.5,0.466666667,0.666666667,0.071428571,0.2,0.25,0,0.951219512
0,0.424657534,0.187557802,0.6,0,0,0.346938776,0,1,0.666666667,0,0.2,1,1,0.951219512
0,0.301369863,0.16967286,0.533333333,0,0,0.5,0.75,0.733333333,0.666666667,0.285714286,0.2,0.5,1,0.951219512
0,0.438356164,0.099691837,0.8,0,0.143480257,0.397959184,0.25,0.6,0,0.285714286,0.8,1,0,0.951219512
0,0.301369863,0.05862602,0.533333333,0,0,0.397959184,0.5,0.733333333,0.333333333,0.214285714,0,1,1,0.951219512
0,0.767123288,0.088729226,0.533333333,0,0,0.193877551,0.25,0.733333333,0.333333333,0.285714286,0,1,1,0.951219512
0,0.082191781,0.116028861,0.533333333,0,0,0.397959184,0.5,0.733333333,0.666666667,0.857142857,0.6,1,1,0.951219512
0,0.452054795,0.13390839,0.8,0,0,0.397959184,0.5,0.6,0,0.857142857,0.8,0.5,1,0.951219512
0,0.109589041,0.022038881,0.533333333,0,0,0.397959184,0.5,0.733333333,0.666666667,0.571428571,0.2,1,1,0.951219512
0,0.095890411,0.070708301,0.666666667,0,0,0.346938776,0.5,0.533333333,0.666666667,0.5,0.6,1,1,0.951219512
0,0.260273973,0.164334981,0.866666667,0,0.323232323,0.397959184,0.125,0.8,0.666666667,0.714285714,0.2,1,1,0.951219512
1,0.205479452,0.100336577,0.8,0,0.359044995,0.5,0.5,0.6,0.666666667,0.857142857,0.2,1,1,0.951219512
0,0.315068493,0.011574201,0.533333333,0,0,0.397959184,0.5,0.733333333,0.666666667,0.214285714,0.6,1,0,0.951219512
0,0.082191781,0.092630817,0.8,0,0,0.397959184,0.5,0.6,0.666666667,0.285714286,0.6,1,1,0.951219512
0,0.082191781,0.049288452,0.533333333,0,0,0.397959184,0.5,0.733333333,0.666666667,0.071428571,0.2,1,0,0.951219512
1,0.547945205,0.117785829,0.8,0.105201052,0,0.397959184,0.5,0.6,1,0.714285714,0.8,1,1,0.951219512
0,0.698630137,0.037551882,0.6,0,0,0.397959184,0.5,1,1,0.857142857,0.2,1,1,0.951219512
0,0.205479452,0.098410476,0.6,0,0,0.448979592,0.5,1,0.333333333,0.928571429,0,1,1,0.951219512
0,0.01369863,0.144490787,0.6,0.029070291,0,0.295918367,0.5,1,0.666666667,1,0.6,1,1,0.951219512
1,0.465753425,0.066329075,0.8,0,0,0.397959184,0.25,0.6,0.333333333,0.285714286,0,1,1,0.951219512
0,0.506849315,0.124949683,0.533333333,0,0,0.448979592,0,0.733333333,0,0,0.4,1,1,0.951219512
1,0.520547945,0.071085132,1,0,0,0.704081633,0.875,0.666666667,0.333333333,0.714285714,0,0.25,1,0
0,0.054794521,0.053209662,0.666666667,0,0,0.397959184,0.5,0.533333333,0.666666667,1,0.6,1,1,0.951219512
0,0.383561644,0.128145645,0.6,0,0.373737374,0.397959184,0.5,1,0.333333333,1,0,1,1,0.951219512
1,0.369863014,0.179450178,0.6,0,0,0.397959184,0.25,1,0.333333333,0.785714286,0,1,1,0.951219512
0,0.191780822,0.152242552,0.266666667,0,0,0.448979592,0.5,0.4,0.666666667,0.214285714,0.2,0.75,1,0.951219512
0,0.369863014,0.146023144,0.533333333,0,0,0.397959184,0.5,0.733333333,0.5,0.071428571,0.8,0.5,0,0.951219512
0,0.383561644,0.088358484,0.533333333,0,0,0.43877551,0.5,0.733333333,0,0.214285714,0.8,1,1,0.951219512
0,0.04109589,0.138813286,0.533333333,0,0,0.397959184,0.5,0.733333333,0.666666667,0.5,0.4,1,1,0.951219512
0,0.054794521,0.014300646,0.6,0,0,0.346938776,0.875,1,0.666666667,0.571428571,0.2,1,0,0.951219512
0,0,0.192699485,0.4,0,0,0.397959184,0,0.066666667,0.666666667,0,0.6,1,0,0.951219512
0,0.315068493,0.144571295,0.6,0,0,0.397959184,0.5,1,0.833333333,0.285714286,0.2,0.5,1,0.951219512
1,0.315068493,0.184030336,0.6,0.076880769,0,0.397959184,0.5,1,0.333333333,0.285714286,1,1,0,0.951219512
1,0.493150685,0.186770312,0.8,0,0,0.397959184,0.5,0.6,0.333333333,0.285714286,0,1,1,0.951219512
0,0.602739726,0.050750449,0.533333333,0,0,0.397959184,0.5,0.733333333,0,0.571428571,0.2,1,0,0.951219512
0,0.630136986,0.092965026,0.6,0,0,0.142857143,0,1,0.333333333,0,0,1,1,0.951219512
0,0.02739726,0.103978378,0.6,0,0,0.244897959,0.5,1,0.666666667,0.857142857,0.6,1,0,0.951219512
0,0.534246575,0.162065198,0.133333333,0,0,0.397959184,0.5,0.266666667,0.333333333,0.571428571,0,1,1,0
0,0.205479452,0.081398267,0.8,0,0,0.5,0.5,0.6,0.333333333,0.714285714,0,1,1,0.951219512
0,0.260273973,0.111069166,0.533333333,0,0,0.275510204,0,0.733333333,0,0,0.8,1,0,0.951219512
0,0.123287671,0.122495205,0.6,0,0,0.275510204,0.5,1,0,0.857142857,0.6,1,0,0.951219512
0,0.109589041,0.084819517,0.6,0,0,0.448979592,0.5,1,0.666666667,0.071428571,0.2,1,0,0.951219512
0,0.123287671,0.128301925,0.533333333,0,0,0.5,0.75,0.733333333,0.333333333,0.214285714,0,1,1,0.951219512
0,0.287671233,0.064849487,0.8,0,0,0.397959184,0.5,0.6,0,0.928571429,0.4,1,1,0.951219512
0,0.616438356,0.063773116,0.733333333,0,0,0.397959184,0.5,0.466666667,0.333333333,0.071428571,1,1,0,0.951219512
0,0.534246575,0.115549873,0.6,0,0,0.448979592,0.75,1,0.333333333,0.857142857,0,1,1,0.951219512
1,0.315068493,0.125856919,0.333333333,0,0,0.397959184,0.5,0,0.333333333,0.285714286,0,1,1,0.951219512
0,0.534246575,0.043295684,0.8,0,0,0.397959184,0.5,0.6,0.5,0.714285714,0.8,1,0,0.951219512
0,0.547945205,0.06024768,0.8,0,0,0.193877551,0.625,0.6,0.333333333,0.285714286,0,1,1,0.951219512
1,0.150684932,0.193117586,0.6,0,0,0.397959184,0.5,1,0.333333333,0.5,0,1,1,0.951219512
1,0.164383562,0.082946861,0.666666667,0,0,0.397959184,0.5,0.533333333,0.333333333,0.357142857,0,1,1,0.951219512
0,0.383561644,0.050941909,0.533333333,0,0,0.132653061,0.5,0.733333333,0.333333333,0.714285714,1,1,0,0.951219512
0,0.01369863,0.066203915,0.4,0,0,0.142857143,0.5,0.066666667,0.666666667,0.857142857,0.6,1,0,0.951219512
0,0.506849315,0.016265311,0.2,0,0,0.5,0.75,0.333333333,0.333333333,0.5,0,1,1,0.951219512
1,0.493150685,0.007234214,0.866666667,0,0,0.5,0.5,0.8,0.333333333,0.285714286,1,1,0,0.951219512
0,0.397260274,0.103995968,0.4,0,0,0.397959184,0.5,0.066666667,0.333333333,0.5,0,1,1,0.951219512
0,0.260273973,0.146737568,0.6,0,0,0.397959184,0.5,1,0,0.214285714,0.8,1,0,0.12195122
1,0.410958904,0.133183819,0.866666667,0.278282783,0,0.397959184,0.5,0.8,0,0.857142857,0.2,1,1,0.951219512
0,0.02739726,0.10956387,0.6,0,0,0.234693878,0,1,0.666666667,0,0.6,0.5,1,0.951219512
0,0.178082192,0.249469764,0.6,0,0,0.397959184,0.5,1,0.666666667,0.214285714,0.2,0.5,1,0.951219512
0,0.219178082,0.161352128,0.6,0,0,0.397959184,0.5,1,0.333333333,0.214285714,0,1,1,0.951219512
0,0.246575342,0.066379815,0.4,0,0,0.346938776,0.5,0.066666667,0.333333333,0.857142857,0,1,1,0.951219512
0,0.04109589,0.217728661,0.6,0,0,0.397959184,0.875,1,0.333333333,0.571428571,0,1,1,0.951219512
0,0.164383562,0.076791048,0.733333333,0,0,0.37755102,0.5,0.466666667,0.666666667,0.285714286,0.4,1,0,0.951219512
1,0.479452055,0.068490611,0.533333333,0,0,0.448979592,0.5,0.733333333,0.666666667,0.5,0.2,1,1,0.951219512
0,0.534246575,0.125043721,0.533333333,0,0,0.275510204,0.5,0.733333333,0.666666667,0.428571429,0.6,1,1,0.951219512
1,0.452054795,0.180670651,0.8,0,0,0.551020408,0.5,0.6,0,0.285714286,0.2,1,1,0.951219512
0,0.506849315,0.11510877,0.533333333,0,0,0.37755102,0.25,0.733333333,1,1,0.8,1,0,0.951219512
0,0.520547945,0.070315233,0.6,0,0,0.397959184,0.5,1,0,0.571428571,0.2,0.5,0,0.951219512
1,0.232876712,0.106359113,0.6,0,0,0.397959184,0.5,1,0.333333333,0.428571429,0,1,1,0.951219512
0,0.315068493,0.09668057,0.333333333,0,0,0.551020408,0.5,0,0.666666667,0.214285714,0.4,0.5,1,0.951219512
0,0.465753425,0.077507501,0.533333333,0,0,0.653061224,0.625,0.733333333,0.333333333,1,0,1,1,0.951219512
0,0.328767123,0.16226207,0.6,0,0,0.193877551,0,1,1,0,0.8,0.5,0,0.951219512
1,0.561643836,0.076470369,1,0,0,0.602040816,0.5,0.666666667,0.333333333,0.714285714,0,1,1,0.951219512
0,0.520547945,0.020823143,0.4,0,0,0.295918367,0.5,0.066666667,0.333333333,0.571428571,0,1,1,0.951219512
0,0.02739726,0.009698163,0.6,0,0,0.397959184,0,1,0.666666667,0,0.6,1,0,0.951219512
1,0.301369863,0.08698173,0.533333333,0,0.436639118,0.602040816,0.5,0.733333333,0.333333333,1,0,1,1,0.951219512
0,0.150684932,0.016889755,0.8,0,0,0.153061224,0.875,0.6,0.666666667,0.714285714,0.6,1,1,0.951219512
0,0.178082192,0.094828887,0.4,0,0,0.397959184,0.5,0.066666667,0.333333333,0.571428571,0,1,1,0.634146341
0,0.054794521,0.009988397,0.533333333,0,0,0.244897959,0.5,0.733333333,0.666666667,0.642857143,0.2,1,0,0.951219512
0,0.273972603,0.148669758,0.6,0,0,0.397959184,0.5,1,0.333333333,0.214285714,0,1,1,0.951219512
1,0.575342466,0.091206029,0.533333333,0,0,0.397959184,0.5,0.733333333,0.333333333,0.214285714,0,1,1,0.951219512
0,0.082191781,0.137908079,0.733333333,0,0,0.295918367,0.75,0.466666667,0.666666667,0.214285714,0.2,1,1,0.951219512
0,0.534246575,0.221827124,0.533333333,0,0,0.397959184,0.5,0.733333333,0.333333333,1,0,0.5,1,0.951219512
0,0.534246575,0.300590279,0.533333333,0,0,0.367346939,0.5,0.733333333,0,0.571428571,0.8,1,0,0.951219512
1,0.397260274,0.040818204,0.6,0,0,0.397959184,0.5,1,0.333333333,0.285714286,1,1,0,0.951219512
0,0.260273973,0.19487523,0.4,0,0,0.397959184,0.5,0.066666667,0.333333333,0.285714286,0,1,1,0.12195122
1,0.328767123,0.123678469,0.8,0,0,0.5,0.5,0.6,0.333333333,0.285714286,0,1,1,0.951219512
1,0.438356164,0.17403382,0.866666667,0.07298073,0,0.397959184,0.25,0.8,0.333333333,0.714285714,0,1,1,0.951219512
1,0.356164384,0.032281656,0.6,0,0,0.397959184,0.5,1,0.333333333,0.857142857,0,1,1,0.951219512
0,0.589041096,0.21360043,0.6,0,0,0.193877551,0.625,1,0.333333333,0.214285714,0,1,1,0.951219512
0,0.191780822,0.094173322,0.533333333,0,0,0.071428571,0.5,0.733333333,0.666666667,0.071428571,0.6,1,0,0.951219512
0,0.493150685,0.097328692,0.533333333,0,0,0.397959184,0.5,0.733333333,0.666666667,1,0.2,1,1,0.951219512
0,0.191780822,0.195757434,0.666666667,0,0,0.397959184,0.5,0.533333333,0.666666667,0.357142857,0.6,1,1,0.951219512
0,0,0.009266532,0.466666667,0,0,0.295918367,0.5,0.133333333,0.666666667,0.571428571,0.6,1,0,0.951219512
0,0.452054795,0.125712817,0.8,0,0,0.397959184,0.875,0.6,0.666666667,0.285714286,0.2,1,0,0.951219512
0,0.273972603,0.195741874,0.8,0,0,0.397959184,0.5,0.6,0.666666667,0.5,0.4,1,1,0.951219512
1,0.452054795,0.152202636,0.866666667,0.278282783,0,0.479591837,0.5,0.8,0.666666667,0.285714286,0.2,1,1,0.951219512
0,0.082191781,0.049914925,0.466666667,0,0,0.295918367,0.5,0.133333333,0.666666667,0.571428571,0.2,1,0,0.951219512
0,0.410958904,0.090386066,0.6,0,0,0.397959184,0.5,1,0,0.571428571,0.8,1,0,0.951219512
0,0.04109589,0.140604757,0.533333333,0,0,0.112244898,0,0.733333333,0.666666667,0,0.6,1,1,0.951219512
0,0.150684932,0.115377356,0.533333333,0,0,0.346938776,0.75,0.733333333,0.333333333,0.714285714,0,1,1,0.951219512
0,0.246575342,0.017163752,0.533333333,0,0,0.602040816,0.5,0.733333333,0,0.5,0.8,1,0,0.951219512
0,0.479452055,0.118835815,0.6,0,0,0.489795918,0.5,1,0,0.857142857,0.2,1,0,0.951219512
0,0.109589041,0.140675793,0.4,0,0,0.448979592,0.5,0.066666667,0.666666667,0.428571429,0.6,1,1,0.951219512
0,0.054794521,0.12567696,0.533333333,0,0,0.275510204,0.5,0.733333333,0.666666667,0.571428571,0.2,1,0,0.951219512
1,0.452054795,0.081476069,0.933333333,1,0,0.5,0.75,0.933333333,0.333333333,0.285714286,0,1,1,0.951219512
1,0.260273973,0.081372559,0.933333333,0,0,0.142857143,0.5,0.933333333,0.333333333,0.071428571,1,1,0,0.951219512
0,0.178082192,0.144941361,0.333333333,0,0,0.397959184,0.5,0,0,1,0.6,1,1,0.951219512
0,0.643835616,0.122181968,0.933333333,0,0,0.602040816,0.5,0.933333333,0.333333333,0.285714286,0,1,1,0.951219512
0,0.123287671,0.117446883,0.6,0,0,0.142857143,0.125,1,0.666666667,0.071428571,0.8,1,0,0.951219512
0,0.123287671,0.155851202,0.6,0,0,0.479591837,0.625,1,0.666666667,0.857142857,0.2,1,1,0.951219512
0,0.520547945,0.111692933,0.533333333,0,0,0.285714286,0.5,0.733333333,0,0.071428571,0.2,1,0,0.951219512
0,0.753424658,0.026338275,0.533333333,0,0,0.132653061,0,0.733333333,0.333333333,0,0,1,1,0.951219512
1,0.219178082,0.101674768,0.8,1,0,0.397959184,0.5,0.6,0.333333333,0.714285714,0,1,1,0.951219512
1,0.438356164,0.106537719,0.8,0,0,0.5,0.5,0.6,0.333333333,0.714285714,1,1,0,0.951219512
1,0.191780822,0.128842478,0.533333333,0,0,0.397959184,0.5,0.733333333,0.333333333,0.5,0,1,1,0.951219512
0,0.438356164,0.025025116,0.533333333,0,0,0.5,0.25,0.733333333,0.666666667,0.214285714,0.2,1,1,0.951219512
0,0.260273973,0.065521289,0.6,0,0,0.397959184,0.5,1,0.666666667,0.285714286,0.2,1,1,0.951219512
0,0.068493151,0.019269137,0.6,0,0,0.397959184,0.625,1,0.333333333,0.214285714,0,1,1,0.951219512
0,0.02739726,0.010939609,0.6,0,0,0.397959184,0,1,0.666666667,0,0.6,1,0,0.951219512
0,0.123287671,0.093413571,0.6,0,0,0.397959184,0.5,1,0.666666667,0.928571429,0.6,1,0,0.951219512
1,0.219178082,0.078213806,0.933333333,0,0,0.602040816,0.75,0.933333333,0.333333333,0.714285714,0,1,1,0.951219512
1,0.452054795,0.195342717,0.8,0,0,0.397959184,0.5,0.6,0.833333333,0.857142857,0.2,1,1,0.951219512
1,0.630136986,0.114081787,0.4,0.043860439,0,0.367346939,0.5,0.066666667,0.333333333,0.785714286,0,1,1,0.951219512
1,0.136986301,0.119936541,1,0,0,0.397959184,0.5,0.666666667,0.333333333,0.714285714,0,1,1,0.951219512
1,0.698630137,0.167722403,0.8,0,0,0.397959184,0.625,0.6,0.333333333,0.857142857,0,1,1,0.951219512
0,0.054794521,0.39542999,0.6,0,0,0.397959184,0.25,1,0.666666667,0.071428571,0.6,1,1,0.317073171
0,0.246575342,0.016933053,1,0,0,0.551020408,0.875,0.666666667,0.666666667,0.714285714,0.2,1,1,0.951219512
1,0.356164384,0.089905048,0.8,0,0,0.418367347,0.125,0.6,0.333333333,0.071428571,0,1,1,0.951219512
0,0.04109589,0.102103016,0.666666667,0,0,0.357142857,0.125,0.533333333,0.666666667,0.071428571,0.6,1,0,0.951219512
0,0.109589041,0.110791109,0.533333333,0.021760218,0,0.397959184,0.5,0.733333333,0.666666667,0.5,0.6,1,0,0.951219512
0,0,0.110099011,0.4,0.021760218,0,0.173469388,0.5,0.066666667,0.666666667,0.428571429,0.6,1,1,0.951219512
0,0.123287671,0.12799816,0.8,0,0,0.397959184,0.5,0.6,0.666666667,0.285714286,0.2,1,0,0.951219512
0,0.534246575,0.080934839,0.533333333,0,0,0.5,0.625,0.733333333,1,0.285714286,0.2,1,0,0.951219512
0,0.232876712,0.093273527,0.533333333,0,0,0.397959184,0.5,0.733333333,0.666666667,0.071428571,0.6,1,1,0.951219512
1,0.273972603,0.097835419,0.933333333,0,0.359044995,0.551020408,0.75,0.933333333,0.666666667,0.714285714,0.6,1,1,0.951219512
0,0.054794521,0.015243063,0.666666667,0,0,0.112244898,0.5,0.533333333,0.333333333,0.071428571,1,1,0,0.951219512
1,0.410958904,0.106242748,0.8,0,0,0.346938776,0.5,0.6,0.333333333,0.285714286,1,0.5,0,0.951219512
1,0.479452055,0.126226985,0.933333333,0,0.587465565,0.602040816,0.5,0.933333333,0,0.285714286,0.2,1,1,0.951219512
0,0.04109589,0.063189265,0.533333333,0,0,0.397959184,0.5,0.733333333,0.666666667,0.5,0.2,1,1,0.951219512
0,0,0.060442523,0.266666667,0,0,0.193877551,0.5,0.4,0.666666667,0.5,0.6,1,1,0.951219512
1,0.397260274,0.112673236,0.866666667,0,0,0.704081633,0.5,0.8,0.5,0.285714286,0.2,1,1,0.951219512
0,0.219178082,0.150361778,0.533333333,0,0,0.397959184,0.5,0.733333333,0.333333333,0.214285714,0,1,1,0.951219512
0,0.260273973,0.189018446,0.266666667,0,0,0.397959184,0.875,0.4,0.333333333,0.214285714,0,0.5,1,0.951219512
0,0.136986301,0.120435825,0.533333333,0,0,0.397959184,0.5,0.733333333,0.333333333,0.214285714,0,1,1,0.951219512
0,0.301369863,0.108439465,0.6,0,0,0.397959184,0.5,1,0,0.5,0.2,1,1,0.951219512
0,0.191780822,0.075193743,0.4,0,0,0.653061224,0.5,0.066666667,0.333333333,0.357142857,0,1,1,0.634146341
1,0.328767123,0.04293103,0.933333333,0,0,0.448979592,0.625,0.933333333,0.333333333,0.714285714,0,1,1,0.195121951
0,0.260273973,0.172700365,0.533333333,0.040640406,0,0.397959184,0.5,0.733333333,0.333333333,0.214285714,0,1,1,0.951219512
0,0.232876712,0.019974089,0.6,0,0,0.397959184,0.5,1,0,0.071428571,0.8,1,0,0.951219512
0,0.246575342,0.216184803,0.8,0,0,0.397959184,0.5,0.6,0.333333333,0.857142857,0,1,1,0.951219512
0,0.726027397,0.062023591,0.533333333,0,0,0.051020408,0,0.733333333,1,0,0.2,1,1,0.951219512
1,0.383561644,0.072808273,0.533333333,0,0,0.5,0.5,0.733333333,0,0.928571429,0.2,1,0,0.951219512
0,0.424657534,0.158719721,0.933333333,0,0,0.602040816,0.75,0.933333333,0.333333333,0.214285714,0,1,1,0.951219512
0,0.424657534,0.21400297,0.533333333,0,0,0.397959184,0.125,0.733333333,0,0.428571429,0.2,1,1,0.951219512
0,0.712328767,0.127375069,0.8,0,0,0.193877551,0.5,0.6,0.333333333,0.428571429,0,1,1,0.951219512
0,0.109589041,0.180893909,0.333333333,0,0,0.448979592,0.5,0,0.333333333,0.214285714,0,1,1,0.951219512
0,0.219178082,0.144766814,0.733333333,0,0,0.397959184,0.5,0.466666667,0.333333333,0.857142857,0,1,1,0.634146341
0,0.246575342,0.149543168,0.6,0,0,0.397959184,0.25,1,0.333333333,0.785714286,0,1,1,0.951219512
0,0.082191781,0.143666088,0.6,0,0,0.397959184,0.5,1,0.666666667,0.285714286,0.2,1,0,0.951219512
0,0.178082192,0.033141535,0.266666667,0,0,0.397959184,0.5,0.4,0.333333333,0.5,1,1,0,0.780487805
0,0.410958904,0.06164676,0.533333333,0,0,0.397959184,0.875,0.733333333,0.333333333,0.928571429,0,1,1,0.951219512
0,0.109589041,0.231943387,0.533333333,0,0.459366391,0.397959184,0.5,0.733333333,0.666666667,0.5,0.2,1,0,0.634146341
0,0.205479452,0.029676311,0.533333333,0,0,0.397959184,0.5,0.733333333,0.333333333,0.857142857,0,1,1,0.951219512
0,0.068493151,0.226990457,0.6,0,0,0.193877551,0.875,1,0.666666667,0.071428571,0.2,0.75,1,0.951219512
0,0.424657534,0.018387609,0.866666667,0,0,0.520408163,0.25,0.8,0.666666667,0.714285714,0.2,1,0,0.951219512
0,0.150684932,0.161477287,0.533333333,0.021050211,0,0.397959184,0.5,0.733333333,0.333333333,0.214285714,0,1,1,0.951219512
0,0.219178082,0.207491975,0.8,0,0,0.37755102,0.5,0.6,0.333333333,0.214285714,0,1,1,0.951219512
0,0.657534247,0.052361284,0.866666667,0,0,1,0.5,0.8,0.666666667,0.714285714,0.2,1,1,0.951219512
0,0.205479452,0.015770086,0.8,0,0,0.397959184,0.5,0.6,0.666666667,0.071428571,0.2,1,1,0.951219512
0,0.520547945,0.156335603,0.533333333,0,0,0.367346939,0.5,0.733333333,0,0.857142857,0.8,1,0,0.951219512
1,0.383561644,0.061080498,0.533333333,0,0,0.397959184,0.125,0.733333333,0.333333333,0.214285714,0,1,1,0.951219512
0,0.191780822,0.118810783,0.6,0,0.345270891,0.397959184,0.5,1,0.666666667,0.857142857,0.2,1,0,0.951219512
0,0.04109589,0.01859057,0.533333333,0,0,0.397959184,0.5,0.733333333,0.666666667,0.428571429,0.6,1,1,0.951219512
0,0.246575342,0.180193693,0.533333333,0,0,0.397959184,0.75,0.733333333,0.333333333,0.214285714,0,1,1,0.951219512
0,0.082191781,0.087082534,0.533333333,0,0,0.602040816,0,0.733333333,0.666666667,0,0.6,1,1,0.951219512
1,0.671232877,0.088179201,0.733333333,0.055560556,0,0.397959184,0.5,0.466666667,0.333333333,0.5,0,1,1,1
0,0.342465753,0.240011095,0.866666667,0.046500465,0,0.397959184,0.5,0.8,0.666666667,0.285714286,0.2,1,0,0.951219512
0,0.123287671,0.123759653,0.533333333,0,0,0.112244898,0.5,0.733333333,0,0.571428571,0.2,1,0,0.951219512
1,0.465753425,0.180548198,0.533333333,0.07298073,0,0.397959184,0.5,0.733333333,0.333333333,0.285714286,0,1,1,0.951219512
0,0.808219178,0.020244704,0.266666667,0,0,0.244897959,0,0.4,1,0,0.2,1,1,0.951219512
0,0.123287671,0.089436884,0.666666667,0.005940059,0,0.346938776,0.5,0.533333333,0,0.857142857,0.6,1,0,0.951219512
1,0.328767123,0.130150225,0.866666667,0,0,0.448979592,0.5,0.8,0.333333333,0.285714286,0,1,1,0.951219512
0,0.191780822,0.114938283,0.8,0,0,0.397959184,0.5,0.6,0.333333333,0.571428571,0,1,1,1
1,0.547945205,0.081089766,0.866666667,0.07298073,0,0.448979592,0.875,0.8,0.333333333,0.285714286,0,1,1,0.951219512
0,0.123287671,0.165380907,0.4,0,0,0.397959184,0.5,0.066666667,0.333333333,1,0,1,1,0.951219512
0,0.054794521,0.150431462,0.533333333,0,0,0.469387755,0.5,0.733333333,0.666666667,0.285714286,0.2,1,0,0.951219512
0,0.232876712,0.0667695,0.933333333,0,0,0.397959184,0.5,0.933333333,0.666666667,0.714285714,0.2,0.25,0,0.951219512
0,0.246575342,0.011359062,0.4,0,0,0.051020408,0,0.066666667,0,0,0.8,0,0,0.951219512
0,0.301369863,0.226997899,0.733333333,0,0,0.56122449,0.5,0.466666667,0.666666667,0.571428571,0.6,1,0,0.951219512
0,0.150684932,0.107617472,0.6,0,0,0.551020408,0.5,1,0.666666667,0.857142857,0.6,1,1,0.951219512
0,0.123287671,0.087637971,0.6,0,0,0.397959184,0.5,1,0,0.285714286,0.2,1,0,0.951219512
0,0.178082192,0.21841264,0.6,0,0,0.357142857,0,1,0.666666667,0,0.2,1,0,0.951219512
0,0.178082192,0.164394516,0.533333333,0,0,0.193877551,0.5,0.733333333,0,0.071428571,0.8,1,0,0.951219512
0,0.02739726,0.115854991,0.6,0,0,0.244897959,0.5,1,0.666666667,0.428571429,0.6,1,1,0.951219512
0,0.095890411,0.108167497,0.533333333,0,0,0.5,0.5,0.733333333,0.333333333,0.428571429,0,1,1,0.951219512
0,0.315068493,0.047479391,0.6,0.025800258,0,0.397959184,0.5,1,0.333333333,0.5,0,1,1,0.951219512
0,0.246575342,0.108439465,0.8,0,0,0.5,0.5,0.6,0.333333333,0.714285714,0,1,1,0.951219512
0,0.082191781,0.027752238,0.533333333,0,0,0.295918367,0.5,0.733333333,0.666666667,0.214285714,0.2,1,1,0.951219512
0,0.178082192,0.181816029,0.666666667,0.040640406,0,0.397959184,0.5,0.533333333,0.333333333,0.857142857,0,1,1,0.951219512
0,0.054794521,0.155377626,0.533333333,0,0,0.448979592,0.5,0.733333333,0.666666667,0.5,0.2,1,1,0.951219512
0,0.136986301,0.05927279,0.6,0,0,0.397959184,0.5,1,0.333333333,0.928571429,0,1,1,0.951219512
1,0.602739726,0.13626477,0.8,0,0,0.316326531,0.5,0.6,0.333333333,0.857142857,0,1,1,0.951219512
1,0.547945205,0.120605636,0.333333333,0,0,0.602040816,0.75,0,0,0.285714286,0.6,1,1,0.951219512
1,0.657534247,0.071840824,0.4,0.093860939,0,0.591836735,0.75,0.066666667,0.333333333,0.285714286,0,1,1,0
0,0.369863014,0.12151152,0.533333333,0,0,0.234693878,0.5,0.733333333,0.666666667,0.571428571,0.6,1,0,0.951219512
0,0.465753425,0.047505776,0.6,0,0,0.397959184,0.875,1,0.333333333,0.285714286,0,1,1,0.951219512
1,0.369863014,0.164573122,0.133333333,0,0,0.846938776,0.75,0.266666667,0.333333333,0.357142857,0,1,1,0.951219512
0,0.095890411,0.130144136,0.6,0,0,0.397959184,0.5,1,0.666666667,0.214285714,0.6,1,1,0.951219512
0,0.547945205,0.120868133,0.066666667,0,0,0.295918367,0.5,0.2,1,0.642857143,0.2,0.5,0,0.951219512
0,0.01369863,0.106390234,0.466666667,0,0,0.295918367,0,0.133333333,0.666666667,0,0.2,1,0,0.951219512
1,0.342465753,0.011783251,0.533333333,0,0,0.418367347,0.5,0.733333333,0.333333333,0.214285714,0,1,1,0.951219512
0,0.219178082,0.074304773,0.533333333,0,0,0.448979592,0.5,0.733333333,0.333333333,0.857142857,0,1,1,0.951219512
1,0.205479452,0.135157955,0.8,0,0,0.397959184,0.5,0.6,0.333333333,0.285714286,1,1,0,0.951219512
1,0.205479452,0.014761368,0.533333333,0.03103031,0,0.551020408,0.5,0.733333333,0.333333333,0.285714286,0,1,1,0.951219512
1,0.493150685,0.066768824,0.866666667,0,0.436639118,0.5,0.5,0.8,0.333333333,0.285714286,0,1,1,0.951219512
0,0.712328767,0.159637782,0.066666667,0,0,0.336734694,0,0.2,0.333333333,0,0,0.25,1,0.731707317
0,0.260273973,0.137396617,0.8,0,0,0.704081633,0.5,0.6,0.666666667,0.285714286,0.2,1,1,0.951219512
0,0.438356164,0.207051549,0.533333333,0,0,0.397959184,0.5,0.733333333,0,0.5,0.2,1,1,0.951219512
0,0.356164384,0.125378607,0.6,0,0,0.295918367,0.5,1,0,0.571428571,0.2,1,0,0.951219512
0,0.479452055,0.138639416,0.533333333,0,0,0.397959184,0.75,0.733333333,1,0.571428571,0.4,0.5,0,0.951219512
0,0.02739726,0.222095033,0.066666667,0,0,0.551020408,0.5,0.2,0.666666667,0.428571429,0.2,1,1,0.634146341
0,0.178082192,0.12935597,0.8,0,0,0.602040816,0.5,0.6,0.666666667,0.714285714,0.2,1,1,0.951219512
0,0.068493151,0.129376266,0.6,0,0,0.153061224,0.875,1,0.666666667,0.714285714,0.2,1,0,0.951219512
0,0.150684932,0.04481654,0.6,0,0,0.397959184,0.5,1,0.666666667,0.285714286,0.2,1,0,0.951219512
0,0.150684932,0.249983256,0.8,0,0,0.5,0.125,0.6,0.666666667,0.714285714,0.2,1,1,0.951219512
0,0.04109589,0.1822984,0.6,0,0,0.5,0.5,1,0.666666667,0.571428571,0.6,1,1,0.951219512
0,0.123287671,0.254734577,0.6,0,0,0.346938776,0.5,1,0.666666667,0.857142857,0.2,0.5,1,0.951219512
0,0.273972603,0.092693735,0.533333333,0,0,0.295918367,0.5,0.733333333,0.666666667,0.428571429,0.2,0,1,0.951219512
0,0.438356164,0.00840733,0.8,0,0,0.346938776,0.5,0.6,0.666666667,0.571428571,0.2,0.25,0,0.731707317
0,0.082191781,0.069548039,0.533333333,0,0,0.448979592,0.5,0.733333333,0.666666667,1,0.2,1,1,0.951219512
1,0.561643836,0.151754769,0.533333333,0,0,0.448979592,0.5,0.733333333,0.333333333,0.071428571,0,1,1,0.951219512
0,0.561643836,0.113992484,0.533333333,0,0,0.397959184,0.5,0.733333333,0.333333333,0.714285714,0,1,1,0.951219512
0,0.534246575,0.10353051,0.333333333,0,0,0.704081633,0.5,0,0.333333333,0.214285714,0,1,1,0
0,0.356164384,0.236108151,0.333333333,0,0,0.418367347,0.5,0,0.333333333,0.214285714,0,0.25,1,0.073170732
1,0.479452055,0.096227966,0.533333333,0,0,0.43877551,0.125,0.733333333,0.333333333,0.071428571,0,1,1,0.951219512
1,0.232876712,0.107220345,0.533333333,0,0,0.5,0.5,0.733333333,0.333333333,0.071428571,0,1,1,0.951219512
0,0.054794521,0.101442039,0.6,0,0,0.397959184,0.5,1,0.666666667,0.071428571,0.6,1,1,0.951219512
0,0.01369863,0.170919719,0.6,0,0,0.397959184,0,1,0.666666667,0,0.6,1,0,0.951219512
0,0.260273973,0.14604547,0.6,0,0,0.397959184,0.5,1,0.666666667,0.214285714,0.2,0.25,1,0.609756098
0,0.109589041,0.10011129,0.6,0,0,0.397959184,0.5,1,0.666666667,0.285714286,0.6,0.25,1,0.073170732
0,0.520547945,0.13397672,0.533333333,0,0,0.397959184,0.5,0.733333333,0.333333333,0.357142857,0,1,1,0.951219512
0,0.136986301,0.109689706,0.8,0,0,0.397959184,0.5,0.6,0.666666667,0.714285714,0.2,1,0,0.951219512
0,0.095890411,0.114696759,0.6,0,0,0.448979592,0.5,1,0.666666667,0.357142857,0.2,1,1,0.951219512
0,0.246575342,0.015576596,0.8,0,0,0.275510204,0.125,0.6,0.666666667,0.928571429,0.2,0.25,1,0
1,0.561643836,0.187454291,0.6,0.076880769,0,0.448979592,0.5,1,0.333333333,0.285714286,0,1,1,0.951219512
0,0.383561644,0.178037568,0.8,0,0,0.5,0.75,0.6,0,0.285714286,0.8,1,1,0.951219512
0,0.520547945,0.040948776,0.533333333,0,0,0.357142857,0.5,0.733333333,0.833333333,0.857142857,0.2,1,1,0.951219512
0,0.287671233,0.118866259,0.933333333,0,0,0.397959184,0.5,0.933333333,0.333333333,0.857142857,1,1,0,0.951219512
0,0.01369863,0.215968311,0.6,0,0,0.295918367,0,1,0.666666667,0,0.6,1,1,0.951219512
1,0.520547945,0.13261891,0.866666667,0,0.453856749,0.193877551,0.5,0.8,0.333333333,0.928571429,0,1,1,0.951219512
0,0.04109589,0.078978293,0.6,0,0,0.346938776,0.5,1,0.666666667,0.071428571,0.6,1,0,0.951219512
0,0.753424658,0.043244944,0.266666667,0,0,0.153061224,0.5,0.4,0.333333333,0.857142857,0,1,1,0.951219512
0,0.068493151,0.106021521,0.666666667,0,0,0.397959184,0.5,0.533333333,0.666666667,0.285714286,0.2,1,1,0.951219512
0,0.328767123,0.140438329,0.6,0,0,0.397959184,0.75,1,1,0.357142857,0.8,1,1,0.951219512
0,0.493150685,0.059015029,0.8,0,0,0.397959184,0.75,0.6,0.333333333,0.214285714,0,1,1,0.951219512
0,0.424657534,0.072121587,0.533333333,0.028850289,0,0.142857143,0.5,0.733333333,0.333333333,0.857142857,0,1,1,0.951219512
0,0.273972603,0.191353176,0.6,0,0,0.469387755,0.5,1,0,0.571428571,0.2,1,1,0.951219512
0,0.397260274,0.03750723,0.8,0,0,0.091836735,0.625,0.6,0.333333333,0.285714286,0,1,1,0.951219512
1,0.452054795,0.134880574,0.333333333,0,0,0.397959184,0.5,0,0.333333333,0.214285714,0,1,1,0.951219512
1,0.328767123,0.052016927,0.6,0,0,0.397959184,0.25,1,0.333333333,0.357142857,0,1,1,0.951219512
0,0.438356164,0.153966369,0.4,0,0,0.397959184,0.5,0.066666667,0.333333333,1,0,1,1,0.951219512
0,0,0.09394127,0.333333333,0,0,0.295918367,0,0,0.666666667,0,0.6,1,1,0.951219512
1,0.424657534,0.232075989,0.666666667,0,0,0.142857143,0.875,0.533333333,0.333333333,0.285714286,0,1,1,0.268292683
0,0.479452055,0.063520768,0.8,0,0.865472911,0.397959184,0.5,0.6,0,0.071428571,0.8,1,1,0.951219512
0,0.164383562,0.281223044,0.8,0,0,0.397959184,0.5,0.6,0.666666667,0.071428571,0.2,0.5,0,0.951219512
0,0.397260274,0.200114335,0.6,0,0,0.5,0.125,1,0.833333333,0.285714286,0.8,1,0,0.951219512
0,0.068493151,0.100184356,0.6,0,0,0.193877551,0.875,1,0.666666667,0.571428571,0.6,0.5,1,0.951219512
0,0.205479452,0.106681821,0.866666667,0,0,0.37755102,0.875,0.8,0.666666667,0.071428571,0.2,1,0,0.951219512
1,0.328767123,0.098369207,0.6,0,0,0.397959184,0.75,1,0.333333333,0.285714286,0,1,1,0.951219512
0,0.054794521,0.242677329,0.6,0,0,0.397959184,0.5,1,0.666666667,0.857142857,0.6,1,1,0.951219512
0,0.178082192,0.357927495,0.333333333,0,0,0.397959184,0.5,0,0.333333333,0.571428571,0,0.5,1,0.951219512
0,0.219178082,0.101709272,0.866666667,0,0,0.5,0.25,0.8,0.666666667,0.714285714,0.2,1,0,0.951219512
0,0.246575342,0.05740487,0.6,0,0,0.367346939,0.5,1,0.666666667,0.571428571,0.8,0.5,0,0.951219512
0,0.424657534,0.116944893,0.866666667,0,0,0.397959184,0.5,0.8,0.333333333,0.285714286,0,1,1,0.951219512
1,0.301369863,0.173895806,0.6,0,0,0.397959184,0.5,1,0.333333333,0.285714286,0,1,1,0.951219512
1,0.506849315,0.090269702,0.533333333,0.076880769,0,0.244897959,0.5,0.733333333,0.333333333,0.928571429,0,1,1,0.951219512
0,0.246575342,0.167484262,0.533333333,0,0,0.551020408,0.5,0.733333333,0.333333333,0.214285714,0,1,1,0.951219512
0,0.328767123,0.089750797,0.8,0,0,0.397959184,0.5,0.6,0,0.285714286,0.8,0.5,0,0.951219512
0,0.315068493,0.029143876,0.533333333,0,0,0.397959184,0.25,0.733333333,0.333333333,1,0,1,1,0.951219512
0,0.356164384,0.084185601,0.466666667,0,0,0.397959184,0.5,0.133333333,0.333333333,0.214285714,0,1,1,0.951219512
0,0.04109589,0.124134455,0.6,0,0,0.255102041,0.5,1,0.666666667,0.071428571,0.6,1,1,0.951219512
0,0.02739726,0.024428411,0.6,0,0,0.846938776,0,1,0.666666667,0,0.6,1,1,0.951219512
0,0.424657534,0.023267472,0.733333333,0,0,0.418367347,0.5,0.466666667,0,0.285714286,0.8,1,0,0.951219512
0,0.150684932,0.091458378,0.533333333,0,0,0.091836735,0,0.733333333,0,0,0.6,1,0,0.951219512
0,0.054794521,0.169104569,0.533333333,0,0,0.397959184,0,0.733333333,0.666666667,0,0.4,1,1,0.951219512
0,0.356164384,0.128161882,0.533333333,0,0,0.397959184,0.5,0.733333333,0.333333333,0.571428571,0,1,1,0.951219512
1,0.383561644,0.155535259,0.2,0,0,0.551020408,0.75,0.333333333,0.333333333,0.285714286,0,1,1,0.951219512
0,0.191780822,0.132718361,0.533333333,0,0,0.397959184,0.5,0.733333333,0,0.857142857,0.8,0.75,0,0.634146341
0,0.04109589,0.0732602,0.6,0,0,0.112244898,0.5,1,0.666666667,0.571428571,0.2,1,0,0.951219512
0,0.123287671,0.188028672,0.6,0,0,0.397959184,0.5,1,0.833333333,0.357142857,0.6,1,1,0.951219512
0,0.465753425,0.143749302,0.2,0,0,0.397959184,0.5,0.333333333,0.333333333,1,0,1,1,0.12195122
0,0.164383562,0.144785758,0.533333333,0,0,0.357142857,0.5,0.733333333,0.666666667,0.428571429,0.2,1,1,0.951219512
0,0.342465753,0.074035511,0.6,0,0,0.397959184,0.5,1,0.333333333,0.071428571,0,1,1,0.268292683
0,0.109589041,0.202874607,0.6,0,0,0.397959184,0.5,1,0.666666667,0.714285714,0.2,1,0,0.951219512
0,0.150684932,0.064237898,0.466666667,0,0,0.397959184,0.75,0.133333333,0.333333333,0.214285714,0.2,1,1,0.951219512
1,0.520547945,0.120003518,0.533333333,0,0,0.397959184,0.5,0.733333333,0.333333333,0.714285714,0,1,1,0.951219512
1,0.287671233,0.013957642,0.666666667,0,0,0.551020408,0.5,0.533333333,0.333333333,0.214285714,0,1,1,0.951219512
1,0.452054795,0.103318077,0.933333333,1,0,0.806122449,0.75,0.933333333,0.333333333,0.714285714,0,1,1,0.951219512
1,0.205479452,0.09515836,0.6,0,0,0.397959184,0.5,1,0.333333333,0.857142857,0,1,1,0.951219512
0,0.410958904,0.051605592,0.133333333,0,0,0.193877551,0.5,0.266666667,0.666666667,0.5,0.6,1,1,0.951219512
0,0.452054795,0.241579309,0.533333333,0,0,0.397959184,0.5,0.733333333,0,0.071428571,0.8,1,0,0.951219512
1,0.630136986,0.103730765,0.6,0.150241502,0,0.397959184,0.5,1,0.333333333,0.285714286,0,1,1,0.951219512
0,0.150684932,0.063856331,0.8,0,0,0.010204082,0.5,0.6,0.666666667,0.857142857,0.6,1,1,0.951219512
1,0.369863014,0.084364884,1,0,0,0.5,0.5,0.666666667,0.333333333,0.714285714,0,1,1,0.951219512
0,0.452054795,0.131898398,0.6,0,0,0.755102041,0.625,1,0.833333333,0.285714286,0.8,1,0,0.951219512
0,0.150684932,0.091105225,0.333333333,0,0,0.806122449,0.75,0,0.666666667,0.857142857,0.6,1,1,0.951219512
0,0.205479452,0.059954063,0.6,0,0,0.704081633,0.5,1,0.833333333,0.571428571,0.8,0.75,0,0.951219512
0,0.01369863,0.173644811,0.466666667,0,0,0.193877551,0.5,0.133333333,0.666666667,0.571428571,0.6,1,1,0.951219512
0,0.109589041,0.275889224,0.733333333,0,0,0.193877551,0,0.466666667,0.666666667,0,0.6,1,1,0.951219512
0,0.123287671,0.134908312,0.533333333,0,0,0.397959184,0.5,0.733333333,0.333333333,0.071428571,0,1,1,0.951219512
1,0.493150685,0.075630787,1,1,0,0.367346939,0.5,0.666666667,0.333333333,0.714285714,1,1,0,0.951219512
0,0.383561644,0.238195269,0.8,0,0,0.346938776,0.75,0.6,0.666666667,0.857142857,0.2,1,0,0.951219512
0,0,0.159185855,0.466666667,0,0,0.173469388,0.5,0.133333333,0.666666667,0.428571429,0.6,1,1,0.951219512
1,0.219178082,0.188786393,0.8,0.07298073,0,0.448979592,0.625,0.6,0.333333333,0.285714286,0,1,1,0.951219512
0,0.246575342,0.106987616,0.733333333,0,0,0.397959184,0.125,0.466666667,0,0.714285714,0.8,0.5,0,0.951219512
0,0.493150685,0.131020929,0.733333333,0,0,0.397959184,0.875,0.466666667,0,0.071428571,0.8,0,0,0.951219512
0,0.452054795,0.075642964,0.533333333,0,0,0.397959184,0.5,0.733333333,0.333333333,0.214285714,0,1,1,0.756097561
0,0.109589041,0.089436884,0.533333333,0,0,0.397959184,0.5,0.733333333,0.833333333,0.285714286,0.8,1,0,0.951219512
0,0.287671233,0.160098504,0.533333333,0,0,0.5,0.75,0.733333333,0.333333333,1,0,1,1,0.951219512
0,0.287671233,0.204723584,0.6,0,0,0.459183673,0.5,1,0.666666667,0.571428571,0.2,1,1,0.951219512
0,0.315068493,0.133947629,0.533333333,0,0,0.397959184,0.25,0.733333333,0.666666667,0.071428571,0.4,0.5,0,0.951219512
1,0.260273973,0.104996567,0.6,0,0,0.397959184,0.5,1,0.333333333,0.214285714,0,1,1,0.951219512
0,0.369863014,0.060661721,0.933333333,0,0,0.397959184,0.25,0.933333333,0.833333333,0.714285714,0.8,1,0,0.951219512
0,0.123287671,0.133344834,0.6,0,0,0.397959184,0.5,1,0.333333333,0.428571429,0,1,1,0.951219512
0,0.684931507,0.122203617,0.533333333,0.038180382,0,0.102040816,0,0.733333333,0.333333333,0,0,1,1,0.951219512
0,0.164383562,0.04481654,0.333333333,0,0,0.112244898,0,0,0.833333333,0,0.8,1,0,0.951219512
0,0.287671233,0.017246967,0.533333333,0,0,0.602040816,0.75,0.733333333,0.666666667,0.357142857,0.2,1,1,0.951219512
0,0.643835616,0.181462877,0.533333333,0,0,0.5,0.75,0.733333333,0.333333333,1,0,1,1,0.951219512
0,0.438356164,0.110503581,0.866666667,0,0,0.397959184,0.5,0.8,0.333333333,0.714285714,0,1,1,0.951219512
0,0.301369863,0.062039151,0.533333333,0,0.365013774,0.397959184,0,0.733333333,0.666666667,0,0.2,1,1,0.951219512
0,0.684931507,0.081030231,0.533333333,0,0,0.193877551,0,0.733333333,0.333333333,0,0,0.5,1,0.951219512
0,0.438356164,0.139631219,0.6,0,0,0.428571429,0.5,1,0.333333333,0.5,0,1,1,0.951219512
0,0.465753425,0.199243631,0.533333333,0,0,0.397959184,0.5,0.733333333,0,0.214285714,0.2,1,1,0.951219512
0,0.602739726,0.148187387,0.6,0,0,0.397959184,0.5,1,0.333333333,0.214285714,0,1,1,0.951219512
0,0.02739726,0.197673388,0.333333333,0,0,0.244897959,0.5,0,0.666666667,0.357142857,0.6,1,1,0.951219512
1,0.328767123,0.224839745,0.6,0,0,0.602040816,0.75,1,0.333333333,0.714285714,0,1,1,0.951219512
0,0.465753425,0.083915663,0.533333333,0,0.362488522,0.397959184,0.75,0.733333333,0.333333333,0.357142857,0,1,1,0.951219512
0,0.164383562,0.095311934,0.6,0,0,0.397959184,0,1,0.666666667,0,0.6,0.5,0,0.951219512
1,0.369863014,0.199702324,0.933333333,0,0,0.285714286,0.5,0.933333333,0.333333333,0.714285714,0,1,1,0.951219512
0,0.04109589,0.064523396,0.6,0,0,0.091836735,0.5,1,0.666666667,0.928571429,0.2,1,0,0.048780488
0,0.082191781,0.014982596,0.533333333,0,0,0.397959184,0.5,0.733333333,0.666666667,0.5,0.2,1,0,0.951219512
0,0.082191781,0.247789245,0.6,0,0,0.397959184,0.5,1,0.666666667,0.214285714,0.6,1,1,0.951219512
0,0.082191781,0.252845009,0.266666667,0,0,0.704081633,0.5,0.4,0.666666667,0.357142857,0.8,1,1,0.951219512
1,0.643835616,0.116354952,1,0,0,0.5,0.875,0.666666667,0.333333333,0.714285714,0,1,1,0.951219512
0,0.315068493,0.113132605,0.533333333,0,0,0.551020408,0.5,0.733333333,0.333333333,0.5,0,1,1,0.951219512
0,0.342465753,0.229962486,0.533333333,0,0,0.214285714,0.75,0.733333333,0.833333333,0.571428571,0.2,1,0,0.951219512
1,0.520547945,0.208745598,0.8,0,0,0.5,0.5,0.6,0.333333333,0.857142857,0,1,1,0.951219512
1,0.315068493,0.227049316,0.8,0,0,0.397959184,0.5,0.6,0.333333333,0.714285714,0,1,1,0.951219512
0,0.191780822,0.007587366,0.533333333,0,0,0.755102041,0.75,0.733333333,0.333333333,0.214285714,0,1,1,0.951219512
0,0.01369863,0.196841924,0.533333333,0,0,0.193877551,0.5,0.733333333,0.666666667,0.857142857,0.6,1,0,0.951219512
0,0,0.125461821,0.4,0,0,0.193877551,0,0.066666667,0.666666667,0,0.6,1,0,0.219512195
0,0.205479452,0.180402066,0.533333333,0,0,0.397959184,0.5,0.733333333,0.666666667,0.5,0.2,0.5,0,0.951219512
1,0.465753425,0.109239809,0.533333333,0,0,0.397959184,0.5,0.733333333,0.333333333,1,0,1,1,0.951219512
0,0.246575342,0.142184471,0.533333333,0,0,0.397959184,0.75,0.733333333,0.333333333,0.357142857,0,1,1,0.634146341
0,0.465753425,0.083090287,0.533333333,0,0,0.653061224,0.75,0.733333333,0.333333333,1,0,1,1,0.951219512
0,0.178082192,0.095791599,0.733333333,0,0,0.530612245,0.5,0.466666667,0.666666667,0.714285714,0.2,1,0,0.951219512
0,0.97260274,0.131252304,0.933333333,0,0,0.397959184,0.75,0.933333333,0.333333333,0.714285714,0,1,1,0.951219512
0,0.315068493,0.369835229,0.2,0,0,0.397959184,0.5,0.333333333,0.666666667,0.357142857,0.6,1,1,0.951219512
0,0.150684932,0.145789062,0.666666667,0,0,0.397959184,0.5,0.533333333,0.666666667,0.571428571,0.4,0.5,1,0.951219512
0,0.383561644,0.025040677,0.8,0,0,0.397959184,0.5,0.6,0.666666667,0.928571429,0.6,1,1,0.951219512
1,0.575342466,0.074417755,0.933333333,1,0,0.397959184,0.5,0.933333333,0.333333333,0.714285714,0,0.25,1,0.463414634
0,0.397260274,0.117303457,0.533333333,0,0,0.397959184,0.5,0.733333333,0,1,0.2,1,1,0.951219512
0,0.712328767,0.167130433,0.933333333,0,0,0.040816327,0,0.933333333,0,0,0.2,1,1,0.951219512
0,0.438356164,0.026021656,0.6,0,0,0.551020408,0.5,1,0,0.857142857,0.8,1,0,0.219512195
0,0.246575342,0.069331547,0.8,0,0,0.397959184,0.5,0.6,0,0.857142857,0.2,1,0,0.951219512
0,0.054794521,0.097023574,0.266666667,0,0,0.418367347,0,0.4,0.666666667,0,0.6,1,1,0.951219512
0,0.164383562,0.125597129,0.6,0,0,0.295918367,0.5,1,0.833333333,0.642857143,0.2,1,0,0.317073171
0,0.424657534,0.171875666,0.533333333,0,0,0.397959184,0,0.733333333,0.333333333,0,0,1,1,0.951219512
0,0.479452055,0.055547775,0.533333333,0,0,0.397959184,0.5,0.733333333,0.333333333,0.071428571,0,1,1,0.951219512
0,0.616438356,0.241827598,0.533333333,0,0,0.397959184,0.75,0.733333333,0.333333333,0.071428571,1,1,0,0.951219512
0,0.547945205,0.086033225,0.533333333,0,0,0.153061224,0.25,0.733333333,0,0.071428571,0.2,1,0,0.951219512
0,0.273972603,0.13572354,0.533333333,0,0,0.397959184,0.5,0.733333333,0.333333333,0.214285714,0,1,1,0.951219512
0,0.780821918,0.090710127,0.533333333,0,0,0.275510204,0.5,0.733333333,1,0.571428571,0.2,1,0,0.951219512
0,0.479452055,0.122338925,0.333333333,0,0,0.448979592,0.5,0,0.333333333,1,0,1,1,0.951219512
0,0.493150685,0.189071892,0.6,0,0,0.724489796,0.75,1,0.333333333,1,0,1,1,0.951219512
0,0.01369863,0.112625878,0.6,0,0,0.142857143,0.5,1,0.666666667,0.857142857,0.6,1,0,0.951219512
1,0.575342466,0.103787594,0.8,0,0,0.193877551,0.625,0.6,0.333333333,0.714285714,0,1,1,0.951219512
0,0.136986301,0.081911083,0.8,0,0,0.5,0,0.6,0.5,0,0.2,1,1,0
0,0.054794521,0.156689432,0.533333333,0,0,0.397959184,0.5,0.733333333,0.666666667,0.571428571,0.4,0.5,1,0.951219512
0,0.315068493,0.082776374,0.8,0,0,0.387755102,0.125,0.6,0.333333333,0.285714286,0,1,1,0.951219512
0,0.315068493,0.168601225,0.533333333,0,0,0.346938776,0.25,0.733333333,0.333333333,0.214285714,0,0.5,1,0.951219512
1,0.246575342,0.07120082,0.666666667,0,0,0.397959184,0,0.533333333,0.333333333,0,1,1,0,0.951219512
0,0.342465753,0.060661721,0.8,0,0,0.37755102,0.875,0.6,0.666666667,0.285714286,0.2,1,0,0.951219512
1,0.246575342,0.117224303,0.866666667,0,0.433195592,0.397959184,0.5,0.8,0.333333333,0.714285714,0,1,1,0.951219512
0,0.657534247,0.072047168,0.533333333,0,0,0.295918367,0.5,0.733333333,0.333333333,0.214285714,0,1,1,0.951219512
0,0.260273973,0.097466706,0.266666667,0,0,0.397959184,0.5,0.4,0.666666667,0.428571429,0.6,1,1,0.951219512
0,0.493150685,0.177246696,0.533333333,0,0,0.397959184,0.5,0.733333333,0,0.071428571,0.2,1,0,0.951219512
0,0.205479452,0.166133217,0.533333333,0,0,0.397959184,0.25,0.733333333,0.333333333,1,0,1,1,0.951219512
0,0.369863014,0.092360879,0.533333333,0,0,0.326530612,0.625,0.733333333,0,0.571428571,0.8,1,0,0.951219512
0,0.054794521,0.14451176,0.6,0,0,0.295918367,0.5,1,0.666666667,0.571428571,0.4,1,0,0.951219512
1,0.328767123,0.224768709,0.533333333,0.135501355,0,0.602040816,0.5,0.733333333,0,0.285714286,0.2,1,0,0.951219512
0,0.397260274,0.026375485,0.533333333,0.043860439,0,0.704081633,0.75,0.733333333,0.333333333,0.357142857,0,1,1,0.951219512
1,0.301369863,0.017608238,0.6,0,0,0.397959184,0.5,1,0.5,0.214285714,0.8,1,1,0.951219512
0,0.424657534,0.026611597,0.8,0,0,0.5,0.75,0.6,0.833333333,0.214285714,0.2,1,1,0.951219512
0,0.479452055,0.167306333,0.533333333,0,0,0.397959184,0.5,0.733333333,0.333333333,0.071428571,0,1,1,0.951219512
0,0.191780822,0.249552978,0.6,0,0,0.602040816,0.5,1,0.666666667,0.285714286,0.8,1,1,0.951219512
0,0.150684932,0.022547637,0.6,0,0,0.397959184,0.5,1,0.666666667,0.642857143,0.2,1,0,0.951219512
0,0.479452055,0.151501744,0.533333333,0,0,0.397959184,0.5,0.733333333,0,0.285714286,0.2,1,0,0.951219512
0,0.424657534,0.131813154,0.6,0,0,0.397959184,0.5,1,0.333333333,0.714285714,0,1,1,0.951219512
0,0.150684932,0.116037656,0.533333333,0,0,0.551020408,0.5,0.733333333,0.333333333,1,0,1,1,0.951219512
0,0.123287671,0.08809937,0.8,0,0,0.346938776,0.5,0.6,0.666666667,0.714285714,0.8,0.5,0,0.951219512
0,0.02739726,0.266415671,0.6,0,0,0.244897959,0.5,1,0.666666667,0.071428571,0.6,1,0,0.951219512
0,0.04109589,0.264413121,0.6,0,0,0.102040816,0.5,1,0.666666667,0.571428571,0.6,1,0,0.951219512
0,0.561643836,0.087977593,0.8,0,0,0.5,0.5,0.6,0,0.714285714,0.2,1,0,0.951219512
1,0.260273973,0.080058047,0.533333333,0,0,0.397959184,0.25,0.733333333,0.333333333,0.071428571,1,0.25,0,0.073170732
0,0.068493151,0.238179709,0.666666667,0,0,0.244897959,0.5,0.533333333,0.666666667,0.857142857,0.2,0.5,0,0.951219512
0,0.123287671,0.098806926,0.133333333,0,0,0.397959184,0.5,0.266666667,0.666666667,1,0.2,1,1,0.097560976
0,0.506849315,0.210902399,0.533333333,0,0,0.397959184,0.5,0.733333333,0.666666667,0.571428571,0.6,0.5,0,0.951219512
1,0.520547945,0.210001252,0.866666667,0,0,0.62244898,0.5,0.8,1,0.285714286,0.6,1,1,0.951219512
0,0.465753425,0.041409498,0.6,0,0,0.602040816,0.75,1,0.833333333,0.285714286,0.2,1,0,0.951219512
0,0.150684932,0.01735183,0.533333333,0,0,0.479591837,0.5,0.733333333,0.666666667,0.571428571,0.2,0.5,0,0.951219512
1,0.410958904,0.227723147,0.533333333,0,0,0.397959184,0.5,0.733333333,0.333333333,0.214285714,0,1,1,0.951219512
0,0.479452055,0.265316298,0.533333333,0,0,0.397959184,0.5,0.733333333,0.666666667,0.071428571,0.8,0.5,0,0.951219512
0,0.356164384,0.164081956,0.6,0,0,0.397959184,0.875,1,0.666666667,0.571428571,0.2,1,0,0.951219512
0,0.356164384,0.26900275,0.533333333,0,0,0.969387755,0.5,0.733333333,0.666666667,0.571428571,0.2,0.5,0,0.951219512
0,0.054794521,0.094887746,0.533333333,0,0,0.346938776,0.5,0.733333333,0.666666667,0.071428571,0.2,1,0,0.951219512
0,0.205479452,0.122436346,0.6,0,0,0.397959184,0.5,1,0.333333333,0.5,0,0.25,1,0.731707317
0,0.438356164,0.102119253,0.533333333,0,0,0.56122449,0.25,0.733333333,0.333333333,0.785714286,0,1,1,0.951219512
0,0.684931507,0.08713801,0.533333333,0,0,0.193877551,0.75,0.733333333,0,0.714285714,0.2,1,0,0.951219512
0,0.616438356,0.137782919,0.133333333,0,0,0.295918367,0.75,0.266666667,0.333333333,0.357142857,0,1,1,0.951219512
0,0.315068493,0.172074568,0.533333333,0,0,0.397959184,0.5,0.733333333,0.333333333,0.214285714,0,0.5,1,0.341463415
0,0.123287671,0.222243871,0.533333333,0,0,0.397959184,0.5,0.733333333,0.333333333,0.714285714,0,1,1,0.951219512
0,0.054794521,0.059575879,0.533333333,0,0,0.397959184,0.5,0.733333333,0.666666667,0.5,0.6,1,1,0.951219512
0,0.164383562,0.240200526,0.533333333,0,0,0.397959184,0.5,0.733333333,0.333333333,0.5,0,1,1,0.951219512
1,0.438356164,0.114961285,0.533333333,0,0,0.5,0.625,0.733333333,0.333333333,0.857142857,0,1,1,0.951219512
1,0.164383562,0.081455773,0.933333333,0,0,0.5,0.75,0.933333333,0.666666667,0.714285714,0.6,1,1,0.536585366
0,0.287671233,0.01536484,0.6,0,0,0.397959184,0.5,1,0.833333333,0.571428571,0.8,1,0,0.951219512
0,0.315068493,0.09280807,0.533333333,0,0,0.346938776,0.5,0.733333333,0,0.428571429,0.2,0.5,1,0.951219512
0,0.287671233,0.094942545,0.8,0,0,1,0.75,0.6,0.333333333,0.357142857,0,1,1,0.951219512
0,0.109589041,0.11449921,0.533333333,0,0,0.244897959,0,0.733333333,0.333333333,0,1,1,0,0.951219512
1,0.602739726,0.09981429,0.2,0.076880769,0,0.397959184,0.5,0.333333333,0.333333333,0.214285714,0,1,1,0.756097561
0,0.191780822,0.145097641,0.533333333,0,0,0.397959184,0.5,0.733333333,0.666666667,0.071428571,0.6,0.5,1,0.951219512
0,0.328767123,0.122623747,0.733333333,0,0,0.091836735,0,0.466666667,0,0,0.8,1,0,0.146341463
0,0.082191781,0.07730454,0.533333333,0,0,0.397959184,0.5,0.733333333,0.666666667,0.214285714,0.4,1,1,0.951219512
0,0.287671233,0.106613491,0.533333333,0.038870389,0,0.448979592,0.5,0.733333333,0.833333333,0.071428571,0.8,1,0,0.951219512
0,0.273972603,0.147053511,0.533333333,0,0,0.418367347,0.5,0.733333333,0,0.5,0.2,1,0,0.951219512
0,0.205479452,0.268583297,0.533333333,0,0,0.397959184,0.25,0.733333333,0.333333333,0.214285714,0,1,1,0.951219512
0,0.191780822,0.016912757,0.6,0,0,0.397959184,0.75,1,0.333333333,0.357142857,0,1,1,0.951219512
0,0.109589041,0.11497211,0.533333333,0,0.362488522,0.397959184,0.5,0.733333333,0.333333333,0.214285714,0,1,1,0.951219512
0,0.082191781,0.109369027,0.8,0,0,0.265306122,0.875,0.6,0.666666667,0.714285714,0.6,1,0,0.951219512
0,0.808219178,0.045436248,0.333333333,0.011730117,0,0.397959184,0,0,0.333333333,0,0,1,1,0.951219512
0,0.095890411,0.124746045,0.8,0,0,0.397959184,0.5,0.6,0.333333333,0.714285714,0,1,1,0.951219512
0,0.01369863,0.078997913,0.4,0,0,0.275510204,0.5,0.066666667,0.666666667,0.571428571,0.6,1,1,0.951219512
0,0.273972603,0.074072044,0.533333333,0,0,0.397959184,0.5,0.733333333,0.666666667,0.214285714,0.2,0.25,1,0.414634146
1,0.630136986,0.093432514,0.8,0,0,0.397959184,0,0.6,1,0,0.2,1,0,0.951219512
0,0,0.067657794,0.4,0,0,0.112244898,0.5,0.066666667,0.666666667,0.428571429,0.6,1,1,0.951219512
0,0.123287671,0.065199934,0.533333333,0,0,0.397959184,0.5,0.733333333,0.666666667,0.5,0.2,1,1,0.951219512
0,0.369863014,0.030015256,0.733333333,0,0,0.418367347,0.5,0.466666667,0.333333333,0.5,0,1,1,0.951219512
0,0.095890411,0.261930905,0.8,0,0,0.397959184,0.5,0.6,0.666666667,0.857142857,0.6,1,0,0.951219512
0,0.465753425,0.214233669,0.6,0,0,0.397959184,0.5,1,1,0.071428571,0.2,1,0,0.951219512
0,0.383561644,0.121432365,0.866666667,0,0,0.397959184,0.25,0.8,0,0.714285714,0.2,1,0,0.951219512
0,0.191780822,0.810639903,0.333333333,0,0,0.397959184,0.5,0,0.333333333,0.071428571,1,1,0,0.951219512
1,0.178082192,0.156244947,0.6,0,0,0.479591837,0.125,1,0.333333333,0.142857143,0,1,1,0.951219512
0,0.068493151,0.232729524,0.533333333,0,0,0.091836735,0,0.733333333,0.666666667,0,0.6,0.5,1,0.951219512
1,0.205479452,0.044817217,0.6,0.150241502,0,0.5,0.625,1,0.333333333,0.285714286,0,1,1,0.951219512
0,0.616438356,0.075573957,0.533333333,0,0,0.397959184,0,0.733333333,0.333333333,0,0,1,1,0.951219512
0,0.547945205,0.127780315,0.733333333,0,0,0.397959184,0.5,0.466666667,1,0.071428571,0.4,1,0,0.951219512
0,0.082191781,0.15127984,0.4,0,0,0.551020408,0.5,0.066666667,0.333333333,0.285714286,0,1,1,0.951219512
0,0.808219178,0.10611353,0.6,0,0,0.295918367,0.25,1,1,0.071428571,0.2,1,0,0.951219512
0,0.493150685,0.012972604,0.533333333,0,0,0.397959184,0.5,0.733333333,0,0.714285714,0.2,1,1,0.951219512
1,0.301369863,0.012576829,0.8,0,0,0.397959184,0.5,0.6,0,0.857142857,0.8,1,0,0.951219512
0,0.01369863,0.10382751,0.6,0,0,0.295918367,0.5,1,0.666666667,0.571428571,0.6,1,0,0.951219512
0,0.082191781,0.079119013,0.533333333,0,0,0.397959184,0.25,0.733333333,0.666666667,0.071428571,0.6,1,1,0.951219512
1,0.616438356,0.070590583,1,0,0,0.397959184,0.75,0.666666667,1,0.285714286,0.2,1,0,0.951219512
0,0.356164384,0.157795571,0.8,0,0,0.37755102,0.5,0.6,0.333333333,0.428571429,0,1,1,0.951219512
0,0.123287671,0.107806903,0.8,0,0,0.724489796,0.5,0.6,0.333333333,0.285714286,0,1,1,0.951219512
1,0.164383562,0.078634612,0.733333333,0,0,0.397959184,0.75,0.466666667,1,0.857142857,0.8,1,0,0.951219512
0,0.260273973,0.101728215,0.533333333,0,0,0.397959184,0.5,0.733333333,0.833333333,0.071428571,0.2,1,1,0.097560976
0,0.054794521,0.094380343,0.6,0,0,0.295918367,0.875,1,0.666666667,0.071428571,0.6,1,0,0.951219512
0,0.068493151,0.122320658,0.533333333,0,0,0.428571429,0.5,0.733333333,0.666666667,0.428571429,0.2,1,1,0.951219512
0,0.465753425,0.181307273,0.333333333,0,0,0.397959184,0.5,0,0.833333333,0.071428571,0.8,0.5,0,0.951219512
0,0.068493151,0.190160441,0.6,0,0,0.397959184,0.875,1,0.666666667,0.785714286,0.6,0.5,0,0.951219512
0,0.068493151,0.12159541,0.533333333,0,0,0.397959184,0.5,0.733333333,0.666666667,0.071428571,0.6,1,1,0.951219512
0,0.301369863,0.035681933,0.6,0,0,0.428571429,0.5,1,0.333333333,1,0,1,1,0.951219512
0,0.082191781,0.269370786,0.533333333,0,0,0.397959184,0.5,0.733333333,0.666666667,0.214285714,0.6,1,1,0.951219512
1,0.205479452,0.115037057,0.533333333,0.076880769,0,0.397959184,0.5,0.733333333,0.333333333,0.714285714,0,1,1,0.951219512
0,0.452054795,0.122849711,0.866666667,0,0,0.37755102,0.5,0.8,0.333333333,0.714285714,1,1,0,0.951219512
0,0.273972603,0.156207061,0.6,0,0,0.397959184,0.125,1,0.666666667,0.071428571,0.2,0.5,0,0.951219512
0,0.178082192,0.181165877,0.6,0,0,0.479591837,0.5,1,0.666666667,0.857142857,0.2,1,0,0.951219512
0,0.178082192,0.091542945,0.6,0,0,0.397959184,0.5,1,0,0.071428571,0.8,0.5,0,0.951219512
0,0.726027397,0.104912676,0.266666667,0.011110111,0,0.142857143,0,0.4,1,0,0.8,1,0,0.951219512
0,0.191780822,0.180902704,0.6,0,0,0.448979592,0.5,1,0.333333333,0.428571429,0,1,1,0.951219512
0,0.178082192,0.256291966,0.733333333,0,0,0.397959184,0.5,0.466666667,0.666666667,0.857142857,0.2,1,1,0.951219512
0,0.232876712,0.225337677,0.8,0,0,0.397959184,0.5,0.6,0.333333333,0.928571429,0,1,1,0.219512195
0,0.260273973,0.07025705,0.533333333,0,0,0.408163265,0.625,0.733333333,0.666666667,0.285714286,0.6,1,1,0.951219512
0,0.164383562,0.320448003,0.8,0,0,0.397959184,0.5,0.6,0.666666667,0.857142857,0.6,0.5,1,0.951219512
1,0.219178082,0.13880855,0.733333333,0,0,0.397959184,0.5,0.466666667,0.333333333,0.714285714,0,1,1,0.951219512
1,0.493150685,0.248831113,0.533333333,0.076880769,0,0.479591837,0.5,0.733333333,0.333333333,0.285714286,0,1,1,0.951219512
0,0.082191781,0.137908079,0.6,0,0,0.397959184,0.5,1,0.666666667,0.428571429,0.6,1,1,0.951219512
0,0.246575342,0.124622238,0.8,0,0,0.5,0.5,0.6,0.666666667,0.857142857,0.2,1,1,0.951219512
0,0.150684932,0.160391445,0.4,0,0,0.5,0.5,0.066666667,0.333333333,1,0,1,1,0.951219512
1,0.164383562,0.176417938,0.8,0,0,0.520408163,0.5,0.6,0.333333333,0.285714286,0,1,1,1
1,0.369863014,0.120201067,0.8,0.150241502,0,0.397959184,0.25,0.6,0.333333333,0.785714286,1,0.5,0,0.951219512
0,0.219178082,0.11066189,0.4,0,0,0.602040816,0.5,0.066666667,0.333333333,0.857142857,0,1,1,0.951219512
1,0.287671233,0.017608238,0.8,0.150241502,0,0.653061224,0.5,0.6,0.333333333,0.285714286,0,1,1,0.951219512
0,0.602739726,0.065024034,0.4,0,0,0.081632653,0,0.066666667,1,0,0.8,0.5,0,0.951219512
0,0.547945205,0.159021456,0.533333333,0,0,0.724489796,0.75,0.733333333,0.333333333,0.857142857,0,1,1,0.951219512
0,0.465753425,0.161733695,0.266666667,0,0,0.37755102,0.25,0.4,0.333333333,0.571428571,1,1,0,0.804878049
1,0.356164384,0.254675719,0.6,0,0,0.602040816,0.75,1,0.333333333,0.357142857,0,1,1,0.951219512
0,0.095890411,0.290515285,0.8,0,0,0.397959184,0.5,0.6,0.666666667,0.928571429,0.6,1,1,0.951219512
0,0.068493151,0.302532618,0.466666667,0,0,0.5,0.5,0.133333333,0.5,0.571428571,0.8,0.5,0,0.951219512
0,0.068493151,0.07662259,0.4,0,0,0.397959184,0.5,0.066666667,0.666666667,0.357142857,0.2,1,1,0.951219512
0,0.109589041,0.188182922,0.733333333,0,0,0.397959184,0.5,0.466666667,0.666666667,0.071428571,0.2,0.5,0,0.951219512
1,0.246575342,0.247283195,0.8,0,0,0.5,0.5,0.6,0.666666667,0.714285714,0.2,1,1,0.951219512
0,0.561643836,0.226915362,0.4,0,0,0.142857143,0,0.066666667,0,0,0.2,0.5,1,0.951219512
0,0.315068493,0.08255244,0.8,0,0.399678604,0.397959184,0.125,0.6,0,0.714285714,0.2,0.5,0,0.951219512
0,0.136986301,0.100716115,0.333333333,0,0,0.397959184,0.5,0,0.666666667,0.571428571,0.2,1,1,0.951219512
1,0.273972603,0.120744326,0.6,0,0,0.602040816,0.625,1,0.333333333,0.857142857,0,1,1,0.951219512
0,0.095890411,0.014306735,0.733333333,0,0,0.397959184,0.25,0.466666667,0.333333333,0.571428571,1,1,0,0.951219512
0,0.095890411,0.127195787,0.6,0,0,0.397959184,0.5,1,0.666666667,0.214285714,0.2,1,1,0.951219512
0,0.246575342,0.022766835,0.533333333,0,0,0.397959184,0.5,0.733333333,0.666666667,0.5,0.2,1,0,0.951219512
0,0.109589041,0.079842908,0.533333333,0,0,0.397959184,0.5,0.733333333,0.333333333,0.5,0,1,1,0.951219512
1,0.273972603,0.121153631,0.733333333,0,0,0.397959184,0.25,0.466666667,0.333333333,0.285714286,0,1,1,0.243902439
0,0.191780822,0.073185104,0.8,0,0,0.397959184,0.5,0.6,0.666666667,0.285714286,0.2,1,0,0.951219512
0,0.479452055,0.040242471,0.6,0,0,0.397959184,0.5,1,0,0.071428571,0.2,1,0,0.951219512
1,0.315068493,0.066691022,0.8,0,0,0.5,0.5,0.6,0.333333333,0.857142857,0,1,1,0.951219512
1,0.232876712,0.057801998,0.933333333,0,0,0.397959184,0.25,0.933333333,0.333333333,0.714285714,0,1,1,0.951219512
0,0.712328767,0.12688052,0.8,0,0.288797062,0.397959184,0.75,0.6,0.333333333,0.285714286,0,1,1,0.951219512
0,0.054794521,0.269791593,0.6,0,0,0.346938776,0.5,1,0.666666667,0.071428571,0.6,1,0,0.951219512
0,0.438356164,0.112619113,0.866666667,0,0,0.397959184,0.5,0.8,0.5,0.071428571,0.8,1,0,0.951219512
1,0.287671233,0.145902044,0.866666667,1,0,0.653061224,0.5,0.8,0.333333333,0.714285714,0,1,1,0.951219512
0,0.726027397,0.109427886,0.533333333,0,0,0.397959184,0.5,0.733333333,0.333333333,0.857142857,0,1,1,0.951219512
1,0.410958904,0.066717407,0.933333333,0,0.554407713,0.551020408,0.625,0.933333333,0.333333333,0.714285714,0,1,1,0.951219512
0,0.643835616,0.051541998,0.6,0,0,0.397959184,0.5,1,0.333333333,0.571428571,0,1,1,0.951219512
0,0.438356164,0.161378512,0.933333333,0,0,0.479591837,0.5,0.933333333,0.666666667,0.357142857,0.4,1,1,0.951219512
0,0.369863014,0.043238178,0.8,0,0,0.5,0.5,0.6,0.333333333,0.285714286,0,1,1,0.951219512
0,0.287671233,0.13141738,0.6,0,0,0.5,0.5,1,0,0.928571429,0.8,1,0,0.951219512
0,0.191780822,0.299180375,0.4,0,0.459366391,0.397959184,0.5,0.066666667,0.666666667,0.214285714,0.2,1,1,0.951219512
0,0.246575342,0.182784154,0.533333333,0,0,0.5,0.5,0.733333333,0.333333333,1,0,1,1,0.951219512
1,0.643835616,0.100831126,0.733333333,0,0.433195592,0.5,0.625,0.466666667,0.333333333,0.857142857,0,1,1,0.951219512
1,0.410958904,0.249396698,0.866666667,0.150241502,0,0.5,0.5,0.8,0.333333333,0.285714286,0,1,1,0.951219512
0,0.232876712,0.11124033,0.533333333,0,0,0.397959184,0.5,0.733333333,0.666666667,0.071428571,0.6,1,1,0.951219512
0,0.04109589,0.264986148,0.6,0,0,0.346938776,0.5,1,0.666666667,0.5,0.6,1,1,0.951219512
0,0.315068493,0.222752628,0.6,0,0,0.295918367,0,1,0,0,0.2,1,0,0.951219512
0,0.493150685,0.115276552,0.8,0,0,0.5,0.25,0.6,0.333333333,0.785714286,0,0.25,1,0.731707317
0,0.095890411,0.094399286,0.533333333,0,0,0.346938776,0.75,0.733333333,0.666666667,0.214285714,0.2,1,1,0.951219512
0,0.712328767,0.017224641,0.666666667,0,0,0.071428571,0.75,0.533333333,0.333333333,0.857142857,0,1,1,0.951219512
1,0.589041096,0.068505495,0.8,0,0,0.5,0.875,0.6,0.333333333,0.285714286,0,1,1,0.951219512
0,0.424657534,0.030612638,0.6,0,0,0.397959184,0.5,1,0.333333333,0.5,0,1,1,0.951219512
0,0.04109589,0.134289957,0.6,0,0,0.193877551,0.5,1,0.666666667,0.071428571,0.6,1,0,0.951219512
1,0.164383562,0.14337856,0.6,0,0,0.397959184,0.5,1,0.333333333,0.214285714,0,1,1,0.951219512
0,0.356164384,0.096239467,0.733333333,0,0,0.397959184,0.5,0.466666667,0,0.214285714,0.2,1,1,0.951219512
0,0.109589041,0.128728144,0.6,0,0,0.397959184,0.5,1,0.666666667,0.571428571,0.2,1,0,0.951219512
0,0.301369863,0.131183974,0.533333333,0,0,0.448979592,0.125,0.733333333,0.666666667,0.285714286,0.8,1,0,0.951219512
0,0.260273973,0.348202271,0.333333333,0,0,0.397959184,0.5,0,0,0.285714286,0.8,1,0,0.951219512
0,0.260273973,0.092776272,0.6,0,0,0.551020408,0.5,1,0,0.071428571,0.2,1,1,0.951219512
0,0.602739726,0.149131833,0.866666667,0,0,0.5,0.5,0.8,0.333333333,0.714285714,0,1,1,0.951219512
0,0.01369863,0.247444211,0.466666667,0,0,0.091836735,0.625,0.133333333,0.666666667,0.357142857,0.6,1,1,0.951219512
0,0.356164384,0.121571732,0.666666667,0,0,0.551020408,0.5,0.533333333,0.666666667,0.071428571,0.6,1,0,0.951219512
1,0.808219178,0.126961705,0.8,0.200512005,0,0.5,0.5,0.6,0.333333333,0.071428571,0,1,1,0.951219512
0,0,0.144052391,0.266666667,0,0,0.346938776,0.5,0.4,0.666666667,0.571428571,0.6,0.5,1,0.951219512
0,0.191780822,0.11390927,0.8,0,0,0.397959184,0.5,0.6,0.666666667,0.571428571,0.2,1,1,0
1,0.356164384,0.125856919,0.8,0,0,0.5,0.625,0.6,0.333333333,0.285714286,0,1,1,0.951219512
0,0.01369863,0.145232949,0.533333333,0,0,0.295918367,0.5,0.733333333,0.666666667,0.571428571,0.6,1,0,0
0,0.191780822,0.118743805,0.6,0,0,0.397959184,0.5,1,0,0.571428571,0.2,1,0,0.951219512
0,0.150684932,0.06422572,0.8,0,0,0.193877551,0.875,0.6,0.666666667,0.928571429,0.6,0.25,1,0.951219512
0,0.136986301,0.095251723,0.933333333,0,0,0.397959184,0.5,0.933333333,0.666666667,0.714285714,0.6,0.25,1,0.951219512
0,0.602739726,0.02802353,0.2,0,0,0.5,0.5,0.333333333,0.333333333,1,0,1,1,0.951219512
0,0.260273973,0.081586345,0.533333333,0,0,0.448979592,0.5,0.733333333,0,0.285714286,0.8,1,1,0.951219512
0,0.575342466,0.07610098,0.8,0,0,0.295918367,0.75,0.6,0.333333333,0.357142857,0,1,1,0.951219512
0,0.04109589,0.107482165,0.6,0,0,0.244897959,0.5,1,0.666666667,0.571428571,0.6,1,0,0.951219512
1,0.178082192,0.057944071,0.733333333,0,0.340909091,0.367346939,0.5,0.466666667,0.333333333,1,1,1,0,0.951219512
0,0.082191781,0.018489766,0.6,0,0,0.091836735,0.5,1,0.666666667,0.428571429,0.6,1,1,0.951219512
1,0.191780822,0.101674768,0.8,0.150241502,0,0.602040816,0.5,0.6,0.333333333,0.857142857,0,1,1,0.951219512
0,0.452054795,0.203814318,0.533333333,0,0,0.397959184,0.5,0.733333333,0.833333333,0.571428571,0.8,0.5,0,0.951219512
1,0.589041096,0.087511459,0.866666667,0,0,0.397959184,0.25,0.8,0.333333333,0.714285714,0,1,1,0.951219512
0,0.178082192,0.061812511,0.8,0,0,0.397959184,0.875,0.6,0.333333333,0.714285714,0,1,1,0.951219512
0,0.342465753,0.109364292,0.533333333,0,0,0.397959184,0.5,0.733333333,0.833333333,0.857142857,0.6,1,0,0.951219512
0,0.164383562,0.141361125,0.733333333,0,0,0.367346939,0.5,0.466666667,0,0.285714286,0.8,1,0,0.951219512
0,0.150684932,0.061056142,0.6,0,0,0.397959184,0.5,1,0.833333333,0.428571429,0.2,0.5,1,0.951219512
0,0.109589041,0.12799816,0.8,0,0,0.397959184,0.5,0.6,0.666666667,0.285714286,0.2,1,0,0.951219512
0,0.479452055,0.242381006,0,0,0,0.397959184,0.5,0.866666667,0.333333333,0.5,0,1,1,0.195121951
0,0.232876712,0.222021291,0.533333333,0,0,0.397959184,0.5,0.733333333,0,0.5,0.8,1,0,0.951219512
0,0.205479452,0.123437622,0.6,0,0,0.551020408,0.5,1,0.333333333,0.214285714,0,1,1,0.292682927
0,0.082191781,0.025301144,0.6,0,0,0.244897959,0.5,1,0.666666667,0.428571429,0.6,1,1,0.951219512
0,0.246575342,0.063704786,0.866666667,0,0,0.448979592,0.875,0.8,0.666666667,0.714285714,0.2,1,1,0.951219512
1,0.287671233,0.186638387,0.533333333,0,0,0.5,0.5,0.733333333,0.333333333,1,0,1,1,0.951219512
0,0.534246575,0.07596229,0.133333333,0,0,0.397959184,0.5,0.266666667,0,0.5,0.2,1,0,0.951219512
1,0.205479452,0.060257152,0.6,0,0,0.316326531,0.5,1,0.333333333,0.928571429,1,1,0,0.951219512
1,0.342465753,0.098204808,0.8,0,0,0.265306122,0.5,0.6,0.333333333,0.714285714,1,0.25,0,0.87804878
0,0.493150685,0.123610139,0.133333333,0,0,0.448979592,0.5,0.266666667,0.333333333,0.214285714,0,1,1,0.536585366
1,0.383561644,0.050878991,0.933333333,0,0.453856749,0.5,0.75,0.933333333,0.333333333,0.714285714,0,1,1,0.951219512
0,0.095890411,0.113213113,0.533333333,0,0,0.397959184,0.5,0.733333333,0.666666667,0.5,0.6,1,1,0.951219512
1,0.410958904,0.107272438,0.733333333,0,0,0.397959184,0.5,0.466666667,0.333333333,0.071428571,1,1,0,0.536585366
0,0.123287671,0.105516824,0.533333333,0,0,0.397959184,0.5,0.733333333,0.666666667,0.571428571,0.6,0.5,1,0.951219512
0,0.287671233,0.104365357,0.533333333,0,0,0.5,0.5,0.733333333,0.333333333,0.5,0,1,1,0.951219512
0,0.342465753,0.111531917,0.8,0,0,0.397959184,0.125,0.6,0.666666667,0.928571429,0.8,1,1,0.951219512
0,0.068493151,0.216743623,0.6,0,0,0.397959184,0.5,1,0.666666667,0.714285714,0.2,1,0,0.951219512
0,0.273972603,0.055423969,0.066666667,0,0,0.346938776,0.5,0.2,0,0.571428571,0.8,1,0,0.634146341
1,0.506849315,0.074910274,0.533333333,0,0,0.397959184,0.5,0.733333333,0.333333333,0.5,0,1,1,0.756097561
0,0.136986301,0.355796403,0.4,0,0,0.5,0.5,0.066666667,0.666666667,0.714285714,0.2,0.25,0,0.951219512
0,0.438356164,0.228990302,0.533333333,0,0,0.397959184,0,0.733333333,0.333333333,0,0,1,1,0.951219512
1,0.205479452,0.12245326,0.8,0,0,0.448979592,0.5,0.6,0.333333333,0.285714286,0,1,1,0.951219512
0,0.191780822,0.118580083,0.6,0,0,0.397959184,0.5,1,0.333333333,0.071428571,0,1,1,0.951219512
0,0.082191781,0.12907859,0.6,0,0,0.397959184,0.25,1,0.333333333,0.785714286,0,0.5,1,0.951219512
0,0.205479452,0.146410124,0.6,0,0,0.397959184,0.125,1,0,0.071428571,0.8,1,1,0.634146341
0,0.356164384,0.016992589,0.866666667,0,0,0.244897959,0.5,0.8,0.666666667,0.285714286,0.2,1,0,0.951219512
0,0.410958904,0.108913041,0.533333333,0,0,0.397959184,0.5,0.733333333,0,0.071428571,0.8,1,0,0.951219512
0,0.410958904,0.071053335,0.533333333,0,0.43067034,0.479591837,0.75,0.733333333,0.666666667,0.571428571,0.2,1,0,0.951219512
0,0.232876712,0.068496024,0.8,0,0,0.397959184,0.5,0.6,0.333333333,0.285714286,0,1,1,0.951219512
0,0.136986301,0.138401275,1,0,0,0.520408163,0.5,0.666666667,0.666666667,0.714285714,0.2,1,1,0.951219512
0,0.191780822,0.101674768,0.8,0,0,0.397959184,0.5,0.6,0.333333333,0.285714286,0,1,1,0.951219512
1,0.369863014,0.119424402,0.666666667,0,0,0.397959184,0.25,0.533333333,0.333333333,0.214285714,0,1,1,0.951219512
1,0.342465753,0.028662181,0.933333333,0,0,0.397959184,0.75,0.933333333,0.333333333,0.714285714,0,1,1,0.12195122
0,0.246575342,0.323868576,0.666666667,0,0,0.397959184,0.5,0.533333333,0,0.714285714,0.6,0.5,1,0.951219512
0,0.068493151,0.129810603,0.533333333,0,0,0.397959184,0.5,0.733333333,0,0.5,0.6,1,0,0.951219512
0,0.260273973,0.154568488,0.266666667,0,0,0.602040816,0.5,0.4,0.333333333,0.428571429,0,1,1,0.951219512
1,0.164383562,0.096035153,0.533333333,0.043860439,0,0.581632653,0.5,0.733333333,0.333333333,0.5,0,1,1,0.951219512
0,0.02739726,0.209409958,0.4,0,0,0.397959184,0.5,0.066666667,0.666666667,0.571428571,0.6,1,0,0.951219512
1,0.465753425,0.084925733,0.6,0.07298073,0,0.397959184,0.5,1,0.333333333,0.071428571,0,1,1,0.951219512
0,0.520547945,0.136396018,0.4,0,0,0.397959184,0.5,0.066666667,0.833333333,0.071428571,0.8,0.5,0,0.951219512
0,0.054794521,0.120745679,0.333333333,0,0,0.704081633,0.5,0,0.333333333,0.357142857,0,1,1,0.951219512
0,0.054794521,0.218053399,0.6,0,0,0.397959184,0,1,0.666666667,0,0.2,1,1,0.951219512
0,0.561643836,0.077973635,0.333333333,0.024070241,0,0.244897959,0.75,0,0.333333333,0.214285714,0,1,1,0.951219512
0,0.301369863,0.233102972,0.533333333,0,0,0.112244898,0.5,0.733333333,0.666666667,0.357142857,0.6,1,1,0.951219512
1,0.287671233,0.276812697,0.8,0,0,0.5,0.25,0.6,0.333333333,0.285714286,0,0.5,1,0.951219512
1,0.260273973,0.106954466,0.533333333,0,0,0.448979592,0.5,0.733333333,0.333333333,0.214285714,0,1,1,0.951219512
1,0.246575342,0.05890746,0.866666667,0.150241502,0,0.5,0.5,0.8,0.333333333,0.714285714,1,1,0,0.951219512
0,0.01369863,0.224919577,0.333333333,0,0,0.397959184,0,0,0.666666667,0,0.6,1,1,0.951219512
1,0.273972603,0.075045582,0.533333333,0,0,0.43877551,0.5,0.733333333,0.333333333,0.571428571,0,1,1,0.951219512
0,0.095890411,0.165044668,0.2,0,0,0.602040816,0,0.333333333,0.333333333,0,0.6,1,1,0.951219512
0,0.191780822,0.124982156,0.666666667,0,0,0.397959184,0.5,0.533333333,0.333333333,0.5,0,0,1,0.951219512
0,0.01369863,0.066203915,0.533333333,0,0,0.295918367,0.5,0.733333333,0.666666667,0.071428571,0.6,1,0,0.951219512
0,0.232876712,0.016912757,0.6,0,0,0.397959184,0.5,1,0.333333333,0.214285714,0,1,1,0.951219512
0,0.547945205,0.114860481,0.333333333,0,0,0.397959184,0.5,0,0.333333333,0.571428571,0,1,1,0.951219512
0,0.616438356,0.055913106,0.666666667,0.034110341,0,0.397959184,0,0.533333333,0.333333333,0,0,1,1,0.951219512
0,0.01369863,0.108814267,0.466666667,0,0,0.234693878,0,0.133333333,0.666666667,0,0.6,1,0,0.951219512
0,0.054794521,0.008781455,0.6,0,0,0.173469388,0.5,1,0.666666667,0.571428571,0.6,1,1,0.951219512
0,0.465753425,0.045894941,0.6,0,0,0.346938776,0.25,1,0.333333333,0.785714286,0,1,1,0.951219512
0,0.465753425,0.129035968,0.533333333,0,0,0.397959184,0,0.733333333,0.333333333,0,0,1,1,0.951219512
1,0.493150685,0.062387568,0.8,0,0.436639118,0.551020408,0.5,0.6,0.333333333,0.285714286,0,1,1,0.951219512
0,0.643835616,0.153739053,0.4,0.036740367,0,0.346938776,0,0.066666667,1,0,0.2,1,0,0.951219512
0,0.095890411,0.133108046,0.533333333,0,0,0.5,0.5,0.733333333,0.666666667,0.857142857,0.2,1,0,0.951219512
0,0.205479452,0.245953799,0.4,0,0,0.397959184,0.5,0.066666667,0.666666667,0.214285714,0.4,1,1,0.951219512
1,0.191780822,0.086283544,0.533333333,0,0,0.397959184,0.5,0.733333333,0.333333333,0.071428571,1,1,0,0.951219512
1,0.260273973,0.016330258,0.533333333,0,0,0.244897959,0.5,0.733333333,0.333333333,1,0,1,1,0.951219512
0,0.452054795,0.110391275,0.533333333,0,0,0.5,0.75,0.733333333,0.333333333,0.357142857,0,1,1,0.951219512
0,0.342465753,0.286663081,0.6,0,0,0.397959184,0.875,1,0.333333333,0.071428571,0,0.5,1,0.951219512
0,0.150684932,0.119505587,0.533333333,0,0,0.397959184,0.5,0.733333333,0.333333333,0.571428571,0,1,1,0.951219512
0,0.342465753,0.073439482,0.533333333,0,0,0.5,0.5,0.733333333,0,0.357142857,0.2,1,1,0.951219512
0,1,0.052930929,0.533333333,0,0,1,0.5,0.733333333,1,1,0.8,1,1,0.951219512
0,0.342465753,0.128025898,0.8,0,0,0.602040816,0.75,0.6,0.333333333,0.857142857,0,1,1,0.951219512
0,0.150684932,0.099258853,0.533333333,0,0,0.295918367,0.5,0.733333333,0.666666667,0.428571429,0.6,1,1,0.951219512
0,0.109589041,0.061614286,0.6,0,0,0.397959184,0.5,1,0.666666667,0.5,0.6,1,1,0.463414634
1,0.246575342,0.118237079,0.533333333,0,0,0.602040816,0.5,0.733333333,0,1,0.2,1,0,0.951219512
0,0.054794521,0.125587657,0.533333333,0,0,0.397959184,0.5,0.733333333,0.666666667,1,0.6,1,1,0.951219512
0,0.356164384,0.064375235,0.6,0,0,0.295918367,0.875,1,0.666666667,0.571428571,0.2,0.5,0,0.951219512
0,0.575342466,0.062194755,0.933333333,0,0,0.244897959,0.75,0.933333333,0.333333333,0.857142857,0,1,1,0.951219512
0,0.219178082,0.071700781,0.733333333,0,0,0.602040816,0.75,0.466666667,0,0.857142857,0.2,1,1,0.951219512
0,0.808219178,0.156606895,0.133333333,0,0,0.193877551,0.5,0.266666667,0.666666667,0.428571429,0.2,1,1,0.951219512
1,0.287671233,0.150544443,0.8,0,0,0.5,0.5,0.6,0.333333333,0.285714286,1,1,0,0.951219512
1,0.219178082,0.258546865,0.866666667,0,0,0.326530612,0.5,0.8,0.333333333,0.714285714,0,1,1,0.951219512
0,0.369863014,0.073557876,0.8,0.050130501,0,0.448979592,0.5,0.6,0.333333333,0.285714286,0,1,1,0.951219512
1,0.328767123,0.192788112,0.933333333,0,0.554407713,0.448979592,0.25,0.933333333,0.333333333,0.714285714,0,1,1,0.951219512
1,0.397260274,0.072121587,0.533333333,0,0,0.683673469,0.5,0.733333333,0.333333333,0.857142857,0,1,1,0.951219512
0,0.068493151,0.136558387,0.333333333,0,0,0.846938776,0.5,0,0.666666667,1,0.2,0,1,0.951219512
0,0.02739726,0.017815934,0.6,0,0,0.663265306,0.5,1,0.666666667,0.357142857,0.6,1,1,0.951219512
0,0.315068493,0.017138721,0.6,0,0,0.397959184,0.5,1,0.333333333,0.214285714,0,1,1,0
0,0.808219178,0.138526434,0.333333333,0,0,0.142857143,0,0,0.333333333,0,0,1,1,0.951219512
0,0.150684932,0.110260027,0.533333333,0,0,0.397959184,0.5,0.733333333,0.333333333,0.5,0.6,1,1,0.951219512
0,0.260273973,0.115995034,0.533333333,0,0.45959596,0.397959184,0.5,0.733333333,0.333333333,0.214285714,0.6,1,0,0.951219512
0,0.602739726,0.078441123,0.533333333,0,0,0.295918367,0.5,0.733333333,0.333333333,0.714285714,0,1,1,0.951219512
1,0.205479452,0.2311789,0.8,0,0,0.397959184,0.5,0.6,0.333333333,0.285714286,0.4,0.25,0,0.073170732
1,0.506849315,0.256225666,0.8,0,0,0.397959184,0.5,0.6,0.333333333,0.857142857,0,1,1,0.951219512
1,0.383561644,0.214366947,0.6,0,0,0.397959184,0.5,1,0.333333333,0.857142857,0,1,1,0.951219512
1,0.232876712,0.120491301,0.866666667,0,0,0.397959184,0.5,0.8,0.666666667,0.714285714,0.2,1,0,0.951219512
1,0.438356164,0.043871417,0.533333333,0,0,0.397959184,0.625,0.733333333,0.333333333,0.285714286,0,1,1,0.048780488
1,0.232876712,0.11833856,0.933333333,0.076880769,0,0.397959184,0.5,0.933333333,0.333333333,0.857142857,0,1,1,0.951219512
0,0.561643836,0.122513472,0.533333333,0,0.394628099,0.397959184,0.5,0.733333333,0.666666667,0.642857143,0.2,1,1,0.951219512
0,0.397260274,0.077279508,0.533333333,0,0,0.397959184,0.5,0.733333333,0.833333333,0.214285714,0.8,0.5,0,0
1,0.397260274,0.280607395,0.6,0,0,0.397959184,0,1,0,0,0.2,1,1,0.951219512
0,0.164383562,0.013187742,0.533333333,0,0,0.244897959,0.625,0.733333333,0.833333333,0.714285714,0.4,1,1,0.951219512
1,0.383561644,0.235508063,0.866666667,0,0.436639118,0.5,0.5,0.8,0.333333333,0.285714286,0,1,1,0.951219512
0,0.082191781,0.017250349,0.6,0,0,0.397959184,0.5,1,0.666666667,0.857142857,0.6,1,0,0.951219512
0,0.054794521,0.06293624,0.533333333,0,0,0.193877551,0,0.733333333,0.666666667,0,0.2,1,0,0.951219512
0,0.547945205,0.244014843,0.333333333,0,0,0.704081633,0.5,0,0,0.071428571,0.4,1,0,0.268292683
0,0.123287671,0.062765076,0.266666667,0,0,0.193877551,0.5,0.4,0.333333333,0.214285714,0,1,1,0.951219512
0,0.178082192,0.038528802,0.933333333,0,0,0.397959184,0.5,0.933333333,0.333333333,0.714285714,0,0.25,1,0.87804878
0,0.369863014,0.20836809,0.8,0,0,0.397959184,0.5,0.6,0.666666667,0.714285714,0.2,1,1,0.951219512
0,0.273972603,0.077641456,0.6,0,0,0.397959184,0.5,1,0.333333333,0.071428571,1,1,0,0.951219512
0,0.616438356,0.242603586,0.733333333,0,0,0.06122449,0.5,0.466666667,1,0.571428571,0.2,1,0,0.951219512
0,0.328767123,0.164763229,0.6,0,0,0.448979592,0.5,1,0,1,0.2,1,1,0.951219512
0,0.01369863,0.010873308,0.6,0,0,0.193877551,0,1,0.666666667,0,0.6,1,0,0.951219512
0,0.02739726,0.1329998,0.6,0,0,0.397959184,0,1,0.666666667,0,0.6,1,1,0.951219512
0,0.410958904,0.117630902,0.533333333,0,0,0.397959184,0.5,0.733333333,0.333333333,0.428571429,0,1,1,0.951219512
0,0.150684932,0.012032217,0.8,0,0,0.5,0.5,0.6,0.333333333,0.857142857,0,1,1,0.951219512
0,0.082191781,0.032732906,0.333333333,0,0,0.397959184,0.5,0,0.333333333,0.214285714,0,1,1,0.780487805
0,0.123287671,0.09549257,0.533333333,0,0,0.234693878,0.5,0.733333333,0.666666667,0.571428571,0.6,1,1,0.951219512
0,0.506849315,0.122026365,0.8,0,0,0.653061224,0.75,0.6,0,1,0.2,1,1,0.951219512
0,0.493150685,0.097945018,0.533333333,0,0,0.5,0.5,0.733333333,0.333333333,0.071428571,0,1,1,0.951219512
1,0.383561644,0.152965771,0.6,0,0,0.397959184,0.25,1,0.333333333,0.785714286,0,1,1,0.951219512
1,0.575342466,0.278857193,0.8,0,0,0.397959184,0,0.6,0.333333333,0,0,1,1,0.951219512
0,0.260273973,0.273632295,0.733333333,0,0,0.479591837,0.5,0.466666667,0,0.285714286,0.2,1,1,0.951219512
0,0.273972603,0.323781303,0.4,0,0,0.244897959,0.5,0.066666667,0.333333333,0.214285714,0,0.5,1,0.951219512
1,0.479452055,0.114231301,0.533333333,0,0.433195592,0.397959184,0.25,0.733333333,0.333333333,0.071428571,0,1,1,0.951219512
1,0.698630137,0.134632285,0.866666667,0,0.54912764,0.397959184,0.5,0.8,0.333333333,0.285714286,0,1,1,0.951219512
0,0.095890411,0.034937742,0.6,0,0,0.397959184,0.5,1,0.666666667,0.928571429,0.6,1,1,0.951219512
0,0.082191781,0.128630722,0.533333333,0,0,0.295918367,0.5,0.733333333,0.666666667,0.857142857,0.2,1,0,0.951219512
0,0.328767123,0.129663795,0.466666667,0,0,0.397959184,0.5,0.133333333,0.333333333,0.785714286,0,0.5,1,0
1,0.178082192,0.300186386,0.6,0,0,0.5,0.5,1,0.333333333,0.285714286,0,1,1,0.951219512
0,0.452054795,0.128549538,0.666666667,0,0,0.397959184,0.5,0.533333333,0.833333333,0.714285714,0.8,1,0,0.951219512
0,0,0.213210068,0.333333333,0,0,0.193877551,0.5,0,0.666666667,0.857142857,0.6,1,1,0.951219512
0,0.397260274,0.189609063,0.6,0,0,0.448979592,0.75,1,0.333333333,0.857142857,0,1,1,0.951219512
1,0.410958904,0.191044675,0.533333333,0,0,0.551020408,0.75,0.733333333,0.333333333,0.857142857,0,1,1,0.951219512
0,0.575342466,0.054025566,0.533333333,0,0,0.397959184,0.5,0.733333333,1,0.5,0.2,0.5,0,0.951219512
1,0.301369863,0.108848094,0.8,0.150241502,0,0.5,0.5,0.6,0.333333333,0.285714286,0,1,1,0.951219512
0,0.232876712,0.050757214,0.533333333,0.021740217,0,0.397959184,0.5,0.733333333,0.666666667,0.428571429,0.6,1,1,0.951219512
0,0.630136986,0.096231349,0.6,0,0,0.397959184,0.5,1,0.666666667,0.285714286,0.2,1,0,0.951219512
0,0.342465753,0.110715337,0.533333333,0,0.454545455,0.459183673,0.5,0.733333333,0,1,0.2,1,1,0.951219512
0,0.465753425,0.055575513,0.533333333,0,0,0.397959184,0.5,0.733333333,0.333333333,0.714285714,0,1,1,0.951219512
0,0.410958904,0.122249622,0.6,0,0,0.397959184,0.5,1,1,0.071428571,0.8,1,0,0.951219512
1,0.301369863,0.005427859,0.8,0,0,0.397959184,0.25,0.6,0.333333333,0.714285714,0,1,1,0.951219512
0,0.424657534,0.131296956,0.533333333,0,0,0.43877551,0.5,0.733333333,0,0.071428571,0.8,1,0,0.951219512
1,0.191780822,0.24863627,0.6,0,0,0.397959184,0.5,1,0.333333333,0.857142857,0,1,1,0.951219512
0,0.136986301,0.138855908,0.6,0,0,0.397959184,0.5,1,0.666666667,0.928571429,0.6,1,1,0.195121951
0,0.506849315,0.129922232,0.6,0,0,0.520408163,0.25,1,0.333333333,0.785714286,0,1,1,0.951219512
0,0.520547945,0.176196033,0.2,0,0,0.397959184,0.5,0.333333333,0.333333333,0.571428571,0,0.5,1,0.951219512
0,0.01369863,0.046228473,0.333333333,0,0,0.265306122,0.5,0,0.666666667,0.428571429,0.6,1,1,0.951219512
0,0.01369863,0.051521702,0.533333333,0,0,0.357142857,0.5,0.733333333,0.333333333,0.857142857,1,1,0,0.951219512
0,0.410958904,0.306241395,0.533333333,0,0,0.448979592,0.5,0.733333333,0.666666667,1,0.2,1,1,0.951219512
1,0.383561644,0.095954645,0.533333333,0,0,0.37755102,0.875,0.733333333,0,0.285714286,0.8,1,0,0.951219512
0,0.205479452,0.13467423,0.333333333,0,0,0.397959184,0.5,0,0.333333333,1,0,1,1,0.951219512
0,0.109589041,0.032772146,0.533333333,0,0,0.295918367,0.5,0.733333333,0.333333333,1,0,0.5,1,0.951219512
1,0.260273973,0.062739367,0.6,0,0,0.551020408,0.75,1,0.333333333,0.285714286,0,1,1,0.951219512
0,0.219178082,0.162289808,0.6,0,0,0.397959184,0.5,1,0.666666667,0.571428571,0.2,0.5,1,0.951219512
0,0.04109589,0.145540773,0.6,0,0,0.193877551,0.5,1,0.666666667,0.571428571,0.6,1,0,0.951219512
0,0.054794521,0.096034476,0.6,0,0,0.346938776,0.5,1,0.666666667,0.857142857,0.6,1,0,0.951219512
0,0.136986301,0.163443304,0.6,0,0,0.244897959,0,1,0,0,0.2,1,0,0.951219512
1,0.301369863,0.069182033,0.6,0,0,0.551020408,0.5,1,0.333333333,0.285714286,0,1,1,0.951219512
0,0.589041096,0.125007188,0.533333333,0,0,0.295918367,0.75,0.733333333,0.333333333,0.214285714,0,1,1,0.951219512
0,0.684931507,0.109814189,0.533333333,0,0,0.346938776,0.5,0.733333333,0.666666667,0.285714286,0.2,1,0,0.951219512
0,0,0.09348799,0.333333333,0,0,0.244897959,0.5,0,0.666666667,0.571428571,0.6,1,0,0.951219512
0,0.520547945,0.087163042,0.8,0,0,0.5,0.75,0.6,0.333333333,0.285714286,0,1,1,0.951219512
1,0.383561644,0.096083864,0.866666667,0,0,0.397959184,0.5,0.8,0.333333333,0.285714286,0,0.5,1,0.951219512
0,0.095890411,0.166729246,0.533333333,0,0,0.397959184,0.5,0.733333333,0,0.571428571,0.6,1,0,0.585365854
1,0.191780822,0.11291476,0.8,0,0,0.908163265,0.5,0.6,0.333333333,0.857142857,0,0.5,1,0.951219512
1,0.191780822,0.380024558,0.8,0,0,0.43877551,0.5,0.6,0.333333333,0.214285714,0,1,1,0.951219512
1,0.561643836,0.025443217,0.866666667,0,0,0.5,0.5,0.8,0.333333333,0.285714286,0,1,1,0.951219512
0,0.260273973,0.058337815,0.666666667,0,0,0.397959184,0.5,0.533333333,0,0.928571429,0.8,1,0,0.951219512
1,0.301369863,0.131857129,0.6,0,0,0.346938776,0.5,1,0.333333333,0.285714286,1,1,0,0.804878049
0,0.712328767,0.074801352,0.533333333,0,0,0.153061224,0.5,0.733333333,0.333333333,0.214285714,0,1,1,0.951219512
1,0.178082192,0.102372955,0.8,0,0,0.551020408,0.5,0.6,1,0.714285714,0.8,1,0,0.951219512
0,0.205479452,0.069447912,0.8,0.068490685,0,0.397959184,0.5,0.6,0.666666667,0.714285714,0.2,1,1,0.951219512
0,0.109589041,0.240184965,0.6,0,0,0.397959184,0.5,1,0.666666667,0.071428571,0.6,1,0,0.951219512
1,0.260273973,0.268004858,0.933333333,0,0,0.602040816,0.75,0.933333333,0.333333333,0.714285714,0,1,1,0.951219512
1,0.465753425,0.049480588,0.533333333,0,0,0.551020408,0.5,0.733333333,0.333333333,0.857142857,0,1,1,0.951219512
0,0.410958904,0.119009685,0.6,0,0,0.397959184,0.5,1,0.333333333,0.714285714,0,1,1,0.951219512
0,0.02739726,0.161255383,0.6,0,0,0.234693878,0.5,1,0.666666667,0.571428571,0.6,1,1,0.951219512
0,0.191780822,0.115183189,0.6,0,0,0.448979592,0.5,1,0.666666667,0.071428571,0.2,1,0,0.951219512
1,0.301369863,0.152510461,0.933333333,0,0.554407713,1,0.5,0.933333333,0.333333333,0.857142857,0,1,1,0.951219512
1,0.397260274,0.179044932,0.8,0,0,0.704081633,0.625,0.6,0.333333333,0.857142857,0,1,1,0.951219512
0,0.315068493,0.05395453,0.8,0,0,0.397959184,0.625,0.6,0.333333333,0.214285714,0,1,1,0.951219512
0,0.232876712,0.153102431,0.6,0,0,0.346938776,0.5,1,0.666666667,0.571428571,0.6,0.5,0,0.951219512
0,0.123287671,0.118642325,0.733333333,0,0,0.397959184,0.5,0.466666667,0.666666667,0.928571429,0.6,1,1,0.951219512
0,0.328767123,0.072007929,0.466666667,0,0,0.397959184,0.5,0.133333333,0,0.071428571,0.2,0,1,0.951219512
0,0.301369863,0.121453338,0.533333333,0,0,0.479591837,0.5,0.733333333,0.666666667,0.5,0.8,1,1,0.951219512
0,0.287671233,0.112049468,0.533333333,0,0,0.397959184,0.75,0.733333333,0.333333333,0.857142857,0,1,1,0.951219512
0,0.178082192,0.229674281,0.266666667,0,0,0.37755102,0.5,0.4,0,0.571428571,0.8,1,0,0.951219512
0,0.164383562,0.124624268,0.6,0,0,0.357142857,0.5,1,0,0.428571429,0.8,1,0,0.951219512
0,0.191780822,0.369097127,0.8,0.050130501,0,0.316326531,0.5,0.6,0.333333333,0.714285714,0,1,1,0.951219512
0,0.452054795,0.060082605,0.866666667,0,0,0.551020408,0.625,0.8,0.333333333,0.857142857,0,1,1,0.951219512
0,0.164383562,0.100466473,0.6,0,0,0.459183673,0.5,1,0.333333333,0.5,0,1,1,0.951219512
0,0.123287671,0.258060435,0.6,0,0,0.234693878,0.125,1,0,0.071428571,0.6,1,1,0.951219512
0,0.479452055,0.061909256,0.666666667,0,0,0.346938776,0.75,0.533333333,0,0.714285714,0.2,1,0,0.951219512
0,0.561643836,0.061737416,0.2,0,0,0.397959184,0.5,0.333333333,0.333333333,1,0,0.5,1,0.951219512
1,0.136986301,0.119267445,0.8,0,0,0.397959184,0.5,0.6,0.833333333,0.714285714,0.2,0.25,1,0.731707317
1,0.657534247,0.007583307,0.6,0,0.499081726,0.397959184,0.125,1,0.333333333,0.285714286,0,0.5,1,0.951219512
0,0.452054795,0.010247511,0.8,0,0,0.295918367,0.5,0.6,0.333333333,0.714285714,0,1,1,0.951219512
1,0.465753425,0.034597443,0.866666667,0,0,0.397959184,0.5,0.8,0.333333333,0.714285714,1,1,0,0.951219512
0,0.082191781,0.126316965,0.533333333,0,0,0.397959184,0.5,0.733333333,0.666666667,0.071428571,0.2,1,0,0.951219512
0,0.342465753,0.128014397,0.866666667,0,0,0.653061224,0.5,0.8,0.666666667,0.857142857,0.2,1,1,0.951219512
0,0.191780822,0.171315493,0.666666667,0,0,0.316326531,0.5,0.533333333,0.833333333,0.928571429,0.8,0.5,0,0.951219512
1,0.315068493,0.221585601,0.6,0,0,0.397959184,0.5,1,0.333333333,0.285714286,0,1,1,0.951219512
0,0.465753425,0.108243269,0.8,0,0,0.397959184,0.5,0.6,0.833333333,0.857142857,0.2,1,1,0.951219512
1,0.561643836,0.125741231,0.8,0,0,0.346938776,0.875,0.6,0.333333333,0.071428571,0,1,1,0.951219512
0,0.191780822,0.098778512,0.533333333,0,0,0.397959184,0.5,0.733333333,0.333333333,0.071428571,0,1,1,0.951219512
0,0.178082192,0.036471452,0.8,0,0,0.602040816,0.5,0.6,0.666666667,0.714285714,0.2,1,0,0.682926829
0,0.328767123,0.057137638,0.733333333,0,0,0.397959184,0.5,0.466666667,0,0.857142857,0.8,1,1,0.951219512
0,0.520547945,0.068754461,0.666666667,0,0,0.193877551,0.5,0.533333333,0.333333333,0.714285714,1,1,0,0.951219512
0,0.01369863,0.097745439,0.4,0,0,0.397959184,0.5,0.066666667,0.666666667,0.571428571,0.6,1,1,0.951219512
0,0.082191781,0.057032098,0.533333333,0,0,0.295918367,0.5,0.733333333,0.666666667,0.428571429,0.2,1,1,0.951219512
0,0.109589041,0.244823982,0.533333333,0,0,0.397959184,0.5,0.733333333,0.5,0.357142857,0.2,0.75,1,0.634146341
0,0.054794521,0.290020736,0.533333333,0,0,0.397959184,0.5,0.733333333,0.666666667,0.071428571,0.6,1,0,0.951219512
0,0.02739726,0.245442337,0.533333333,0,0,0.5,0.5,0.733333333,0.666666667,0.857142857,0.6,1,1,0.951219512
0,0.342465753,0.2189011,0.8,0,0,0.5,0.5,0.6,0.666666667,0.285714286,0.8,1,0,0.951219512
0,0.164383562,0.173916779,0.6,0,0,0.397959184,0.5,1,0.666666667,0.071428571,0.2,1,1,0.951219512
0,0.712328767,0.013000342,0.666666667,0,0,0.397959184,0.5,0.533333333,1,0.071428571,0.8,1,0,0.951219512
0,0.150684932,0.27052293,0.333333333,0,0,0.346938776,0.5,0,0.666666667,0.357142857,0.4,1,1,0.634146341
0,0.136986301,0.016780156,0.8,0,0,0.295918367,0.5,0.6,0.333333333,0.928571429,0,1,1,0.951219512
0,0.082191781,0.079195462,0.333333333,0,0,0.5,0.5,0,0.666666667,0.571428571,0.2,1,1,0.951219512
0,0.479452055,0.131638607,0.533333333,0,0,0.397959184,0.5,0.733333333,0.333333333,0.214285714,0,1,1,0.951219512
0,0.232876712,0.09310304,0.866666667,0,0,0.275510204,0.5,0.8,0.666666667,0.571428571,0.8,0.5,0,0.951219512
1,0.301369863,0.217899825,0.8,0,0,0.5,0.5,0.6,0.833333333,0.714285714,0.8,1,0,0.951219512
1,0.315068493,0.126111297,0.6,0.051780518,0,0.602040816,0.5,1,0.333333333,0.071428571,0,1,1,0.951219512
0,0.520547945,0.031921738,0.266666667,0,0,0.244897959,0.75,0.4,0.333333333,0.357142857,0,1,1,0.951219512
1,0.342465753,0.066954872,0.866666667,0,0.453856749,0.397959184,0.25,0.8,0.333333333,0.285714286,0,1,1,0.951219512
0,0.232876712,0.088698782,0.533333333,0,0,0.397959184,0.5,0.733333333,0.666666667,0.857142857,0.6,1,0,0.951219512
0,0.246575342,0.164680691,0.533333333,0,0,0.265306122,0.5,0.733333333,0.666666667,0.571428571,0.6,1,0,0.951219512
1,0.397260274,0.24103402,0.8,0,0,0.551020408,0.5,0.6,0.333333333,0.857142857,0,1,1,0.951219512
0,0.246575342,0.146535283,0.533333333,0,0,0.397959184,0.5,0.733333333,0.666666667,0.214285714,0.4,0.75,1,0.804878049
0,0.328767123,0.081976707,0.733333333,0,0,0.5,0,0.466666667,1,0,0.2,1,0,0.951219512
0,0.369863014,0.313985042,0.6,0,0,0.397959184,0.5,1,0,0.357142857,0.2,1,0,0.951219512
0,0.397260274,0.290408392,0.8,0,0,0.397959184,0.25,0.6,0.333333333,1,0,0.5,1,0.951219512
0,0,0.093346593,0.4,0,0,0.193877551,0.5,0.066666667,0.666666667,0.857142857,0.6,1,0,0.951219512
0,0.616438356,0.1073658,0.6,0,0,0.448979592,0.5,1,0.333333333,0.214285714,0,1,1,0.951219512
0,0.383561644,0.026303095,0.6,0,0,0.397959184,0,1,0.333333333,0,1,0.5,0,0.951219512
0,0.397260274,0.191802397,0.533333333,0,0,0.295918367,0.5,0.733333333,0,0.928571429,0.2,1,0,0.951219512
0,0.410958904,0.11362986,0.8,0,0,0.397959184,0.5,0.6,0.666666667,0.857142857,0.4,1,0,0.951219512
0,0.465753425,0.16564408,0.333333333,0,0,0.397959184,0.5,0,0.333333333,0.214285714,0,1,1,0.951219512
0,0.219178082,0.062468076,0.866666667,0,0,0.142857143,0.5,0.8,0.333333333,0.928571429,1,1,0,0.951219512
0,0.383561644,0.10966738,0.533333333,0,0,0.295918367,0.5,0.733333333,0.666666667,0.571428571,0.4,1,0,0.951219512
0,0.205479452,0.099425282,0.866666667,0,0,0.5,0.875,0.8,0.333333333,0.714285714,0,1,1,0.951219512
1,0.136986301,0.011484898,0.533333333,0,0,0.397959184,0.5,0.733333333,0.166666667,0.214285714,0,1,1,0.951219512
0,0.082191781,0.179937962,0.533333333,0,0,0.448979592,0.5,0.733333333,0.333333333,0.5,0,0.5,1,0.951219512
0,0.876712329,0.009759728,0.666666667,0.029360294,0,0.193877551,0,0.533333333,0.333333333,0,0,1,1,0.951219512
0,0.136986301,0.064237898,0.866666667,0,0,0.5,0.5,0.8,0.666666667,0.714285714,0.2,1,1,0.951219512
0,0.273972603,0.116547765,0.6,0,0,0.397959184,0.5,1,0,0.928571429,0.8,1,0,0.951219512
1,0.342465753,0.123367262,0.8,0,0,0.448979592,0.5,0.6,0.333333333,0.714285714,0,1,1,0.951219512
0,0.246575342,0.0791684,0.533333333,0,0,0.397959184,0,0.733333333,0.333333333,0,0,1,1,0.951219512
0,0.068493151,0.104244934,0.533333333,0,0,0.397959184,0.5,0.733333333,0.666666667,0.571428571,0.4,1,1,0
1,0.260273973,0.031159957,0.8,0.03103031,0,0.418367347,0.5,0.6,0.333333333,0.928571429,0,1,1,0.951219512
1,0.410958904,0.10550397,0.533333333,0,0.433195592,0.448979592,0.5,0.733333333,0.333333333,1,0,1,1,0.951219512
0,0.301369863,0.136546886,0.6,0,0,0.397959184,0.5,1,0,0.214285714,0.8,0.5,1,0.951219512
0,0.616438356,0.141246791,0.6,0,0,0.397959184,0,1,0.333333333,0,0,1,1,0.951219512
0,0.479452055,0.096368009,0.533333333,0,0,0.397959184,0.75,0.733333333,0.333333333,0.214285714,0,1,1,0.951219512
0,0.219178082,0.136555004,0.6,0,0,0.397959184,0.5,1,0,0.071428571,0.2,1,0,0.951219512
0,0.123287671,0.118369004,0.533333333,0,0,0.397959184,0.5,0.733333333,0.333333333,0.714285714,0.2,0.5,1,0.951219512
0,0.109589041,0.154751153,0.8,0,0,0.173469388,0.5,0.6,0.666666667,0.571428571,0.6,1,1,0.951219512
1,0.493150685,0.134880574,0.6,0,0,0.5,0.5,1,0.333333333,0.214285714,0,1,1,0
0,0.301369863,0.079478931,0.533333333,0,0,0.397959184,0.5,0.733333333,0.333333333,0.214285714,0,1,1,0.951219512
0,0.054794521,0.207614428,0.6,0,0,0.397959184,0.5,1,0.666666667,1,0.6,0.5,1,0.951219512
0,0.534246575,0.138251083,0.466666667,0,0.379017447,0.397959184,0.625,0.133333333,0.333333333,0.285714286,0,1,1,0.951219512
0,0.01369863,0.105262446,0.6,0,0,0.153061224,0,1,0.666666667,0,0.6,1,0,0.951219512
0,0.397260274,0.01564222,0.2,0,0,0.316326531,0.5,0.333333333,0.833333333,0.571428571,0.2,1,0,0.951219512
0,0,0.093241054,0.333333333,0,0,0.193877551,0.5,0,0.666666667,0.857142857,0.6,1,0,0.951219512
0,0.150684932,0.036633821,0.333333333,0,0,0.142857143,0.5,0,0.666666667,0.571428571,0.8,1,0,0.951219512
1,0.465753425,0.119900008,0.666666667,0,0,0.5,0.5,0.533333333,0.333333333,0.571428571,0,1,1,0.268292683
0,0.589041096,0.092169418,0.6,0,0,0.397959184,0.5,1,0.333333333,0.214285714,0,0,1,0.951219512
0,0.356164384,0.125856919,0.6,0,0,0.397959184,0.5,1,0.333333333,0.214285714,0,1,1,0.951219512
0,0.465753425,0.096824672,0.533333333,0,0,0.397959184,0.5,0.733333333,0.333333333,0.071428571,1,0.5,0,0.951219512
0,0.424657534,0.123292843,0.6,0,0,0.397959184,0.5,1,0.333333333,0.857142857,1,1,0,0.951219512
0,0.657534247,0.114011427,0.533333333,0.009910099,0,0.193877551,0.5,0.733333333,0.833333333,0.785714286,0.2,1,1,0.951219512
1,0.369863014,0.130699573,0.8,0,0,0.397959184,0.5,0.6,0.333333333,0.857142857,0,1,1,0.951219512
1,0.356164384,0.015123992,0.533333333,0,0.433195592,0.397959184,0.25,0.733333333,0.333333333,0.285714286,0,0.75,1,0.951219512
0,0.369863014,0.052016927,0.8,0,0,0.806122449,0.75,0.6,0.333333333,0.714285714,0,1,1,0.951219512
0,0.04109589,0.106761653,0.6,0,0,0.091836735,0.5,1,0.666666667,0.071428571,0.6,1,0,0.951219512
0,0.315068493,0.113181315,0.533333333,0,0,0.397959184,0.25,0.733333333,0.333333333,0.071428571,1,1,0,0.951219512
1,0.479452055,0.252127879,0.6,0,0,0.357142857,0.5,1,0.333333333,1,0,1,1,0.951219512
1,0.191780822,0.114470119,0.8,0,0,0.397959184,0.75,0.6,0.666666667,0.857142857,0.2,0.5,1,0.951219512
0,0.630136986,0.276259966,0.666666667,0,0,0.448979592,0.75,0.533333333,0.333333333,0.571428571,0,1,1,0.951219512
0,0.356164384,0.102526529,0.6,0,0,0.397959184,0.5,1,0.666666667,0.571428571,0.2,1,1,0.951219512
0,0.438356164,0.048262145,0.733333333,0.02597026,0,0.397959184,0.5,0.466666667,0.833333333,0.071428571,0.2,1,0,0.951219512
0,0.328767123,0.14831187,0.533333333,0,0,0.397959184,0.5,0.733333333,0,0.857142857,0.8,1,0,0.951219512
0,0.054794521,0.014900735,0.666666667,0,0.597566575,0.397959184,0.5,0.533333333,0.333333333,0.214285714,0,1,1,0.951219512
0,0.123287671,0.136672722,0.533333333,0,0,0.193877551,0.5,0.733333333,0.666666667,0.571428571,0.8,1,0,0.951219512
0,0.123287671,0.095100855,0.533333333,0,0,0.397959184,0.5,0.733333333,0.666666667,0.285714286,0.6,0.75,0,0.634146341
1,0.205479452,0.174580462,0.8,0,0,0.397959184,0.5,0.6,0.333333333,0.071428571,0.4,1,1,0.731707317
1,0.356164384,0.069870748,0.8,1,0,0.5,0.5,0.6,0.333333333,0.285714286,0,1,1,0.951219512
1,0.452054795,0.096953891,0.733333333,0,0,0.5,0.5,0.466666667,0.333333333,0.5,0,1,1,0.951219512
0,0.219178082,0.099646509,0.333333333,0,0,0.397959184,0.5,0,0.333333333,1,0,1,1,0.951219512
0,0.643835616,0.189669951,0.6,0.105661057,0,0.346938776,0.5,1,0.333333333,0.285714286,1,1,0,0.951219512
0,0.095890411,0.064620141,0.533333333,0,0,0.397959184,0.5,0.733333333,0.666666667,0.071428571,0.6,1,0,0.951219512
0,0.273972603,0.011754836,0.733333333,0,0,0.397959184,0.5,0.466666667,0,0.071428571,0.2,1,0,0.951219512
0,0.547945205,0.088292183,0.2,0,0.367768595,0.020408163,0.5,0.333333333,1,0.857142857,0.4,1,0,0.951219512
0,0.01369863,0.094552183,0.333333333,0,0,0.020408163,0.5,0,0.666666667,0.571428571,0.6,1,0,0.951219512
0,0.205479452,0.228898969,0.466666667,0,0,0.397959184,0.75,0.133333333,0.333333333,0.214285714,0,1,1,0.951219512
0,0.260273973,0.267870903,0.8,0,0,0.316326531,0.5,0.6,0.666666667,0.714285714,0.2,1,0,0.951219512
0,0.301369863,0.139298363,0.266666667,0,0.379017447,0.397959184,0.625,0.4,0.333333333,0.285714286,0,1,1,0.634146341
0,0.04109589,0.085033303,0.6,0,0,0.295918367,0.5,1,0.666666667,0.571428571,0.6,1,0,0.951219512
0,0.109589041,0.232547535,0.4,0,0,1,0.5,0.066666667,0.666666667,0.571428571,0.2,1,1,0.951219512
0,0.342465753,0.317922489,0.533333333,0,0,0.397959184,0.5,0.733333333,0.666666667,0.214285714,0.4,1,1,0.951219512
0,0.506849315,0.133398957,0.6,0,0,0.397959184,0.5,1,0,0.071428571,0.8,1,0,0.951219512
0,0.273972603,0.038539626,0.6,0,0,0.397959184,0.5,1,0.333333333,1,0,0.25,1,0.951219512
1,0.424657534,0.075363554,0.6,0,0,0.397959184,0.5,1,0.333333333,1,0,1,1,0.951219512
0,0.506849315,0.103153002,0.666666667,0,0,0.153061224,0.75,0.533333333,0.333333333,0.214285714,0,1,1,0.951219512
0,0.383561644,0.158874648,0.533333333,0,0,0.5,0.5,0.733333333,0.333333333,1,0.4,1,0,0
0,0.465753425,0.063258272,0.133333333,0,0,0.397959184,0.5,0.266666667,0.833333333,0.571428571,0.8,0.5,0,0.829268293
0,0.082191781,0.038942843,0.8,0,0,0.193877551,0.5,0.6,0.666666667,0.714285714,0.6,0.25,0,0.951219512
0,0.164383562,0.124369213,0.8,0,0,0.397959184,0.5,0.6,0.666666667,0.857142857,0.6,1,0,0.951219512
1,0.616438356,0.058040815,0.8,0,0,0.397959184,0.5,0.6,0.333333333,0.285714286,0,1,1,0.951219512
0,0.575342466,0.107598529,0.533333333,0,0.536960514,0.397959184,0.25,0.733333333,0.833333333,0.785714286,0.4,0.5,0,0.951219512
0,0.356164384,0.118419068,0.533333333,0,0,0.448979592,0.75,0.733333333,0,0.571428571,0.8,1,1,0.951219512
0,0.04109589,0.071377396,0.6,0,0,0.397959184,0,1,0.666666667,0,0.6,1,0,0.951219512
1,0.616438356,0.137678056,0.866666667,0,0.453856749,0.5,0.75,0.8,0.333333333,0.285714286,0,1,1,0.951219512
1,0.369863014,0.076047534,0.866666667,0,0,0.346938776,0.25,0.8,0.333333333,0.714285714,0,1,1,0.951219512
1,0.287671233,0.181233531,0.8,0.07298073,0,0.5,0.75,0.6,0.333333333,0.857142857,0,1,1,0.951219512
0,0.150684932,0.129141508,0.6,0,0,0.397959184,0.5,1,0,0.214285714,0.2,1,1,0.951219512
1,0.328767123,0.055359698,0.933333333,0,0,0.602040816,0.625,0.933333333,0.333333333,0.714285714,0,1,1,0.951219512
0,0.493150685,0.011685153,0.6,0,0,0.397959184,0.5,1,0,0.714285714,0.2,1,0,0.951219512
0,0.136986301,0.024099613,0.8,0,0,0.397959184,0.125,0.6,0.666666667,0.071428571,0.2,1,0,0.951219512
0,0.205479452,0.141663538,0.8,0,0,0.397959184,0.5,0.6,0.666666667,0.5,0.2,1,1,0.951219512
0,0.684931507,0.207188209,0.533333333,0,0,0.346938776,0.5,0.733333333,0.333333333,0.071428571,0,1,1,0.951219512
0,0.438356164,0.10041235,0.4,0,0,0.397959184,0.5,0.066666667,0.833333333,0.5,0.2,1,1,0.804878049
1,0.342465753,0.103868779,0.8,0,0,0.520408163,0.75,0.6,0.333333333,0.714285714,0,1,1,0.951219512
0,0.287671233,0.207444617,0.666666667,0,0,0.520408163,0.125,0.533333333,0,0.071428571,0.6,0.5,1,0.951219512
1,0.849315068,0.033753125,1,0,0,0.051020408,0.125,0.666666667,1,0.285714286,0.2,1,1,0.951219512
0,0.712328767,0.122030424,0.533333333,0,0,0.193877551,0.5,0.733333333,1,0.071428571,0.8,1,0,0.951219512
0,0.191780822,0.034606238,0.533333333,0,0,0.397959184,0.5,0.733333333,0.666666667,0.357142857,0.2,1,1,0.512195122
0,0.493150685,0.005676825,0.533333333,0,0,0.479591837,0.25,0.733333333,0.333333333,0.285714286,0,0,1,0.951219512
0,0.369863014,0.179450178,0.6,0,0,0.397959184,0.5,1,0.333333333,0.214285714,0,1,1,0.951219512
1,0.301369863,0.239124831,0.533333333,0,0,0.397959184,0.5,0.733333333,0.333333333,0.214285714,0,1,1,0.951219512
0,0,0.15589653,0.4,0,0,0.112244898,0.5,0.066666667,0.666666667,0.857142857,0.6,1,1,0.951219512
0,0.301369863,0.025989182,0.533333333,0,0,0.397959184,0.5,0.733333333,0.333333333,0.714285714,0,1,1,0.951219512
1,0.301369863,0.114946401,0.533333333,0,0.433195592,0.653061224,0.5,0.733333333,0.333333333,0.214285714,0,1,1,0.951219512
0,0.02739726,0.176509947,0.533333333,0,0,0.357142857,0.25,0.733333333,0.666666667,0.785714286,0.6,1,0,0.951219512
0,0.383561644,0.162031371,0.533333333,0,0,0.367346939,0.25,0.733333333,0.666666667,0.071428571,0.2,1,0,0.951219512
0,0.438356164,0.047603874,0.8,0.050130501,0,0.448979592,0.5,0.6,0.333333333,0.714285714,0,1,1,0.951219512
0,0.068493151,0.146245049,0.333333333,0,0,0.295918367,0.5,0,0.666666667,0.214285714,0.2,1,1,0.951219512
1,0.397260274,0.117889339,0.533333333,0,0,0.479591837,0.5,0.733333333,0,0.214285714,0.4,1,1,0.951219512
0,0.082191781,0.110936564,0.666666667,0,0,0.357142857,0.5,0.533333333,0.666666667,0.071428571,0.4,1,0,0.951219512
0,0.273972603,0.134542306,0.6,0,0,0.520408163,0.5,1,0,0.5,0.2,1,1,0.951219512
1,0.232876712,0.064921877,0.933333333,0,0,0.551020408,0.75,0.933333333,0.333333333,0.714285714,0,1,1,0.951219512
0,0.493150685,0.076230875,0.533333333,0,0,0.397959184,0.5,0.733333333,0,0.428571429,0.2,1,1,0.951219512
0,0.698630137,0.117704644,0.533333333,0,0,0.071428571,0,0.733333333,0.333333333,0,1,1,0,0.951219512
1,0.452054795,0.110912886,0.8,0,0,0.397959184,0.5,0.6,0.333333333,0.285714286,0,1,1,0
0,0.164383562,0.250310023,0.8,0,0,0.397959184,0.875,0.6,0.666666667,0.214285714,0.2,1,1,0.951219512
1,0.136986301,0.266203915,0.533333333,0,0,0.397959184,0.5,0.733333333,0.333333333,0.214285714,0,1,1,0
0,0.191780822,0.22136099,0.066666667,0,0,0.397959184,0.5,0.2,0.333333333,0.5,0,1,1,0.634146341
0,0.02739726,0.460573771,0.466666667,0,0,0.142857143,0.5,0.133333333,0.666666667,0.571428571,0.6,1,0,0.951219512
0,0.082191781,0.126327113,0.4,0,0,0.020408163,0.5,0.066666667,0.666666667,0.214285714,0.6,1,1,0.951219512
0,0.01369863,0.053007378,0.6,0.005940059,0,0.397959184,0,1,0.666666667,0,0.6,0,0,0.951219512
0,0.712328767,0.112876874,0.533333333,0,0,0.37755102,0.5,0.733333333,0,0.857142857,0.4,1,0,0.951219512
1,0.356164384,0.106844867,0.6,0,0,0.5,0.5,1,0.333333333,0.285714286,0,1,1,0.951219512
0,0.410958904,0.014091596,0.4,0,0,0.5,0.25,0.066666667,0,0.428571429,0.8,0,1,0.951219512
1,0.191780822,0.071289446,0.4,0,0,0.397959184,0.5,0.066666667,0.333333333,1,0,1,1,0.951219512
0,0.602739726,0.177397564,0.533333333,0,0,0.397959184,0,0.733333333,0.333333333,0,0,0.5,1,0.951219512
0,0.328767123,0.024944609,0.533333333,0,0,0.397959184,0.5,0.733333333,0.333333333,0.214285714,0,1,1,0.951219512
0,0.301369863,0.061188744,0.733333333,0,0,0.397959184,0.875,0.466666667,0.333333333,0.928571429,0,1,1,0.951219512
0,0.383561644,0.028247464,0.866666667,0,0,0.418367347,0.25,0.8,0,0.714285714,0.8,1,0,0.951219512
0,0.150684932,0.070209016,0.733333333,0,0,0.397959184,0.125,0.466666667,0.333333333,0.071428571,0,0,1,0.951219512
0,0.136986301,0.032475822,0.866666667,0,0,0.397959184,0.5,0.8,0.666666667,0.857142857,0.6,1,0,0.951219512
0,0.02739726,0.229665486,0.333333333,0,0,0.295918367,0.5,0,0.666666667,0.571428571,0.8,1,1,0.195121951
0,0.534246575,0.127887884,0.266666667,0.034110341,0,0.5,0.75,0.4,0.333333333,0.285714286,0.4,1,1,0.097560976
0,0.260273973,0.068462873,0.533333333,0,0,0.397959184,0.5,0.733333333,0,0.214285714,0.2,1,1,0.951219512
0,0.191780822,0.150336746,0.8,0,0,0.397959184,0.5,0.6,0.333333333,0.071428571,1,1,0,0.951219512
0,0.178082192,0.072482182,0.333333333,0,0,0.397959184,0.875,0,0.333333333,0.071428571,0,1,1,0.951219512
0,0.287671233,0.113788169,0.333333333,0,0,0.397959184,0.5,0,0.666666667,0.571428571,0.2,1,1,0.951219512
0,0.191780822,0.106106088,0.533333333,0,0,0.275510204,0.5,0.733333333,0,0.571428571,0.2,1,1,0.951219512
1,0.493150685,0.105836149,0.733333333,0,0,0.397959184,0.5,0.466666667,0.333333333,0.928571429,0,1,1,0.951219512
1,0.273972603,0.126212101,0.8,0,0,0.5,0.625,0.6,0.333333333,0.857142857,0,1,1,0.951219512
0,0.082191781,0.076236287,0.8,0,0,0.397959184,0.5,0.6,0.666666667,0.285714286,0.2,1,1,0.951219512
0,0.602739726,0.015806619,0.6,0,0,0.051020408,0.5,1,0.333333333,0.571428571,0,1,1,0.951219512
1,0.575342466,0.013701234,0.533333333,0,0,0.397959184,0.75,0.733333333,0.333333333,0.357142857,0,1,1,0.951219512
1,0.465753425,0.218654164,0.6,0,0,0.397959184,0.125,1,0.833333333,0.714285714,0.2,0.5,0,0.951219512
0,0.054794521,0.129989886,0.6,0,0,0.193877551,0.875,1,0.666666667,0.285714286,0.6,1,0,0.951219512
0,0.04109589,0.034452664,0.533333333,0,0,0.142857143,0.5,0.733333333,0.666666667,0.428571429,0.6,1,1,0.951219512
1,0.369863014,0.065711396,0.8,0,0.453856749,0.397959184,0.125,0.6,0.333333333,0.071428571,0,0.25,1,0.731707317
0,0.273972603,0.204772971,0.6,0,0,0.397959184,0.5,1,0.333333333,0.5,0,1,1,0.951219512
0,0.095890411,0.201655487,0.8,0,0,0.193877551,0.25,0.6,0.333333333,0.714285714,0,1,1,0.268292683
0,0.849315068,0.08787273,0.2,0.014090141,0,0.346938776,0,0.333333333,0.333333333,0,0,1,1,0.951219512
0,0.123287671,0.130668453,0.6,0,0,0.448979592,0.5,1,0.333333333,0.857142857,0,1,1,0.951219512
0,0.123287671,0.246077606,0.533333333,0,0,0.295918367,0.5,0.733333333,0.666666667,0.571428571,0.2,1,0,0.951219512
1,0.438356164,0.107289352,0.866666667,0,0,0.448979592,0.5,0.8,0.333333333,0.285714286,0,1,1,0.951219512
0,0.150684932,0.108235827,0.6,0,0,0.448979592,0.25,1,0,0.071428571,0.8,1,0,0.951219512
0,0.01369863,0.060136052,0.533333333,0,0,0.346938776,0.5,0.733333333,0.666666667,0.285714286,0.6,1,0,0.951219512
1,0.630136986,0.079788109,0.866666667,0,0,0.602040816,0.75,0.8,0.333333333,0.857142857,0,1,1,0.951219512
1,0.205479452,0.124216316,0.733333333,0,0,0.448979592,0.5,0.466666667,0.333333333,0.714285714,0,1,1,0.951219512
0,0.424657534,0.095370793,0.533333333,0,0,0.479591837,0.5,0.733333333,0.333333333,0.928571429,0,0.5,1,0.951219512
0,0.109589041,0.089433501,0.6,0,0,0.397959184,0.5,1,0.666666667,0.571428571,0.6,1,1,0.756097561
0,0,0.06809822,0.333333333,0,0,0.397959184,0,0,0.666666667,0,0.6,1,1,0.951219512
1,0.150684932,0.261571664,0.8,0,0,0.5,0.75,0.6,0.666666667,0.714285714,0.2,1,1,0.951219512
1,0.150684932,0.219648674,0.533333333,0,0,0.5,0.5,0.733333333,0.333333333,0.285714286,0,1,1,0.951219512
0,0.191780822,0.110776225,0.533333333,0,0,0.397959184,0.5,0.733333333,0.666666667,0.928571429,0.8,0.5,0,0.951219512
0,0.561643836,0.017120454,0.8,0,0,0.397959184,0,0.6,1,0,0.2,1,0,0.951219512
0,0.095890411,0.151163475,0.533333333,0,0,0.397959184,0.5,0.733333333,0.666666667,0.571428571,0.2,1,1,0.951219512
0,0.369863014,0.140148771,0.333333333,0,0,0.346938776,0.5,0,0.666666667,0.857142857,0.8,0.75,0,0.146341463
0,0.301369863,0.094919543,0.533333333,0,0,0.397959184,0.75,0.733333333,0.666666667,0.214285714,0.6,1,1,0.951219512
0,0.301369863,0.117270307,0.6,0,0,0.5,0.5,1,0.333333333,0.5,0,1,1,0.951219512
0,0.273972603,0.119142286,0.733333333,0,0,0.459183673,0.5,0.466666667,0.666666667,0.928571429,0.2,1,1,0.951219512
0,0.054794521,0.093952771,0.6,0,0,0.244897959,0.5,1,0.666666667,0.714285714,0.2,1,0,0.951219512
0,0.356164384,0.199904608,0.533333333,0,0,0.397959184,0.5,0.733333333,0.333333333,0.5,0,1,1,0.951219512
0,0.191780822,0.005565196,0.8,0,0,0.244897959,0.5,0.6,0.666666667,0.571428571,0.2,1,0,0.951219512
0,0.02739726,0.077737524,0.533333333,0,0,0.142857143,0.5,0.733333333,0.666666667,0.571428571,0.6,1,0,0.951219512
0,0.383561644,0.111379696,0.533333333,0,0,0.397959184,0.5,0.733333333,0.666666667,0.428571429,0.4,1,1,0.951219512
0,0.260273973,0.011859023,0.4,0,0,0.397959184,0.5,0.066666667,0.333333333,0.214285714,0,1,1,0.951219512
1,0.260273973,0.079063537,0.533333333,0,0,0.5,0.75,0.733333333,0.333333333,0.357142857,0,1,1,0.951219512
0,0,0.168250102,0.4,0,0,0.132653061,0.5,0.066666667,0.666666667,0.571428571,0.6,1,1,0.731707317
1,0.424657534,0.237192641,0.533333333,0,0,0.602040816,0.75,0.733333333,0,0.214285714,0.2,1,1,0.951219512
0,0.109589041,0.053085856,0.8,0,0,0.295918367,0.5,0.6,0.666666667,0.857142857,0.6,1,0,0.951219512
0,0.219178082,0.258042845,0.666666667,0,0,0.397959184,0.5,0.533333333,0,0.714285714,0.8,1,0,0.951219512
0,0.479452055,0.083816212,0.6,0,0,0.346938776,0.25,1,0.333333333,0.785714286,0,1,1,0.951219512
0,0.164383562,0.130240881,0.333333333,0,0,0.397959184,0.125,0,0.833333333,0.285714286,0.2,1,0,0.951219512
0,0.506849315,0.08581335,0.533333333,0,0,0.397959184,0.5,0.733333333,0,0.571428571,0.2,1,0,0.951219512
0,0.178082192,0.031467782,0.2,0,0,0.43877551,0,0.333333333,1,0,0.2,1,0,0.951219512
1,0.438356164,0.089681114,0.533333333,0,0,0.520408163,0.5,0.733333333,0.333333333,1,0,1,1,0.951219512
0,0.301369863,0.233329612,0.533333333,0,0,0.397959184,0.5,0.733333333,0.833333333,0.428571429,0.8,1,1,0.951219512
1,0.191780822,0.098338086,0.8,0.076880769,0,0.551020408,0.5,0.6,0.333333333,0.857142857,0,1,1,0.951219512
0,0.01369863,0.293946006,0.6,0,0,0.244897959,0.5,1,0.666666667,0.071428571,0.6,1,1,0.951219512
0,0.136986301,0.115595201,0.533333333,0,0,0.397959184,0.5,0.733333333,0.666666667,0.571428571,0.2,0.5,1,0.951219512
0,0.246575342,0.119042158,0.533333333,0,0,0.479591837,0.5,0.733333333,0,0.5,0.8,1,0,0.951219512
0,0.205479452,0.056647149,0.8,0,0,0.448979592,0.5,0.6,0.666666667,0.714285714,0.2,1,1,0.951219512
0,0.164383562,0.111516357,0.666666667,0.021740217,0,0.448979592,0.5,0.533333333,0,0.928571429,0.2,1,0,0.951219512
1,0.383561644,0.106504568,0.733333333,0.150241502,0,0.724489796,0.125,0.466666667,0.333333333,0.785714286,0,1,1,0.951219512
0,0.287671233,0.117224303,0.6,0,0,0.397959184,0.5,1,0.333333333,0.214285714,0,1,1,0.536585366
0,0.493150685,0.07205664,0.533333333,0,0,0.397959184,0.875,0.733333333,0.333333333,0.785714286,0,1,1,0.951219512
0,0.205479452,0.123600667,0.533333333,0,0,0.357142857,0.5,0.733333333,0.333333333,0.928571429,1,1,0,0.951219512
0,0.438356164,0.096180608,0.4,0,0,0.346938776,0.5,0.066666667,0,0.5,0.8,0.5,0,0.951219512
0,0.589041096,0.090919177,0.333333333,0,0,0.397959184,0.5,0,0.333333333,0.428571429,0,0.5,1,0.951219512
0,0.342465753,0.09819263,0.8,0,0,0.448979592,0.5,0.6,0,0.285714286,0.8,1,0,0.951219512
0,0.589041096,0.027477564,0.2,0,0,0.397959184,0.5,0.333333333,0.333333333,1,0,1,1,0.951219512
1,0.369863014,0.285106369,0.533333333,0,0,0.520408163,0.25,0.733333333,0.333333333,0.785714286,0,1,1,0.951219512
0,0.123287671,0.117446883,0.733333333,0,0,0.193877551,0.5,0.466666667,0.666666667,0.928571429,0.4,1,0,0.951219512
0,0.136986301,0.132014762,0.8,0,0,0.5,0.5,0.6,0.666666667,0.714285714,0.2,1,0,0.951219512
0,0.164383562,0.157083853,0.666666667,0,0.470844812,0.397959184,0.5,0.533333333,0.333333333,0.928571429,0,1,1,0.951219512
0,0.191780822,0.088698782,0.6,0,0,0.346938776,0.25,1,0,0.071428571,0.2,1,0,0.951219512
0,0,0.088409224,0.4,0,0,0.193877551,0.5,0.066666667,0.666666667,0.571428571,0.6,1,1,0.951219512
0,0.232876712,0.089233246,0,0,0,0.244897959,0.25,0.866666667,0.666666667,0.071428571,0.6,0.5,0,0.951219512
0,0.547945205,0.097255626,0.133333333,0,0,0.397959184,0.5,0.266666667,0.833333333,0.214285714,0.2,0.5,1,0.951219512
1,0.342465753,0.07714826,0.8,0,0,0.397959184,0.25,0.6,0.333333333,0.714285714,1,1,0,0.951219512
0,0.123287671,0.025551463,0.8,0,0,0.551020408,0.5,0.6,0.333333333,0.285714286,0,1,1,0.951219512
0,0.301369863,0.286414115,0.6,0,0,0.397959184,0.5,1,0.666666667,0.5,0.2,1,1,0.951219512
1,0.397260274,0.077669194,0.6,0.051780518,0,0.37755102,0.5,1,0.333333333,0.714285714,0,1,1,0.951219512
0,0.369863014,0.142355635,0.2,0,0,0.397959184,0.5,0.333333333,0.333333333,0.5,0,0.75,1,0.658536585
1,0.178082192,0.05083028,0.8,0,0,0.448979592,0.5,0.6,0.333333333,0.285714286,0,1,1,0.951219512
0,0.356164384,0.014879086,0.6,0,0,0.346938776,0.5,1,0.333333333,0.857142857,0,1,1,0.951219512
1,0.383561644,0.060324806,0.866666667,0.150241502,0,0.602040816,0.5,0.8,0.333333333,0.285714286,0,1,1,0.219512195
0,0.178082192,0.067703122,0.6,0,0,0.397959184,0.75,1,0.333333333,0.285714286,0,1,1,0.951219512
0,0.315068493,0.126666734,0.866666667,0,0.323232323,0.5,0.5,0.8,0,0.285714286,0.2,1,1,0.951219512
0,0.438356164,0.062415306,0.533333333,0,0,0.397959184,0.5,0.733333333,0,0.071428571,0.2,1,0,0.951219512
0,0.328767123,0.380996742,0.6,0,0,0.397959184,0.25,1,0,0.214285714,0.2,1,1,0.951219512
1,0.356164384,0.154529925,0.8,0,0,0.397959184,0.5,0.6,0.333333333,0.071428571,0,1,1,0.951219512
0,0.054794521,0.129018378,0.6,0,0,0.806122449,0,1,0.666666667,0,0.6,1,1,0.951219512
0,0.739726027,0.057901449,0.866666667,0,0,0.142857143,0.5,0.8,0,0.714285714,0.2,1,0,0.268292683
0,0.671232877,0.036345616,0.533333333,0,0,0.5,0.5,0.733333333,1,0.642857143,0.2,1,0,0.219512195
0,0.342465753,0.1193466,0.6,0,0,0.397959184,0.5,1,0.333333333,0.214285714,0,1,1,0.951219512
0,0.232876712,0.019568843,0.533333333,0,0,0.602040816,0.75,0.733333333,0.333333333,0.357142857,0,1,1,0.951219512
1,0.575342466,0.087301056,0.666666667,0,0,0.5,0.625,0.533333333,0,0.714285714,0.2,1,1,0.951219512
0,0.082191781,0.116621508,0.533333333,0,0,0.5,0.5,0.733333333,0.666666667,0.071428571,0.2,1,0,0.951219512
0,0.383561644,0.10041032,0.866666667,0,0,0.551020408,0.5,0.8,0,0.714285714,0.2,1,0,0.951219512
0,0.109589041,0.094243682,0.6,0,0,0.397959184,0.5,1,0.5,0.857142857,0.2,1,0,0.951219512
1,0.191780822,0.111892512,0.6,0,0,0.602040816,0.5,1,0.333333333,0.857142857,0,1,1,0.951219512
0,0.438356164,0.104139394,0.266666667,0,0,0.397959184,0.5,0.4,0.333333333,0.214285714,0,1,1,0.951219512
0,0.301369863,0.172602944,0.666666667,0,0,0.602040816,0.75,0.533333333,0.333333333,0.357142857,0,1,1,0.951219512
0,0.150684932,0.044699499,0.866666667,0,0,0.397959184,0.875,0.8,0.333333333,0.285714286,0,0.5,1,0.56097561
0,0.054794521,0.073565318,0.6,0,0,0.081632653,0.5,1,0.666666667,0.571428571,0.6,1,0,0.951219512
0,0.178082192,0.133299506,0.533333333,0,0,0.5,0.5,0.733333333,0.666666667,0.5,0.2,1,1,0.146341463
1,0.493150685,0.079317239,0.8,0,0,0.5,0.5,0.6,0.333333333,0.285714286,0,1,1,0.951219512
0,0.397260274,0.120556926,0.533333333,0,0,0.397959184,0.5,0.733333333,0,0.214285714,0.2,1,1,0.951219512
0,0.493150685,0.11931345,0,0,0,0.397959184,0.5,0.866666667,0.333333333,0.571428571,0,1,1,0.634146341
1,0.356164384,0.096259763,0.533333333,0,0,0.397959184,0.5,0.733333333,0.333333333,0.928571429,0,0.25,1,0.975609756
1,0.328767123,0.206029301,0.8,0,0,0.397959184,0.5,0.6,0,0.857142857,0.2,1,1,0.951219512
1,0.328767123,0.232480558,0.533333333,0,0,0.397959184,0.125,0.733333333,0.333333333,0.928571429,0,1,1,0.951219512
0,0.164383562,0.20969478,0.533333333,0,0,0.397959184,0.75,0.733333333,0.666666667,0.357142857,0.2,1,1,0.951219512
1,0.424657534,0.061854457,0.866666667,0,0,0.397959184,0.625,0.8,0.333333333,0.857142857,0,1,1,0.951219512
1,0.191780822,0.331819243,0.8,0,0,0.397959184,0.5,0.6,0.333333333,0.071428571,1,1,0,0.951219512
0,0.260273973,0.139505384,0.733333333,0,0,0.346938776,0.5,0.466666667,0.333333333,0.214285714,0,1,1,0.951219512
1,0.356164384,0.174841606,0.8,0,0,0.551020408,0.875,0.6,0.333333333,0.285714286,0,1,1,0.951219512
0,0.082191781,0.199115766,0.8,0,0,0.397959184,0.5,0.6,0.666666667,0.214285714,0.2,0,1,0.634146341
0,0.136986301,0.021975286,0.533333333,0,0,0.397959184,0.5,0.733333333,0.333333333,0.357142857,0,1,1,0.951219512
0,0.219178082,0.015350632,0.6,0,0,0.448979592,0.5,1,0.333333333,0.285714286,0,1,1,0.951219512
0,0.328767123,0.021260863,0.533333333,0,0,0.295918367,0.5,0.733333333,0.666666667,0.571428571,0.2,1,1,0.951219512
0,0,0.106468712,0.333333333,0,0,0.204081633,0.5,0,0.666666667,0.571428571,0.6,1,0,0.951219512
1,0.219178082,0.058103057,0.533333333,0,0,0.295918367,0.5,0.733333333,0.333333333,0.214285714,0,1,1,0.951219512
0,0.01369863,0.218372725,0.2,0,0,0.295918367,0.5,0.333333333,0.666666667,0.857142857,0.6,1,1,0.634146341
0,0.01369863,0.089790037,0.6,0,0,0.193877551,0.5,1,0.666666667,0.571428571,0.6,1,1,0.951219512
0,0.082191781,0.125160086,0.6,0,0,0.071428571,0.5,1,0.666666667,0.857142857,0.6,1,0,0.951219512
0,0.01369863,0.052184032,0.533333333,0,0,0.091836735,0.5,0.733333333,0.666666667,0.928571429,0.6,1,0,0.951219512
0,0,0.131730616,0.4,0,0,0.091836735,0.5,0.066666667,0.666666667,0.428571429,0.6,1,1,0.951219512
0,0.315068493,0.042394536,0.6,0,0,0.397959184,0.25,1,0.666666667,0.285714286,0.2,1,1,0.951219512
0,0.287671233,0.220574854,0.8,0,0,0.397959184,0.5,0.6,0.333333333,0.714285714,0,1,1,0.048780488
0,0.260273973,0.066116642,0.866666667,0,0,0.397959184,0.5,0.8,0.666666667,0.857142857,0.2,1,0,0.951219512
0,0.452054795,0.122858506,0.2,0,0,0.397959184,0.5,0.333333333,0.333333333,0.214285714,0,1,1,0.170731707
1,0.657534247,0.320780859,0.6,0,0,0.448979592,0,1,0.333333333,0,0,1,1,0.951219512
1,0.205479452,0.113657598,0.333333333,0,0,0.397959184,0.5,0,0.333333333,0.214285714,0,1,1,0.951219512
0,0.205479452,0.126143094,0.533333333,0,0,0.397959184,0.75,0.733333333,0.333333333,1,0,1,1,0.951219512
0,0.205479452,0.13880855,0.266666667,0,0,0.5,0.5,0.4,0.333333333,1,0,1,1,0.951219512
0,0.328767123,0.075802627,0.6,0,0,0.295918367,0.625,1,0.333333333,0.857142857,1,1,0,0.951219512
0,0.287671233,0.142559273,0.6,0,0,0.397959184,0.5,1,0.666666667,0.571428571,0.6,1,1,0.951219512
1,0.479452055,0.101677474,0.733333333,0,0,0.397959184,0.5,0.466666667,0.333333333,0.928571429,0,1,1,0.951219512
1,0.178082192,0.229860329,0.866666667,1,0,0.397959184,0.875,0.8,0.833333333,0.214285714,0.2,1,1,0.951219512
0,0.287671233,0.120744326,0.533333333,0,0,0.418367347,0.5,0.733333333,0.333333333,0.214285714,0,1,1,0.951219512
1,0.191780822,0.061666379,0.8,0,0,0.5,0.5,0.6,0.333333333,0.857142857,0,1,1,0.951219512
0,0.219178082,0.059180781,0.8,0,0,0.142857143,0.75,0.6,0.666666667,0.571428571,0.2,1,0,0.951219512
0,0.191780822,0.06544484,0.8,0,0,0.397959184,0.5,0.6,0.666666667,0.714285714,0.8,0.75,1,0.951219512
0,0.315068493,0.088827324,0.866666667,0,0,0.5,0.5,0.8,1,0.857142857,0.6,0.25,0,0.951219512
0,0.01369863,0.197828992,0.333333333,0,0,0.397959184,0.75,0,0.666666667,0.214285714,0.6,1,1,0.219512195
0,0.534246575,0.085452079,0.733333333,0,0,0.397959184,0.875,0.466666667,0,0.714285714,0.2,1,0,0.951219512
0,0.150684932,0.134562602,0.6,0,0,0.5,0.5,1,0.666666667,0.857142857,0.2,1,0,0.951219512
0,0.164383562,0.05505458,0.6,0,0,0.234693878,0.5,1,0,0.714285714,0.8,1,0,0.951219512
0,0.876712329,0.139526356,0.2,0,0,0.204081633,0.75,0.333333333,0.333333333,0.357142857,0,1,1,0.951219512
0,0.602739726,0.124016061,0.2,0,0,0.397959184,0.5,0.333333333,0.5,0.5,0.2,1,1,0.317073171
1,0.410958904,0.111379696,0.6,0,0,0.479591837,0.125,1,0.333333333,0.071428571,0,1,1,0.951219512
0,0.136986301,0.167353014,0.8,0,0,0.397959184,0.5,0.6,0.666666667,0.285714286,0.2,1,0,0.951219512
0,0.068493151,0.237419957,0.6,0,0,0.193877551,0.5,1,0.666666667,0.571428571,0.2,1,0,0.951219512
0,0.082191781,0.177978033,0.6,0,0,0.346938776,0.5,1,0.666666667,0.571428571,0.2,1,0,0.951219512
0,0.561643836,0.155864057,0.6,0,0,0.193877551,0,1,0.333333333,0,1,1,0,0.951219512
0,0.232876712,0.125704698,0.533333333,0,0,0.724489796,0.5,0.733333333,0.333333333,0.214285714,0,1,1,0.951219512
0,0.150684932,0.255441559,0.533333333,0,0,0.153061224,0,0.733333333,0.333333333,0,0.4,1,1,0.951219512
1,0.164383562,0.097208269,0.533333333,0,0,0.397959184,0.125,0.733333333,0.333333333,0.928571429,0,1,1,0.951219512
1,0.506849315,0.024404732,0.533333333,0,0,0.397959184,0.5,0.733333333,0.333333333,0.214285714,0,1,1,0.951219512
0,0.383561644,0.234064332,0.6,0,0,0.5,0.5,1,0.666666667,0.214285714,0.2,1,1,0.951219512
1,0.082191781,0.182880899,0.4,0.076880769,0,0.602040816,0.75,0.066666667,0.333333333,1,0,1,1,0.951219512
0,0.342465753,0.010118969,0.4,0,0,0.602040816,0.75,0.066666667,0.333333333,0.357142857,0,1,1,0.951219512
0,0.328767123,0.065946831,0.533333333,0,0,0.448979592,0.5,0.733333333,0,1,0.2,1,1,0.951219512
1,0.493150685,0.080489678,0.933333333,0,0,0.5,0.25,0.933333333,0.666666667,0.714285714,0.2,1,0,0.951219512
1,0.547945205,0.062013443,0.933333333,0,0,0.295918367,0.75,0.933333333,0.333333333,0.714285714,0,1,1,0.951219512
1,0.520547945,0.133446992,0.866666667,0,0,0.397959184,0.25,0.8,0.333333333,0.714285714,0,1,1,0.951219512
0,0.01369863,0.16972766,0.533333333,0,0,0.397959184,0.125,0.733333333,0.666666667,1,0.6,1,1,0.951219512
0,0.150684932,0.195768935,0.8,0,0,0.397959184,0.5,0.6,0.666666667,0.714285714,0.2,1,0,0.951219512
0,0.301369863,0.166422098,0.8,0.031370314,0,0.397959184,0.5,0.6,0.333333333,0.928571429,0,0.25,1,0
1,0.342465753,0.028358416,0.933333333,0,0,0.5,0.75,0.933333333,0.333333333,0.714285714,0,1,1,0.951219512
0,0.369863014,0.06797712,0.866666667,0,0,0.37755102,0.25,0.8,0,0.714285714,0.8,1,0,0.951219512
0,0.739726027,0.146902643,0.533333333,0,0,0.397959184,0,0.733333333,1,0,0.2,1,0,0.951219512
1,0.356164384,0.014695744,0.8,0,0,0.704081633,0.75,0.6,0.333333333,0.357142857,0,1,1,0.951219512
0,0.808219178,0.134826451,0.333333333,0,0,0,0,0,0.333333333,0,0,1,1,0.951219512
0,0.082191781,0.151822422,0.733333333,0,0,0.193877551,0.5,0.466666667,0.666666667,0.214285714,0.6,1,1,0.487804878
0,0.369863014,0.121088684,0.533333333,0,0,0.428571429,0.5,0.733333333,0.666666667,0.071428571,0.2,1,0,0.951219512
1,0.205479452,0.133154727,0.533333333,0,0,0.193877551,0.5,0.733333333,0.333333333,1,0,1,1,0.951219512
0,0.342465753,0.181396576,0.533333333,0,0,0.397959184,0.5,0.733333333,0.333333333,0.571428571,0,0.5,1,0.341463415
0,0.068493151,0.106904402,0.533333333,0,0.453168044,0.448979592,0.5,0.733333333,0.666666667,0.428571429,0.8,1,1,0.951219512
1,0.506849315,0.214765428,0.533333333,0,0,0.397959184,0.5,0.733333333,0.666666667,0.285714286,0.8,1,1,0.951219512
0,0.397260274,0.108609276,0.533333333,0,0,0.397959184,0.25,0.733333333,0.333333333,1,0,1,1,0.951219512
0,0.438356164,0.116838676,0.533333333,0,0,0.397959184,0.5,0.733333333,0,0.571428571,0.2,1,0,0.951219512
0,0.397260274,0.016017698,0.733333333,0,0,0.244897959,0.5,0.466666667,0,0.857142857,0.2,1,0,0.268292683
0,0.178082192,0.118389976,0.533333333,0,0,0.43877551,0.5,0.733333333,0.333333333,0.428571429,0,1,1,0.951219512
1,0.410958904,0.076859378,0.6,0,0,0.755102041,0.5,1,0.333333333,0.214285714,0,1,1,0.951219512
0,0.136986301,0.163403389,0.533333333,0,0,0.244897959,0.5,0.733333333,0.5,0.857142857,0.8,1,0,0.951219512
1,0.273972603,0.05862602,0.866666667,0,0,0.397959184,0.5,0.8,0.666666667,0.285714286,0.2,1,1,0.951219512
0,0.164383562,0.025534549,0.6,0,0,0.397959184,0.5,1,0.333333333,0.571428571,0,1,1,0.951219512
0,0.219178082,0.093273527,0.6,0,0,0.397959184,0.5,1,0.333333333,0.214285714,0,1,1,0.951219512
0,0.205479452,0.125275774,0.533333333,0.014710147,0,0.37755102,0.5,0.733333333,0,0.928571429,0.8,1,0,0.951219512
0,0.301369863,0.137427737,0.8,0,0,0.357142857,0.5,0.6,0,0.714285714,0.2,1,0,0.951219512
1,0.383561644,0.10917892,0.8,0,0,0.448979592,0.625,0.6,0.333333333,0.285714286,0,1,1,0.951219512
1,0.328767123,0.220858999,0.8,0,0,0.5,0.5,0.6,0.333333333,0.214285714,0,1,1,0.951219512
0,0.369863014,0.160371148,0.533333333,0,0,0.397959184,0.5,0.733333333,0.333333333,1,0,1,1,0.170731707
0,0.232876712,0.048382568,0.6,0,0,0.295918367,0.5,1,0.333333333,0.571428571,1,1,0,0.951219512
0,0.232876712,0.214941327,0.6,0,0,0.397959184,0.5,1,0.333333333,0.071428571,0,1,1,0.951219512
0,0.273972603,0.055509213,0.2,0,0,0.244897959,0.5,0.333333333,0.666666667,0.5,0.6,1,0,0.951219512
0,0.383561644,0.105087899,0.6,0,0,0.397959184,0.5,1,0.333333333,0.571428571,0,1,1,0.951219512
0,0.068493151,0.072698674,0.533333333,0,0,0.397959184,0.5,0.733333333,0.666666667,0.857142857,0.2,1,0,0.951219512
0,0.506849315,0.065404248,0.4,0,0,0.397959184,0.5,0.066666667,0.333333333,0.5,0,1,1,0.951219512
1,0.383561644,0.178409664,0.8,0,0,0.5,0.5,0.6,0.333333333,0.928571429,0,1,1,0.951219512
0,0.438356164,0.018740761,0.266666667,0,0,0.397959184,0.5,0.4,0.333333333,0.214285714,0,1,1,0.951219512
0,0.178082192,0.042542021,0.8,0,0,0.551020408,0.5,0.6,0.333333333,0.285714286,0,1,1,0.951219512
0,0.095890411,0.126607876,0.8,0,0,0.295918367,0.5,0.6,0.666666667,0.571428571,0.6,1,0,0.951219512
1,0.410958904,0.065994189,0.533333333,0.051780518,0,0.295918367,0,0.733333333,0.333333333,0,0,1,1,0.048780488
0,0.054794521,0.123001932,0.6,0,0,0.091836735,0.875,1,0.666666667,0.571428571,0.6,1,0,0.951219512
0,0.178082192,0.061775302,0.533333333,0,0,1,0.5,0.733333333,0.666666667,0.785714286,0.2,1,1,0.951219512
0,0.095890411,0.01531207,0.666666667,0,0,0.37755102,0.75,0.533333333,0.666666667,0.571428571,0.8,1,0,0.951219512
0,0.287671233,0.220771726,0.6,0,0,0.397959184,0.25,1,0.666666667,0.071428571,0.6,1,0,0.951219512
0,0.424657534,0.051605592,0.2,0,0,0.397959184,0.125,0.333333333,0.5,0.428571429,0.8,1,1,0.951219512
0,0.191780822,0.214089567,0.866666667,0,0,0.295918367,0.5,0.8,0.666666667,0.714285714,0.2,1,0,0.951219512
1,0.260273973,0.117351492,0.6,0,0,0.346938776,0.5,1,0.333333333,0.285714286,1,1,0,0.951219512
0,0.068493151,0.076236287,0.8,0,0,0.295918367,0.5,0.6,0.666666667,0.285714286,0.2,1,1,0.951219512
0,0.726027397,0.11157048,0.533333333,0,0,0.020408163,0.75,0.733333333,0.333333333,0.285714286,0,1,1,0.951219512
0,0.191780822,0.046157437,0.733333333,0,0,0.43877551,0.5,0.466666667,0,0.928571429,0.2,1,0,0.951219512
0,0.191780822,0.122583155,0.533333333,0,0,0.551020408,0.5,0.733333333,0.333333333,0.214285714,0,1,1,0.951219512
0,0.342465753,0.014366947,0.8,0,0,0.397959184,0.125,0.6,0.333333333,0.714285714,0,1,1,0.951219512
0,0.479452055,0.074300038,0.533333333,0,0.074150597,0.397959184,0.5,0.733333333,0.666666667,0.714285714,0.8,1,0,0.951219512
0,0.246575342,0.139123816,0.6,0,0,0.397959184,0.25,1,0.333333333,0.714285714,0,0.5,1,0.951219512
0,0.424657534,0.117889339,0.6,0,0,0.397959184,0.5,1,0.333333333,0.714285714,0,1,1,0.951219512
0,0.191780822,0.042091448,0.533333333,0,0,0.295918367,0.5,0.733333333,0,0.571428571,0.8,1,0,0.951219512
1,0.301369863,0.024852599,0.8,0.03103031,0,0.479591837,0.5,0.6,0.333333333,0.857142857,0,1,1,0.951219512
0,0.01369863,0.256610616,0.533333333,0,0,0.397959184,0.5,0.733333333,0.666666667,0.5,0.4,1,0,0.951219512
0,0.479452055,0.11622641,0.2,0,0,0.397959184,0.5,0.333333333,0.333333333,0.5,0,0.5,1,0.56097561
0,0.534246575,0.035883541,0.8,0,0,0.5,0.5,0.6,0.333333333,0.071428571,0,1,1,0.951219512
1,0.123287671,0.097924045,0.866666667,0,0,0.551020408,0.5,0.8,0.666666667,0.714285714,0.2,1,1,0.951219512
0,0.205479452,0.112071794,0.733333333,0,0,0.479591837,0.5,0.466666667,0.666666667,0.5,0.6,0.5,1,0.951219512
0,0.02739726,0.296265852,0.6,0,0,0.295918367,0.5,1,0.666666667,0.571428571,0.6,1,1,0.951219512
0,0.205479452,0.227819216,0.533333333,0,0,0.397959184,0.5,0.733333333,0.333333333,0.214285714,0,1,1,0.951219512
0,0.356164384,0.0534681,0.733333333,0,0,0.397959184,0.5,0.466666667,0.666666667,0.214285714,0.8,1,0,0.951219512
1,0.273972603,0.155047476,0.533333333,0,0.424242424,0.653061224,0.75,0.733333333,0.333333333,0.285714286,0,1,1,0.951219512
0,0.260273973,0.066642988,0.733333333,0,0,0.397959184,0.25,0.466666667,0.833333333,0.071428571,0.8,1,0,0.951219512
0,0.328767123,0.070851727,0.866666667,0,0,0.551020408,0.75,0.8,0.666666667,0.285714286,0.2,1,0,0.951219512
0,0.260273973,0.062818522,0.533333333,0,0,0.5,0.5,0.733333333,0,1,0.2,1,1,0.951219512
0,0.178082192,0.227666318,0.533333333,0,0,0.397959184,0.25,0.733333333,0.333333333,0.071428571,0,0.5,1,0.951219512
0,0.506849315,0.090672918,0.533333333,0,0,0.5,0.5,0.733333333,0.333333333,1,0,1,1,0.951219512
0,0.109589041,0.018683255,0.8,0,0,0.602040816,0,0.6,0.333333333,0,0,1,1,0.951219512
0,0.452054795,0.097233977,0.4,0,0,0.397959184,0,0.066666667,0.333333333,0,0.6,0.5,0,0.951219512
0,0.054794521,0.247373175,0.6,0,0.545684114,0.479591837,0.5,1,0.333333333,0.285714286,0,1,1,0.951219512
0,0.205479452,0.128993346,0.533333333,0,0,0.397959184,0.5,0.733333333,0.333333333,0.071428571,0,1,1,0.951219512
0,0.136986301,0.056784486,0.533333333,0,0,0.397959184,0.125,0.733333333,0.666666667,0.928571429,0.6,1,0,0.951219512
0,0,0.151913755,0.466666667,0,0,0.142857143,0.25,0.133333333,0.666666667,0.071428571,0.6,0.5,0,0.951219512
0,0.602739726,0.142147262,0.533333333,0,0,0.397959184,0,0.733333333,0.333333333,0,0,1,1,0.951219512
0,0.136986301,0.063615483,0.933333333,0,0,0.112244898,0.5,0.933333333,0,0.714285714,0.2,1,0,0.951219512
0,0.123287671,0.148400497,0.533333333,0,0,0.397959184,0.5,0.733333333,0.666666667,0.285714286,0.6,1,0,0.951219512
1,0.547945205,0.04591253,0.8,0,0.453856749,0.397959184,0.5,0.6,0.333333333,0.285714286,0,1,1,0.268292683
0,0.438356164,0.045430159,0.533333333,0,0,0.479591837,0.5,0.733333333,0.333333333,0.428571429,0,1,1,0.951219512
1,0.260273973,0.268520379,0.6,0,0,0.397959184,0.75,1,0.333333333,0.214285714,0,1,1,0.951219512
0,0.493150685,0.024441941,0.533333333,0,0,0.397959184,0.5,0.733333333,0.333333333,0.214285714,0,1,1,0.951219512
0,0.301369863,0.08313088,0.466666667,0,0,0.448979592,0.5,0.133333333,0.333333333,0.214285714,0,1,1,0.951219512
0,0.273972603,0.027457268,0.8,0,0,0.397959184,0.5,0.6,0.333333333,0.285714286,0,1,1,0.951219512
0,0.246575342,0.223621978,0.533333333,0.011510115,0,0.397959184,0.5,0.733333333,0.666666667,0.928571429,0.2,1,0,0.951219512
0,0.342465753,0.020337389,0.533333333,0,0,0.346938776,0.5,0.733333333,1,0.285714286,0.2,0.5,0,0.951219512
0,0.520547945,0.130892387,1,0,0,0.397959184,0.5,0.666666667,0.666666667,0.714285714,0.2,1,1,0.951219512
0,0.369863014,0.105160965,0.533333333,0,0,0.397959184,0.5,0.733333333,0.333333333,0.214285714,0,1,1,0.951219512
0,0.02739726,0.012363043,0.533333333,0,0,0.397959184,0.125,0.733333333,0.166666667,0.857142857,1,1,0,0.951219512
0,0.191780822,0.056802076,0.533333333,0,0,0.418367347,0.5,0.733333333,0.333333333,0.428571429,0,1,1,0.951219512
0,0.068493151,0.242378299,0.666666667,0,0,0.295918367,0.5,0.533333333,0.666666667,0.214285714,0.2,1,1,0.951219512
0,0.109589041,0.104274701,0.533333333,0,0,0.520408163,0.5,0.733333333,0.666666667,1,0.8,1,1,0.951219512
0,0.054794521,0.142551831,0.533333333,0,0,0.397959184,0.5,0.733333333,0.666666667,0.5,0.6,1,1,0.951219512
0,0.054794521,0.030732386,0.533333333,0,0,0.295918367,0.5,0.733333333,0.666666667,0.571428571,0.2,1,0,0.951219512
0,0.068493151,0.071377396,0.6,0,0,0.193877551,0.25,1,0.666666667,0.714285714,0.2,1,0,0.951219512
0,0.287671233,0.193865836,0.6,0,0,0.448979592,0.5,1,0.666666667,0.285714286,0.2,1,0,0.951219512
1,0.095890411,0.162192387,0.6,0,0,0.724489796,0.25,1,0.333333333,0.785714286,0,1,1,0.951219512
0,0.232876712,0.152959005,0.066666667,0,0,0.397959184,0.5,0.2,0.333333333,0.214285714,0,1,1,0.634146341
0,0.150684932,0.139200265,0.533333333,0,0,0.397959184,0.5,0.733333333,0.333333333,0.214285714,0,1,1,0.951219512
0,0.493150685,0.104255082,0.8,0,0,0.397959184,0.5,0.6,0.333333333,0.5,1,0.25,0,0.073170732
0,0.04109589,0.018396404,0.6,0,0,0.193877551,0.5,1,0.666666667,0.857142857,0.6,1,0,0.951219512
0,0.657534247,0.131922076,0.6,0,0,0.153061224,0.5,1,0.333333333,0.785714286,0,1,1,0.951219512
1,0.397260274,0.110975127,0.533333333,0.07298073,0,0.397959184,0.75,0.733333333,0.333333333,0.857142857,0.6,1,0,0.951219512
1,0.301369863,0.147328861,0.866666667,0,0,0.5,0.5,0.8,0.333333333,0.714285714,0,1,1,0.951219512
0,0.068493151,0.2088782,0.533333333,0,0,0.397959184,0.5,0.733333333,0.666666667,0.857142857,0.6,0.5,0,0.951219512
1,0.356164384,0.102109782,0.8,0,0,0.346938776,0.5,0.6,0.333333333,0.571428571,1,1,0,0
0,0.082191781,0.077166526,0.266666667,0,0,0.295918367,0.5,0.4,0.666666667,0.571428571,0.8,0.5,0,0.951219512
0,0.150684932,0.264178362,0.533333333,0,0,0.397959184,0.5,0.733333333,0.5,0.071428571,0.6,1,0,0.951219512
1,0.273972603,0.150544443,0.8,0.074300743,0,0.448979592,0.5,0.6,0,0.285714286,0.8,1,0,0.951219512
0,0.479452055,0.081649939,0.533333333,0,0,0.37755102,0.5,0.733333333,0,0.071428571,0.8,1,0,0.951219512
0,0.438356164,0.15021497,0.2,0,0,0.448979592,0.5,0.333333333,0.666666667,0.714285714,0.4,0.5,1,0.951219512
0,0.219178082,0.081554548,0.533333333,0,0,0.5,0.5,0.733333333,0.666666667,0.071428571,0.2,1,0,0.951219512
0,0.232876712,0.059839052,0.533333333,0,0,0.397959184,0.5,0.733333333,0,0.928571429,0.8,1,0,0.951219512
1,0.342465753,0.061363967,0.866666667,0,0,0.551020408,0.5,0.8,0.333333333,0.714285714,0,1,1,0.170731707
1,0.547945205,0.135520579,0.8,0,0.453856749,0.397959184,0.625,0.6,0.333333333,0.285714286,0,1,1,0.951219512
0,0.575342466,0.122865948,0.533333333,0,0,0.397959184,0.5,0.733333333,0,0.285714286,0.2,1,0,0.951219512
0,0.410958904,0.433321494,0.333333333,0,0,0.397959184,0.5,0,0.333333333,0.5,0,1,1,0.951219512
0,0.068493151,0.065467166,0.466666667,0,0,0.397959184,0.5,0.133333333,0.333333333,1,0,1,1,0.951219512
0,0.602739726,0.230527395,0.533333333,0,0,0.602040816,0.5,0.733333333,0.333333333,1,0,1,1,0.951219512
1,0.561643836,0.091581508,0.333333333,0,0.453856749,0.346938776,0.75,0,0.333333333,0.214285714,1,1,0,0
1,0.260273973,0.108123522,0.933333333,0,0,0.397959184,0.5,0.933333333,0.666666667,0.714285714,0.2,0.75,1,0.463414634
0,0.301369863,0.175819202,0.8,0,0,0.295918367,0.25,0.6,0.833333333,0.714285714,0.2,0.5,1,0.951219512
0,0.232876712,0.140571606,0.866666667,0,0,0.5,0.25,0.8,0.666666667,0.714285714,0.2,1,0,0.951219512
0,0,0.080183883,0.333333333,0,0,0.234693878,0.5,0,0.666666667,0.428571429,0.6,1,1,0.951219512
0,0.342465753,0.180392595,0.6,0,0,0.397959184,0.5,1,0,0.285714286,0.2,1,0,0.951219512
0,0.02739726,0.066009072,0.533333333,0,0,0.397959184,0.5,0.733333333,0.666666667,0.071428571,0.6,1,0,0.951219512
1,0.315068493,0.035585864,0.866666667,0,0,0.704081633,0.625,0.8,0.333333333,0.857142857,0,1,1,0.951219512
0,0.273972603,0.058232952,0.466666667,0,0,0.397959184,0.625,0.133333333,0.333333333,0.214285714,0,1,1,0.951219512
0,0.547945205,0.218515474,0.733333333,0,0,0.346938776,0.5,0.466666667,0.666666667,0.285714286,0.2,1,0,0.951219512
0,0.589041096,0.008071091,0.333333333,0,0,0.091836735,0,0,0,0,0.2,0,0,0.951219512
0,0.246575342,0.02666572,0.6,0,0,0.397959184,0.5,1,0.666666667,1,0.2,1,1,0.951219512
0,0.054794521,0.071988986,0.6,0,0,0.397959184,0.5,1,0.666666667,0.428571429,0.6,1,1,0.951219512
0,0.273972603,0.100015899,0.866666667,0,0,0.397959184,0.5,0.8,0.666666667,0.714285714,0.8,0.25,1,0.853658537
0,0.301369863,0.102746403,0.733333333,0,0,0.551020408,0.25,0.466666667,0,0.571428571,0.8,1,0,0.951219512
0,0.410958904,0.085282268,0.4,0.034110341,0,0.397959184,0.25,0.066666667,0.333333333,1,0,1,1,0.195121951
1,0.479452055,0.09343522,0.8,0,0,0.397959184,0.5,0.6,0.333333333,0.5,0,1,1,0.951219512
0,0.452054795,0.068893151,0.533333333,0,0,0.316326531,0.75,0.733333333,0.333333333,0.285714286,0,1,1,0.951219512
0,0.273972603,0.018483677,0.666666667,0,0,0.397959184,0.5,0.533333333,0,0.857142857,0.8,1,0,0.951219512
0,0.01369863,0.128087463,0.466666667,0,0,0.193877551,0.5,0.133333333,0.666666667,0.857142857,0.6,1,0,0.951219512
1,0.150684932,0.085519056,0.8,0,0.433195592,0.397959184,0.5,0.6,0.333333333,0.714285714,0,1,1,0.951219512
1,0.205479452,0.144885885,0.533333333,0,0,0.397959184,0.5,0.733333333,0.333333333,0.214285714,0,1,1,0.951219512
0,0.246575342,0.103226745,0.333333333,0,0,1,0,0,0,0,0.2,1,1,0.951219512
0,0.616438356,0.143420505,0.6,0,0,0.397959184,0.125,1,1,0.785714286,0.2,1,0,0.951219512
0,0.095890411,0.081027525,0.733333333,0,0,0.346938776,0.5,0.466666667,0.666666667,0.071428571,0.6,1,0,0.951219512
0,0.164383562,0.142048487,0.533333333,0,0,0.397959184,0.5,0.733333333,0.666666667,0.071428571,0.4,1,0,0.951219512
1,0.301369863,0.061340288,0.8,0.07298073,0,0.551020408,0.5,0.6,0.333333333,0.857142857,0,1,1,0.951219512
0,0.136986301,0.181092134,0.533333333,0,0,0.397959184,0.5,0.733333333,0.333333333,0.857142857,0,1,1,0.951219512
1,0.726027397,0.075883135,0.866666667,0,0.515610652,0.071428571,0.75,0.8,0.333333333,0.285714286,0,1,1,0.951219512
1,0.328767123,0.107746014,0.8,0,0,0.448979592,0.5,0.6,0.333333333,0.928571429,0,1,1,0.951219512
0,0.493150685,0.060311275,0.533333333,0,0,0.5,0.75,0.733333333,0.333333333,0.857142857,0,1,1,0.951219512
1,0.315068493,0.053902437,0.8,0,0,0.459183673,0.5,0.6,0.333333333,0.714285714,0,1,1,0.951219512
0,0.410958904,0.264316376,0.6,0,0,0.397959184,0.125,1,0.333333333,0.285714286,0,0.5,1,0.951219512
1,0.780821918,0.051655656,1,0,0.845500459,0.193877551,0.875,0.666666667,0.666666667,0.714285714,0.4,1,0,0.951219512
0,0.054794521,0.056963092,0.6,0,0,0.112244898,0.875,1,0.666666667,0.071428571,0.6,0.25,0,0.951219512
0,0.232876712,0.06239298,0.866666667,0,0,0.397959184,0.25,0.8,0.833333333,0.714285714,0.8,1,0,0.951219512
1,0.260273973,0.071101369,0.8,0,0,0.551020408,0.5,0.6,0.333333333,0.714285714,0,1,1,0.951219512
0,0.095890411,0.031703217,0.8,0,0,0.397959184,0.5,0.6,0.333333333,0.285714286,1,1,0,0.951219512
1,0.630136986,0.075589518,0.866666667,0,0,0.397959184,0.75,0.8,0.833333333,0.714285714,0.2,1,1,0.951219512
0,0.205479452,0.127469784,0.6,0,0,0.5,0.5,1,0.666666667,0.857142857,0.2,1,1,0.951219512
0,0.150684932,0.125116787,0.6,0,0,0.37755102,0.5,1,0.666666667,0.928571429,0.6,1,0,0.951219512
0,0.109589041,0.290441542,0.8,0,0,0.397959184,0.5,0.6,0.666666667,0.928571429,0.6,1,1,0.951219512
0,0.082191781,0.015912158,0.8,0,0,0.602040816,0.875,0.6,0.333333333,0.714285714,0,1,1,0.951219512
0,0.602739726,0.104763838,0.533333333,0,0,0.397959184,0.5,0.733333333,0,0.285714286,0.2,1,0,0.951219512
0,0.054794521,0.030732386,0.533333333,0,0,0.397959184,0.5,0.733333333,0.666666667,0.642857143,0.2,1,0,0.951219512
1,0.342465753,0.273470603,0.733333333,0.140841408,0,0.357142857,0.5,0.466666667,0.666666667,0.928571429,0.2,1,1,0.951219512
0,0.04109589,0.097105435,0.533333333,0,0,0.193877551,0.5,0.733333333,0.666666667,0.571428571,0.6,1,0,0.951219512
0,0.04109589,0.042179397,0.266666667,0,0,0.397959184,0.5,0.4,0.666666667,0.571428571,0.6,1,0,0.951219512
0,0.01369863,0.028654063,0.533333333,0,0,0.397959184,0.5,0.733333333,0.666666667,0.357142857,0.6,1,1,0.951219512
0,0.02739726,0.247496981,0.533333333,0,0,0.244897959,0.5,0.733333333,0.333333333,0.214285714,0,1,1,0.951219512
0,0.397260274,0.365111646,0.533333333,0,0,0.5,0.5,0.733333333,0.833333333,0.428571429,0.8,1,0,0.707317073
0,0.356164384,0.206029301,0.6,0,0,0.846938776,0.75,1,0.333333333,0.357142857,0,1,1,0.951219512
0,0.767123288,0.142354959,0.333333333,0,0,0.040816327,0.25,0,0.333333333,0.357142857,0,1,1,0.951219512
1,0.520547945,0.153136258,0.533333333,0.043860439,0,0.397959184,0.5,0.733333333,0.333333333,0.857142857,0,1,1,0.951219512
1,0.328767123,0.122857153,0.533333333,0.150241502,0,0.653061224,0.5,0.733333333,0.333333333,0.285714286,0,1,1,0.951219512
0,0.205479452,0.185141887,0.8,0,0,0.5,0.5,0.6,0.666666667,0.285714286,0.2,1,0,0.951219512
0,0.438356164,0.149361856,0.533333333,0,0,0.602040816,0.75,0.733333333,0.333333333,0.214285714,0,1,1,0.951219512
0,0.095890411,0.190305896,0.533333333,0,0,0.193877551,0.5,0.733333333,0.666666667,0.857142857,0.6,0.5,0,0.951219512
0,0.095890411,0.120240983,0.8,0,0,0.397959184,0.5,0.6,0.333333333,0.714285714,0,1,1,0.951219512
0,0.109589041,0.275603048,0.533333333,0,0,0.071428571,0.5,0.733333333,0.666666667,0.571428571,0.6,1,0,0.951219512
0,0.150684932,0.095748978,0.6,0,0,0.37755102,0.5,1,0.666666667,0.285714286,0.8,1,0,0.951219512
1,0.246575342,0.075450151,0.8,0.150241502,0,0.346938776,0.5,0.6,0.333333333,0.714285714,1,1,0,0.951219512
0,0.164383562,0.105357161,0.533333333,0,0,0.397959184,0.5,0.733333333,0,0.5,0.8,1,0,0.951219512
0,0.095890411,0.161484729,0.6,0,0,0.755102041,0.5,1,0.666666667,1,0.2,0.5,1,0.951219512
1,0.575342466,0.228415922,0.8,0.106051061,0,0.5,0.875,0.6,0.333333333,0.285714286,0,1,1,0.951219512
0,0.534246575,0.256841315,0.533333333,0,0,0.397959184,0.25,0.733333333,0.333333333,0.285714286,0,1,1,0.951219512
1,0.479452055,0.193442323,0.8,0,0,0.5,0.5,0.6,0.333333333,0.214285714,0,1,1,0.951219512
0,0.246575342,0.118905498,0.6,0,0,0.5,0.5,1,0.333333333,0.285714286,0,1,1,0.951219512
1,0.315068493,0.113336242,0.6,0,0,0.397959184,0.5,1,0,0.285714286,0.2,1,0,0.951219512
0,0.534246575,0.064941496,0.8,0,0,0.397959184,0.5,0.6,1,0.571428571,0.2,1,0,0.951219512
0,0.082191781,0.244462034,0.8,0,0,0.193877551,0.5,0.6,0.666666667,0.571428571,0.6,1,0,0.951219512
0,0.178082192,0.121167839,0.4,0,0,0.397959184,0.5,0.066666667,0.333333333,0.5,0,1,1,0.951219512
0,0.095890411,0.322204971,0.6,0,0,0.346938776,0.5,1,0.666666667,0.571428571,0.8,0.5,0,0.951219512
0,0.109589041,0.137271457,0.533333333,0,0,0.397959184,0.5,0.733333333,0.333333333,0.071428571,1,1,0,0.951219512
0,0.191780822,0.126287873,0.6,0,0,0.37755102,0.5,1,0.833333333,0.071428571,0.8,0.5,0,0.951219512
0,0.095890411,0.123443034,0.533333333,0,0,0.489795918,0.5,0.733333333,0.666666667,1,0.2,1,0,0.951219512
0,0.602739726,0.061761094,0.6,0,0,0.397959184,0.875,1,0,0.214285714,0.2,1,1,0.268292683
0,0.150684932,0.013682968,0.533333333,0,0,0.142857143,0.5,0.733333333,0.333333333,0.071428571,1,1,0,0.951219512
1,0.369863014,0.136631453,0.6,0,0,0.5,0.5,1,0.333333333,1,0,1,1,0.951219512
0,0.342465753,0.197170044,0.533333333,0,0,0.397959184,0.5,0.733333333,0.666666667,0.5,0.8,0.5,0,0.951219512
0,0.315068493,0.006023889,0.8,0,0,0.316326531,0.875,0.6,0,0.071428571,0.4,0.5,0,0.951219512
0,0,0.206626007,0.333333333,0,0,0.142857143,0.5,0,0.666666667,0.857142857,0.6,0.5,0,0.951219512
1,0.273972603,0.121417481,0.8,0,0,0.5,0.5,0.6,0.333333333,0.071428571,0,1,1,0.951219512
0,0.205479452,0.172905356,0.6,0,0,0.5,0.25,1,0.333333333,0.785714286,0,1,1,0.12195122
0,0.287671233,0.069686053,0.533333333,0,0,0.397959184,0.5,0.733333333,0.333333333,0.5,0,1,1,0.951219512
0,0.369863014,0.141319857,0.133333333,0,0,0.448979592,0.5,0.266666667,0.5,0.214285714,0.2,1,1,0.951219512
0,0.506849315,0.063014718,0.533333333,0,0.399678604,0.397959184,0.5,0.733333333,0,0.214285714,0.2,1,1,0.951219512
0,0.246575342,0.173198296,0.6,0,0,0.397959184,0.25,1,0.333333333,0.214285714,0,1,1,0.951219512
0,0.150684932,0.092929846,0.6,0,0,0.193877551,0,1,0,0,0.6,1,0,0
0,0.315068493,0.200080508,0.533333333,0,0,0.397959184,0.5,0.733333333,1,0.571428571,0.8,0.5,0,0.951219512
0,0.424657534,0.02155245,0.6,0,0,0.448979592,0.5,1,0.333333333,0.071428571,0,1,1,0.951219512
0,0.219178082,0.241505566,0.8,0,0,0.397959184,0.5,0.6,0.666666667,0.428571429,0.4,1,0,0.634146341
0,0.287671233,0.115957148,0.333333333,0,0,0.448979592,0.5,0,0.5,0.571428571,0.2,1,1,0.951219512
1,0.630136986,0.084944676,0.6,0.07298073,0,0.479591837,0.5,1,0.333333333,0.857142857,0,1,1,0.951219512
0,0.136986301,0.263469351,0.533333333,0,0,0.397959184,0.5,0.733333333,0.666666667,0.071428571,0.2,0.5,0,0.951219512
0,0.547945205,0.118294585,0.533333333,0,0,0.397959184,0.5,0.733333333,0,0.071428571,0.2,1,0,0.951219512
1,0.589041096,0.088277299,0.6,0,0,0.397959184,0.125,1,0.333333333,0.214285714,0,1,1,0.951219512
0,0.452054795,0.159080992,0.533333333,0,0,0.397959184,0.5,0.733333333,0,0.071428571,0.2,0.5,0,0.951219512
0,0.493150685,0.142154027,0.533333333,0,0,0.397959184,0.25,0.733333333,0.666666667,0.571428571,0.2,0.5,1,0.951219512
0,0.164383562,0.177066737,0.6,0,0,0.448979592,0.5,1,0.666666667,0.714285714,0.2,1,1,0.951219512
0,0.178082192,0.02863309,0.6,0,0,0.479591837,0.5,1,0.333333333,0.5,0,1,1,0.951219512
0,0.671232877,0.157211042,0.8,0,0,0.397959184,0.5,0.6,0.333333333,0.071428571,0,0.25,1,0.731707317
1,0.123287671,0.134114057,0.533333333,0,0,0.418367347,0.5,0.733333333,0.333333333,0.214285714,0,1,1,0.951219512
0,0.246575342,0.087686682,0.466666667,0,0,0.397959184,0.5,0.133333333,0.333333333,0.214285714,0,1,1,0.951219512
0,0.726027397,0.091517236,0.8,0,0,0.06122449,0,0.6,0,0,0.2,1,0,0.951219512
0,0.561643836,0.125966518,0.2,0,0,0.234693878,0,0.333333333,0.333333333,0,0,1,1,0.951219512
1,0.438356164,0.231063889,0.6,0,0,0.448979592,0.5,1,0,0.714285714,0.2,1,1,0.951219512
0,0.219178082,0.019568843,0.8,0,0,0.755102041,0.75,0.6,0.333333333,0.357142857,0,1,1,0.951219512
0,0.205479452,0.238392818,0.6,0,0,0.5,0.5,1,0.333333333,0.285714286,0,1,1,0.951219512
1,0.369863014,0.309291902,0.666666667,0.07298073,0,0.479591837,0.125,0.533333333,0.333333333,0.785714286,0,1,1,0.951219512
1,0.575342466,0.0907859,0.933333333,0,0,0.397959184,0.625,0.933333333,0.333333333,0.714285714,0,1,1,0.951219512
0,0.342465753,0.020578913,0.533333333,0,0,0.397959184,0.5,0.733333333,0,0.071428571,0.8,1,0,0.951219512
0,0.095890411,0.117975259,0.6,0,0,0.5,0.5,1,0.333333333,0.214285714,0,1,1,0.951219512
0,0.054794521,0.241766033,0.533333333,0,0,0.346938776,0.5,0.733333333,0.666666667,0.071428571,0.6,1,0,0.951219512
0,0.095890411,0.08120816,0.8,0,0,0.448979592,0.5,0.6,0.666666667,0.285714286,0.6,1,1,0.951219512
0,0.383561644,0.037017417,0.6,0,0,0.5,0.625,1,0.333333333,0.5,0,1,1,0.951219512
1,0.630136986,0.057891301,0.866666667,0,0,0.5,0.125,0.8,0.333333333,0.285714286,0,1,1,0.951219512
0,0.054794521,0.246348221,0.6,0,0,0.397959184,0.5,1,0.666666667,1,0.6,1,1,0.951219512
1,0.356164384,0.043100841,0.6,0.076880769,0,0.397959184,0.5,1,0.333333333,0.857142857,0,1,1,0.951219512
0,0.082191781,0.115367884,0.6,0,0,0.397959184,0.5,1,0.666666667,0.571428571,0.6,1,0,0.146341463
1,0.260273973,0.088144698,0.533333333,0,0,0.448979592,0.25,0.733333333,0.333333333,0.285714286,0,1,1,0.951219512
1,0.465753425,0.110312121,0.8,0,0,0.469387755,0.5,0.6,0.333333333,0.857142857,0,1,1,0.951219512
0,0.602739726,0.156100168,0,0,0,0.397959184,0.75,0.866666667,0.333333333,0.214285714,0,1,1,0.951219512
0,0.068493151,0.205818898,0.533333333,0,0,0.5,0.5,0.733333333,0.666666667,0.214285714,0.2,1,1,0.951219512
1,0.684931507,0.092283077,0.866666667,0.184811848,0,0.010204082,0.75,0.8,1,0.714285714,0.2,1,1,0.951219512
1,0.164383562,0.069696877,0.666666667,0.076880769,0,0.397959184,0.25,0.533333333,0.333333333,0.785714286,0,1,1,0.951219512
0,0.04109589,0.139219885,0.6,0,0,0.224489796,0.5,1,0.666666667,1,0.6,1,1,0.951219512
0,0.397260274,0.097183237,0.8,0,0.367768595,0.071428571,0.5,0.6,0.666666667,0.5,0.2,1,0,0.951219512
1,0.534246575,0.12217182,0.866666667,0,0.453856749,0.43877551,0.5,0.8,0.333333333,0.214285714,0,1,1,0.951219512
0,0.109589041,0.149263758,0.8,0,0,0.37755102,0.5,0.6,0.333333333,0.071428571,1,0.5,0,0.951219512
0,0.561643836,0.13727281,0.4,0,0,0.193877551,0.5,0.066666667,0.333333333,0.571428571,0,1,1,0.951219512
0,0.260273973,0.105497881,0.8,0,0,0.397959184,0,0.6,0.666666667,0,0.6,1,0,0.951219512
0,0.506849315,0.163632058,0.533333333,0,0,0.397959184,0.5,0.733333333,0.333333333,0.714285714,0,1,1,0.951219512
1,0.424657534,0.119347277,1,0,0,0.397959184,0.625,0.666666667,0.333333333,0.285714286,0,1,1,0.951219512
1,0.260273973,0.143063293,0.8,0,0,0.397959184,0.125,0.6,0.333333333,0.714285714,0,1,1,0.951219512
1,0.369863014,0.150798145,0.6,0,0,0.5,0.5,1,0.333333333,0.214285714,0,1,1,0.951219512
0,0.054794521,0.141106747,0.6,0,0,0.193877551,0.5,1,0.666666667,0.857142857,0.6,1,1,0.951219512
1,0.684931507,0.055695937,0.866666667,0,0,0.295918367,0.5,0.8,0.333333333,0.857142857,0,1,1,0.951219512
1,0.342465753,0.018114287,0.533333333,0,0,0.602040816,0.5,0.733333333,0.333333333,0.857142857,0,1,1,0.951219512
1,0.232876712,0.121486488,0.6,0.07298073,0,0.397959184,0.5,1,0.333333333,0.285714286,1,1,0,0.951219512
0,0.164383562,0.067733566,0.133333333,0,0,0.397959184,0.5,0.266666667,0.333333333,0.5,0,1,1,0
0,0.219178082,0.067337115,0.8,0,0,0.397959184,0.25,0.6,0.666666667,0.714285714,0.2,1,0,0.951219512
0,0.068493151,0.162561776,0.6,0,0,0.397959184,0.5,1,0.333333333,0.285714286,1,1,0,0.951219512
1,0.452054795,0.123329376,0.533333333,0,0,0.602040816,0.5,0.733333333,0.333333333,0.857142857,0,1,1,0.951219512
0,0.273972603,0.143051792,0.6,0,0,0.397959184,0,1,0.833333333,0,0.8,1,1,0.951219512
0,0.315068493,0.122520913,0.933333333,0,0,0.397959184,0.5,0.933333333,0.333333333,0.714285714,1,0.25,0,0.073170732
0,0.397260274,0.0690359,0.6,0,0,0.397959184,0.5,1,0,0.5,0.2,1,1,0.951219512
0,0.452054795,0.138887705,0.533333333,0,0,0.397959184,0.5,0.733333333,1,0.5,0.8,1,0,0.951219512
0,0.301369863,0.107731131,0.333333333,0,0,0.397959184,0.5,0,0.666666667,0.428571429,0.2,1,1,0.097560976
0,0.424657534,0.025027146,0.733333333,0,0,0.397959184,0.5,0.466666667,0,0.071428571,0.8,1,0,0.951219512
0,0.260273973,0.089618873,0.533333333,0,0,0.479591837,0.5,0.733333333,0.333333333,0.214285714,0,0,1,0.951219512
1,0.547945205,0.023751197,0.533333333,0,0,0.397959184,0.25,0.733333333,0.333333333,0.285714286,0,1,1,0.951219512
0,0.465753425,0.029241297,0.533333333,0,0,0.397959184,0.5,0.733333333,0.333333333,0.214285714,0,0.5,1,0.951219512
0,0.273972603,0.066871657,0.666666667,0,0,0.387755102,0.5,0.533333333,0.333333333,0.214285714,0,1,1,0.951219512
0,0.04109589,0.071008683,0.533333333,0,0,0.448979592,0.5,0.733333333,0.666666667,0.5,0.8,1,0,0.951219512
0,0.01369863,0.012666809,0.6,0,0,0.397959184,0.5,1,0.666666667,0.928571429,0.2,1,0,0.951219512
0,0.520547945,0.086297751,0.533333333,0,0,0.602040816,0.5,0.733333333,0,0.285714286,0.2,1,0,0.951219512
0,0,0.135199223,0.333333333,0,0,0.193877551,0,0,0.666666667,0,0.6,1,0,0.951219512
0,0.493150685,0.144138988,0.6,0,0,0.397959184,0.125,1,1,0.071428571,0.2,0.5,0,0.951219512
1,0.369863014,0.300349432,0.6,0,0,0.448979592,0.625,1,0,0.857142857,0.6,1,1,0.951219512
0,0.273972603,0.065120102,0.533333333,0,0,0.397959184,0.25,0.733333333,0.333333333,0.214285714,0,1,1,0.951219512
0,0.136986301,0.119952778,0.6,0,0,0.397959184,0.5,1,0,0.928571429,0.2,1,0,0.951219512
1,0.260273973,0.139667076,0.6,0,0,0.295918367,0.5,1,0.333333333,0.071428571,0.6,1,0,0.951219512
0,0.123287671,0.312113739,0.533333333,0,0,0.295918367,0.5,0.733333333,0.333333333,0.571428571,1,1,0,0.951219512
0,0.383561644,0.230562575,0.6,0,0,0.397959184,0.5,1,0.833333333,0.571428571,0.8,1,0,0.951219512
0,0.205479452,0.055235892,0.533333333,0,0,0.397959184,0.5,0.733333333,0,0.5,0.2,1,1,0.951219512
0,0.082191781,0.290961123,0.8,0,0.250688705,0.397959184,0.25,0.6,0.666666667,0.714285714,0.2,1,0,0.951219512
1,0.356164384,0.187660635,0.866666667,0,0.584710744,0.397959184,0.5,0.8,0,0.714285714,0.8,1,0,0.951219512
0,0.136986301,0.133223734,0.8,0,0,0.397959184,0.5,0.6,0.666666667,0.928571429,0.6,1,1,0.951219512
0,0.383561644,0.029153347,0.8,0,0,0.397959184,0.25,0.6,0.333333333,0.714285714,0,0.5,1,0.951219512
0,0.191780822,0.170532063,0.2,0,0,0.397959184,0.5,0.333333333,0.666666667,0.5,0.6,1,1,0.634146341
0,0.01369863,0.095647497,0.6,0,0,0.030612245,0.375,1,0.666666667,0,0.6,1,1,0.951219512
0,0.191780822,0.102952747,0.533333333,0,0,0.734693878,0.5,0.733333333,0.333333333,1,0,1,1,0.951219512
1,0.109589041,0.199323463,0.8,0,0,0.448979592,0.5,0.6,0.333333333,0.714285714,0,1,1,0.951219512
0,0.191780822,0.241889163,0.2,0,0,0.244897959,0.5,0.333333333,0.666666667,0.428571429,0.4,1,1,0.951219512
0,0.150684932,0.069882249,0.666666667,0,0,0.37755102,0.5,0.533333333,0.666666667,0.928571429,0.6,1,0,0.951219512
0,0.178082192,0.015079341,0.866666667,0,0,0.5,0.5,0.8,0.333333333,0.714285714,0,1,1,0.951219512
0,0.191780822,0.139391725,0.6,0,0,0.295918367,0.5,1,0.666666667,0.571428571,0.2,1,1,0.951219512
0,0.465753425,0.064161449,0.2,0,0,0.397959184,0.5,0.333333333,0.333333333,1,0,0.5,1,0.951219512
1,0.410958904,0.434865352,0.8,0,0,0.397959184,0.125,0.6,0.333333333,0.285714286,0,0.75,1,0.707317073
0,0.232876712,0.190634017,0.866666667,0,0,0.5,0.5,0.8,0.333333333,0.285714286,0,1,1,0.243902439
0,0.04109589,0.137311373,0.6,0,0,0.193877551,0.5,1,0.666666667,0.071428571,0.6,1,0,0.951219512
0,0.164383562,0.374452597,0,0,0,0.397959184,0,0.866666667,0.666666667,0,0.2,0.5,1,0.853658537
0,0.287671233,0.053738038,0.4,0,0,0.397959184,0.5,0.066666667,0,0.5,0.2,1,1,0.951219512
1,0.205479452,0.114054725,0.666666667,0,0,0.5,0.5,0.533333333,0,0.857142857,0.2,1,1,0.951219512
0,0.383561644,0.118223548,0.533333333,0,0.470844812,0.397959184,0.5,0.733333333,0.333333333,0.214285714,0,1,1,0.951219512
0,0.356164384,0.116935421,0.8,0,0,0.397959184,0.5,0.6,0,0.928571429,0.6,1,1,0.951219512
0,0.164383562,0.440499555,0.533333333,0,0,0.397959184,0.5,0.733333333,0.333333333,0.357142857,0,0.5,1,0.951219512
0,1,0.024114497,0.533333333,0,0,0.397959184,0.5,0.733333333,0.333333333,0.5,0,1,1,0.951219512
1,0.465753425,0.115612114,0.533333333,0,0,0.704081633,0.625,0.733333333,0.333333333,0.285714286,0,1,1,0.951219512
0,0.04109589,0.055787946,0.6,0,0,0.397959184,0,1,0.666666667,0,0.6,1,1,0.780487805
0,0.602739726,0.056298055,0.533333333,0,0,0.397959184,0.5,0.733333333,0.333333333,1,0,1,1,0.951219512
0,0.273972603,0.14370668,0.666666667,0,0,0.397959184,0.875,0.533333333,0,0.785714286,0.8,0.5,1,0.951219512
0,0.054794521,0.256946855,0.6,0,0,0.397959184,0.5,1,0.666666667,0.071428571,0.6,0.75,1,0.951219512
0,0.602739726,0.159773089,0.2,0,0,0.397959184,0.5,0.333333333,0,0.571428571,0.8,1,0,0.951219512
0,0.260273973,0.031155898,0.333333333,0,0,0.346938776,0.5,0,0.666666667,0.857142857,0.8,1,0,0
0,0.123287671,0.217048741,0.533333333,0,0,0.397959184,0.5,0.733333333,0,0.857142857,0.2,1,1,0.951219512
0,0.123287671,0.102092192,0.6,0,0,0.397959184,0.25,1,0.333333333,0.571428571,0.4,1,1,0.951219512
1,0.287671233,0.079349712,0.866666667,0,0,0.397959184,0.75,0.8,0.666666667,0.714285714,0.2,1,1,0.951219512
0,0.04109589,0.123005991,0.6,0,0,0.112244898,0.5,1,0.666666667,0.714285714,0.4,1,1,0.951219512
0,0.068493151,0.138201696,0.533333333,0,0,0.397959184,0,0.733333333,0.666666667,0,0.4,1,0,0.951219512
0,0.287671233,0.061590607,0.533333333,0,0,0.397959184,0.5,0.733333333,0.333333333,0.285714286,0,1,1,0.951219512
0,0.01369863,0.073241257,0.266666667,0,0,0.142857143,0.5,0.4,0.666666667,0.571428571,0.6,0.5,1,0.951219512
1,0.219178082,0.101674768,0.533333333,0,0,0.551020408,0.5,0.733333333,0.333333333,1,0,1,1,0.951219512
0,0.054794521,0.04720607,0.133333333,0,0,0.316326531,0.5,0.266666667,0.666666667,0.214285714,0.2,0.75,1,0.634146341
0,0.561643836,0.077002804,0.333333333,0,0,0.653061224,0.5,0,0,0.571428571,0.8,1,0,0.951219512
0,0.260273973,0.139540563,0.533333333,0,0,0.397959184,0.5,0.733333333,0.833333333,0.071428571,0.8,0.5,0,0.951219512
0,0.287671233,0.124745368,0.8,0,0,0.551020408,0.25,0.6,0.333333333,0.714285714,1,1,0,0.951219512
1,0.328767123,0.183769193,0.666666667,0,0,0.346938776,0.875,0.533333333,0.333333333,0.714285714,0,1,1,0.951219512
0,0.02739726,0.085671277,0.6,0,0,0.193877551,0.5,1,0.666666667,0.857142857,0.6,0.5,0,0.951219512
0,0.246575342,0.153367634,0.6,0,0,0.397959184,0.5,1,0.666666667,0.857142857,0.2,1,1,0.951219512
0,0.02739726,0.085154403,0.6,0,0,0.193877551,0,1,0.666666667,0,0.6,1,0,0.951219512
0,0.328767123,0.082699249,0.666666667,0,0,0.448979592,0.25,0.533333333,0,0.214285714,0.8,1,0,0.951219512
0,0.657534247,0.130587945,0.533333333,0,0,0.234693878,0.5,0.733333333,0.333333333,0.357142857,0,1,1,0.951219512
1,0.287671233,0.272445649,0.533333333,0,0,0.397959184,0.5,0.733333333,0.333333333,1,0,1,1,0.951219512
0,0.164383562,0.063194677,0.533333333,0,0,0.418367347,0.5,0.733333333,0.333333333,0.428571429,0,1,1,0.951219512
0,0.753424658,0.011260288,0.4,0,0,0.234693878,0,0.066666667,1,0,0.2,1,0,0.951219512
0,0.150684932,0.014267496,0.4,0,0,0.346938776,0.5,0.066666667,0.5,0.571428571,0.8,1,0,0.951219512
0,0.287671233,0.101660561,0.533333333,0,0,0.346938776,0.5,0.733333333,0.666666667,0.285714286,0.2,0.25,0,0.414634146
0,0.438356164,0.052126526,0.8,0,0,0.397959184,0.125,0.6,0.333333333,0.714285714,0,1,1,0.951219512
1,0.493150685,0.07718141,0.6,0,0,0.5,0.5,1,0.666666667,0.071428571,0.2,1,0,0.951219512
0,0.136986301,0.089656759,0.6,0,0,0.397959184,0.5,1,0.666666667,0.071428571,0.6,0.5,0,0.951219512
0,0.575342466,0.250025201,0.266666667,0,0,0.397959184,0.5,0.4,1,0.571428571,0.8,0.5,0,0.951219512
0,0.315068493,0.285360747,0.533333333,0,0,0.397959184,0.5,0.733333333,0,0.5,0.6,1,0,0.951219512
0,0.246575342,0.077317394,0.866666667,0,0,0.397959184,0.5,0.8,0.333333333,0.214285714,0,1,1,0.951219512
0,0.397260274,0.106145327,0.666666667,0,0,0.397959184,0.5,0.533333333,0,0.071428571,0.2,1,0,0.951219512
0,0.232876712,0.046089783,0.6,0,0,0.397959184,0.25,1,0.333333333,0.785714286,0,1,1,0.951219512
0,0.315068493,0.532432186,0.533333333,0,0,0.37755102,0.5,0.733333333,0,0.071428571,0.8,1,0,0.951219512
1,0.410958904,0.028397655,0.666666667,0,0.433195592,0.602040816,0.5,0.533333333,0.333333333,0.285714286,0,1,1,0.951219512
1,0.287671233,0.058514392,0.6,0,0,0.397959184,0.5,1,0.333333333,0.071428571,0,1,1,0.951219512
1,0.424657534,0.101447452,0.8,0,0,0.5,0.5,0.6,0,0.285714286,0.2,1,0,0.951219512
0,0.109589041,0.205939998,0.533333333,0,0,0.397959184,0.5,0.733333333,0.666666667,0.5,0.2,0.5,1,0.951219512
1,0.438356164,0.222222222,0.866666667,0,0,0.397959184,0.5,0.8,0.333333333,0.857142857,0,1,1,0.951219512
0,0.328767123,0.175221143,0.4,0,0,0.193877551,0.5,0.066666667,0,0.785714286,0.2,1,0,0.951219512
0,0.150684932,0.085087426,0.733333333,0,0,0.397959184,0.5,0.466666667,0.666666667,0.571428571,0.2,0.75,1,0.951219512
0,0.630136986,0.093987951,0.2,0,0,0.397959184,0.5,0.333333333,0,0.857142857,0.2,1,0,0.951219512
0,0.260273973,0.041091525,0.533333333,0,0,0.551020408,0.5,0.733333333,0,0.214285714,0.2,1,1,0.951219512
0,0.356164384,0.146715919,0.8,0,0,0.5,0.5,0.6,0.666666667,0.071428571,0.2,0.5,1,0.682926829
0,0.191780822,0.16969248,0.533333333,0,0,0.397959184,0.5,0.733333333,0,0.071428571,0.8,1,0,0.951219512
0,0.589041096,0.220921917,0.533333333,0,0,0.37755102,0.5,0.733333333,0.666666667,0.071428571,0.2,0.5,0,0.951219512
0,0.547945205,0.026185378,0.533333333,0,0,0.295918367,0.75,0.733333333,0.333333333,0.357142857,0,1,1,0.951219512
0,0.424657534,0.122311187,0.533333333,0,0,0.193877551,0.5,0.733333333,0,0.857142857,0.6,1,0,0.951219512
0,0.671232877,0.022607849,0.333333333,0,0,0.5,0.625,0,0.333333333,0.357142857,0,1,1,0.951219512
0,0.068493151,0.226805763,0.533333333,0,0,0.346938776,0.5,0.733333333,0.833333333,0.571428571,0.8,0.5,0,0.951219512
0,0.082191781,0.208379592,0.533333333,0,0,0.397959184,0.125,0.733333333,0.666666667,0.714285714,0.2,1,1,0.951219512
0,0.273972603,0.116762904,0.533333333,0.011510115,0,0.397959184,0.5,0.733333333,0,0.928571429,0.8,1,0,0.951219512
0,0.136986301,0.03368953,0.8,0,0,0.37755102,0.5,0.6,0.666666667,0.857142857,0.6,0.75,1,0.951219512
0,0.02739726,0.241687555,0.6,0,0,0.397959184,0,1,0.666666667,0,0.6,1,0,0.951219512
0,0.287671233,0.006738312,0.533333333,0,0,0.5,0.75,0.733333333,0.333333333,0.285714286,0,1,1,0.951219512
0,0.123287671,0.088945041,0.6,0,0,0.397959184,0.5,1,0.666666667,0.571428571,0.2,1,1,0.951219512
1,0.369863014,0.155763253,0.8,0.076880769,0,0.5,0.5,0.6,0.333333333,0.857142857,0,1,1,0.951219512
0,0.589041096,0.096196169,0.533333333,0,0,0.418367347,0.75,0.733333333,0.666666667,0.357142857,0.8,1,1,0.951219512
0,0.082191781,0.033822132,0.6,0,0,0.448979592,0.5,1,0.333333333,0.857142857,0,1,1,0.951219512
0,0.630136986,0.036769128,0.266666667,0,0,0.153061224,0.5,0.4,0.333333333,0.214285714,0,1,1,0.951219512
0,0.205479452,0.057801998,0.533333333,0,0.383838384,0.397959184,0.5,0.733333333,0.333333333,0.214285714,0,1,1,0.951219512
0,0.178082192,0.261510099,0.533333333,0,0,0.602040816,0.5,0.733333333,0.166666667,0.071428571,0,1,1,0.951219512
0,0.109589041,0.235232035,0.133333333,0,0,0.326530612,0.5,0.266666667,0.666666667,0.071428571,0.2,1,0,0.634146341
0,0.164383562,0.415534651,0.8,0,0,0.397959184,0.5,0.6,0.666666667,0.285714286,0.2,1,1,0.951219512
0,0.219178082,0.131089935,0.533333333,0,0,0.397959184,0.5,0.733333333,0.333333333,0.214285714,0,1,1,0.951219512
0,0.506849315,0.106554632,0.866666667,0,0,0.37755102,0.25,0.8,1,0.714285714,0.8,1,0,0.951219512
0,0.054794521,0.12112657,0.6,0,0,0.244897959,0.5,1,0.666666667,0.571428571,0.6,1,1,0.951219512
1,0.424657534,0.120279545,0.6,0,0,0.5,0.5,1,0,0.285714286,0.2,1,1,0.951219512
1,0.602739726,0.060426286,1,0,0,0.244897959,0,0.666666667,0.333333333,0,0,1,1,0.951219512
0,0.397260274,0.055830568,0.6,0,0,0.295918367,0.5,1,0,0.642857143,0.8,1,0,0.951219512
0,0.575342466,0.06312567,0.6,0,0,0.112244898,0.5,1,0.333333333,0.285714286,0,1,1,0.951219512
0,0.643835616,0.062560085,0.6,0,0,0.071428571,0,1,1,0,0.8,1,0,0.951219512
1,0.506849315,0.114231301,0.533333333,0,0,0.397959184,0.5,0.733333333,0.333333333,0.5,0,1,1,0.219512195
0,0.109589041,0.264866401,0.533333333,0,0,0.357142857,0.5,0.733333333,0.666666667,0.428571429,0.2,0.5,1,0.951219512
1,0.479452055,0.409126489,0.8,0.076880769,0,0.397959184,0.125,0.6,0.333333333,0.928571429,0,0.5,1,0.951219512
0,0.739726027,0.326049056,0.6,0,0.416896235,0.010204082,0.75,1,0.833333333,0.857142857,0.8,0.5,1,0.951219512
1,0.232876712,0.020712191,0.8,0,0,0.5,0.5,0.6,0.333333333,0.285714286,0,1,1,0.951219512
1,0.410958904,0.179983966,0.6,0.076880769,0,0.397959184,0.5,1,0.333333333,0.714285714,0,1,1,0.951219512
0,0.01369863,0.019684531,0.533333333,0,0.367768595,0.193877551,0.5,0.733333333,0.666666667,0.857142857,0.6,1,0,0.951219512
0,0.657534247,0.123559398,0.533333333,0,0,0.091836735,0,0.733333333,0.333333333,0,0,1,1,0.951219512
0,0.205479452,0.078049408,0.533333333,0,0,0.397959184,0.875,0.733333333,0.333333333,0.785714286,0,1,1,0.951219512
1,0.520547945,0.107692568,0.533333333,0,0,0.479591837,0.5,0.733333333,0,0.214285714,0.8,0.5,1,0.951219512
0,0.123287671,0.19905623,0.6,0,0,0.397959184,0.5,1,0.666666667,0.428571429,0.6,1,1,0.951219512
0,0.095890411,0.230977292,0.6,0,0,0.193877551,0.5,1,0.666666667,0.571428571,0.6,1,1,0.048780488
0,0.164383562,0.106471418,0.533333333,0,0,0.397959184,0.75,0.733333333,0.333333333,0.214285714,0,1,1,0.951219512
0,0.369863014,0.157654851,0.533333333,0,0,0.397959184,0.5,0.733333333,0.333333333,0.071428571,0,1,1,0.951219512
0,0.397260274,0.071948394,0.533333333,0,0,0.806122449,0.5,0.733333333,0,0.714285714,0.2,1,0,0.951219512
0,0.219178082,0.104644091,0.6,0,0,0.37755102,0.5,1,0.666666667,0.071428571,0.2,1,0,0.951219512
1,0.301369863,0.021261539,0.533333333,0.07298073,0,0.397959184,0.5,0.733333333,0.333333333,0.285714286,0,1,1,0.951219512
0,0.246575342,0.108374518,0.8,0.029770298,0,0.448979592,0.875,0.6,0.666666667,0.285714286,0.2,0.25,0,0.951219512
0,0.616438356,0.386961772,0.533333333,0,0,0.43877551,0.5,0.733333333,0.333333333,0.857142857,0,1,1,0.951219512
0,0.150684932,0.161282444,0.533333333,0,0,0.397959184,0.5,0.733333333,0.333333333,0.214285714,0,1,1,0.951219512
0,0.232876712,0.114773884,0.533333333,0,0,0.397959184,0,0.733333333,0,0,0.2,1,0,0.951219512
0,0.219178082,0.042723333,0.533333333,0,0,0.397959184,0.5,0.733333333,0.333333333,0.428571429,0,0,1,0.951219512
0,0.246575342,0.142904307,0.8,0,0,0.397959184,0.5,0.6,0.333333333,0.071428571,1,0.5,0,0.951219512
0,0.369863014,0.124209551,0.6,0,0,0.448979592,0.5,1,0,0.285714286,0.4,1,0,0.951219512
1,0.260273973,0.140997825,0.533333333,0,0,0.397959184,0.5,0.733333333,0.333333333,0.5,0,1,1,0.951219512
0,0.191780822,0.074304773,0.666666667,0,0,0.397959184,0.5,0.533333333,0.333333333,0.214285714,0,1,1,0.951219512
0,0.561643836,0.011936148,0.6,0,0,0.357142857,0.5,1,0.333333333,0.857142857,1,1,0,0.951219512
0,0.054794521,0.100589602,0.6,0,0,0.397959184,0.5,1,0.666666667,0.428571429,0.6,1,1,0.951219512
0,0.287671233,0.095859253,0.533333333,0,0,0.397959184,0.5,0.733333333,0.333333333,0.214285714,0,1,1,0.951219512
0,0.493150685,0.086080582,0.533333333,0,0.361111111,0.397959184,0.5,0.733333333,0.333333333,0.571428571,1,1,0,0.536585366
0,0.123287671,0.14984761,0.533333333,0,0,0.724489796,0.5,0.733333333,0.333333333,0.214285714,0,1,1,0.634146341
0,0.315068493,0.240338539,0.533333333,0,0,0.397959184,0.5,0.733333333,0,0.214285714,0.2,1,1,0.951219512
0,0.397260274,0.177195279,0.533333333,0,0,0.5,0.5,0.733333333,0,0.357142857,0.2,1,1,0.951219512
0,0.095890411,0.053929498,0.733333333,0,0,0.193877551,0.5,0.466666667,0.666666667,0.285714286,0.2,1,1,0.951219512
0,0.054794521,0.05751244,0.6,0,0,0.448979592,0.5,1,0.666666667,0.857142857,0.2,1,0,0.951219512
1,0.520547945,0.109070674,0.6,0,0,0.5,0.5,1,0.333333333,0.571428571,0,1,1,0.951219512
0,0.04109589,0.120540012,0.533333333,0,0,0.295918367,0.5,0.733333333,0.666666667,0.571428571,0.6,1,0,0.951219512
0,0.054794521,0.131658227,0.2,0,0,0.37755102,0.5,0.333333333,0.666666667,0.357142857,0.6,1,0,0.951219512
0,0.109589041,0.200159663,0.8,0,0,0.397959184,0.5,0.6,0.666666667,0.214285714,0.2,1,1,0.634146341
0,0.164383562,0.030537543,0.666666667,0,0,0.479591837,0.5,0.533333333,0.333333333,0.5,0,1,1,0.951219512
1,0.397260274,0.130930949,0.666666667,0,0,0.397959184,0.5,0.533333333,0.333333333,0.714285714,1,1,0,0.951219512
0,0.191780822,0.013612608,0.6,0,0,0.397959184,0.5,1,0.333333333,0.285714286,1,1,0,0.951219512
0,0.684931507,0.094591422,0.533333333,0,0,0.653061224,0.75,0.733333333,1,0.357142857,0.2,1,1,0.951219512
1,0.575342466,0.210001252,0.866666667,0,0,0.5,0.5,0.8,0.333333333,0.714285714,0,1,1,0.951219512
0,0.095890411,0.300438058,0.533333333,0,0,0.397959184,0.5,0.733333333,0.333333333,0.214285714,0,1,1,0.951219512
0,0.301369863,0.049577333,0.8,0,0,0.397959184,0.875,0.6,0.333333333,0.714285714,0,1,1,0.951219512
0,0.424657534,0.019704827,0.6,0,0,0.5,0.5,1,0,0.714285714,0.2,1,0,0.951219512
1,0.383561644,0.107275144,0.533333333,0,0,0.43877551,0.5,0.733333333,0.333333333,0.5,0,1,1,0.951219512
0,0.232876712,0.131467443,0.6,0,0,0.346938776,0.5,1,0.666666667,0.857142857,0.8,1,1,0.951219512
1,0.123287671,0.181006214,0.8,0,0.518365473,0.448979592,0.5,0.6,0.666666667,0.285714286,0.2,1,1,0.951219512
1,0.493150685,0.138450662,0.6,0.043860439,0,0.397959184,0.25,1,0.333333333,0.785714286,0,1,1,0.951219512
0,0.397260274,0.143445537,0.8,0,0,0.193877551,0.5,0.6,1,0.285714286,0.8,1,0,0.951219512
0,0.438356164,0.101978533,0.533333333,0,0,0.397959184,0.5,0.733333333,0,0.285714286,0.8,1,0,0.951219512
0,0.136986301,0.226550708,0.6,0,0,0.397959184,0.5,1,0.666666667,1,0.4,1,1,0.951219512
0,0.04109589,0.15917503,0.533333333,0,0,0.346938776,0.5,0.733333333,0.666666667,0.428571429,0.6,1,1,0.951219512
1,0.328767123,0.045674389,0.533333333,0,0,0.397959184,0.5,0.733333333,0.5,0.714285714,0.2,0.25,1,0.585365854
0,0.205479452,0.079802316,0.8,0,0,0.448979592,0.25,0.6,0.333333333,0.714285714,0,1,1,0.951219512
0,0.01369863,0.314453206,0.4,0,0,0.295918367,0.5,0.066666667,0.666666667,0.857142857,0.2,1,1,0.951219512
0,0.150684932,0.081455773,0.8,0,0,0.551020408,0.5,0.6,0.333333333,0.285714286,0,1,1,0.951219512
1,0.260273973,0.209042598,0.6,0,0,0.397959184,0.5,1,0.333333333,0.214285714,0,1,1,0.951219512
1,0.493150685,0.183556083,0.8,0.135501355,0,0.428571429,0.5,0.6,0,0.857142857,0.2,1,0,0.951219512
0,0.397260274,0.012939453,0.4,0,0,0.397959184,0.5,0.066666667,0.333333333,0.571428571,1,1,0,0
0,0.068493151,0.102552914,0.6,0,0,0.193877551,0.5,1,0.666666667,0.071428571,0.6,1,1,0.951219512
0,0.109589041,0.147871444,0.533333333,0,0,0.397959184,0,0.733333333,0.666666667,0,0.8,0.5,0,0.951219512
0,0.383561644,0.061596019,0.6,0,0,0.397959184,0.5,1,0.333333333,0.571428571,0,1,1,0.951219512
0,0.328767123,0.011452424,0.6,0,0,0.448979592,0.5,1,0.333333333,0.214285714,0,1,1,0.951219512
0,0.04109589,0.22600136,0.6,0,0,0.397959184,0.5,1,0.666666667,0.071428571,0.2,1,0,0
0,0.260273973,0.0279552,0.666666667,0.039080391,0,0.071428571,0,0.533333333,0.333333333,0,1,1,0,0.951219512
1,0.260273973,0.111540036,0.666666667,0,0,0.397959184,0.5,0.533333333,0.666666667,0.928571429,0.2,1,1,0.951219512
1,0.068493151,0.148004722,0.4,0,0,0.704081633,0.5,0.066666667,0.333333333,0.5,0,1,1,0.951219512
1,0.465753425,0.147872797,0.6,0,0.453856749,0.602040816,0.5,1,0.333333333,0.214285714,0,1,1,0.951219512
0,0.123287671,0.122025012,0.6,0,0,0.142857143,0.75,1,0.666666667,0.285714286,0.8,1,1,0.951219512
1,0.260273973,0.116480111,0.8,0.278282783,0,0.551020408,0.625,0.6,0.666666667,0.928571429,0.2,1,1,0.951219512
0,0.164383562,0.115051265,0.533333333,0,0,0.397959184,0.125,0.733333333,0.5,0.571428571,0.8,0.5,1,0.951219512
1,0.643835616,0.135681594,0.533333333,0,0,0.653061224,0.5,0.733333333,0.333333333,0.857142857,0,1,1,0.951219512
0,0.383561644,0.242192928,0.466666667,0,0,0.397959184,0.5,0.133333333,0.333333333,0.214285714,0,1,1,0.951219512
1,0.315068493,0.074371751,0.733333333,0,0,0.397959184,0.5,0.466666667,0.333333333,0.857142857,0,1,1,0.951219512
0,0.342465753,0.014001617,0.533333333,0,0,0.397959184,0.5,0.733333333,0,0.5,0.2,1,1,0.951219512
0,0.150684932,0.021602514,0.533333333,0,0,0.397959184,0.5,0.733333333,0.666666667,0.785714286,0.8,0,0,0.951219512
0,0.698630137,0.121619089,0.6,0,0.564049587,0.397959184,0,1,0.333333333,0,1,1,0,0.951219512
0,0.616438356,0.06884444,0.533333333,0,0,0.346938776,0.25,0.733333333,0,0.571428571,0.2,1,0,0.951219512
0,0.095890411,0.061415384,0.8,0,0,0.397959184,0.5,0.6,0.666666667,0.714285714,0.2,1,0,0.951219512
0,0.191780822,0.131467443,0.333333333,0,0,0.397959184,0.5,0,0.333333333,0.5,0,1,1,0.951219512
0,0.246575342,0.113929566,0.533333333,0.031370314,0,0.397959184,0.5,0.733333333,0.333333333,0.214285714,0,1,1,0.951219512
1,0.301369863,0.093207903,0.6,0,0,0.551020408,0.5,1,0.333333333,0.214285714,0,1,1,0.951219512
0,0.095890411,0.015775498,0.6,0,0,0.397959184,0.5,1,0,0.571428571,0.2,0.5,1,0.951219512
1,0.643835616,0.1726936,0.733333333,0,0,0.397959184,0.125,0.466666667,0.833333333,0.714285714,0.2,1,0,0.951219512
0,0.191780822,0.189036036,0.533333333,0,0,0.397959184,0.5,0.733333333,0.333333333,0.214285714,0,1,1,0.951219512
0,0.273972603,0.125158733,0.6,0,0,0.397959184,0.125,1,0.666666667,0.071428571,0.6,1,1,0.951219512
1,0.287671233,0.176028929,0.8,0,0,0.234693878,0.5,0.6,0.333333333,0.714285714,1,1,0,0.951219512
1,0.397260274,0.060938425,0.6,0,0,0.5,0.5,1,0.333333333,0.285714286,0,1,1,0.951219512
0,0.260273973,0.152510461,0.6,0,0,0.397959184,0.25,1,0.333333333,0.928571429,0,1,1,0.951219512
1,0.438356164,0.078955291,0.8,0,0,0.397959184,0.125,0.6,0.333333333,0.714285714,0,1,1,0.951219512
1,0.424657534,0.122188734,1,0,0,0.397959184,0.5,0.666666667,0.333333333,0.714285714,0,1,1,0.951219512
0,0.109589041,0.11144735,0.533333333,0,0.345270891,0.367346939,0.5,0.733333333,0.666666667,0.857142857,0.2,1,1,0.951219512
0,0.164383562,0.081952351,0.6,0.050130501,0,0.397959184,0.5,1,0.333333333,0.214285714,0,1,1,0.951219512
0,0.301369863,0.075640258,0.266666667,0,0,0.397959184,0.75,0.4,0.333333333,0.214285714,0,1,1,0.951219512
0,0.191780822,0.065068685,0.733333333,0,0,0.397959184,0.125,0.466666667,0.333333333,0.928571429,0,1,1,0.951219512
1,0.246575342,0.050309347,0.933333333,0.076880769,0,0.5,0.5,0.933333333,0.333333333,0.714285714,0,1,1,0.951219512
0,0.205479452,0.125553154,0.666666667,0,0,0.5,0.75,0.533333333,0,0.857142857,0.8,1,1,0.951219512
0,0.410958904,0.101253962,0.533333333,0,0,0.316326531,0.5,0.733333333,0,0.571428571,0.8,1,0,0.951219512
0,0.342465753,0.22873863,0.533333333,0,0,0.142857143,0.5,0.733333333,0.833333333,0.5,0.2,1,1,0.951219512
0,0.246575342,0.297443027,0.533333333,0,0,0.397959184,0,0.733333333,0.666666667,0,0.8,0.5,0,0.951219512
1,0.534246575,0.100565247,0.533333333,0,0,0.43877551,0.5,0.733333333,0.333333333,1,0,1,1,0.951219512
1,0.369863014,0.115090504,0.533333333,0,0,0.397959184,0.5,0.733333333,0.333333333,0.214285714,0,1,1,0.951219512
1,0.410958904,0.05606465,0.8,0,0,0.428571429,0.5,0.6,0.333333333,0.285714286,0,1,1,0.951219512
0,0.095890411,0.128734909,0.8,0,0,0.142857143,0.5,0.6,0.666666667,0.714285714,0.6,0.5,1,0.951219512
0,0.02739726,0.071727166,0.533333333,0,0,0.153061224,0.5,0.733333333,0.666666667,0.428571429,0.6,1,1,0.951219512
0,0.150684932,0.154174066,0.866666667,0,0,0.397959184,0.75,0.8,0.666666667,0.714285714,0.6,1,1,0.951219512
0,0.410958904,0.059348562,0.6,0,0,0.295918367,0.5,1,0,0.285714286,0.2,1,1,0.951219512
0,0.095890411,0.168644524,0.8,0,0,0.397959184,0.5,0.6,0.666666667,0.714285714,0.2,1,0,0.951219512
0,0.397260274,0.101978533,0.533333333,0,0,0.397959184,0.5,0.733333333,0.666666667,0.071428571,0.6,1,0,0.951219512
0,0.082191781,0.461974204,0.533333333,0,0,0.295918367,0.5,0.733333333,0.666666667,0.428571429,0.2,1,1,0.951219512
0,0.02739726,0.018396404,0.6,0,0,0.397959184,0,1,0.666666667,0,0.4,1,1,0.951219512
1,0.301369863,0.081586345,0.6,0,0,0.5,0.5,1,0.333333333,0.285714286,0,1,1,0.951219512
0,0.068493151,0.127793846,0.6,0,0,0.397959184,0,1,0.666666667,0,0.6,1,1,0.951219512
1,0.410958904,0.120014343,0.2,0,0,0.397959184,0.5,0.333333333,0.333333333,0.214285714,0,1,1,0.536585366
0,0.328767123,0.117264895,0.533333333,0,0.454545455,0.397959184,0.125,0.733333333,0.666666667,0.071428571,0.2,1,0,0.951219512
1,0.301369863,0.059022471,0.533333333,0,0,0.397959184,0.5,0.733333333,0.333333333,0.214285714,0,1,1,0.951219512
0,0.356164384,0.288300978,0.6,0,0,0.397959184,0.875,1,0,0.071428571,0.2,0.5,0,0.951219512
1,0.273972603,0.128811358,0.6,0,0,0.479591837,0.5,1,0.333333333,0.857142857,0,1,1,0.951219512
1,0.383561644,0.061737416,0.533333333,0.03103031,0,0.397959184,0.5,0.733333333,0.333333333,0.714285714,0,1,1,0.951219512
1,0.561643836,0.095016964,0.8,0,0,0.397959184,0.5,0.6,0.333333333,0.857142857,0,1,1,0.951219512
1,0.438356164,0.064482128,0.533333333,0.140841408,0,0.295918367,0.75,0.733333333,0,0.285714286,0.8,1,0,0.951219512
0,0.301369863,0.317143795,0.533333333,0,0,0.397959184,0.5,0.733333333,0,0.857142857,0.8,1,0,0.951219512
1,0.657534247,0.06305734,0.8,1,0,0.397959184,0.5,0.6,0.333333333,0.285714286,0,1,1,0.951219512
1,0.287671233,0.046016717,0.6,0,0,0.602040816,0.5,1,0.333333333,0.857142857,0,1,1,0.951219512
0,0.04109589,0.092452211,0.533333333,0,0,0.397959184,0.5,0.733333333,0.666666667,0.428571429,0.6,1,1,0.951219512
0,0.246575342,0.028436218,0.533333333,0,0.383838384,0.5,0.5,0.733333333,0.333333333,0.357142857,0,1,1,0.951219512
1,0.369863014,0.118688329,0.6,0,0,0.5,0.625,1,0.333333333,0.857142857,0,1,1,0.951219512
0,0.273972603,0.169218227,0.866666667,0,0.048898072,0.448979592,0.5,0.8,0,0.285714286,0.8,1,0,0.951219512
1,0.205479452,0.106126384,0.666666667,0.105201052,0,0.806122449,0.625,0.533333333,0,0.285714286,0.2,1,0,0.292682927
0,0.342465753,0.140886196,0.6,0,0,0.316326531,0.5,1,0.333333333,0.214285714,0,1,1,0.951219512
0,0.534246575,0.073794664,0.8,0,0,0.316326531,0.5,0.6,0,0.571428571,0.2,1,0,0.951219512
0,0.232876712,0.106711589,0.533333333,0,0,0.397959184,0.5,0.733333333,0,0.214285714,0.6,1,1,0.951219512
0,0.02739726,0.105545915,0.533333333,0,0,0.397959184,0.5,0.733333333,0.666666667,0.214285714,0.6,1,1,0.951219512
0,0.205479452,0.122288861,0.8,0,0,0.43877551,0.5,0.6,0.333333333,0.857142857,0,1,1,0.951219512
1,0.397260274,0.092489421,0.533333333,0,0,0.397959184,0.5,0.733333333,0.333333333,0.857142857,0,1,1,0.951219512
0,0.04109589,0.254035714,0.4,0,0,0.142857143,0.5,0.066666667,0.666666667,1,0.6,1,1,0.951219512
1,0.315068493,0.187480676,0.2,0,0.433195592,0.397959184,0.25,0.333333333,0.333333333,0.214285714,0,0.5,1,0
0,0.082191781,0.10609391,0.733333333,0,0,0.153061224,0,0.466666667,0.666666667,0,0.6,0.25,1,0.731707317
1,0.301369863,0.047517277,0.8,0,0,0.448979592,0.5,0.6,0.333333333,0.857142857,0,1,1,0.951219512
1,0.301369863,0.115683827,0.8,0.07298073,0,0.397959184,0.5,0.6,0.333333333,0.857142857,0,1,1,0.951219512
0,0.356164384,0.273356944,0.8,0,0,0.5,0.5,0.6,0.666666667,0.857142857,0.2,1,1,0.951219512
0,0.095890411,0.065639006,0.533333333,0,0,0.448979592,0.5,0.733333333,0.666666667,0.857142857,0.6,1,1,0.951219512
0,0.232876712,0.205792513,0.6,0,0,0.397959184,0.5,1,0.666666667,0.071428571,0.2,1,1,0.951219512
0,0.191780822,0.222346705,0.8,0,0,0.397959184,0.75,0.6,0.666666667,0.928571429,0.2,1,1,0.951219512
1,0.397260274,0.060903922,0.533333333,0,0,0.56122449,0.5,0.733333333,0.333333333,0.428571429,0,1,1,0.951219512
0,0.205479452,0.071093251,0.533333333,0,0,0.479591837,0.5,0.733333333,0.666666667,0.571428571,0.2,1,1,0.951219512
0,0.273972603,0.010629755,0.533333333,0,0,0.5,0.625,0.733333333,0.666666667,1,0.2,1,1,0.951219512
0,0.191780822,0.033335701,0.533333333,0,0,0.5,0.5,0.733333333,0.666666667,0.571428571,0.2,1,1,0.951219512
0,0.123287671,0.093211286,0.533333333,0,0,0.5,0.5,0.733333333,0.333333333,0.857142857,0,1,1,0.951219512
0,0.260273973,0.142275127,0.533333333,0,0,0.397959184,0.5,0.733333333,0,0.071428571,0.8,0.5,0,0.951219512
0,0.602739726,0.080394286,0.533333333,0,0,0.397959184,0.5,0.733333333,1,1,0.8,1,0,0.804878049
0,0.123287671,0.225368121,0.533333333,0.028850289,0,0.397959184,0.5,0.733333333,0.333333333,0.857142857,0,1,1,0.951219512
0,0.589041096,0.235234065,0.6,0,0,0.112244898,0.75,1,0.333333333,0.571428571,1,1,0,0.951219512
0,0.547945205,0.029628953,0.533333333,0,0,0.602040816,0.5,0.733333333,0.333333333,0.571428571,0,1,1,0.951219512
0,0.068493151,0.087552728,0.333333333,0,0,0.397959184,0.5,0,0.666666667,0.214285714,0.8,1,1,0.951219512
0,0.164383562,0.217801727,0.6,0,0,0.173469388,0.5,1,0.666666667,0.571428571,0.2,1,0,0.951219512
1,0.246575342,0.144943391,1,0,0,0.602040816,0.5,0.666666667,0.5,0.714285714,0.2,0.75,1,0.219512195
1,0.301369863,0.089224451,0.533333333,0,0,0.5,0.5,0.733333333,0.333333333,0.857142857,0,1,1,0.951219512
0,0.342465753,0.076828258,0.066666667,0,0,0.602040816,0.625,0.2,0.333333333,0.857142857,0,1,1,0
1,0.726027397,0.176313074,1,0,0,0.397959184,0.625,0.666666667,0.333333333,0.285714286,0,1,1,0.951219512
0,0.643835616,0.133693251,0.6,0,0,0.346938776,0.25,1,0.333333333,0.785714286,0,1,1,0.951219512
0,0.232876712,0.168547779,0.533333333,0,0,0.397959184,0.5,0.733333333,0.333333333,0.571428571,0,1,1,0.951219512
0,0.287671233,0.200177929,0.6,0,0,0.5,0.5,1,0.833333333,0.928571429,0.8,0.5,0,0.951219512
0,0.246575342,0.063280597,0.666666667,0,0,0.357142857,0.5,0.533333333,0.333333333,0.071428571,0,1,1,0.951219512
0,0.068493151,0.142904984,0.8,0,0,0.193877551,0.5,0.6,0.666666667,0.714285714,0.8,1,1,0.951219512
0,0.328767123,0.123417325,0.533333333,0,0,0.397959184,0.5,0.733333333,0.666666667,0.285714286,0.2,1,0,0.951219512
1,0.260273973,0.120029903,0.533333333,0,0,0.602040816,0.5,0.733333333,0.333333333,0.428571429,0,1,1,0.951219512
0,0.123287671,0.205702533,0.6,0,0,0.397959184,0.5,1,0.333333333,0.5,0,0,1,0.951219512
0,0.301369863,0.13443203,0.533333333,0,0,0.397959184,0.5,0.733333333,0.333333333,0.214285714,0,1,1,0.951219512
0,0.095890411,0.164376249,0.533333333,0,0,0.397959184,0.5,0.733333333,0.666666667,0.214285714,0.2,1,1,0.951219512
0,0.02739726,0.04868701,0.6,0,0,0.214285714,0.5,1,0.666666667,0.857142857,0.6,1,0,0.951219512
0,0.465753425,0.209191436,0.533333333,0,0,0.397959184,0.125,0.733333333,0.666666667,0.571428571,0.2,1,1,0.951219512
0,0.082191781,0.230873105,0.8,0,0,0.071428571,0.5,0.6,0.666666667,0.714285714,0.2,1,0,0.951219512
0,0.301369863,0.013777683,0.666666667,0,0,0.602040816,0.5,0.533333333,0.666666667,0.357142857,0.2,1,1,0.951219512
1,0.424657534,0.092489421,0.8,0,0,0.602040816,0.625,0.6,0,0.857142857,0.2,1,1,0.951219512
0,0.02739726,0.146329616,0.533333333,0,0,0.357142857,0.5,0.733333333,0.666666667,0.214285714,0.6,1,1,0.951219512
0,0.232876712,0.071892918,0.8,0,0,0.397959184,0.5,0.6,0.666666667,0.928571429,0.2,1,0,0.951219512
0,0.397260274,0.060309922,0.4,0,0,0.397959184,0.5,0.066666667,0,0.428571429,0.8,0.5,0,0.951219512
0,0.02739726,0.573746292,0.6,0,0,0.244897959,0,1,0.666666667,0,0.6,0.5,0,0.951219512
1,0.547945205,0.103787594,0.8,0,0,0.397959184,0.5,0.6,0.333333333,0.285714286,0,1,1,0
0,0.780821918,0.134488859,0.533333333,0,0,0.295918367,0.5,0.733333333,0.333333333,0.571428571,0,1,1,0.951219512
1,0.054794521,0.145470413,0.533333333,0,0,0.428571429,0.5,0.733333333,0.333333333,0.071428571,1,1,0,0.951219512
0,0.232876712,0.00826661,0.533333333,0,0,0.397959184,0,0.733333333,0.666666667,0,0.2,1,1,0.951219512
0,0.397260274,0.05613298,0.533333333,0,0,0.5,0.75,0.733333333,0,1,0.2,1,1,0.951219512
1,0.383561644,0.046817737,0.6,0,0,0.397959184,0.125,1,0.333333333,0.071428571,0,1,1,0.804878049
0,0.438356164,0.103682055,0.533333333,0,0,0.346938776,0.5,0.733333333,1,0.285714286,0.2,0.5,0,0.951219512
0,0.287671233,0.238915781,0.533333333,0,0,0.397959184,0.125,0.733333333,0,0.214285714,0.8,1,1,0.951219512
0,0.273972603,0.162816831,0.8,0,0.394628099,0.316326531,0.5,0.6,0.666666667,0.5,0.2,0.5,1,0.951219512
1,0.410958904,0.146190926,0.866666667,0,0,0.479591837,0.25,0.8,0.333333333,0.714285714,0,1,1,0.951219512
0,0.068493151,0.12032352,0.533333333,0,0,0.397959184,0.5,0.733333333,0.666666667,0.857142857,0.6,0.75,1,0.951219512
0,0.493150685,0.118923088,0.6,0,0,0.397959184,0.625,1,1,0.857142857,0.8,1,0,0.951219512
0,0.397260274,0.092865575,0.533333333,0.050130501,0,0.5,0.25,0.733333333,0.333333333,0.785714286,0,1,1,0.951219512
0,0.04109589,0.090407039,0.6,0,0,0.142857143,0,1,0.666666667,0,0.2,1,0,0.951219512
0,0.616438356,0.131098054,0.6,0,0,0.448979592,0.25,1,0,0.571428571,0.2,1,1,0.951219512
1,0.547945205,0.194720303,0.533333333,0,0,0.846938776,0.5,0.733333333,0.333333333,0.214285714,0,1,1,0.951219512
0,0.191780822,0.043878859,0.466666667,0,0,0.397959184,0.5,0.133333333,0.833333333,1,0.8,0.5,1,0.951219512
1,0.369863014,0.034339006,0.8,0,0,0.5,0.5,0.6,0,0.285714286,0.6,1,0,0.951219512
0,0.383561644,0.069337636,0.866666667,0,0.518365473,0.551020408,0.5,0.8,0,0.714285714,0.2,1,0,0.951219512
0,0.246575342,0.062417336,0.533333333,0,0,0.193877551,0.5,0.733333333,0,0.285714286,0.8,1,0,0.951219512
0,0.068493151,0.217542613,0.533333333,0,0,0.397959184,0.5,0.733333333,0.666666667,0.071428571,0.2,1,1,0.951219512
0,0.301369863,0.017884941,0.533333333,0,0,0.214285714,0.5,0.733333333,0,0.642857143,0.8,1,0,0.951219512
0,0.164383562,0.096261793,0.6,0,0,0.397959184,0.5,1,0.666666667,0.214285714,0.4,0.25,1,0
0,0.616438356,0.129759863,0.6,0,0,0.244897959,0.75,1,0.333333333,0.857142857,0,1,1,0.951219512
0,0.342465753,0.12606191,0.666666667,0,0,0.397959184,0.5,0.533333333,0.333333333,0.5,0,1,1,0.951219512
1,0.479452055,0.147368101,0.866666667,0,0,0.397959184,0.25,0.8,0.333333333,0.714285714,0,1,1,0.951219512
1,0.273972603,0.118232343,0.6,0,0,0.397959184,0.125,1,0.333333333,0.714285714,0,1,1,0.951219512
0,0.383561644,0.221942136,0.6,0,0,0.397959184,0.5,1,0,0.071428571,0.8,1,0,0.951219512
0,0.02739726,0.201522209,0.6,0,0,0.295918367,0.5,1,0.666666667,1,0.6,1,1,0.951219512
0,0.739726027,0.127279001,0.133333333,0,0,0.397959184,0.5,0.266666667,0.333333333,1,0,1,1,0.951219512
1,0.246575342,0.070816547,0.866666667,0,0.433195592,0.397959184,0.25,0.8,0.333333333,0.714285714,0,1,1,0.951219512
1,0.534246575,0.099892092,0.533333333,0,0,0.295918367,0.75,0.733333333,0.333333333,0.285714286,0,0,1,0.951219512
1,0.150684932,0.013203303,0.8,0,0.433195592,0.5,0.5,0.6,0.333333333,0.214285714,0,1,1,0.951219512
1,0.315068493,0.121571732,0.666666667,0,0,0.397959184,0.5,0.533333333,0,0.714285714,0.8,1,0,0.951219512
0,0.232876712,0.237127693,0.533333333,0,0,0.397959184,0.5,0.733333333,0.666666667,0.5,0.8,0.5,0,0.951219512
1,0.397260274,0.255432087,0.8,0,0,0.5,0.5,0.6,0.333333333,0.857142857,0,1,1,0.268292683
0,0.205479452,0.125785883,0.666666667,0,0,0.397959184,0.25,0.533333333,0.5,0.214285714,0.2,1,1,0.951219512
1,0.547945205,0.179920372,0.8,0,0,0.5,0.5,0.6,0.333333333,0.285714286,0,1,1,0.951219512
1,0.315068493,0.028037061,0.866666667,0,0,0.5,0.5,0.8,0.666666667,0.857142857,0.2,1,1,0.951219512
0,0.342465753,0.076047534,0.533333333,0,0,0.397959184,0.5,0.733333333,0.333333333,0.428571429,0,1,1,0.951219512
0,0.095890411,0.0709938,0.533333333,0,0,0.397959184,0.5,0.733333333,0,0.428571429,0.6,1,1,0.951219512
0,0.424657534,0.057214087,0.6,0,0,0.295918367,0.125,1,0.666666667,0.071428571,0.2,1,1,0.951219512
1,0.273972603,0.226779378,0.6,0,0,0.5,0.625,1,0.333333333,0.285714286,0,1,1,0.951219512
1,0.315068493,0.293006295,0.533333333,0,0,0.397959184,0.5,0.733333333,0.333333333,0.285714286,0,1,1,0.951219512
0,0.602739726,0.314538449,0.2,0,0,0.540816327,0.5,0.333333333,0.333333333,0.357142857,0,1,1,0.951219512
0,0.452054795,0.225398565,0.2,0,0,0.397959184,0.5,0.333333333,0.333333333,0.214285714,0,0.5,1,0.951219512
0,0.616438356,0.05161574,0.533333333,0,0,0.37755102,0.5,0.733333333,0.666666667,0.071428571,0.2,1,0,0.951219512
1,0.260273973,0.05876471,0.6,0,0.433195592,0.397959184,0.5,1,0.333333333,0.5,0,1,1,0.951219512
0,0.246575342,0.028624295,0.333333333,0,0.454545455,0.397959184,0.5,0,1,0.571428571,0.2,0.5,0,0.951219512
0,0.068493151,0.263206855,0.6,0,0,0.295918367,0.5,1,0.666666667,0.571428571,0.8,0.5,0,0.951219512
0,0.273972603,0.166972123,0.8,0,0,0.397959184,0.5,0.6,0,0.285714286,0.2,1,1,0.951219512
0,0.356164384,0.031676832,0.533333333,0.04101041,0,0.397959184,0.5,0.733333333,0.833333333,0.571428571,0.2,1,0,0.951219512
1,0.616438356,0.112616407,0.533333333,0,0,0.448979592,0.5,0.733333333,0.333333333,0.214285714,0,1,1,0.951219512
1,0.465753425,0.112062999,1,0,0,0.602040816,0.5,0.666666667,0.333333333,0.714285714,0,1,1,0.951219512
0,0.643835616,0.017582529,0.2,0,0,0.397959184,0.5,0.333333333,0.333333333,0.357142857,0,1,1,0.951219512
0,0.178082192,0.052397817,0.533333333,0,0.345270891,0.397959184,0.5,0.733333333,0.666666667,0.214285714,0.6,1,1,0.951219512
0,0.191780822,0.072129706,0.8,0,0,0.448979592,0.5,0.6,0,0.071428571,0.8,1,0,0.951219512
0,0.493150685,0.078062938,0.2,0,0,0.397959184,0.5,0.333333333,0.333333333,0.5,0,1,1,0.951219512
1,0.493150685,0.012149934,0.733333333,0.150241502,0,0.397959184,0.5,0.466666667,0.333333333,0.285714286,0,1,1,0.951219512
0,0.273972603,0.152701244,0.666666667,0,0,0.479591837,0.5,0.533333333,0,0.5,0.2,0.5,1,0.951219512
0,0.178082192,0.045616884,0.8,0,0,0.397959184,0.5,0.6,0.333333333,0.714285714,0,0.75,1,0.951219512
1,0.219178082,0.016408737,0.8,0,0,0.397959184,0.5,0.6,0.333333333,0.285714286,1,1,0,0.951219512
0,0.712328767,0.236298258,0.933333333,0,0,0.020408163,0.5,0.933333333,0.333333333,0.714285714,0,1,1,0.951219512
0,0.082191781,0.015795794,0.2,0,0,0.397959184,0.5,0.333333333,0.666666667,0.5,0.2,1,1,0.951219512
0,0.123287671,0.15572469,0.666666667,0,0,0.5,0.5,0.533333333,0.666666667,0.285714286,0.2,1,1,0.951219512
0,0.04109589,0.019914553,0.6,0,0,0.397959184,0.5,1,0.666666667,0.5,0.2,1,1,0.951219512
0,0.589041096,0.253008731,0.8,0,0,0.142857143,0,0.6,0.5,0,0.8,0.5,0,0.951219512
0,0.095890411,0.145675404,0.333333333,0,0,0.581632653,0.5,0,0,0.428571429,0.8,1,0,0.951219512
1,0.753424658,0.119234972,0.666666667,0,0,0.448979592,0.5,0.533333333,0.333333333,0.071428571,0,1,1,0.048780488
0,0.506849315,0.133725725,0.4,0,0,0.418367347,0.5,0.066666667,0.333333333,1,0,1,1,0.951219512
0,0.219178082,0.012319069,0.533333333,0,0,0.397959184,0.875,0.733333333,0,0.714285714,0.8,1,0,0.951219512
0,0.02739726,0.151946229,0.6,0,0,0.346938776,0.5,1,0.666666667,0.285714286,0.6,1,0,0.951219512
0,0.273972603,0.020133075,0.6,0,0,0.846938776,0.75,1,0.333333333,0.357142857,0,1,1,0.951219512
0,0.356164384,0.120260602,0.533333333,0,0,0.397959184,0.75,0.733333333,0.333333333,0.857142857,0,1,1,0.951219512
0,0.684931507,0.047003109,0.866666667,0,0,0.010204082,0,0.8,0.333333333,0,0,1,1,0.951219512
0,0.315068493,0.124988922,0.6,0,0,0.5,0.5,1,0.333333333,0.214285714,0,1,1,0.951219512
1,0.452054795,0.02554808,0.866666667,0,0,0.520408163,0.25,0.8,0.333333333,0.714285714,0,1,1,0.951219512
0,0.178082192,0.123546544,0.4,0,0,0.397959184,0.5,0.066666667,0.666666667,0.428571429,0.6,1,1,0.951219512
1,0.205479452,0.203219641,0.8,0.150241502,0,0.5,0.5,0.6,0.333333333,0.714285714,0,1,1,0.951219512
0,0.164383562,0.040304712,0.533333333,0,0,0.602040816,0.5,0.733333333,0.333333333,0.357142857,0,1,1,0.951219512
0,0.328767123,0.11688671,0.866666667,0,0,0.397959184,0.25,0.8,0.666666667,0.714285714,0.2,1,0,0.951219512
0,0.273972603,0.106340846,0.6,0,0,0.397959184,0.5,1,0.333333333,0.214285714,0,1,1,0.951219512
1,0.273972603,0.105983635,0.866666667,0,0,0.551020408,0.5,0.8,0.333333333,0.285714286,0,1,1,0.951219512
0,0.342465753,0.123367262,0.533333333,0,0,0.397959184,0.5,0.733333333,0.333333333,0.857142857,0,1,1,0.951219512
0,0.191780822,0.118950826,0.533333333,0.04101041,0,0.397959184,0.5,0.733333333,0.666666667,0.214285714,0.6,1,1,0.951219512
0,0.260273973,0.135796606,0.533333333,0,0,0.397959184,0.5,0.733333333,0,0.357142857,0.2,1,1,0.951219512
0,0.328767123,0.07906692,0.4,0,0,0.397959184,0,0.066666667,1,0,0.4,0.5,0,0.951219512
0,0.465753425,0.122747553,0.533333333,0,0,0.418367347,0.5,0.733333333,0.333333333,0.214285714,0,1,1,0.951219512
0,0.095890411,0.021563951,0.466666667,0,0,0.397959184,0.5,0.133333333,0.666666667,0.571428571,0.4,0.75,1,0.146341463
0,0.01369863,0.110032711,0.266666667,0,0,0.142857143,0.5,0.4,0.666666667,0.571428571,0.6,1,1,0
0,0.246575342,0.058232952,0.8,0,0,0.397959184,0.75,0.6,0.333333333,0.714285714,0,1,1,0.951219512
1,0.575342466,0.085960159,0.6,0,0,0.397959184,0.5,1,0.333333333,0.071428571,1,1,0,0.951219512
1,0.506849315,0.197741718,0.8,0.076880769,0,0.397959184,0.625,0.6,0.333333333,0.5,0,0.25,1,0
0,0.410958904,0.143445537,0.8,0,0,0.448979592,0.625,0.6,0,0.857142857,0.2,1,0,0.951219512
1,0.232876712,0.065321034,0.6,0,0,0.397959184,0.5,1,0.333333333,0.428571429,0,1,1,0.951219512
0,0.178082192,0.063903688,0.466666667,0,0,0.755102041,0.75,0.133333333,0.333333333,1,0,1,1,0.951219512
1,0.301369863,0.139505384,0.733333333,0,0,0.397959184,0.25,0.466666667,0.333333333,0.214285714,0,1,1,0.951219512
0,0.219178082,0.059541375,0.533333333,0,0,0.5,0.5,0.733333333,0.833333333,0.214285714,0.2,1,1,0.951219512
0,0.082191781,0.129797749,0.6,0,0,0.397959184,0.5,1,0.666666667,0.071428571,0.6,1,1,0.951219512
0,0.315068493,0.107663477,0.866666667,0,0,0.5,0.5,0.8,0.666666667,0.714285714,0.2,1,1,0.951219512
0,0.178082192,0.259961505,0.533333333,0,0,0.285714286,0.5,0.733333333,0.833333333,0.285714286,0.8,1,0,0.951219512
0,0.136986301,0.158368598,0.533333333,0,0,0.397959184,0.125,0.733333333,0.333333333,0.571428571,0,1,1,0.951219512
0,0.068493151,0.041213302,0.533333333,0,0,0.397959184,0.5,0.733333333,0.666666667,0.071428571,0.6,1,0,0.951219512
1,0.273972603,0.122726581,0.666666667,0,0,0.418367347,0.5,0.533333333,0.333333333,0.5,0,1,1,0.951219512
0,0.534246575,0.064290668,0.6,0,0,0.397959184,0.125,1,0,0.071428571,0.2,0.5,0,0.951219512
0,0.315068493,0.201483646,0.6,0,0,0.397959184,0.5,1,0.833333333,0.857142857,0.2,0,0,0.951219512
0,0.246575342,0.133510586,0.533333333,0,0,0.397959184,0.5,0.733333333,0,0.285714286,0.2,1,1,0.951219512
0,0.260273973,0.273632295,0.4,0,0,0.397959184,0.5,0.066666667,0.333333333,0.5,0,1,1,0.951219512
0,0.602739726,0.01347933,0.266666667,0,0.470844812,0.397959184,0.5,0.4,0.333333333,0.5,0,1,1,0.951219512
0,0.342465753,0.102182171,0.6,0,0,0.37755102,0.5,1,0,0.071428571,0.8,1,0,0.951219512
0,0.410958904,0.128759264,0.733333333,0,0,0.397959184,0.25,0.466666667,0.666666667,0.285714286,0.2,0.5,0,0.951219512
0,0.520547945,0.152317648,0.6,0,0.345270891,0.397959184,0.5,1,0,0.285714286,0.2,1,1,0.951219512
0,0.534246575,0.079477578,0.6,0,0,0.346938776,0.25,1,0,0.071428571,0.2,1,0,0.951219512
0,0.054794521,0.218121053,0.6,0,0,0.5,0.5,1,0.666666667,0.857142857,0.2,1,0,0.951219512
0,0.383561644,0.092640288,0.8,0,0,0.775510204,0.75,0.6,0.333333333,0.357142857,0,1,1,0.951219512
0,0.205479452,0.171099678,0.8,0,0,0.397959184,0.5,0.6,0.333333333,0.857142857,0,1,1,0.951219512
0,0.328767123,0.041367553,0.8,0,0,0.397959184,0.625,0.6,1,0.714285714,0.8,1,0,0.951219512
0,0.315068493,0.025644825,0.266666667,0.054550546,0,0.397959184,0.5,0.4,0,0.214285714,0.8,1,1,0.951219512
1,0.589041096,0.138209138,0.8,0,0,0.397959184,0.5,0.6,0,0.285714286,0.2,1,0,0.951219512
1,0.684931507,0.063520091,0.8,0,0.54912764,0.755102041,0.625,0.6,0.333333333,0.285714286,0,1,1,0.951219512
0,0.753424658,0.062109511,0.8,0,0,0.397959184,0.75,0.6,0.333333333,0.285714286,0,1,1,0.829268293
0,0.438356164,0.040818204,0.6,0,0,0.5,0.875,1,0,0.071428571,0.8,1,0,0.951219512
0,0.739726027,0.084711947,0.533333333,0,0,0.153061224,0.5,0.733333333,1,0.857142857,0.4,1,0,0.951219512
0,0.232876712,0.029886037,0.533333333,0,0.500229568,0.112244898,0.75,0.733333333,0.333333333,0.357142857,1,1,0,0.951219512
0,0.520547945,0.212440845,0.533333333,0,0,0.244897959,0.5,0.733333333,0.833333333,0.071428571,0.2,1,0,0.951219512
0,0.493150685,0.069326812,1,0,0,0.193877551,0.5,0.666666667,0.333333333,0.714285714,0,1,1,0.951219512
0,0.164383562,0.242171279,0.6,0,0,0.397959184,0.5,1,0.333333333,0.214285714,0,1,1,0.951219512
1,0.260273973,0.15494126,0.6,0,0,0.397959184,0.5,1,0.333333333,0.214285714,0,1,1,0.951219512
0,0.602739726,0.01780511,0.2,0,0,0.193877551,0,0.333333333,0,0,0.2,1,1,0.951219512
0,0.328767123,0.130482405,0.666666667,0,0,0.397959184,0.5,0.533333333,0.333333333,0.285714286,0,1,1,0.951219512
1,0.287671233,0.146625939,0.8,0,0,0.5,0.5,0.6,0.333333333,0.285714286,0,1,1,0.951219512
1,0.671232877,0.091657956,0.533333333,0,0,0.397959184,0.5,0.733333333,0.333333333,0.214285714,0,1,1,0.951219512
0,0.767123288,0.162467738,0.6,0,0,0,0.75,1,0.333333333,0.714285714,1,1,0,0.951219512
1,0.397260274,0.132367915,0.6,0,0,0.397959184,0.5,1,0.333333333,0.214285714,0,0.5,1,0.951219512
0,0.178082192,0.057553032,0.6,0,0,0.397959184,0.125,1,0.833333333,0.714285714,0.2,1,0,0.951219512
0,0.054794521,0.047863664,0.6,0.021760218,0,0.193877551,0.5,1,0.666666667,0.071428571,0.6,1,0,0.951219512
0,0.123287671,0.114556716,0.533333333,0,0,0.397959184,0.5,0.733333333,0.333333333,0.5,1,0.5,0,0.951219512
0,0.04109589,0.160407005,0.6,0,0,0.193877551,0.5,1,0.666666667,0.214285714,0.6,1,0,0.951219512
0,0.273972603,0.070541873,0.866666667,0,0,0.704081633,0.625,0.8,0,0.285714286,0.2,1,0,0.951219512
0,0.534246575,0.131156236,0.2,0,0,0.581632653,0.75,0.333333333,0.666666667,0.571428571,0.8,0.5,0,0.951219512
1,0.260273973,0.103857954,0.866666667,0,0,0.5,0.5,0.8,0.333333333,0.857142857,0,1,1,0.951219512
0,0.561643836,0.069148882,0.533333333,0,0,0.397959184,0.5,0.733333333,0.333333333,0.285714286,0,1,1,0.951219512
0,0.287671233,0.115099975,0.533333333,0,0,0.418367347,0.75,0.733333333,0.666666667,0.857142857,0.8,0.5,0,0.951219512
0,0.205479452,0.084320909,0.533333333,0,0,0.397959184,0.5,0.733333333,0.333333333,0.857142857,0,1,1,0.951219512
0,0.123287671,0.087811841,0.533333333,0,0,0.397959184,0.5,0.733333333,0.333333333,0.571428571,1,1,0,0.634146341
1,0.205479452,0.124374626,0.533333333,0,0,0.397959184,0.5,0.733333333,0.333333333,0.5,0,1,1,0.951219512
0,0.150684932,0.122214442,0.8,0,0,0.397959184,0.5,0.6,0,0.071428571,0.2,1,0,0.951219512
1,0.383561644,0.176242715,0.866666667,0,0,0.5,0.25,0.8,0.333333333,0.714285714,1,0.5,0,0.951219512
1,0.602739726,0.126107238,0.733333333,0,0,0.010204082,0,0.466666667,0.333333333,0,0,1,1,0.951219512
0,0.02739726,0.067349969,0.533333333,0,0,0.346938776,0.5,0.733333333,0.666666667,1,0.6,1,1,0.951219512
0,0.04109589,0.098509926,0.6,0,0,0.193877551,0.5,1,0.666666667,0.571428571,0.6,0.5,1,0.951219512
1,0.246575342,0.249843889,0.6,0,0,0.448979592,0.5,1,0.333333333,0.214285714,0,0.75,1,0.951219512
1,0.369863014,0.044034463,0.8,0,0,0.5,0.5,0.6,0.333333333,0.285714286,0,1,1,0.951219512
0,0.328767123,0.06976859,0.6,0.021740217,0,0.448979592,0.5,1,0,0.857142857,0.6,1,1,0.951219512
1,0.273972603,0.153657868,0.866666667,0,0,0.602040816,0.875,0.8,0.333333333,0.714285714,0,1,1,0.951219512
0,0.136986301,0.18083505,0.866666667,0,0,0.418367347,0.5,0.8,0.666666667,0.857142857,0.2,1,1,0.634146341
0,0.054794521,0.101396035,0.6,0,0,0.397959184,0,1,0.666666667,0,0.6,0.25,1,0.87804878
0,0.452054795,0.106733914,0.2,0,0,0.397959184,0.5,0.333333333,0.333333333,0.5,0,1,1,0.951219512
1,0.164383562,0.111705111,0.866666667,0,0,0.397959184,0.25,0.8,0.333333333,0.714285714,1,1,0,0.951219512
0,0.164383562,0.124907061,0.8,0,0,0.397959184,0.125,0.6,0.666666667,0.714285714,0.2,0.5,1,0.951219512
0,0.068493151,0.123363202,0.6,0,0,0.091836735,0.875,1,0.666666667,0.714285714,0.6,1,1,0.951219512
0,0.383561644,0.141731191,0.6,0,0,0.295918367,0.5,1,0,0.428571429,0.2,1,1,0.951219512
0,0.068493151,0.077488558,0.333333333,0,0,0.295918367,0.5,0,0.666666667,0.857142857,0.6,1,0,0.951219512
1,0.260273973,0.035578423,0.866666667,0,0,0.602040816,0.5,0.8,0.333333333,0.714285714,0,1,1,0.951219512
0,0.602739726,0.234813935,0.6,0,0,0.397959184,0.5,1,0,0.285714286,0.2,1,0,0.951219512
0,0.04109589,0.149455895,0.533333333,0,0,0.397959184,0.5,0.733333333,0.666666667,0.214285714,0.6,1,1,0.951219512
0,0.054794521,0.163247109,0.533333333,0,0,0.397959184,0.5,0.733333333,0.666666667,0.428571429,0.6,1,1,0.951219512
0,0.095890411,0.087082534,0.6,0,0,0.244897959,0.5,1,0.666666667,0.285714286,0.6,1,1,0.951219512
0,0.273972603,0.11324288,0.266666667,0,0,0.5,0.5,0.4,0.333333333,0.428571429,0,1,1,0.951219512
1,0.410958904,0.242088065,0.933333333,0,0,0.5,0.5,0.933333333,0.333333333,0.714285714,0,1,1,0.951219512
0,0.547945205,0.067158509,0.266666667,0,0,0.5,0.5,0.4,0.333333333,1,0,1,1,0.951219512
0,0.739726027,0.146484543,0.266666667,0,0,0.051020408,0.5,0.4,0,0.642857143,0.2,0.5,0,0.951219512
0,0.794520548,0.091961045,0.533333333,0,0,0.244897959,0.5,0.733333333,1,0.071428571,0.2,1,0,0.951219512
1,0.191780822,0.084674738,0.533333333,0,0,0.397959184,0.5,0.733333333,0.333333333,0.5,0,1,1,0.951219512
0,0.356164384,0.081257548,0.533333333,0,0,0.397959184,0.5,0.733333333,0.666666667,0.428571429,0.6,1,1,0.756097561
0,0.287671233,0.012329217,0.666666667,0.039080391,0,0.5,0.5,0.533333333,0.333333333,0.714285714,1,1,0,0.951219512
0,0.123287671,0.088375397,0.733333333,0,0,0.755102041,0.5,0.466666667,0.333333333,0.714285714,1,1,0,0.951219512
1,0.506849315,0.058791095,0.866666667,0,0,0.397959184,0.5,0.8,0.333333333,0.714285714,0,1,1,0.951219512
1,0.246575342,0.161491494,0.8,0,0,0.397959184,0.5,0.6,0.333333333,0.857142857,0,1,1,0.951219512
0,0.383561644,0.121148896,0.666666667,0,0,0.397959184,0.5,0.533333333,0.333333333,0.214285714,0,1,1,0.951219512
0,0.356164384,0.107886734,0.733333333,0,0,0.397959184,0.5,0.466666667,0.333333333,0.285714286,1,0.5,0,0
0,0.383561644,0.132304997,0.6,0,0,0.397959184,0.875,1,0.666666667,0.071428571,0.8,1,0,0.951219512
0,0.315068493,0.116427342,0.6,0,0,0.602040816,0.5,1,0.333333333,0.857142857,0,1,1,0.804878049
1,0.191780822,0.11603698,0.866666667,0,0.436639118,0.428571429,0.5,0.8,0.333333333,0.714285714,0,1,1,0.951219512
1,0.452054795,0.150095223,0.866666667,0,0,0.448979592,0.25,0.8,0.333333333,0.285714286,0,0.5,1,0.951219512
0,0.328767123,0.122065604,0.533333333,0,0,0.397959184,0.5,0.733333333,0.666666667,0.071428571,0.4,1,0,0.951219512
0,0.123287671,0.166174486,0.6,0,0,0.602040816,0.5,1,0.666666667,0.571428571,0.2,1,1,0.951219512
1,0.356164384,0.142541683,1,0,0,0.397959184,0.875,0.666666667,0.833333333,0.714285714,0.8,1,0,0.951219512
0,0.219178082,0.109064586,0.533333333,0,0,0.5,0.75,0.733333333,0.333333333,0.214285714,0,1,1,0.951219512
0,0.232876712,0.033249104,0.466666667,0,0,0.397959184,0.875,0.133333333,0.666666667,0.071428571,0.2,0.5,0,0.951219512
0,0.02739726,0.064352232,0.6,0,0,0.397959184,0.5,1,0.666666667,0.071428571,0.2,1,0,0.951219512
0,0.02739726,0.267552931,0.533333333,0,0,0.397959184,0.5,0.733333333,0.666666667,0.071428571,0.6,1,1,0.951219512
0,0.082191781,0.286547393,0.8,0,0,0.06122449,0.875,0.6,0.666666667,0.714285714,0.2,1,1,0.951219512
0,0.452054795,0.122849711,0.8,0,0,0.397959184,0.5,0.6,0,0.285714286,0.8,1,0,0.951219512
0,0.04109589,0.068041391,0.533333333,0,0,0.010204082,0,0.733333333,0.666666667,0,0.6,1,1,0.951219512
1,0.465753425,0.108171556,1,0,0.648301194,0.397959184,0,0.666666667,0.666666667,0,0.2,1,1,0.951219512
0,0.465753425,0.028536345,0.666666667,0,0,0.479591837,0.5,0.533333333,0,0.714285714,0.2,1,0,0.951219512
0,0.671232877,0.061128532,0.533333333,0,0,0.346938776,0.875,0.733333333,1,0.714285714,0.8,0.5,0,0.951219512
0,0.232876712,0.148129882,0.533333333,0,0,0.397959184,0.5,0.733333333,0.333333333,0.5,0,0.5,1,0.951219512
0,0.410958904,0.112321436,0.266666667,0,0,0.5,0.5,0.4,0.666666667,0.571428571,0.8,1,0,0.951219512
0,0.315068493,0.135072711,0.333333333,0,0,0.397959184,0.5,0,0.666666667,1,0.2,1,1,0.951219512
0,0.095890411,0.146378326,0.8,0,0,0.37755102,0.5,0.6,0.666666667,0.071428571,0.6,1,1,0.951219512
1,0.383561644,0.014974478,0.6,0.07298073,0,0.397959184,0.5,1,0.333333333,0.285714286,0,1,1,0.951219512
0,0.684931507,0.103372877,0.533333333,0,0,0.37755102,0.5,0.733333333,0.666666667,0.071428571,0.2,1,0,0.951219512
1,0.287671233,0.070559463,0.8,0,0,0.193877551,0.25,0.6,0.333333333,0.714285714,1,1,0,0.951219512
0,0.465753425,0.121845053,0.666666667,0.068490685,0,0.397959184,0.5,0.533333333,0,0.214285714,0.2,1,1,0.951219512
0,0.493150685,0.155820758,0.533333333,0,0,0.397959184,0.5,0.733333333,0.333333333,1,0,1,1,0.951219512
1,0.246575342,0.120174005,0.8,0,0,0.295918367,0.5,0.6,0.333333333,0.857142857,1,1,0,0.951219512
0,0.342465753,0.104494576,0.8,0,0,0.397959184,0.5,0.6,0,0.714285714,0.2,1,1,0.951219512
0,0.260273973,0.234654273,0.6,0,0,0.5,0.5,1,0.666666667,0.285714286,0.2,1,0,0.951219512
0,0.397260274,0.107530875,0.533333333,0.034110341,0,0.346938776,0.5,0.733333333,0.333333333,0.5,0,1,1,0.317073171
0,0.616438356,0.10145354,0.8,0,0,0.346938776,0.75,0.6,0.333333333,0.714285714,0,1,1,0.951219512
0,0.068493151,0.011608704,0.466666667,0,0,0.5,0.5,0.133333333,0.666666667,0.357142857,0.2,0,1,0.951219512
0,0.575342466,0.240657865,0.4,0,0,0.397959184,0.5,0.066666667,0.333333333,0.214285714,0,1,1,0.951219512
0,0.438356164,0.032018483,0.333333333,0,0,0.704081633,0.75,0,0,0.357142857,0.8,1,1,0.951219512
1,0.205479452,0.063164909,0.533333333,0,0,0.5,0.5,0.733333333,0.333333333,0.285714286,1,1,0,0.951219512
0,0.095890411,0.007226095,0.8,0,0,0.448979592,0.5,0.6,0.333333333,0.857142857,0,1,1,0.951219512
1,0.205479452,0.092741769,0.8,0,0,0.397959184,0.5,0.6,0.333333333,0.714285714,0,1,1,0.951219512
0,0.328767123,0.070064914,0.533333333,0,0,0.397959184,0.5,0.733333333,0.333333333,1,0,1,1,0.951219512
0,0.328767123,0.054585063,0.866666667,0,0,0.397959184,0.125,0.8,0.666666667,0.928571429,0.2,0.5,1,0.951219512
1,0.383561644,0.104896439,0.866666667,0,0,0.5,0.25,0.8,0.666666667,0.714285714,0.2,1,1,0.951219512
0,0.410958904,0.059282262,0.466666667,0,0,0.551020408,0.5,0.133333333,0.5,0.285714286,0.2,1,0,0.951219512
1,0.616438356,0.130813908,0.933333333,0,0,0.448979592,0.5,0.933333333,0.333333333,0.214285714,0,1,1,0.951219512
1,0.260273973,0.043699577,0.533333333,0.051780518,0,0.397959184,0.5,0.733333333,0.333333333,0.5,0,1,1,0.951219512
0,0.410958904,0.026641364,0.4,0,0,0.602040816,0.75,0.066666667,0.333333333,0.357142857,0,1,1,0.951219512
1,0.506849315,0.155820758,0.866666667,0.043860439,0,0.448979592,0.75,0.8,0.333333333,0.857142857,0,1,1,0.951219512
0,0.561643836,0.050770069,0.4,0,0,0.479591837,0.5,0.066666667,0.333333333,0.071428571,0,1,1,0.951219512
0,0.383561644,0.248362272,0.6,0,0,0.448979592,0.5,1,0,0.928571429,0.2,1,0,0.951219512
1,0.657534247,0.086376906,0.533333333,0.106051061,0,0.602040816,0.75,0.733333333,0.333333333,0.357142857,0,1,1,0.951219512
0,0.438356164,0.111222063,0.666666667,0,0,0.397959184,0.5,0.533333333,0.666666667,0.285714286,0.8,1,0,0.951219512
0,0.068493151,0.0732602,0.6,0,0,0.397959184,0,1,0.666666667,0,0.6,1,0,0.951219512
0,0.547945205,0.142701346,0.533333333,0,0,0.5,0.5,0.733333333,0.333333333,0.857142857,0,1,1,0.951219512
0,0.082191781,0.032732906,0.6,0,0,0.551020408,0.5,1,0.666666667,0.857142857,0.6,1,1,0.951219512
0,0.123287671,0.26923142,0.4,0,0,0.397959184,0.5,0.066666667,0.666666667,0.214285714,0.2,1,1,0.951219512
0,0.369863014,0.146432449,0.533333333,0,0,0.397959184,0.5,0.733333333,0.333333333,0.214285714,0,0.5,1,0
0,0.191780822,0.010534363,0.533333333,0,0,0.071428571,0.5,0.733333333,0.666666667,0.571428571,0.8,1,0,0.951219512
1,0.712328767,0.06366893,0.533333333,0,0,0.397959184,0.625,0.733333333,0.333333333,0.571428571,0,1,1,0.951219512
0,0.219178082,0.079319945,0.533333333,0,0,0.397959184,0.5,0.733333333,0,0.5,0.2,1,1,0.951219512
0,0.191780822,0.093467694,0.6,0,0,0.5,0.5,1,0,0.071428571,0.2,1,0,0.951219512
0,0.465753425,0.101509017,0.4,0,0,0.397959184,0.625,0.066666667,0,0.857142857,0.2,1,1,0.951219512
0,0.178082192,0.092877077,0.266666667,0,0,0.397959184,0.5,0.4,0.666666667,0.357142857,0.4,0.5,1,0.951219512
0,0.273972603,0.134772328,0.6,0,0.454545455,0.551020408,0.5,1,0,0.285714286,0.2,1,1,0.951219512
1,0.342465753,0.121968859,0.933333333,0,0,0.387755102,0.5,0.933333333,0,0.714285714,0.2,1,0,0.951219512
0,0.150684932,0.221641753,0.066666667,0,0,0.428571429,0.5,0.2,0.333333333,0.5,0,1,1,0.634146341
0,0,0.099097161,0.333333333,0,0,0.153061224,0.5,0,0.666666667,0.071428571,0.6,1,0,0.951219512
0,0.397260274,0.164891771,0.666666667,0,0,0.602040816,0.75,0.533333333,0.333333333,0.285714286,0,1,1,0.951219512
1,0.260273973,0.116617449,0.533333333,0,0,0.397959184,0.5,0.733333333,0.333333333,0.5,0,1,1,0.951219512
0,0.136986301,0.052450587,0.533333333,0,0,0.397959184,0.5,0.733333333,0.666666667,0.428571429,0.6,1,0,0.951219512
1,0.452054795,0.120995322,0.666666667,0,0,0.397959184,0.25,0.533333333,0.333333333,0.785714286,0,1,1,0.951219512
1,0.424657534,0.24701461,0.6,0,0,0.397959184,0.5,1,0,0.857142857,0.2,1,1,0.951219512
0,0.178082192,0.078200952,0.8,0,0,0.397959184,0.5,0.6,0.333333333,0.071428571,1,1,0,0.951219512
1,0.178082192,0.224274837,0.6,0,0,0.397959184,0.875,1,0.333333333,0.071428571,0,1,1,0.951219512
0,0.520547945,0.052023692,0.466666667,0,0,0.397959184,0.5,0.133333333,0,0.5,0.2,1,0,0.536585366
0,0.04109589,0.078978293,0.6,0,0,0.244897959,0.5,1,0.666666667,0.571428571,0.6,1,0,0.951219512
0,0.164383562,0.074302067,0.8,0,0,0.5,0.5,0.6,0.333333333,0.857142857,1,1,0,0.951219512
0,0.328767123,0.087514842,0.533333333,0,0,0.397959184,0.5,0.733333333,0.666666667,0.571428571,0.2,1,0,0.951219512
0,0.657534247,0.112742243,0.533333333,0.038180382,0,0.397959184,0,0.733333333,0.333333333,0,0,0,1,0.951219512
0,0.123287671,0.151397557,0.6,0,0,0.193877551,0.5,1,0.666666667,0.857142857,0.4,1,0,0.951219512
0,0,0.191937704,0.333333333,0,0,0.193877551,0.5,0,0.666666667,0.071428571,0.6,1,0,0.951219512
0,0.287671233,0.234566323,0.666666667,0,0,0.418367347,0.5,0.533333333,0.333333333,0.714285714,0,1,1,0.951219512
0,0.109589041,0.198947308,0.666666667,0,0,0.397959184,0.5,0.533333333,0.333333333,0.928571429,0,1,1,0.634146341
0,0.493150685,0.093953447,0.533333333,0,0,0.397959184,0.5,0.733333333,0,0.5,0.2,1,1,0.951219512
0,0.671232877,0.08713801,0.533333333,0,0,0.071428571,0.5,0.733333333,1,0.642857143,0.2,1,0,0.951219512
0,0.178082192,0.157583138,0.533333333,0,0.45959596,0.428571429,0.5,0.733333333,0.333333333,0.5,0,1,1,0.951219512
1,0.328767123,0.069206388,0.933333333,0,0.554407713,0.551020408,0.625,0.933333333,0.333333333,0.285714286,1,1,0,0.951219512
0,0.02739726,0.038492945,0.6,0,0,0.265306122,0.5,1,0.666666667,0.571428571,0.6,1,0,0.951219512
0,0.424657534,0.171232279,0.733333333,0,0,0.397959184,0.125,0.466666667,0.833333333,0.071428571,0.8,0.5,0,0.951219512
0,0.506849315,0.075710618,0.533333333,0,0,0.397959184,0.5,0.733333333,1,0.571428571,0.8,1,0,0.951219512
0,0.205479452,0.110117954,0.533333333,0,0,0.397959184,0.5,0.733333333,0,0.071428571,0.8,1,0,0.951219512
1,0.287671233,0.013695146,0.6,0,0,0.397959184,0.5,1,0.333333333,0.285714286,0,1,1,0.951219512
0,0.246575342,0.104996567,0.8,0,0,0.602040816,0.5,0.6,0.333333333,0.285714286,0,1,1,0.951219512
1,0.397260274,0.112546723,0.533333333,0,0,0.397959184,0.5,0.733333333,0.333333333,0.428571429,1,1,0,0.951219512
0,0.287671233,0.179324342,0.533333333,0,0,0.5,0.5,0.733333333,0.333333333,0.214285714,0,1,1,0.951219512
0,0.178082192,0.039712742,0.533333333,0,0,0.755102041,0.75,0.733333333,0.333333333,0.357142857,0,1,1,0.951219512
0,0.01369863,0.123316521,0.6,0,0,0.112244898,0.5,1,0.666666667,0.571428571,0.6,1,1,0.951219512
0,0.123287671,0.1241101,0.533333333,0.023540235,0,0.397959184,0.5,0.733333333,0.666666667,0.071428571,0.6,1,0,0.951219512
0,0.150684932,0.119788379,0.533333333,0,0,0.479591837,0.5,0.733333333,0.666666667,0.428571429,0.6,1,1,0.951219512
0,0.438356164,0.231540848,0.6,0,0,0.397959184,0.875,1,0.666666667,0.071428571,0.2,1,0,0.951219512
0,0.068493151,0.084719389,0.6,0,0,0.397959184,0.5,1,0.666666667,0.071428571,0.6,1,1,0.951219512
0,0.273972603,0.104996567,0.333333333,0,0,0.346938776,0.5,0,0.666666667,0.214285714,0.6,1,1,0.951219512
0,0.219178082,0.114203563,0.333333333,0,0,0.346938776,0.5,0,0,0.214285714,0.2,1,1,0.219512195
1,0.520547945,0.129928321,0.933333333,0,0.453856749,0.551020408,0.5,0.933333333,0.333333333,0.285714286,0,1,1,0.219512195
0,0.109589041,0.120670584,0.8,0,0,0.397959184,0.5,0.6,0.666666667,0.714285714,0.6,0.25,1,0.87804878
1,0.616438356,0.015310717,0.6,0,0,0.397959184,0.125,1,0.333333333,0.714285714,0,1,1,0.951219512
0,0.342465753,0.011574201,0.6,0,0,0.397959184,0.5,1,0,0.5,0.2,1,0,0.951219512
0,0.109589041,0.02490131,0.8,0,0,0.397959184,0.5,0.6,0.666666667,0.571428571,0.6,1,1,0.951219512
0,0.205479452,0.094433112,0.533333333,0.050130501,0,0.653061224,0.75,0.733333333,0.333333333,0.357142857,0,1,1,0.951219512
0,0.068493151,0.131035136,0.333333333,0,0,0.346938776,0.5,0,0.833333333,0.571428571,0.8,1,0,0.951219512
0,0.356164384,0.041301252,0.6,0.021740217,0,0.397959184,0.5,1,0.666666667,0.285714286,0.2,1,0,0.951219512
1,0.342465753,0.164662425,0.6,0,0,0.397959184,0.25,1,0.333333333,0.214285714,0,1,1,0.951219512
0,0.397260274,0.041005605,0.266666667,0,0,0.428571429,0.5,0.4,0.333333333,0.5,0,1,1,0.951219512
0,0.01369863,0.175662922,0.4,0,0,0.193877551,0,0.066666667,0.666666667,0,0.4,1,0,0.951219512
0,0.342465753,0.292161977,0.533333333,0,0,0.397959184,0.5,0.733333333,0.333333333,1,0,1,1,0.951219512
0,0.465753425,0.138935063,0.6,0,0,0.397959184,0.125,1,0,0.714285714,0.2,0.5,0,0.951219512
0,0.246575342,0.061852427,0.8,0,0,0.153061224,0,0.6,0,0,0.8,1,0,0
1,0.315068493,0.084364884,0.6,0,0,0.5,0.5,1,0.333333333,0.5,0,1,1,0.951219512
0,0.205479452,0.176577601,0.6,0,0,0.397959184,0.5,1,0.666666667,0.285714286,0.2,0.5,1,0.56097561
0,0.02739726,0.194007232,0.6,0,0,0.193877551,0.5,1,0.666666667,0.071428571,0.6,1,1,0.951219512
0,0.109589041,0.219302964,0.6,0,0,0.397959184,0.5,1,0.666666667,0.571428571,0.2,1,1,0.951219512
0,0.260273973,0.065949537,0.8,0,0,0.602040816,0.25,0.6,0.666666667,0.785714286,0.2,1,1,0.951219512
1,0.356164384,0.05175646,0.6,0,0,0.448979592,0.5,1,0.333333333,0.285714286,0,1,1,0.951219512
0,0.671232877,0.278461419,0.533333333,0,0,0.397959184,0.5,0.733333333,0.333333333,0.214285714,0,1,1,0.951219512
0,0.109589041,0.045960565,0.466666667,0,0,0.397959184,0.5,0.133333333,0.333333333,1,0,1,1,0.951219512
0,0.109589041,0.013524658,0.533333333,0,0,0.275510204,0.5,0.733333333,0.666666667,0.214285714,0.6,1,1,0.951219512
1,0.616438356,0.117188446,0.866666667,0,0,0.5,0.5,0.8,0.333333333,0.285714286,0,1,1,0.951219512
0,0.109589041,0.112454038,0.6,0,0.345270891,0.448979592,0.5,1,0.666666667,0.285714286,0.4,1,0,0.951219512
0,0.191780822,0.125005835,0.866666667,0.02597026,0,0.448979592,0.5,0.8,0.666666667,0.714285714,0.2,1,0,0.951219512
1,0.356164384,0.053395034,0.8,0,0,0.397959184,0.5,0.6,0.333333333,0.285714286,0,1,1,0.951219512
0,0.02739726,0.126281108,0.6,0,0,0.346938776,0.5,1,0.666666667,0.571428571,0.6,1,0,0.951219512
0,0.219178082,0.136391282,0.533333333,0,0,0.397959184,0.5,0.733333333,0,0.357142857,0.2,1,1,0.951219512
1,0.260273973,0.118232343,0.533333333,0,0,0.397959184,0.5,0.733333333,0.333333333,0.857142857,0,1,1,0.951219512
0,0.054794521,0.135258759,0.733333333,0,0,0.397959184,0.5,0.466666667,0.666666667,0.071428571,0.2,0.5,0,0.951219512
0,0.04109589,0.138201696,0.4,0,0,0.397959184,0,0.066666667,0.666666667,0,0.4,1,1,0.951219512
0,0.561643836,0.148522273,0.333333333,0,0,0.397959184,0.75,0,0.666666667,0.214285714,0.2,1,1,0.292682927
0,0.287671233,0.142267686,0.533333333,0,0,0.397959184,0.5,0.733333333,0.833333333,0.5,0.8,1,0,0.951219512
0,0.493150685,0.085065776,0.8,0,0,0.602040816,0.5,0.6,0.333333333,0.357142857,0,1,1,0.951219512
1,0.369863014,0.103551483,0.866666667,0,0,0.397959184,0.5,0.8,0.333333333,0.285714286,0,1,1,0.951219512
1,0.273972603,0.006885797,0.666666667,0,0.453856749,0.397959184,0.5,0.533333333,0.333333333,0.214285714,0,1,1,0.951219512
0,0.123287671,0.120548131,0.8,0,0,0.397959184,0.5,0.6,0.666666667,0.928571429,0.2,1,1,0.951219512
0,0.191780822,0.110053683,0.6,0,0,0.5,0.875,1,0.333333333,0.785714286,0,1,1,0.951219512
0,0.520547945,0.151846101,0.066666667,0,0,0.397959184,0.5,0.2,0.666666667,0.571428571,0.2,1,1,0.146341463
0,0.082191781,0.226095399,0.533333333,0,0,0.5,0.5,0.733333333,0.666666667,0.071428571,0.2,1,0,0.951219512
1,0.328767123,0.103054904,0.8,0,0.433195592,0.5,0.5,0.6,0.333333333,0.285714286,0,1,1,0.951219512
0,0.232876712,0.083226948,0.6,0,0,0.448979592,0.5,1,0.333333333,0.214285714,0,1,1,0.951219512
1,0.479452055,0.113597386,0.8,0,0,0.397959184,0.5,0.6,0.333333333,0.857142857,0,1,1,0.951219512
0,0.328767123,0.184309746,0.533333333,0,0,0.142857143,0.5,0.733333333,0.833333333,0.571428571,0.8,1,0,0.951219512
0,0.01369863,0.164396546,0.4,0,0.367768595,0.479591837,0,0.066666667,0.666666667,0,0.6,0.5,1,0.951219512
0,0.191780822,0.12935597,0.733333333,0,0,0.397959184,0.125,0.466666667,0.666666667,0.071428571,0.2,1,1,0.951219512
0,0.534246575,0.177896172,0.8,0,0,0.397959184,0.5,0.6,0.333333333,0.5,0,1,1,0.951219512
0,0.287671233,0.118247904,0.533333333,0,0,0.448979592,0.5,0.733333333,0.333333333,1,0,1,1,0.951219512
1,0.328767123,0.288482966,0.866666667,0,0,0.040816327,0.75,0.8,0,0.857142857,0.8,1,1,0.951219512
0,0.712328767,0.133244707,0.533333333,0,0,0.357142857,0.5,0.733333333,0.333333333,0.071428571,0,1,1,0.951219512
0,0.301369863,0.057834472,0.666666667,0,0,0.448979592,0.5,0.533333333,0.333333333,0.285714286,0,1,1,0.951219512
1,0.506849315,0.189071892,0.8,0,0,0.448979592,0.5,0.6,0.333333333,0.285714286,0,1,1,0.951219512
0,0.02739726,0.132852315,0.6,0.005940059,0,0.193877551,0.5,1,0.666666667,0.071428571,0.6,1,0,0.951219512
0,0,0.066596983,0.4,0,0,0.244897959,0.5,0.066666667,0.666666667,0.857142857,0.6,1,0,0.951219512
1,0.342465753,0.221585601,0.8,0,0,0.397959184,0.5,0.6,0.333333333,0.714285714,0,1,1,0.951219512
1,0.465753425,0.088298948,0.866666667,0,0,0.397959184,0.25,0.8,1,0.714285714,0.2,0.5,0,0.951219512
0,0.232876712,0.030539572,0.8,0,0,0.448979592,0.5,0.6,0.666666667,0.857142857,0.2,1,1,0.951219512
0,0.095890411,0.008090034,0.533333333,0,0.365013774,0.397959184,0.5,0.733333333,0.666666667,0.214285714,0.2,1,1,0.951219512
1,0.684931507,0.056036235,0.533333333,0,0,0.367346939,0.5,0.733333333,0.333333333,0.285714286,0,1,1,0.951219512
1,0.178082192,0.027797566,0.8,0,0,0.397959184,0.5,0.6,0.333333333,0.071428571,0,1,1,0.951219512
0,0.246575342,0.118481986,0.133333333,0,0,0.5,0.5,0.266666667,0.333333333,0.5,0,0.25,1,0
1,0.616438356,0.082864324,0.466666667,0,0,0.397959184,0.75,0.133333333,0.333333333,0.214285714,0,1,1,0.951219512
0,0.260273973,0.03133518,0.133333333,0,0,0.346938776,0.5,0.266666667,0.666666667,0.571428571,0.2,1,1,0.951219512
0,0.520547945,0.174193483,0.6,0,0,0.091836735,0.5,1,0,0.571428571,0.8,1,0,0.951219512
0,0.068493151,0.061559486,0.6,0,0,0.193877551,0.5,1,0.666666667,0.071428571,0.6,1,0,0.951219512
0,0.04109589,0.112376236,0.6,0,0,0.295918367,0.5,1,0.666666667,0.571428571,0.6,1,1,0.951219512
0,0.301369863,0.132289436,0.533333333,0,0,0.602040816,0.5,0.733333333,0.666666667,0.428571429,0.6,1,1,0.951219512
1,0.410958904,0.233786275,0.533333333,0,0,0.397959184,0.5,0.733333333,0.333333333,0.214285714,0,1,1,0.951219512
0,0.602739726,0.060493263,0.8,0,0,0.193877551,0.5,0.6,0.333333333,0.571428571,0,0.5,1,0.951219512
0,0.287671233,0.012697253,0.533333333,0,0,0.397959184,0.5,0.733333333,0,0.285714286,0.8,1,0,0.951219512
0,0.328767123,0.430235807,0.066666667,0,0,0.397959184,0.5,0.2,0.5,0.357142857,0.8,1,1,0.634146341
0,0.520547945,0.108790588,0.866666667,0,0,0.448979592,0.25,0.8,1,0.714285714,0.8,1,0,0.951219512
0,0.068493151,0.018365959,0.533333333,0,0,0.397959184,0.5,0.733333333,0.333333333,0.214285714,0,1,1,0.951219512
0,0.232876712,0.069517595,0.533333333,0,0,0.43877551,0.5,0.733333333,0.333333333,0.214285714,0,1,1,0.951219512
0,0.452054795,0.10614668,0.533333333,0,0,0.489795918,0.25,0.733333333,0,0.571428571,0.8,1,0,0.146341463
0,0.643835616,0.006698396,0.6,0,0,0.346938776,0.5,1,1,0.928571429,0.2,1,0,0.951219512
1,0.534246575,0.033998708,0.4,0,0,0.653061224,0.75,0.066666667,1,0.571428571,0.8,1,0,0.292682927
0,0.698630137,0.296522936,0.533333333,0,0,0.193877551,0.75,0.733333333,0.333333333,0.357142857,0,1,1,0.951219512
0,0.04109589,0.121501372,0.6,0,0,0.193877551,0.125,1,0.666666667,0.071428571,0.6,0.5,0,0.951219512
0,0.438356164,0.124105364,0.533333333,0,0,0.397959184,0.625,0.733333333,0.333333333,0.857142857,0,1,1,0.951219512
1,0.397260274,0.151927962,0.8,0,0,0.448979592,0.75,0.6,0.333333333,0.857142857,0,1,1,0.951219512
0,0.534246575,0.066931869,0.533333333,0,0,0.602040816,0.5,0.733333333,0.333333333,1,0,1,1,0.951219512
0,0.328767123,0.039644412,0.533333333,0,0,0.397959184,0.875,0.733333333,0.333333333,0.928571429,0,1,1,0.951219512
0,0.01369863,0.100777003,0.4,0,0,0.142857143,0.5,0.066666667,0.666666667,0.571428571,0.6,1,1,0.951219512
0,0.342465753,0.14775508,0.8,0.050130501,0,0.397959184,0.5,0.6,0.333333333,0.714285714,0,1,1,0.951219512
0,1,0.161385954,0.333333333,0,0,0.397959184,0.5,0,0.333333333,0.285714286,0,1,1,0.951219512
0,0.01369863,0.102939217,0.6,0,0,0.37755102,0.5,1,0.666666667,0.071428571,0.6,1,0,0.951219512
0,0.397260274,0.205251959,0.2,0,0,0.295918367,0.5,0.333333333,0.333333333,0.857142857,1,1,0,0.951219512
0,0.273972603,0.12783985,0.533333333,0,0,0.397959184,0.5,0.733333333,0.666666667,0.428571429,0.2,1,1,0.951219512
0,0.054794521,0.125934721,0.533333333,0,0,0.397959184,0.5,0.733333333,0.666666667,0.428571429,0.2,1,0,0.951219512
0,0.301369863,0.110543496,0.8,0,0,0.602040816,0.5,0.6,0.333333333,0.714285714,0,0.5,1,0
0,0.123287671,0.413852102,0.533333333,0,0,0.397959184,0.875,0.733333333,0.333333333,0.571428571,0,1,1,0.951219512
0,0.260273973,0.095025759,0.8,0,0,0.397959184,0.5,0.6,0,0.857142857,0.4,0.25,0,0.853658537
0,0.219178082,0.104179986,0.533333333,0,0,0.397959184,0.5,0.733333333,0.666666667,0.5,0.2,1,0,0.951219512
0,0.410958904,0.100988759,0.333333333,0,0,0.448979592,0.5,0,0.5,1,0.2,0.5,1,0.951219512
0,0.219178082,0.115340146,0.8,0,0,0.806122449,0,0.6,0.666666667,0,0.6,0.25,1,0.731707317
0,0.643835616,0.096648096,0.533333333,0,0,0.193877551,0,0.733333333,1,0,0.2,0.5,1,0.951219512
1,0.219178082,0.101764748,0.6,0,0,1,0.875,1,0,0.571428571,0.8,1,0,0.951219512
0,0.205479452,0.119044188,0.533333333,0,0,0.397959184,0.5,0.733333333,0.333333333,0.214285714,0,1,1,0.951219512
0,0.342465753,0.016719944,0.6,0.033250333,0,0.397959184,0.5,1,0,0.214285714,0.2,1,1,0.951219512
1,0.287671233,0.212839326,0.666666667,0,0,0.448979592,0.5,0.533333333,0.333333333,0.285714286,0,1,1,0.951219512
1,0.369863014,0.177440186,0.533333333,0.143441434,0,0.397959184,0.75,0.733333333,0.666666667,0.214285714,0.2,1,1,0.951219512
1,0.205479452,0.016360026,0.733333333,0,0,0.448979592,0.5,0.466666667,0.333333333,0.071428571,0,1,1,0.951219512
1,0.369863014,0.048034828,0.866666667,0,0,0.397959184,0.25,0.8,0.333333333,0.714285714,1,1,0,0.951219512
0,0.328767123,0.201587833,0.533333333,0,0,0.397959184,0.5,0.733333333,0.333333333,0.857142857,0,1,1,0.951219512
0,0.04109589,0.166566877,0.6,0,0,0.346938776,0.5,1,0.666666667,0.857142857,0.2,1,0,0.951219512
1,0.410958904,0.039684328,0.533333333,0.051780518,0,0.397959184,0.5,0.733333333,0.333333333,0.5,0,1,1,0.951219512
1,0.383561644,0.167919952,0.866666667,0,0,0.5,0.5,0.8,0.333333333,0.285714286,0,1,1,0.951219512
0,0.109589041,0.172202434,0,0,0,0.346938776,0.5,0.866666667,0.666666667,0.357142857,0.2,1,1,0.634146341
0,0.465753425,0.122513472,0.066666667,0,0,0.397959184,0.5,0.2,0.333333333,0.214285714,0,1,1,0.634146341
0,0.465753425,0.070066267,0.533333333,0,0,0.397959184,0.5,0.733333333,0.333333333,0.214285714,0,1,1,0.951219512
0,0.082191781,0.12765042,0.4,0,0,0.234693878,0.5,0.066666667,0.666666667,0.571428571,0.2,1,0,0.951219512
0,0.712328767,0.311717965,0.133333333,0,0,0.397959184,0,0.266666667,0,0,0.2,1,1,0.951219512
0,0.01369863,0.092251956,0.533333333,0,0,0.275510204,0.5,0.733333333,0.666666667,0.857142857,0.6,1,0,0.951219512
0,0.054794521,0.162981229,0.6,0,0,0.479591837,0,1,0.666666667,0,0.6,1,1,0.951219512
0,0.136986301,0.146701035,0.8,0,0,0.295918367,0.75,0.6,0.666666667,0.714285714,0.2,0.25,0,0.951219512
0,0.657534247,0.115610084,0.533333333,0,0,0.244897959,0.5,0.733333333,0,0.571428571,0.2,1,1,0.951219512
0,0.191780822,0.241889163,0.8,0.04101041,0,0.5,0.5,0.6,0.666666667,0.857142857,0.2,1,1,0.951219512
1,0.287671233,0.021261539,0.4,0,0.433195592,0.448979592,0.75,0.066666667,0.333333333,0.285714286,0,1,1,0.951219512
0,0.164383562,0.084536724,0.6,0,0,0.448979592,0.5,1,0,0.428571429,0.2,1,1,0.951219512
0,0.205479452,0.004890012,0.866666667,0,0,0.397959184,0.875,0.8,0.666666667,0.714285714,0.2,0.25,0,0.585365854
0,0.657534247,0.154170007,0.4,0,0,0.346938776,0.25,0.066666667,0.333333333,1,0,1,1,0.951219512
1,0.287671233,0.145678787,0.6,0,0,0.397959184,0.5,1,0.333333333,0.214285714,0,1,1,0.951219512
0,0.095890411,0.085391867,0.533333333,0,0,0.367346939,0,0.733333333,0.833333333,0,0.8,0.5,0,0.951219512
0,0.109589041,0.135320324,0.533333333,0,0,0.397959184,0.5,0.733333333,0.666666667,0.5,0.8,1,1,0.951219512
1,0.561643836,0.096518201,0.8,0,0,0.397959184,0.5,0.6,0.333333333,0.928571429,0,1,1,0.951219512
0,0.04109589,0.131200888,0.533333333,0,0,0.397959184,0.5,0.733333333,0.666666667,0.071428571,0.6,1,0,0.951219512
0,0.068493151,0.123973439,0.8,0,0,0.193877551,0.5,0.6,0.666666667,0.571428571,0.2,1,0,0.951219512
0,0.260273973,0.169706011,0.866666667,0,0,0.397959184,0.5,0.8,0.666666667,0.714285714,0.2,1,0,0.951219512
0,0.178082192,0.16609736,0.6,0,0,0.397959184,0.25,1,0,0.071428571,0.2,1,0,0.951219512
0,0.534246575,0.086897163,0.533333333,0,0,0.448979592,0.75,0.733333333,0.333333333,0.5,0,1,1,0.951219512
1,0.397260274,0.121569025,0.866666667,0,0.54912764,0.5,0.625,0.8,0.333333333,0.285714286,0,1,1,0.951219512
0,0.315068493,0.34388461,0.6,0,0,0.387755102,0.5,1,0,0.071428571,0.8,1,0,0.951219512
0,0.123287671,0.143613995,0.8,0,0,0.397959184,0.5,0.6,0.666666667,0.071428571,0.2,1,1,0.951219512
0,0.287671233,0.188306729,0.666666667,0,0,0.397959184,0.125,0.533333333,0.666666667,0.071428571,0.2,1,0,0.951219512
0,0.232876712,0.068939156,0.8,0,0,0.5,0.75,0.6,0,1,0.2,1,1,0
0,0.191780822,0.12264269,0.866666667,0,0,0.397959184,0.875,0.8,0.666666667,0.928571429,0.2,1,1,0.951219512
0,0.383561644,0.115294142,0.866666667,0,0,0.357142857,0.5,0.8,0,0.071428571,0.2,0,0,0.951219512
0,0.438356164,0.11479824,0.8,0,0,0.397959184,0.25,0.6,0.333333333,0.285714286,0,1,1,0.951219512
0,0.383561644,0.176200093,0.533333333,0,0,0.397959184,0.5,0.733333333,0,0.571428571,0.2,1,0,0.951219512
1,0.383561644,0.096997866,0.533333333,0,0,0.397959184,0.5,0.733333333,0.333333333,0.214285714,0,1,1,0.951219512
0,0.575342466,0.107598529,0.333333333,0,0,0.295918367,0.25,0,1,0.571428571,0.8,0.5,0,0.951219512
1,0.520547945,0.136207264,0.533333333,0,0,0.397959184,0.5,0.733333333,0.333333333,0.214285714,0,1,1,0.951219512
0,0.246575342,0.089327962,0.733333333,0,0,0.5,0.5,0.466666667,0,0.285714286,0.2,1,0,0.951219512
0,0.369863014,0.068000122,0.266666667,0,0,0.5,0.5,0.4,0,0.571428571,0.6,1,0,0.951219512
1,0.164383562,0.170149819,0.8,0,0,0.397959184,0.625,0.6,0.666666667,0.857142857,0.2,1,1,0.951219512
0,0.767123288,0.228035031,0.2,0,0,0.244897959,0.5,0.333333333,0.333333333,0.428571429,0,1,1,0.951219512
1,0.479452055,0.102489319,0.533333333,0,0.436639118,0.602040816,0.5,0.733333333,0.333333333,0.857142857,0,1,1,0.951219512
0,0.136986301,0.056438775,0.4,0,0,0.397959184,0,0.066666667,0,0,0.2,0.25,1,0.951219512
0,0.315068493,0.08114186,0.533333333,0,0,0.397959184,0.625,0.733333333,0.333333333,0.285714286,0,1,1,0.951219512
0,0.794520548,0.11639825,0.4,0,0,0.295918367,0.75,0.066666667,0.333333333,0.285714286,0,1,1,0.951219512
0,0.315068493,0.145577983,0.533333333,0,0,0.5,0.5,0.733333333,0.333333333,1,0,0.5,1,0.951219512
0,0.630136986,0.530097455,0.066666667,0,0,0.295918367,0.75,0.2,1,0.571428571,0.8,1,0,0.195121951
0,0.561643836,0.109979941,0.466666667,0,0,0.397959184,0.5,0.133333333,0.333333333,0.214285714,0,1,1,0.951219512
1,0.452054795,0.187595011,0.6,0,0,0.397959184,0.125,1,0.333333333,0.071428571,0,1,1,0.951219512
0,0.123287671,0.018217121,0.533333333,0,0,0.448979592,0.5,0.733333333,0.333333333,0.5,0,1,1,0.951219512
0,0.04109589,0.224684142,0.6,0,0,0.295918367,0.5,1,0.666666667,0.571428571,0.2,1,0,0.951219512
0,0.095890411,0.076805932,0.533333333,0,0,0.448979592,0.5,0.733333333,0.333333333,0.285714286,1,0,0,0.951219512
0,0.123287671,0.118804017,0.533333333,0,0,0.397959184,0.5,0.733333333,0.666666667,0.071428571,0.2,0.5,1,0.951219512
1,0.452054795,0.078608904,0.533333333,0,0,0.602040816,0.5,0.733333333,0.333333333,0.214285714,0,1,1,0.951219512
0,0.493150685,0.106509981,0.533333333,0,0,0.397959184,0.25,0.733333333,0.333333333,0.285714286,0,1,1,0.951219512
0,0.657534247,0.136113902,0.866666667,0,0,0.275510204,0.5,0.8,0,0.857142857,0.2,1,1,0.951219512
1,0.397260274,0.139864625,0.533333333,0.150241502,0,0.43877551,0.5,0.733333333,0.333333333,1,0,1,1,0.951219512
0,0.452054795,0.10492756,0.2,0,0,0.397959184,0.75,0.333333333,0.333333333,0.357142857,0,1,1,0.951219512
0,0.438356164,0.033556252,0.4,0,0,0.397959184,0.5,0.066666667,0.333333333,0.214285714,0,1,1,0.951219512
0,0.205479452,0.125689138,0.4,0,0,0.397959184,0.5,0.066666667,0.666666667,1,0.6,1,1,0.951219512
0,0.479452055,0.195481407,0.666666667,0,0,0.397959184,0.5,0.533333333,0.833333333,0.857142857,0.8,1,0,0.951219512
0,0.136986301,0.159741969,0.8,0,0,0.397959184,0.5,0.6,0.666666667,0.928571429,0.8,0.5,0,0.951219512
0,0.616438356,0.134394144,0.533333333,0,0,0.193877551,0.5,0.733333333,0.333333333,0.571428571,0,1,1,0.951219512
0,0.068493151,0.177129655,0.8,0,0,0.091836735,0.125,0.6,0.666666667,0.714285714,0.6,1,1,0.951219512
0,0.438356164,0.138317384,0.8,0,0,0.397959184,0.5,0.6,0,0.285714286,0.2,1,0,0.951219512
0,0.136986301,0.105906509,0.8,0,0,0.010204082,0.5,0.6,0.666666667,0.857142857,0.6,1,1,0.951219512
0,0.219178082,0.077575155,0.533333333,0,0,0.602040816,0.5,0.733333333,0.333333333,1,0,1,1,0.951219512
0,0,0.109607845,0.4,0,0,0.193877551,0.5,0.066666667,0.666666667,0.571428571,0.6,1,1,0.951219512
0,0.01369863,0.133620862,0.6,0,0,0.397959184,0.5,1,0.666666667,0.571428571,0.6,1,0,0.951219512
0,0.410958904,0.124265027,0.2,0,0,0.479591837,0.5,0.333333333,0.666666667,1,0.2,0.75,1,0.804878049
0,0.164383562,0.064388089,0.8,0,0,0.5,0.5,0.6,0.666666667,0.857142857,0.2,1,1,0.951219512
0,0,0.185827896,0.4,0,0,0.397959184,0.5,0.066666667,0.666666667,0.714285714,0.6,1,1,0.951219512
1,0.643835616,0.274172172,1,0.086140861,0,0.5,0.875,0.666666667,1,0.714285714,0.2,0.5,1,0.951219512
1,0.876712329,0.111711876,0.533333333,0,0.545684114,0.255102041,0.5,0.733333333,0.333333333,0.285714286,0,1,1,0.951219512
0,0.205479452,0.171881078,0.6,0,0,0.397959184,0.5,1,0.666666667,0.928571429,0.2,1,1,0.951219512
1,0.438356164,0.137749769,0.866666667,0,0,0.397959184,0.25,0.8,0.333333333,0.071428571,0,1,1,0.536585366
1,0.465753425,0.106554632,0.8,0,0,0.602040816,0.5,0.6,0.5,0.285714286,0.2,1,0,0.951219512
0,0.287671233,0.143628202,0.6,0,0,0.397959184,0.5,1,0,0.857142857,0.8,0.5,0,0.951219512
0,0.424657534,0.200882205,0.6,0,0,0.397959184,0.5,1,0,0.285714286,0.2,1,0,0.268292683
1,0.410958904,0.225427656,0.933333333,1,0,0.551020408,0.5,0.933333333,0.333333333,0.714285714,0,0.25,1,0.87804878
0,0.01369863,0.13052638,0.4,0,0,0.193877551,0.5,0.066666667,0.666666667,0.857142857,0.6,1,0,0.951219512
0,0.410958904,0.023668659,0.466666667,0,0,0.397959184,0.5,0.133333333,0.666666667,0.071428571,0.8,0.5,0,0.951219512
0,0.547945205,0.171038113,0.933333333,0,0,0.602040816,0.5,0.933333333,0.333333333,0.714285714,0,1,1,0.951219512
0,0.260273973,0.163862758,0.6,0,0,0.43877551,0.5,1,0.333333333,0.857142857,0,1,1,0.951219512
1,0.315068493,0.074035511,0.8,0,0,0.551020408,0.5,0.6,0,0.285714286,0.2,1,1,0.951219512
0,0.205479452,0.01009529,0.4,0,0,0.806122449,0.75,0.066666667,0.333333333,0.357142857,0,1,1,0.951219512
0,0.054794521,0.268548117,0.533333333,0,0,0.397959184,0.5,0.733333333,0.666666667,0.214285714,0.2,1,1,0.317073171
0,0.383561644,0.105372721,0.8,0,0,0.316326531,0.5,0.6,0.333333333,0.285714286,0,1,1,0.951219512
0,0.178082192,0.186814964,0.133333333,0,0,0.397959184,0,0.266666667,0.333333333,0,0,1,1,0.634146341
0,0.602739726,0.011847522,0.533333333,0,0,0.397959184,0.5,0.733333333,0,0.857142857,0.4,1,0,0.951219512
0,0.369863014,0.244070996,0.533333333,0,0,0.397959184,0.5,0.733333333,0.333333333,1,0,1,1,0.951219512
0,0.315068493,0.115167629,0.733333333,0,0,0.397959184,0.75,0.466666667,0.333333333,0.071428571,1,1,0,0.951219512
0,0.356164384,0.126448889,0.6,0,0,0.5,0.5,1,0.666666667,0.071428571,0.2,1,0,0.951219512
1,0.260273973,0.109096383,0.8,0,0,0.397959184,0.5,0.6,0.333333333,0.714285714,0,1,1,0.951219512
0,0.328767123,0.025281524,0.533333333,0,0,0.520408163,0.5,0.733333333,0,0.071428571,0.8,1,0,0.951219512
0,0.657534247,0.219578991,0.533333333,0,0,0.397959184,0.75,0.733333333,0.333333333,0.5,0,1,1,0.951219512
1,0.301369863,0.29978317,0.533333333,0.150241502,0,0.397959184,0.25,0.733333333,0.333333333,0.785714286,0,0.5,1,0.951219512
0,0.219178082,0.12878362,0.8,0,0,0.397959184,0.5,0.6,0.833333333,0.714285714,0.4,0.5,0,0.56097561
0,0.054794521,0.143660676,0.8,0,0,0.37755102,0.5,0.6,0.666666667,0.071428571,0.6,0.5,0,0.951219512
0,0.150684932,0.061635258,0.866666667,0,0,0.397959184,0.5,0.8,0,0.857142857,0.6,1,0,0.951219512
0,0.232876712,0.145011721,0.466666667,0,0,0.336734694,0.5,0.133333333,0.833333333,0.857142857,0.8,1,0,0.951219512
0,0.273972603,0.155385068,0.4,0,0,0.5,0.5,0.066666667,0.333333333,0.214285714,0,1,1,0.951219512
0,0.109589041,0.019369264,0.8,0,0,0.397959184,0.5,0.6,0.666666667,0.714285714,0.2,1,0,0.951219512
0,0.301369863,0.112753744,0.533333333,0,0,0.5,0.75,0.733333333,0.333333333,0.357142857,1,1,0,0.951219512
0,0.246575342,0.085349245,0.533333333,0,0,0.397959184,0.5,0.733333333,0.333333333,0.071428571,0,1,1,0.951219512
0,0,0.037317123,0.4,0,0,0.193877551,0.5,0.066666667,0.666666667,0.571428571,0.4,0.5,1,0.951219512
1,0.479452055,0.118762749,0.533333333,0.049340493,0,0.357142857,0.25,0.733333333,0,0.928571429,0.8,1,1,0.951219512
1,0.657534247,0.061929552,0.866666667,0,0,0.397959184,0.625,0.8,0.333333333,0.285714286,0,1,1,0.951219512
1,0.205479452,0.129737537,0.8,0,0,0.448979592,0.875,0.6,0.333333333,0.714285714,0,1,1,0.951219512
1,0.657534247,0.172207846,0.8,0,0,0.234693878,0.5,0.6,0.333333333,0.857142857,0,1,1,0.951219512
1,0.424657534,0.123909168,0.4,0,0,0.397959184,0.5,0.066666667,0.333333333,1,0,1,1,0.951219512
0,0.315068493,0.039411007,0.6,0.043860439,0,0.5,0.5,1,0.333333333,0.857142857,0,1,1,0.951219512
0,0.136986301,0.102050246,0.666666667,0,0,0.346938776,0.5,0.533333333,0.333333333,0.071428571,1,1,0,0.951219512
0,0.150684932,0.188814132,0.466666667,0,0,0.397959184,0.5,0.133333333,0.666666667,0.857142857,0.8,0.5,0,0.951219512
0,0.260273973,0.095337643,0.8,0,0,0.448979592,0.5,0.6,0.333333333,0.714285714,0,0.25,1,0
0,0.506849315,0.085627302,0.6,0,0,0.602040816,0.5,1,0.333333333,0.071428571,0,1,1,0.951219512
0,0.082191781,0.169766899,0.6,0,0,0.142857143,0,1,0.666666667,0,0.6,1,0,0.951219512
0,0.109589041,0.209008095,0.6,0,0,0.193877551,0.5,1,0,0.571428571,0.2,1,0,0.951219512
1,0.328767123,0.012070103,0.8,0,0,0.448979592,0.5,0.6,0,0.285714286,0.2,1,0,0.951219512
0,0.575342466,0.134896811,0.866666667,0,0,0.142857143,0.75,0.8,0.333333333,1,0,1,1,0.951219512
1,0.424657534,0.102776171,0.866666667,0,0,0.397959184,0.5,0.8,0.333333333,0.714285714,0,1,1,0.951219512
1,0.383561644,0.074365662,0.733333333,0,0,0.5,0.625,0.466666667,0.333333333,0.285714286,0,1,1,0.951219512
1,0.424657534,0.029058632,0.8,0,0,0.448979592,0.5,0.6,0.333333333,0.214285714,0,1,1,0.951219512
0,0.232876712,0.082250704,0.533333333,0,0,0.244897959,0,0.733333333,0.333333333,0,0,1,1,0.951219512
0,0.589041096,0.040032068,0.533333333,0.045080451,0,0.071428571,0.75,0.733333333,0.333333333,1,0,1,1,0.951219512
0,0.369863014,0.177305555,0.533333333,0,0,0.5,0.75,0.733333333,0,0.857142857,0.2,1,1,0.951219512
0,0.219178082,0.137339111,0.4,0,0,0.397959184,0.5,0.066666667,0.666666667,0.428571429,0.6,0.5,1,0.951219512
0,0.342465753,0.195380603,0.533333333,0,0,0.397959184,0.5,0.733333333,0,0.071428571,0.8,1,0,0.951219512
0,0.095890411,0.068452725,0.533333333,0,0,0.397959184,0.5,0.733333333,0.666666667,0.857142857,0.2,1,1,0.951219512
0,0.136986301,0.120586017,0.666666667,0,0,0.448979592,0.5,0.533333333,0.666666667,0.5,0.8,1,1,0.951219512
0,0.452054795,0.109155918,0.533333333,0,0,0.346938776,0.5,0.733333333,0.333333333,0.357142857,0,1,1,0.951219512
1,0.301369863,0.110885148,0.6,0,0,0.5,0.5,1,0.333333333,0.357142857,0,1,1,0.951219512
0,0.424657534,0.099045068,0.533333333,0,0,0.153061224,0.5,0.733333333,0,0.571428571,0.2,1,0,0.951219512
1,0.273972603,0.08473089,1,0,0.587465565,0.602040816,0.75,0.666666667,0.666666667,0.714285714,0.2,1,0,0.951219512
0,0.123287671,0.186932005,0.533333333,0,0,0.397959184,0.5,0.733333333,0.666666667,0.071428571,0.2,1,0,0.951219512
0,0.794520548,0.06895201,0.6,0,0,0.12244898,0,1,0.333333333,0,0,1,1,0.951219512
0,0.219178082,0.244485037,0.066666667,0,0,0.397959184,0.5,0.2,0.5,0.642857143,0.2,1,0,0.317073171
0,0.191780822,0.124374626,0.4,0,0,0.397959184,0.5,0.066666667,0.333333333,0.214285714,0,1,1,0.951219512
1,0.383561644,0.15458946,0.8,0,0,0.397959184,0.75,0.6,0.333333333,0.214285714,0,1,1,0.951219512
1,0.136986301,0.141498463,0.8,0,0,0.397959184,0.5,0.6,0.333333333,0.071428571,1,1,0,0.12195122
0,0.04109589,0.017351153,0.533333333,0,0,0.448979592,0.5,0.733333333,0.666666667,0.571428571,0.2,1,1,0.951219512
0,0.342465753,0.133350247,0.533333333,0,0,0.346938776,0.5,0.733333333,0,0.785714286,0.2,0.5,1,0.951219512
0,0.191780822,0.137176065,0.8,0,0,0.5,0.5,0.6,0.666666667,0.071428571,0.2,1,1,0.951219512
1,0.342465753,0.064878578,0.866666667,0,0.436639118,0.397959184,0.125,0.8,0.333333333,0.714285714,0,0.25,1,0.853658537
0,0.095890411,0.174404563,0.8,0,0,0.5,0.5,0.6,0.333333333,0.071428571,1,1,0,0.951219512
0,0.232876712,0.183771899,0.533333333,0,0,0.397959184,0.25,0.733333333,0.333333333,0.071428571,0,1,1,0.951219512
0,0.178082192,0.098778512,0.8,0,0,0.397959184,0.875,0.6,0.666666667,0.071428571,0.2,1,1,0.951219512
0,0.328767123,0.030409001,0.8,0,0,0.704081633,0.5,0.6,0.333333333,0.857142857,0,1,1,0.951219512
1,0.602739726,0.123583754,0.533333333,0,0,0.397959184,0.5,0.733333333,0.333333333,0.5,0,1,1,0.951219512
0,0.054794521,0.194076916,0.6,0,0,0.142857143,0.875,1,0.666666667,0.071428571,0.6,1,0,0.951219512
0,0.342465753,0.169229052,0.6,0,0,0.5,0.5,1,0.333333333,0.714285714,0,1,1,0.951219512
0,0.520547945,0.048899443,0.933333333,0,0,0.387755102,0.25,0.933333333,0,0.714285714,0.2,1,0,0.951219512
0,0.520547945,0.221827124,0.533333333,0,0,0.397959184,0.75,0.733333333,0.833333333,0.214285714,0.2,0.5,1,0.951219512
0,0.191780822,0.166133217,0.533333333,0,0,0.397959184,0.5,0.733333333,0.333333333,0.285714286,0,1,1,0.951219512
1,0.219178082,0.140771861,0.666666667,0,0,0.846938776,0.5,0.533333333,0.333333333,1,0,1,1,0.951219512
0,0.589041096,0.10192847,0.133333333,0,0,0.397959184,0.5,0.266666667,0,0.5,0.2,1,0,0.804878049
1,0.726027397,0.028796136,1,0,0,0.193877551,0,0.666666667,0.333333333,0,0,1,1,0.951219512
0,0.630136986,0.215979136,0.333333333,0,0,0.397959184,0,0,0.333333333,0,0,1,1,0.951219512
0,0.232876712,0.125712817,0.533333333,0,0.454545455,0.397959184,0.5,0.733333333,0.666666667,1,0.6,1,1,0.951219512
0,0.479452055,0.130097455,0.8,0,0,0.418367347,0.5,0.6,0.5,0.285714286,0.2,1,0,0.951219512
0,0.082191781,0.071377396,0.8,0,0,0.602040816,0.5,0.6,0.666666667,0.714285714,0.2,1,0,0.951219512
1,0.438356164,0.017951242,0.533333333,0,0,0.602040816,0.5,0.733333333,0.333333333,0.285714286,0,1,1,0.951219512
0,0.273972603,0.117653904,0.533333333,0,0,0.459183673,0.5,0.733333333,0.333333333,0.5,0,1,1,0.951219512
0,0.178082192,0.100911634,0.666666667,0,0,0.37755102,0.5,0.533333333,0.333333333,0.428571429,0,1,1,0.951219512
0,0.164383562,0.075360848,0.533333333,0,0,0.397959184,0.5,0.733333333,0.333333333,0.5,1,0.25,0,0.609756098
0,0.520547945,0.153654486,0.333333333,0,0,0.448979592,0.5,0,0.333333333,1,0,0.5,1,0.951219512
0,0.561643836,0.016954026,0.533333333,0,0,0.397959184,0.5,0.733333333,0.333333333,0.857142857,0,1,1,0.951219512
0,0.287671233,0.062112217,0.6,0,0,0.142857143,0,1,0.333333333,0,0,1,1,0.951219512
1,0.520547945,0.073401596,1,0,0,0.397959184,0.875,0.666666667,0.333333333,0.714285714,0,0.25,1,0.463414634
0,0.287671233,0.064952998,0.866666667,0,0,0.397959184,0.875,0.8,0.666666667,0.714285714,0.4,1,0,0.951219512
0,0.150684932,0.032475822,0.533333333,0,0,0.397959184,0.5,0.733333333,0.666666667,0.071428571,0.6,1,0,0.951219512
1,0.424657534,0.213515863,1,0,0,0.5,0.875,0.666666667,0,0.714285714,0.6,1,1,0.951219512
0,0.273972603,0.21960064,0.6,0,0,0.5,0.5,1,0.333333333,1,0,1,1,0.951219512
0,0.082191781,0.123363202,0.533333333,0,0,0.530612245,0.5,0.733333333,0.833333333,0.5,0.6,1,1,0.951219512
0,0.164383562,0.160787895,0.8,0,0,0.5,0.5,0.6,0.666666667,0.071428571,0.2,1,0,0.951219512
1,0.534246575,0.066268863,0.8,0,0,0.397959184,0.75,0.6,0.5,0.714285714,0.2,1,0,0.951219512
0,0.095890411,0.059992626,0.533333333,0,0,0.397959184,0.5,0.733333333,0.666666667,0.571428571,0.2,1,0,0.951219512
0,0.02739726,0.029861682,0.466666667,0,0,0.193877551,0.875,0.133333333,0.666666667,1,0.6,0.5,1,0.951219512
0,0.205479452,0.069097465,0.666666667,0,0,0.5,0.75,0.533333333,0.333333333,0.214285714,0,1,1,0.951219512
0,0.671232877,0.077278155,0.6,0,0,0.448979592,0.5,1,0.333333333,0.285714286,0,1,1,0.951219512
0,0.342465753,0.072833305,0.533333333,0,0,0.397959184,0.5,0.733333333,0,0.285714286,0.2,1,0,0.951219512
0,0.383561644,0.105024305,0.533333333,0,0.500229568,0.448979592,0.5,0.733333333,0.333333333,1,0,1,1,0.951219512
0,0.890410959,0.123336141,0.666666667,0,0,0.071428571,0,0.533333333,1,0,0.2,1,0,0.951219512
0,0.465753425,0.228565436,0.533333333,0,0.536960514,0.397959184,0.5,0.733333333,0,0.071428571,0.8,1,0,0.951219512
0,0.123287671,0.027949787,0.6,0,0,0.397959184,0.5,1,0.666666667,0.071428571,0.2,1,0,0.951219512
0,0.561643836,0.119911509,0.533333333,0,0,0.846938776,0.75,0.733333333,0.333333333,0.857142857,0,1,1,0.951219512
0,0.109589041,0.091683665,0.533333333,0,0,0.602040816,0.5,0.733333333,0.333333333,1,0,1,1,0.951219512
0,0.082191781,0.13446924,0.533333333,0.024630246,0,0.397959184,0.5,0.733333333,0.666666667,0.857142857,0.2,1,0,0.951219512
1,0.383561644,0.028288056,0.666666667,0,0,0.5,0.75,0.533333333,0.333333333,0.357142857,0,1,1,0.951219512
0,0,0.239039588,0.333333333,0,0,0.091836735,0.5,0,0.666666667,0.571428571,0.6,1,1,0.048780488
0,0.095890411,0.117737118,0.6,0,0,0.540816327,0.5,1,0.833333333,0.714285714,0.6,1,1,0.951219512
0,0.123287671,0.207263305,0.933333333,0,0,0.193877551,0.75,0.933333333,0.666666667,0.714285714,0.6,1,1,0.951219512
1,0.465753425,0.124184519,0.6,0,0,0.397959184,0.25,1,0.333333333,0.785714286,0,1,1,0.951219512
0,0.205479452,0.108942132,0.666666667,0,0,0.602040816,0.75,0.533333333,0.333333333,0.714285714,0,0.75,1,0.951219512
1,0.452054795,0.107605295,0.6,1,0,0.5,0.5,1,0.333333333,0.285714286,0,1,1,0.951219512
1,0.520547945,0.095526397,0.866666667,0,0.453856749,0.5,0.5,0.8,0.333333333,0.285714286,0,1,1,0.951219512
1,0.273972603,0.173899866,0.666666667,0.086140861,0,0.448979592,0.5,0.533333333,0,0.714285714,0.2,1,0,0.951219512
0,0.150684932,0.036404475,0.533333333,0,0,0.397959184,0.5,0.733333333,0.333333333,0.857142857,0,1,1,0.951219512
1,0.301369863,0.13792161,0.933333333,0,0,0.704081633,0.5,0.933333333,0,0.714285714,0.2,1,1,0.951219512
0,0.01369863,0.092504304,0.466666667,0,0,0.091836735,0,0.133333333,0.666666667,0,0.6,1,1,0.951219512
0,0.164383562,0.051516289,0.666666667,0,0,0.5,0.5,0.533333333,0.333333333,0.214285714,0,1,1,0.951219512
0,0.219178082,0.279748193,0.666666667,0,0,0.397959184,0.875,0.533333333,0.333333333,0.714285714,0,1,1,0.951219512
0,0.520547945,0.105993783,0.6,0,0,0.397959184,0.5,1,0,0.071428571,0.2,1,0,0.951219512
0,0.287671233,0.03252115,0.533333333,0,0,0.397959184,0.5,0.733333333,0.666666667,0.071428571,0.8,1,0,0.951219512
0,0.082191781,0.072919225,0.666666667,0,0,0.397959184,0.5,0.533333333,0.333333333,0.428571429,0,1,1,0.951219512
1,0.397260274,0.085474405,0.533333333,0,0,0.397959184,0.75,0.733333333,0.333333333,0.285714286,0,1,1,0.951219512
0,0.082191781,0.130144136,0.533333333,0,0,0.724489796,0.5,0.733333333,0.666666667,0.428571429,0.2,1,1,0.146341463
0,0.246575342,0.0228284,0.733333333,0,0,0.5,0.5,0.466666667,0,0.571428571,0.8,1,0,0.951219512
0,0.342465753,0.176539038,0.8,0,0,0.908163265,0.5,0.6,0.333333333,0.714285714,0,1,1,0.951219512
0,0.178082192,0.100714762,0.533333333,0,0,0.397959184,0.5,0.733333333,0.666666667,0.214285714,0.6,1,1,0.951219512
0,0.054794521,0.09474432,0.6,0,0,0.193877551,0,1,0.666666667,0,0.6,1,1,0.951219512
1,0.397260274,0.156589981,0.8,0,0,0.397959184,0.5,0.6,0.333333333,0.714285714,0,1,1,0.951219512
0,0.575342466,0.100382582,0.533333333,0.024070241,0,0.602040816,0,0.733333333,0.333333333,0,0,1,1,0.951219512
0,0.082191781,0.225590702,0.6,0,0,0.397959184,0.5,1,0.666666667,0.571428571,0.6,1,1,0.951219512
0,0.095890411,0.129044087,0.733333333,0,0,0.397959184,0.5,0.466666667,0.666666667,0.5,0.6,1,1,0.951219512
0,0.630136986,0.102935157,0.6,0,0,0.5,0.5,1,0.333333333,0.714285714,0,1,1,0.951219512
0,0.246575342,0.214783018,0.533333333,0,0,0.397959184,0.25,0.733333333,0.333333333,0.214285714,0,1,1,0.951219512
1,0.698630137,0.043356572,0.533333333,0,0,0.448979592,0.5,0.733333333,0.333333333,0.428571429,0,1,1,0.951219512
0,0.02739726,0.111304601,0.266666667,0,0,0.397959184,0.5,0.4,0.333333333,1,0,1,1,0.951219512
0,0.328767123,0.14492783,0.533333333,0,0,0.397959184,0.75,0.733333333,0,0.571428571,0.8,1,0,0.951219512
0,0.438356164,0.205463716,0.533333333,0,0,0.397959184,0.5,0.733333333,0.333333333,0.5,0,1,1,0.951219512
0,0.328767123,0.009882181,0.8,0,0,0.397959184,0.875,0.6,0.666666667,0.071428571,0.2,1,1,0.951219512
0,0.150684932,0.090845435,0.533333333,0,0,0.346938776,0.5,0.733333333,0.666666667,0.071428571,0.2,1,0,0.951219512
0,0.136986301,0.100429263,0.8,0,0,0.397959184,0.5,0.6,0.333333333,0.714285714,0,1,1,0.951219512
1,0.383561644,0.04851314,0.733333333,0,0,0.56122449,0.5,0.466666667,0,0.285714286,0.8,1,0,0.951219512
0,0.315068493,0.028290762,0.6,0,0,0.193877551,0.5,1,0,0.857142857,0.2,1,0,0.951219512
0,0.109589041,0.300913664,0.2,0,0,0.448979592,0.5,0.333333333,0,0.214285714,0.6,1,1,0.951219512
0,0.068493151,0.066747851,0.6,0,0,0.397959184,0.5,1,0.666666667,0.571428571,0.2,1,0,0.951219512
1,0.356164384,0.091361633,0.866666667,0,0.453856749,0.602040816,0.25,0.8,0.333333333,0.285714286,0,1,1,0.951219512
1,0.493150685,0.014220138,0.6,0,0,0.397959184,0.5,1,0.333333333,1,0,1,1,0.951219512
0,0.602739726,0.164867416,0.533333333,0,0,0.5,0.5,0.733333333,1,0.857142857,0.2,1,1,0.951219512
0,0.136986301,0.089200096,0.8,0,0,0.5,0.5,0.6,0.333333333,0.285714286,0.4,1,1,0.951219512
0,0.082191781,0.021992876,0.533333333,0,0,0.397959184,0,0.733333333,0.666666667,0,0.2,1,1,0.951219512
1,0.410958904,0.072961847,0.533333333,0,0,0.5,0.5,0.733333333,0.333333333,0.214285714,0,1,1,0.951219512
0,0.643835616,0.115842137,0.533333333,0,0,0.244897959,0.5,0.733333333,0.666666667,0.071428571,0.2,1,0,0.951219512
0,0.04109589,0.080206885,0.533333333,0,0,0.193877551,0.5,0.733333333,0.666666667,0.214285714,0.6,1,1,0.951219512
0,0.602739726,0.082864324,0.6,0,0,0.397959184,0.625,1,0.333333333,0.857142857,0,1,1,0.951219512
1,0.410958904,0.197702479,0.866666667,0,0,0.5,0.875,0.8,0,0.285714286,0.2,1,1,0.951219512
1,0.178082192,0.099656657,0.8,0,0.424242424,0.5,0.5,0.6,0.333333333,0.285714286,0,1,1,0.951219512
0,0.726027397,0.124113482,0.333333333,0,0,0.448979592,0.5,0,1,0.214285714,0.8,1,1,0.951219512
0,0.246575342,0.142184471,0.8,0,0,0.397959184,0.5,0.6,0.666666667,0.285714286,0.2,1,1,0.951219512
0,0.397260274,0.112821398,0.533333333,0,0,0.346938776,0.5,0.733333333,0.333333333,0.857142857,0,1,1,0
0,0.493150685,0.193158854,0.333333333,0,0,0.397959184,0.75,0,0.333333333,0.357142857,0,1,1,0.951219512
0,0.068493151,0.120850543,0.4,0,0,0.244897959,0.5,0.066666667,0,0.857142857,0.4,1,0,0.951219512
0,0.123287671,0.140388941,0.8,0,0,0.428571429,0.25,0.6,0.333333333,0.785714286,0,1,1,0.951219512
0,0.479452055,0.09821225,0.533333333,0,0,0.397959184,0.125,0.733333333,0.666666667,0.5,0.2,1,0,0.951219512
0,0.095890411,0.048364978,0.533333333,0.028850289,0,0.448979592,0.5,0.733333333,0.333333333,0.571428571,0,1,1,0.951219512
0,0.082191781,0.119503557,0.533333333,0,0,0.397959184,0.75,0.733333333,0.333333333,0.428571429,0.6,1,1,0.951219512
0,0.123287671,0.015987931,0.533333333,0,0,0.397959184,0.5,0.733333333,0.333333333,0.857142857,0,1,1,0.951219512
1,0.219178082,0.124550526,0.866666667,0,0,0.367346939,0.5,0.8,0.333333333,0.714285714,0,1,1,0.951219512
0,0.232876712,0.07247474,0.6,0,0,0.397959184,0.625,1,0.666666667,1,0.8,1,1,0.951219512
0,0.123287671,0.162557041,0.8,0,0,0.397959184,0.5,0.6,0.666666667,0.285714286,0.2,1,0,0.951219512
1,0.301369863,0.074465113,0.8,0.076880769,0,0.5,0.625,0.6,0.333333333,0.285714286,0,1,1,0.951219512
0,0.328767123,0.13051082,0.733333333,0,0,0.397959184,0.5,0.466666667,0,0.857142857,0.2,1,1,0.951219512
0,0.191780822,0.212310274,0.8,0,0,0.448979592,0.5,0.6,0.333333333,0.357142857,0,1,1,0.951219512
0,0.01369863,0.179861513,0.4,0,0,0.346938776,0.5,0.066666667,0.333333333,0.571428571,0,1,1,0.951219512
1,0.260273973,0.095243604,0.6,0,0,0.5,0.5,1,0.333333333,0.214285714,0,1,1,0.951219512
0,0.547945205,0.008632617,0.8,0.021740217,0,0.367346939,0.875,0.6,0,0.071428571,0.8,1,1,0.951219512
0,0.410958904,0.058343904,0.133333333,0,0,0.397959184,0.5,0.266666667,0.333333333,0.5,0,1,1,0.951219512
1,0.835616438,0.118907527,0.8,0,0.54912764,0.397959184,0.625,0.6,0.333333333,0.285714286,0,1,1,0.951219512
0,0.150684932,0.174953911,0.733333333,0,0,0.653061224,0.5,0.466666667,0.666666667,0.857142857,0.2,1,1,0.951219512
0,0.547945205,0.062722454,0.6,0,0,0.418367347,0.5,1,0.666666667,0.214285714,0.2,1,1,0.951219512
0,0.410958904,0.177657354,0.533333333,0,0,0.397959184,0.5,0.733333333,0.333333333,1,0,1,1,0.951219512
0,0.178082192,0.099463168,0.8,0,0,0.030612245,0,0.6,0.333333333,0,1,1,0,0.951219512
1,0.356164384,0.111065107,0.266666667,0,0,0.5,0.5,0.4,0.5,0.214285714,0.2,1,1,0
0,0.602739726,0.114196798,0.533333333,0,0,0.193877551,0.125,0.733333333,0,0.071428571,0.6,0.5,0,0.951219512
0,0.260273973,0.052037223,0.8,0,0,0.5,0.5,0.6,0.666666667,0.714285714,0.6,1,1,0.951219512
0,0.369863014,0.095025759,0.866666667,0,0,0.397959184,0.5,0.8,0.666666667,0.714285714,0.2,0.25,0,0.731707317
0,0.082191781,0.071370631,0.466666667,0,0,0.448979592,0.5,0.133333333,0.666666667,0.857142857,0.2,1,1,0.951219512
0,0.273972603,0.087475602,0.733333333,0,0,0.469387755,0.5,0.466666667,0.333333333,0.571428571,0,1,1,0.951219512
0,0.205479452,0.155332975,0.333333333,0,0,0.397959184,0.75,0,0,0.214285714,0.2,1,1,0.951219512
0,0.534246575,0.053423448,0.533333333,0,0,0.193877551,0.5,0.733333333,0.333333333,0.571428571,0,0.25,1,0.073170732
0,0.301369863,0.100554422,0.266666667,0,0,0.397959184,0.5,0.4,0,0.571428571,0.8,1,0,0.951219512
0,0.178082192,0.113579119,0.8,0,0,0.37755102,0.5,0.6,0,0.714285714,0.2,1,0,0.951219512
0,0.520547945,0.11500323,0.6,0,0,0.397959184,0.625,1,0.333333333,0.857142857,0,1,1,0.951219512
0,0.438356164,0.070020939,0.533333333,0,0,0.397959184,0.5,0.733333333,0.333333333,0.5,0,1,1,0.951219512
0,0.534246575,0.092956908,0.266666667,0,0,0.397959184,0.5,0.4,1,0.5,0.8,1,0,0.951219512
0,0.246575342,0.219843517,0.533333333,0,0,0.397959184,0.5,0.733333333,0.333333333,0.5,0,1,1,0.634146341
0,0.02739726,0.131460678,0.6,0,0,0.214285714,0.75,1,0.666666667,0.571428571,0.6,1,0,0.951219512
0,0.301369863,0.157684619,0.8,0,0,0.244897959,0.5,0.6,0,0.285714286,0.2,1,0,0.951219512
1,0.534246575,0.290796724,0.6,0,0,0.540816327,0.5,1,0.333333333,0.285714286,0,1,1,0.951219512
1,0.506849315,0.131707614,0.6,0,0,0.397959184,0.5,1,0.333333333,0.857142857,0,1,1,0.951219512
0,0.273972603,0.131776621,0.866666667,0,0,0.704081633,0.5,0.8,0.333333333,0.714285714,0,1,1,0.951219512
0,0.150684932,0.035779354,0.6,0,0,0.397959184,0.5,1,0.333333333,0.071428571,0,1,1,0.951219512
0,0.438356164,0.193384818,0.2,0,0,0.397959184,0.5,0.333333333,0.333333333,0.5,0,1,1,0.951219512
0,0.219178082,0.049223504,0.533333333,0,0,0.193877551,0.5,0.733333333,0.666666667,0.357142857,0.2,1,1,0.951219512
0,0.369863014,0.053042558,0.533333333,0,0,0.448979592,0.5,0.733333333,0.666666667,0.5,0.2,0.25,0,0.609756098
0,0.068493151,0.128938547,0.666666667,0,0,0.43877551,0.5,0.533333333,0.333333333,0.571428571,0,1,1,0.951219512
0,0.01369863,0.121853848,0.6,0,0,0.602040816,0,1,0.666666667,0,0.6,1,1,0.951219512
0,0.054794521,0.070798957,0.6,0,0,0.397959184,0,1,0.666666667,0,0.6,1,0,0.951219512
0,0.164383562,0.10609391,0.533333333,0,0,0.755102041,0.5,0.733333333,0.333333333,0.285714286,0.4,0.25,1,0.902439024
0,0.246575342,0.045574262,0.8,0,0,0.5,0.25,0.6,0.333333333,0.714285714,0,1,1,0.951219512
0,0.383561644,0.100232391,0.533333333,0,0,0.418367347,0.625,0.733333333,0,0.285714286,0.2,1,1,0.951219512
0,0.684931507,0.165935668,0.2,0.105661057,0,0.397959184,0.5,0.333333333,0.333333333,1,0,0.5,1,0.951219512
0,0.109589041,0.106482919,0.533333333,0,0,0.397959184,0.5,0.733333333,0.333333333,1,0,1,1,0.951219512
0,0.150684932,0.134459768,0.4,0,0,0.397959184,0.75,0.066666667,0.666666667,0.214285714,0.2,1,1,0.634146341
1,0.191780822,0.10825883,0.6,0,0,0.5,0.5,1,0.333333333,0.214285714,0,1,1,0.951219512
0,0.095890411,0.03808364,0.666666667,0,0,0.397959184,0.5,0.533333333,0.333333333,1,0,1,1,0.951219512
0,0.054794521,0.097891571,0.533333333,0,0,0.602040816,0.5,0.733333333,0.666666667,0.5,0.6,1,1,0.951219512
0,0.575342466,0.120578575,0.4,0,0,0.193877551,0.75,0.066666667,0.333333333,0.214285714,0,1,1,0.951219512
1,0.383561644,0.13689192,1,0.150201502,0,0.397959184,0.5,0.666666667,1,0.714285714,0.8,1,1,0.487804878
0,0.191780822,0.057944071,0.6,0,0,0.397959184,0.5,1,0.666666667,0.071428571,0.2,1,0,0.951219512
0,0.301369863,0.11324288,0.333333333,0,0,0.397959184,0.5,0,0.333333333,0.214285714,0,1,1,0.951219512
1,0.342465753,0.254675719,0.866666667,0,0,0.5,0.5,0.8,0,0.857142857,0.2,1,1,0.951219512
0,0.657534247,0.177490926,0.266666667,0,0,0.153061224,0.5,0.4,0.333333333,0.785714286,0,1,1,0.951219512
1,0.287671233,0.224175386,0.533333333,0,0,0.397959184,0.875,0.733333333,0.333333333,0.714285714,1,1,0,0.951219512
0,0.01369863,0.080595218,0.533333333,0,0,0.397959184,0.5,0.733333333,0.666666667,0.571428571,0.6,1,0,0.951219512
0,0.164383562,0.036404475,0.6,0,0,0.5,0.5,1,0.333333333,0.928571429,0,1,1,0.951219512
0,0.150684932,0.137430444,0.533333333,0,0,0.704081633,0.625,0.733333333,0.666666667,0.285714286,0.2,1,0,0.951219512
0,0.260273973,0.107833964,0.8,0,0.399678604,0.397959184,0.5,0.6,0.666666667,0.857142857,0.2,1,0,0.951219512
0,0.136986301,0.114698112,0.533333333,0,0,0.397959184,0.5,0.733333333,0.666666667,0.214285714,0.2,1,1,0.951219512
0,0.191780822,0.107965889,0.866666667,0,0,0.459183673,0.5,0.8,0.666666667,0.714285714,0.2,1,0,0.951219512
0,0.095890411,0.025786221,0.6,0,0,0.397959184,0.5,1,0.333333333,0.857142857,0,0,1,0.951219512
0,0.178082192,0.189204494,0.533333333,0,0,0.397959184,0.5,0.733333333,0.333333333,0.214285714,0,0.5,1,0.951219512
0,0.123287671,0.063676372,0.6,0,0,0.397959184,0.5,1,0.333333333,0.214285714,0,1,1,0.951219512
1,0.328767123,0.063861066,0.866666667,0.278282783,0,0.5,0.5,0.8,0.666666667,0.285714286,0.2,1,1,0.951219512
0,0.506849315,0.108703991,0.533333333,0,0,0.397959184,0.5,0.733333333,0.333333333,0.857142857,0,1,1,0.951219512
0,0.287671233,0.108870419,0.866666667,0,0,0.244897959,0.5,0.8,0.333333333,0.714285714,0,1,1,0.951219512
0,0.232876712,0.112755773,0.533333333,0,0,0.448979592,0.5,0.733333333,0.333333333,0.857142857,0,1,1,0.951219512
1,0.589041096,0.103743619,0.533333333,0,0.453856749,0.397959184,0.125,0.733333333,0.333333333,0.928571429,0,1,1,0.951219512
0,0.493150685,0.038300809,0.6,0,0,0.397959184,0.5,1,0.333333333,0.928571429,0,1,1,0.951219512
0,0.178082192,0.123546544,0.533333333,0,0,0.397959184,0.5,0.733333333,0.666666667,0.857142857,0.4,1,1,0.951219512
0,0.02739726,0.154054319,0.4,0,0,0.153061224,0.5,0.066666667,0.666666667,0.857142857,0.4,1,1,0.951219512
0,0.232876712,0.093130778,0.533333333,0,0,0.397959184,0.5,0.733333333,0.666666667,0.571428571,0.2,0.25,1,0.585365854
0,0.219178082,0.135777663,0.533333333,0,0,0.397959184,0.5,0.733333333,0,0.071428571,0.8,0.5,0,0.951219512
0,0.479452055,0.128427084,0.533333333,0,0,0.244897959,0.5,0.733333333,0.333333333,0.571428571,1,1,0,0.951219512
0,0.287671233,0.334578162,0.6,0,0,0.397959184,0.125,1,0,0.928571429,0.8,0.5,0,0.951219512
0,0.630136986,0.114521536,0.6,0,0,0.5,0.75,1,0,0.285714286,0.2,1,1,0.951219512
0,0.287671233,0.060148906,0.6,0,0,0.397959184,0.5,1,0.666666667,0.571428571,0.2,1,1,0.951219512
0,0.095890411,0.186096481,0.4,0,0,0.397959184,0.5,0.066666667,0.333333333,0.785714286,0,1,1,0.951219512
0,0.01369863,0.176327958,0.533333333,0,0,0.142857143,0.875,0.733333333,0.666666667,0.071428571,0.6,0.5,1,0.951219512
0,0.342465753,0.058791095,0.533333333,0,0,0.37755102,0.875,0.733333333,0.666666667,0.071428571,0.2,1,0,0.951219512
1,0.178082192,0.124550526,0.6,0,0,0.448979592,0.5,1,0.333333333,0.214285714,0,1,1,0.951219512
0,0.246575342,0.072917872,0.6,0,0,0.602040816,0.75,1,0.333333333,0.214285714,0,0,1,0.951219512
1,0.301369863,0.15298539,0.8,0,0,0.5,0.5,0.6,0.333333333,0.285714286,0,1,1,0.951219512
0,0.054794521,0.121452661,0.6,0,0,0.755102041,0,1,0.666666667,0,0.6,1,1,0.951219512
0,0.342465753,0.118419068,0.333333333,0,0,0.448979592,0.5,0,0.333333333,0.857142857,0,1,1,0.951219512
1,0.191780822,0.114699465,0.8,0,0.436639118,0.346938776,0.875,0.6,0.333333333,0.714285714,1,1,0,0.951219512
1,0.232876712,0.171448771,0.866666667,0,0,0.602040816,0.5,0.8,0.666666667,0.857142857,0.8,1,1,0.951219512
0,0.328767123,0.122933601,0.533333333,0,0,0.43877551,0.5,0.733333333,0.666666667,0.214285714,0.2,1,1,0.951219512
0,0,0.07333056,0.4,0,0,0.153061224,0.5,0.066666667,0.666666667,0.857142857,0.6,1,0,0.951219512
0,0.547945205,0.131287484,0.533333333,0.021740217,0,0.397959184,0.5,0.733333333,0.833333333,0.5,0.2,1,1,0.12195122
1,0.150684932,0.128472412,0.6,0,0,0.397959184,0.5,1,0.333333333,0.5,0,1,1,0.951219512
0,0.164383562,0.101289142,0.533333333,0,0,0.346938776,0.5,0.733333333,0.666666667,0.571428571,0.6,1,0,0.951219512
0,1,0.176215653,0.6,0,0,0.091836735,0.5,1,0.666666667,0.571428571,0.6,1,1,0.951219512
0,0,0.075129472,0.333333333,0,0,0.193877551,0.5,0,0.666666667,0.857142857,0.6,1,0,0.951219512
0,0.164383562,0.150940894,0.533333333,0,0,0.397959184,0.5,0.733333333,0.333333333,0.214285714,0,0.5,1,0.951219512
0,0.232876712,0.134259513,0.6,0,0,0.397959184,0.5,1,0.833333333,0.071428571,0.8,0.5,0,0
0,0.095890411,0.118469808,0.6,0.011510115,0,0.397959184,0.25,1,0.666666667,0.785714286,0.8,0.75,1,0.951219512
0,0.01369863,0.168130355,0.533333333,0,0,0.193877551,0.5,0.733333333,0.666666667,0.428571429,0.6,1,1,0.951219512
1,0.301369863,0.211816401,0.8,0.150241502,0,0.397959184,0.5,0.6,0.333333333,0.285714286,0,1,1,0.951219512
0,0.04109589,0.076087449,0.6,0,0,0.234693878,0.5,1,0.666666667,0.071428571,0.6,1,0,0.951219512
0,0.315068493,0.061719149,0.866666667,0,0,0.397959184,0.5,0.8,0.333333333,0.857142857,0,1,1,0.951219512
0,0.547945205,0.134097144,0.333333333,0,0,0.397959184,0.5,0,1,0.571428571,0.8,1,0,0.951219512
0,0.589041096,0.143919113,0.533333333,0,0,0.397959184,0.5,0.733333333,0,0.571428571,0.2,1,0,0.951219512
0,0.04109589,0.138115776,0.8,0,0,0.295918367,0.5,0.6,0.666666667,0.857142857,0.4,0.5,0,0.951219512
0,0.452054795,0.08675306,0.8,0,0,0.397959184,0.625,0.6,0.333333333,0.071428571,0,1,1,0.951219512
0,0.109589041,0.221681669,0.6,0,0,0.397959184,0.125,1,0.333333333,0.785714286,0,0.5,1,0.951219512
0,0.287671233,0.057369014,0.6,0,0,0.397959184,0.5,1,0.333333333,0.071428571,1,0.5,0,0.951219512
0,0.315068493,0.175262412,0.6,0,0,0.316326531,0.5,1,0.833333333,0.928571429,0.6,1,0,0.951219512
0,0.082191781,0.100934636,0.6,0,0,0.224489796,0.5,1,0.666666667,0.571428571,0.6,0.25,0,0.951219512
0,0.04109589,0.05751244,0.6,0,0,0.244897959,0.5,1,0.666666667,0.071428571,0.2,1,0,0.951219512
0,0.315068493,0.000816581,0.533333333,0,0,0.846938776,0.875,0.733333333,0.333333333,0.785714286,0,0,1,0.951219512
1,0.479452055,0.048705953,0.6,0.076880769,0,0.551020408,0.5,1,0.333333333,0.285714286,0,1,1,0
0,0.397260274,0.150193997,0.866666667,0,0,0.602040816,0.5,0.8,0.333333333,0.285714286,0,1,1,0.951219512
0,0.04109589,0.012523383,0.533333333,0,0,0.193877551,0,0.733333333,0.666666667,0,0.6,1,0,0.951219512
1,0.246575342,0.162783004,0.733333333,0.143441434,0,0.397959184,0.5,0.466666667,0.666666667,0.071428571,0.2,1,0,0.951219512
0,0.178082192,0.075466388,0.266666667,0,0,0.397959184,0.5,0.4,0.666666667,0.5,0.2,1,1,0.951219512
1,0.589041096,0.051609651,0.666666667,0,0,0.142857143,0.75,0.533333333,0.333333333,1,1,1,0,0.268292683
0,0.01369863,0.25888987,0.6,0,0,0.397959184,0.5,1,0.666666667,0.071428571,0.2,1,0,0.951219512
0,0.178082192,0.007775444,0.2,0,0,0.397959184,0.5,0.333333333,0.833333333,0.428571429,0.2,1,1,0.951219512
1,0.561643836,0.113272648,0.8,0,0,0.469387755,0.5,0.6,0.333333333,0.714285714,0,1,1,0.951219512
0,0.02739726,0.131023635,0.533333333,0,0,0.193877551,0.5,0.733333333,0.666666667,0.428571429,0.2,0.5,1,0.951219512
1,0.465753425,0.033140182,0.533333333,0,0,0.397959184,0.5,0.733333333,0.333333333,0.428571429,0,1,1,0.951219512
0,0.109589041,0.017458046,0.8,0,0,0.43877551,0.5,0.6,0.666666667,0.857142857,0.2,1,1,0.951219512
0,0.04109589,0.096402513,0.6,0,0,0.397959184,0.5,1,0.666666667,0.857142857,0.4,0.75,0,0.951219512
1,0.328767123,0.01885239,0.533333333,0,0,0.397959184,0.5,0.733333333,0.333333333,0.214285714,0,1,1,0.951219512
0,0.082191781,0.136834414,0.8,0,0,0.418367347,0,0.6,0.666666667,0,0.6,1,1,0.951219512
0,0.219178082,0.072315754,0.6,0,0,0.397959184,0.5,1,1,0.071428571,0.8,1,0,0.951219512
0,0.136986301,0.120994645,0.6,0,0,0.397959184,0.5,1,0.333333333,0.5,0,1,1,0.951219512
1,0.561643836,0.047198628,0.6,0,0,0.602040816,0.5,1,0.333333333,1,0,1,1,0.951219512
1,0.191780822,0.089880693,0.8,0,0,0.397959184,0.5,0.6,0.333333333,0.214285714,0,1,1,0.951219512
1,0.452054795,0.055881985,0.8,0,0,0.448979592,0.5,0.6,0,0.714285714,0.2,1,1,0.951219512
0,0.547945205,0.107368507,0.533333333,0,0,0.551020408,0.75,0.733333333,0.333333333,1,0,1,1,0.951219512
1,0.547945205,0.038982082,0.533333333,0.150241502,0,0.397959184,0.75,0.733333333,0.333333333,0.571428571,1,1,0,0.951219512
0,0.082191781,0.167247474,0.533333333,0,0,0.397959184,0.5,0.733333333,0.666666667,0.5,0.6,1,0,0.951219512
0,0.246575342,0.226779378,0.666666667,0,0,0.397959184,0.5,0.533333333,0.666666667,0.214285714,0.2,1,1,0.951219512
0,0.191780822,0.145482591,0.6,0,0,0.397959184,0.5,1,0.666666667,0.214285714,0.2,1,1,0.951219512
0,0.02739726,0.052169148,0.533333333,0,0,0.397959184,0.5,0.733333333,0.666666667,0.571428571,0.6,1,1,0.951219512
0,0.232876712,0.007775444,0.8,0,0,0.397959184,0.5,0.6,0,0.214285714,0.8,1,1,0.951219512
0,0.287671233,0.153367634,0.6,0,0,0.397959184,0.5,1,0.333333333,0.571428571,0,1,1,0.951219512
0,0.643835616,0.099741901,0.6,0,0,0.193877551,0.5,1,0.333333333,0.214285714,0,1,1,0.951219512
1,0.205479452,0.070531725,0.6,0,0,0.397959184,0.5,1,0.333333333,0.214285714,0,1,1,0.951219512
1,0.602739726,0.102082044,0.933333333,0,0,0.346938776,0.75,0.933333333,0.333333333,0.714285714,0,1,1,0.951219512
0,0.095890411,0.076264025,0.8,0,0,0.193877551,0.5,0.6,0.5,0.071428571,0.6,0.5,0,0.951219512
0,0.054794521,0.097756264,0.6,0,0,0.142857143,0,1,0.666666667,0,0.2,0.25,0,0
0,0.753424658,0.067906083,0.533333333,0.026530265,0,0.418367347,0.75,0.733333333,0.333333333,0.357142857,0,1,1,0.951219512
0,0.438356164,0.045559378,0.6,0,0,0.397959184,0.75,1,0.333333333,0.285714286,0,1,1,0.951219512
0,0.246575342,0.047585607,0.6,0,0,0.806122449,0.875,1,0.333333333,0.285714286,0,1,1,0.951219512
1,0.219178082,0.114203563,0.8,0,0,0.602040816,0.5,0.6,0.333333333,0.071428571,0,1,1,0.487804878
1,0.452054795,0.221680316,0.666666667,0,0,0.397959184,0.5,0.533333333,0.333333333,0.214285714,0,1,1,0.951219512
1,0.191780822,0.211803547,0.8,0,0.436639118,0.397959184,0.75,0.6,0.333333333,0.285714286,1,1,0,0.951219512
0,0.506849315,0.208188808,0.6,0,0,0.397959184,0.5,1,0.333333333,0.071428571,1,1,0,0.951219512
0,0.287671233,0.163826225,0.333333333,0.001140011,0,0.397959184,0.5,0,1,1,0.8,0.5,1,0.951219512
0,0.328767123,0.135028736,0.666666667,0,0.373737374,0.040816327,0,0.533333333,0.333333333,0,1,1,0,0
0,0.383561644,0.19307767,0.733333333,0,0,0.397959184,0.5,0.466666667,1,0.857142857,0.8,1,0,0.12195122
0,0.150684932,0.020699337,0.333333333,0,0,0.397959184,0.5,0,0,0.5,0.6,1,0,0.951219512
0,0.164383562,0.123521512,0.533333333,0,0,0.173469388,0.5,0.733333333,0.333333333,0.857142857,1,1,0,0.951219512
0,0.616438356,0.25868082,0.533333333,0,0,0.397959184,0.5,0.733333333,0.666666667,0.857142857,0.2,1,0,0.951219512
0,0.643835616,0.07012039,0.533333333,0,0,0.5,0.625,0.733333333,0.333333333,1,0,1,1,0.951219512
0,0.232876712,0.184395666,0.533333333,0.005940059,0,0.602040816,0.25,0.733333333,0.666666667,0.357142857,0.2,0.5,1,0.951219512
0,0.465753425,0.111309337,0.733333333,0,0,0.602040816,0.25,0.466666667,0.333333333,0.714285714,0,1,1,0.951219512
0,0.246575342,0.215395284,0.6,0,0,0.397959184,0.5,1,0.666666667,0.857142857,0.2,1,1,0.951219512
1,0.410958904,0.014494813,0.8,0.03103031,0,0.602040816,0.5,0.6,0.333333333,0.285714286,0,1,1,0.951219512
1,0.493150685,0.097217064,0.866666667,0,0,0.653061224,0.625,0.8,0.333333333,0.857142857,0,1,1,0.951219512
1,0.561643836,0.080726466,0.8,0,0,0.551020408,0.5,0.6,0.333333333,0.857142857,0,1,1,0.951219512
0,0.260273973,0.181504822,0.6,0,0,0.448979592,0.5,1,0.333333333,0.214285714,0,1,1,0.951219512
0,0.698630137,0.126017935,0.6,0,0,0.193877551,0.75,1,0,1,0.2,1,0,0.951219512
0,0.273972603,0.077389107,0.533333333,0,0,0.397959184,0.5,0.733333333,0.666666667,0.214285714,0.2,1,1,0.951219512
0,0.753424658,0.18390653,0.6,0,0,0.397959184,0.75,1,0.333333333,0.857142857,0,1,1,0.951219512
0,0.506849315,0.247217571,0.533333333,0,0,0.316326531,0.5,0.733333333,0.333333333,0.571428571,0,1,1,0.634146341
0,0.246575342,0.221557186,0.533333333,0,0,0.397959184,0.5,0.733333333,0.333333333,0.428571429,0,0.5,1,0.951219512
0,0.232876712,0.07561455,0.8,0,0,0.295918367,0.75,0.6,0.333333333,0.857142857,0,1,1,0.951219512
0,0.547945205,0.177668855,0.2,0,0,0.448979592,0,0.333333333,0.333333333,0,0.4,1,1,0.146341463
0,0.383561644,0.23051454,0.533333333,0,0,0.397959184,0.5,0.733333333,0,1,0.2,1,1,0.951219512
0,0.191780822,0.162318223,0.133333333,0,0,0.397959184,0.5,0.266666667,0.666666667,0.571428571,0.6,1,1,0.634146341
1,0.520547945,0.145841832,0.8,0.07298073,0,0.602040816,0.5,0.6,0.333333333,0.285714286,0,1,1,0.951219512
0,0.465753425,0.080361136,0.533333333,0,0,0.397959184,0.5,0.733333333,0,0.571428571,0.2,1,0,0.951219512
0,0.589041096,0.063976754,0.333333333,0,0,0.397959184,0.5,0,0,0.5,0.2,1,0,0.951219512
1,0.493150685,0.097821888,0.533333333,0.150241502,0,0.346938776,0.875,0.733333333,0.333333333,0.071428571,0,1,1,0.951219512
0,0.506849315,0.142476736,0.533333333,0,0,0.448979592,0.5,0.733333333,1,0.285714286,0.8,1,0,0.951219512
0,0.315068493,0.145422379,0.533333333,0,0,0.5,0.5,0.733333333,0.333333333,0.857142857,0,1,1,0.951219512
0,0.246575342,0.065120102,0.533333333,0.031370314,0,0.397959184,0.5,0.733333333,0.333333333,0.214285714,0,1,1,0.951219512
0,0.397260274,0.126575402,0.933333333,0,0,0.908163265,0.5,0.933333333,0.666666667,0.714285714,0.2,1,1,0.951219512
0,0.383561644,0.079299649,0.6,0,0,0.397959184,0.875,1,0.666666667,0.071428571,0.2,1,0,0.951219512
1,1,0.023341215,0.8,0.093860939,0,0.142857143,0.5,0.6,0.333333333,0.857142857,0,1,1,0.951219512
0,0.287671233,0.036141302,0.6,0,0,0.37755102,0.125,1,0,0.285714286,0.8,1,0,0.951219512
0,0.260273973,0.078718503,0.6,0,0,0.244897959,0,1,0.333333333,0,1,1,0,0.951219512
0,0.767123288,0.011834668,0.533333333,0,0,0.367346939,0.5,0.733333333,1,0.571428571,0.2,1,0,0.951219512
0,0.397260274,0.094690873,0.533333333,0,0,0.346938776,0.5,0.733333333,0.5,0.571428571,0.2,1,1,0.634146341
0,0.328767123,0.196085555,0.666666667,0,0,0.397959184,0.5,0.533333333,0,0.214285714,0.2,1,0,0.951219512
0,0.602739726,0.176926694,0.533333333,0,0,0.397959184,0.5,0.733333333,0.333333333,0.214285714,0,1,1,0.951219512
0,0.520547945,0.150083045,0.533333333,0,0,0.397959184,0.5,0.733333333,0.333333333,0.571428571,0,1,1,0.951219512
0,0.178082192,0.263716964,0.6,0,0,0.551020408,0.5,1,0,0.071428571,0.2,1,0,0.951219512
0,0.369863014,0.097779943,0.533333333,0,0,0.397959184,0.5,0.733333333,0,0.071428571,0.2,1,0,0.951219512
1,0.287671233,0.130041303,0.8,0,0,0.551020408,0.5,0.6,0.333333333,0.285714286,0,1,1,0.951219512
0,0.534246575,0.027792831,0.533333333,0,0,0.397959184,0.5,0.733333333,0.333333333,1,0,1,1,0.951219512
0,0.04109589,0.143379913,0.533333333,0,0,0.397959184,0.5,0.733333333,0.666666667,1,0.2,1,1,0.951219512
0,0,0.099779787,0.333333333,0,0,0.051020408,0,0,0.666666667,0,0.6,0.5,1,0.219512195
1,0.136986301,0.058509656,0.666666667,0,0,0.397959184,0.5,0.533333333,0.666666667,0.214285714,0.8,1,1,0.951219512
0,0.561643836,0.120736208,0.533333333,0,0,0.397959184,0.5,0.733333333,0.333333333,0.5,0,1,1,0.951219512
0,0.150684932,0.220131045,0.533333333,0,0,0.397959184,0.5,0.733333333,0.666666667,0.5,0.6,1,1,0.951219512
0,0.109589041,0.041681466,0.533333333,0,0,0.091836735,0.5,0.733333333,0.666666667,0.571428571,0.6,1,0,0.951219512
0,0.04109589,0.009848354,0.6,0.021760218,0,0.397959184,0.5,1,0.666666667,0.5,0.2,1,0,0.951219512
0,0.657534247,0.143474628,0.6,0.022900229,0,0.030612245,0,1,0.333333333,0,0,1,1,0.951219512
0,0.301369863,0.025134039,0.733333333,0,0.316804408,0.397959184,0.5,0.466666667,0,0.714285714,0.8,1,0,0.951219512
0,0.561643836,0.122554064,0.533333333,0,0,0.193877551,0.75,0.733333333,0.333333333,0.214285714,0,1,1,0.951219512
0,0.315068493,0.054369247,0.733333333,0,0,0.397959184,0.5,0.466666667,0,0.071428571,0.8,1,0,0.951219512
0,0.465753425,0.204126201,0.533333333,0,0,0.397959184,0.125,0.733333333,0,0.285714286,0.2,1,0,0.951219512
0,0.835616438,0.083404201,0.533333333,0.023290233,0,0.112244898,0.5,0.733333333,1,0.857142857,0.8,1,0,0.951219512
0,0.410958904,0.280607395,0.6,0,0,0.448979592,0.5,1,0.333333333,0.071428571,0,1,1,0.634146341
0,0.01369863,0.080212974,0.4,0,0,0.071428571,0.5,0.066666667,0.666666667,0.571428571,0.6,1,0,0.951219512
0,0.479452055,0.097825271,0.6,0,0,0.397959184,0.75,1,0.333333333,0.857142857,0,0,1,0.951219512
0,0.315068493,0.089953082,0.6,0,0,0.397959184,0.75,1,0,0.714285714,0.6,1,1,0.951219512
0,0.136986301,0.184406491,0.6,0,0,0.5,0.5,1,0.333333333,0.428571429,0,1,1,0.951219512
0,0.191780822,0.259036002,0.666666667,0,0,0.234693878,0.5,0.533333333,0.333333333,0.571428571,1,0,0,0.634146341
0,0.123287671,0.140401796,0.6,0,0,0.397959184,0.5,1,0.5,0.071428571,0.8,1,0,0.951219512
0,0.054794521,0.032713287,0.6,0,0,0.367346939,0.5,1,0.666666667,0.571428571,0.2,1,0,0.951219512
1,0.410958904,0.137883724,0.533333333,0.150241502,0,0.397959184,0.5,0.733333333,0.333333333,0.071428571,0,1,1,0.951219512
0,0.616438356,0.054050598,0.333333333,0,0,0.397959184,0.5,0,0.333333333,0.5,0,1,1,0.951219512
1,0.479452055,0.11760384,0.533333333,0,0,0.56122449,0.25,0.733333333,0.333333333,0.785714286,0,1,1,0.951219512
1,0.356164384,0.029042395,0.533333333,0,0.453856749,0.520408163,0.5,0.733333333,0.333333333,0.5,0,1,1,0.951219512
0,0.287671233,0.138774047,0.6,0,0,0.397959184,0,1,0.333333333,0,1,1,0,0.951219512
0,0.342465753,0.070500604,0.8,0,0,0.520408163,0.875,0.6,0.333333333,0.785714286,0,1,1,0.951219512
0,0.04109589,0.151142502,0.533333333,0,0,0.397959184,0.5,0.733333333,0.666666667,0.857142857,0.8,1,1,0.951219512
0,0.136986301,0.0807745,0.666666667,0,0,0.397959184,0.5,0.533333333,0,0.857142857,0.2,1,0,0.951219512
0,0.109589041,0.204435379,0.533333333,0,0,0.397959184,0.75,0.733333333,0.666666667,0.214285714,0.6,1,1,0.951219512
0,0.054794521,0.044711677,0.533333333,0,0,0.234693878,0,0.733333333,0.666666667,0,0.4,0.25,0,0.951219512
0,0.232876712,0.130855177,0.866666667,0,0,0.346938776,0.25,0.8,0.666666667,0.714285714,0.2,1,1,0.951219512
0,0.02739726,0.216926964,0.4,0,0,0.397959184,0.5,0.066666667,0.666666667,0.571428571,0.8,0.5,0,0.951219512
0,0.273972603,0.033159802,0.6,0,0,0.448979592,0.5,1,0.333333333,0.214285714,0,1,1,0.951219512
0,0.068493151,0.28103429,0.333333333,0,0,0.397959184,0.5,0,0,0.214285714,0.6,1,1,0.951219512
0,0.150684932,0.045610118,0.6,0,0,0.397959184,0.5,1,0.666666667,0.071428571,0.4,0.5,1,0.951219512
0,0.315068493,0.045386861,0.533333333,0,0,0.397959184,0.5,0.733333333,0,0.857142857,0.2,1,0,0.951219512
0,0.356164384,0.156344398,0.6,0,0,0.397959184,0.5,1,0.333333333,0.071428571,0,1,1,0.951219512
0,0.109589041,0.200805079,0.666666667,0,0,0.397959184,0.5,0.533333333,0.666666667,0.714285714,0.2,1,1,0.951219512
0,0.191780822,0.222815545,0.733333333,0,0,0.459183673,0.5,0.466666667,0.333333333,0.928571429,0,0.5,1,0.951219512
0,0.054794521,0.210546541,0.533333333,0,0,0.357142857,0.5,0.733333333,0.666666667,0.571428571,0.6,0.5,1,0.951219512
0,0.082191781,0.114897691,0.733333333,0,0,0.602040816,0.5,0.466666667,0.666666667,0.571428571,0.6,1,1,0.951219512
0,0,0.012545709,0.4,0,0,0.112244898,0.5,0.066666667,0.666666667,0.571428571,0.6,1,0,0.951219512
0,0.082191781,0.12705642,0.6,0,0,0.397959184,0.5,1,0.333333333,0.214285714,0.4,1,1,0.195121951
0,0.739726027,0.04499041,0.2,0,0,0.091836735,0.75,0.333333333,0.333333333,0.357142857,0,1,1,0.951219512
0,0.123287671,0.158222466,0.333333333,0,0,0.234693878,0.5,0,0.666666667,0.214285714,0.4,1,1,0.390243902
0,0.178082192,0.125344104,0.533333333,0,0,0.397959184,0.5,0.733333333,0.333333333,0.428571429,0,1,1,0.951219512
0,0.164383562,0.123915257,0.533333333,0,0,0.397959184,0.5,0.733333333,0.333333333,0.214285714,0,1,1,0.951219512
0,0.424657534,0.092925787,0.533333333,0,0,0.397959184,0.5,0.733333333,0.333333333,1,0,1,1,0.951219512
0,0.383561644,0.105478938,0.533333333,0,0,0.418367347,0.5,0.733333333,0.333333333,1,0,1,1,0.951219512
0,0.410958904,0.152646445,0.533333333,0,0,0.397959184,0.5,0.733333333,1,0.214285714,0.2,1,1,0.951219512
1,0.356164384,0.142283246,0.8,0.150241502,0,0.5,0.5,0.6,0.333333333,0.285714286,0,1,1,0.951219512
1,0.164383562,0.106391587,0.533333333,0.051780518,0,0.397959184,0.75,0.733333333,0.333333333,1,0,1,1,0.951219512
0,0.205479452,0.149163631,0.6,0,0,0.397959184,0.5,1,0.666666667,0.071428571,0.2,1,0,0.951219512
0,0.178082192,0.11833856,0.8,0,0,0.397959184,0.5,0.6,0.333333333,0.428571429,0,1,1,0.951219512
0,0.04109589,0.041255924,0.6,0,0,0.397959184,0.5,1,0.666666667,1,0.6,0.25,1,0.951219512
0,0.520547945,0.099056569,0.6,0,0.536960514,0.448979592,0.5,1,0.666666667,0.071428571,0.2,0.5,0,0
0,0.547945205,0.183089949,0.533333333,0,0,0.397959184,0.625,0.733333333,0.333333333,0.857142857,0,1,1,0.12195122
0,0.232876712,0.101696417,0.533333333,0,0,0.397959184,0.5,0.733333333,0.666666667,0.214285714,0.4,0.5,1,0.951219512
0,0.369863014,0.058809362,0.6,0,0,0.346938776,0.5,1,0.333333333,0.5,0,1,1,0.951219512
0,0.383561644,0.118582113,0.533333333,0.050130501,0,0.448979592,0.5,0.733333333,0.333333333,0.214285714,0,1,1,0.951219512
0,0.397260274,0.113935655,0.6,0,0,0.397959184,0.5,1,0.666666667,0.071428571,0.6,1,0,0.951219512
0,0.178082192,0.192256354,0.866666667,0,0,0.295918367,0.5,0.8,0.666666667,0.714285714,0.2,0.5,1,0.951219512
0,0.109589041,0.121788224,0.8,0,0,0.602040816,0.5,0.6,0.666666667,0.285714286,0.2,1,0,0.951219512
0,0.589041096,0.145579336,0.6,0,0,0.397959184,0.5,1,1,0.785714286,0.2,0.5,0,0.951219512
1,0.369863014,0.129540665,0.8,0.105201052,0,0.397959184,0.5,0.6,0.666666667,0.714285714,0.6,1,1,0.951219512
0,0.575342466,0.039467836,0.2,0,0,0.857142857,0.75,0.333333333,0.333333333,0.857142857,0,1,1,0.951219512
0,0.150684932,0.17169503,0.6,0,0,0.397959184,0.5,1,0.666666667,0.285714286,0.2,1,0,0.951219512
0,0.136986301,0.2436989,0.133333333,0,0,0.448979592,0.5,0.266666667,0.333333333,0.428571429,0,1,1,0.634146341
0,0.739726027,0.166320618,0.266666667,0,0,0.387755102,0.5,0.4,0.333333333,0.785714286,0,1,1,0.12195122
0,0.273972603,0.228266407,0.533333333,0,0,0.397959184,0.5,0.733333333,0,0.071428571,0.8,1,0,0.951219512
0,0.054794521,0.030871076,0.2,0,0,0.397959184,0.5,0.333333333,0.666666667,0.5,0.6,1,1,0.951219512
0,0.068493151,0.031078096,0.533333333,0,0,0.397959184,0.5,0.733333333,0.333333333,0.214285714,0,1,1,0.951219512
0,0.356164384,0.087777338,0.533333333,0,0,0.397959184,0,0.733333333,0,0,0.8,1,0,0.951219512
0,0.123287671,0.071407164,0.8,0.048650487,0,0.346938776,0.25,0.6,0.666666667,0.714285714,0.2,1,0,0.951219512
1,0.465753425,0.120069819,0.6,0,0,0.142857143,0.5,1,0.333333333,0.285714286,1,1,0,0.951219512
0,0.246575342,0.222822987,0.8,0,0,0.5,0.5,0.6,0.666666667,0.571428571,0.4,1,1,0.951219512
1,0.369863014,0.172809288,0.866666667,0.150241502,0,0.448979592,0.5,0.8,0.333333333,0.214285714,0,1,1,0.951219512
0,0.246575342,0.066235036,0.8,0,0,0.397959184,0.125,0.6,0.333333333,0.714285714,0,0.25,1,0.975609756
0,0.424657534,0.055514625,0.8,0,0,0.551020408,0.5,0.6,0.333333333,0.214285714,0,1,1,0.951219512
0,0.082191781,0.224684142,0.6,0,0,0.397959184,0.125,1,0.333333333,0.071428571,0.4,1,0,0.951219512
0,0.164383562,0.229372545,0.733333333,0,0,0.316326531,0.5,0.466666667,0.666666667,0.857142857,0.6,1,0,0.951219512
0,0.849315068,0.061834837,0.533333333,0,0,0.397959184,0.75,0.733333333,0.333333333,0.357142857,0,1,1,0.951219512
0,0.671232877,0.169314972,0.6,0,0,0.06122449,0.75,1,0.333333333,0.357142857,0,1,1,0.951219512
0,0.479452055,0.08194085,0.6,0,0,0.551020408,0.5,1,0.333333333,0.214285714,0,1,1,0.951219512
0,0,0.101274935,0.333333333,0,0,0.397959184,0,0,0.666666667,0,0.6,1,1,0.951219512
0,0.260273973,0.182879546,0.666666667,0,0,0.397959184,0.25,0.533333333,0.833333333,0.071428571,0.6,0.5,0,0.951219512
0,0.232876712,0.359906367,0.533333333,0,0,0.5,0.625,0.733333333,0,0.857142857,0.2,1,0,0.951219512
0,0.136986301,0.069468208,0.8,0,0,0.397959184,0.5,0.6,0.666666667,0.857142857,0.6,1,1,0.951219512
0,0.534246575,0.032393285,0.066666667,0,0,0.653061224,0.75,0.2,0.666666667,0.285714286,0.2,0,1,0.951219512
0,0.136986301,0.125776411,0.8,0,0,0.448979592,0.5,0.6,0.666666667,0.928571429,0.2,1,1,0.951219512
0,0.273972603,0.235744851,0.6,0,0,0.397959184,0.5,1,0.333333333,0.214285714,0,0.5,1,0.951219512
0,0.328767123,0.11556611,0.533333333,0,0,0.43877551,0.5,0.733333333,0.833333333,0.5,0.8,1,0,0.12195122
0,0.273972603,0.024343843,0.533333333,0,0,0.551020408,0.5,0.733333333,0.333333333,0.285714286,0,1,1,0.951219512
1,0.178082192,0.09978114,0.8,0,0,0.448979592,0.25,0.6,0.333333333,0.785714286,0,1,1,0.951219512
0,0.109589041,0.081212896,0.6,0,0,0.397959184,0.5,1,0.833333333,0.071428571,0.4,0.75,0,0.170731707
0,0.068493151,0.116721635,0.6,0,0,0.397959184,0.5,1,0.666666667,0.071428571,0.6,1,1,0.951219512
1,0.287671233,0.097814446,0.8,0,0,0.397959184,0.875,0.6,0.333333333,0.071428571,0,0.75,1,0.951219512
1,0.273972603,0.120148297,0.933333333,0,0,0.5,0.5,0.933333333,0.333333333,0.714285714,0,1,1,0.951219512
0,0.410958904,0.099630272,0.533333333,0,0,0.397959184,0.5,0.733333333,0,0.071428571,0.2,0.5,0,0.951219512
0,0.506849315,0.08194085,0.6,0,0,0.397959184,0.5,1,0.333333333,0.5,0,1,1,0.951219512
0,1,0.202216336,0.866666667,0,0,1,0.125,0.8,0,0.714285714,0.2,1,1,0.951219512
1,0.068493151,0.128971697,0.533333333,1,0,0.397959184,0.75,0.733333333,0.666666667,0.714285714,0.8,1,0,0.146341463
0,0.082191781,0.039651177,0.733333333,0,0,0.397959184,0.5,0.466666667,0.666666667,0.214285714,0.4,1,1,0.951219512
1,0.191780822,0.151756798,0.8,0,0,0.448979592,0.5,0.6,0.333333333,0.285714286,0,1,1,0.951219512
0,0.178082192,0.115495073,0.866666667,0,0,0.448979592,0.25,0.8,0.333333333,0.714285714,0,1,1,0.951219512
0,0.191780822,0.29100848,0.533333333,0,0,0.397959184,0.5,0.733333333,0.833333333,0.214285714,0.8,1,0,0.634146341
1,0.150684932,0.05070918,0.6,0,0,0.5,0.5,1,0.333333333,0.285714286,0,1,1,0.951219512
1,0.178082192,0.070617645,0.866666667,0,0,0.5,0.75,0.8,0,0.714285714,0.2,0.25,1,0.463414634
0,0.616438356,0.143216191,0.2,0,0,0.193877551,0.5,0.333333333,0.333333333,0.714285714,0,1,1,0.951219512
0,0.712328767,0.052223271,0.6,0,0,0.132653061,0.75,1,1,0.357142857,0.2,1,0,0.951219512
0,0.534246575,0.078894403,0.6,0,0,0.397959184,0,1,1,0,0.2,0.5,0,0.951219512
1,0.369863014,0.166071652,1,0,0,0.397959184,0.5,0.666666667,0.333333333,0.714285714,0,1,1,0.951219512
0,0.369863014,0.131429557,0.666666667,0,0,0.397959184,0.125,0.533333333,0,0.928571429,0.2,1,1,0.951219512
0,0.123287671,0.062612855,0.866666667,0,0.383149679,0.397959184,0.5,0.8,0.666666667,0.714285714,0.2,1,0,0.951219512
0,0.328767123,0.101415654,0.533333333,0.018310183,0,0.397959184,0.5,0.733333333,0.666666667,0.5,0.6,1,0,0.707317073
0,0.410958904,0.161327096,0.533333333,0,0,0.316326531,0.25,0.733333333,0,0.571428571,0.6,1,0,0.951219512
0,0.684931507,0.008580523,0.266666667,0,0,0.397959184,0.5,0.4,0.333333333,0.785714286,0,1,1,0.951219512
1,0.328767123,0.104441806,0.933333333,0,0,0.5,0.5,0.933333333,0.333333333,0.285714286,0,1,1,0.951219512
0,0.123287671,0.167253563,0.6,0,0,0.397959184,0.5,1,0.666666667,0.571428571,0.6,1,1,0.951219512
0,0.383561644,0.234488521,0.466666667,0.024070241,0,0.5,0.5,0.133333333,0.333333333,0.071428571,0,1,1,0.951219512
0,0.602739726,0.120692233,0.533333333,0,0.383149679,0.5,0.5,0.733333333,1,0.214285714,0.2,0.5,0,0.951219512
0,0.02739726,0.123210305,0.6,0,0,0.316326531,0,1,0.666666667,0,0.6,1,0,0.951219512
1,0.260273973,0.165553424,0.8,0,0,0.397959184,0.875,0.6,0.333333333,0.071428571,1,1,0,0.951219512
0,0.205479452,0.105340248,0.533333333,0,0,0.397959184,0.5,0.733333333,0.333333333,0.285714286,0,1,1,0.512195122
0,0.602739726,0.136008362,0.533333333,0,0,0.397959184,0.5,0.733333333,0.333333333,0.785714286,0,1,1,0.951219512
0,0.054794521,0.102366866,0.6,0,0,0.346938776,0.5,1,0.666666667,0.571428571,0.6,1,1,0.951219512
0,0.191780822,0.111414876,0.8,0,0,0.551020408,0.5,0.6,0.666666667,0.285714286,0.2,1,1,0.951219512
0,0.452054795,0.016368821,0.533333333,0,0,0.397959184,0.5,0.733333333,0.333333333,0.285714286,0,1,1,0.951219512
0,0.01369863,0.172108395,0.4,0,0,0.193877551,0.5,0.066666667,0.666666667,0.571428571,0.6,1,1,0.951219512
1,0.410958904,0.128898631,0.866666667,0,0,0.397959184,0.5,0.8,0.333333333,0.714285714,0,1,1,0
0,0.452054795,0.154471743,0.533333333,0,0,0.091836735,0.5,0.733333333,0.5,0.285714286,0.8,1,0,0.951219512
1,0.465753425,0.199239572,0.533333333,0.043860439,0,0.397959184,0.125,0.733333333,0.333333333,0.214285714,0,1,1,0.951219512
0,0.397260274,0.149697419,0.533333333,0,0,0.397959184,0.125,0.733333333,0,0.071428571,0.8,0.5,0,0
0,0.219178082,0.225337677,0.6,0,0,0.397959184,0.5,1,0.666666667,0.857142857,0.2,1,1,0.951219512
0,0.328767123,0.200262496,0.533333333,0,0,0.193877551,0.5,0.733333333,0.333333333,1,1,1,0,0.951219512
0,0.383561644,0.104588615,0.4,0,0,0.397959184,0.5,0.066666667,0,0.214285714,0.2,1,1,0.951219512
1,0.479452055,0.112777423,1,0,0,0.397959184,0.5,0.666666667,0.333333333,0.714285714,0,1,1,0
0,0.328767123,0.090139806,0.8,0,0,0.448979592,0.5,0.6,0.666666667,0.714285714,0.2,1,0,0.951219512
0,0.328767123,0.102158492,0.8,0,0,0.479591837,0.5,0.6,0,1,0.2,1,1,0.951219512
0,0.054794521,0.193528244,0.6,0,0,0.397959184,0,1,0.666666667,0,0.6,1,1,0.951219512
1,0.589041096,0.019329349,0.666666667,0,0,0.459183673,0.5,0.533333333,0.333333333,0.214285714,0,1,1,0.951219512
0,0.04109589,0.026744198,0.533333333,0,0,0.397959184,0.5,0.733333333,0.666666667,0.785714286,0.6,0.5,1,0.951219512
0,0.109589041,0.122516854,0.533333333,0,0,0.397959184,0.5,0.733333333,0.666666667,1,0.2,1,1,0.951219512
0,0.082191781,0.0338634,0.8,0,0,0.397959184,0.5,0.6,0.666666667,0.714285714,0.6,1,1,0.951219512
1,0.506849315,0.093937211,0.8,0,0,0.397959184,0.125,0.6,0.333333333,0.285714286,0,1,1,0.951219512
1,0.219178082,0.069826096,1,0,0,0.602040816,0.5,0.666666667,0.333333333,0.714285714,0,1,1,0.951219512
0,0.01369863,0.106464653,0.4,0,0,0.112244898,0.5,0.066666667,0.666666667,0.571428571,0.6,1,0,0.951219512
0,0.301369863,0.160633645,0.8,0,0,0.602040816,0.5,0.6,0,0.285714286,0.8,0.5,0,0.951219512
0,0.397260274,0.084744421,0.533333333,0,0,0.397959184,0.5,0.733333333,0,0.214285714,0.2,0,1,0.951219512
0,0.01369863,0.116511232,0.4,0,0,0.295918367,0,0.066666667,0.666666667,0,0.6,0.5,1,0.951219512
0,0.082191781,0.241154443,0.8,0,0,0.397959184,0.5,0.6,0.666666667,0.071428571,0.2,1,0,0.951219512
1,0.273972603,0.12147634,0.8,0.086140861,0,0.397959184,0.875,0.6,0.666666667,0.071428571,0.2,1,0,0.951219512
1,0.630136986,0.190596807,0.8,0.150241502,0,0.448979592,0.5,0.6,0.333333333,0.714285714,0,1,1,0.951219512
0,0.452054795,0.103318077,0.8,0,0,0.5,0.5,0.6,0.333333333,0.214285714,0,1,1,0.951219512
1,0.315068493,0.126577431,0.866666667,0.150241502,0,0.367346939,0.875,0.8,0.333333333,0.714285714,1,1,0,0.951219512
1,0.178082192,0.103476387,0.8,0,0,0.397959184,0.5,0.6,0.333333333,0.071428571,1,0.25,0,0.731707317
0,0.273972603,0.183062211,0.533333333,0,0.373737374,0.397959184,0.5,0.733333333,0.333333333,0.214285714,0,1,1,0.951219512
0,0.095890411,0.274256739,0.8,0,0,0.193877551,0.5,0.6,0.666666667,0.714285714,0.6,1,1,0.951219512
1,0.068493151,0.059575879,0.8,0.135501355,0,0.551020408,0.5,0.6,0.666666667,0.214285714,0.2,1,1,0.951219512
0,0.452054795,0.155760546,0.8,0,0,0.397959184,0.875,0.6,0,0.285714286,0.2,1,0,0.951219512
1,0.232876712,0.089752151,0.333333333,0,0,0.448979592,0.5,0,0.333333333,0.214285714,0,1,1,0.951219512
1,0.520547945,0.076126012,0.666666667,0,0.453856749,0.5,0.5,0.533333333,0.333333333,0.714285714,0,1,1,0.268292683
1,0.465753425,0.112581227,0.8,0,0,0.5,0.5,0.6,0.333333333,0.857142857,0,1,1,0.951219512
0,0.506849315,0.205341939,0.533333333,0,0,0.397959184,0.5,0.733333333,0,0.214285714,0.2,1,1,0.951219512
1,0.260273973,0.213908255,0.133333333,0,0,0.5,0.75,0.266666667,0.333333333,1,0,1,1,0.634146341
0,0.082191781,0.033977059,0.6,0,0,0.112244898,0,1,0.666666667,0,0.2,1,0,0.951219512
0,0.205479452,0.130427605,0.533333333,0,0,0.479591837,0.75,0.733333333,0.333333333,1,0,1,1,0.951219512
1,0.643835616,0.103768651,1,0.076880769,0,0.602040816,0.625,0.666666667,0.333333333,0.714285714,0,1,1,0.048780488
1,0.465753425,0.105711667,0.8,0,0,0.5,0.25,0.6,0.333333333,0.285714286,0,1,1,0.951219512
1,0.260273973,0.161561178,0.8,0,0,0.602040816,0.5,0.6,0.333333333,0.714285714,0,1,1,0.951219512
0,0.191780822,0.263900982,0.533333333,0,0,0.397959184,0.5,0.733333333,0.333333333,0.214285714,0,1,1,0.951219512
1,0.424657534,0.057996164,0.866666667,0,0,0.153061224,0.875,0.8,0.333333333,0.714285714,1,1,0,0.951219512
1,0.301369863,0.227096674,0.933333333,0.140841408,0,0.346938776,0.5,0.933333333,0.666666667,0.714285714,0.2,1,0,0.951219512
1,0.465753425,0.021456382,0.866666667,1,0,0.5,0.5,0.8,0.333333333,0.714285714,1,1,0,0.951219512
0,0.630136986,0.122158289,0.8,0,0,0.091836735,0.5,0.6,0,0.571428571,0.2,1,0,0.951219512
1,0.315068493,0.18430298,0.933333333,0,0.453856749,0.602040816,0.75,0.933333333,0.333333333,0.714285714,0,0,1,0.951219512
0,0.232876712,0.337643553,0.6,0,0,0.397959184,0.5,1,0.666666667,0.571428571,0.6,0.5,1,0.951219512
0,0.04109589,0.101966356,0.533333333,0,0,0.142857143,0.5,0.733333333,0.666666667,0.071428571,0.8,0.25,0,0.951219512
0,0.178082192,0.108559212,0.533333333,0,0,0.397959184,0.5,0.733333333,0.333333333,0.285714286,0,1,1,0.951219512
1,0.356164384,0.133689869,0.533333333,0,0,0.397959184,0.5,0.733333333,0.333333333,0.071428571,1,1,0,0.951219512
1,0.178082192,0.01757847,0.533333333,0,0,0.397959184,0.25,0.733333333,0.833333333,0.571428571,0.8,1,1,0.951219512
0,0.232876712,0.12245326,0.533333333,0,0,0.397959184,0.5,0.733333333,0.333333333,0.428571429,0,1,1,0.951219512
0,0.506849315,0.055320459,0.8,0,0,0.397959184,0.5,0.6,0.333333333,0.571428571,0,1,1,0.951219512
0,0.219178082,0.13987342,0.4,0,0,0.397959184,0.5,0.066666667,0.666666667,0.857142857,0.2,1,0,0.951219512
0,0.219178082,0.051841704,0.6,0,0,0.397959184,0.125,1,0.666666667,0.071428571,0.6,0.25,0,0.951219512
0,0.191780822,0.132195398,0.533333333,0,0,0.336734694,0.5,0.733333333,0.666666667,0.571428571,0.8,0.5,0,0.951219512
0,0.136986301,0.10156111,0.533333333,0.021740217,0,0.397959184,0.25,0.733333333,0.666666667,0.785714286,0.2,0.5,1,0.951219512
1,0.150684932,0.020105337,0.6,0,0,0.397959184,0.125,1,0.333333333,0.071428571,0,1,1,0.951219512
0,0.479452055,0.147431019,0.6,0,0.459366391,0.316326531,0.5,1,0.666666667,0.071428571,0.2,0.5,0,0.951219512
0,0.602739726,0.110758635,0.533333333,0,0,0.397959184,0.5,0.733333333,0.333333333,0.5,0,1,1,0.951219512
0,0.356164384,0.060399901,0.8,0,0,0.397959184,0.25,0.6,0.333333333,0.714285714,0,1,1,0.951219512
1,0.301369863,0.177522047,0.6,0.076880769,0,0.5,0.75,1,0.333333333,0.857142857,0,1,1,0.951219512
0,0.178082192,0.110362184,0.533333333,0,0,0.346938776,0.5,0.733333333,0.666666667,0.428571429,0.6,0.5,0,0.951219512
0,0.136986301,0.111998052,0.533333333,0,0,0.397959184,0.75,0.733333333,0.333333333,0.214285714,0,1,1,0.43902439
0,0.136986301,0.119936541,0.533333333,0,0,0.397959184,0.5,0.733333333,0.333333333,0.285714286,0.6,1,1,0.951219512
0,0.136986301,0.40279207,0.8,0,0,0.397959184,0.5,0.6,0.666666667,0.857142857,0.2,1,0,0.951219512
0,0.191780822,0.157778657,0.8,0,0,0.244897959,0.5,0.6,0.666666667,0.714285714,0.2,0.25,0,0
0,0.534246575,0.292131532,0.4,0,0,0.397959184,0.5,0.066666667,0,0.857142857,0.2,1,0,0.951219512
0,0,0.088657513,0.333333333,0,0,0.142857143,0.5,0,0.666666667,0.857142857,0.6,1,1,0.951219512
0,0.205479452,0.020431428,0.533333333,0,0,0.397959184,0.5,0.733333333,0,0.214285714,0.8,1,1,0.951219512
0,0.191780822,0.040902771,0.533333333,0,0,0.295918367,0.625,0.733333333,0,0.571428571,0.8,1,1,0.951219512
1,0.273972603,0.064849487,0.866666667,0.150241502,0,0.448979592,0.5,0.8,0.333333333,0.285714286,0,1,1,0.951219512
0,0.356164384,0.202211601,0.6,0,0,0.295918367,0.75,1,0.666666667,1,0.2,0.5,1,0.951219512
0,0.452054795,0.172005561,0.4,0,0,0.397959184,0.5,0.066666667,0.333333333,0.214285714,0,1,1,0.951219512
0,0.095890411,0.028182516,0.8,0,0,0.397959184,0.5,0.6,0.333333333,0.5,0,1,1,0.951219512
0,0.150684932,0.220635066,0.8,0,0,0.397959184,0.5,0.6,0.333333333,0.714285714,1,0.5,0,0.12195122
0,0.095890411,0.183769869,0.6,0,0,0.244897959,0.125,1,0,0.071428571,0.8,0.5,0,0.951219512
0,0.520547945,0.231102451,0.2,0,0,0.5,0.5,0.333333333,0.333333333,1,0,1,1,0.951219512
1,0.315068493,0.116183788,0.666666667,0,0,0.37755102,0.875,0.533333333,0.333333333,0.5,0,1,1,0.951219512
0,0.547945205,0.12217182,0.533333333,0,0,0.724489796,0.75,0.733333333,0.333333333,0.357142857,0,1,1,0.951219512
1,0.479452055,0.065837232,0.866666667,0.047870479,0,0.43877551,0.875,0.8,0.5,0.285714286,0.8,1,0,0.951219512
0,0.301369863,0.129073178,0.533333333,0,0,0.397959184,0.25,0.733333333,0.833333333,0.785714286,0.2,1,1,0.951219512
1,0.328767123,0.23316792,0.6,0,0,0.448979592,0.5,1,0.333333333,0.928571429,0,1,1,0.951219512
0,0.02739726,0.112075177,0.6,0,0,0.244897959,0.5,1,0.666666667,0.857142857,0.6,1,1,0.951219512
1,0.150684932,0.072733177,0.666666667,0.105201052,0,0.5,0.5,0.533333333,0,0.285714286,0.2,1,1,0.951219512
0,0.397260274,0.010407851,0.533333333,0,0,0.275510204,0.5,0.733333333,0.666666667,0.571428571,0.2,1,0,0.951219512
0,0.410958904,0.125191206,0.8,0,0,0.397959184,0.125,0.6,0,0.714285714,0.2,1,1,0.951219512
0,0.465753425,0.067670648,0.6,0,0,0.397959184,0.5,1,0,0.285714286,0.8,1,0,0.951219512
0,0.232876712,0.012892096,0.533333333,0,0,0.397959184,0.5,0.733333333,0,0.071428571,0.8,1,0,0.951219512
1,0.602739726,0.118285113,0.533333333,0,0,0.193877551,0.625,0.733333333,0.333333333,0.285714286,0,1,1,0.951219512
0,0.054794521,0.107482165,0.6,0,0,0.397959184,0,1,0.666666667,0,0.2,1,0,0.951219512
0,0.082191781,0.071362512,0.533333333,0,0,0.346938776,0.5,0.733333333,0.666666667,0.571428571,0.6,1,1,0.951219512
0,0.109589041,0.071407164,0.6,0,0,0.183673469,0.875,1,0.333333333,0.285714286,1,1,0,0.951219512
0,0.095890411,0.230513187,0.8,0,0,0.091836735,0.5,0.6,0.666666667,0.071428571,0.2,1,1,0.951219512
0,0.054794521,0.263812356,0.6,0,0,0.357142857,0.25,1,0.666666667,0.071428571,0.8,1,1,0.951219512
0,0.136986301,0.098319143,0.8,0,0,0.551020408,0.5,0.6,0.666666667,0.714285714,0.2,1,0,0.951219512
0,0.123287671,0.126471215,0.6,0,0,0.295918367,0.5,1,0.666666667,0.428571429,0.2,1,1,0.951219512
1,0.246575342,0.106817805,0.533333333,0.07298073,0,0.602040816,0.75,0.733333333,0.333333333,0.214285714,0,1,1,0.951219512
0,0.369863014,0.137899284,0.533333333,0,0,0.397959184,0.5,0.733333333,0,0.071428571,0.8,0.5,0,0.56097561
0,0.246575342,0.15324721,0.533333333,0,0,0.5,0.75,0.733333333,0.333333333,0.357142857,0,1,1,0.951219512
0,0.04109589,0.087914675,0.533333333,0,0,0.346938776,0.5,0.733333333,0.666666667,0.857142857,0.2,1,0,0.951219512
1,0.301369863,0.173175294,0.8,0.076880769,0,0.5,0.5,0.6,0.333333333,1,0,0.5,1,0.951219512
1,0.616438356,0.061604814,0.8,0.105201052,0,0.5,0.5,0.6,1,0.285714286,0.2,1,1,0.951219512
1,0.301369863,0.058709911,0.8,0,0,0.397959184,0.5,0.6,0.333333333,0.428571429,1,1,0,0.756097561
0,0.164383562,0.064151301,0.6,0,0,0.397959184,0.5,1,0.333333333,0.071428571,0,0,1,0.951219512
0,0.178082192,0.127469784,0.6,0,0,0.397959184,0.5,1,0.666666667,0.857142857,0.2,1,1,0.951219512
1,0.410958904,0.217678597,0.8,0.07298073,0,0.43877551,0.5,0.6,0.333333333,0.285714286,0,1,1,0.951219512
0,0.260273973,0.272237275,0.8,0,0,0.397959184,0.5,0.6,0.333333333,0.714285714,0,0.5,1,0.951219512
0,0.136986301,0.110456223,0.133333333,0,0,0.397959184,0,0.266666667,0.333333333,0,1,1,0,0.634146341
0,0.328767123,0.185834661,0.8,0,0,0.397959184,0.5,0.6,0.333333333,0.071428571,0,1,1,0.951219512
1,0.479452055,0.069470914,0.6,0,0,0.397959184,0.5,1,0.333333333,0.214285714,0,1,1,0.951219512
1,0.219178082,0.115301583,0.933333333,0,0,0.653061224,0.125,0.933333333,0.666666667,0.714285714,0.2,1,0,0.951219512
1,0.424657534,0.056879201,0.8,0,0,0.602040816,0.5,0.6,0.333333333,0.285714286,0,1,1,0.292682927
0,0.356164384,0.112772687,0.533333333,0,0,0.397959184,0.5,0.733333333,0.666666667,0.071428571,0.8,1,0,0.951219512
0,0.054794521,0.107482165,0.6,0,0,0.346938776,0,1,0.666666667,0,0.2,1,0,0.951219512
0,0,0.035912632,0.4,0,0,0.112244898,0.5,0.066666667,0.666666667,0.857142857,0.6,1,0,0.951219512
0,0.753424658,0.11151771,0.8,0,0,0.020408163,0,0.6,0.333333333,0,0,1,1,0.951219512
0,0.205479452,0.113665716,0.6,0,0,0.397959184,0.5,1,0,0.071428571,0.8,1,0,0.951219512
0,0.205479452,0.170232357,0.8,0,0,0.397959184,0.5,0.6,0.333333333,0.714285714,0,1,1,0.951219512
0,0.671232877,0.139999256,0.533333333,0.026530265,0,0.397959184,0.75,0.733333333,0.333333333,0.357142857,0,1,1,0.951219512
0,0.369863014,0.209563532,0.6,0,0,0.397959184,0.5,1,0,0.5,0.6,0.5,1,0.951219512
0,0.342465753,0.081419917,0.533333333,0,0,0.397959184,0.5,0.733333333,0.666666667,0.642857143,0.2,1,0,0
0,0.328767123,0.128336428,0.533333333,0,0,0.397959184,0.5,0.733333333,0,0.214285714,0.6,1,1,0.951219512
0,0.260273973,0.126040261,0.8,0,0,0.397959184,0.5,0.6,0,0.714285714,0.2,1,1,0.951219512
1,0.589041096,0.068016359,0.6,0,0,0.346938776,0,1,0.333333333,0,0,1,1,0.951219512
0,0.315068493,0.126524661,0.533333333,0,0,0.397959184,0.5,0.733333333,0.333333333,0.071428571,0,1,1,0.951219512
1,0.260273973,0.118156571,0.8,0,0.424242424,0.551020408,0.125,0.6,0.333333333,0.071428571,0,1,1,0.951219512
0,0.068493151,0.261640671,0.6,0,0,0.551020408,0.25,1,0.666666667,0.071428571,0.2,1,0,0.951219512
0,0.178082192,0.203287295,0.533333333,0,0,0.397959184,0.875,0.733333333,0.666666667,0.857142857,0.8,0.5,0,0.951219512
0,0.068493151,0.141198757,0.6,0,0,0.397959184,0.5,1,0.666666667,0.5,0.6,1,1,0.951219512
0,0.273972603,0.072867808,0.333333333,0,0,0.397959184,0.5,0,0.333333333,0.357142857,0,1,1,0.951219512
0,0.328767123,0.043528413,0.533333333,0,0,0.397959184,0.5,0.733333333,0.333333333,0.214285714,0,1,1,0.951219512
1,0.575342466,0.11230317,0.533333333,0.076880769,0,0.397959184,0.5,0.733333333,0.333333333,0.5,0,1,1,0.951219512
0,0.684931507,0.028403744,0.333333333,0,0,0.112244898,0.875,0,1,0.571428571,0.2,1,0,0.951219512
0,0.054794521,0.178981338,0.466666667,0,0,0.193877551,0.25,0.133333333,0.666666667,0.571428571,0.6,0.5,1,0.951219512
0,0.219178082,0.059644209,0.6,0,0,0.397959184,0.25,1,0.333333333,0.071428571,1,1,0,0.951219512
0,0.383561644,0.211329971,0.8,0,0,0.397959184,0.5,0.6,0.666666667,0.714285714,0.2,1,1,0.951219512
1,0.520547945,0.253893642,0.533333333,0.043860439,0,0.397959184,0.5,0.733333333,0.333333333,0.214285714,0,1,1,0.951219512
1,0.287671233,0.121811902,0.8,0.076880769,0,0.397959184,0.5,0.6,0.333333333,0.285714286,0,1,1,0.951219512
0,0,0.064812278,0.466666667,0,0,0.234693878,0.5,0.133333333,0.666666667,0.571428571,0.6,1,0,0.951219512
0,0.273972603,0.185672292,0.6,0,0,0.397959184,0.5,1,0,0.214285714,0.8,1,0,0.951219512
1,0.643835616,0.05838585,1,0,0,0.602040816,0.5,0.666666667,0.333333333,0.714285714,0,1,1,0.951219512
0,0.178082192,0.242677329,0.866666667,0,0,0.448979592,0.25,0.8,0.666666667,0.714285714,0.2,1,0,0.951219512
1,0.438356164,0.110372332,0.6,0,0,0.397959184,0.125,1,0.333333333,0.071428571,0,1,1,0.951219512
1,0.328767123,0.062598648,0.8,0,0,0.397959184,0.625,0.6,0.333333333,0.857142857,0,1,1,0.951219512
0,0.287671233,0.067567814,0.533333333,0,0,1,0.75,0.733333333,0.333333333,0.285714286,0,1,1,0.951219512
0,0.04109589,0.241789035,0.333333333,0,0,0.357142857,0.5,0,0.833333333,0.857142857,0.2,1,0,0.951219512
0,0.109589041,0.113608887,0.533333333,0,0,0.397959184,0.5,0.733333333,0.666666667,0.071428571,0.8,0.5,0,0.951219512
0,0.109589041,0.11319417,0.266666667,0,0,0.37755102,0.5,0.4,0.666666667,0.5,0.2,1,0,0.951219512
0,0.082191781,0.198369545,0.666666667,0,0,0.397959184,0.875,0.533333333,0.666666667,0.928571429,0.2,1,0,0.951219512
0,0.410958904,0.219190658,0.533333333,0,0,0.397959184,0.25,0.733333333,0,0.571428571,0.2,1,0,0.951219512
0,0.643835616,0.01243408,0.666666667,0,0,0.295918367,0.75,0.533333333,0.333333333,0.357142857,0,1,1,0.951219512
0,0.397260274,0.306937552,0.4,0,0,0.295918367,0.5,0.066666667,0.666666667,1,0.6,1,1,0.951219512
0,0.01369863,0.165843659,0.466666667,0,0,0.397959184,0.5,0.133333333,0.666666667,0.5,0.6,0.5,0,0.951219512
0,0.410958904,0.116633009,0.533333333,0,0,0.346938776,0.75,0.733333333,0.833333333,0.857142857,0.8,1,0,0.951219512
0,0.068493151,0.233626612,0.533333333,0,0,0.602040816,0.75,0.733333333,0.333333333,0.214285714,0,1,1,0.951219512
0,0.068493151,0.125966518,0.6,0,0,0.397959184,0.25,1,0.333333333,0.785714286,0,1,1,0.951219512
0,0.506849315,0.097230594,0.533333333,0,0,0.397959184,0.5,0.733333333,0.333333333,0.214285714,0,1,1,0.951219512
0,0.054794521,0.229411108,0.533333333,0,0,0.397959184,0.5,0.733333333,0.666666667,0.071428571,0.6,1,0,0.951219512
0,0.767123288,0.099725664,0.6,0,0,0.397959184,0.625,1,0,0.285714286,0.2,1,0,0.951219512
0,0.780821918,0.222346705,0.266666667,0.034710347,0,0.397959184,0,0.4,0.333333333,0,0,1,1,0.951219512
1,0.136986301,0.115848902,0.6,0,0,0.397959184,0.5,1,0.333333333,1,0,1,1,0.951219512
1,0.424657534,0.289842807,0.2,0,0,0.397959184,0.5,0.333333333,0.333333333,0.5,0,1,1,0.951219512
0,0.575342466,0.044380173,0.666666667,0,0,0.397959184,0.5,0.533333333,0.666666667,0.214285714,0.2,0.25,1,0.951219512
0,0.164383562,0.119788379,0.6,0.02202022,0,0.5,0.75,1,0,0.214285714,0.2,1,1,0.951219512
1,0.150684932,0.015952074,0.6,0,0,0.704081633,0.75,1,0.333333333,0.285714286,0,0.75,1,0.487804878
0,0.136986301,0.214256672,0.533333333,0,0,0.397959184,0.5,0.733333333,0.666666667,0.5,0.8,0.5,1,0.951219512
0,0.095890411,0.199475684,0.6,0,0,0.397959184,0.5,1,0.333333333,1,0,1,1,0
0,0.452054795,0.052341665,0.866666667,0,0,0.602040816,0.875,0.8,1,0.714285714,0.8,1,0,0.951219512
1,0.109589041,0.155884353,0.6,0.105201052,0,0.5,0.5,1,0.666666667,1,0.2,1,1,0.951219512
0,0.671232877,0.120339081,0.933333333,0,0,0.193877551,0.75,0.933333333,0.333333333,0.714285714,0,1,1,0.951219512
1,0.246575342,0.131698819,0.866666667,0,0,0.397959184,0.5,0.8,0.333333333,0.857142857,0,1,1,0.951219512
0,0.068493151,0.123001932,0.8,0,0,0.193877551,0.5,0.6,0.666666667,0.571428571,0.6,1,0,0.951219512
0,0.273972603,0.109126151,0.2,0,0,0.56122449,0.5,0.333333333,0.666666667,0.571428571,0.6,0.5,1,0.951219512
0,0.465753425,0.137722031,0.8,0,0,0.5,0.5,0.6,0,0.714285714,0.2,1,0,0.951219512
0,0.520547945,0.107386773,0.6,0,0,0.357142857,0.5,1,0.666666667,0.071428571,0.6,1,0,0.951219512
0,0.082191781,0.068544058,0.6,0,0,0.295918367,0.5,1,0.666666667,0.428571429,0.6,1,1,0.951219512
0,0.068493151,0.159009279,0.6,0,0,0.602040816,0.875,1,0.666666667,0.571428571,0.2,0,0,0.951219512
0,0.095890411,0.146403358,0.6,0,0,0.448979592,0.5,1,0.666666667,0.571428571,0.2,1,1,0.951219512
0,0,0.223573267,0.4,0,0,0.193877551,0.5,0.066666667,0.666666667,0.428571429,0.6,1,1,0.951219512
0,0.561643836,0.116043068,0.533333333,0,0,0.234693878,0.5,0.733333333,0.333333333,0.571428571,0,1,1,0.951219512
1,0.397260274,0.061080498,0.866666667,0.150241502,0,0.653061224,0.5,0.8,0.333333333,0.285714286,0,1,1,0.951219512
1,0.369863014,0.199702324,0.666666667,0,0,0.5,0.875,0.533333333,0.333333333,0.785714286,0,1,1,0.951219512
1,0.397260274,0.01049783,0.733333333,0,0,0.37755102,0.875,0.466666667,0.333333333,0.928571429,0,1,1,0.951219512
0,0.424657534,0.10328628,0.533333333,0,0,0.418367347,0.5,0.733333333,0.666666667,0.571428571,0.6,0.5,0,0.951219512
0,0.616438356,0.09981429,0.533333333,0,0,0.5,0.5,0.733333333,0.333333333,0.285714286,0,1,1,0.951219512
0,0.643835616,0.224427057,0.6,0,0.399678604,0.397959184,0.5,1,0,0.928571429,0.8,0.5,0,0.951219512
1,0.191780822,0.180452806,0.866666667,0,0.554407713,0.704081633,0.5,0.8,0.333333333,0.285714286,0,1,1,0.87804878
1,0.383561644,0.2272401,0.8,0.07298073,0,0.397959184,0.25,0.6,0.333333333,0.357142857,0,0.25,1,0.951219512
0,0.150684932,0.214217432,0.533333333,0,0,0.37755102,0.5,0.733333333,0.666666667,0.071428571,0.4,1,0,0.951219512
0,0.232876712,0.224603634,0.533333333,0,0,0.704081633,0.5,0.733333333,0.666666667,1,0.2,1,1,0.951219512
0,0.095890411,0.020170961,0.6,0,0,0.193877551,0.5,1,0.666666667,0.071428571,0.8,1,0,0.951219512
0,0.01369863,0.060498676,0.4,0,0,0.142857143,0.125,0.066666667,0.666666667,0.571428571,0.6,0.25,1,0.731707317
1,0.219178082,0.257440727,0.8,0,0,0.448979592,0.5,0.6,0.333333333,0.285714286,0,1,1,0.951219512
0,0.164383562,0.073116097,0.533333333,0,0,0.397959184,0.5,0.733333333,0.333333333,0.071428571,0,1,1,0.951219512
0,0.150684932,0.092914963,0.6,0,0,0.397959184,0.5,1,0.333333333,0.214285714,0,1,1,0.951219512
0,0.287671233,0.009966072,0.533333333,0,0,0.428571429,0.5,0.733333333,0.333333333,0.357142857,0,1,1,0.951219512
1,0.383561644,0.06164676,0.8,0,0.453856749,0.602040816,0.875,0.6,0.333333333,0.285714286,0,1,1,0.951219512
0,0.068493151,0.061559486,0.733333333,0,0,0.193877551,0.5,0.466666667,0.666666667,0.071428571,0.6,1,0,0.951219512
1,0.219178082,0.09207335,0.8,0.03103031,0,0.602040816,0,0.6,0.333333333,0,1,1,0,0.951219512
0,0.02739726,0.126618024,0.533333333,0,0,0.397959184,0.5,0.733333333,0.666666667,0.714285714,0.2,1,0,0.951219512
0,0.068493151,0.040609154,0.4,0,0,0.653061224,0.5,0.066666667,0.666666667,1,0.2,1,1,0.951219512
0,0.602739726,0.086606928,0.533333333,0,0,0.43877551,0.75,0.733333333,0.666666667,0.857142857,0.2,1,0,0.951219512
0,0.150684932,0.118993448,0.733333333,0,0,0.602040816,0.5,0.466666667,0.666666667,1,0.6,1,1,0.951219512
0,0.260273973,0.070892995,0.533333333,0,0,0.397959184,0.5,0.733333333,0.666666667,0.214285714,0.6,1,1,0.951219512
0,0.082191781,0.102552914,0.533333333,0,0,0.397959184,0.5,0.733333333,0.666666667,0.214285714,0.6,1,1,0
1,0.219178082,0.09678408,0.533333333,0.03103031,0,0.397959184,0.5,0.733333333,0.333333333,0.857142857,0,1,1,0.951219512
1,0.260273973,0.024740971,0.866666667,0,0,0.37755102,0.5,0.8,0.333333333,0.714285714,0,1,1,0.951219512
1,0.150684932,0.258871603,0.6,0,0,0.397959184,0.5,1,0.333333333,0.928571429,0,1,1,0.951219512
0,0.493150685,0.228821844,0.133333333,0,0,0.397959184,0.5,0.266666667,0.333333333,1,0,1,1,0.951219512
1,0.589041096,0.065789874,0.666666667,0.07298073,0,0.397959184,0.5,0.533333333,0.333333333,0.928571429,0,1,1,0.951219512
0,0.520547945,0.163953414,0.533333333,0,0,0.397959184,0.5,0.733333333,0.333333333,0.571428571,0,1,1,0.951219512
0,0.589041096,0.208435068,0.2,0,0,0.397959184,0.5,0.333333333,0.333333333,0.5,1,1,0,0.951219512
0,0.410958904,0.089347581,0.533333333,0,0.143480257,0.397959184,0.5,0.733333333,0,0.214285714,0.8,1,1,0.951219512
1,0.260273973,0.036545871,0.8,0,0,0.551020408,0.5,0.6,0.333333333,0.285714286,0,1,1,0.951219512
0,0.150684932,0.077435112,0.133333333,0.021760218,0,0.520408163,0.5,0.266666667,0.666666667,0.571428571,0.4,1,1,0.634146341
0,0.452054795,0.123610139,0.666666667,0,0,0.397959184,0.5,0.533333333,0.666666667,0.857142857,0.2,1,1,0.951219512
0,0.04109589,0.081709475,0.6,0,0,0.397959184,0.5,1,0.666666667,1,0.4,1,1,0.951219512
0,0.438356164,0.110289118,0.2,0,0,0.397959184,0.5,0.333333333,0,0.571428571,0.8,1,0,0.951219512
0,0.287671233,0.203125603,0.8,0,0,0.367346939,0.875,0.6,0.333333333,0.285714286,0,1,1,0.951219512
0,0.643835616,0.163052942,0.533333333,0,0,0.397959184,0.75,0.733333333,1,0.571428571,0.4,1,0,0.951219512
0,0.178082192,0.06844393,0.866666667,0,0,0.295918367,0.5,0.8,0.333333333,0.714285714,1,1,0,0.951219512
1,0.356164384,0.110941977,0.8,1,0,0.602040816,0.5,0.6,0.333333333,0.285714286,0,1,1,0.951219512
0,0.465753425,0.079081804,0.533333333,0,0,0.37755102,0.5,0.733333333,0,0.071428571,0.2,1,0,0.951219512
0,0.260273973,0.123873988,0.533333333,0,0,0.397959184,0.5,0.733333333,0.333333333,1,0,0,1,0.951219512
0,0.547945205,0.111370901,0.4,0,0,0.397959184,0.5,0.066666667,0.333333333,0.428571429,0,1,1,0.951219512
0,0.315068493,0.040934569,0.6,0,0,0.397959184,0.5,1,0.666666667,0.214285714,0.6,0.5,1,0.951219512
1,0.369863014,0.028431482,0.866666667,0.07298073,0,0.397959184,0.5,0.8,0.333333333,0.714285714,0,1,1,0.951219512
0,0.260273973,0.072844129,0.8,0,0,0.346938776,0.5,0.6,0.833333333,0.571428571,0.8,0.5,0,0.951219512
0,0.479452055,0.060995931,0.2,0,0,0.397959184,0.5,0.333333333,0.333333333,0.5,0,1,1,0.951219512
0,0.178082192,0.264021406,0.533333333,0,0,0.397959184,0.5,0.733333333,0.666666667,0.071428571,0.8,1,0,0.951219512
0,0.232876712,0.110924387,0.2,0,0,0.397959184,0.5,0.333333333,0.333333333,0.571428571,1,1,0,0.951219512
0,0.095890411,0.122541886,0.6,0,0,0.397959184,0.25,1,0.666666667,0.785714286,0.6,1,0,0.951219512
0,0.493150685,0.098545783,0.533333333,0,0,0.397959184,0.5,0.733333333,0,0.071428571,0.2,1,0,0.951219512
1,0.260273973,0.012166848,0.6,0.07298073,0,0.316326531,0.5,1,0.333333333,0.571428571,1,1,0,0.951219512
0,0.438356164,0.105524266,0.333333333,0,0,0.479591837,0.5,0,0,0.571428571,0.2,1,1,0.951219512
0,0.164383562,0.232244446,0.666666667,0,0,0.5,0.5,0.533333333,0.666666667,0.285714286,0.8,1,0,0.951219512
0,0.04109589,0.113694807,0.533333333,0,0,0.346938776,0.5,0.733333333,0.666666667,0.571428571,0.4,1,0,0.951219512
0,0.616438356,0.120987203,0.533333333,0,0,0.397959184,0,0.733333333,0.333333333,0,0,1,1,0.951219512
0,0.342465753,0.436442361,0.533333333,0,0,0.397959184,0.5,0.733333333,0.333333333,0.5,0,1,1,0.634146341
1,0.383561644,0.103644845,1,0,0,0.5,0.5,0.666666667,0.333333333,0.714285714,0,1,1,0.951219512
0,0.082191781,0.134546365,0.466666667,0,0,0.397959184,0.5,0.133333333,0.333333333,0.428571429,0.6,1,1,0.951219512
0,0.342465753,0.062486342,0.533333333,0,0,0.397959184,0.5,0.733333333,0,0.571428571,0.2,1,1,0.951219512
0,0.260273973,0.014937268,0.733333333,0,0,0.020408163,0.5,0.466666667,0.833333333,0.928571429,0.2,1,0,0.951219512
0,0.205479452,0.0273064,0.333333333,0,0,0.448979592,0.75,0,0.333333333,0.285714286,0,1,1,0.951219512
0,0.219178082,0.075099705,0.533333333,0,0,0.5,0.75,0.733333333,0.333333333,1,0,1,1,0.951219512
0,0.054794521,0.11722092,0.533333333,0,0,0.357142857,0.5,0.733333333,0.666666667,0.857142857,0.6,1,0,0.951219512
1,0.589041096,0.038969904,0.6,0,0,0.5,0.75,1,0.333333333,0.357142857,0,1,1,0.951219512
0,0.164383562,0.13036807,0.533333333,0,0,0.5,0.5,0.733333333,0.333333333,0.214285714,0,1,1,0.951219512
0,0.452054795,0.082319711,0.8,0,0,0.5,0.5,0.6,0,0.857142857,0.2,1,0,0.951219512
0,0.082191781,0.017558174,0.8,0,0,0.397959184,0.5,0.6,0.666666667,0.571428571,0.6,1,1,0.951219512
0,0.315068493,0.110805993,0.8,0,0,0.448979592,0.5,0.6,0,0.714285714,0.2,1,0,0.951219512
0,0.095890411,0.29479506,0.8,0,0,0.397959184,0.5,0.6,0.666666667,0.857142857,0.6,1,1,0.951219512
0,0.02739726,0.102908096,0.533333333,0,0,0.244897959,0.5,0.733333333,0.666666667,0.071428571,0.6,1,0,0.951219512
0,0.04109589,0.14566458,0.533333333,0,0,0.397959184,0.5,0.733333333,0.666666667,0.571428571,0.6,1,0,0.951219512
0,0.356164384,0.025756453,0.6,0,0.340909091,0.5,0.5,1,0.333333333,0.214285714,0,1,1,0.951219512
0,0.150684932,0.115848902,0.533333333,0,0,0.346938776,0.75,0.733333333,0.333333333,0.214285714,0,1,1,0.951219512
0,0.301369863,0.085765992,0.933333333,0,0,0.37755102,0.5,0.933333333,0.333333333,0.714285714,0,0.25,1,0.463414634
0,0.02739726,0.206819496,0.6,0,0,0.142857143,0,1,0.666666667,0,0.2,1,1,0.951219512
0,0.04109589,0.109227631,0.266666667,0,0,0.397959184,0.5,0.4,0.666666667,0.5,0.6,1,1,0.951219512
0,0.369863014,0.14775508,0.533333333,0,0,0.551020408,0.75,0.733333333,0.333333333,1,0,1,1,0.951219512
0,0.315068493,0.014162633,0.733333333,0,0,0.602040816,0.75,0.466666667,0.333333333,0.357142857,0,1,1,0.951219512
0,0.02739726,0.144108544,0.533333333,0,0,0.397959184,0.5,0.733333333,0.666666667,0.571428571,0.6,0.5,0,0.951219512
0,0.534246575,0.171709238,0.8,0,0,0.448979592,0.5,0.6,0.666666667,0.714285714,0.2,1,0,0.634146341
0,0.178082192,0.121433041,0.466666667,0,0,0.193877551,0.5,0.133333333,0.666666667,0.571428571,0.6,0.5,0,0
0,0.054794521,0.053807721,0.666666667,0,0,0.295918367,0.5,0.533333333,0.666666667,0.571428571,0.2,1,1,0.951219512
0,0.383561644,0.252692111,0.133333333,0,0,0.397959184,0.5,0.266666667,0.333333333,0.214285714,0,0.75,1,0.634146341
1,0.342465753,0.168893489,0.8,0,0,0.448979592,0.5,0.6,0.333333333,0.857142857,0,1,1,0.951219512
0,0.054794521,0.132261022,0.6,0,0,0.295918367,0,1,0.666666667,0,0.6,1,1,0.951219512
1,0.301369863,0.06405185,0.533333333,0,0,0.397959184,0.5,0.733333333,0.333333333,0.857142857,0,1,1,0.951219512
0,0.342465753,0.07636077,0.533333333,0,0,0.908163265,0.25,0.733333333,0.333333333,0.785714286,0,1,1,0.951219512
1,0.410958904,0.061120413,0.6,0,0,0.397959184,0.25,1,0.333333333,0.571428571,0,1,1,0.951219512
1,0.301369863,0.109051731,0.933333333,0.076880769,0,0.397959184,0.5,0.933333333,0.333333333,0.214285714,0,1,1,0.951219512
0,0.356164384,0.039083563,0.6,0,0,0.397959184,0.5,1,0.333333333,0.071428571,0,1,1,0.951219512
0,0.04109589,0.163546138,0.6,0,0,0.397959184,0.5,1,0.666666667,0.428571429,0.6,1,1,0.951219512
1,0.479452055,0.133519381,0.533333333,0,0,0.448979592,0.75,0.733333333,0.333333333,0.285714286,0,1,1,0.951219512
0,0.02739726,0.155411453,0.6,0,0,0.397959184,0,1,0.666666667,0,0.6,1,0,0.951219512
0,0.260273973,0.221113378,0.666666667,0,0,0.397959184,0.625,0.533333333,0,0.285714286,0.2,1,0,0
0,0.328767123,0.077282214,0.6,0,0,0.193877551,0.5,1,0.833333333,0.857142857,0.8,0.5,0,0.951219512
1,0.410958904,0.147114399,0.533333333,0,0,0.448979592,0.5,0.733333333,0.333333333,0.214285714,0,1,1,0.951219512
0,0.356164384,0.15105117,0.6,0,0,0.448979592,0.5,1,0.5,0.857142857,0.2,1,1,0.634146341
1,0.260273973,0.152666065,0.866666667,0.150241502,0,0.5,0.5,0.8,0.333333333,0.285714286,0,1,1,0.951219512
1,0.561643836,0.058479888,1,0,0,0.5,0.5,0.666666667,0.333333333,0.714285714,0,1,1,0.951219512
0,0.315068493,0.173790943,0.533333333,0,0,0.397959184,0.5,0.733333333,0.333333333,0.5,0,0.25,1,0
0,0.315068493,0.014838494,0.533333333,0,0,0.397959184,0.875,0.733333333,0.333333333,0.214285714,0,1,1,0.951219512
0,0.561643836,0.118529343,0.533333333,0,0,0.234693878,0.5,0.733333333,0.333333333,1,0,1,1,0.951219512
0,0.315068493,0.124030945,0.6,0,0,0.193877551,0.5,1,0.833333333,0.285714286,0.8,1,0,0.951219512
1,0.438356164,0.114627076,0.8,0,0,0.06122449,0.75,0.6,0.333333333,0.285714286,1,1,0,0.951219512
1,0.315068493,0.152482046,0.6,0,0,0.397959184,0.5,1,0.333333333,0.928571429,1,1,0,0.951219512
0,0.219178082,0.017157664,0.8,0,0,0.602040816,0.5,0.6,0.333333333,0.071428571,0,1,1,0.951219512
1,0.356164384,0.11413185,0.6,0,0,0.602040816,0.5,1,0.333333333,1,0,1,1,0.951219512
0,0.315068493,0.153860153,0.4,0,0,0.551020408,0.5,0.066666667,0.333333333,1,0,1,1,0.951219512
0,0.575342466,0.072429412,0.333333333,0,0,0.357142857,0.75,0,0.333333333,0.285714286,1,1,0,0.951219512
0,0.095890411,0.155314032,0.6,0,0,0.346938776,0.5,1,0.666666667,0.071428571,0.2,0.5,0,0.951219512
0,0.219178082,0.18333012,0.8,0,0,0.397959184,0.5,0.6,0,0.285714286,0.8,1,0,0.951219512
1,0.410958904,0.137563721,0.866666667,0.150241502,0,0.551020408,0.625,0.8,0.333333333,0.285714286,0,1,1,0.951219512
0,0.095890411,0.255773739,0.533333333,0,0,0.397959184,0.5,0.733333333,0.666666667,1,0.2,1,1,0.951219512
0,0.232876712,0.135944091,0.8,0,0.340909091,0.346938776,0.75,0.6,0.333333333,0.285714286,0,1,1,0
0,0.287671233,0.103521715,0.6,0,0,0.397959184,0.5,1,0,0.071428571,0.8,0.75,0,0.951219512
0,0.342465753,0.092459653,0.8,0,0,0.112244898,0,0.6,0,0,0.2,1,0,0.170731707
0,0.232876712,0.109719474,0.666666667,0,0,0.5,0.75,0.533333333,0.666666667,0.357142857,0.2,1,1,0.951219512
1,0.301369863,0.040999516,0.6,0,0,0.397959184,0.125,1,0.333333333,0.285714286,0,0.25,1,0.951219512
0,0.575342466,0.193600633,0.6,0,0,0.428571429,0.125,1,0.333333333,0.071428571,0,1,1,0.951219512
0,0.178082192,0.077212531,0.8,0,0,0.397959184,0.875,0.6,0.5,0.071428571,0.2,1,1,0.951219512
0,0.671232877,0.031642328,0.333333333,0,0,0.397959184,0,0,0.333333333,0,1,1,0,0.951219512
0,0.246575342,0.064849487,0.533333333,0,0,0.397959184,0.5,0.733333333,0,0.214285714,0.2,1,1,0.951219512
0,0.246575342,0.101460982,0.666666667,0.068490685,0,0.397959184,0.5,0.533333333,0,0.071428571,0.2,1,0,0.951219512
0,0.479452055,0.103505478,0.666666667,0,0,0.397959184,0.75,0.533333333,0.333333333,0.285714286,0,1,1,0.951219512
0,0.424657534,0.055595133,0.533333333,0,0,0.153061224,0.5,0.733333333,1,0.5,0.2,1,0,0.951219512
1,0.383561644,0.150471377,0.533333333,0,0,0.602040816,0.5,0.733333333,0.5,0.571428571,0.8,0.5,0,0.951219512
1,0.547945205,0.142202738,0.6,0.150241502,0,0.071428571,0.5,1,0.333333333,0.714285714,1,1,0,0.951219512
0,0.191780822,0.159015368,0.4,0,0,0.397959184,0.5,0.066666667,0.333333333,0.785714286,0,1,1,0.951219512
1,0.301369863,0.052244244,0.533333333,0,0,0.397959184,0.25,0.733333333,0.333333333,0.214285714,0,1,1,0.951219512
0,0.410958904,0.178323067,0.533333333,0,0,0.397959184,0.5,0.733333333,0.333333333,0.714285714,0,1,1,0.951219512
0,0.136986301,0.125836623,0.6,0,0,0.397959184,0.5,1,0.5,0.285714286,0.2,1,0,0.951219512
1,0.438356164,0.170002334,0.8,0,0,0.602040816,0.75,0.6,0.333333333,0.285714286,0,1,1,0.951219512
1,0.328767123,0.121991185,0.6,0,0,0.397959184,0.5,1,0.333333333,0.214285714,0,1,1,0.951219512
0,0.123287671,0.021664755,0.8,0,0,0.397959184,0.5,0.6,0.666666667,0.928571429,0.2,1,1,0.951219512
0,0.260273973,0.112262578,0.8,0,0,0.602040816,0.25,0.6,0,0.714285714,0.2,1,0,0.951219512
0,0.315068493,0.157489776,0.2,0,0,0.193877551,0.5,0.333333333,0.666666667,0.571428571,0.2,1,1,0.951219512
0,0.054794521,0.049690315,0.6,0,0,0.397959184,0,1,0.666666667,0,0.6,1,0,0.951219512
0,0.150684932,0.064627583,0.266666667,0.068490685,0,0.346938776,0.5,0.4,0.666666667,1,0.2,1,1,0.951219512
0,0,0.108086989,0.4,0,0,0.153061224,0.5,0.066666667,0.666666667,0.428571429,0.6,1,1,0.951219512
0,0.301369863,0.18519601,0.8,0,0,0.520408163,0.5,0.6,0.333333333,0.214285714,0,1,1,0.951219512
0,0.109589041,0.083457647,0.866666667,0,0,0.193877551,0.5,0.8,0.666666667,0.857142857,0.2,1,1,0.951219512
0,0.082191781,0.075567869,0.8,0,0,0.397959184,0,0.6,0.666666667,0,0.6,0.75,1,0.951219512
1,0.493150685,0.240663954,0.933333333,0,0.453856749,0.602040816,0.625,0.933333333,0.333333333,0.714285714,0,1,1,0.951219512
0,0.424657534,0.140504629,0.266666667,0,0,0.397959184,0.5,0.4,0.333333333,0.214285714,0,1,1,0.951219512
1,0.589041096,0.028696008,0.8,0,0,0.397959184,0.125,0.6,0.333333333,0.714285714,0,1,1,0.951219512
0,0.479452055,0.096740105,0.333333333,0,0,0.397959184,0.75,0,0.333333333,0.285714286,0,1,1,0.951219512
0,0.630136986,0.125094462,0.8,0.046500465,0,0.479591837,0.25,0.6,1,0.714285714,0.2,1,0,0.951219512
0,0.123287671,0.223709251,0.533333333,0,0,0.397959184,0.5,0.733333333,0.833333333,0.071428571,0.8,0.5,0,0.951219512
0,0.657534247,0.076775488,0.6,0,0,0.275510204,0.25,1,0,0.071428571,0.2,1,0,0.951219512
0,0.109589041,0.114178531,0.8,0,0,0.397959184,0.5,0.6,0.666666667,0.857142857,0.2,1,0,0.951219512
0,0.328767123,0.147405987,0.6,0,0,0.918367347,0.625,1,0.333333333,0.857142857,0,1,1,0.951219512
0,0.095890411,0.066358842,0.466666667,0,0,0.397959184,0.5,0.133333333,0.666666667,0.5,0.8,1,1,0.634146341
1,0.424657534,0.105372721,0.6,0,0.359044995,0.5,0.5,1,0,0.285714286,0.2,1,1,0.951219512
0,0.315068493,0.104053474,0.666666667,0,0,0.295918367,0.5,0.533333333,1,0.071428571,0.8,1,0,0.951219512
0,0.780821918,0.133392192,0.133333333,0,0,0.397959184,0.5,0.266666667,0.333333333,1,0,0.5,1,0.951219512
0,0.273972603,0.04706535,0.533333333,0,0,0.397959184,0.125,0.733333333,0,0.714285714,0.8,0.25,0,0
0,0.424657534,0.029900921,0.333333333,0,0,0.397959184,0.125,0,0.666666667,0.214285714,0.2,0.5,1,0.951219512
0,0.054794521,0.113932272,0.533333333,0,0,0.397959184,0.5,0.733333333,0.666666667,0.5,0.6,1,1,0.951219512
0,0.547945205,0.075330404,0.8,0,0,0.346938776,0,0.6,0.666666667,0,0.2,0.5,0,0.951219512
0,0.493150685,0.011990271,0.333333333,0,0,0.346938776,0.75,0,0.333333333,0.357142857,0,1,1,0.951219512
0,0.356164384,0.030469212,0.733333333,0,0,0.397959184,0.5,0.466666667,0,0.214285714,0.2,1,1,0.951219512
1,0.493150685,0.110102394,0.533333333,0,0,0.5,0.5,0.733333333,0.333333333,0.285714286,0,1,1,0.951219512
1,0.575342466,0.14822392,0.6,0,0.424242424,0.448979592,0.5,1,0.333333333,0.285714286,0,1,1,0.951219512
0,0.095890411,0.22263694,0.533333333,0,0,0.397959184,0.5,0.733333333,0.666666667,0.071428571,0.2,1,1,0.951219512
1,0.232876712,0.131256364,0.8,0,0,0.479591837,0.5,0.6,0.333333333,0.285714286,0,1,1,0.951219512
0,0.547945205,0.088453875,0.533333333,0,0,0.295918367,0.5,0.733333333,1,0.571428571,0.8,1,0,0
0,0.424657534,0.026110959,0.6,0,0,0.397959184,0.5,1,0.333333333,0.214285714,0,1,1,0.268292683
0,0.136986301,0.013527364,0.533333333,0,0,0.5,0.75,0.733333333,0.666666667,0.357142857,0.8,1,1,0.951219512
0,0.191780822,0.129412799,0.533333333,0,0,0.295918367,0.875,0.733333333,0,0.071428571,0.8,1,0,0.951219512
0,0,0.027958582,0.466666667,0,0,0.051020408,0.5,0.133333333,0.666666667,0.571428571,0.6,1,0,0.951219512
1,0.397260274,0.15882932,0.866666667,0,0,0.397959184,0.25,0.8,0.333333333,0.714285714,0,1,1,0.951219512
1,0.465753425,0.20706508,0.733333333,0,0,0.295918367,0.75,0.466666667,0.333333333,0.714285714,1,1,0,0.048780488
0,0.739726027,0.219725123,0.866666667,0,0,0.397959184,0.25,0.8,1,0.714285714,0.2,1,0,0.951219512
0,0.287671233,0.050923643,0.6,0,0,0.397959184,0.5,1,0.333333333,0.214285714,0,1,1,0.951219512
1,0.438356164,0.113376835,0.533333333,0,0,0.397959184,0.5,0.733333333,0.333333333,0.214285714,0,1,1,0.951219512
0,0.465753425,0.042862024,0.533333333,0,0,0.5,0.5,0.733333333,0.333333333,0.857142857,0,1,1,0.951219512
0,0.136986301,0.109368351,0.8,0,0,0.5,0.5,0.6,0.666666667,0.714285714,0.2,1,1,0.951219512
0,0.479452055,0.053286111,0.533333333,0,0,0.346938776,0.5,0.733333333,0,0.5,0.6,0.5,0,0.951219512
1,0.506849315,0.131638607,0.533333333,0,0,0.357142857,0.625,0.733333333,0.333333333,0.285714286,0,1,1,0.951219512
0,0.054794521,0.064674941,0.733333333,0,0,0.081632653,0.5,0.466666667,0.666666667,0.571428571,0.6,1,0,0.951219512
0,0.109589041,0.062464017,0.533333333,0,0,0.244897959,0.5,0.733333333,0.666666667,0.785714286,0.8,1,0,0.951219512
0,0.191780822,0.030227012,0.6,0,0,0.397959184,0.5,1,0,0.285714286,0.8,1,0,0.951219512
0,0.232876712,0.036719741,0.8,0,0,0.367346939,0.5,0.6,0.333333333,0.071428571,0,1,1,0.951219512
1,0.410958904,0.121554818,0.533333333,0,0,0.397959184,0.5,0.733333333,0.333333333,0.857142857,0,0.5,1,0.951219512
0,0.178082192,0.102974396,0.6,0,0,0.091836735,0.25,1,0.666666667,0.071428571,0.6,1,0,0.951219512
0,0.205479452,0.162289808,0.6,0,0,0.346938776,0.5,1,0.666666667,0.571428571,0.2,0.5,1,0.951219512
0,0.273972603,0.144491464,0.733333333,0,0,0.5,0.75,0.466666667,0.5,0.357142857,0.2,1,1,0.951219512
0,0.410958904,0.112821398,0.533333333,0,0,0.397959184,0.25,0.733333333,0.666666667,0.214285714,0.2,1,1,0.951219512
0,0.082191781,0.161444137,0.6,0,0,0.295918367,0.5,1,0.666666667,0.571428571,0.2,0.5,1,0.951219512
0,0.01369863,0.167759613,0.4,0,0,0.397959184,0.5,0.066666667,0.666666667,0.571428571,0.6,1,1,0.951219512
0,0.493150685,0.040245177,1,0,0,0.5,0.5,0.666666667,0,0.714285714,0.2,1,1,0.951219512
0,0.191780822,0.097542478,0.8,0,0,0.397959184,0.25,0.6,0.666666667,0.714285714,0.4,1,1,0
0,0.246575342,0.066559774,0.533333333,0,0,0.346938776,0.5,0.733333333,0.333333333,0.5,1,0.5,0,0.951219512
0,0.273972603,0.119812734,0.666666667,0,0,0.37755102,0.5,0.533333333,0.666666667,0.071428571,0.6,1,0,0.951219512
1,0.246575342,0.014015148,0.933333333,0.150241502,0,0.602040816,0.5,0.933333333,0.333333333,0.714285714,0,1,1,0.951219512
0,0.246575342,0.01074003,0.8,0,0,0.397959184,0.5,0.6,0.5,0.285714286,0.8,1,0,0.951219512
0,0.068493151,0.015033336,0.6,0,0,0.244897959,0,1,0.833333333,0,0.8,1,0,0.951219512
0,0.04109589,0.220114132,0.6,0,0,0.397959184,0.5,1,0.666666667,0.857142857,0.6,1,1,0.951219512
0,0.575342466,0.12461615,0.533333333,0,0,0.397959184,0.5,0.733333333,1,0.071428571,0.8,1,0,0.951219512
0,0.260273973,0.051956715,0.666666667,0,0,0.397959184,0.125,0.533333333,0.333333333,0.928571429,0,1,1,0.951219512
1,0.260273973,0.124373273,0.866666667,0,0,0.428571429,0.5,0.8,0.333333333,0.714285714,0,1,1,0.951219512
0,0.273972603,0.149653444,0.533333333,0,0,0.5,0.5,0.733333333,0.666666667,0.357142857,0.2,1,1,0.951219512
0,0.178082192,0.068383718,0.6,0,0,0.397959184,0.5,1,0.333333333,0.428571429,0,1,1,0.756097561
0,0,0.024575219,0.533333333,0,0,0.132653061,0,0.733333333,0.666666667,0,0.6,1,1,0.951219512
0,0.095890411,0.130976277,0.533333333,0,0,0.397959184,0.5,0.733333333,0.666666667,0.071428571,0.8,0.5,0,0.951219512
0,0.136986301,0.050331672,0.8,0,0,0.397959184,0.5,0.6,0.666666667,0.571428571,0.2,1,0,0.951219512
0,0.205479452,0.280209591,0.066666667,0.036740367,0,0.397959184,0.5,0.2,0.666666667,0.214285714,0.2,1,1,0.317073171
0,0.328767123,0.249794502,0.6,0,0,0.5,0.5,1,0.666666667,0.571428571,0.6,1,1,0.951219512
0,0.547945205,0.092160623,0.8,0,0,0.346938776,0.25,0.6,0.333333333,0.714285714,0,0.25,1,0.463414634
0,0.219178082,0.076835023,0.533333333,0,0,0.397959184,0.5,0.733333333,0.333333333,0.214285714,0,1,1,0.951219512
1,0.465753425,0.125076872,0.933333333,0,0.587465565,0.5,0.5,0.933333333,0.666666667,0.714285714,0.2,1,0,0.951219512
1,0.739726027,0.100629518,0.866666667,0,0,0.071428571,0,0.8,0.333333333,0,0,1,1,0.951219512
0,0.095890411,0.278874783,0.8,0,0,0.295918367,0.5,0.6,0.333333333,0.714285714,0,1,1,0.951219512
0,0.01369863,0.233363439,0.333333333,0,0,0.153061224,0.625,0,0.666666667,0.571428571,0.6,1,1,0.951219512
0,0.136986301,0.06026527,0.533333333,0,0,0.397959184,0.5,0.733333333,0.333333333,0.428571429,0,1,1,0.634146341
0,0.04109589,0.065354861,0.533333333,0,0,0.397959184,0.5,0.733333333,0.666666667,0.5,0.6,1,0,0.951219512
1,0.301369863,0.151616079,0.533333333,0,0,0.5,0.5,0.733333333,0.333333333,1,0,1,1,0.951219512
0,0.109589041,0.162077376,0.6,0,0,0.397959184,0.5,1,0.666666667,0.071428571,0.2,0.5,0,0.56097561
0,0.534246575,0.054749461,0.533333333,0,0,0.397959184,0.5,0.733333333,1,0.571428571,0.8,1,0,0.048780488
0,0.301369863,0.0228284,0.6,0,0,0.602040816,0.5,1,0,0.571428571,0.8,1,0,0.951219512
0,0.02739726,0.179748531,0.6,0,0,0.346938776,0.5,1,0.666666667,0.857142857,0.6,1,1,0.951219512
0,0,0.064939467,0.333333333,0,0,0.112244898,0.5,0,0.666666667,0.857142857,0.6,1,0,0.951219512
0,0.191780822,0.245539758,0.4,0,0,0.346938776,0.5,0.066666667,0.666666667,1,0.2,0.5,1,0.951219512
0,0.273972603,0.114618957,0.666666667,0,0,0.397959184,0.5,0.533333333,0.333333333,0.214285714,0,1,1,0.951219512
0,0.315068493,0.157403179,0.533333333,0,0,0.397959184,0.5,0.733333333,0.333333333,0.214285714,0,1,1,0.951219512
0,0.684931507,0.106317844,0.266666667,0,0,0.397959184,0.5,0.4,0.333333333,1,0,1,1,0.951219512
0,0.369863014,0.013463093,0.533333333,0,0,0.704081633,0.5,0.733333333,0.666666667,1,0.8,1,1,0.951219512
0,0.219178082,0.097542478,0.333333333,0,0,0.397959184,0.5,0,0.666666667,0.357142857,0.2,1,1,0.951219512
0,0.095890411,0.186523376,0.8,0,0,0.397959184,0.125,0.6,0.666666667,0.142857143,0.2,1,1,0.951219512
0,0.191780822,0.106024903,0.533333333,0,0,0.551020408,0.5,0.733333333,0.333333333,0.428571429,0,1,1,0.951219512
0,0.342465753,0.013762123,0.533333333,0,0,0.397959184,0.5,0.733333333,0.333333333,1,0,1,1,0.951219512
1,0.410958904,0.159509916,0.6,0,0,0.469387755,0.5,1,0.333333333,0.571428571,0,1,1,0.951219512
0,0.589041096,0.143488159,0.533333333,0,0,0.397959184,0.75,0.733333333,0.333333333,0.857142857,0,1,1,0.951219512
0,0.726027397,0.134250041,0.933333333,0.025380254,0,0.448979592,0,0.933333333,0,0,0.2,1,1,0.951219512
0,0.589041096,0.204084932,0.533333333,0,0,0.397959184,0.875,0.733333333,0.333333333,0.571428571,0,1,1,0.951219512
1,0.342465753,0.244354465,0.533333333,0,0,0.397959184,0.5,0.733333333,0.333333333,0.214285714,0,1,1,0.951219512
0,0.109589041,0.12848662,0.8,0,0,0.602040816,0.5,0.6,0.666666667,0.071428571,0.8,1,0,0.951219512
0,0.328767123,0.190449322,0.666666667,0,0,0.551020408,0.5,0.533333333,0.333333333,1,0,1,1,0.951219512
0,0.01369863,0.060818678,0.466666667,0,0,0.295918367,0.5,0.133333333,0.666666667,0.642857143,0.2,1,0,0.951219512
1,0.410958904,0.080423377,0.8,1,0,0.397959184,0.5,0.6,0,0.571428571,0.2,1,0,0.951219512
0,0.219178082,0.129339057,0.6,0,0,0.397959184,0.5,1,0,0.071428571,0.2,1,0,0.951219512
0,0.287671233,0.023287092,0.866666667,0,0,0.193877551,0.5,0.8,0.333333333,0.928571429,0,1,1,0.951219512
0,0.178082192,0.012181055,0.533333333,0,0,0.397959184,0.5,0.733333333,0.666666667,0.5,0.2,1,0,0.951219512
0,0,0.143282492,0.4,0,0,0.193877551,0.5,0.066666667,0.666666667,0.857142857,0.6,1,1,0.951219512
0,0.068493151,0.12042703,0.8,0,0,0.091836735,0.5,0.6,0.666666667,0.571428571,0.6,1,1,0.951219512
1,0.575342466,0.046560653,0.6,0,0,0.806122449,0.75,1,0.333333333,0.857142857,1,1,0,0.951219512
0,0.150684932,0.168755476,0.066666667,0,0,0.397959184,0.5,0.2,0.666666667,0.5,0.2,1,0,0.634146341
0,0.109589041,0.17461023,0.533333333,0,0,0.397959184,0.25,0.733333333,0.666666667,0.071428571,0.2,0.5,0,0.951219512
1,0.465753425,0.114236037,0.6,0,0,0.397959184,0.75,1,0.333333333,0.857142857,0,1,1,0.951219512
0,0.054794521,0.121218579,0.4,0,0,0.397959184,0.5,0.066666667,0.666666667,0.571428571,0.8,0.5,0,0.951219512
0,0.630136986,0.100992142,0.533333333,0,0,0.479591837,0.5,0.733333333,0.333333333,0.214285714,0,1,1,0.951219512
0,0.054794521,0.129630644,0.666666667,0,0,0.397959184,0.5,0.533333333,0.666666667,0.071428571,0.6,1,0,0.951219512
0,0.287671233,0.199659025,0.6,0,0,0.397959184,0.125,1,0,0.071428571,0.8,1,0,0.951219512
0,0.479452055,0.085962188,0.533333333,0,0,0.397959184,0.5,0.733333333,0.333333333,1,1,1,0,0.951219512
0,0.273972603,0.077389107,0.6,0,0,0.397959184,0.5,1,1,0.5,0.4,1,1,0
0,0.383561644,0.077525091,0.533333333,0,0,0.397959184,0.5,0.733333333,0,0.214285714,0.6,1,0,0.951219512
0,0.452054795,0.088977515,0.533333333,0,0,0.551020408,0.5,0.733333333,0.666666667,0.214285714,0.6,1,1,0.951219512
0,0.219178082,0.071508644,0.533333333,0,0,0.408163265,0.5,0.733333333,0.666666667,0.071428571,0.2,1,0,0.951219512
1,0.315068493,0.109673469,1,0,0,0.397959184,0.5,0.666666667,0.333333333,0.285714286,0,1,1,0.951219512
0,0.356164384,0.222525987,0.6,0,0,0.397959184,0.5,1,0,0.071428571,0.2,1,0,0.951219512
0,0.164383562,0.024897927,0.666666667,0,0,0.397959184,0.5,0.533333333,0.333333333,0.428571429,0,1,1,0.951219512
0,0.054794521,0.154407472,0.6,0,0,0.704081633,0.5,1,0.666666667,0.5,0.6,1,0,0.951219512
0,0.315068493,0.048400835,0.6,0,0,0.397959184,0.5,1,0,0.214285714,0.8,1,0,0.219512195
0,0.219178082,0.071495114,0.533333333,0,0,0.551020408,0.5,0.733333333,0.666666667,0.5,0.4,1,1,0.951219512
0,0.02739726,0.112661058,0.533333333,0,0,0.193877551,0.5,0.733333333,0.666666667,0.5,0.6,0.5,0,0.951219512
1,0.534246575,0.127155194,0.666666667,0,0,0.479591837,0.5,0.533333333,0.333333333,0.214285714,0,1,1,0.951219512
0,0.02739726,0.179559777,0,0,0,0.357142857,0.5,0.866666667,0.666666667,0.357142857,0.2,1,1,0.634146341
0,0.109589041,0.167377369,0.4,0,0,0.5,0.5,0.066666667,0.333333333,0.214285714,0,1,1,0.951219512
0,0.054794521,0.218714376,0.6,0,0,0.295918367,0.5,1,0.666666667,0.5,0.6,1,1,0
0,0.164383562,0.105701518,0.6,0,0,0.397959184,0.5,1,0.666666667,0.928571429,0.2,1,0,0.951219512
0,0.246575342,0.049565156,0.6,0,0,0.397959184,0.25,1,0.833333333,0.071428571,0.8,0,0,0.951219512
0,0.01369863,0.16845171,0.6,0,0.367768595,0.397959184,0,1,0.666666667,0,0.6,0.5,0,0.024390244
0,0.164383562,0.069402584,0.6,0,0,0.397959184,0.5,1,0,0.214285714,0.6,1,1,0.951219512
0,0.054794521,0.150071544,0.6,0,0,0.397959184,0.5,1,0.666666667,0.428571429,0.6,1,1,0.951219512
0,0.136986301,0.126930584,0.8,0,0,0.397959184,0.5,0.6,0.666666667,0.714285714,0.2,1,0,0.951219512
1,0.328767123,0.047197951,0.533333333,0,0,0.397959184,0.5,0.733333333,0.333333333,0.214285714,0,1,1,0.951219512
0,0.205479452,0.282718192,0.533333333,0,0,0.5,0.5,0.733333333,0,0.214285714,0.4,0.5,0,0.951219512
1,0.273972603,0.058252572,0.533333333,0,0,0.5,0.625,0.733333333,0.333333333,0.285714286,0,1,1,0.951219512
0,0.479452055,0.118055767,0.533333333,0,0.43067034,0.5,0.5,0.733333333,0.666666667,0.857142857,0.2,1,1,0.951219512
0,0.246575342,0.123403795,0.2,0,0,0.397959184,0.5,0.333333333,0,0.928571429,0.8,1,0,0.951219512
0,0.465753425,0.202476803,0.533333333,0,0,0.397959184,0.75,0.733333333,0,0.857142857,0.2,1,1,0.951219512
0,0.095890411,0.08120816,0.533333333,0,0,0.5,0.75,0.733333333,0,0.5,0.2,1,1,0.951219512
0,0.260273973,0.121453338,0.533333333,0,0,0.755102041,0.5,0.733333333,0,0.214285714,0.2,1,1,0.951219512
0,0.273972603,0.084204544,0.533333333,0,0,0.346938776,0.25,0.733333333,0.666666667,0.071428571,0.6,1,0,0.951219512
0,0.452054795,0.077315365,0.533333333,0,0,0.397959184,0.5,0.733333333,0.333333333,0.428571429,0,0.5,1,0.951219512
1,0.260273973,0.250707151,0.733333333,0,0,0.428571429,0.5,0.466666667,0.333333333,0.285714286,0,1,1,0.951219512
0,0.232876712,0.115301583,0.533333333,0,0,0.346938776,0.5,0.733333333,0.833333333,0.571428571,0.2,1,0,0
0,0.246575342,0.1148686,0.533333333,0,0,0.418367347,0.25,0.733333333,0.833333333,0.785714286,0.2,1,1,0.951219512
0,0.342465753,0.135132923,0.8,0,0,0.397959184,0.875,0.6,0,0.714285714,0.2,0.5,1,0.951219512
0,0.383561644,0.03412522,0.6,0,0,0.397959184,0.875,1,0,0.571428571,0.2,1,0,0.951219512
1,0.575342466,0.06977062,0.6,0,0,0.397959184,0.5,1,0.333333333,0.285714286,0,1,1,0.951219512
0,0.315068493,0.122570977,0.733333333,0,0,0.397959184,0.5,0.466666667,0.833333333,0.5,0.2,1,1,0.682926829
0,0.164383562,0.18787848,0.533333333,0,0,0.551020408,0.5,0.733333333,0.666666667,1,0.8,1,1,0.951219512
0,0.342465753,0.070300349,0.533333333,0,0,0.397959184,0.75,0.733333333,0.333333333,0.214285714,0,1,1,0.951219512
1,0.301369863,0.144132899,0.8,0,0,0.5,0.5,0.6,1,0.714285714,0.8,1,0,0.756097561
0,0.424657534,0.018039868,0.533333333,0,0,0.897959184,0.5,0.733333333,0.333333333,0.928571429,0,1,1,0.951219512
1,0.328767123,0.054760286,0.8,0,0.453856749,0.602040816,0.625,0.6,0.333333333,0.285714286,0,0.25,1,0.87804878
1,0.356164384,0.069610957,0.8,0,0,0.428571429,0.5,0.6,0,0.714285714,0.8,1,0,0.951219512
0,0.438356164,0.032018483,0.6,0,0,0.43877551,0.5,1,0.333333333,0.857142857,0,1,1,0.951219512
0,0.493150685,0.167660162,0.933333333,0,0,0.5,0.25,0.933333333,0,0.714285714,0.2,1,0,0.951219512
1,0.328767123,0.023057069,0.8,0,0,0.5,0.125,0.6,0.333333333,0.285714286,1,0.5,0,0.951219512
1,0.438356164,0.044055435,0.6,0,0,0.43877551,0.75,1,0.333333333,0.857142857,0,1,1,0
0,0.575342466,0.038967875,0.933333333,0,0,0.5,0.5,0.933333333,0.5,0.714285714,0.8,1,1,0.951219512
0,0.410958904,0.11300068,0.333333333,0,0,0.295918367,0.5,0,0,0.857142857,0.8,1,0,0.951219512
0,0.602739726,0.116284592,0.466666667,0,0,0.397959184,0.5,0.133333333,0.333333333,0.214285714,1,0.5,0,0.951219512
0,0.136986301,0.086987819,0.266666667,0,0,0.397959184,0.75,0.4,0.333333333,0.214285714,0,1,1,0.951219512
1,0.410958904,0.130424899,0.933333333,0,0.453856749,0.602040816,0.5,0.933333333,0.333333333,0.714285714,0,1,1,0.951219512
1,0.136986301,0.167502529,0.533333333,0,0,0.602040816,0.75,0.733333333,0.333333333,0.571428571,0,0.5,1,0.951219512
0,0.260273973,0.104199606,0.533333333,0,0,0.326530612,0.5,0.733333333,0.333333333,1,0,1,1,0.951219512
0,0.095890411,0.059236934,0.866666667,0,0,0.602040816,0.5,0.8,0.666666667,0.714285714,0.6,1,1,0.951219512
0,0.643835616,0.099741901,0.533333333,0.105661057,0,0.397959184,0.5,0.733333333,0.333333333,1,0,1,1,0.951219512
1,0.589041096,0.157482334,0.533333333,0,0,0.397959184,0.5,0.733333333,0.333333333,0.214285714,0,1,1,0.951219512
0,0.273972603,0.23893946,0.533333333,0,0,0.704081633,0.5,0.733333333,0.833333333,0.214285714,0.8,1,1,0.731707317
0,0.04109589,0.220011975,0.6,0,0,0.295918367,0,1,0.666666667,0,0.6,0.5,1,0.951219512
0,0.315068493,0.062652094,0.8,0,0,0.397959184,0.5,0.6,0.333333333,0.928571429,0,1,1,0.951219512
0,0.246575342,0.152089655,0.533333333,0,0,0.193877551,0.5,0.733333333,0.333333333,0.642857143,0.4,1,0,0.097560976
0,0.082191781,0.394540344,0.2,0,0,0.397959184,0.5,0.333333333,0.666666667,0.214285714,0.2,1,1,0.634146341
1,0.383561644,0.0541832,0.6,0.135501355,0,0.602040816,0.5,1,0.666666667,0.285714286,0.2,0.75,1,0.463414634
0,0.561643836,0.046513972,0.6,0,0,0.112244898,0.5,1,0.333333333,0.857142857,0,1,1,0.951219512
0,0.383561644,0.147977661,0.8,0,0,0.397959184,0.875,0.6,0,0.785714286,0.2,1,1,0.951219512
1,0.315068493,0.056980681,0.6,0,0,0.397959184,0.5,1,0.333333333,0.714285714,0,0,1,0.951219512
0,0.260273973,0.135429246,0.8,0,0,0.397959184,0.125,0.6,0.333333333,0.071428571,0,1,1,0.951219512
0,0.410958904,0.028397655,0.4,0,0,0.397959184,0.5,0.066666667,0.666666667,0.428571429,0.6,1,1,0.951219512
0,0.191780822,0.125548418,0.6,0,0,0.397959184,0.5,1,0.333333333,0.428571429,0,1,1,0.951219512
0,0.780821918,0.022348735,0.466666667,0.014090141,0,0.193877551,0.75,0.133333333,0.333333333,0.571428571,0,1,1,0.048780488
0,0.123287671,0.359940871,0.6,0,0,0.397959184,0.5,1,0.333333333,0.571428571,0,1,1,0.951219512
0,0.301369863,0.072923284,0.533333333,0,0,0.397959184,0.5,0.733333333,0,0.428571429,0.2,1,1,0.951219512
0,0.356164384,0.051841704,0.6,0.010550106,0,0.397959184,0.5,1,0.666666667,0.428571429,0.6,0.25,0,0.951219512
1,0.657534247,0.067111152,0.6,0,0.499081726,0.091836735,0.75,1,0.333333333,0.285714286,0,1,1,0.951219512
0,0.02739726,0.066941341,0.6,0,0,0.295918367,0.5,1,0.666666667,0.428571429,0.2,1,1,0.951219512
0,0.219178082,0.118619323,0.8,0,0.399678604,0.397959184,0.5,0.6,0.666666667,0.714285714,0.6,1,1,0.951219512
0,0.465753425,0.058709234,0.866666667,0,0,0.346938776,0.25,0.8,0.333333333,0.714285714,0,1,1,0.951219512
0,0.02739726,0.156841653,0.533333333,0,0,0.295918367,0.5,0.733333333,0.666666667,0.571428571,0.6,0.5,1,0.951219512
0,0.02739726,0.060363368,0.6,0,0,0.316326531,0.5,1,0.666666667,0.714285714,0.6,1,1,0.951219512
0,0.342465753,0.157654851,0.533333333,0,0,0.5,0.5,0.733333333,0.333333333,0.857142857,0,1,1,0.951219512
0,0.164383562,0.066556391,0.533333333,0,0,0.346938776,0.75,0.733333333,0.833333333,0.214285714,0.2,1,1,0.951219512
0,0.109589041,0.192979572,0.8,0,0,0.397959184,0.5,0.6,0.666666667,0.857142857,0.6,1,0,0.951219512
0,0.493150685,0.09552775,0.6,0,0,0.5,0.875,1,0.333333333,0.357142857,0,1,1,0.951219512
0,0.616438356,0.126333878,0.533333333,0,0,0.540816327,0.5,0.733333333,0.5,0.214285714,0.2,1,1,0.951219512
0,0.589041096,0.324013355,0.533333333,0,0,0.295918367,0.5,0.733333333,1,0.857142857,0.2,1,0,0.951219512
1,0.260273973,0.027089908,0.866666667,0,0,0.397959184,0.5,0.8,0.333333333,0.714285714,0,0.75,1,0.487804878
0,0.232876712,0.126072058,0.666666667,0,0,0.397959184,0.5,0.533333333,0.666666667,0.071428571,0.2,1,0,0.951219512
1,0.219178082,0.188895316,1,0,0,0.5,0.875,0.666666667,0.333333333,0.714285714,0,1,1,0.951219512
0,0.630136986,0.080666254,0.533333333,0,0,0.397959184,0.5,0.733333333,0,0.285714286,0.2,1,0,0.951219512
0,0.342465753,0.164778789,0.533333333,0,0,0.397959184,0.25,0.733333333,0.333333333,1,0,1,1,0.951219512
0,0.246575342,0.056401566,0.533333333,0,0,0.56122449,0.5,0.733333333,0,0.214285714,0.2,1,1,0.951219512
0,0.260273973,0.174021642,0.533333333,0,0,0.346938776,0.75,0.733333333,0,0.857142857,0.2,1,1,0.951219512
1,0.164383562,0.12534884,0.533333333,0,0.436639118,0.346938776,0.5,0.733333333,0.333333333,0.571428571,1,1,0,0.951219512
0,0.356164384,0.074546297,0.266666667,0,0.143480257,0.397959184,0.5,0.4,0.666666667,0.5,0.8,0.5,0,0.951219512
0,0.328767123,0.03222415,0.666666667,0,0,0.632653061,0.5,0.533333333,0.333333333,0.857142857,0,1,1,0.951219512
0,0.260273973,0.061334876,0.666666667,0,0,0.397959184,0.5,0.533333333,0,0.214285714,0.2,1,1,0.951219512
1,0.465753425,0.160450303,0.8,0,0,0.551020408,0.5,0.6,0.333333333,0.285714286,0,1,1,0.951219512
0,0.04109589,0.124748751,0.466666667,0,0,0.397959184,0.5,0.133333333,0.666666667,0.071428571,0.6,1,0,0.951219512
0,0.109589041,0.073034236,0.8,0,0,0.397959184,0.5,0.6,0.666666667,0.285714286,0.2,1,1,0.951219512
0,0.616438356,0.085471022,0.666666667,0,0,0.193877551,0.5,0.533333333,0.833333333,0.642857143,0.2,0.5,0,0.951219512
0,0.821917808,0.051592738,0.6,0,0,0.071428571,0,1,0.333333333,0,0,1,1,0.951219512
0,0.657534247,0.061475596,0.2,0,0.323921028,0.397959184,0.25,0.333333333,0.333333333,0.285714286,0,1,1,0.951219512
1,0.260273973,0.161561178,0.6,0,0,0.397959184,0.25,1,0.333333333,0.785714286,0,1,1,0.951219512
0,0.082191781,0.258658494,0.8,0,0,0.397959184,0.5,0.6,0.666666667,0.928571429,0.6,0.5,1,0.951219512
0,0.287671233,0.104968152,0.533333333,0,0,0.193877551,0.25,0.733333333,0.333333333,1,0,1,1,0.951219512
0,0.095890411,0.071370631,0.8,0,0,0.397959184,0.5,0.6,0.666666667,0.285714286,0.6,1,1,0.951219512
0,0.287671233,0.122899774,0.533333333,0,0,0.397959184,0.5,0.733333333,0.666666667,1,0.2,1,1,0.951219512
0,0.136986301,0.05927279,0.6,0,0,0.5,0.5,1,0.333333333,0.214285714,0,1,1,0.951219512
1,0.383561644,0.125191206,0.6,0,0,0.551020408,0.625,1,0.333333333,0.214285714,0,1,1,0.951219512
0,0.506849315,0.182932316,0.8,0,0,0.5,0.5,0.6,0.666666667,0.714285714,0.2,1,0,0.951219512
0,0.219178082,0.141108777,0.533333333,0,0,0.448979592,0.5,0.733333333,0,1,0.2,1,1,0.951219512
0,0.904109589,0.136377075,0.533333333,0,0,0.071428571,0.75,0.733333333,1,0.285714286,0.2,1,1,0.951219512
0,0.452054795,0.084801927,0.533333333,0,0,0.448979592,0,0.733333333,0.333333333,0,0,0.5,1,0.341463415
0,0.232876712,0.120332992,0.6,0,0,0.418367347,0.5,1,0.666666667,0.071428571,0.2,1,0,0.951219512
1,0.397260274,0.012953661,0.533333333,0.03103031,0,0.520408163,0.5,0.733333333,0.333333333,0.071428571,1,1,0,0.951219512
0,0.178082192,0.19431641,0.733333333,0,0,0.397959184,0.5,0.466666667,0.833333333,0.571428571,0.8,1,0,0.951219512
0,0.260273973,0.088694046,0.533333333,0,0,0.602040816,0.75,0.733333333,0.333333333,0.357142857,0,1,1,0.951219512
0,0.219178082,0.015574566,0.266666667,0,0,0.43877551,0.875,0.4,0.666666667,0.571428571,0.6,1,0,0.951219512
0,0.082191781,0.083748558,0.8,0,0,0.316326531,0.875,0.6,0.666666667,0.714285714,0.2,1,0,0.951219512
1,0.342465753,0.158848939,0.8,0.03103031,0,0.5,0.25,0.6,0.333333333,0.714285714,0,1,1,0.951219512
0,0.150684932,0.145831008,0.533333333,0,0,0.397959184,0.5,0.733333333,0.666666667,1,0.2,1,0,0.951219512
0,0.136986301,0.105581771,0.533333333,0,0,0.397959184,0,0.733333333,0.833333333,0,0.8,0.5,0,0.951219512
1,0.219178082,0.15155722,0.8,0,0,0.602040816,0.5,0.6,0.333333333,0.285714286,0,0.5,1,0.951219512
0,0.424657534,0.225656326,0.533333333,0,0,0.397959184,0.5,0.733333333,0,0.5,0.2,1,1,0.951219512
1,0.273972603,0.012725667,0.666666667,0,0,0.602040816,0.75,0.533333333,0.333333333,0.357142857,0,1,1,0.951219512
1,0.410958904,0.069124527,1,0,0,0.5,0.5,0.666666667,0.333333333,0.714285714,0,1,1,0.951219512
0,0.479452055,0.075394675,0.533333333,0,0,0.602040816,0.75,0.733333333,0.833333333,0.285714286,0.2,1,1,0.951219512
0,0.260273973,0.06743183,0.6,0,0,0.520408163,0.75,1,0.333333333,0.285714286,0,1,1,0.951219512
0,0.164383562,0.03214026,0.8,0,0,0.397959184,0.5,0.6,0.666666667,0.714285714,0.2,0.25,1,0.87804878
1,0.369863014,0.132195398,0.533333333,0,0.359044995,0.551020408,0.5,0.733333333,0.666666667,0.285714286,0.2,1,1,0.219512195
0,0.01369863,0.120450709,0.4,0,0,0.295918367,0.5,0.066666667,0.666666667,0.214285714,0.6,1,1,0.951219512
0,0.479452055,0.084925733,0.266666667,0,0,0.397959184,0.5,0.4,0,1,0.2,1,1,0.951219512
0,0.356164384,0.100323047,0.8,0,0,0.397959184,0.25,0.6,0.333333333,0.214285714,0,1,1,0.951219512
1,0.561643836,0.075197803,0.8,0.076880769,0,0.5,0.5,0.6,0.333333333,0.285714286,0,1,1,0.951219512
0,0.01369863,0.178310213,0.466666667,0,0,0.153061224,0.5,0.133333333,0.666666667,0.857142857,0.4,1,0,0.951219512
0,0.178082192,0.092852045,0.533333333,0,0,0.5,0.5,0.733333333,0.333333333,0.214285714,0,1,1,0.951219512
0,0.328767123,0.155954713,0.533333333,0,0,0.397959184,0.5,0.733333333,0.333333333,1,0,1,1,0.951219512
0,0.356164384,0.094907365,0.666666667,0,0.536960514,0.357142857,0,0.533333333,1,0,0.2,1,0,0.951219512
0,0.342465753,0.106448416,0.6,0,0,0.37755102,0.5,1,0,0.071428571,0.2,0.5,0,0.951219512
0,0.534246575,0.185064762,0.866666667,0,0,0.704081633,0.75,0.8,0.333333333,0.857142857,1,1,0,0.951219512
0,0.424657534,0.171027288,0.333333333,0,0,0.37755102,0.5,0,0,0.857142857,0.2,1,0,0.951219512
0,0.246575342,0.235792885,0.266666667,0,0,0.448979592,0.5,0.4,0,0.214285714,0.2,1,1,0.951219512
0,0.191780822,0.082250704,0.733333333,0,0,0.397959184,0.5,0.466666667,0,0.285714286,0.2,1,1,0.951219512
1,0.369863014,0.121389066,0.866666667,0,0.554407713,0.551020408,0.625,0.8,0.333333333,0.714285714,0,1,1,0.951219512
1,0.397260274,0.066417024,0.866666667,0,0,0.551020408,0.625,0.8,0.333333333,0.285714286,0,1,1,0.951219512
0,0.068493151,0.206163932,0.4,0,0,0.193877551,0.5,0.066666667,0.833333333,0.571428571,0.8,1,0,0.951219512
1,0.109589041,0.198947308,0.533333333,0,0.436639118,0.397959184,0.25,0.733333333,0.333333333,0.785714286,0,1,1,0.634146341
0,0.136986301,0.084000907,0.8,0,0,0.397959184,0.5,0.6,0.666666667,0.071428571,0.2,0.5,0,0.951219512
0,0.452054795,0.090753426,0.533333333,0,0,0.397959184,0.5,0.733333333,0.333333333,0.214285714,0,1,1,0.951219512
0,0.123287671,0.238820389,0.533333333,0,0,0.397959184,0.5,0.733333333,0,0.5,0.2,1,1,0.951219512
0,0.219178082,0.098051234,0.866666667,0,0,0.397959184,0.5,0.8,0.666666667,0.857142857,0.2,1,0,0.951219512
0,0.301369863,0.01420999,0.533333333,0,0,0.602040816,0.125,0.733333333,1,0.714285714,0.8,1,0,0.951219512
0,0.232876712,0.261541896,0.8,0,0,0.418367347,0.5,0.6,0.666666667,0.714285714,0.2,1,1,0.951219512
1,0.397260274,0.06370208,0.6,0.076880769,0,0.37755102,0.875,1,0.333333333,0.285714286,0,0.5,1,0.951219512
1,0.424657534,0.124768371,1,1,0,0.602040816,0.75,0.666666667,0.333333333,0.714285714,0,1,1,0.951219512
0,0.534246575,0.099577502,0.2,0,0,0.397959184,0.5,0.333333333,0.333333333,1,0,1,1,0.951219512
1,0.410958904,0.072331314,0.6,0,0,0.346938776,0.75,1,0.333333333,0.071428571,1,1,0,0.951219512
1,0.465753425,0.021019339,0.6,0,0,0.418367347,0.5,1,0,0.214285714,0.2,1,1,0.951219512
0,0.315068493,0.014767457,0.533333333,0.068490685,0,0.428571429,0.5,0.733333333,0.666666667,0.285714286,0.2,0,1,0.951219512
1,0.246575342,0.1862257,0.6,0,0,0.551020408,0.5,1,0.333333333,0.857142857,0,1,1,0.951219512
0,0.534246575,0.015619894,0.6,0,0,0.295918367,0.5,1,0,0.571428571,0.2,1,1,0.951219512
0,0.369863014,0.033808601,0.4,0,0,0.397959184,0.5,0.066666667,0.666666667,0.571428571,0.2,1,0,0.951219512
1,0.328767123,0.186061978,0.533333333,0,0.436639118,0.397959184,0.5,0.733333333,0.333333333,0.714285714,0,1,1,0.951219512
0,0.301369863,0.127099718,0.8,0,0,0.397959184,0.5,0.6,0,0.071428571,0.2,1,1,0.951219512
0,0.178082192,0.059839052,0.8,0,0,0.397959184,0.5,0.6,0.666666667,0.928571429,0.2,1,0,0.951219512
0,0.095890411,0.199020374,0.533333333,0,0,0.397959184,0.5,0.733333333,0.666666667,0.357142857,0.8,1,1,0.951219512
0,0.534246575,0.082448253,0.333333333,0,0,0.397959184,0.5,0,0.333333333,0.071428571,0,0.5,1,0.951219512
1,0.328767123,0.022380532,0.533333333,0,0,0.724489796,0.5,0.733333333,0.333333333,0.214285714,0,1,1,0.951219512
0,0.219178082,0.021191179,0.6,0,0,0.397959184,0.125,1,0.666666667,0.285714286,0.2,0.5,0,0.951219512
1,0.301369863,0.064189187,0.533333333,0,0,0.397959184,0.5,0.733333333,0.333333333,0.928571429,0,1,1,0.951219512
1,0.616438356,0.0869797,0.533333333,0,0,0.397959184,0.25,0.733333333,0.333333333,0.571428571,0,1,1,0.951219512
0,0.506849315,0.093845201,0.6,0,0,0.602040816,0.5,1,0,0.5,0.2,1,1,0.951219512
1,0.671232877,0.12551865,0.8,0.106051061,0,0.397959184,0.625,0.6,0.333333333,0.285714286,0,1,1,0.951219512
0,0.068493151,0.028020147,0.333333333,0,0,0.397959184,0.5,0,0.333333333,0.428571429,0,1,1,0.951219512
1,0.095890411,0.124928033,0.666666667,0,0,0.397959184,0.5,0.533333333,0.333333333,0.714285714,0,1,1,0.951219512
1,0.424657534,0.082137723,0.8,0,0,0.397959184,0.75,0.6,0.5,0.285714286,0.2,0.5,1,0.56097561
0,0.219178082,0.093554967,0.533333333,0,0,0.397959184,0.875,0.733333333,0,0.071428571,0.2,1,1,0.951219512
0,0.753424658,0.123307726,0.6,0,0,0.020408163,0,1,0.5,0,0.2,1,1,0.951219512
0,0.561643836,0.015856682,0.533333333,0,0,0.602040816,0.75,0.733333333,0.333333333,0.214285714,0,1,1,0.951219512
1,0.630136986,0.070838872,0.533333333,0,0,0.397959184,0.5,0.733333333,0.333333333,0.5,0,1,1,0.951219512
0,0.630136986,0.066991405,0.2,0,0,0.091836735,0.75,0.333333333,1,0.357142857,0.8,1,0,0.951219512
0,0.082191781,0.090289998,0.533333333,0,0,0.397959184,0.75,0.733333333,0.333333333,0.357142857,0,1,1,0.951219512
0,0.150684932,0.040699134,0.6,0,0.383149679,0.602040816,0.5,1,0.666666667,0.285714286,0.2,1,1,0.951219512
0,0.356164384,0.064010581,0.6,0,0,0.397959184,0.5,1,0.333333333,0.714285714,0,1,1,0.951219512
0,0.123287671,0.11186545,0.466666667,0,0,0.397959184,0.5,0.133333333,0.5,1,0.8,1,1,0.634146341
0,0.342465753,0.065770255,0.133333333,0,0,0.397959184,0.5,0.266666667,0.833333333,0.428571429,0.8,1,0,0.951219512
1,0.219178082,0.131867953,0.533333333,0,0,0.551020408,0.5,0.733333333,0.333333333,0.5,0,1,1,0.951219512
0,0.04109589,0.146245049,0.6,0,0,0.5,0.5,1,0.666666667,0.857142857,0.2,1,1,0.951219512
0,0.136986301,0.161035508,0.266666667,0,0,0.397959184,0.5,0.4,0.333333333,0.785714286,0,1,1,0.317073171
0,0.136986301,0.125578862,0.6,0,0,0.397959184,0.5,1,0.333333333,0.571428571,0,1,1,0.951219512
0,0.287671233,0.108417139,0.533333333,0,0,0.551020408,0.5,0.733333333,0.333333333,0.857142857,0,1,1,0.951219512
0,0.410958904,0.116563326,0.6,0,0,0.602040816,0.5,1,0.333333333,0.928571429,0,1,1,0.951219512
0,0.123287671,0.100615987,0.8,0,0,0.295918367,0.5,0.6,0.666666667,0.071428571,0.6,1,1,0.951219512
0,0.01369863,0.115187249,0.533333333,0,0,0.397959184,0.5,0.733333333,0.666666667,0.5,0.6,0.5,1,0.951219512
0,0.232876712,0.1454535,0.6,0,0,0.397959184,0.5,1,0.666666667,0.214285714,0.2,1,1,0.951219512
0,0.479452055,0.113432311,0.933333333,0,0,0.397959184,0.625,0.933333333,0.333333333,0.285714286,0,1,1,0.951219512
0,0.219178082,0.106464653,0.666666667,0,0.383149679,0.551020408,0.25,0.533333333,0.666666667,0.071428571,0.6,1,1,0.951219512
0,0.287671233,0.105587184,0.533333333,0,0,0.479591837,0.5,0.733333333,0.333333333,0.214285714,0,1,1,0.951219512
0,0.082191781,0.092324346,0.6,0,0,0.346938776,0,1,0.666666667,0,0.2,1,0,0.951219512
0,0.287671233,0.115230547,0.8,0,0,0.5,0.5,0.6,0.333333333,0.857142857,0,1,1,0.756097561
1,0.493150685,0.019183893,0.8,0,0,0.397959184,0.125,0.6,0.333333333,0.785714286,0,1,1,0.951219512
0,0.02739726,0.063036367,0.6,0,0,0.193877551,0,1,0.666666667,0,0.6,1,1,0.219512195
1,0.260273973,0.104996567,0.8,0,0,0.397959184,0.5,0.6,0.333333333,0.071428571,0,1,1,0.951219512
0,0.04109589,0.217545996,0.533333333,0,0,0.397959184,0.5,0.733333333,0.666666667,0.071428571,0.6,1,0,0.951219512
0,0.273972603,0.170084872,0.8,0,0,0.397959184,0.25,0.6,0.666666667,0.714285714,0.8,0.5,1,0
0,0.178082192,0.107781194,0.8,0,0,0.5,0.5,0.6,0.5,0.857142857,0.2,1,0,0.951219512
0,0.178082192,0.217056183,0.6,0,0,0.397959184,0.5,1,0.666666667,0.214285714,0.2,1,1,0.951219512
0,0.342465753,0.117365022,0.6,0,0,0.602040816,0.5,1,0.333333333,0.5,0,1,1,0.951219512
0,0.328767123,0.127320269,0.533333333,0,0,0.479591837,0.75,0.733333333,0.666666667,0.214285714,0.2,1,1,0.951219512
1,0.369863014,0.167119608,0.8,0,0,0.397959184,0.125,0.6,0.333333333,0.285714286,0,1,1,0.951219512
0,0.342465753,0.143370441,0.6,0,0,0.397959184,0.5,1,1,0.857142857,0.8,0.5,0,0.951219512
0,0.232876712,0.015770086,0.8,0,0,0.397959184,0.5,0.6,0.333333333,0.857142857,0,1,1,0.951219512
0,0.383561644,0.104031824,0.533333333,0,0,0.397959184,0.5,0.733333333,0,0.571428571,0.8,1,0,0.951219512
0,0.246575342,0.192948451,0.8,0,0,0.397959184,0.5,0.6,0,0.285714286,0.8,1,0,0.951219512
0,0.068493151,0.119080721,0.533333333,0,0,0.275510204,0.5,0.733333333,0.666666667,0.857142857,0.2,1,0,0.951219512
1,0.726027397,0.016857958,0.866666667,0.093860939,0,0.295918367,0.75,0.8,0.333333333,0.714285714,0,1,1,0.951219512
0,0.150684932,0.158519466,0.533333333,0,0,0.704081633,0.5,0.733333333,0.666666667,0.214285714,0.6,1,1,0.951219512
0,0.534246575,0.116093132,0.4,0,0,0.397959184,0.5,0.066666667,0.333333333,0.5,0,1,1,0.951219512
1,0.547945205,0.120111764,0.6,0.07298073,0,0.397959184,0.25,1,0.333333333,0.428571429,0,0.5,1,0.951219512
0,0.054794521,0.126938702,0.6,0,0,0.397959184,0.5,1,0.666666667,0.571428571,0.6,1,0,0.951219512
1,0.232876712,0.10011129,0.533333333,0.140841408,0,0.346938776,0.5,0.733333333,0.666666667,0.928571429,0.6,0.25,1,0.073170732
1,0.150684932,0.1470596,0.866666667,0,0.340909091,0.397959184,0.25,0.8,0.333333333,0.285714286,1,1,0,0.951219512
1,0.547945205,0.213747239,0.533333333,0,0,0.397959184,0.875,0.733333333,0.333333333,0.071428571,0,1,1,0.951219512
0,0.342465753,0.039083563,0.4,0,0,0.448979592,0.5,0.066666667,0.333333333,1,0,1,1,0.951219512
0,0.712328767,0.113338949,0.333333333,0,0,0.091836735,0.25,0,0.333333333,1,0,1,1,0.951219512
0,0.164383562,0.097408524,0.733333333,0,0,0.244897959,0.5,0.466666667,0.666666667,0.285714286,0.6,0,1,0.951219512
0,0.410958904,0.102515028,0.333333333,0,0,0.397959184,0.5,0,0.333333333,0.214285714,0,1,1,0.951219512
0,0.136986301,0.122847681,0.533333333,0,0,0.5,0.625,0.733333333,0.666666667,0.857142857,0.2,1,1,0.951219512
1,0.410958904,0.060645484,0.8,0,0,0.704081633,0.625,0.6,0,0.285714286,0.2,1,1,0.951219512
1,0.369863014,0.163734216,0.866666667,0,0,0.397959184,0.5,0.8,0.666666667,0.714285714,0.2,1,1,0.43902439
1,0.397260274,0.110776902,0.8,0.278282783,0,0.5,0.5,0.6,0,0.285714286,0.2,1,1,0.951219512
1,0.684931507,0.077176674,0.4,0,0,0.081632653,0.5,0.066666667,0.333333333,0.571428571,0,0.5,1,0.951219512
0,0.397260274,0.046580273,0.666666667,0,0,0.295918367,0,0.533333333,0,0,0.8,1,1,0.951219512
0,0.657534247,0.088551973,0.6,0,0,0.448979592,0.5,1,1,0.857142857,0.4,1,0,0.951219512
1,0.561643836,0.157325377,0.8,0.047870479,0,0.397959184,0.125,0.6,0.833333333,0.714285714,0.2,1,1,0.951219512
0,0.315068493,0.048119395,0.6,0,0,0.367346939,0.5,1,0.333333333,0.5,0,1,1,0.951219512
1,0.438356164,0.189090835,0.8,0,0,0.397959184,0.5,0.6,0.333333333,0.214285714,0,1,1,0.951219512
0,0.438356164,0.010370641,0.533333333,0,0,0.397959184,0.5,0.733333333,0.833333333,0.5,0.2,1,0,0.951219512
0,0.123287671,0.12745693,0.533333333,0,0,0.397959184,0.75,0.733333333,0.333333333,0.285714286,0,1,1,0.682926829
1,0.424657534,0.122292244,0.866666667,0,0,0.602040816,0.5,0.8,0.333333333,0.285714286,0,1,1,0.951219512
1,0.328767123,0.010161591,0.533333333,0.076880769,0,0.397959184,0.75,0.733333333,0.333333333,0.357142857,0,1,1,0.951219512
0,0.054794521,0.091737788,0.6,0,0,0.397959184,0.5,1,0.333333333,0.071428571,0.4,1,0,0.951219512
1,0.356164384,0.241647639,0.8,0,0,0.397959184,0.125,0.6,0.333333333,0.714285714,0,1,1,0.951219512
1,0.493150685,0.188317553,0.533333333,0,0,0.5,0.5,0.733333333,0.333333333,0.571428571,0,1,1,0.268292683
1,0.369863014,0.224458178,0.8,0,0,0.397959184,0.5,0.6,0.666666667,0.571428571,0.2,1,1,0.951219512
0,0.205479452,0.079844261,0.533333333,0,0.340909091,0.479591837,0.5,0.733333333,0.333333333,0.714285714,0,1,1,0.951219512
0,0.109589041,0.117492211,0.866666667,0,0,0.295918367,0.5,0.8,0.666666667,0.714285714,0.2,1,1,0.951219512
0,0.04109589,0.096404542,0.533333333,0,0,0.193877551,0.625,0.733333333,0.666666667,0.357142857,0.6,1,1,0.951219512
0,0.328767123,0.075109853,0.6,0,0,0.397959184,0.5,1,0.333333333,0.357142857,0,1,1,0.951219512
0,0.205479452,0.222347382,0.8,0,0,0.397959184,0.5,0.6,0.333333333,0.285714286,0,1,1,0.951219512
0,0.342465753,0.173124554,0.8,0,0.340909091,0.602040816,0.5,0.6,0.333333333,0.285714286,0,1,1,0.951219512
0,0.643835616,0.023057069,0.6,0,0,0.602040816,0.75,1,1,0.285714286,0.2,1,0,0.951219512
0,0.02739726,0.03049898,0.6,0,0,0.295918367,0.5,1,0.666666667,0.5,0.6,1,0,0.951219512
0,0.123287671,0.112016318,0.8,0,0.43067034,0.37755102,0.75,0.6,0,0.285714286,0.2,1,1,0.951219512
0,0.698630137,0.094628632,0.533333333,0,0,0.193877551,0,0.733333333,1,0,0.2,1,0,0.951219512
0,0.452054795,0.055083671,0.6,0,0,0.397959184,0.75,1,0,0.857142857,0.2,1,0,0.951219512
0,0.164383562,0.030001049,0.666666667,0,0,0.397959184,0.5,0.533333333,0.333333333,0.071428571,0,1,1,0.951219512
0,0.219178082,0.133299506,0.266666667,0,0,0.448979592,0.5,0.4,0.666666667,0.571428571,0.2,1,1,0.195121951
0,0.630136986,0.065928564,0.533333333,0,0,0.37755102,0.875,0.733333333,0,0.071428571,0.2,1,0,0.951219512
0,0.506849315,0.12730065,0.6,0,0,0.346938776,0.5,1,0.333333333,0.928571429,0,1,1,0.951219512
0,0,0.059270084,0.4,0,0.367768595,0.397959184,0.125,0.066666667,0.666666667,0.071428571,0.2,0.5,0,0.951219512
0,0.178082192,0.106422031,0.6,0,0,0.397959184,0.5,1,0.333333333,0.071428571,0,1,1,0.951219512
0,0.424657534,0.010915254,0.8,0,0,0.397959184,0.875,0.6,0,0.285714286,0.8,1,1,0.951219512
0,0.424657534,0.110854027,0.4,0,0,0.397959184,0.5,0.066666667,0,0.571428571,0.8,0.5,0,0.951219512
0,0.452054795,0.0084601,0.533333333,0,0,0.397959184,0.875,0.733333333,0.333333333,0.428571429,0,1,1,0.951219512
0,0.205479452,0.08433038,0.533333333,0,0,0.12244898,0.5,0.733333333,0.666666667,0.571428571,0.8,0.5,0,0.951219512
0,0.219178082,0.187692433,0.333333333,0,0,0.397959184,0.25,0,0.333333333,1,0,1,1,0.951219512
0,0.136986301,0.086338343,0.533333333,0,0,0.295918367,0.5,0.733333333,0.666666667,0.857142857,0.8,0.5,0,0.951219512
0,0.150684932,0.175663599,0.6,0,0,0.346938776,0.5,1,0.666666667,0.285714286,0.2,1,0,0.951219512
0,0.054794521,0.114206946,0.6,0,0,0.193877551,0.125,1,0.666666667,0.928571429,0.6,0.5,1,0.951219512
0,0.643835616,0.175408544,0.533333333,0,0,0.295918367,0.5,0.733333333,0.333333333,0.5,1,1,0,0.097560976
0,0.684931507,0.007641489,0.733333333,0,0,0.397959184,0.5,0.466666667,0,0.928571429,0.2,1,0,0.951219512
0,0.753424658,0.103130677,0.8,0,0,0.275510204,0.5,0.6,0,0.857142857,0.8,1,0,0.951219512
0,0.205479452,0.142699993,0,0,0,0.397959184,0.5,0.866666667,0.333333333,0.5,0,1,1,0.634146341
1,0.356164384,0.091279095,0.733333333,0.278282783,0,0.448979592,0.625,0.466666667,0.666666667,0.285714286,0.2,1,1,0.951219512
0,0.424657534,0.012180378,0.333333333,0,0,0.295918367,0.5,0,0.333333333,0.214285714,0,1,1,0.951219512
0,0.767123288,0.217433014,0.533333333,0,0,0.5,0.5,0.733333333,0.333333333,0.357142857,0,1,1,0.951219512
1,0.506849315,0.108243269,0.866666667,0,0,0.397959184,0.5,0.8,0,0.928571429,0.2,1,1,0.951219512
1,0.342465753,0.179419734,0.933333333,0.150241502,0,0.653061224,0.625,0.933333333,0.333333333,0.714285714,0,1,1,0.951219512
0,0.438356164,0.094240976,0.6,0,0,0.316326531,0.5,1,0.333333333,0.571428571,0,1,1,0.951219512
0,0.123287671,0.158810377,0.533333333,0,0,0.653061224,0.5,0.733333333,0.333333333,1,0,1,1,0.951219512
0,0.397260274,0.019200806,0.8,0,0,0.397959184,0.5,0.6,0,0.285714286,0.4,1,1,0.951219512
1,0.794520548,0.066904131,0.8,0.251242512,0,0.153061224,0,0.6,1,0,0.2,1,0,0.951219512
0,0.534246575,0.082476668,0.866666667,0,0,0.5,0.5,0.8,0.666666667,0.857142857,0.2,1,1,0.951219512
0,0.315068493,0.08951198,0.533333333,0.028290283,0,0.397959184,0.5,0.733333333,0.333333333,0.071428571,0,1,1,0.951219512
1,0.684931507,0.176545127,0.8,0,0,0.5,0.625,0.6,0.333333333,0.857142857,0,1,1,0.951219512
1,0.410958904,0.005866255,0.533333333,0,0,0.397959184,0.5,0.733333333,0.333333333,0.214285714,0,1,1,0.951219512
0,0.301369863,0.115378709,0.866666667,0,0,0.448979592,0.5,0.8,0.666666667,0.285714286,0.2,1,0,0.951219512
1,0.273972603,0.038301485,0.533333333,0,0,0.602040816,0.75,0.733333333,0.333333333,1,0,1,1,0.951219512
0,0.232876712,0.015077988,0.533333333,0,0,0.602040816,0.5,0.733333333,0.666666667,0.428571429,0.2,1,1,0.951219512
1,0.219178082,0.043177967,0.533333333,0.043860439,0,0.602040816,0.5,0.733333333,0.333333333,0.285714286,0,1,1,0.951219512
0,0.506849315,0.154424385,0.6,0,0,0.479591837,0.5,1,0,0.857142857,0.8,1,0,0.951219512
0,0.191780822,0.187196531,0.6,0,0,0.397959184,0.5,1,0.666666667,0.785714286,0.2,1,1,0.951219512
0,0.438356164,0.137209216,0.266666667,0,0,0.193877551,0.75,0.4,0,0.571428571,0.2,1,0,0.951219512
0,0.136986301,0.131666345,0.8,0,0,0.346938776,0.5,0.6,0.666666667,0.428571429,0.8,1,1,0.951219512
0,0.287671233,0.066116642,0.6,0,0,0.428571429,0.5,1,0,0.071428571,0.8,1,0,0.951219512
0,0.616438356,0.066504298,0.6,0,0,0.397959184,0.5,1,1,0.642857143,0.8,1,0,0.951219512
1,0.410958904,0.089814392,0.533333333,0,0,0.397959184,0.5,0.733333333,0.333333333,0.5,0,1,1,0.12195122
0,0.178082192,0.111581981,0.933333333,0,0.399449036,0.397959184,0.5,0.933333333,0.333333333,0.714285714,0,0.5,1,0.341463415
0,0.493150685,0.137054965,0.666666667,0,0.459366391,0.397959184,0.5,0.533333333,0.666666667,0.071428571,0.4,0.5,0,0.951219512
0,0.328767123,0.135804048,0.866666667,0,0,0.397959184,0.25,0.8,0,0.714285714,0.8,1,0,0.951219512
0,0.082191781,0.138397892,0.666666667,0,0,0.244897959,0.125,0.533333333,0.333333333,0.428571429,0,1,1,0.951219512
0,0.438356164,0.021749999,0.6,0,0,0.346938776,0.5,1,0,0.928571429,0.4,1,1,0.951219512
1,0.424657534,0.06077132,0.733333333,0,0,0.5,0.5,0.466666667,0.333333333,0.714285714,0,1,1,0.951219512
0,0.082191781,0.259664505,0.533333333,0,0,0.244897959,0.5,0.733333333,0.666666667,0.571428571,0.2,1,0,0.951219512
0,0.232876712,0.145728851,0.666666667,0,0,0.642857143,0.5,0.533333333,0,0.928571429,0.2,1,0,0.951219512
0,0.315068493,0.024743677,0.533333333,0,0,0.316326531,0.75,0.733333333,0.333333333,0.214285714,0,1,1,0.951219512
0,0.410958904,0.222938675,0.8,0,0,0.448979592,0.5,0.6,0.333333333,0.714285714,1,1,0,0.951219512
0,0.068493151,0.151640434,0.533333333,0,0,0.193877551,0.5,0.733333333,0.666666667,0.071428571,0.6,1,1,0.951219512
0,0.780821918,0.05651793,0.6,0,0,0.020408163,0,1,1,0,0.2,1,0,0.951219512
0,0.136986301,0.071924715,0.533333333,0,0,0.346938776,0.5,0.733333333,0.666666667,0.5,0.8,0.5,0,0.951219512
0,0.01369863,0.183380184,0.4,0,0,0.193877551,0.5,0.066666667,0.666666667,0.571428571,0.4,0.5,1,0.951219512
1,0.452054795,0.183606147,1,0.150241502,0,0.602040816,0.625,0.666666667,0.333333333,0.714285714,0,1,1,0.951219512
1,0.219178082,0.107362418,0.933333333,0,0.433195592,0.397959184,0.75,0.933333333,0.333333333,0.714285714,0,1,1,0.951219512
0,0.712328767,0.014920355,0.533333333,0,0,0.397959184,0.875,0.733333333,0.333333333,0.785714286,0,1,1,0.951219512
0,0.054794521,0.185735887,0.6,0,0,0.112244898,0.5,1,0.666666667,0.428571429,0.6,1,1,0.951219512
0,0.246575342,0.102996722,0.6,0,0,0.397959184,0.5,1,0.333333333,0.214285714,0,1,1,0.951219512
0,0.643835616,0.171701796,0.533333333,0,0,0.346938776,0.25,0.733333333,0,0.071428571,0.2,1,0,0.951219512
0,0.04109589,0.101389946,0.533333333,0,0,0.193877551,0.5,0.733333333,0.666666667,0.857142857,0.6,0.5,0,0.951219512
0,0.136986301,0.041790388,0.8,0,0,0.5,0.25,0.6,0.666666667,0.928571429,0.2,1,1,0.951219512
0,0.753424658,0.052102847,0.533333333,0,0,0.153061224,0.5,0.733333333,0,0.571428571,0.2,1,0,0.951219512
0,0.082191781,0.114587837,0.6,0,0,0.397959184,0.5,1,0.666666667,0.857142857,0.2,1,1,0.951219512
0,0.328767123,0.197024589,0.533333333,0,0,0.397959184,0.5,0.733333333,0.333333333,0.285714286,0,1,1,0.951219512
0,0.123287671,0.117626842,0.533333333,0,0,0.397959184,0.5,0.733333333,0.833333333,0.928571429,0.6,1,0,0.951219512
0,0.616438356,0.053546578,0.333333333,0,0,0.397959184,0.5,0,0,0.714285714,0.8,1,0,0.951219512
0,0.191780822,0.098643881,0.6,0,0,0.346938776,0.25,1,0.666666667,0.071428571,0.6,1,0,0.951219512
0,0.082191781,0.138422247,0.533333333,0,0,0.397959184,0.5,0.733333333,0.666666667,0.428571429,0.2,1,1,0.951219512
0,0.123287671,0.134908312,0.8,0,0,0.397959184,0.5,0.6,0.666666667,0.714285714,0.6,1,1,0.951219512
0,0.643835616,0.064810248,0.6,0,0,0.397959184,0,1,0.333333333,0,0,1,1,0.951219512
0,0.178082192,0.223544176,0.533333333,0,0,0.397959184,0.5,0.733333333,0.333333333,0.428571429,0,1,1,0.951219512
0,0.397260274,0.193828626,0.6,0,0,0.397959184,0.875,1,0.666666667,0.571428571,0.6,0.5,0,0.951219512
0,0.410958904,0.23252115,1,0,0.45959596,0.448979592,0.75,0.666666667,0.333333333,1,0,1,1,0.951219512
1,0.219178082,0.263050575,0.533333333,0,0,0.5,0.5,0.733333333,0.333333333,0.428571429,0,1,1,0.951219512
0,0.424657534,0.145745764,0.8,0,0,0.602040816,0.5,0.6,0.333333333,0.857142857,0,1,1,0.951219512
0,0.630136986,0.075009049,0.533333333,0,0,0.397959184,0.5,0.733333333,0.333333333,0.428571429,0,1,1,0.951219512
0,0.273972603,0.107185841,0.533333333,0,0,0.397959184,0.5,0.733333333,0.333333333,0.285714286,0,1,1,0.951219512
0,0.136986301,0.112493953,0.6,0,0,0.295918367,0.5,1,0.666666667,0.071428571,0.6,1,1,0.951219512
1,0.301369863,0.050598905,0.533333333,0,0,0.448979592,0.75,0.733333333,0.333333333,0.357142857,0,1,1,0.951219512
0,0.479452055,0.186243966,0.533333333,0,0,0.397959184,0,0.733333333,0.833333333,0,0.8,1,1,0.951219512
0,0.178082192,0.016274106,0.4,0,0,0.346938776,0.5,0.066666667,0,0.571428571,0.8,1,0,0.951219512
0,0.191780822,0.111050223,0.533333333,0,0,0.397959184,0.5,0.733333333,0.333333333,0.214285714,0,1,1,0.951219512
1,0.205479452,0.132183896,0.8,0,0.561065197,0.5,0.5,0.6,0.666666667,0.285714286,0.4,1,1,0.951219512
1,0.232876712,0.070969444,0.533333333,0,0,0.397959184,0.875,0.733333333,0.333333333,0.785714286,0,1,1,0.951219512
0,0.328767123,0.109393383,0.533333333,0,0,0.397959184,0.5,0.733333333,0.333333333,0.571428571,0,1,1,0
0,0.273972603,0.140997825,0.533333333,0,0,0.397959184,0.5,0.733333333,0.333333333,0.071428571,0,1,1,0.951219512
1,0.383561644,0.359672285,0.866666667,0.143441434,0,0.479591837,0.5,0.8,0,1,0.2,1,1,0.951219512
0,0.02739726,0.019037761,0.6,0,0,0.275510204,0.5,1,0.666666667,0.857142857,0.2,1,0,0.951219512
0,0.136986301,0.062334798,0.733333333,0,0,0.397959184,0.5,0.466666667,0.666666667,0.071428571,0.2,1,1,0.951219512
0,0.178082192,0.133693928,0.8,0,0,0.397959184,0.5,0.6,0.333333333,0.214285714,0,1,1,0.951219512
0,0.02739726,0.089726442,0.6,0,0,0.193877551,0.5,1,0.666666667,0.571428571,0.6,1,1,0.951219512
1,0.342465753,0.150342159,0.8,0,0,0.397959184,0.5,0.6,0.333333333,0.714285714,0,1,1,0.951219512
0,0.109589041,0.166422098,0.6,0,0,0.397959184,0.5,1,0.666666667,0.428571429,0.2,0,1,0.951219512
1,0.232876712,0.111321514,0.8,0,0,0.397959184,0.5,0.6,0,0.714285714,0.8,1,0,0.951219512
1,0.082191781,0.052093376,0.6,1,0,0.397959184,0.875,1,0.666666667,0.785714286,0.2,0.75,0,0.951219512
0,0,0.015328983,0.333333333,0,0,0.142857143,0.5,0,0.666666667,0.571428571,0.6,1,0,0.951219512
1,0.301369863,0.066396052,0.733333333,0.150241502,0,0.448979592,0.5,0.466666667,0.333333333,0.285714286,1,1,0,0.951219512
1,0.301369863,0.090417863,0.8,0.150241502,0,0.551020408,0.5,0.6,0.333333333,0.214285714,0,1,1,0.951219512
1,0.219178082,0.158142634,0.8,0,0,0.397959184,0.5,0.6,0.333333333,0.714285714,0,1,1,0.951219512
1,0.561643836,0.107024826,0.866666667,0,0,0.602040816,0.5,0.8,0.333333333,0.285714286,0,1,1,0.951219512
0,0.191780822,0.099154667,0.733333333,0,0,0.397959184,0.125,0.466666667,0.666666667,0.071428571,0.6,0.5,0,0.951219512
0,0.397260274,0.162931166,0.8,0,0,0.397959184,0.25,0.6,0.666666667,0.714285714,0.2,0.5,0,0.951219512
1,0.479452055,0.105604774,0.533333333,0,0,0.397959184,0.5,0.733333333,1,0.571428571,0.8,0.25,0,0.463414634
0,0,0.154748447,0.466666667,0,0,0.397959184,0,0.133333333,0.666666667,0,0.6,0.75,0,0.951219512
1,0.273972603,0.166260406,0.533333333,0,0,0.448979592,0.75,0.733333333,0.333333333,1,0,1,1,0.12195122
1,0.534246575,0.088613538,0.6,0,0,0.397959184,0.5,1,0.333333333,0.285714286,0,1,1,0.951219512
0,0.561643836,0.01369041,0.4,0,0,0.193877551,0,0.066666667,0.5,0,0.2,1,0,0.951219512
0,0.123287671,0.180385829,0.6,0,0,0.193877551,0.5,1,0.833333333,0.428571429,0.6,0.5,1,0.951219512
0,0.109589041,0.073034236,0.533333333,0,0,0.397959184,0.5,0.733333333,0.333333333,0.857142857,0,1,1,0.951219512
1,0.219178082,0.140817866,0.8,0,0,0.704081633,0.25,0.6,0.333333333,0.785714286,0,0.5,1,0.951219512
1,0.246575342,0.103322137,0.666666667,0.043860439,0,0.418367347,0.5,0.533333333,0.333333333,0.214285714,0,1,1,0.951219512
0,0.301369863,0.156415435,0.533333333,0,0,0.448979592,0.5,0.733333333,0.333333333,0.428571429,0,1,1,0.951219512
0,0.356164384,0.159388816,0.533333333,0,0,0.397959184,0.5,0.733333333,0.666666667,0.214285714,0.2,1,1,0.951219512
0,0.547945205,0.060994578,0.6,0,0,0.397959184,0.5,1,0,0.071428571,0.8,1,0,0.951219512
0,0.260273973,0.157501277,0.6,0.031370314,0,0.5,0.5,1,0.333333333,0.214285714,0,1,1,0.195121951
0,0.438356164,0.151112058,0.533333333,0,0,0.469387755,0.625,0.733333333,0.666666667,0.214285714,0.2,1,1,0.951219512
1,0.383561644,0.092925787,0.933333333,0,0,0.295918367,0.75,0.933333333,0.666666667,0.714285714,0.2,1,1,0.951219512
0,0.095890411,0.147138754,0.8,0,0,0.397959184,0.5,0.6,0.666666667,0.285714286,0.2,1,1,0.951219512
1,0.287671233,0.05939592,1,0.278282783,0,0.602040816,0.5,0.666666667,0.5,0.714285714,0.2,0.25,1,0.073170732
0,0.04109589,0.13976585,0.6,0,0,0.193877551,0,1,0.666666667,0,0.4,1,0,0.951219512
1,0.246575342,0.074465113,0.533333333,0,0,0.397959184,0.5,0.733333333,0.333333333,0.285714286,0,1,1,0.951219512
1,0.246575342,0.063275185,0.8,0,0,0.479591837,0.5,0.6,0.333333333,0.714285714,0,1,1,0.951219512
0,0.219178082,0.184184586,0.8,0,0,0.397959184,0.5,0.6,0.666666667,0.857142857,0.2,1,0,0.951219512
0,0,0.010652757,0.266666667,0,0,0.153061224,0.5,0.4,0.666666667,0.571428571,0.6,1,1,0.951219512
1,0.342465753,0.110801934,0.666666667,0.150241502,0,0.551020408,0.5,0.533333333,0.333333333,0.285714286,0,1,1,0.951219512
0,0.150684932,0.140031053,0.533333333,0,0,0.275510204,0.5,0.733333333,0.666666667,0.571428571,0.8,1,0,0.951219512
0,0.068493151,0.007226095,0.6,0,0,0.051020408,0,1,0.333333333,0,0,1,1,0.951219512
0,0.767123288,0.078189451,0.6,0.032730327,0,0.397959184,0.125,1,1,0.928571429,0.2,1,0,0.951219512
1,0.287671233,0.130955305,0.8,0,0,0.397959184,0.5,0.6,0.333333333,0.285714286,0,1,1,0.951219512
0,0.520547945,0.059379006,0.333333333,0,0,0.397959184,0.5,0,0.666666667,0.571428571,0.2,1,1,0.951219512
1,0.410958904,0.069124527,0.533333333,0,0,0.397959184,0.5,0.733333333,0.333333333,0.857142857,0,1,1,0.951219512
1,0.219178082,0.067029967,0.8,0,0,0.397959184,0.5,0.6,0.333333333,0.285714286,0,1,1,0.951219512
0,0.123287671,0.319888507,0.8,0,0,0.193877551,0.5,0.6,0.666666667,1,0.6,1,1,0.951219512
0,0.232876712,0.262585117,0.4,0,0,0.448979592,0.5,0.066666667,0.666666667,0.5,0.6,0.5,1,0.951219512
0,0.219178082,0.02430731,0.866666667,0,0,0.071428571,0.75,0.8,0.333333333,0.714285714,1,1,0,0.951219512
0,0.164383562,0.016866076,0.533333333,0,0,0.551020408,0.5,0.733333333,0.333333333,0.214285714,0,1,1,0.951219512
0,0.164383562,0.109170802,0.6,0,0,0.397959184,0.5,1,0.666666667,0.071428571,0.6,1,0,0.951219512
0,0.178082192,0.117107938,0.6,0,0,0.244897959,0.625,1,0.333333333,0.285714286,1,1,0,0.951219512
0,0.095890411,0.128080697,0.533333333,0,0,0.295918367,0.5,0.733333333,0,0.428571429,0.2,1,1,0.951219512
0,0.369863014,0.174213102,0.8,0,0,0.428571429,0.125,0.6,0.333333333,0.071428571,0,1,1,0.951219512
0,0.479452055,0.170381872,0.6,0,0,0.397959184,0.5,1,0,0.857142857,0.2,1,0,0.951219512
0,0.712328767,0.138002794,0.733333333,0,0,0.397959184,0.25,0.466666667,1,0.071428571,0.8,1,0,0.951219512
1,0.232876712,0.025058943,0.8,0,0,0.397959184,0.875,0.6,0.333333333,0.714285714,0,1,1,0.951219512
1,0.684931507,0.043687399,0.533333333,0,0,0.397959184,0.625,0.733333333,0.333333333,0.285714286,0,0.25,1,0.951219512
0,0.150684932,0.118309468,0.933333333,0,0,0.551020408,0.5,0.933333333,0,0.714285714,0.8,1,1,0.951219512
1,0.602739726,0.148853777,0.533333333,0,0,0.448979592,0.5,0.733333333,0.333333333,1,0,1,1,0.951219512
0,0.068493151,0.122321335,0.533333333,0,0,0.367346939,0.5,0.733333333,0.666666667,0.857142857,0.2,1,0,0.951219512
1,0.205479452,0.053054059,0.533333333,0,0,0.602040816,0.5,0.733333333,0.333333333,1,0,1,1,0.951219512
1,0.561643836,0.066662607,0.8,0,0,0.5,0.5,0.6,0.333333333,0.285714286,0,1,1,0.951219512
1,0.493150685,0.139432318,0.733333333,0,0,0.397959184,0.125,0.466666667,0.333333333,0.071428571,1,0.5,0,0.951219512
0,0.616438356,0.088644659,0.6,0,0,0.602040816,0.5,1,0,0.571428571,0.2,1,0,0.951219512
0,0.191780822,0.016090764,0.533333333,0,0,0.346938776,0.5,0.733333333,0.666666667,0.214285714,0.2,1,1,0.951219512
0,0.232876712,0.165645434,0.533333333,0,0,0.397959184,0.5,0.733333333,0,0.214285714,0.2,1,1,0.951219512
0,0.136986301,0.268943891,0.6,0,0,0.397959184,0.125,1,0.666666667,0.071428571,0.8,0.5,0,0.951219512
0,0.438356164,0.105476232,0.2,0,0,0.704081633,0.75,0.333333333,0.333333333,0.571428571,0,1,1,0.536585366
1,0.232876712,0.063916542,0.8,0,0,0.448979592,0.5,0.6,0.333333333,0.857142857,0,1,1,0.951219512
1,0.383561644,0.136210647,0.8,0,0,0.5,0.25,0.6,0,0.714285714,0.2,1,0,0.951219512
0,0.04109589,0.109448859,0.6,0,0,0.397959184,0.5,1,0.666666667,0.571428571,0.6,1,0,0.951219512
1,0.356164384,0.010936903,0.8,0,0,0.367346939,0.875,0.6,0.333333333,0.714285714,0,1,1,0.951219512
0,0.109589041,0.094546094,0.533333333,0,0,0.397959184,0.5,0.733333333,0.666666667,0.071428571,0.8,1,0,0.951219512
0,0.301369863,0.222889288,0,0,0,0.112244898,0.5,0.866666667,0.666666667,0.571428571,0.2,1,0,0.951219512
1,0.219178082,0.056961062,0.666666667,0.076880769,0,0.397959184,0.5,0.533333333,0.333333333,0.714285714,1,1,0,0.951219512
0,0.150684932,0.134279133,0.533333333,0,0,0.397959184,0.5,0.733333333,0.666666667,0.214285714,0.6,1,1,0.951219512
0,0.04109589,0.186315679,0.6,0,0,0.357142857,0,1,0.666666667,0,0.6,1,1,0.951219512
0,0.082191781,0.050932438,0.6,0,0,0.397959184,0,1,0.833333333,0,0.2,1,0,0.951219512
0,0.273972603,0.036804308,0.533333333,0,0,0.397959184,0.5,0.733333333,0.333333333,0.428571429,0,1,1,0.951219512
1,0.301369863,0.173895806,0.666666667,0,0.340909091,0.37755102,0.5,0.533333333,0.333333333,0.571428571,0,1,1,0.951219512
0,0.356164384,0.099561942,0.533333333,0,0,0.397959184,0.875,0.733333333,0.666666667,0.214285714,0.8,1,1,0.951219512
1,0.246575342,0.132650707,0.8,0,0,0.367346939,0.5,0.6,0.333333333,0.285714286,0,1,1,0.951219512
1,0.136986301,0.081172304,0.533333333,0,0,0.397959184,0.5,0.733333333,0.333333333,0.428571429,0,1,1,0.951219512
0,0.356164384,0.099208113,0.866666667,0,0,0.5,0.5,0.8,0.333333333,0.714285714,1,0.25,0,0.853658537
0,0.328767123,0.034339006,0.533333333,0,0,0.193877551,0.5,0.733333333,0.333333333,0.857142857,1,1,0,0.951219512
0,0.383561644,0.112393826,0.666666667,0,0,0.397959184,0.5,0.533333333,0,0.428571429,0.2,1,0,0.951219512
0,0.260273973,0.274956279,0.666666667,0,0,0.397959184,0.5,0.533333333,0,0.071428571,0.8,1,0,0.951219512
0,0.205479452,0.123915933,0.8,0,0,0.448979592,0.625,0.6,0.333333333,0.857142857,0,1,1,0.951219512
0,0.02739726,0.14862646,0.4,0,0,0.193877551,0.5,0.066666667,0.666666667,0.071428571,0.6,1,0,0.951219512
0,0.02739726,0.087070357,0.6,0,0,0.244897959,0.5,1,0.666666667,0.071428571,0.4,1,1,0.951219512
0,0.219178082,0.083921752,0.533333333,0,0,0.5,0.5,0.733333333,0.5,0.214285714,0.8,1,1,0.951219512
0,0.232876712,0.039361619,0.666666667,0,0,0.397959184,0.5,0.533333333,0,0.214285714,0.2,1,1,0.951219512
0,0.342465753,0.193895604,0.533333333,0,0,0.397959184,0.25,0.733333333,0,0.285714286,0.8,1,1,0.951219512
0,0.136986301,0.083021957,0.533333333,0,0,0.397959184,0.5,0.733333333,0.333333333,0.214285714,0,1,1,0.951219512
0,0.301369863,0.212997636,0.533333333,0,0,0.397959184,0.75,0.733333333,0.333333333,0.214285714,0,1,1,0.780487805
0,0.328767123,0.131373405,0.8,0,0,0.397959184,0.5,0.6,0.333333333,0.714285714,0,1,1,0.268292683
0,0.068493151,0.135291232,0.6,0,0,0.387755102,0.5,1,0.666666667,1,0.6,0.5,1,0.951219512
1,0.315068493,0.073557876,0.933333333,0,0.453856749,0.5,0.75,0.933333333,0.333333333,0.714285714,0,1,1,0.951219512
1,0.369863014,0.156517592,0.666666667,0,0,0.397959184,0.125,0.533333333,0.333333333,0.214285714,0,1,1,0.951219512
0,0.02739726,0.029090429,0.533333333,0,0,0.244897959,0.5,0.733333333,0.666666667,0.428571429,0.6,1,0,0.951219512
0,0.383561644,0.09730772,0.666666667,0,0,0.316326531,0.5,0.533333333,0,0.714285714,0.2,1,0,0.951219512
0,0.04109589,0.194243344,0.6,0,0,0.193877551,0.5,1,0.666666667,0.857142857,0.6,1,0,0.951219512
0,0.328767123,0.007686141,0.866666667,0,0,0.397959184,0.5,0.8,0.666666667,0.714285714,0.2,1,0,0.951219512
0,0.123287671,0.015234268,0.533333333,0,0,0.397959184,0.5,0.733333333,0.666666667,0.285714286,0.2,1,0,0.951219512
0,0.136986301,0.135505695,0.666666667,0,0.399449036,0.397959184,0.5,0.533333333,0.333333333,0.214285714,0,1,1,0.951219512
0,0.808219178,0.083047665,0.533333333,0,0,0.193877551,0,0.733333333,0.333333333,0,0,1,1,0.951219512
0,0.630136986,0.049016484,0.2,0,0,0.397959184,0.5,0.333333333,0.333333333,0.571428571,0,0.25,1,0.853658537
0,0.452054795,0.122026365,0.333333333,0,0,0.244897959,0.75,0,0.666666667,0.214285714,0.2,1,1,0.951219512
1,0.534246575,0.090174986,0.533333333,0,0.436639118,0.602040816,0.75,0.733333333,0.333333333,0.571428571,0,1,1,0.951219512
0,0.164383562,0.091862947,0.666666667,0,0,0.397959184,0.5,0.533333333,0.666666667,0.071428571,0.2,1,0,0.951219512
0,0.520547945,0.051803141,0.2,0,0,0.397959184,0.25,0.333333333,0.666666667,0.571428571,0.8,0.5,0,0.951219512
0,0.04109589,0.031078096,0.6,0,0,0.193877551,0.5,1,0.666666667,0.428571429,0.6,1,1,0.951219512
0,0.301369863,0.087475602,0.6,0,0,0.5,0.5,1,0.333333333,0.928571429,0,1,1,0.951219512
1,0.602739726,0.29702831,0.8,0,0,0.234693878,0,0.6,0.333333333,0,0,0.75,1,0.951219512
0,0.095890411,0.121719893,0.6,0,0,0.193877551,0.5,1,0.666666667,0.285714286,0.2,0.5,0,0.951219512
0,0.232876712,0.072482182,0.666666667,0,0.383838384,0.5,0.5,0.533333333,0.333333333,0.5,0,1,1,0.951219512
0,0.424657534,0.109364292,0.533333333,0,0,0.602040816,0.5,0.733333333,0.333333333,0.285714286,0,1,1,0.951219512
0,0,0.115603996,0.466666667,0,0,0.071428571,0,0.133333333,0.666666667,0,0.6,1,0,0.951219512
0,0.506849315,0.100364992,0.533333333,0,0,0.397959184,0.125,0.733333333,0.666666667,0.071428571,0.8,1,0,0.634146341
1,0.369863014,0.12991479,0.533333333,0,0,0.37755102,0.5,0.733333333,0.333333333,0.571428571,1,0.5,0,0.951219512
0,0.397260274,0.091490852,0.6,0,0,0.806122449,0.5,1,0,0.857142857,0.2,1,0,0.951219512
0,0.246575342,0.13584261,0.8,0,0,0.397959184,0.875,0.6,0.333333333,0.785714286,0,1,1,0.951219512
0,0.726027397,0.071946364,0.666666667,0,0,0.346938776,0,0.533333333,1,0,0.8,1,0,0.951219512
0,0.452054795,0.119003596,0.866666667,0,0.365013774,0.448979592,0.5,0.8,0,0.857142857,0.2,1,0,0.951219512
0,0.082191781,0.01461253,0.6,0,0,0.397959184,0.5,1,0.833333333,0.857142857,0.8,1,0,0.951219512
0,0.260273973,0.124737926,0.6,0,0,0.5,0.5,1,0.666666667,1,0.2,1,1,0.804878049
0,0.095890411,0.149901056,0.533333333,0,0,0.448979592,0.5,0.733333333,0.666666667,0.5,0.4,0.5,1,0.951219512
1,0.342465753,0.078525013,0.8,0,0,0.397959184,0.5,0.6,0.333333333,0.071428571,1,1,0,0.951219512
0,0.698630137,0.013108588,0.533333333,0,0,0.653061224,0.625,0.733333333,0.333333333,0.357142857,0,1,1,0.951219512
0,0.273972603,0.187649811,0.6,0,0,0.397959184,0.125,1,0.333333333,0.214285714,0,1,1,0.951219512
0,0.383561644,0.150130403,0.533333333,0,0,0.346938776,0.25,0.733333333,0,0.071428571,0.8,1,0,0.951219512
1,0.589041096,0.076247112,0.8,0.07298073,0,0.397959184,0.25,0.6,0.333333333,0.714285714,0,1,1,0.951219512
1,0.383561644,0.162339872,1,1,0,0.551020408,0.5,0.666666667,0,0.857142857,0.2,1,1,0.951219512
1,0.273972603,0.101852021,0.533333333,0,0.436639118,0.448979592,0.75,0.733333333,0.333333333,0.857142857,0,1,1,0.951219512
0,0.095890411,0.202302257,0.8,0,0,0.397959184,0.5,0.6,0.666666667,0.857142857,0.2,1,1,0.951219512
0,0.328767123,0.187480676,0.533333333,0,0,0.397959184,0.5,0.733333333,0,0.928571429,0.2,0.5,1,0
1,0.369863014,0.073060621,0.666666667,0,0,0.448979592,0.625,0.533333333,0.333333333,0.857142857,0,1,1,0.951219512
0,0.04109589,0.042179397,0.6,0,0,0.397959184,0.5,1,0.666666667,0.857142857,0.4,1,0,0.951219512
1,0.369863014,0.124829259,0.8,0,0,0.357142857,0.25,0.6,0.333333333,0.714285714,1,0.5,0,0.951219512
0,0.561643836,0.201472822,0.333333333,0,0,0.397959184,0.25,0,0.333333333,1,0,1,1,0.951219512
0,0.246575342,0.094776117,0.533333333,0,0,0.448979592,0.5,0.733333333,0.666666667,0.857142857,0.2,1,1,0.951219512
0,0.520547945,0.111546125,0.866666667,0.009140091,0,0.5,0.25,0.8,1,0.714285714,0.8,1,0,0.951219512
0,0.095890411,0.136452171,0.6,0,0,0.397959184,0.5,1,0.666666667,0.071428571,0.2,1,0,0.951219512
0,0.383561644,0.221495621,0.866666667,0.015060151,0,0.448979592,0.25,0.8,0,0.714285714,0.8,1,0,0.951219512
0,0.068493151,0.08495753,0.6,0,0,0.153061224,0.5,1,0.666666667,0.071428571,0.4,1,0,0.951219512
0,0.684931507,0.166893645,0.533333333,0,0,0.234693878,0.25,0.733333333,0,0.571428571,0.2,1,0,0.951219512
0,0.219178082,0.069330871,0.6,0,0,0.397959184,0.5,1,0,0.571428571,0.2,1,0,0.951219512
0,0.178082192,0.2322458,0.533333333,0,0,0.397959184,0,0.733333333,0.666666667,0,0.8,0.5,0,0.951219512
0,0.780821918,0.014091596,0.333333333,0.01797018,0,0.295918367,0,0,0.333333333,0,0,0,1,0.951219512
0,0.273972603,0.187807444,0.6,0,0,0.295918367,0.5,1,0.666666667,0.571428571,0.4,0.25,1,0.975609756
0,0.123287671,0.081378648,0.8,0,0,0.397959184,0.5,0.6,0.666666667,0.071428571,0.6,0.5,0,0.951219512
0,0.479452055,0.156504061,0.133333333,0.04101041,0,0.397959184,0.5,0.266666667,0.833333333,0.214285714,0.8,0.5,0,0.951219512
0,0.753424658,0.047594402,0.4,0,0,0.397959184,0,0.066666667,0.333333333,0,0,1,1,0.951219512
0,0.191780822,0.19274752,0.866666667,0,0,0.602040816,0.5,0.8,0.666666667,0.714285714,0.2,1,0,0.951219512
0,0.082191781,0.113786816,0.6,0,0,0.397959184,0.5,1,0.666666667,0.285714286,0.2,1,1,0.951219512
0,0.164383562,0.130716487,0.6,0,0,0.448979592,0.5,1,0.333333333,0.785714286,0,1,1,0.951219512
0,0.04109589,0.209631186,0.6,0,0,0.397959184,0,1,0.666666667,0,0.2,1,1,0.951219512
0,0.109589041,0.204885953,0.8,0,0,0.091836735,0.5,0.6,0.666666667,0.928571429,0.2,1,0,0.951219512
0,0.342465753,0.123697412,0.2,0,0,0.346938776,0.5,0.333333333,0.5,0.714285714,0.4,1,1,0.804878049
0,0.246575342,0.168605961,0.533333333,0,0,0.397959184,0.5,0.733333333,0.5,1,0.4,1,0,0.146341463
0,0.068493151,0.170812149,0.6,0,0,0.091836735,0.5,1,0.666666667,0.357142857,0.6,1,1,0.951219512
1,0.205479452,0.126837222,0.8,0.076880769,0,0.5,0.625,0.6,0.333333333,0.214285714,0,1,1,0.951219512
1,0.739726027,0.102224793,0.6,0,0,0.346938776,0.5,1,1,0.857142857,0.2,1,1,0.951219512
0,0.287671233,0.093207903,0.533333333,0,0,0.397959184,0.5,0.733333333,0.666666667,0.428571429,0.2,1,1,0.951219512
1,0.136986301,0.141451105,0.6,0.03103031,0,0.5,0.5,1,0.333333333,0.714285714,0,1,1,0.951219512
1,0.328767123,0.108534857,0.8,0,0,0.397959184,0.5,0.6,0,0.928571429,0.8,1,0,0.951219512
0,0.164383562,0.168518688,0.533333333,0,0,0.602040816,0.5,0.733333333,0.666666667,0.071428571,0.6,0.5,0,0.951219512
0,0.232876712,0.124020797,0.533333333,0,0,0.551020408,0.75,0.733333333,0.333333333,0.214285714,0,1,1,0.951219512
0,0.054794521,0.130105574,0.6,0,0,0.193877551,0.5,1,0.666666667,0.571428571,0.6,1,0,0.951219512
1,0.246575342,0.046271772,0.866666667,0,0,0.448979592,0.5,0.8,0.666666667,0.285714286,0.2,1,0,0.951219512
0,0.328767123,0.073685742,0.533333333,0,0,0.397959184,0.5,0.733333333,0.333333333,1,0,1,1,0.951219512
0,0.315068493,0.169253407,0.533333333,0,0,0.397959184,0.5,0.733333333,0.333333333,0.5,0,0.5,1,0.951219512
1,0.643835616,0.117779063,0.8,0.051780518,0,0.397959184,0.875,0.6,0.333333333,0.714285714,0,1,1,0.951219512
1,0.328767123,0.059647592,0.533333333,0.076880769,0,0.37755102,0.5,0.733333333,0.333333333,0.214285714,0,1,1,0.951219512
0,0.520547945,0.078066997,0.6,0,0,0.602040816,0.5,1,0.333333333,1,0,1,1,0.951219512
0,0.191780822,0.11060912,0.733333333,0,0,0.397959184,0.5,0.466666667,0.666666667,0.071428571,0.2,1,0,0.951219512
0,0.534246575,0.098260284,0.6,0,0,0.479591837,0.25,1,0,0.785714286,0.2,0.5,1,0.951219512
0,0.082191781,0.117153943,0.8,0,0,0.346938776,0.5,0.6,0.666666667,0.285714286,0.2,1,0,0.048780488
1,0.301369863,0.061547985,0.8,0,0,0.295918367,0.5,0.6,0.333333333,0.214285714,1,1,0,0.951219512
1,0.301369863,0.118670063,0.666666667,0,0,0.448979592,0.5,0.533333333,0.333333333,0.285714286,0,1,1,0.951219512
1,0.315068493,0.156517592,0.8,0,0,0.5,0.75,0.6,0.333333333,0.857142857,0,1,1,0.951219512
0,0.397260274,0.143611289,0.533333333,0,0,0.397959184,0.5,0.733333333,0.333333333,1,0,0.5,1,0.951219512
1,0.232876712,0.015803236,0.6,0,0,0.397959184,0.5,1,0.333333333,0.214285714,0,1,1,0.951219512
0,0.397260274,0.095420857,0.6,0,0,0.397959184,0.5,1,0.666666667,0.428571429,0.8,0.5,0,0.951219512
1,0.753424658,0.126477304,0.933333333,0,0.545684114,0.346938776,0.625,0.933333333,0.333333333,0.714285714,0,1,1,0.951219512
0,0.123287671,0.166442395,0.333333333,0,0,1,0.75,0,0.333333333,0.357142857,0,1,1,0.951219512
0,0.356164384,0.094393197,0.533333333,0,0,0.295918367,0.5,0.733333333,0.333333333,1,0,1,1,0.951219512
1,0.315068493,0.066829712,0.8,0,0,0.806122449,0.5,0.6,0.333333333,0.428571429,0,1,1,0.951219512
0,0.356164384,0.093082067,0.533333333,0,0,0.397959184,0.5,0.733333333,0.666666667,0.071428571,0.8,0.5,0,0.951219512
0,0.356164384,0.114990376,0.6,0,0,0.397959184,0.5,1,0,0.714285714,0.8,1,0,0.951219512
0,0.493150685,0.099086336,0.6,0,0,0.397959184,0.5,1,0.333333333,0.928571429,0,1,1,0.951219512
0,0.082191781,0.293260673,0.133333333,0,0,0.397959184,0.5,0.266666667,0.666666667,0.428571429,0.8,1,1,0.634146341
0,0.205479452,0.057603096,0.8,0,0,0.397959184,0.5,0.6,0,0.285714286,0.8,1,0,0.048780488
0,0.068493151,0.218053399,0.6,0,0,0.397959184,0,1,0.666666667,0,0.2,1,1,0.951219512
1,0.383561644,0.159381374,0.8,0,0,0.602040816,0.5,0.6,0.333333333,0.714285714,0,1,1,0.951219512
0,0.287671233,0.013957642,0.6,0,0,0.448979592,0.5,1,0.333333333,0.285714286,0,1,1,0.951219512
0,0.109589041,0.111270774,0.533333333,0,0,0.346938776,0.75,0.733333333,0.666666667,0.357142857,0.6,1,1,0.951219512
0,0.356164384,0.058791095,0.533333333,0,0,0.581632653,0.5,0.733333333,0,0.071428571,0.8,1,0,0.951219512
0,0.136986301,0.245865849,0.8,0,0,0.397959184,0.5,0.6,0.666666667,0.071428571,0.6,0.5,0,0.951219512
0,0.02739726,0.011166249,0.6,0,0,0.397959184,0.5,1,0.666666667,0.571428571,0.2,1,0,0.951219512
1,0.726027397,0.182906607,0.533333333,0,0.499081726,0.397959184,0.5,0.733333333,0.333333333,0.428571429,0,1,1,0.951219512
1,0.342465753,0.139955281,0.8,0.150241502,0,0.5,0.5,0.6,0.333333333,0.857142857,0,1,1,0.951219512
1,0.493150685,0.074910274,0.866666667,0,0,0.448979592,0.5,0.8,0.333333333,0.285714286,0,1,1,0.951219512
1,0.575342466,0.127850675,0.8,0.150241502,0,0.551020408,0.75,0.6,0.333333333,0.857142857,0,1,1,0.951219512
0,0.095890411,0.19504504,0.533333333,0,0,0.397959184,0.5,0.733333333,0.666666667,0.428571429,0.8,1,1,0.951219512
0,0.150684932,0.124671626,0.533333333,0,0,0.448979592,0.5,0.733333333,0.333333333,0.214285714,0,1,1,0.951219512
0,0.02739726,0.018091285,0.533333333,0,0,0.397959184,0.5,0.733333333,0.666666667,0.071428571,0.6,1,1,0.951219512
0,0.657534247,0.095552105,0.533333333,0,0,0.163265306,0.5,0.733333333,1,0.571428571,0.8,1,0,0.951219512
0,0.02739726,0.076019795,0.4,0,0,0.244897959,0,0.066666667,0.666666667,0,0.6,0.5,1,0.951219512
0,0.301369863,0.169048416,0.8,0,0,0.448979592,0.5,0.6,0,0.285714286,0.8,1,0,0.951219512
0,0.575342466,0.158919976,0.533333333,0,0,0.397959184,0.5,0.733333333,0,0.071428571,0.2,1,0,0.951219512
0,0.164383562,0.094104315,0.666666667,0,0,0.5,0.5,0.533333333,0,0.428571429,0.8,1,1,0.951219512
0,0.082191781,0.126716122,0.533333333,0,0,0.397959184,0.5,0.733333333,0.333333333,0.928571429,0,1,1,0.951219512
1,0.479452055,0.180740335,0.533333333,0.051780518,0,0.397959184,0.5,0.733333333,0.333333333,0.285714286,0,1,1,0.951219512
0,0.164383562,0.066198503,0.6,0,0,0.397959184,0.5,1,0,0.5,0.2,1,1,0.951219512
1,0.356164384,0.128161882,0.866666667,0,0.436639118,0.397959184,0.5,0.8,0.333333333,0.285714286,0,1,1,0.951219512
0,0.164383562,0.107026179,0.533333333,0,0.472222222,0.397959184,0.25,0.733333333,0.333333333,0.785714286,0,0.5,1,0.951219512
0,0.246575342,0.059596175,0.6,0,0,0.397959184,0.5,1,0.5,0.357142857,0.6,1,1,0.951219512
1,0.547945205,0.077796383,1,0,0,0.397959184,0.5,0.666666667,0.333333333,0.714285714,0,0.25,1,0.87804878
1,0.602739726,0.068191582,0.266666667,0,0,0.581632653,0.75,0.4,0.333333333,0.857142857,0,1,1,0.951219512
0,0.671232877,0.024185534,0.533333333,0,0,0.153061224,0.5,0.733333333,0.333333333,1,0,1,1,0.951219512
0,0.287671233,0.281416534,0.6,0,0,0.397959184,0.5,1,0.666666667,0.214285714,0.8,1,1,0.951219512
0,0.232876712,0.124550526,0.533333333,0,0,0.5,0.625,0.733333333,0.333333333,0.285714286,0,1,1,0.951219512
0,0.328767123,0.072376642,0.533333333,0,0,0.397959184,0.5,0.733333333,0.333333333,0.571428571,0,1,1,0.951219512
1,0.369863014,0.208228724,0.533333333,0,0,0.397959184,0.125,0.733333333,0.333333333,0.214285714,0,1,1,0.951219512
1,0.493150685,0.010067552,0.533333333,0.105201052,0,0.397959184,0.5,0.733333333,0.5,1,0.2,1,1,0.951219512
0,0.164383562,0.220150665,0.133333333,0,0,0.397959184,0.5,0.266666667,0.666666667,0.571428571,0.6,1,0,0.195121951
0,0.109589041,0.119702459,0.8,0,0,0.153061224,0.5,0.6,0.666666667,0.928571429,0.6,1,0,0.951219512
0,0.164383562,0.265685011,0.666666667,0,0,0.908163265,0.75,0.533333333,0.333333333,0.357142857,0,1,1,0.951219512
0,0.561643836,0.342815681,0.533333333,0,0,0.520408163,0.5,0.733333333,0.333333333,0.214285714,0,1,1,0.951219512
0,0.136986301,0.01723073,0.6,0,0,0.806122449,0.5,1,0.333333333,0.357142857,0,1,1,0.951219512
0,0.383561644,0.153965693,0.533333333,0,0,0.397959184,0.5,0.733333333,0.666666667,0.071428571,0.6,1,1,0.951219512
0,0.082191781,0.196134942,0.8,0,0,0.397959184,0.5,0.6,0.333333333,0.714285714,0,1,1,0.951219512
0,0.465753425,0.161895387,0.6,0,0,0.397959184,0.625,1,0.333333333,0.857142857,0,1,1,0.951219512
0,0.424657534,0.060746965,0.8,0,0,0.346938776,0.25,0.6,0.666666667,0.071428571,0.8,1,0,0.951219512
0,0.068493151,0.152576762,0.733333333,0,0,0.346938776,0.25,0.466666667,0.666666667,0.071428571,0.6,0.5,0,0.341463415
1,0.575342466,0.103787594,0.733333333,0,0,0.316326531,0.5,0.466666667,0.333333333,1,0,1,1,0.951219512
0,0.561643836,0.084744421,0.8,0,0,0.397959184,0.5,0.6,0.333333333,0.571428571,0,0.25,1,0.853658537
0,0.232876712,0.088906479,0.533333333,0,0,0.142857143,0.5,0.733333333,0.333333333,0.857142857,1,1,0,0.951219512
0,0.452054795,0.197531992,0.733333333,0,0,0.397959184,0.5,0.466666667,0,0.071428571,0.2,0.25,1,0.951219512
0,0,0.080176441,0.333333333,0,0,0.193877551,0.5,0,0.666666667,0.571428571,0.6,1,1,0.951219512
0,0.383561644,0.102342511,0.8,0,0,0.479591837,0.75,0.6,0.333333333,0.285714286,1,0.25,0,0
0,0.082191781,0.197452837,0.6,0,0,0.091836735,0.5,1,0.666666667,0.071428571,0.6,1,0,0.951219512
0,0.643835616,0.114418026,0.666666667,0,0,0.091836735,0.625,0.533333333,0.333333333,0.214285714,0,1,1,0.951219512
0,0.068493151,0.102429107,0.333333333,0,0,0.142857143,0.5,0,0.666666667,0.857142857,0.6,1,1,0.951219512
1,0.410958904,0.118594291,0.666666667,0,0,0.479591837,0.875,0.533333333,0.333333333,0.928571429,0,1,1,0.951219512
0,0.095890411,0.204244595,0.533333333,0,0,0.5,0.5,0.733333333,0.666666667,1,0.2,1,0,0.951219512
0,0.397260274,0.214045592,0.666666667,0,0,0.418367347,0.5,0.533333333,0.333333333,0.214285714,0,1,1,0.951219512
0,0.506849315,0.157284785,0.533333333,0,0,0.397959184,0.5,0.733333333,0.666666667,0.071428571,0.4,1,0,0.951219512
0,0.232876712,0.129339057,0.6,0,0,0.397959184,0.5,1,0,0.857142857,0.2,1,0,0.951219512
1,0.356164384,0.095926907,0.6,0,0,0.397959184,0.5,1,0.333333333,0.428571429,0,1,1,0.951219512
0,0.602739726,0.105789468,0.533333333,0,0,0.193877551,0.75,0.733333333,1,0.071428571,0.8,1,0,0.951219512
0,0.575342466,0.080903042,0.533333333,0,0,0.346938776,0.5,0.733333333,1,0.571428571,0.2,1,0,0.951219512
0,0.328767123,0.123678469,0.8,0,0,0.5,0.625,0.6,0.333333333,0.714285714,0,1,1,0.951219512
0,0.082191781,0.200200932,0.733333333,0,0,0.193877551,0.5,0.466666667,0.666666667,0.571428571,0.6,1,1,0.951219512
0,0.397260274,0.067446714,0.2,0,0,0.469387755,0.5,0.333333333,0.333333333,0.214285714,0,1,1,0.951219512
1,0.260273973,0.125803473,0.8,0.150241502,0,0.5,0.5,0.6,0.333333333,0.714285714,0,1,1,0.951219512
0,0.136986301,0.083749911,0.8,0,0,0.397959184,0.875,0.6,0.666666667,0.714285714,0.2,1,1,0.951219512
1,0.671232877,0.17835757,0.533333333,0.106051061,0,0.397959184,0.5,0.733333333,0.333333333,0.285714286,0,1,1,0.951219512
0,0.068493151,0.091942778,0.4,0,0,0.397959184,0.5,0.066666667,0.666666667,0.571428571,0.4,1,1,0.951219512
0,0.547945205,0.243374162,0.6,0.050130501,0,0.5,0.5,1,0.333333333,0.857142857,0,1,1,0.951219512
1,0.205479452,0.04553164,0.8,0,0,0.397959184,0.5,0.6,0.333333333,0.285714286,0,0.25,1,0.731707317
0,0.424657534,0.011166925,0.533333333,0,0,0.5,0.75,0.733333333,0.333333333,0.857142857,1,1,0,0.951219512
0,0.246575342,0.120091468,0.533333333,0,0,0.397959184,0.875,0.733333333,0.333333333,0.571428571,1,1,0,0.951219512
0,0.095890411,0.084772836,0.533333333,0,0,0.295918367,0.5,0.733333333,0.666666667,0.071428571,0.6,1,0,0.951219512
0,0.273972603,0.04553164,0.8,0,0,0.397959184,0.5,0.6,0.333333333,0.285714286,0,0.25,1,0.487804878
1,0.301369863,0.137993999,0.8,0,0,0.602040816,0.5,0.6,0.333333333,0.285714286,0,1,1,0.536585366
0,0.164383562,0.065851439,0.533333333,0,0,0.397959184,0.75,0.733333333,0.333333333,0.214285714,0,1,1,0.951219512
0,0.150684932,0.200154251,0.533333333,0,0,0.397959184,0.5,0.733333333,0.666666667,0.571428571,0.6,1,1,0.951219512
1,0.424657534,0.124768371,0.666666667,0,0,0.397959184,0.5,0.533333333,0.333333333,0.214285714,0,1,1,0.951219512
0,0.02739726,0.105753612,0.4,0,0,0.295918367,0.5,0.066666667,0.666666667,0.571428571,0.4,1,1,0.951219512
0,0.191780822,0.171448771,0.8,0,0,0.397959184,0.5,0.6,0.666666667,0.857142857,0.2,1,1,0.951219512
0,0.191780822,0.021264245,0.666666667,0,0,0.428571429,0.5,0.533333333,0,0.5,0.8,1,1,0.951219512
0,0.082191781,0.061559486,0.6,0,0,0.234693878,0.5,1,0,0.571428571,0.6,1,0,0.951219512
1,0.561643836,0.015719345,0.6,0.076880769,0,0.397959184,0.5,1,0.333333333,0.428571429,0,1,1,0.951219512
0,0.671232877,0.126161361,0.533333333,0,0,0.397959184,0.75,0.733333333,1,0.857142857,0.2,1,1,0.951219512
1,0.643835616,0.050437212,0.733333333,0,0,0.397959184,0.125,0.466666667,0.333333333,0.571428571,0,0.25,1,0.951219512
0,0.164383562,0.092635553,0.8,0,0,0.397959184,0.5,0.6,0.333333333,0.928571429,0,1,1,0.951219512
1,0.547945205,0.116545736,0.533333333,0,0,0.5,0.75,0.733333333,0.333333333,0.214285714,0,1,1,0.951219512
0,0.232876712,0.013695146,0.666666667,0,0.223599633,0.397959184,0.5,0.533333333,0.5,0.071428571,0.8,1,0,0.951219512
0,0.356164384,0.060661721,0.8,0,0,0.346938776,0.5,0.6,0,0.571428571,0.2,1,0,0.951219512
0,0.397260274,0.115184542,0.533333333,0,0.383838384,0.5,0.75,0.733333333,0.333333333,0.357142857,0,1,1,0.951219512
0,0.328767123,0.100465796,0.533333333,0,0,0.397959184,0.25,0.733333333,0.333333333,0.214285714,0,1,1,0.951219512
0,0.164383562,0.228884762,0.333333333,0,0,0.37755102,0,0,0.666666667,0,0.6,1,0,0.951219512
1,0.232876712,0.224603634,0.866666667,0,0,0.602040816,0.5,0.8,0.666666667,0.714285714,0.2,1,1,0
0,0.575342466,0.073290644,0.6,0,0,0.397959184,0,1,0.666666667,0,0.2,0.5,0,0.951219512
0,0.246575342,0.020707455,0.8,0.057210572,0,0.397959184,0.25,0.6,0,0.714285714,0.8,1,0,0.951219512
0,0.397260274,0.034003444,1,0,0,0.346938776,0.625,0.666666667,0.833333333,0.714285714,0.2,1,1,0.951219512
0,0.287671233,0.063968636,0.533333333,0,0,0.397959184,0.5,0.733333333,0.333333333,1,0,1,1,0.951219512
1,0.369863014,0.139955281,0.733333333,0,0,0.397959184,0.5,0.466666667,0.333333333,0.857142857,0,1,1,0.951219512
0,0,0.137913491,0.4,0,0,0.071428571,0.5,0.066666667,0.666666667,0.857142857,0.6,1,0,0.951219512
0,0.369863014,0.060856564,0.533333333,0,0,0.397959184,0.125,0.733333333,0,0.214285714,0.8,1,1,0.951219512
0,0.123287671,0.131461354,0.8,0,0,0.397959184,0.5,0.6,0.666666667,0.214285714,0.6,1,1,0.634146341
0,0.123287671,0.108095784,0.6,0,0,0.234693878,0.5,1,0.666666667,0.857142857,0.6,1,0,0.951219512
0,0.315068493,0.043435051,0.533333333,0,0,0.397959184,0.5,0.733333333,0.333333333,0.5,0,1,1,0.951219512
0,0.493150685,0.07030982,0.6,0,0,0.397959184,0.625,1,0.333333333,0.285714286,0,1,1,0.951219512
0,0.479452055,0.090473339,0.533333333,0,0,0.397959184,0.5,0.733333333,0.333333333,0.214285714,0,1,1,0.951219512
0,0.397260274,0.121724629,0.333333333,0,0,0.448979592,0.5,0,0.333333333,0.214285714,0,1,1,0.951219512
0,0.191780822,0.241349286,0.533333333,0,0,0.367346939,0.5,0.733333333,0.333333333,1,0,0.5,1,0.951219512
0,0.123287671,0.143006464,0.533333333,0,0,0.846938776,0,0.733333333,0,0,0.8,1,0,0.951219512
0,0.205479452,0.149888879,0.533333333,0,0,0.5,0.5,0.733333333,0.333333333,1,0,0.5,1,0.951219512
1,0.164383562,0.159380021,0.8,0,0,0.397959184,0.5,0.6,0.333333333,0.714285714,0,1,1,0.951219512
1,0.219178082,0.072156767,0.8,0,0,0.397959184,0.5,0.6,0.333333333,0.285714286,1,1,0,0.951219512
0,0.726027397,0.17986016,0.533333333,0.034320343,0,0.397959184,0.5,0.733333333,0.333333333,0.857142857,0,1,1,0.951219512
1,0.589041096,0.130545323,0.533333333,0,0.587465565,0.5,0.75,0.733333333,0.666666667,0.285714286,0.2,0.5,1,0.951219512
1,0.671232877,0.031148456,0.4,0,0,0.397959184,0.75,0.066666667,0,0.571428571,0.2,1,0,0.951219512
0,0.095890411,0.113506053,0.866666667,0.068490685,0,0.908163265,0.5,0.8,0.666666667,0.285714286,0.6,1,1,0.951219512
0,0.369863014,0.052179972,0.8,0,0,0.5,0.75,0.6,0.333333333,0.357142857,0,1,1,0.951219512
0,0.410958904,0.074243885,0.666666667,0,0,0.5,0.5,0.533333333,0,0.857142857,0.2,1,1,0.951219512
1,0.287671233,0.103632667,0.533333333,0,0,0.602040816,0.5,0.733333333,0.333333333,0.071428571,0,1,1,0.951219512
0,0.178082192,0.242677329,0.866666667,0,0,0.397959184,0.25,0.8,0.666666667,0.714285714,0.2,1,0,0.951219512
0,0.479452055,0.164832912,0.6,0,0,0.234693878,0.25,1,1,0.071428571,0.2,1,0,0.951219512
1,0.383561644,0.217678597,0.6,0,0,0.397959184,0.25,1,0.333333333,0.285714286,0,1,1,0.951219512
0,0.465753425,0.276600265,0.6,0,0,0.397959184,0.75,1,0.333333333,0.214285714,0,1,1,0.951219512
0,0.561643836,0.194535608,0.533333333,0,0,0.346938776,0,0.733333333,0.333333333,0,0,1,1,0.951219512
0,0.246575342,0.082968511,0.533333333,0,0,0.5,0.5,0.733333333,0,0.5,0.8,1,0,0.951219512
1,0.273972603,0.062039151,0.8,0.076880769,0,0.387755102,0.5,0.6,0.333333333,0.714285714,0,1,1,0.951219512
1,0.246575342,0.052244244,0.533333333,0,0,0.5,0.5,0.733333333,0.333333333,1,0,1,1,0.951219512
0,0.068493151,0.18882225,0.6,0,0,0.397959184,0.5,1,0.666666667,0.071428571,0.2,1,0,0.951219512
0,0.273972603,0.072825186,0.533333333,0,0,0.397959184,0.75,0.733333333,0.333333333,0.214285714,0,1,1,0.951219512
0,0.082191781,0.162981229,0.733333333,0,0,0.244897959,0.5,0.466666667,0.333333333,0.428571429,0,1,1,0.951219512
0,0.547945205,0.188674088,0.6,0,0,0.397959184,0.75,1,0.333333333,0.214285714,0,1,1,0.951219512
0,0.136986301,0.17011058,0.533333333,0.031370314,0,0.5,0.5,0.733333333,0.333333333,0.428571429,0,1,1,0.951219512
0,0.164383562,0.094834299,0.8,0,0,0.397959184,0.25,0.6,0.666666667,0.928571429,0.2,1,0,0.951219512
0,0.273972603,0.423398044,0.8,0,0,0.316326531,0.5,0.6,0.666666667,0.071428571,0.6,0.5,0,0.951219512
0,0.191780822,0.049967695,0.533333333,0,0,0.397959184,0,0.733333333,0.333333333,0,0,0.25,1,0.731707317
0,0.630136986,0.265379893,0.533333333,0,0,0.295918367,0.75,0.733333333,0.333333333,0.214285714,0,1,1,0.951219512
0,0.397260274,0.016023111,0.8,0,0,0.510204082,0.5,0.6,0.333333333,0.285714286,0,1,1,0.951219512
0,0.164383562,0.112493953,0.8,0,0,0.397959184,0.75,0.6,0.666666667,0.714285714,0.4,1,1,0.951219512
0,0.219178082,0.094922249,0.6,0,0,0.397959184,0.5,1,0,0.285714286,0.6,1,0,0.951219512
0,0.328767123,0.109542221,0.533333333,0,0,0.397959184,0.5,0.733333333,0,0.428571429,0.8,1,1,0.951219512
1,0.369863014,0.132818488,0.6,0,0,0.397959184,0.5,1,0.333333333,0.5,0,1,1,0.951219512
0,0.479452055,0.079081804,0.533333333,0,0,0.397959184,0.125,0.733333333,0,0.071428571,0.2,1,0,0.951219512
0,0.164383562,0.07622411,0.8,0,0,0.5,0.5,0.6,0.666666667,0.714285714,0.6,1,1,0.951219512
0,0.369863014,0.210634491,0.8,0,0,0.040816327,0.5,0.6,0.666666667,0.285714286,0.2,1,0,0.951219512
1,0.246575342,0.265878501,0.866666667,0,0,0.346938776,0.25,0.8,0.333333333,0.714285714,1,1,0,0.951219512
0,0.205479452,0.075193743,0.533333333,0,0,0.653061224,0.5,0.733333333,0.333333333,0.357142857,0,1,1,0.951219512
0,0.506849315,0.135226285,0.533333333,0,0,0.602040816,0.75,0.733333333,0.333333333,0.857142857,0,1,1,0.951219512
0,0.397260274,0.217960713,0.266666667,0,0,0.397959184,0.75,0.4,0.333333333,1,0,1,1,0.951219512
0,0.383561644,0.097001248,0.533333333,0,0,0.43877551,0.5,0.733333333,0.666666667,0.071428571,0.2,1,1,0.951219512
0,0.630136986,0.026966102,0.6,0,0,0.346938776,0.75,1,1,0.285714286,0.2,1,1,0.951219512
1,0.260273973,0.140219807,0.6,0,0,0.602040816,0.5,1,0.333333333,0.285714286,0,1,1,0.951219512
1,0.369863014,0.070851727,0.866666667,0,0.433195592,0.397959184,0.25,0.8,0.333333333,0.714285714,1,1,0,0.951219512
1,0.273972603,0.171469744,0.6,0,0.433195592,0.602040816,0.5,1,0.333333333,0.285714286,0,0.5,1,0.12195122
0,0.109589041,0.31085741,0.533333333,0,0,0.316326531,0.5,0.733333333,0.666666667,0.071428571,0.6,0.5,0,0.951219512
1,0.369863014,0.067810691,0.866666667,0,0,0.193877551,0.5,0.8,0.333333333,0.928571429,0,1,1,0.951219512
1,0.561643836,0.105947102,0.533333333,0,0,0.397959184,0.5,0.733333333,0.333333333,0.428571429,0,1,1,0.951219512
0,0.068493151,0.153447465,0.533333333,0,0,0.397959184,0.5,0.733333333,0.666666667,0.571428571,0.8,1,0,0.951219512
0,0.109589041,0.162118644,0.8,0,0,0.397959184,0.5,0.6,0.666666667,0.857142857,0.6,1,0,0.951219512
1,0.547945205,0.087811165,0.533333333,0,0,0.37755102,0.5,0.733333333,0.333333333,0.071428571,1,0.5,0,0.951219512
0,0.726027397,0.108303481,0.933333333,0,0,0.244897959,0.75,0.933333333,0.333333333,0.714285714,0,1,1,0.951219512
0,0.095890411,0.132967327,1,0,0,1,0.875,0.666666667,0.666666667,0.714285714,0.2,1,0,0.219512195
0,0.205479452,0.14395294,0.533333333,0,0,0.397959184,0.5,0.733333333,0,0.214285714,0.6,1,1,0.951219512
0,0.260273973,0.128991993,0.8,0,0,0.5,0.75,0.6,0.333333333,0.285714286,0,1,1,0.487804878
0,0.273972603,0.050080677,0.6,0,0,0.448979592,0.5,1,0,0.071428571,0.8,1,0,0.951219512
1,0.465753425,0.052341665,0.533333333,0.047870479,0,0.234693878,0.5,0.733333333,0,0.071428571,0.8,1,0,0.951219512
0,0.260273973,0.221712113,0.533333333,0,0,0.397959184,0.75,0.733333333,0.333333333,0.214285714,0,1,1,0.951219512
0,0.068493151,0.132261022,0.733333333,0,0,0.193877551,0.5,0.466666667,0.666666667,0.428571429,0.6,1,1,0.951219512
0,0.246575342,0.220771726,0.6,0,0,0.397959184,0.5,1,0,0.071428571,0.8,1,0,0.951219512
1,0.342465753,0.121039973,0.8,0,0.453856749,0.602040816,0.625,0.6,0.333333333,0.285714286,0,1,1,0
0,0.328767123,0.107534935,0.6,0,0,0.479591837,0.5,1,0.666666667,0.5,0.2,1,0,0.951219512
1,0.534246575,0.024231538,0.6,0,0.453856749,0.5,0.75,1,0.333333333,0.285714286,1,1,0,0.951219512
1,0.438356164,0.08875967,0.6,0,0,0.653061224,0.625,1,0.333333333,0.714285714,1,1,0,0.951219512
0,0.246575342,0.168702029,0.533333333,0,0,0.551020408,0.5,0.733333333,0.333333333,0.785714286,0,1,1,0.951219512
0,0.301369863,0.124183842,0.666666667,0,0,0.397959184,0.5,0.533333333,0.666666667,0.5,0.6,1,1,0.951219512
0,0.178082192,0.028436894,0.4,0,0,0.397959184,0.875,0.066666667,0.333333333,1,0,1,1,0.951219512
1,0.219178082,0.172103659,0.6,0.07298073,0,0.56122449,0.75,1,0.333333333,0.214285714,0,1,1,0.951219512
0,0.123287671,0.104907264,0.466666667,0,0,0.397959184,0.5,0.133333333,0.666666667,0.428571429,0.6,1,1,0.951219512
0,0.287671233,0.135280408,0.6,0,0,0.397959184,0.5,1,0.333333333,0.214285714,0,1,1,0.951219512
0,0.246575342,0.109614611,0.6,0,0,0.397959184,0.5,1,0.666666667,1,0.6,1,1,0.951219512
0,0.287671233,0.194521401,0.533333333,0,0,0.397959184,0.5,0.733333333,0.333333333,0.428571429,0,0.5,1,0.951219512
0,0.328767123,0.011386124,0.6,0,0,0.193877551,0,1,1,0,0.2,1,0,0.951219512
0,0.082191781,0.156027779,0.6,0.046500465,0,0.397959184,0.5,1,0.666666667,0.571428571,0.6,1,0,0.951219512
0,0.068493151,0.111520416,0.6,0,0,0.5,0.5,1,0.666666667,0.071428571,0.2,1,1,0.951219512
1,0.493150685,0.15849714,0.133333333,0,0,0.397959184,0.625,0.266666667,0.333333333,0.857142857,0,1,1,0.634146341
0,0.821917808,0.088194085,0.2,0,0,0.224489796,0.5,0.333333333,1,0.642857143,0.8,1,0,0.951219512
0,0.150684932,0.102143609,0.266666667,0.045080451,0,0.397959184,0.5,0.4,0.333333333,0.857142857,0,1,1,0.951219512
0,0.205479452,0.041423705,0.666666667,0,0,0.5,0.25,0.533333333,0.666666667,0.785714286,0.2,0.25,0,0.951219512
0,0.205479452,0.017936358,0.666666667,0,0,0.397959184,0.5,0.533333333,0.666666667,0.214285714,0.2,1,1,0.951219512
0,0.452054795,0.008019674,0.866666667,0,0,0.653061224,0.25,0.8,0,0.714285714,0.8,1,0,0.951219512
1,0.369863014,0.107792695,0.933333333,0,0,0.551020408,0.625,0.933333333,0.333333333,0.714285714,0,1,1,0.951219512
1,0.342465753,0.044976203,0.6,0.03103031,0,0.448979592,0.5,1,0.333333333,0.214285714,0,1,1,0.951219512
0,0.493150685,0.218771882,0.533333333,0,0,0.295918367,0.75,0.733333333,0,0.857142857,0.2,1,1,0.951219512
0,0.150684932,0.075567869,0.6,0,0,0.632653061,0.75,1,0.333333333,0.857142857,0.6,0.25,1,0.853658537
0,0.164383562,0.112296405,0.533333333,0,0,0.397959184,0.5,0.733333333,0.333333333,0.785714286,0,1,1,0.951219512
1,0.561643836,0.142701346,0.533333333,0,0,0.397959184,0.5,0.733333333,0.333333333,0.714285714,0,1,1,0
1,0.328767123,0.102158492,0.533333333,0.076880769,0,0.428571429,0.5,0.733333333,0.333333333,0.714285714,0,1,1,0.951219512
0,0.095890411,0.100203976,0.466666667,0,0,0.295918367,0.5,0.133333333,0.666666667,0.357142857,0.6,1,1,0.951219512
0,0.589041096,0.119037423,0.533333333,0,0,0.397959184,0,0.733333333,0,0,0.2,1,0,0.951219512
1,0.369863014,0.089636463,0.933333333,0.086140861,0,0.5,0.625,0.933333333,0.666666667,0.714285714,0.2,1,1,0.951219512
1,0.410958904,0.121487841,0.733333333,0,0,0.397959184,0.125,0.466666667,0.333333333,0.071428571,0,1,1,0.951219512
0,0.109589041,0.107695951,0.666666667,0,0,0.418367347,0.5,0.533333333,0.666666667,0.071428571,0.2,1,0,0.951219512
0,0.136986301,0.118705919,0.8,0.033250333,0,0.244897959,0.25,0.6,0.666666667,0.714285714,0.6,1,0,0.951219512
0,0.561643836,0.106896283,0.533333333,0,0,0.346938776,0.5,0.733333333,0,0.571428571,0.2,1,1,0.951219512
0,0.054794521,0.107008589,0.733333333,0,0,0.142857143,0.5,0.466666667,0.666666667,0.428571429,0.6,1,1,0.951219512
0,0.02739726,0.079064214,0.533333333,0,0,0.397959184,0.5,0.733333333,0.666666667,0.214285714,0.2,1,0,0.951219512
0,0.095890411,0.014243817,0.6,0,0,0.193877551,0,1,0.666666667,0,0.6,1,1,0.951219512
0,0.109589041,0.211464602,0.8,0,0,0.397959184,0.5,0.6,0.666666667,0.857142857,0.2,1,0,0.951219512
0,0.04109589,0.135093007,0.666666667,0,0,0.193877551,0.5,0.533333333,0.666666667,0.571428571,0.6,1,0,0.951219512
1,0.712328767,0.130138724,0.6,0.093860939,0,0.724489796,0.75,1,0.333333333,0.214285714,0,1,1,0.951219512
0,0.246575342,0.12233216,0.533333333,0,0,0.316326531,0.5,0.733333333,0.833333333,0.071428571,0.8,1,0,0.951219512
0,0.342465753,0.085812674,0.533333333,0,0,0.397959184,0.5,0.733333333,0,1,0.2,1,1,0.951219512
0,0.260273973,0.22406308,0.533333333,0,0,0.295918367,0.5,0.733333333,0,0.214285714,0.2,1,1,0.951219512
0,0.232876712,0.120067789,0.866666667,0,0,0.397959184,0.5,0.8,0.666666667,0.714285714,0.2,1,1,0.951219512
0,0.164383562,0.156679284,0.666666667,0,0,0.397959184,0.875,0.533333333,0,0.071428571,0.6,1,1,0.951219512
1,0.424657534,0.119290448,0.733333333,0,0,0.479591837,0.5,0.466666667,0.333333333,0.214285714,0,1,1,0.951219512
0,0.082191781,0.247731063,0.6,0,0,0.193877551,0.5,1,0.666666667,0.714285714,0.6,1,1,0.951219512
0,0.164383562,0.176324576,0.533333333,0,0,0.295918367,0.5,0.733333333,0.333333333,0.071428571,0,1,1,0.634146341
0,0.205479452,0.261686675,0.8,0,0,0.448979592,0.5,0.6,0.666666667,0.285714286,0.2,1,0,0.951219512
0,0.369863014,0.170305423,0.8,0,0,0.397959184,0.25,0.6,0.333333333,0.714285714,0.4,0.5,0,0.951219512
0,0.178082192,0.071229235,0.533333333,0,0,0.602040816,0.625,0.733333333,0,0.571428571,0.2,1,0,0.951219512
0,0.095890411,0.128132791,0.6,0,0,0.397959184,0.5,1,0.666666667,0.5,0.6,1,1,0.951219512
1,0.383561644,0.124768371,0.866666667,0,0,0.5,0.5,0.8,0.333333333,0.857142857,0,1,1,0.951219512
0,0.02739726,0.110425779,0.533333333,0,0,0.173469388,0.875,0.733333333,0.666666667,0.571428571,0.2,1,0,0.951219512
0,0.260273973,0.110927769,0.533333333,0,0.365013774,0.397959184,0.5,0.733333333,0.666666667,0.214285714,0.2,1,1,0.951219512
0,0.246575342,0.037231203,0.733333333,0,0,0.5,0.5,0.466666667,0.666666667,0.428571429,0.2,1,1,0.951219512
0,0.068493151,0.093287735,0.6,0,0,0.193877551,0.5,1,0.666666667,0.071428571,0.6,1,0,0.951219512
0,0.136986301,0.335597027,0.8,0,0,0.479591837,0.125,0.6,0.666666667,0.285714286,0.2,0.5,1,0.951219512
1,0.02739726,0.210619607,0.2,0,0,0.602040816,0.5,0.333333333,0.666666667,0.571428571,0.2,1,1,0.951219512
1,0.465753425,0.09694036,0.533333333,0,0,0.397959184,0.5,0.733333333,0.333333333,0.214285714,0,1,1,0.951219512
0,0.02739726,0.230404265,0.533333333,0,0.394628099,0.295918367,0.5,0.733333333,0.666666667,0.857142857,0.4,0.5,0,0.951219512
1,0.150684932,0.127798581,0.533333333,1,0,0.397959184,0.625,0.733333333,0.333333333,0.857142857,0,0.5,1,0.951219512
0,0.342465753,0.142927309,0.2,0,0,0.295918367,0.5,0.333333333,0.333333333,0.428571429,0,1,1,0.634146341
0,0.219178082,0.091582184,0.666666667,0,0,0.602040816,0.25,0.533333333,0.333333333,0.714285714,0,1,1,0.951219512
1,0.191780822,0.099047097,0.666666667,0,0,0.397959184,0.875,0.533333333,0.333333333,0.857142857,0,1,1,0.951219512
0,0.616438356,0.018499914,0.8,0,0,0.397959184,0.875,0.6,0.333333333,0.714285714,0,1,1,0.951219512
0,0.109589041,0.107536288,0.533333333,0,0,0.397959184,0.5,0.733333333,0,0.428571429,0.6,1,0,0.951219512
0,0,0.094521739,0.466666667,0,0,0.153061224,0.625,0.133333333,0.666666667,0.071428571,0.6,1,0,0.951219512
1,0.643835616,0.133281916,0.533333333,0,0,0.602040816,1,0.733333333,0.333333333,0.428571429,0,1,1,0.951219512
0,0.506849315,0.09289602,0.8,0,0,0.448979592,0.125,0.6,0.333333333,0.285714286,1,1,0,0.951219512
0,0.095890411,0.200200932,0.2,0,0,0.397959184,0.5,0.333333333,0.666666667,0.428571429,0.4,1,1,0.634146341
0,0.397260274,0.347444549,0.4,0,0,0.479591837,0.75,0.066666667,0.333333333,1,0,0.5,1,0.951219512
0,0.438356164,0.126575402,0.533333333,0,0,0.397959184,0.25,0.733333333,0.333333333,0.785714286,0,1,1,0.951219512
0,0.109589041,0.145188974,0.666666667,0,0,0.397959184,0.5,0.533333333,0.666666667,0.571428571,0.4,0.25,0,0
0,0.575342466,0.120003518,0.6,0,0,0.397959184,0.5,1,0.333333333,0.857142857,0,1,1,0.951219512
0,0.232876712,0.111731496,0.333333333,0,0,0.602040816,0.5,0,0.333333333,1,0,1,1,0.951219512
1,0.246575342,0.119616539,0.8,0,0,0.397959184,0.5,0.6,0.333333333,0.285714286,0,1,1,0.951219512
1,0.684931507,0.135591615,0.866666667,0,0,0.551020408,0.5,0.8,0.5,0.285714286,0.2,1,1,0.951219512
0,0.191780822,0.107047151,0.533333333,0,0,1,0,0.733333333,0,0,0.2,1,0,0.951219512
1,0.643835616,0.03170254,1,0,0.436639118,0.602040816,0.625,0.666666667,0.333333333,0.285714286,0,1,1,0.951219512
0,0.383561644,0.100224272,0.733333333,0,0,0.428571429,0.5,0.466666667,0,0.714285714,0.8,1,0,0.951219512
0,0.342465753,0.207468296,0.533333333,0,0,0.397959184,0.5,0.733333333,0,0.5,0.2,1,0,0.951219512
0,0.410958904,0.111745027,0.6,0,0,0.397959184,0.75,1,0.333333333,0.571428571,0,0.5,1,0.951219512
0,0.191780822,0.135273642,0.6,0,0,0.448979592,0.5,1,0.666666667,0.857142857,0.2,1,1,0.951219512
1,0.630136986,0.056419832,0.6,0,0,0.173469388,0.125,1,0.333333333,0.928571429,0,1,1,0.951219512
0,0.452054795,0.121721246,0.4,0,0,0.397959184,0.5,0.066666667,0.333333333,1,0,1,1,0.951219512
0,0.260273973,0.123995765,0.8,0,0,0.397959184,0.5,0.6,0,0.285714286,0.8,1,0,0.951219512
0,0.123287671,0.178463787,0.6,0,0,0.397959184,0.125,1,0.333333333,0.071428571,0,0.5,1,0.951219512
0,0.082191781,0.106904402,0.533333333,0,0,0.37755102,0.5,0.733333333,1,0.285714286,0.8,1,1,0.951219512
1,0.438356164,0.114073668,0.866666667,0,0.402892562,0.448979592,0.5,0.8,0,0.285714286,0.8,1,1,0.951219512
0,0.369863014,0.157654851,0.533333333,0,0,0.397959184,0.5,0.733333333,0.333333333,1,0,1,1,0.951219512
0,0.328767123,0.127320269,0.533333333,0,0,0.397959184,0.5,0.733333333,0.333333333,1,0,1,1,0.951219512
1,0.301369863,0.065949537,0.933333333,0.150241502,0,0.5,0.75,0.933333333,0.333333333,0.714285714,0,1,1,0.951219512
0,0.424657534,0.102927039,0.533333333,0,0,0.397959184,0.5,0.733333333,0,0.5,0.8,1,0,0.951219512
0,0.287671233,0.013904196,0.8,0,0,0.56122449,0.5,0.6,0,0.714285714,0.8,1,0,0.951219512
1,0.178082192,0.018110228,0.533333333,0,0,0.653061224,0.5,0.733333333,0.333333333,0.285714286,0,1,1,0.951219512
0,0.123287671,0.169821022,0.733333333,0,0,0.755102041,0.75,0.466666667,0.333333333,0.357142857,0,1,1,0.951219512
1,0.301369863,0.182784154,0.666666667,0,0,0.397959184,0.25,0.533333333,0.333333333,0.785714286,0,1,1,0.951219512
0,0.095890411,0.040479936,0.8,0.02202022,0,0.295918367,0.5,0.6,0.666666667,0.071428571,0.6,1,1,0.951219512
1,0.712328767,0.154437916,0.933333333,1,0,0.397959184,0.75,0.933333333,0.333333333,0.714285714,0,1,1,0.951219512
1,0.219178082,0.175949774,0.8,0.07298073,0,0.806122449,0.75,0.6,0.333333333,0.857142857,0,1,1,0.951219512
0,0.109589041,0.122792881,0.8,0,0,0.448979592,0.5,0.6,0.333333333,0.857142857,1,1,0,0.951219512
0,0.082191781,0.114696759,0.533333333,0,0,0.530612245,0.5,0.733333333,0.833333333,0.214285714,0.6,1,1,0.951219512
0,0.150684932,0.088273916,0.533333333,0,0,0.479591837,0.5,0.733333333,0.666666667,0.5,0.2,1,1,0.951219512
0,0.164383562,0.058866868,0.533333333,0,0,0.397959184,0,0.733333333,0.333333333,0,0.2,0.25,0,0.024390244
0,0.095890411,0.315950383,0.266666667,0,0,0.479591837,0.5,0.4,0.666666667,0.857142857,0.6,1,1,0.951219512
0,0,0.156000041,0.333333333,0.005940059,0,0.112244898,0.5,0,0.666666667,0.857142857,0.6,1,0,0.951219512
0,0.191780822,0.163863434,0.6,0,0,0.397959184,0.5,1,0.666666667,0.285714286,0.6,0.5,1,0.951219512
1,0.575342466,0.15757299,0.333333333,0,0,0.397959184,0.5,0,0.333333333,1,0,0.5,1,0.951219512
0,0.397260274,0.11530226,0.2,0,0,0.397959184,0.5,0.333333333,0,0.285714286,0.2,1,1,0.951219512
0,0.232876712,0.08443389,0.533333333,0,0,0.397959184,0.5,0.733333333,0.333333333,0.214285714,0.4,0,1,0.951219512
0,0.04109589,0.073812931,0.6,0,0,0.316326531,0,1,0.666666667,0,0.6,1,1,0.951219512
0,0.205479452,0.192550647,0.8,0,0,0.397959184,0.5,0.6,0.666666667,0.714285714,0.6,0.5,0,0.951219512
1,0.342465753,0.041978466,0.866666667,0,0,0.397959184,0.875,0.8,0.333333333,0.071428571,0,0,1,0.951219512
1,0.315068493,0.109795246,0.8,0,0,0.448979592,0.5,0.6,0.333333333,0.285714286,0,1,1,0.951219512
0,0.136986301,0.095393795,0.6,0,0,0.397959184,0.5,1,0.333333333,1,0,1,1,0.951219512
1,0.301369863,0.149401095,0.933333333,0,0,0.397959184,0.625,0.933333333,0.333333333,0.714285714,0,1,1,0.951219512
0,0.136986301,0.05939592,0.533333333,0,0,0.602040816,0.5,0.733333333,0.666666667,0.571428571,0.2,0.25,1,0.073170732
1,0.479452055,0.089898959,0.8,0.150241502,0,0.551020408,0.5,0.6,0.333333333,0.285714286,0,1,1,0.951219512
0,0.342465753,0.166086536,0.4,0,0,0.142857143,0,0.066666667,0.333333333,0,0,1,1,0.951219512
0,0.342465753,0.088268504,0.8,0,0,0.5,0.25,0.6,0,0.714285714,0.2,1,0,0.951219512
0,0.109589041,0.094393873,0.533333333,0,0,0.275510204,0.5,0.733333333,0.666666667,0.5,0.2,0.5,1,0.951219512
0,0.301369863,0.014709952,0.8,0,0,0.479591837,0.5,0.6,0,0.285714286,0.8,1,0,0.951219512
0,0.082191781,0.085075924,0.8,0,0.365013774,0.5,0.5,0.6,0.666666667,0.714285714,0.6,1,1,0.951219512
0,0.068493151,0.007885043,0.533333333,0,0,0.397959184,0.5,0.733333333,0.666666667,0.285714286,0.2,0.25,1,0.951219512
0,0.315068493,0.029027511,0.6,0,0,0.397959184,0.5,1,0.666666667,0.071428571,0.2,0.5,0,0.951219512
0,0.287671233,0.192087219,0.8,0,0,0.448979592,0.5,0.6,0.333333333,0.214285714,0,1,1,0.951219512
0,0.246575342,0.050923643,0.533333333,0,0,0.397959184,0.5,0.733333333,0,0.214285714,0.2,1,1,0.951219512
0,0.178082192,0.024472385,0.6,0,0,0.397959184,0.125,1,0.666666667,0.071428571,0.6,0.5,0,0.951219512
1,0.369863014,0.09390609,0.533333333,0,0.433195592,0.704081633,0.625,0.733333333,0.333333333,0.285714286,0,1,1,0.951219512
1,0.109589041,0.102383779,0.533333333,0.07298073,0,0.846938776,0.5,0.733333333,0.333333333,0.285714286,0,1,1,0.951219512
0,0.04109589,0.015090166,0.6,0,0,0.602040816,0.5,1,0.666666667,0.357142857,0.6,1,1,0.951219512
0,0.246575342,0.120362083,0.533333333,0,0,0.397959184,0.5,0.733333333,0.666666667,0.071428571,0.2,1,0,0.951219512
0,0.136986301,0.120670584,0.8,0,0,0.244897959,0,0.6,0.666666667,0,0.8,0.25,1,0.731707317
1,0.260273973,0.251185463,0.8,0.150241502,0,0.551020408,0.5,0.6,0.333333333,0.285714286,0,1,1,0.219512195
1,0.315068493,0.164662425,0.6,0,0,0.397959184,0.5,1,0.333333333,0.714285714,0,1,1,0.951219512
0,0.164383562,0.026368043,0.533333333,0,0,0.397959184,0,0.733333333,0.666666667,0,0.2,0.5,1,0.951219512
1,0.561643836,0.116896858,0.8,0,0,0.397959184,0.25,0.6,0.833333333,0.714285714,0.8,0.5,0,0.56097561
0,0.273972603,0.112016318,0.6,0.021740217,0,0.397959184,0.5,1,0.666666667,0.285714286,0.2,1,1,0.951219512
0,0.465753425,0.203543703,0.533333333,0,0,0.397959184,0.5,0.733333333,0.333333333,0.5,0,1,1,0.951219512
0,0.301369863,0.124745368,0.533333333,0.050130501,0,0.397959184,0.5,0.733333333,0.333333333,0.571428571,1,1,0,0.951219512
0,0.260273973,0.091510471,0.533333333,0,0,0.857142857,0.5,0.733333333,0.333333333,0.5,0,1,1,0.951219512
0,0.04109589,0.062712306,0.533333333,0,0,0.397959184,0.5,0.733333333,0.666666667,0.857142857,0.2,1,1,0.951219512
0,0.246575342,0.162322959,0.466666667,0,0,0.397959184,0.25,0.133333333,0.333333333,0.357142857,0,1,1,0.951219512
1,0.452054795,0.13781404,0.533333333,0,0,0.397959184,0.5,0.733333333,0.333333333,0.214285714,0,1,1,0.951219512
0,0.547945205,0.061919404,0.533333333,0,0,0.397959184,0.5,0.733333333,0.666666667,0.857142857,0.8,1,0,0.951219512
0,0.04109589,0.315950383,0.533333333,0,0,0.397959184,0.5,0.733333333,0.666666667,0.428571429,0.6,1,1,0.951219512
0,0.136986301,0.13338475,0.8,0,0,0.397959184,0.5,0.6,0.166666667,0.857142857,1,1,0,0.951219512
0,0.821917808,0.201384872,0.733333333,0,0.323921028,0.010204082,0,0.466666667,0.333333333,0,0,1,1,0.951219512
0,0.04109589,0.121470251,0.466666667,0,0,0.397959184,0.5,0.133333333,0.666666667,0.571428571,0.8,1,1,0
1,0.232876712,0.01450902,0.6,0,0,0.397959184,0.25,1,0.333333333,1,0,1,1,0.951219512
0,0.479452055,0.09688759,0.533333333,0,0,0.397959184,0.5,0.733333333,0.666666667,0.071428571,0.4,1,0,0.951219512
1,0.575342466,0.142702023,0.8,0,0.453856749,0.5,0.625,0.6,0.333333333,0.285714286,0,1,1,0.951219512
0,0.095890411,0.072055963,0.6,0,0,0.112244898,0.5,1,0.666666667,0.857142857,0.6,1,0,0.951219512
0,0.575342466,0.183578409,0.866666667,0,0,0.397959184,0.25,0.8,0,0.714285714,0.2,1,0,0.951219512
1,0.315068493,0.08114186,0.6,0.043860439,0,0.5,0.5,1,0.333333333,0.5,0,1,1,0.951219512
0,0.575342466,0.112558901,0.733333333,0,0,0.397959184,0.125,0.466666667,0.333333333,0.071428571,0,1,1,0.951219512
0,0.136986301,0.15555082,0.8,0,0,0.397959184,0.5,0.6,0.666666667,0.928571429,0.6,1,0,0.951219512
0,0.01369863,0.218109552,0.533333333,0,0,0.244897959,0.5,0.733333333,0.666666667,0.428571429,0.6,1,1,0.951219512
0,0.054794521,0.177933381,0.6,0,0,0.112244898,0.5,1,0.666666667,0.857142857,0.6,1,1,0.951219512
1,0.410958904,0.033556252,0.8,0.150241502,0,0.5,0.5,0.6,0.333333333,0.714285714,0,1,1,0.951219512
0,0.01369863,0.091553769,0.533333333,0,0,0.071428571,0.625,0.733333333,0.666666667,0.357142857,0.6,1,0,0.951219512
1,0.356164384,0.112640086,0.6,0,0,0.489795918,0.5,1,0.333333333,0.285714286,0,1,1,0.951219512
1,0.301369863,0.219158185,0.533333333,0.03103031,0,0.602040816,0.625,0.733333333,0.333333333,0.285714286,0,1,1,0.951219512
0,0.219178082,0.224092171,0.6,0,0,0.244897959,0.5,1,0.666666667,0.571428571,0.2,1,0,0.951219512
0,0.136986301,0.025729392,0.6,0,0,0.397959184,0.5,1,0.666666667,0.285714286,0.2,1,1,0.951219512
0,0.02739726,0.188851341,0.533333333,0,0,0.244897959,0.5,0.733333333,0.666666667,0.571428571,0.6,1,0,0.951219512
0,0.02739726,0.01166418,0.6,0,0,0.173469388,0.5,1,0.666666667,0.571428571,0.6,1,0,0.951219512
0,0.356164384,0.140938966,0.6,0,0,0.5,0.5,1,0,0.928571429,0.2,1,0,0.951219512
0,0.219178082,0.140417356,0.333333333,0,0,0.397959184,0.5,0,0.333333333,0.357142857,0,1,1,0.951219512
0,0.232876712,0.088827324,0.6,0,0,0.346938776,0.5,1,0.666666667,0.071428571,0.2,0.25,0,0.585365854
0,0.164383562,0.173849125,0.533333333,0,0,0.397959184,0.5,0.733333333,0.333333333,0.214285714,0,1,1,0.951219512
0,0.054794521,0.082061951,0.133333333,0.021760218,0,0.357142857,0.5,0.266666667,0.666666667,0.357142857,0.2,1,1,0.634146341
0,0.219178082,0.064061998,0.533333333,0,0,0.397959184,0.5,0.733333333,0,0.571428571,0.8,1,0,0.951219512
0,0.589041096,0.018717759,0.266666667,0.022280223,0,0.367346939,0.5,0.4,0.333333333,0.5,0,1,1,0.951219512
0,0.178082192,0.204560538,0.533333333,0,0,0.397959184,0.5,0.733333333,0.5,0.357142857,0.8,0.25,1,0
0,0.383561644,0.033465596,0.533333333,0,0,0.346938776,0.5,0.733333333,0.333333333,0.571428571,1,1,0,0.951219512
0,0.273972603,0.065750635,0.266666667,0,0,0.397959184,0.5,0.4,0,0.571428571,0.2,1,0,0.951219512
1,0.452054795,0.096368009,0.6,0,0,0.397959184,0.5,1,0.333333333,0.928571429,0,1,1,0.951219512
0,0.068493151,0.187511121,0.733333333,0,0.506198347,0.295918367,0.5,0.466666667,0.666666667,0.071428571,0.6,0.25,0,0.731707317
0,0.602739726,0.069506094,0.866666667,0,0,0.030612245,0.75,0.8,0.333333333,0.214285714,0,1,1,0
1,0.438356164,0.014946063,0.466666667,0,0,0.397959184,0.5,0.133333333,0.333333333,0.214285714,0,1,1,0.951219512
0,0.356164384,0.145759295,0.666666667,0,0,0.214285714,0.25,0.533333333,0.333333333,1,0,1,1,0.951219512
0,0.712328767,0.079918004,0.8,0.023460235,0,0.142857143,0.5,0.6,1,0.285714286,0.2,1,0,0.951219512
1,0.136986301,0.085232881,0.533333333,0,0,0.448979592,0.5,0.733333333,0.333333333,0.285714286,0,1,1,0.951219512
0,0.068493151,0.103264631,0.533333333,0,0,0.397959184,0.5,0.733333333,0.333333333,0.571428571,0,1,1,0.951219512
0,0.671232877,0.1938611,0.6,0,0,0.397959184,0.5,1,0.333333333,0.785714286,0,1,1,0.048780488
0,0.465753425,0.120689527,0.533333333,0,0,0.397959184,0.5,0.733333333,0,0.714285714,0.8,0.5,0,0
0,0.301369863,0.195164111,0.533333333,0,0,0.5,0.5,0.733333333,0,0.928571429,0.8,1,0,0.951219512
0,0.191780822,0.088075014,0.8,0,0,0.397959184,0.125,0.6,0.666666667,0.285714286,0.2,0.5,0,0.951219512
1,0.465753425,0.221647165,0.533333333,0.076880769,0,0.397959184,0.5,0.733333333,0.333333333,0.857142857,0,1,1,0.951219512
0,0.205479452,0.107927326,0.533333333,0,0,0.397959184,0.5,0.733333333,0.666666667,0.5,0.2,1,0,0.951219512
0,0.589041096,0.08992805,0.533333333,0,0,0.602040816,0.75,0.733333333,0.333333333,0.857142857,0,1,1,0.951219512
0,0.232876712,0.146200397,0.533333333,0,0,0.704081633,0.5,0.733333333,0.333333333,0.214285714,1,0.5,0,0.951219512
0,0.260273973,0.190156382,0.6,0,0,0.479591837,0.25,1,0.666666667,0.285714286,0.8,0.5,0,0.951219512
1,0.232876712,0.120067789,0.8,0,0.453856749,0.448979592,0.5,0.6,0.333333333,0.285714286,0,1,1,0.951219512
0,0.109589041,0.090080271,0.6,0,0,0.244897959,0.5,1,0.666666667,0.5,0.2,1,0,0.951219512
0,0.095890411,0.187807444,0.4,0,0,0.448979592,0.25,0.066666667,0.666666667,0.571428571,0.2,0.25,1,0.951219512
0,0.04109589,0.131516154,0.466666667,0,0,0.551020408,0.5,0.133333333,0.666666667,0.857142857,0.2,1,0,0.951219512
0,0.315068493,0.022195837,0.866666667,0,0,0.5,0.75,0.8,0.333333333,0.714285714,0,1,1,0.951219512
0,0.356164384,0.064010581,0.8,0,0,0.397959184,0.5,0.6,0.333333333,0.5,0,1,1,0.951219512
1,0.397260274,0.103951316,0.533333333,0,0,0.397959184,0.5,0.733333333,0.333333333,0.214285714,0,1,1,0.951219512
0,0.082191781,0.123957202,0.8,0,0,0.448979592,0.5,0.6,0.333333333,0.857142857,0,1,1,0.951219512
0,0.410958904,0.028397655,0.6,0,0,0.448979592,0.625,1,0.333333333,0.857142857,0,1,1,0.951219512
0,0.273972603,0.026326098,0.6,0,0,0.448979592,0.5,1,0.333333333,0.214285714,0,1,1,0.951219512
0,0.123287671,0.122899774,0.733333333,0,0,0.448979592,0.5,0.466666667,0.666666667,0.928571429,0.2,1,1,0.951219512
1,0.493150685,0.116290681,0.6,0,0,0.5,0.5,1,0.333333333,0.285714286,0,1,1,0.951219512
0,0.232876712,0.157583138,0.533333333,0.020360204,0,0.295918367,0.5,0.733333333,0.666666667,0.214285714,0.8,1,1,0.951219512
0,0.273972603,0.078131269,0.8,0,0,0.397959184,0.5,0.6,0.666666667,0.214285714,0.2,1,1,0.951219512
1,0.410958904,0.112016318,0.8,0.278282783,0,0.602040816,0.5,0.6,0.5,0.285714286,0.2,1,0,0.951219512
1,0.219178082,0.106359113,0.8,0,0,0.5,0.5,0.6,0.333333333,0.285714286,0,1,1,0.951219512
0,0.643835616,0.025631294,0.533333333,0,0,0.091836735,0,0.733333333,0.333333333,0,0,1,1,0.951219512
1,0.123287671,0.160848784,0.6,0,0,0.397959184,0.5,1,0.333333333,0.071428571,0,1,1,0.951219512
0,0.479452055,0.096709661,0.533333333,0,0,0.275510204,0.25,0.733333333,1,0.071428571,0.8,1,0,0.951219512
0,0.01369863,0.065906239,0.6,0,0,0.295918367,0.5,1,0.666666667,0.857142857,0.6,1,0,0.951219512
0,0.273972603,0.183115657,0.533333333,0,0,0.397959184,0.5,0.733333333,0.333333333,0.714285714,0,1,1,0.951219512
0,0.205479452,0.071143991,0.8,0,0,0.5,0.5,0.6,0.666666667,0.285714286,0.2,1,1,0.951219512
1,0.178082192,0.115340146,0.866666667,0,0,0.397959184,0.5,0.8,0.333333333,0.714285714,0,0.25,1,0.951219512
0,0.232876712,0.064614729,0.533333333,0,0,0.397959184,0.5,0.733333333,0,0.214285714,0.2,1,1,0.951219512
0,0.109589041,0.033604287,0.6,0,0,0.5,0.5,1,0.666666667,1,0.2,1,1,0.951219512
1,0.342465753,0.106686557,0.6,0,0,0.5,0.5,1,0.333333333,0.214285714,0,0.5,1,0.951219512
0,0.328767123,0.042276819,0.8,0,0,0.295918367,0.5,0.6,0.333333333,0.571428571,0,0.25,1,0.975609756
0,0.726027397,0.095088677,0.533333333,0,0,0.193877551,0,0.733333333,1,0,0.8,1,0,0.951219512
0,0.191780822,0.12543273,0.533333333,0,0,0.37755102,0.5,0.733333333,0.666666667,0.571428571,0.2,0.5,0,0.951219512
1,0.520547945,0.075672055,0.933333333,0,0.554407713,0.346938776,0.625,0.933333333,0.333333333,0.714285714,0,1,1,0.292682927
0,0.712328767,0.129237576,0.533333333,0.009910099,0,0.173469388,0.5,0.733333333,1,0.571428571,0.2,1,0,0.951219512
1,0.260273973,0.113119074,0.8,0.07298073,0,0.551020408,0.875,0.6,0.333333333,0.785714286,0,1,1,0.951219512
1,0.561643836,0.055055933,0.533333333,0.150241502,0,0.602040816,0.75,0.733333333,0.333333333,0.285714286,0,1,1,0.951219512
0,0.452054795,0.073827814,0.466666667,0,0,0.397959184,0.5,0.133333333,0,1,0.2,1,1,0.951219512
0,0.136986301,0.143064647,0.6,0,0,0.448979592,0.5,1,0.666666667,0.214285714,0.2,1,1,0.951219512
0,0.342465753,0.088827324,0.2,0,0,0.479591837,0.5,0.333333333,0.333333333,0.571428571,0.4,0.25,0,0
0,0.616438356,0.11418462,0.333333333,0,0,0.295918367,0,0,1,0,0.2,1,0,0.951219512
0,0.095890411,0.120327579,0.8,0,0,0.397959184,0.5,0.6,0.333333333,0.857142857,0,1,1,0.951219512
0,0.01369863,0.018351752,0.4,0,0,0.234693878,0.5,0.066666667,0.666666667,0.428571429,0.6,1,1,0.951219512
0,0.109589041,0.050374971,0.8,0,0,0.397959184,0.625,0.6,0.666666667,0.071428571,0.6,0.25,0,0.951219512
1,0.246575342,0.088589859,0.666666667,0,0,0.43877551,0.5,0.533333333,0.333333333,0.071428571,0,1,1,0.951219512
0,0.780821918,0.090099891,0.066666667,0,0,0.142857143,0.5,0.2,1,0.642857143,0.2,0.5,0,0.951219512
0,0.273972603,0.085180788,0.533333333,0,0,0.448979592,0.5,0.733333333,0.333333333,0.214285714,0,1,1,0.951219512
1,0.342465753,0.12042703,0.733333333,0,0,0.397959184,0.5,0.466666667,0.333333333,0.714285714,0,1,1,0.951219512
0,0.616438356,0.120821452,0.8,0,0,0.397959184,0,0.6,0.333333333,0,1,1,0,0.951219512
0,0.493150685,0.170111257,0.6,0,0,0.397959184,0.5,1,0.833333333,0.071428571,0.2,1,0,0.951219512
1,0.383561644,0.044473536,0.8,0,0,0.397959184,0.125,0.6,0.333333333,0.714285714,0,1,1,0.951219512
1,0.301369863,0.370761409,0.866666667,0,0,0.448979592,0.5,0.8,0.333333333,0.714285714,0,0.5,1,0.951219512
0,0.054794521,0.072223068,0.6,0,0,0.173469388,0.5,1,0.666666667,0.071428571,0.6,1,0,0.951219512
0,0.02739726,0.082515231,0.6,0,0,0.142857143,0.5,1,0.666666667,0.857142857,0.6,1,1,0.951219512
0,0.123287671,0.110029328,0.8,0,0,0.397959184,0.5,0.6,0.666666667,0.714285714,0.2,1,0,0.951219512
0,0.315068493,0.087443805,0.333333333,0,0,0.397959184,0.5,0,0,0.5,0.2,0.5,0,0.951219512
0,0.753424658,0.129221339,0.6,0,0,0.346938776,0.75,1,0.333333333,0.214285714,0,1,1,0.951219512
0,0.109589041,0.144040213,0.8,0,0,0.397959184,0.25,0.6,0.666666667,0.714285714,0.2,0.5,0,0.951219512
1,0.232876712,0.071495114,0.8,0,0,0.397959184,0.5,0.6,0.333333333,0.214285714,0,1,1,0.951219512
0,0.136986301,0.136937924,0.8,0,0,0.295918367,0,0.6,0.333333333,0,0,1,1,0.951219512
1,0.493150685,0.055428028,0.933333333,0.07298073,0,0.5,0.625,0.933333333,0.333333333,0.714285714,0,0.25,1,0.902439024
1,0.095890411,0.123497833,0.533333333,0,0,0.448979592,0.5,0.733333333,0.333333333,0.214285714,0,1,1,0.951219512
0,0.123287671,0.16660747,0.8,0,0,0.397959184,0.5,0.6,0.666666667,0.071428571,0.6,1,1,0.951219512
0,0.123287671,0.172615798,0.8,0,0,0.193877551,0.5,0.6,0.666666667,0.857142857,0.6,0.5,0,0.951219512
1,0.232876712,0.106502539,0.8,0,0,0.397959184,0.25,0.6,0.333333333,0.714285714,1,1,0,0.951219512
0,0.068493151,0.17705253,0.8,0,0,0.397959184,0.25,0.6,0.666666667,0.714285714,0.2,1,1,0.951219512
0,0.356164384,0.231458987,0.466666667,0,0,0.397959184,0.5,0.133333333,0.333333333,0.071428571,0,0.5,1,0.951219512
1,0.301369863,0.036162951,0.6,0,0,0.142857143,0.75,1,0.333333333,0.571428571,1,1,0,0.951219512
0,0.109589041,0.122744847,0.6,0,0,0.5,0.75,1,0.333333333,0.357142857,0,1,1,0.951219512
0,0.205479452,0.041471739,0.666666667,0,0,0.397959184,0.5,0.533333333,0.333333333,0.214285714,0,1,1,0.951219512
0,0.04109589,0.018489766,0.6,0,0,0.397959184,0.5,1,0.666666667,0.214285714,0.6,1,1,0.951219512
0,0.232876712,0.265947507,0.6,0,0,0.275510204,0.5,1,0.666666667,0.214285714,0.2,0.5,1,0.951219512
0,0.095890411,0.115772453,0.6,0,0,0.163265306,0.5,1,0.666666667,0.857142857,0.6,1,0,0.951219512
0,0.369863014,0.07188277,0.266666667,0,0,0.397959184,0.5,0.4,0.333333333,0.5,0,0.5,1,0.951219512
0,0.739726027,0.059897234,0.533333333,0,0.571395776,0.142857143,0,0.733333333,0.333333333,0,0,1,1,0.951219512
0,0.095890411,0.180470396,0.533333333,0,0,0.397959184,0.5,0.733333333,0.666666667,0.428571429,0.6,0.5,1,0.951219512
0,0.438356164,0.06656045,0.333333333,0,0,0.316326531,0.5,0,0,0.5,0.2,1,0,0.951219512
0,0.698630137,0.019397002,0.8,0,0,0.244897959,0,0.6,0.333333333,0,0,1,1,0.951219512
1,0.452054795,0.017338299,0.8,0,0,0.397959184,0.75,0.6,0.333333333,0.285714286,0,1,1,0.536585366
0,0.342465753,0.123957202,0.4,0,0,0.397959184,0.5,0.066666667,0.333333333,1,0,0.5,1,0.951219512
0,0.082191781,0.270589907,0.733333333,0,0,0.244897959,0.5,0.466666667,0.666666667,0.571428571,0.2,1,0,0.951219512
0,0.178082192,0.072482182,0.666666667,0,0,0.397959184,0.5,0.533333333,0.333333333,1,0,1,1,0.951219512
0,0.219178082,0.068015682,0.666666667,0,0,0.397959184,0.5,0.533333333,0.333333333,0.785714286,0,1,1,0.951219512
0,0.273972603,0.094362753,0.6,0,0,0.5,0.5,1,0.333333333,0.285714286,0,1,1,0.951219512
0,0.150684932,0.138473664,0.6,0,0,0.397959184,0.25,1,0.333333333,0.785714286,0,1,1,0.951219512
0,0.493150685,0.077593421,0.533333333,0,0,0.346938776,0.5,0.733333333,0.833333333,0.214285714,0.2,1,1,0.951219512
0,0.328767123,0.012810911,0.533333333,0,0,0.295918367,0.5,0.733333333,0,0.571428571,0.8,1,0,0.951219512
0,0.164383562,0.110260027,0.866666667,0,0,0.346938776,0.25,0.8,0.333333333,0.714285714,0.4,1,1,0.951219512
0,0.520547945,0.075672055,0.533333333,0,0,0.397959184,0.5,0.733333333,0.5,0.5,0.2,1,1,0.756097561
0,0.315068493,0.151206773,0.533333333,0,0,0.397959184,0.5,0.733333333,0.833333333,0.214285714,0.2,1,1,0.951219512
0,0.369863014,0.226888977,0.666666667,0,0,0.5,0.5,0.533333333,0.333333333,0.285714286,0,1,1,0.268292683
0,0,0.266985316,0.333333333,0,0,0.397959184,0,0,0.666666667,0,0.6,1,1,0.951219512
0,0.369863014,0.063873921,0.533333333,0,0,0.397959184,0.5,0.733333333,0,0.571428571,0.8,1,0,0.951219512
0,0.068493151,0.212957043,0.533333333,0,0,0.071428571,0,0.733333333,0.666666667,0,0.8,0.5,1,0.951219512
1,0.273972603,0.10263951,0.733333333,0,0,0.5,0.625,0.466666667,0.333333333,0.857142857,0,1,1,0.951219512
0,0.02739726,0.124869851,0.4,0.005940059,0,0.142857143,0.5,0.066666667,0.666666667,0.071428571,0.6,1,0,0.951219512
0,0.410958904,0.113652862,0.533333333,0,0,0.397959184,0.5,0.733333333,0.333333333,0.071428571,1,1,0,0.43902439
1,0.287671233,0.07231643,0.533333333,0,0,0.551020408,0.5,0.733333333,0.333333333,0.857142857,0,1,1,0.951219512
0,0.410958904,0.025577847,0.8,0,0.261248852,0.397959184,0.5,0.6,0,0.285714286,0.8,0.75,1,0.951219512
0,0.424657534,0.060764555,0.4,0,0,0.551020408,0.75,0.066666667,0.333333333,0.214285714,0,1,1,0.951219512
0,0.369863014,0.104895763,0.533333333,0,0,0.397959184,0.5,0.733333333,0.666666667,0.571428571,0.6,1,1,0.951219512
0,0.178082192,0.097080403,0.533333333,0,0,0.704081633,0.5,0.733333333,0.333333333,0.214285714,0,1,1,0.951219512
1,0.547945205,0.016987176,0.8,0,0,0.5,0.625,0.6,0.333333333,0.714285714,0,1,1,0.951219512
0,0.273972603,0.121138748,0.066666667,0,0,0.397959184,0.5,0.2,0.333333333,0.214285714,0,0.25,1,0.024390244
1,0.383561644,0.061217158,0.533333333,0,0,0.397959184,0.5,0.733333333,0.333333333,0.285714286,0,1,1,0.951219512
0,0.04109589,0.15764132,0.6,0,0,0.193877551,0.5,1,0.666666667,0.571428571,0.2,1,0,0.951219512
0,0.205479452,0.121401921,0.6,0,0,0.397959184,0.25,1,0.666666667,0.071428571,0.8,0.5,0,0.951219512
0,0.287671233,0.02491687,0.6,0,0,0.265306122,0.875,1,0.333333333,0.071428571,0,1,1,0.951219512
0,0.410958904,0.171157183,0.6,0,0,0.397959184,0.5,1,0.666666667,0.571428571,0.6,1,1,0.951219512
1,0.342465753,0.139955281,0.666666667,0,0,0.448979592,0.5,0.533333333,0.333333333,0.214285714,0,1,1,0.951219512
0,0.02739726,0.132656119,0.533333333,0,0,0.397959184,0.5,0.733333333,0.666666667,0.428571429,0.2,1,1,0.951219512
1,0.452054795,0.145083434,0.6,0,0,0.704081633,0.5,1,0.333333333,0.785714286,0,0.5,1,0.951219512
1,0.246575342,0.023069924,0.533333333,0.051780518,0,0.908163265,0.5,0.733333333,0.333333333,1,0,1,1,0.951219512
0,0.589041096,0.103667171,0.6,0,0,0.397959184,0.5,1,0.333333333,0.428571429,0,1,1,0.951219512
1,0.260273973,0.078634612,0.533333333,0,0,0.397959184,0.5,0.733333333,0.333333333,0.071428571,1,1,0,0.951219512
0,0.684931507,0.267457539,0.266666667,0.020500205,0,0.397959184,0,0.4,0,0,0.2,1,0,0.951219512
0,0.205479452,0.213633581,0.266666667,0,0,0.397959184,0.5,0.4,0.833333333,0.571428571,0.8,0.75,0,0.634146341
1,0.136986301,0.147891064,0.8,0,0,0.448979592,0.25,0.6,0.333333333,0.785714286,0,1,1,0.951219512
0,0.506849315,0.085627302,0.533333333,0,0,0.397959184,0.875,0.733333333,0.333333333,0.714285714,0,1,1,0.951219512
1,0.287671233,0.135211401,0.6,0,0,0.346938776,0.5,1,0.333333333,0.285714286,1,1,0,0.951219512
0,0.643835616,0.167643925,0.066666667,0,0,0.397959184,0.5,0.2,0.333333333,0.5,0,1,1,0.12195122
0,0.150684932,0.113430958,0.533333333,0,0,0.193877551,0.5,0.733333333,0,1,0.8,0.5,0,0.951219512
1,0.575342466,0.024231538,0.866666667,0,0,0.397959184,0.125,0.8,0.666666667,0.714285714,0.2,1,0,0
1,0.397260274,0.080376696,0.866666667,0,0,0.5,0.5,0.8,0.333333333,0.285714286,0,1,1,0.951219512
1,0.506849315,0.042199017,0.8,0,0,0.397959184,0.5,0.6,0,0.714285714,0.8,1,1,0.048780488
0,0.123287671,0.12812129,0.866666667,0,0,0.397959184,0.5,0.8,0.666666667,0.714285714,0.2,0.5,1,0.951219512
1,0.191780822,0.072488947,0.8,0,0,0.397959184,0.5,0.6,0.333333333,0.857142857,0,1,1,0.951219512
0,0.219178082,0.174085913,0.133333333,0,0,0.397959184,0.25,0.266666667,0.666666667,0.571428571,0.8,0.75,0,0.195121951
0,0.479452055,0.144138988,0.533333333,0,0,0.346938776,0.5,0.733333333,1,0.071428571,0.8,0.5,0,0.951219512
0,0.534246575,0.109766831,0.8,0,0,0.193877551,0,0.6,0.666666667,0,0.8,1,0,0.951219512
1,0.273972603,0.132673033,0.6,0,0,0.397959184,0.5,1,0.333333333,1,0,1,1,0.951219512
0,0.205479452,0.070862551,0.533333333,0,0,0.397959184,0.5,0.733333333,0.333333333,0.214285714,0,1,1,0.951219512
0,0.479452055,0.068968247,0.533333333,0.033250333,0,0.397959184,0.5,0.733333333,0,0.214285714,0.2,1,1,0.951219512
0,0.136986301,0.098327261,0.533333333,0,0,0.397959184,0,0.733333333,0.833333333,0,0.4,1,0,0.951219512
1,0.534246575,0.130923507,0.8,0.076880769,0,0.397959184,0.125,0.6,0.333333333,0.285714286,0,1,1,0.951219512
0,0.191780822,0.248127514,0.533333333,0,0,0.397959184,0.5,0.733333333,0.666666667,0.428571429,0.6,0.25,0,0.975609756
1,0.164383562,0.125597129,0.533333333,0,0,0.397959184,0.5,0.733333333,0.333333333,0.428571429,1,1,0,0.634146341
0,0.273972603,0.03173975,0.533333333,0,0,0.397959184,0.875,0.733333333,0.666666667,0.071428571,0.4,1,0,0.951219512
0,0.561643836,0.066678844,0.866666667,0,0,0.265306122,0.5,0.8,1,0.857142857,0.2,1,0,0.951219512
0,0.178082192,0.185080322,0.266666667,0,0,0.397959184,0.5,0.4,0.333333333,0.214285714,0,1,1,0.951219512
0,0.246575342,0.142549125,0.533333333,0,0,0.295918367,0.5,0.733333333,0.333333333,1,0,1,1,0.951219512
0,0.616438356,0.015897275,0.6,0,0,0.602040816,0.5,1,0.333333333,1,0,1,1,0.951219512
0,0.575342466,0.070761071,0.533333333,0,0,0.602040816,0.75,0.733333333,0.333333333,0.285714286,0,1,1,0.292682927
0,0.671232877,0.026656925,0.8,0,0,0.193877551,0.75,0.6,0.333333333,0.857142857,0,1,1,0.951219512
0,0.465753425,0.177399593,0.2,0,0,0.479591837,0.5,0.333333333,0,0.5,0.2,1,0,0.951219512
1,0.397260274,0.172229495,0.733333333,0,0,0.602040816,0.5,0.466666667,0.333333333,0.285714286,0,1,1,0.951219512
0,0.123287671,0.044633198,0.666666667,0,0,0.357142857,0.5,0.533333333,0,0.714285714,0.8,1,0,0.951219512
0,0,0.115539725,0.333333333,0,0,0.397959184,0.5,0,0.666666667,0.571428571,0.6,1,0,0.951219512
1,0.246575342,0.821517947,0.8,0,0,0.520408163,0.5,0.6,0.333333333,0.857142857,0,1,1,0.951219512
0,0,0.141742693,0.466666667,0.005940059,0,0.193877551,0.5,0.133333333,0.666666667,0.071428571,0.6,1,0,0.951219512
0,0.328767123,0.089935492,0.266666667,0,0,0.397959184,0.5,0.4,0.666666667,0.642857143,0.8,1,0,0.097560976
0,0.315068493,0.149538432,0.2,0,0,0.244897959,0.5,0.333333333,0.833333333,0.571428571,0.2,1,0,0.951219512
1,0.273972603,0.065859558,0.8,0,0,0.153061224,0.5,0.6,0.333333333,0.714285714,1,1,0,0.951219512
1,0.369863014,0.136996107,0.866666667,0,0,0.448979592,0.5,0.8,0.333333333,0.714285714,0,1,1,0.951219512
0,0.02739726,0.066941341,0.533333333,0,0,0.397959184,0.5,0.733333333,0.666666667,0.857142857,0.6,1,1,0.951219512
1,0.205479452,0.215987254,0.8,0,0,0.5,0.5,0.6,0.333333333,0.285714286,0,0.25,1,0.073170732
0,0.479452055,0.371557017,0.866666667,0,0,0.5,0.625,0.8,0,0.285714286,0.2,0.5,0,0.951219512
1,0.602739726,0.125799413,0.533333333,0,0,0.397959184,0.5,0.733333333,0.333333333,0.214285714,0,1,1,0.951219512
0,0.232876712,0.051185463,0.2,0,0,0.479591837,0.5,0.333333333,0.333333333,0.214285714,1,0.75,0,0
0,0.164383562,0.145864835,0.533333333,0,0,0.397959184,0.5,0.733333333,0.666666667,0.785714286,0.4,0.5,1,0.951219512
0,0.630136986,0.052842979,0.6,0,0,0.479591837,0.125,1,0.333333333,0.071428571,0,1,1,0.951219512
0,0.575342466,0.101379798,0.6,0,0,0.56122449,0.5,1,0,0.5,0.2,1,1,0.951219512
0,0.479452055,0.047357614,0.8,0,0,0.397959184,0.5,0.6,0.5,0.571428571,0.4,0.5,0,0.341463415
0,0.136986301,0.068920889,0.8,0,0,0.397959184,0.625,0.6,0.666666667,0.285714286,0.6,1,0,0.951219512
0,0.082191781,0.113068334,0.533333333,0,0,0.397959184,0.5,0.733333333,0.333333333,0.214285714,0,1,1,0.951219512
0,0.068493151,0.024394584,0.6,0,0,0.397959184,0,1,0.666666667,0,0.4,0.5,0,0.951219512
0,0.02739726,0.115217693,0.333333333,0,0,0.37755102,0,0,0.666666667,0,0.2,1,0,0.951219512
0,0.164383562,0.120467623,0.466666667,0,0,0.346938776,0.5,0.133333333,0.666666667,0.571428571,0.8,0.5,0,0
1,0.356164384,0.171866871,0.533333333,0,0.436639118,1,0.5,0.733333333,0.333333333,0.214285714,0,1,1,0.951219512
0,0.095890411,0.142457116,0.6,0,0,0.5,0.5,1,0.666666667,0.214285714,0.8,1,1,0.951219512
0,0.054794521,0.138407363,0.6,0,0,0.397959184,0.5,1,0.666666667,0.428571429,0.6,1,1,0.951219512
0,0.589041096,0.072759562,0.8,0,0,0.397959184,0.875,0.6,0.333333333,0.714285714,0,1,1,0.951219512
1,0.383561644,0.048719484,0.666666667,0,0.453856749,0.5,0.5,0.533333333,0.333333333,0.285714286,0,1,1,0.951219512
0,0.068493151,0.153325012,0.066666667,0,0,0.234693878,0.5,0.2,0.666666667,0.5,0.2,1,1,0.634146341
0,0.191780822,0.11833856,0.533333333,0,0,0.397959184,0.5,0.733333333,0.666666667,0.857142857,0.4,1,1,0.951219512
0,0.205479452,0.146180778,0.666666667,0,0,0.397959184,0.5,0.533333333,0,0.571428571,0.8,1,0,0
0,0.02739726,0.152335914,0.533333333,0,0,0.244897959,0.5,0.733333333,0.666666667,0.428571429,0.6,1,0,0.951219512
0,0.273972603,0.099958393,0.6,0,0,0.397959184,0.5,1,0,0.5,0.2,1,1,0.951219512
0,0.02739726,0.133969955,0.6,0,0.395087236,0.295918367,0.25,1,0.666666667,0.071428571,0.6,1,0,0.951219512
0,0.164383562,0.10593763,0.6,0,0,0.295918367,0,1,0,0,0.8,1,0,0.951219512
1,0.232876712,0.137402705,0.866666667,0.047870479,0,0.397959184,0.625,0.8,0.833333333,0.714285714,0.2,1,0,0.951219512
1,0.547945205,0.219682501,0.866666667,0,0,0.448979592,0.5,0.8,0.333333333,0.285714286,0,1,1,0.951219512
0,0.246575342,0.113696837,0.533333333,0,0,0.397959184,0.5,0.733333333,0.333333333,0.214285714,0,1,1,0.951219512
0,0.082191781,0.173098845,0.8,0,0,0.448979592,0.5,0.6,0.666666667,0.285714286,0.2,1,0,0.951219512
0,0.095890411,0.16932715,0.533333333,0,0,0.397959184,0.5,0.733333333,0.666666667,0.5,0.2,1,1,0.951219512
0,0.369863014,0.265415073,0.533333333,0,0,0.397959184,0.125,0.733333333,0,0.071428571,0.8,0.5,0,0.951219512
0,0.02739726,0.040639598,0.6,0,0,0.193877551,0.5,1,0.666666667,0.571428571,0.2,1,1,0.951219512
0,0.178082192,0.070862551,0.533333333,0,0,0.5,0.5,0.733333333,0.666666667,0.285714286,0.2,1,1,0.951219512
1,0.383561644,0.153088224,0.8,0,0,0.397959184,0.5,0.6,0.333333333,0.285714286,0,1,1,0.219512195
0,0.315068493,0.04964634,0.533333333,0,0,0.397959184,0.75,0.733333333,0.333333333,0.214285714,0,1,1,0.951219512
1,0.684931507,0.181105665,0.6,0.106051061,0,0.091836735,0.5,1,0.333333333,1,0,1,1,0.951219512
0,0.178082192,0.116367806,0.8,0,0,0.551020408,0.5,0.6,0.666666667,0.857142857,0.2,1,1,0.951219512
0,0.150684932,0.217673862,0.666666667,0,0,0.5,0.5,0.533333333,0.333333333,0.214285714,0,1,1,0.951219512
0,0.04109589,0.119691634,0.733333333,0,0,0.397959184,0,0.466666667,0.666666667,0,0.2,1,1,0.951219512
0,0.780821918,0.099351539,0.533333333,0,0,0.112244898,0.5,0.733333333,1,0.571428571,0.2,1,0,0.951219512
0,0.178082192,0.110712631,0.533333333,0,0,0.397959184,0.5,0.733333333,0.333333333,0.214285714,0,1,1,0.951219512
0,0.397260274,0.226432314,0.8,0,0,0.397959184,0.5,0.6,0,0.714285714,0.8,1,0,0.951219512
0,0.287671233,0.15389195,0.4,0,0,0.397959184,0.5,0.066666667,0,0.214285714,0.2,1,1,0.951219512
0,0.301369863,0.108178998,0.533333333,0.050130501,0,0.397959184,0.5,0.733333333,0.333333333,0.571428571,0,1,1,0.951219512
0,0.164383562,0.262353741,0.6,0,0,0.397959184,0.25,1,0.333333333,0.285714286,0.6,1,0,0.951219512
0,0,0.083943401,0.333333333,0,0,0.193877551,0.5,0,0.666666667,0.571428571,0.6,1,1,0.951219512
0,0.534246575,0.13132537,0.533333333,0,0,0.397959184,0.5,0.733333333,0.333333333,0.214285714,0,1,1,0.951219512
1,0.452054795,0.115612114,0.533333333,1,0,0.397959184,0.5,0.733333333,0.333333333,0.714285714,0,1,1,0.951219512
0,0.506849315,0.16072836,0.4,0,0,0.091836735,0.5,0.066666667,0,0.642857143,0.8,0.5,0,0.951219512
1,0.273972603,0.293688245,0.6,0,0,0.397959184,0.5,1,0.333333333,0.5,1,1,0,0.951219512
0,0.561643836,0.014223521,0.533333333,0,0,0.806122449,0.75,0.733333333,1,0.357142857,0.2,1,1,0.951219512
0,0.438356164,0.074270946,0.6,0,0,0.244897959,0.625,1,0,0.857142857,0.2,1,1,0.951219512
1,0.356164384,0.334239217,0.8,0.150241502,0,0.397959184,0.875,0.6,0.333333333,0.714285714,0,0.25,1,0
0,0.287671233,0.165466828,0.666666667,0,0,0.397959184,0.25,0.533333333,0.333333333,0.285714286,0,1,1,0.951219512
0,0.04109589,0.294431083,0.266666667,0,0,0.295918367,0.5,0.4,0.666666667,0.571428571,0.8,1,1,0.634146341
0,0.287671233,0.062540465,0.866666667,0,0,0.397959184,0.5,0.8,0.666666667,0.071428571,0.2,1,0,0.951219512
0,0.054794521,0.186315679,0.533333333,0,0,0.397959184,0.5,0.733333333,0.666666667,0.5,0.6,1,1,0.634146341
0,0.109589041,0.163943942,0.533333333,0,0,0.397959184,0.5,0.733333333,0.666666667,0.214285714,0.6,1,1,0.12195122
0,0.465753425,0.065373127,0.533333333,0,0,0.397959184,0.5,0.733333333,0.333333333,0.428571429,0,1,1,0.951219512
0,0.109589041,0.011380035,0.6,0,0,0.5,0.5,1,0.666666667,0.571428571,0.6,1,0,0.951219512
0,0.246575342,0.12358646,0.533333333,0,0,0.397959184,0.5,0.733333333,0.666666667,0.357142857,0.2,0.75,1,0.804878049
1,0.232876712,0.132183896,0.533333333,0,0,0.540816327,0.625,0.733333333,0.333333333,0.214285714,0,1,1,0
0,0.123287671,0.111422995,0.8,0,0,0.5,0.625,0.6,0.666666667,0.071428571,0.6,1,0,0.951219512
0,0.356164384,0.160668148,0.533333333,0,0,1,0.5,0.733333333,0.333333333,1,0,0.25,1,0.951219512
0,0.534246575,0.158581707,0.6,0,0,0.397959184,0.5,1,0,0.071428571,0.2,1,0,0.951219512
0,0.205479452,0.136054367,0.6,0,0.396235078,0.37755102,0.875,1,0,0.785714286,0.8,1,0,0.951219512
0,0,0.113004739,0.333333333,0,0,0.295918367,0.875,0,0.666666667,0.571428571,0.6,1,1,0.951219512
0,0.547945205,0.105255004,0.666666667,0,0,0.397959184,0.5,0.533333333,1,0.714285714,0.2,1,0,0.951219512
0,0.369863014,0.21961823,0.6,0,0,0.397959184,0.5,1,0,0.071428571,0.8,1,0,0.951219512
0,0.410958904,0.102927039,0.533333333,0,0,0.428571429,0.5,0.733333333,0,0.285714286,0.8,1,0,0.951219512
0,0.04109589,0.085289034,0.533333333,0,0,0.295918367,0.5,0.733333333,0.666666667,0.571428571,0.4,1,1,0.951219512
0,0.493150685,0.015349279,0.6,0,0,0.448979592,0.75,1,0.333333333,0.357142857,0,1,1,0.951219512
0,0.465753425,0.113597386,0.533333333,0,0,0.5,0.625,0.733333333,0.333333333,0.857142857,0,1,1,0.951219512
0,0.150684932,0.069948549,0.733333333,0,0,0.316326531,0.5,0.466666667,0.666666667,0.071428571,0.6,1,1,0.951219512
0,0.232876712,0.09899771,0.6,0,0,0.397959184,0.5,1,0.333333333,0.428571429,0,1,1,0.951219512
0,0.04109589,0.2758236,0.533333333,0,0,0.244897959,0.5,0.733333333,0,0.571428571,0.8,1,0,0.951219512
0,0.04109589,0.063049221,0.6,0,0,0.244897959,0.5,1,0.666666667,0.857142857,0.2,1,0,0.951219512
0,0.178082192,0.056961062,0.666666667,0,0,0.316326531,0.5,0.533333333,0.666666667,0.071428571,0.6,1,0,0.951219512
1,0.082191781,0.035989081,0.533333333,0,0,0.397959184,0.5,0.733333333,0.333333333,0.5,1,1,0,0.951219512
0,0.232876712,0.150361778,0.733333333,0,0,0.397959184,0.5,0.466666667,0,0.857142857,0.2,1,1,0.951219512
0,0.01369863,0.206956157,0.4,0,0,0.142857143,0.5,0.066666667,0.666666667,0.571428571,0.6,1,1,0.951219512
0,0.547945205,0.106071584,0.533333333,0,0,0.275510204,0.5,0.733333333,0,0.857142857,0.8,1,0,0.951219512
0,0.643835616,0.209129871,0.533333333,0,0,0.397959184,0,0.733333333,1,0,0.4,0.5,1,0.951219512
0,0.643835616,0.181766642,0.6,0,0,0.193877551,0.5,1,0.333333333,0.571428571,0,1,1,0.951219512
1,0.273972603,0.117231744,0.533333333,0,0,0.397959184,0.5,0.733333333,0,0.5,0.8,1,1,0.951219512
1,0.410958904,0.085726753,0.266666667,0.043860439,0,0.479591837,0.5,0.4,0.333333333,0.214285714,0,1,1,0.951219512
1,0.589041096,0.117413733,0.933333333,0,0,0.397959184,0.5,0.933333333,0.333333333,0.285714286,0,1,1,0.951219512
0,0.068493151,0.185026199,0.8,0,0,0.397959184,0,0.6,0.666666667,0,0.6,1,1,0.951219512
0,0.04109589,0.01839708,0.6,0,0,0.540816327,0.875,1,0.666666667,0.285714286,0.6,1,1,0.951219512
1,0.205479452,0.218617631,0.8,0,0,0.193877551,0,0.6,0.333333333,0,1,1,0,0.951219512
0,0.150684932,0.297309073,0.533333333,0,0,0.397959184,0.5,0.733333333,0,0.285714286,0.2,1,0,0.951219512
0,0.438356164,0.063028925,0.8,0,0,0.244897959,0.5,0.6,0.666666667,0.642857143,0.2,1,1,0.951219512
0,0.082191781,0.152825727,0.533333333,0,0.536960514,0.448979592,0.5,0.733333333,0.666666667,0.571428571,0.2,1,1,0.951219512
0,0.205479452,0.107807579,0.6,0,0,0.397959184,0.5,1,0.666666667,0.071428571,0.6,1,0,0.951219512
0,0.342465753,0.178560531,0.8,0,0,0.37755102,0.5,0.6,0,0.285714286,0.8,1,0,0.951219512
0,0.575342466,0.151639757,0.733333333,0,0,0.5,0.25,0.466666667,0,0.714285714,0.2,1,0,0.951219512
0,0.410958904,0.101253962,0.8,0,0,0.244897959,0.5,0.6,0,0.571428571,0.2,1,0,0.268292683
0,0.054794521,0.355881647,0.6,0,0,0.397959184,0.5,1,0.666666667,0.571428571,0.6,1,0,0.804878049
1,0.205479452,0.068224732,0.8,0,0,0.37755102,0.875,0.6,0.333333333,0.071428571,0,1,1,0.951219512
0,0.342465753,0.19248367,0.4,0,0.307621671,0.397959184,0.125,0.066666667,0.666666667,0.928571429,0.2,1,1,0.951219512
1,0.383561644,0.172978422,0.8,0,0,0.448979592,0.5,0.6,0.333333333,0.714285714,0,1,1,0.951219512
0,0.164383562,0.112661058,0.666666667,0,0,0.397959184,0.5,0.533333333,0.666666667,0.428571429,0.2,1,1,0.951219512
1,0.383561644,0.134708057,0.866666667,0.07298073,0,0.397959184,0.125,0.8,0.333333333,0.285714286,0,1,1,0.951219512
0,0.602739726,0.028070888,0.933333333,0,0,0.5,0.75,0.933333333,0,0.714285714,0.2,1,1,0.951219512
0,0.438356164,0.117530774,0.6,0,0,0.428571429,0.5,1,0,0.571428571,0.8,1,0,0.951219512
0,0.301369863,0.08736465,0.6,0,0,0.397959184,0.875,1,0.333333333,0.785714286,0,1,1,0.951219512
0,0.164383562,0.056245962,0.866666667,0,0,0.357142857,0.875,0.8,0.333333333,0.071428571,0,1,1,0.951219512
0,0.109589041,0.174540547,0.266666667,0.010550106,0,0.397959184,0,0.4,0.833333333,0,0.2,1,0,0.951219512
0,0.082191781,0.194005203,0.8,0,0,0.397959184,0.5,0.6,0.666666667,0.857142857,0.2,1,0,0.951219512
1,0.260273973,0.193719027,0.6,0,0,0.295918367,0.625,1,0.333333333,0.285714286,0,1,1,0.951219512
0,0.684931507,0.018141349,0.533333333,0,0,0.040816327,0,0.733333333,0.333333333,0,1,1,0,0.951219512
0,0.068493151,0.092015168,0.4,0,0,0.346938776,0.5,0.066666667,0.666666667,0.214285714,0.6,1,1,0.951219512
0,0.342465753,0.108260859,0.6,0,0,0.448979592,0.875,1,0.333333333,0.285714286,0,1,1,0.951219512
1,0.273972603,0.107478106,0.533333333,0,0.433195592,0.5,0.5,0.733333333,0.333333333,0.285714286,0,1,1,0.951219512
0,0.136986301,0.112577844,0.666666667,0,0,0.397959184,0.5,0.533333333,0.666666667,0.214285714,0.4,1,1,0.951219512
1,0.178082192,0.025058943,0.6,0,0,0.806122449,0.5,1,0.333333333,1,0,1,1,0.951219512
1,0.410958904,0.039421155,0.6,0,0,0.397959184,0.5,1,0.666666667,0.214285714,0.2,1,1,0.951219512
0,0.068493151,0.107660094,0.666666667,0,0,0.397959184,0.5,0.533333333,0.666666667,0.285714286,0.8,0.25,1,0.853658537
1,0.342465753,0.093529935,0.6,0.07298073,0,0.520408163,0.5,1,0.333333333,0.285714286,0,1,1,0.951219512
1,0.438356164,0.179729588,0.6,0,0,0.5,0.5,1,0.333333333,0.285714286,0,1,1,0.951219512
0,0.219178082,0.171109149,0.533333333,0,0,0.397959184,0.5,0.733333333,0,0.5,0.8,0.5,0,0.951219512
1,0.178082192,0.139546652,0.666666667,0,0,0.448979592,0.5,0.533333333,0.333333333,0.857142857,0,1,1,0.951219512
0,0.616438356,0.202426739,0.6,0,0,0.397959184,0.5,1,0,0.285714286,0.2,1,0,0.951219512
0,0.287671233,0.035860539,0.8,0,0,0.234693878,0.5,0.6,0.333333333,0.928571429,1,1,0,0.951219512
0,0.109589041,0.042413479,0.6,0,0,0.397959184,0.5,1,0.333333333,0.071428571,1,1,0,0.951219512
0,0.260273973,0.143592346,0.6,0,0,0.397959184,0.5,1,0.666666667,0.571428571,0.2,1,1,0.951219512
1,0.438356164,0.116875886,0.866666667,0,0.453856749,0.397959184,0.5,0.8,0.333333333,0.285714286,0,1,1,0.951219512
0,0.02739726,0.197120657,0.533333333,0,0,0.295918367,0.5,0.733333333,0.666666667,0.857142857,0.8,1,0,0.951219512
0,0.410958904,0.100371757,0.666666667,0,0,0.346938776,0.125,0.533333333,0.333333333,0.071428571,1,1,0,0.951219512
0,0.410958904,0.129957412,0.6,0,0,0.193877551,0.25,1,0.666666667,0.571428571,0.6,1,0,0.951219512
1,0.575342466,0.099779111,0.733333333,0,0,0.397959184,0.5,0.466666667,0.333333333,0.285714286,0,1,1,0.951219512
0,0.726027397,0.151203391,0.6,0,0,0.397959184,0.5,1,0,0.357142857,0.2,0.25,1,0.975609756
0,0.410958904,0.097510681,0.6,0,0,0.193877551,0.875,1,0,0.714285714,0.8,1,1,0.951219512
0,0.219178082,0.058087497,0.6,0,0,0.295918367,0,1,0,0,0.8,0,1,0.951219512
0,0.178082192,0.123032376,0.6,0,0.371212121,0.397959184,0.5,1,0,0.5,0.2,1,1,0.951219512
0,0.109589041,0.057846649,0.8,0,0,0.5,0.5,0.6,0.666666667,0.857142857,0.6,1,1,0.951219512
0,0.054794521,0.198318805,0.533333333,0,0,0.397959184,0.5,0.733333333,0.666666667,0.5,0.6,1,1,0.951219512
1,0.164383562,0.109368351,0.8,0,0,0.397959184,0.5,0.6,0.333333333,0.857142857,0,1,1,0.951219512
1,0.383561644,0.184542475,0.8,0,0,0.5,0.5,0.6,0.333333333,0.285714286,0,1,1,0.951219512
0,0.219178082,0.109940025,0.6,0,0,0.397959184,0.5,1,0.666666667,0.5,0.2,1,1,0.951219512
0,0.068493151,0.142211533,0.6,0,0,0.295918367,0.5,1,0.666666667,0.857142857,0.6,1,0,0.951219512
1,0.342465753,0.159792032,0.6,0,0,0.653061224,0.25,1,0,1,0.2,1,1,0.951219512
1,0.506849315,0.110312121,0.533333333,0,0,0.5,0.625,0.733333333,0.333333333,0.857142857,0,1,1,0.951219512
0,0.356164384,0.115819135,0.533333333,0,0,0.295918367,0.75,0.733333333,0.333333333,0.214285714,0,1,1,0.951219512
0,0.232876712,0.12935597,0.6,0,0,0.397959184,0.5,1,0.333333333,1,0,1,1,0.951219512
0,0.369863014,0.109393383,0.533333333,0,0,0.397959184,0.5,0.733333333,0.333333333,0.214285714,0,1,1,0.951219512
0,0.205479452,0.146650294,0.6,0,0,0.397959184,0.5,1,0.333333333,0.714285714,0,1,1,0.951219512
0,0.780821918,0.02118509,0.533333333,0,0,0.193877551,0.75,0.733333333,1,0.571428571,0.2,1,1,0.951219512
0,0.02739726,0.175819202,0.6,0,0.367768595,0.295918367,0,1,0.666666667,0,0.6,1,1,0.951219512
0,0.630136986,0.138100215,0.8,0,0,0.244897959,0.5,0.6,1,0.071428571,0.2,1,0,0.951219512
0,0.02739726,0.187361606,0.6,0,0,0.153061224,0.5,1,0.666666667,0.428571429,0.6,0.5,1,0.951219512
0,0.246575342,0.103836305,0.6,0,0,0.397959184,0.5,1,0.333333333,0.5,0,1,1,0.951219512
0,0.301369863,0.172297149,0.6,0,0,0.244897959,0.5,1,0,0.5,0.2,1,0,0.951219512
0,0.657534247,0.040924421,0.2,0.029640296,0,0.397959184,0.75,0.333333333,0.666666667,0.357142857,0.2,1,1,0.951219512
0,0.383561644,0.16231687,0.533333333,0,0,0.397959184,0.875,0.733333333,0.833333333,0.071428571,0.6,1,0,0.951219512
0,0.287671233,0.297722437,0.6,0,0,0.397959184,0.5,1,0,0.071428571,0.8,1,0,0.951219512
0,0.260273973,0.198953397,0.533333333,0,0,0.397959184,0.5,0.733333333,0.666666667,0.571428571,0.8,0.5,1,0.951219512
0,0.164383562,0.053381503,0.8,0,0,0.479591837,0.5,0.6,0.333333333,0.5,0,1,1,0.951219512
1,0.232876712,0.10853621,0.8,0,0,0.448979592,0.5,0.6,0.333333333,0.285714286,0,1,1,0.951219512
1,0.219178082,0.14201872,0.533333333,0,0,0.397959184,0.5,0.733333333,0.333333333,0.214285714,1,1,0,0.951219512
0,0.452054795,0.062731925,0.533333333,0,0.470844812,0.193877551,0.75,0.733333333,0.333333333,0.357142857,0,1,1,0.951219512
1,0.479452055,0.093107099,0.933333333,0.252362524,0,0.43877551,0.5,0.933333333,0,0.714285714,0.8,1,0,0.951219512
0,0.068493151,0.074258769,0.6,0,0,0.346938776,0,1,0.666666667,0,0.6,1,0,0.951219512
0,0.452054795,0.135578084,0.533333333,0,0,0.397959184,0.25,0.733333333,0.333333333,0.571428571,0,0.5,1,0.951219512
0,0.397260274,0.171875666,0.666666667,0,0,0.397959184,0.5,0.533333333,0,0.214285714,0.8,1,1,0.951219512
1,0.452054795,0.082319711,0.8,0,0.453856749,0.397959184,0.5,0.6,0.333333333,0.714285714,1,1,0,0.951219512
0,0.315068493,0.128731526,0.733333333,0,0,0.520408163,0.5,0.466666667,0.333333333,0.857142857,0,1,1,0.951219512
0,0.301369863,0.040197143,0.533333333,0,0,0.397959184,0,0.733333333,0,0,0.8,1,0,0.951219512
1,0.356164384,0.107435484,0.8,0.051780518,0,0.397959184,0.5,0.6,0.333333333,0.714285714,0,1,1,0.951219512
0,0.301369863,0.060548063,0.533333333,0,0,0.397959184,0.5,0.733333333,0,0.857142857,0.2,1,0,0.951219512
0,0.054794521,0.378860914,0.533333333,0,0,0.193877551,0.5,0.733333333,0.666666667,0.571428571,0.4,1,0,0.951219512
0,0.109589041,0.212490232,0.6,0,0,0.37755102,0.5,1,0.666666667,0.071428571,0.2,1,1,0
0,0.273972603,0.334578162,0.8,0,0,0.397959184,0.5,0.6,0.666666667,0.071428571,0.2,0.5,0,0.951219512
0,0.397260274,0.184887509,0.533333333,0,0,0.397959184,0.5,0.733333333,0.333333333,0.214285714,0,1,1,0.951219512
0,0.082191781,0.13408226,0.8,0,0,0.397959184,0.5,0.6,0.666666667,0.714285714,0.6,1,0,0.951219512
1,0.506849315,0.143003082,0.533333333,0,0,0.551020408,0.5,0.733333333,0.333333333,0.285714286,0,1,1,0.951219512
0,0.438356164,0.126622759,0.666666667,0,0,0.397959184,0.5,0.533333333,0,0.857142857,0.8,1,0,0.951219512
0,0.246575342,0.00660977,0.6,0,0,0.602040816,0.5,1,0.333333333,0.714285714,0,0,1,0.951219512
0,0.410958904,0.043851121,0.866666667,0,0,0.397959184,0.75,0.8,0,0.714285714,0.2,1,1,0.951219512
0,0.219178082,0.166865907,0.533333333,0,0,0.397959184,0.5,0.733333333,0,0.285714286,0.2,1,0,0.951219512
0,0.369863014,0.074078133,0.6,0,0,0.367346939,0.5,1,0,0.071428571,0.2,0.25,0,0.951219512
0,0.191780822,0.014222845,0.666666667,0,0,0.397959184,0.875,0.533333333,0.333333333,0.214285714,0,1,1,0.951219512
0,0.04109589,0.040256002,0.6,0,0,0.173469388,0,1,0.666666667,0,0.6,1,0,0.951219512
1,0.260273973,0.113788169,0.6,0,0,0.5,0.625,1,0.333333333,0.285714286,0,1,1,0.951219512
0,0.369863014,0.157665676,0.666666667,0,0,0.397959184,0.5,0.533333333,0.666666667,0.714285714,0.2,0.5,1,0.951219512
1,0.315068493,0.077406697,0.8,0,0,0.397959184,0.5,0.6,0.5,0.285714286,0.2,1,1,0.951219512
0,0.191780822,0.06391113,0.666666667,0,0.399449036,0.397959184,0.5,0.533333333,0.333333333,0.214285714,0,1,1,0.951219512
1,0.164383562,0.304200959,0.6,0.03103031,0,0.397959184,0.875,1,0.333333333,0.285714286,0,1,1,0.951219512
1,0.178082192,0.145036076,0.8,0,0,0.418367347,0.5,0.6,0.333333333,0.285714286,0,0.5,1,0.951219512
0,0.082191781,0.126314258,0.533333333,0,0,0.346938776,0.5,0.733333333,0.666666667,0.071428571,0.6,1,0,0.951219512
1,0.383561644,0.051752401,0.8,0,0,0.397959184,0.5,0.6,0.333333333,0.214285714,0,1,1,0.268292683
1,0.164383562,0.030852809,0.8,0,0,0.448979592,0.5,0.6,0.333333333,0.857142857,0,1,1,0.951219512
1,0.342465753,0.117779063,0.8,0,0,0.724489796,0.5,0.6,0.333333333,0.571428571,0,0.25,1,0.731707317
0,0.068493151,0.069655609,0.733333333,0,0,0.397959184,0.5,0.466666667,0.333333333,0.714285714,1,1,0,0.951219512
0,0.739726027,0.076324237,0.666666667,0,0,0.397959184,0,0.533333333,1,0,0.2,1,0,0.951219512
0,0.136986301,0.106400382,0.533333333,0.068490685,0,0.397959184,0.5,0.733333333,0,0.5,0.2,1,1,0.951219512
1,0.328767123,0.095219925,0.6,0,0,0.653061224,0.5,1,0.333333333,0.857142857,0,1,1,0.951219512
1,0.438356164,0.076859378,0.866666667,0,0,0.5,0.625,0.8,0.333333333,0.285714286,0,1,1,0.951219512
0,0.068493151,0.1185652,0.333333333,0,0,0.397959184,0.5,0,0.833333333,0.571428571,0.8,1,0,0.951219512
1,0.410958904,0.096882854,0.533333333,0.076880769,0,0.551020408,0.5,0.733333333,0.333333333,1,0,1,1,0.951219512
0,0.273972603,0.067835723,0.533333333,0,0,0.448979592,0.5,0.733333333,0.333333333,0.857142857,0,1,1,0.951219512
0,0.301369863,0.226779378,0.4,0,0.43067034,0.459183673,0.5,0.066666667,0,0.214285714,0.2,1,1,0.951219512
0,0.287671233,0.028174398,0.333333333,0,0,0.397959184,0.5,0,0.666666667,0.214285714,0.2,0.5,1,0
0,0.698630137,0.09240756,0.266666667,0,0,0.43877551,0.5,0.4,0.333333333,0.214285714,0,0.5,1,0.951219512
1,0.397260274,0.048789844,0.8,0,0,0.448979592,0.5,0.6,0,0.714285714,0.2,1,1,0.951219512
0,0.260273973,0.227773211,0.533333333,0,0,0.5,0.5,0.733333333,0.666666667,0.928571429,0.2,1,1,0.951219512
1,0.109589041,0.126310199,0.8,0,0,0.397959184,0.5,0.6,0.666666667,0.071428571,0.2,1,1,0.951219512
0,0.054794521,0.133411812,0.6,0,0,0.469387755,0.5,1,0.666666667,0.857142857,0.6,1,0,0.951219512
0,0.410958904,0.063769734,0.533333333,0,0,0.397959184,0.5,0.733333333,0.666666667,0.571428571,0.2,1,0,0.951219512
0,0.109589041,0.120513627,0.6,0,0,0.295918367,0.5,1,0.666666667,0.571428571,0.6,1,1,0.048780488
0,0.479452055,0.215486616,0.266666667,0,0,0.397959184,0.25,0.4,0.333333333,0.571428571,1,1,0,0.951219512
0,0.219178082,0.053905819,0.6,0,0,0.397959184,0.5,1,0.666666667,0.071428571,0.8,1,1,0.951219512
0,0.315068493,0.073060621,0.6,0,0,0.397959184,0.5,1,0.666666667,0.857142857,0.2,1,1,0.951219512
0,0.109589041,0.099078218,0.533333333,0,0,0.448979592,0.5,0.733333333,0.666666667,0.071428571,0.2,1,0,0.951219512
1,0.287671233,0.185104001,0.8,0,0,0.551020408,0.5,0.6,0.333333333,0.928571429,0,0.5,1,0.951219512
0,0.095890411,0.175286767,0.6,0,0,0.244897959,0.5,1,0.666666667,0.857142857,0.2,1,0,0.951219512
0,0.534246575,0.238658697,0.2,0,0,0.193877551,0.5,0.333333333,0.666666667,0.357142857,0.8,0.5,0,0.951219512
0,0.164383562,0.122890979,0.533333333,0,0,0.397959184,0.5,0.733333333,0.666666667,1,0.2,1,1,0.951219512
0,0.04109589,0.1138017,0.533333333,0,0,0.397959184,0.5,0.733333333,0.666666667,0.571428571,0.2,0.5,0,0.951219512
0,0.424657534,0.15127781,0.533333333,0,0,0.397959184,0.5,0.733333333,0.666666667,0.571428571,0.2,1,1,0.804878049
1,0.273972603,0.071762346,0.6,0,0,0.397959184,0.5,1,0.333333333,0.214285714,0,1,1,0.951219512
1,0.438356164,0.063121611,0.666666667,0,0,0.397959184,0.125,0.533333333,0.333333333,0.214285714,0,0.25,1,0.951219512
0,0.219178082,0.049434584,0.533333333,0,0,0.295918367,0.5,0.733333333,0.833333333,0.5,0.2,1,1,0.951219512
0,0.424657534,0.317770945,0.333333333,0,0,0.397959184,0.625,0,0.333333333,0.285714286,0,1,1,0.951219512
0,0,0.014750544,0.466666667,0,0,0.244897959,0,0.133333333,0.666666667,0,0.6,1,0,0.951219512
0,0,0.086483122,0.4,0,0,0.132653061,0.5,0.066666667,0.666666667,0.857142857,0.6,1,0,0.951219512
0,0.287671233,0.019396326,0.866666667,0,0,0.428571429,0.25,0.8,0.666666667,0.714285714,0.2,1,1,0.951219512
0,0.383561644,0.126718828,0.133333333,0,0,0.37755102,0.5,0.266666667,0.333333333,1,0,1,1,0.634146341
0,0.136986301,0.122217148,0.8,0,0,0.295918367,0.5,0.6,0.666666667,0.285714286,0.2,1,0,0.951219512
0,0.150684932,0.097882776,0.533333333,0,0,0.397959184,0.5,0.733333333,0,0.071428571,0.8,1,0,0.951219512
1,0.465753425,0.009232705,0.666666667,0,0,1,0.5,0.533333333,0.333333333,1,0,1,1,0.951219512
0,0.232876712,0.125822416,0.8,0,0,0.602040816,0.125,0.6,0.333333333,0.785714286,0,1,1,0.951219512
0,0.616438356,0.149131833,0.866666667,0,0,0.5,0,0.8,0.333333333,0,0,1,1,0.951219512
0,0.178082192,0.020712191,0.8,0,0,0.397959184,0.125,0.6,0.666666667,0.714285714,0.2,1,1,0.951219512
0,0.575342466,0.340587167,0.2,0,0,0.397959184,0.5,0.333333333,0.333333333,0.214285714,0,1,1,0.951219512
0,0.767123288,0.090292704,0.533333333,0,0,0.071428571,0,0.733333333,0.333333333,0,0,1,1,0.951219512
0,0.109589041,0.046139847,0.866666667,0,0,0.397959184,0.125,0.8,0,0.285714286,0.2,1,0,0.951219512
1,0.205479452,0.142029544,0.666666667,0.07298073,0,0.418367347,0.5,0.533333333,0.333333333,0.714285714,0,1,1,0.951219512
0,0.095890411,0.137908079,0.8,0,0,0.5,0.5,0.6,0.666666667,0.857142857,0.2,1,1,0.951219512
0,0.219178082,0.062975479,0.533333333,0,0,0.704081633,0.5,0.733333333,0,0.785714286,0.2,1,1,0.951219512
0,0.123287671,0.112795689,0.6,0,0,0.653061224,0.5,1,0.666666667,0.214285714,0.2,1,1,0.951219512
0,0.287671233,0.104275378,0.533333333,0,0,0.397959184,0.5,0.733333333,0.333333333,0.5,0,1,1,0.951219512
0,0.342465753,0.031925121,0.533333333,0,0,0.397959184,0.5,0.733333333,0,0.5,0.2,1,1,0.951219512
0,0.424657534,0.084005642,0.6,0,0,0.153061224,0,1,0,0,0.2,1,0,0.951219512
1,0.657534247,0.070953207,0.666666667,0,0,0.56122449,0,0.533333333,0.333333333,0,1,1,0,0.951219512
1,0.506849315,0.074910274,0.6,0,0,0.448979592,0.5,1,0.333333333,0.857142857,0,1,1,0.951219512
0,0.095890411,0.014992744,0.6,0,0,0.367346939,0.5,1,0.666666667,0.928571429,0.2,1,0,0.951219512
0,0.342465753,0.049867568,0.533333333,0,0,0.520408163,0,0.733333333,0.333333333,0,0,1,1,0.951219512
1,0.452054795,0.059416216,0.8,0,0,0.448979592,0.5,0.6,0,0.285714286,0.8,1,1,0.951219512
0,0.082191781,0.099255471,0.6,0,0,0.37755102,0.5,1,0.333333333,0.428571429,0,1,1,0.951219512
1,0.342465753,0.178560531,0.533333333,0,0,0.397959184,0.5,0.733333333,0.333333333,0.857142857,1,1,0,0.951219512
0,0.068493151,0.206163932,0.6,0,0,0.295918367,0.5,1,0.666666667,0.571428571,0.2,1,0,0.951219512
0,0.520547945,0.111763293,0.4,0,0.383838384,0.397959184,0.5,0.066666667,0.333333333,0.571428571,0,0.5,1,0.951219512
0,0.068493151,0.260203029,0.133333333,0,0,0.346938776,0.5,0.266666667,0.333333333,0.214285714,0,1,1,0.634146341
0,0.479452055,0.203091099,0.533333333,0,0,0.397959184,0.5,0.733333333,1,1,0.2,1,1,0.951219512
1,0.315068493,0.113149518,0.533333333,0,0,0.755102041,0.75,0.733333333,0.333333333,1,0,1,1,0.951219512
0,0.246575342,0.018841565,0.533333333,0,0,0.295918367,0.5,0.733333333,0.666666667,0.571428571,0.6,1,1,0.951219512
0,0,0.072919225,0.4,0,0,0.163265306,0.5,0.066666667,0.666666667,0.428571429,0.6,1,1,0.951219512
0,0.095890411,0.14658873,0.733333333,0,0,0.397959184,0.5,0.466666667,0.666666667,0.071428571,0.6,1,0,0.951219512
1,0.342465753,0.100956286,0.8,0.07298073,0,0.397959184,0.5,0.6,0.333333333,0.857142857,0,1,1,0.951219512
0,0.246575342,0.132116243,0.2,0,0,0.755102041,0.75,0.333333333,0.333333333,0.357142857,0,1,1,0.951219512
0,0.246575342,0.126212101,0.666666667,0,0,0.346938776,0.5,0.533333333,0,0.928571429,0.6,1,1,0.951219512
1,0.356164384,0.171443359,0.8,0,0,0.448979592,0.25,0.6,0.333333333,0.714285714,1,1,0,0.951219512
0,0.438356164,0.057590918,0.2,0,0,0.448979592,0.5,0.333333333,0.666666667,0.5,0.2,0.25,1,0.609756098
1,0.356164384,0.062495137,0.866666667,0.049340493,0,0.397959184,0.5,0.8,1,0.285714286,0.8,1,1,0.951219512
0,0.150684932,0.269306515,0.6,0,0,0.295918367,0.5,1,0.666666667,0.214285714,0.2,1,1,0.951219512
0,0.328767123,0.128939223,0.333333333,0,0,0.397959184,0.5,0,0.5,0.214285714,0.2,1,0,0.951219512
0,0.246575342,0.133497055,0.533333333,0,0,0.602040816,0.5,0.733333333,0.333333333,1,0,1,1,0.951219512
0,0.465753425,0.085627302,0.533333333,0,0,0.397959184,0.5,0.733333333,0.333333333,0.928571429,0,1,1,0.951219512
0,0.095890411,0.120885723,0.533333333,0,0,0.479591837,0.5,0.733333333,0.333333333,0.857142857,0,1,1,0.951219512
0,0.082191781,0.103029196,0.733333333,0,0,0.397959184,0,0.466666667,0.666666667,0,0.6,1,1,0.951219512
0,0.164383562,0.157593286,0.533333333,0,0,0.397959184,0.5,0.733333333,0.666666667,0.428571429,0.8,0.5,1,0.951219512
0,0.260273973,0.103226745,0.8,0,0,0.397959184,0.5,0.6,0.333333333,0.428571429,0,1,1,0.951219512
0,0.452054795,0.111282275,0,0,0,0.397959184,0.5,0.866666667,0.333333333,0.357142857,0,0.5,1,0.341463415
1,0.561643836,0.097255626,0.733333333,0,0.424242424,0.397959184,0.5,0.466666667,0.333333333,0.5,0,0.5,1,0.951219512
0,0.04109589,0.127810759,0.533333333,0,0,0.397959184,0.5,0.733333333,0.666666667,0.428571429,0.6,1,1,0.951219512
0,0.410958904,0.095897816,0.6,0,0.43067034,0.397959184,0.25,1,0,0.714285714,0.2,1,0,0.951219512
0,0.712328767,0.043760465,0.266666667,0,0,0.244897959,0.75,0.4,0.333333333,0.357142857,0,1,1,0.951219512
0,0.01369863,0.131060844,0.6,0.021760218,0,0.397959184,0.5,1,0.666666667,0.857142857,0.8,1,1,0.951219512
0,0.04109589,0.202779892,0.6,0,0,0.397959184,0.5,1,0.666666667,0.785714286,0.6,1,1,0.268292683
0,0.465753425,0.216463536,0.8,0,0,0.448979592,0.5,0.6,0,0.714285714,0.2,1,1,0.951219512
0,0.561643836,0.20604892,0.6,0,0,0.397959184,0.5,1,0,0.571428571,0.2,1,1,0.951219512
0,0.287671233,0.144657892,0.6,0,0,0.397959184,0.5,1,0.666666667,0.071428571,0.8,0.5,0,0.951219512
0,0.178082192,0.101078062,0.666666667,0,0,0.397959184,0.5,0.533333333,0.666666667,0.714285714,0.2,1,0,0.951219512
0,0.479452055,0.083043606,0.2,0,0,0.397959184,0.5,0.333333333,0.333333333,0.428571429,0,1,1,0.170731707
0,0.178082192,0.113090659,0.533333333,0,0,0.397959184,0.5,0.733333333,0.833333333,0.071428571,0.8,1,0,0.951219512
0,0.287671233,0.15364975,0.2,0,0,0.357142857,0.5,0.333333333,0.333333333,0.214285714,0,1,1,0.634146341
0,0.123287671,0.094684784,0.6,0,0,0.397959184,0.5,1,0.666666667,0.5,0.6,1,1,0.951219512
0,0.287671233,0.088797556,0.533333333,0,0,0.397959184,0.5,0.733333333,0.666666667,0.5,0.2,1,0,0.951219512
0,0.301369863,0.112663764,0.533333333,0,0,0.551020408,0.5,0.733333333,0.666666667,0.857142857,0.2,1,1,0.951219512
0,0.643835616,0.1259584,0.533333333,0,0,0.704081633,0.75,0.733333333,1,0.857142857,0.2,1,0,0.951219512
0,0.095890411,0.136834414,0.6,0,0,0.602040816,0.5,1,0.666666667,0.214285714,0.6,1,1,0.048780488
0,0.315068493,0.173790943,0.533333333,0,0,0.397959184,0.25,0.733333333,0.333333333,0.571428571,0,0.75,1,0
0,0.191780822,0.110924387,0.533333333,0,0,0.346938776,0.5,0.733333333,0.333333333,0.071428571,1,1,0,0.951219512
0,0.205479452,0.045850966,0.533333333,0,0,0.397959184,0.5,0.733333333,0.333333333,0.071428571,0,1,1,0.951219512
0,0.02739726,0.104765191,0.6,0,0.367768595,0.234693878,0.5,1,0.666666667,0.571428571,0.6,1,1,0.951219512
0,0.082191781,0.07439137,0.6,0,0,0.397959184,0.5,1,0.666666667,0.928571429,0.6,1,0,0.951219512
0,0.424657534,0.045135866,0.733333333,0,0,0.397959184,0.75,0.466666667,0,0.928571429,0.2,1,0,0.951219512
1,0.547945205,0.07416676,0.8,0,0,0.5,0.625,0.6,0,0.285714286,0.2,1,1,0.951219512
0,0.01369863,0.115253549,0.6,0,0,0.081632653,0.5,1,0.666666667,0.428571429,0.6,1,1,0.951219512
0,0.01369863,0.106763682,0.533333333,0,0,0.193877551,0.5,0.733333333,0.666666667,0.428571429,0.6,1,0,0.951219512
0,0.02739726,0.274249297,0.533333333,0,0,0.5,0.5,0.733333333,0.666666667,0.428571429,0.6,1,1,0.951219512
0,0.191780822,0.03132165,0.6,0,0,0.459183673,0.5,1,0.666666667,0.214285714,0.2,1,1,0.951219512
0,0.575342466,0.249014454,0.8,0,0,0.397959184,0.5,0.6,0,0.285714286,0.2,1,1,0.951219512
0,0.712328767,0.102366866,0.533333333,0,0,0.193877551,0,0.733333333,1,0,0.2,1,0,0.951219512
0,0.315068493,0.12559104,0.8,0.029770298,0,0.397959184,0.5,0.6,0.666666667,0.071428571,0.8,0.5,0,0.951219512
0,0.780821918,0.053583787,0.066666667,0,0,0.193877551,0.5,0.2,0.333333333,1,0,0.5,1,0.951219512
0,0.342465753,0.121424923,0.533333333,0,0,0.346938776,0.5,0.733333333,0,0.571428571,0.4,0.5,0,0.951219512
0,0.191780822,0.140065556,0.533333333,0,0,0.346938776,0.5,0.733333333,0.666666667,0.071428571,0.8,1,0,0.804878049
1,0.465753425,0.138142161,0.8,0,0.359044995,0.428571429,0.5,0.6,0.666666667,0.857142857,0.2,1,0,0.951219512
0,0.356164384,0.254076307,0.533333333,0,0,0.397959184,0,0.733333333,0.666666667,0,0.4,1,0,0.951219512
0,0.342465753,0.06823691,0.733333333,0,0,0.397959184,0.5,0.466666667,0.333333333,0.714285714,0,0.5,1,0.951219512
1,0.369863014,0.056723597,0.8,0,0,0.397959184,0.5,0.6,0.333333333,0.285714286,0,1,1,0.951219512
1,0.397260274,0.010528274,0.533333333,0,0,0.479591837,0.75,0.733333333,0.333333333,0.214285714,0,1,1,0.951219512
0,0.260273973,0.157792865,0.2,0,0,0.346938776,0.5,0.333333333,0.333333333,0.357142857,0,1,1,0.634146341
1,0.246575342,0.051927624,0.533333333,0,0,0.397959184,0.5,0.733333333,0.333333333,0.428571429,0,1,1,0.951219512
0,0.287671233,0.150649307,0.533333333,0.028290283,0,0.295918367,0.5,0.733333333,0.333333333,0.428571429,0,1,1,0.634146341
0,0.356164384,0.22873863,0.533333333,0,0,0.602040816,0.75,0.733333333,0.333333333,0.214285714,0,1,1,0.951219512
0,0.410958904,0.109364292,0.8,0,0,0.397959184,0.5,0.6,0.333333333,0.214285714,0,1,1,0.951219512
0,0.397260274,0.168730444,0.533333333,0,0,0.397959184,0.5,0.733333333,0,0.214285714,0.2,1,1,0.951219512
0,0.698630137,0.221148557,0.8,0,0,0.295918367,0.5,0.6,0.333333333,1,0,1,1,0.951219512
0,0.150684932,0.190339047,0.866666667,0,0,0.091836735,0.875,0.8,0,0.714285714,0.2,1,1,0
0,0.219178082,0.226868681,0.866666667,0,0,0.397959184,0.5,0.8,0.666666667,0.285714286,0.8,1,1,0.951219512
1,0.369863014,0.156800384,0.6,0,0,0.602040816,0.125,1,0,0.285714286,0.8,1,1,0.951219512
0,0.04109589,0.028229874,0.533333333,0,0,0.397959184,0.5,0.733333333,0.666666667,0.428571429,0.6,1,1,0.951219512
0,0.04109589,0.12042703,0.533333333,0,0,0.448979592,0.5,0.733333333,0.666666667,1,0.2,1,1,0.048780488
0,0.054794521,0.06438403,0.533333333,0,0,0.397959184,0.5,0.733333333,0.666666667,0.214285714,0.4,1,1,0.951219512
0,0.260273973,0.021702642,0.533333333,0,0,0.357142857,0.125,0.733333333,0.666666667,0.071428571,0.6,0.5,0,0.951219512
0,0.438356164,0.07723418,0.6,0,0,0.295918367,0.25,1,0.666666667,0.571428571,0.8,1,0,0.951219512
0,0.191780822,0.126164067,0.8,0,0,0.602040816,0.25,0.6,0,0.714285714,0.8,1,0,0.951219512
0,0.082191781,0.080287393,0.6,0,0,0.112244898,0.5,1,0.333333333,0.071428571,0,1,1,0.951219512
0,0.178082192,0.112509514,0.666666667,0,0,0.37755102,0.5,0.533333333,0,0.071428571,0.2,1,0,0.951219512
0,0.520547945,0.091808824,0.6,0.050130501,0,0.520408163,0.5,1,0.333333333,0.214285714,0,1,1,0.951219512
1,0.561643836,0.125182411,0.8,0,0,0.448979592,0.5,0.6,0.333333333,0.285714286,0,1,1,0.951219512
0,0.04109589,0.141849585,0.133333333,0,0,0.397959184,0.5,0.266666667,0.666666667,0.214285714,0.4,1,1,0.634146341
0,0.438356164,0.191044675,0.8,0,0,0.5,0.5,0.6,0.333333333,0.857142857,0,1,1,0.951219512
0,0.232876712,0.115286023,0.533333333,0,0,0.43877551,0.5,0.733333333,0,0.285714286,0.6,1,1,0.951219512
1,0.575342466,0.060994578,0.8,0,0,0.448979592,0.25,0.6,0.333333333,0.714285714,1,1,0,0.951219512
0,0.164383562,0.080796826,0.4,0,0,0.397959184,0.5,0.066666667,0.666666667,0.214285714,0.2,1,1,0.951219512
0,0.054794521,0.119239707,0.6,0,0,0.397959184,0,1,0.666666667,0,0.6,1,1,0.951219512
0,0.575342466,0.042960122,0.4,0,0,0.397959184,0.25,0.066666667,0.333333333,0.571428571,0,1,1,0.951219512
0,0.01369863,0.02847681,0.533333333,0,0,0.5,0.125,0.733333333,0.666666667,0.428571429,0.6,1,1,0.951219512
0,0.561643836,0.13938496,0.533333333,0,0,0.397959184,0.5,0.733333333,0,0.857142857,0.2,1,1,0.951219512
0,0.246575342,0.012725667,0.6,0.04101041,0,0.602040816,0.75,1,0.833333333,0.357142857,0.2,1,1,0.951219512
0,0.356164384,0.142391492,0.733333333,0,0.45959596,0.43877551,0.5,0.466666667,0.333333333,0.285714286,0,1,1,0.951219512
0,0.260273973,0.168273105,0.533333333,0,0,0.5,0.5,0.733333333,0,0.714285714,0.8,0.5,0,0.951219512
0,0.520547945,0.120220686,0.6,0,0,0.397959184,0.125,1,0,0.071428571,0.8,0.5,0,0.951219512
1,0.328767123,0.158848263,0.6,0,0,0.397959184,0.5,1,0.333333333,0.071428571,0,1,1,0.951219512
0,0.232876712,0.013162034,0.2,0,0,0.397959184,0.5,0.333333333,0.333333333,1,0,1,1,0.951219512
0,0.410958904,0.138496666,0.8,0,0,0.5,0.5,0.6,0.333333333,0.285714286,0,1,1,0.951219512
0,0.082191781,0.20113117,0.866666667,0,0,0.397959184,0.5,0.8,0.666666667,0.714285714,0.2,1,1,0.951219512
0,0.02739726,0.150591801,0.4,0,0,0.397959184,0,0.066666667,0.666666667,0,0.6,1,1,0.951219512
1,0.095890411,0.231420424,0.533333333,0,0,0.602040816,0.25,0.733333333,0.333333333,0.214285714,0,1,1,0.951219512
1,0.794520548,0.126878491,0.6,0,0,0.357142857,0.5,1,0,0.857142857,0.2,1,0,0.951219512
0,0.520547945,0.06781881,0.133333333,0,0,0.397959184,0.5,0.266666667,0.666666667,1,0.2,0.5,1,0.951219512
1,0.424657534,0.135885909,0.6,0,0,0.397959184,0.625,1,0.333333333,0.285714286,0,1,1,0.951219512
0,0.397260274,0.11439367,0.8,0,0,0.397959184,0.75,0.6,0.666666667,0.357142857,0.2,1,0,0.951219512
0,0.671232877,0.091011187,0.533333333,0,0,0.234693878,0.5,0.733333333,0.333333333,1,0,1,1,0.951219512
0,0.095890411,0.20859676,0.533333333,0,0.506198347,0.397959184,0.5,0.733333333,0.666666667,0.857142857,0.6,1,1,0.951219512
0,0.164383562,0.094834299,0.8,0,0,0.418367347,0.25,0.6,0.666666667,0.928571429,0.2,1,0,0.951219512
0,0.383561644,0.070277346,0.533333333,0,0,0.397959184,0.5,0.733333333,0.833333333,0.285714286,0.2,1,0,0.951219512
0,0.260273973,0.171882431,0.533333333,0,0,0.428571429,0.5,0.733333333,0.666666667,0.214285714,0.2,1,1,0.951219512
0,0.287671233,0.040197143,0.666666667,0,0,0.397959184,0.5,0.533333333,0.666666667,0.214285714,0.2,1,0,0.780487805
0,0.205479452,0.055918518,0.6,0,0,0.479591837,0.5,1,0.333333333,0.5,0,1,1,0.951219512
0,0.205479452,0.133631686,0.6,0,0.399449036,0.469387755,0.5,1,0.333333333,0.857142857,0,1,1,0.951219512
0,0.01369863,0.106527571,0.2,0,0,0.397959184,0.5,0.333333333,0.666666667,0.571428571,0.6,1,0,0.951219512
0,0.205479452,0.075555014,0.6,0.043860439,0,0.5,0.5,1,0.333333333,0.857142857,0,1,1,0.951219512
0,0.068493151,0.072763621,0.6,0,0,0.091836735,0.875,1,0.666666667,0.571428571,0.6,1,1,0.951219512
1,0.191780822,0.311780883,0.866666667,0.051780518,0,0.397959184,0.5,0.8,0.333333333,0.714285714,0,1,1,0.951219512
0,0.082191781,0.058941963,0.6,0,0,0.397959184,0.5,1,0,0.071428571,0.6,1,0,0.951219512
0,0.438356164,0.118973152,0.6,0,0,0.602040816,0,1,1,0,0.8,1,0,0.951219512
1,0.315068493,0.167119608,0.866666667,0,0,0.5,0.5,0.8,0.333333333,0.285714286,0,1,1,0.951219512
0,0.643835616,0.035355165,0.6,0,0,0.112244898,0.5,1,0.333333333,0.857142857,0,1,1,0.951219512
0,0.260273973,0.064576843,0.4,0,0,0.397959184,0.5,0.066666667,0.333333333,0.214285714,0,1,1,0.780487805
0,0.465753425,0.074938689,0.866666667,0.050130501,0,0.397959184,0.5,0.8,0.333333333,0.714285714,0,0.25,1,0.463414634
0,0.123287671,0.109806747,0.8,0,0,0.142857143,0.5,0.6,0.666666667,0.571428571,0.6,1,0,0.951219512
0,0.561643836,0.043015598,0.533333333,0,0,0.397959184,0.125,0.733333333,0.333333333,0.928571429,0,1,1,0.951219512
0,0.465753425,0.146288347,0.533333333,0,0,0.448979592,0.5,0.733333333,0.5,0.214285714,0.2,1,1,0.097560976
1,0.465753425,0.163684828,0.6,0,0.453856749,0.581632653,0.625,1,0.333333333,0.285714286,0,1,1,0.951219512
0,0.328767123,0.268052892,0.533333333,0,0,0.5,0.75,0.733333333,0.333333333,0.285714286,0,1,1,0.951219512
1,0.232876712,0.02959242,0.533333333,0,0,0.602040816,0.5,0.733333333,0.333333333,0.357142857,0,1,1,0.951219512
1,0.397260274,0.238319075,0.8,0.086140861,0,0.397959184,0.5,0.6,0,0.857142857,0.2,1,1,0.951219512
0,0.383561644,0.156083255,0.6,0,0,0.520408163,0.5,1,0.666666667,0.857142857,0.2,1,1,0.951219512
0,0.287671233,0.176349607,0.6,0,0,0.5,0.5,1,0.666666667,0.857142857,0.2,1,1,0.951219512
1,0.191780822,0.118580083,0.533333333,0.150241502,0,0.397959184,0.5,0.733333333,0.333333333,0.714285714,0,1,1,0.951219512
1,0.657534247,0.138944534,0.533333333,0,0.515610652,0.397959184,0.5,0.733333333,0.333333333,1,0,1,1,0.951219512
0,0.260273973,0.082327153,0.666666667,0,0,0.397959184,0.5,0.533333333,0,0.857142857,0.8,1,0,0.951219512
1,0.575342466,0.087051413,0.666666667,0,0,0.346938776,0.75,0.533333333,0.666666667,0.285714286,0.2,1,1,0.951219512
0,0.232876712,0.108502383,0.533333333,0,0,0.397959184,0.25,0.733333333,0.333333333,0.214285714,0,1,1,0.951219512
0,0.356164384,0.062495137,0.8,0,0,0.448979592,0.5,0.6,0.833333333,0.714285714,0.8,1,1,0.951219512
0,0.054794521,0.120384409,0.533333333,0,0,0.397959184,0.5,0.733333333,0.666666667,0.071428571,0.8,1,1,0.951219512
1,0.301369863,0.108439465,0.866666667,0,0,0.448979592,0.5,0.8,0.333333333,0.285714286,0,1,1,0.951219512
0,0.123287671,0.070990417,0.8,0,0,0.448979592,0.5,0.6,0,0.571428571,0.2,1,0,0.951219512
0,0.287671233,0.113696837,0.8,0,0,0.397959184,0.5,0.6,0.333333333,0.071428571,0,1,1,0.951219512
1,0.465753425,0.137417589,0.8,0.150241502,0,0.397959184,0.5,0.6,0.333333333,0.714285714,0,0,1,0.951219512
1,0.397260274,0.197300616,0.533333333,0.076880769,0,0.969387755,0.25,0.733333333,0.333333333,0.785714286,0,1,1,0.951219512
0,0.356164384,0.076201107,0.533333333,0,0,0.602040816,0.5,0.733333333,0.333333333,0.571428571,0,0.25,1,0.585365854
1,0.356164384,0.13345511,0.933333333,0,0,0.244897959,0.625,0.933333333,0.333333333,0.714285714,0,1,1,0.951219512
0,0.273972603,0.080628368,0.333333333,0,0,0.326530612,0.5,0,0,0.571428571,0.8,1,0,0.951219512
0,0.191780822,0.087357885,0.6,0,0,0.397959184,0.5,1,0.666666667,1,0.2,0.5,1,0.951219512
1,0.301369863,0.083359549,0.533333333,0,0.453856749,0.397959184,0.625,0.733333333,0.333333333,0.285714286,0,1,1,0.951219512
0,0.178082192,0.046679047,0.533333333,0,0,0.397959184,0.5,0.733333333,0.666666667,0.571428571,0.8,1,0,0.951219512
0,0.150684932,0.008029145,0.333333333,0,0,0.397959184,0.125,0,0.333333333,0.571428571,1,0,0,0.951219512
0,0.219178082,0.158313798,0.8,0,0,0.459183673,0.25,0.6,0.666666667,0.714285714,0.2,1,0,0.951219512
0,0.561643836,0.077602893,0.533333333,0,0,0.193877551,0.5,0.733333333,0,0.571428571,0.8,0.5,0,0.951219512
1,0.109589041,0.136069927,0.6,0,0,0.397959184,0.5,1,0.333333333,0.857142857,0,1,1,0.951219512
0,0.219178082,0.059839052,0.533333333,0,0,0.551020408,0.25,0.733333333,0,0.928571429,0.2,1,0,0.951219512
0,0.356164384,0.071696722,0.866666667,0,0,0.295918367,0.75,0.8,0,0.571428571,0.8,1,0,0.951219512
0,0.123287671,0.161195847,0.533333333,0,0,0.397959184,0.25,0.733333333,0.333333333,0.214285714,0.6,0.5,1,0.951219512
1,0.383561644,0.151378614,0.6,0,0,0.397959184,0.5,1,0.333333333,0.714285714,0,1,1,0.951219512
0,0.301369863,0.144839204,0.333333333,0,0,0.397959184,0.5,0,0,0.571428571,0.8,0.5,0,0.951219512
0,0.136986301,0.128262686,0.6,0,0,0.5,0.5,1,0.333333333,0.857142857,0,1,1,0.951219512
0,0.150684932,0.189318828,0.6,0,0,0.418367347,0.5,1,0.666666667,0.071428571,0.6,1,0,0.951219512
0,0.01369863,0.115518075,0.6,0,0,0.346938776,0.5,1,0.666666667,0.857142857,0.6,0.5,1,0.951219512
1,0.452054795,0.027881457,0.866666667,0,0,0.459183673,0.875,0.8,0.333333333,0.714285714,0,1,1,0.951219512
0,0.136986301,0.242753778,0.8,0,0,0.397959184,0.5,0.6,0.666666667,0.071428571,0.2,0.5,0,0.951219512
0,0.397260274,0.20134428,0.6,0,0,0.397959184,0.5,1,0.833333333,0.071428571,0.8,1,0,0.951219512
0,0.260273973,0.217899149,0.4,0,0,0.602040816,0.5,0.066666667,0.333333333,1,0,1,1,0.951219512
0,0.178082192,0.134388055,0.266666667,0,0,0.397959184,0.25,0.4,0,0.357142857,0.8,1,0,0.634146341
0,0.01369863,0.265067332,0.533333333,0,0,0.397959184,0.5,0.733333333,0.333333333,0.071428571,1,1,0,0.951219512
1,0.246575342,0.117268278,0.8,0,0,0.602040816,0.625,0.6,0.666666667,0.285714286,0.2,1,0,0.951219512
0,0.054794521,0.131801653,0.533333333,0,0,0.397959184,0.5,0.733333333,0.666666667,0.428571429,0.6,1,1,0.951219512
0,0.246575342,0.118124097,0.533333333,0,0,0.551020408,0.5,0.733333333,0,0.285714286,0.8,1,0,0.951219512
0,0.150684932,0.145989994,0.6,0,0,0.397959184,0.5,1,0.333333333,0.071428571,0,1,1,0.951219512
0,0.178082192,0.129200367,0.533333333,0,0,0.346938776,0.5,0.733333333,0.666666667,0.571428571,0.2,1,0,0.951219512
0,0.02739726,0.137100293,0.6,0,0,0.397959184,0.5,1,0.666666667,0.428571429,0.6,1,1,0.951219512
0,0.109589041,0.068432429,0.6,0,0,0.142857143,0.5,1,0.666666667,0.071428571,0.6,1,1,0.951219512
0,0.095890411,0.196134942,0.8,0,0,0.448979592,0.5,0.6,0.666666667,0.857142857,0.2,1,1,0.951219512
0,0.164383562,0.134662053,0.533333333,0,0,0.5,0.5,0.733333333,0.666666667,0.285714286,0.2,1,1,0.634146341
0,0.123287671,0.06101758,0.533333333,0,0,0.397959184,0.5,0.733333333,0.666666667,0.214285714,0.6,1,1,0.951219512
1,0.356164384,0.117622107,0.533333333,0,0,0.397959184,0.5,0.733333333,0.333333333,0.214285714,0,1,1,0.951219512
1,0.260273973,0.120744326,0.8,0,0,0.448979592,0.5,0.6,0.333333333,0.714285714,0,1,1,0.951219512
0,0.616438356,0.070012144,0.666666667,0,0,0.326530612,0.5,0.533333333,1,0.857142857,0.8,1,0,0.951219512
0,0.095890411,0.194330617,0.6,0,0,0.5,0.5,1,0.666666667,0.857142857,0.2,0.25,0,0.87804878
0,0.328767123,0.313261823,0.6,0,0.371212121,0.346938776,0.5,1,0.666666667,0.071428571,0.2,1,1,0.951219512
0,0.232876712,0.144786434,0.4,0,0,0.397959184,0.5,0.066666667,0.333333333,0.428571429,0,1,1,0.951219512
0,0.109589041,0.126688384,0.533333333,0,0,0.346938776,0.5,0.733333333,0.666666667,0.857142857,0.2,1,0,0.951219512
0,0.410958904,0.08356454,0.533333333,0,0,0.244897959,0.5,0.733333333,0.333333333,0.571428571,0,0.25,1,0.731707317
1,0.273972603,0.150608038,0.6,0,0,0.5,0.5,1,0.333333333,0.857142857,0,1,1,0.268292683
0,0.219178082,0.038580219,0.533333333,0,0,0.397959184,0.5,0.733333333,0.666666667,0.428571429,0.2,1,1,0.951219512
1,0.246575342,0.034086658,0.6,0,0,0.551020408,0.5,1,0.333333333,0.285714286,0,1,1,0.951219512
0,0.602739726,0.130704986,0.533333333,0,0,0.602040816,0.875,0.733333333,0.5,1,0.2,1,0,0.951219512
1,0.260273973,0.09615287,0.8,0,0.436639118,0.397959184,0.5,0.6,0.333333333,0.857142857,0,1,1,0.951219512
0,0.150684932,0.135329795,0.533333333,0,0,0.551020408,0.75,0.733333333,0.666666667,0.214285714,0.2,1,1,0.951219512
0,0.04109589,0.150431462,0.6,0,0,0.397959184,0.5,1,0.666666667,0.071428571,0.6,1,0,0.951219512
0,0.095890411,0.106021521,0.6,0,0,0.397959184,0.5,1,0.333333333,0.214285714,0,1,1,0.951219512
0,0.150684932,0.127344625,0.6,0,0,0.397959184,0.75,1,0.333333333,0.214285714,0,1,1,0.951219512
0,0.150684932,0.089978791,0.533333333,0,0,0.704081633,0.5,0.733333333,0,1,0.2,1,1,0.951219512
0,0.534246575,0.098233899,0.333333333,0,0,0.397959184,0.75,0,0,0.857142857,0.6,1,1,0.951219512
0,0.219178082,0.096518201,0.8,0,0,0.5,0.5,0.6,0.333333333,0.714285714,0,1,1,0.951219512
0,0.342465753,0.067441302,0.533333333,0,0,0.448979592,0.75,0.733333333,0.333333333,1,0,1,1,0.951219512
0,0.191780822,0.175661569,0.6,0,0,0.397959184,0.5,1,0.333333333,0.5,1,1,0,0.951219512
0,0.082191781,0.138369477,0.533333333,0,0,0.153061224,0.5,0.733333333,0.666666667,0.5,0.6,1,0,0.951219512
1,0.301369863,0.219541781,0.866666667,0,0,0.551020408,0.75,0.8,0.333333333,0.214285714,0,1,1,0.951219512
0,0.219178082,0.113838233,0.6,0,0,0.397959184,0.5,1,0.833333333,0.071428571,0.8,1,0,0.951219512
1,0.246575342,0.101042206,1,0,0.436639118,0.397959184,0.5,0.666666667,0.333333333,0.714285714,0,0.25,1,0.87804878
0,0.109589041,0.148451913,0.6,0,0,0.397959184,0.5,1,0.333333333,0.5,0,1,1,0.951219512
0,0.356164384,0.13938293,0.8,0,0,0.5,0.5,0.6,0,0.857142857,0.2,1,0,0.951219512
0,0.356164384,0.174706975,0.533333333,0,0,0.255102041,0.5,0.733333333,0.833333333,0.571428571,0.2,1,0,0.951219512
1,0.287671233,0.066870981,0.733333333,0,0,0.397959184,0.5,0.466666667,0.333333333,0.285714286,0,1,1,0.951219512
0,0.191780822,0.091582184,0.533333333,0,0,0.397959184,0.5,0.733333333,0.666666667,0.285714286,0.6,1,1,0.951219512
0,0.123287671,0.019779246,0.533333333,0,0,0.346938776,0.5,0.733333333,0.666666667,0.571428571,0.2,1,0,0.951219512
0,0.01369863,0.254097956,0.333333333,0,0,0.295918367,0,0,0.666666667,0,0.6,1,1,0.951219512
0,0.767123288,0.159033634,0.533333333,0,0,0.153061224,0.5,0.733333333,0.333333333,1,0,1,1,0.048780488
1,0.712328767,0.170783058,0.733333333,0,0,0.397959184,0.625,0.466666667,0.333333333,0.857142857,0,1,1,0.951219512
0,0.534246575,0.199137415,0.666666667,0,0,0.397959184,0.75,0.533333333,0.333333333,0.714285714,0,1,1,0.951219512
1,0.178082192,0.045121658,0.666666667,0,0,0.397959184,0.5,0.533333333,0.333333333,0.5,0,1,1,0.951219512
0,0.561643836,0.194643854,0.4,0.036740367,0,0.397959184,0.5,0.066666667,0,0.071428571,0.2,1,0,0.951219512
1,0.109589041,0.167114196,0.6,0.03103031,0,0.5,0.75,1,0.333333333,0.214285714,0,1,1,0.951219512
0,0.301369863,0.029654662,0.533333333,0,0,0.397959184,0.5,0.733333333,0,0.571428571,0.8,1,0,0.951219512
0,0.136986301,0.127408896,0.533333333,0.025800258,0,0.397959184,0.5,0.733333333,0.333333333,0.5,0,1,1,0.951219512
0,0.301369863,0.151443562,0.666666667,0,0,0.397959184,0.5,0.533333333,0,0.071428571,0.8,0.5,0,0.951219512
0,0.02739726,0.14610027,0.533333333,0,0,0.397959184,0.5,0.733333333,0.666666667,0.5,0.4,1,1,0.634146341
1,0.479452055,0.010319901,0.6,0.076880769,0,0.724489796,0.75,1,0.333333333,0.357142857,0,1,1,0.951219512
0,0.849315068,0.171728181,0.8,0,0,0.397959184,0.5,0.6,0.333333333,0.857142857,0,1,1,0.951219512
1,0.575342466,0.127491433,0.866666667,0,0,0.5,0.875,0.8,0.333333333,0.714285714,0,0.25,1,0.731707317
1,0.520547945,0.041538717,0.8,0.150241502,0,0.653061224,0.75,0.6,0.333333333,0.857142857,0,1,1,0.951219512
1,0.260273973,0.11877425,0.533333333,0,0,0.397959184,0.5,0.733333333,0.333333333,0.214285714,0,1,1,0.951219512
0,0.095890411,0.118222195,0.866666667,0,0,0.37755102,0.5,0.8,0.666666667,0.857142857,0.8,0.5,0,0.951219512
0,0.698630137,0.096482344,0.533333333,0,0,0.295918367,0.5,0.733333333,0.666666667,0.857142857,0.2,1,0,0.951219512
0,0.493150685,0.073491575,0.4,0,0,0.397959184,0.5,0.066666667,0.333333333,0.5,0,1,1,0.951219512
0,0.109589041,0.058180859,0.8,0,0,0.397959184,0.5,0.6,0.666666667,0.714285714,0.6,0.25,1,0.951219512
0,0.520547945,0.297215034,0.6,0,0,0.397959184,0.5,1,0,0.214285714,0.2,1,1,0.951219512
1,0.205479452,0.123613521,0.8,0.07298073,0,0.448979592,0.5,0.6,0.333333333,0.285714286,0,1,1,0.951219512
0,0.301369863,0.077996638,0.533333333,0.02202022,0,0.448979592,0.5,0.733333333,0.666666667,0.285714286,0.2,1,0,0.951219512
0,0.109589041,0.093713277,0.533333333,0,0,0.397959184,0.5,0.733333333,0.666666667,1,0.2,0.25,1,0.975609756
1,0.150684932,0.18787848,0.533333333,0,0,0.397959184,0.5,0.733333333,0.333333333,0.214285714,0,1,1,0.951219512
0,0.095890411,0.119503557,0.666666667,0,0,0.397959184,0.5,0.533333333,0.333333333,0.5,0,1,1,0.951219512
0,0.178082192,0.130481728,0.8,0,0,0.397959184,0.5,0.6,0.666666667,0.857142857,0.2,1,1,0.951219512
0,0.643835616,0.136430521,0.533333333,0,0,0.5,0.75,0.733333333,0.333333333,0.214285714,0,1,1,0.951219512
1,0.575342466,0.05997233,0.533333333,0,0,0.397959184,0.125,0.733333333,0.333333333,0.071428571,0,1,1,0.951219512
0,0.273972603,0.114516124,0.533333333,0,0,0.5,0.75,0.733333333,0,0.214285714,0.2,1,1,0.951219512
1,0.273972603,0.050079324,0.8,0,0,0.397959184,0.5,0.6,0.333333333,0.714285714,1,0.25,0,0.731707317
0,0.260273973,0.144026006,0.533333333,0,0,0.397959184,0.5,0.733333333,0.333333333,0.214285714,0,1,1,0.951219512
0,0.684931507,0.102455492,0.133333333,0,0,0.489795918,0,0.266666667,0.333333333,0,0,1,1,0.951219512
0,0.054794521,0.075567869,0.6,0,0,0.193877551,0,1,0.666666667,0,0.6,0.75,1,0.951219512
0,0.410958904,0.15031645,0.733333333,0,0,0.397959184,0.5,0.466666667,1,0.071428571,0.8,0.5,0,0.951219512
0,0.397260274,0.161664011,0.6,0,0,0.397959184,0.5,1,0,0.285714286,0.2,1,0,0.951219512
0,0.109589041,0.119396664,0.533333333,0,0,0.397959184,0.5,0.733333333,0.666666667,0.214285714,0.6,1,1,0.951219512
0,0.383561644,0.175681189,0.8,0,0,0.397959184,0.875,0.6,0,0.785714286,0.2,1,0,0.951219512
0,0.219178082,0.207789651,0.6,0,0,0.602040816,0.5,1,0.333333333,1,0,1,1,0.707317073
0,0.630136986,0.121612324,0.533333333,0,0,0.397959184,0.5,0.733333333,0.333333333,0.285714286,0.6,0.5,0,0.951219512
0,0.178082192,0.067029967,0.6,0,0,0.397959184,0.5,1,0.333333333,0.285714286,0,1,1,0.951219512
0,0.246575342,0.135525314,0.6,0,0,0.43877551,0.5,1,0.666666667,0.071428571,0.8,0.75,0,0.804878049
0,0.095890411,0.147447255,0.133333333,0,0,0.397959184,0.5,0.266666667,0.666666667,0.5,0.4,1,1,0.634146341
0,0.095890411,0.020374599,0.8,0,0,0.469387755,0.5,0.6,0.666666667,0.857142857,0.2,1,1,0.951219512
0,0.808219178,0.125635015,0.133333333,0,0,0.071428571,0,0.266666667,0.333333333,0,0,1,1,0.951219512
0,0.054794521,0.072651993,0.6,0,0,0.295918367,0.5,1,0.666666667,0.571428571,0.2,1,0,0.951219512
0,0.534246575,0.196740443,0.6,0,0,0.5,0.625,1,0.333333333,0.857142857,0,1,1,0.951219512
1,0.219178082,0.035851744,0.8,0,0,0.397959184,0.5,0.6,0.333333333,0.285714286,0,1,1,0.951219512
0,0.424657534,0.234147546,0.533333333,0,0,0.520408163,0.5,0.733333333,0.666666667,0.571428571,0.2,0.5,1,0.951219512
0,0.452054795,0.111912808,0.6,0,0.399449036,0.479591837,0.25,1,0.333333333,0.071428571,0,1,1,0.951219512
0,0.506849315,0.110312121,0.533333333,0,0,0.5,0.5,0.733333333,0.333333333,0.857142857,0,1,1,0.951219512
0,0.02739726,0.123075674,0.6,0,0,0.397959184,0.75,1,0.666666667,0.571428571,0.6,1,0,0.634146341
0,0.630136986,0.107057976,0.8,0,0,0.448979592,0,0.6,0.333333333,0,1,0.5,0,0.951219512
0,0.136986301,0.10067011,0.533333333,0,0,0.397959184,0.5,0.733333333,0.333333333,0.714285714,1,0.5,0,0.951219512
0,0.328767123,0.15167832,0.533333333,0,0,0.397959184,0.5,0.733333333,0.333333333,0.214285714,0,1,1,0.951219512
0,0.698630137,0.129757833,0.6,0,0,0.448979592,0.5,1,1,0.285714286,0.2,1,0,0.951219512
0,0.246575342,0.260481762,0.866666667,0,0,0.551020408,0.5,0.8,0.666666667,0.285714286,0.2,1,0,0.951219512
1,0.315068493,0.093529935,0.8,0,0.453856749,0.397959184,0.125,0.6,0.333333333,0.071428571,0,1,1,0.951219512
1,0.260273973,0.122811825,0.6,0,0,0.5,0.5,1,0.333333333,0.214285714,0,1,1,0.951219512
1,0.232876712,0.153343278,0.333333333,0,0,0.397959184,0.875,0,0.333333333,0.214285714,0,1,1,0.951219512
0,0.452054795,0.012479408,0.666666667,0,0,0.5,0.75,0.533333333,0.666666667,0.571428571,0.2,1,1,0.951219512
0,0.712328767,0.105229295,0.8,0,0,0.397959184,0,0.6,0.333333333,0,0,1,1,0.951219512
0,0.054794521,0.04793673,0.533333333,0,0,0.530612245,0.5,0.733333333,0.666666667,0.357142857,0.2,1,1,0.951219512
0,0.068493151,0.237016741,0.533333333,0,0,0.397959184,0.5,0.733333333,0.666666667,0.428571429,0.6,1,1,0.951219512
0,0.205479452,0.160518634,0.6,0,0,0.43877551,0.5,1,0.666666667,0.714285714,0.2,1,1,0.951219512
0,0.493150685,0.025322793,0.533333333,0,0,0.397959184,0.5,0.733333333,0,1,0.8,1,1,0.951219512
0,0,0.065369745,0.533333333,0,0,0.193877551,0.5,0.733333333,0.666666667,0.857142857,0.6,1,0,0.951219512
1,0.671232877,0.061159653,0.866666667,0,0,0.193877551,0.75,0.8,0.333333333,0.285714286,0,1,1,0.951219512
0,0.219178082,0.151676967,0.8,0,0,0.091836735,0.5,0.6,0.666666667,0.714285714,0.2,0.25,1,0.463414634
0,0.205479452,0.16106257,0.333333333,0,0,0.448979592,0.5,0,0.666666667,0.214285714,0.4,1,1,0.951219512
0,0.657534247,0.070092652,0.8,0,0,0.193877551,0.5,0.6,0.333333333,1,0,1,1,0.951219512
0,0.04109589,0.167115549,0.6,0,0,0.346938776,0.5,1,0.666666667,0.071428571,0.6,1,0,0.951219512
0,0.561643836,0.057741786,0.133333333,0,0,0.397959184,0,0.266666667,0.333333333,0,0,1,1,0.951219512
0,0.273972603,0.117224303,0.533333333,0,0.454545455,0.346938776,0.25,0.733333333,0.833333333,0.785714286,0.2,1,1,0.951219512
0,0.219178082,0.09530111,0.533333333,0.044160442,0,0.397959184,0.5,0.733333333,0.666666667,0.428571429,0.6,1,1,0.951219512
0,0.205479452,0.09515836,0.733333333,0,0,0.295918367,0.5,0.466666667,0.666666667,0.071428571,0.6,1,1,0.951219512
0,0.232876712,0.092013138,0.533333333,0,0,0.316326531,0.5,0.733333333,0.333333333,0.928571429,1,1,0,0.951219512
0,0.246575342,0.188037467,0.533333333,0,0,0.397959184,0.5,0.733333333,0.666666667,1,0.6,1,1,0.951219512
0,0.246575342,0.173198296,0.666666667,0,0,0.653061224,0.5,0.533333333,0.333333333,0.857142857,0,1,1,0.951219512
0,0.315068493,0.542965196,0.266666667,0,0,0.193877551,0.75,0.4,0,0.571428571,0.2,0,0,0.951219512
0,0.493150685,0.083456294,0.8,0,0,0.5,0.625,0.6,0.333333333,0.071428571,1,0.25,0,0.853658537
0,0.178082192,0.105233355,0.533333333,0,0,0.397959184,0.5,0.733333333,0.333333333,0.5,0,1,1,0.951219512
0,0,0.020011975,0.533333333,0,0,0.040816327,0.5,0.733333333,0.666666667,0.071428571,0.6,1,0,0.951219512
0,0.01369863,0.137136826,0.6,0,0.367768595,0.234693878,0,1,0.666666667,0,0.6,1,0,0.951219512
0,0.273972603,0.247283195,0.6,0,0,0.5,0.75,1,0,0.214285714,0.2,1,1,0.951219512
0,0.315068493,0.120004871,0.533333333,0,0,0.448979592,0.5,0.733333333,0.333333333,0.571428571,0,1,1,0.951219512
1,0.452054795,0.161661982,0.866666667,0,0,0.397959184,0.625,0.8,0.333333333,0.857142857,0,1,1,0.951219512
0,0.082191781,0.015795794,0.533333333,0,0,0.397959184,0.5,0.733333333,0.333333333,0.428571429,0,1,1,0.951219512
0,0.301369863,0.006885797,0.8,0,0,0.397959184,0.5,0.6,0.333333333,1,0,1,1,0.951219512
0,0.082191781,0.086920842,0.8,0,0.365013774,0.397959184,0.5,0.6,0.666666667,0.857142857,0.6,1,0,0.951219512
0,0.315068493,0.133112106,0.533333333,0,0,0.397959184,0.5,0.733333333,0.666666667,0.571428571,0.2,1,1,0.951219512
1,0.438356164,0.128665226,0.533333333,0,0,0.397959184,0.25,0.733333333,0.333333333,0.785714286,0,1,1,0.951219512
1,0.493150685,0.054312418,0.866666667,0,0,0.397959184,0.5,0.8,0.333333333,0.714285714,0,0.25,1,0.951219512
1,0.178082192,0.174955264,0.6,0,0,0.397959184,0.5,1,0.333333333,0.071428571,0,1,1,0.951219512
0,0.301369863,0.292219482,0.533333333,0,0,0.448979592,0.5,0.733333333,0.333333333,0.214285714,1,0.5,0,0.951219512
0,0.301369863,0.092115972,0.533333333,0,0,0.602040816,0.75,0.733333333,0.333333333,0.357142857,0,1,1,0.951219512
0,0.506849315,0.183338915,0.2,0,0,0.5,0.5,0.333333333,0.666666667,0.214285714,0.2,0.5,1,0.951219512
0,0.136986301,0.103131353,0.533333333,0.034640346,0,0.346938776,0.75,0.733333333,0.333333333,0.571428571,1,1,0,0.951219512
0,0,0.099954334,0.4,0,0,0.132653061,0.5,0.066666667,0.666666667,0.857142857,0.6,1,0,0.951219512
0,0.808219178,0.076786312,0.8,0,0,0.397959184,0.5,0.6,0.333333333,0.285714286,0,1,1,0.951219512
1,0.369863014,0.104849758,0.866666667,0,0,0.602040816,0.875,0.8,0.333333333,0.714285714,0,1,1,0.951219512
0,0.01369863,0.075134885,0.4,0,0,0.295918367,0.5,0.066666667,0.666666667,0.857142857,0.2,1,0,0.951219512
0,0.068493151,0.088475525,0.6,0,0,0.112244898,0.5,1,0.666666667,0.357142857,0.6,1,1,0.951219512
0,0.424657534,0.023500878,0.533333333,0,0,0.479591837,0.5,0.733333333,1,0.428571429,0.4,1,0,0.951219512
0,0.287671233,0.198436522,0.533333333,0,0,0.397959184,0.5,0.733333333,0.666666667,1,0.8,1,1,0.951219512
0,0.068493151,0.021216888,0.533333333,0,0,0.397959184,0.5,0.733333333,0.333333333,0.214285714,0.6,1,1,0.951219512
0,0.260273973,0.137993999,0.533333333,0.034640346,0,0.295918367,0,0.733333333,0.333333333,0,0,1,1,0.951219512
0,0.232876712,0.23313274,0.533333333,0,0,0.397959184,0.5,0.733333333,0.333333333,0.928571429,0,1,1,0.951219512
0,0.136986301,0.106574928,0.8,0,0,0.397959184,0.5,0.6,0.666666667,0.857142857,0.6,1,1,0.951219512
0,0.301369863,0.140177185,0.8,0.050130501,0,0.316326531,0.5,0.6,0.333333333,0.714285714,1,1,0,0.951219512
1,0.493150685,0.069326812,0.866666667,0.150241502,0,0.653061224,0.5,0.8,0.333333333,0.285714286,0,1,1,0.951219512
1,0.287671233,0.134347463,0.533333333,0,0,0.43877551,0.5,0.733333333,0.333333333,0.285714286,0,1,1,0.951219512
0,0.246575342,0.13239024,1,0,0,0.551020408,0.125,0.666666667,0.333333333,0.714285714,0,1,1,0.048780488
0,0.342465753,0.107187871,0.533333333,0,0.45959596,0.397959184,0.75,0.733333333,0.333333333,0.214285714,0,1,1,0.951219512
1,0.506849315,0.072578927,0.8,0,0,0.397959184,0.875,0.6,0.333333333,0.285714286,0,1,1,0.804878049
0,0.178082192,0.111214621,0.533333333,0,0,0.397959184,0.375,0.733333333,0.333333333,0,1,0.5,0,0.951219512
1,0.273972603,0.105167731,0.666666667,0,0.433195592,0.397959184,0.5,0.533333333,0.333333333,0.214285714,0,1,1,0.951219512
0,0.054794521,0.136038806,0.6,0,0,0.37755102,0,1,0.666666667,0,0.6,1,0,0.951219512
1,0.287671233,0.105682575,0.733333333,0,0,0.5,0.5,0.466666667,0.333333333,0.857142857,0,1,1,0.951219512
0,0,0.116796731,0.266666667,0,0.394628099,0.142857143,0.5,0.4,0.666666667,0.428571429,0.6,1,1,0.951219512
0,0.273972603,0.419675059,0.333333333,0,0,0.346938776,0.5,0,0.333333333,0.357142857,0,1,1,0.634146341
0,0.02739726,0.210119646,0.533333333,0,0,0.397959184,0.5,0.733333333,0.666666667,0.571428571,0.6,0.5,0,0.951219512
0,0.315068493,0.121926914,0.733333333,0,0,0.5,0.75,0.466666667,0,0.714285714,0.2,1,0,0.951219512
1,0.493150685,0.117039608,0.533333333,0,0,0.448979592,0.5,0.733333333,0.333333333,0.214285714,0,1,1,0.951219512
0,0.164383562,0.183662976,0.8,0,0,0.397959184,0.5,0.6,0.666666667,0.285714286,0.2,1,0,0.951219512
0,0.520547945,0.128643576,0.8,0,0,0.397959184,0.5,0.6,0,0.071428571,0.2,1,0,0.951219512
1,0.178082192,0.191274021,0.8,0,0,0.602040816,0.125,0.6,0.666666667,0.785714286,0.2,1,0,0.951219512
0,0.520547945,0.134896811,0.666666667,0,0,0.448979592,0.5,0.533333333,0.333333333,0.5,0,1,1,0.951219512
0,0.082191781,0.08119463,0.8,0,0,0.397959184,0.5,0.6,0.666666667,0.857142857,0.2,1,0,0.951219512
1,0.383561644,0.116359011,0.666666667,0,0,0.551020408,0.5,0.533333333,0,0.071428571,0.8,1,0,0.951219512
0,0.04109589,0.150974045,0.6,0,0,0.346938776,0,1,0.666666667,0,0.6,1,1,0.951219512
0,0.301369863,0.014015148,0.533333333,0,0,0.397959184,0.75,0.733333333,0.333333333,0.214285714,0,1,1,0.951219512
0,0.068493151,0.077734141,0.266666667,0,0,0.397959184,0.5,0.4,0.666666667,0.5,0.2,1,0,0.951219512
1,0.260273973,0.19914621,0.8,0,0,0.551020408,0.5,0.6,0.333333333,0.285714286,0,1,1,0.951219512
0,0.02739726,0.010248188,0.466666667,0,0,0.295918367,0.125,0.133333333,0.666666667,0.571428571,0.6,1,0,0.951219512
1,0.356164384,0.260463496,0.733333333,0,0,0.5,0.5,0.466666667,0.666666667,0.714285714,0.2,1,1,0.951219512
0,0.273972603,0.104996567,0.533333333,0,0,0.397959184,0.5,0.733333333,0.666666667,0.5,0.6,1,1,0.951219512
0,0.191780822,0.093543466,0.733333333,0,0,0.397959184,0.5,0.466666667,0.666666667,0.928571429,0.2,0.25,0,0.951219512
0,0.095890411,0.076868173,0.533333333,0,0,0.397959184,0.5,0.733333333,0.333333333,0.214285714,0,1,1,0.951219512
0,0.136986301,0.204283834,0.733333333,0.033250333,0,0.397959184,0.5,0.466666667,0.666666667,0.285714286,0.2,1,1,0.951219512
0,0.479452055,0.151687792,0.8,0,0,0.397959184,0.25,0.6,0.333333333,0.928571429,0,1,1,0.951219512
0,0.095890411,0.183563525,0.8,0,0,0.428571429,0.5,0.6,0.666666667,0.714285714,0.2,1,1,0.951219512
0,0.123287671,0.300607869,0.6,0.02597026,0,0.397959184,0.5,1,0.666666667,0.071428571,0.6,1,1,0.951219512
0,0.287671233,0.062834083,0.8,0,0,0.295918367,0.25,0.6,0.333333333,0.714285714,0,1,1,0.951219512
0,0.01369863,0.084619938,0.6,0,0,0.295918367,0,1,0.666666667,0,0.6,1,0,0.951219512
0,0.397260274,0.186477372,0.533333333,0.050130501,0,0.397959184,0.5,0.733333333,0.333333333,0.214285714,0,1,1,0.951219512
0,0.068493151,0.121086654,0.6,0,0,0.295918367,0.5,1,0.666666667,0.857142857,0.2,1,1,0.951219512
0,0.04109589,0.28629978,0.533333333,0,0,0.397959184,0.5,0.733333333,0.666666667,0.571428571,0.6,1,0,0.634146341
0,0.260273973,0.017246967,0.533333333,0,0,0.479591837,0.5,0.733333333,0.333333333,0.285714286,0,1,1,0.951219512
0,0.04109589,0.074665368,0.533333333,0,0,0.295918367,0.5,0.733333333,0.666666667,0.571428571,0.2,1,0,0.951219512
0,0.246575342,0.126514513,0.4,0,0,0.908163265,0.5,0.066666667,0.833333333,1,0.2,1,1,0.951219512
0,0.767123288,0.146547461,0.2,0,0,1,0.75,0.333333333,0.666666667,0.071428571,0.2,1,0,0.951219512
1,0.616438356,0.142666843,0.6,0,0,0.397959184,0.125,1,0.666666667,0.714285714,0.2,1,1,0.951219512
1,0.397260274,0.23051454,1,0,0.436639118,0.5,0.75,0.666666667,0.333333333,0.714285714,0,1,1,0.951219512
0,0.191780822,0.231496873,0.533333333,0,0,0.397959184,0.5,0.733333333,0.333333333,0.571428571,0,1,1,0.951219512
0,0.123287671,0.059427041,0.733333333,0,0,0.295918367,0.5,0.466666667,0,1,0.8,1,0,0.951219512
0,0.246575342,0.138906648,0.533333333,0,0,0.397959184,0.5,0.733333333,0.333333333,0.428571429,1,1,0,0.951219512
0,0.095890411,0.130949892,0.8,0,0,0.397959184,0.5,0.6,0.666666667,0.285714286,0.6,0.5,0,0.951219512
0,0.054794521,0.085443284,0.466666667,0,0,0.397959184,0.5,0.133333333,0.666666667,0.5,0.2,0.5,0,0.951219512
0,0.109589041,0.014898705,0.6,0,0,0.397959184,0,1,0.666666667,0,0.2,1,1,0.951219512
0,0.068493151,0.032229563,0.533333333,0,0,0.397959184,0.5,0.733333333,0.666666667,0.571428571,0.6,1,0,0.951219512
0,0.04109589,0.068272766,0.6,0,0,0.051020408,0.5,1,0.666666667,0.428571429,0.6,1,0,0.951219512
0,0.328767123,0.094952693,0.533333333,0,0,0.5,0.5,0.733333333,0,0.214285714,0.8,1,0,0.951219512
0,0.219178082,0.109542221,0.533333333,0,0,0.397959184,0.5,0.733333333,0.666666667,0.428571429,0.6,1,1,0.951219512
1,0.534246575,0.109766831,0.8,0,0,0.448979592,0.5,0.6,0.666666667,0.285714286,0.2,1,0,0.951219512
1,0.383561644,0.096997866,0.8,0,0,0.602040816,0.5,0.6,0.333333333,0.714285714,0,1,1,0.951219512
0,0.109589041,0.114178531,0.8,0,0,0.316326531,0.5,0.6,0.666666667,0.071428571,0.2,1,0,0.951219512
0,0.205479452,0.055310987,0.533333333,0,0,0.244897959,0.5,0.733333333,0.333333333,0.571428571,0,1,1,0.512195122
1,0.232876712,0.103816009,0.866666667,0,0,0.428571429,0.5,0.8,0.333333333,0.714285714,0,0.25,1,0.463414634
0,0.260273973,0.149968034,0.8,0,0,0.397959184,0.125,0.6,0.333333333,0.285714286,0,0,1,0.951219512
0,0.260273973,0.080625662,0.2,0,0,0.397959184,0.5,0.333333333,0.333333333,0.214285714,0,1,1,0.951219512
1,0.205479452,0.021428644,0.8,0,0,0.397959184,0.25,0.6,0.333333333,0.714285714,0,1,1,0.951219512
0,0.493150685,0.09552775,0.533333333,0,0,0.295918367,0.5,0.733333333,0.833333333,1,0.2,1,1,0.951219512
0,0.342465753,0.162215389,0.533333333,0,0,0.397959184,0.5,0.733333333,0.333333333,0.5,0,1,1,0.951219512
0,0.260273973,0.200701569,0.533333333,0,0,0.397959184,0.5,0.733333333,0.333333333,0.5,0,1,1,0.951219512
0,0.191780822,0.102849914,0.6,0,0,0.37755102,0.5,1,0,0.071428571,0.8,1,0,0.951219512
1,0.520547945,0.063118905,0.533333333,0.03103031,0,0.397959184,0.5,0.733333333,0.333333333,0.428571429,0,1,1,0.951219512
0,0.342465753,0.013348758,0.533333333,0,0,0.704081633,0.75,0.733333333,0.333333333,0.357142857,0,1,1,0.951219512
0,0.095890411,0.103638756,0.533333333,0,0,0.244897959,0.5,0.733333333,0.666666667,0.357142857,0.2,1,1,0.951219512
0,0.287671233,0.229355632,0.6,0,0,0.5,0.5,1,0.333333333,1,0,0.5,1,0.951219512
1,0.383561644,0.023698427,0.6,0,0.436639118,0.397959184,0.5,1,0.333333333,0.214285714,0,1,1,0
0,0.150684932,0.24246422,0.8,0,0.323232323,0.5,0.5,0.6,0.666666667,0.714285714,0.2,1,0,0.414634146
0,0.109589041,0.116252795,0.8,0,0,0.448979592,0.5,0.6,0.666666667,0.285714286,0.2,1,1,0.951219512
0,0.260273973,0.005161303,0.6,0,0,0.397959184,0.5,1,0.666666667,0.071428571,0.6,0,0,0.951219512
0,0.808219178,0.049016484,0.8,0,0,0.316326531,0,0.6,1,0,0.4,0.25,1,0.073170732
0,0.04109589,0.127550292,0.533333333,0,0,0.397959184,0.875,0.733333333,0.666666667,1,0.6,1,1,0.951219512
0,0.260273973,0.067807309,0.466666667,0,0,0.397959184,0.5,0.133333333,0.833333333,0.571428571,0.8,1,0,0.634146341
0,0.328767123,0.224640167,0.533333333,0,0,0.091836735,0.75,0.733333333,0.333333333,0.571428571,0,1,1,0.951219512
0,0.561643836,0.063880009,0.133333333,0,0,0.479591837,0.5,0.266666667,0.333333333,0.5,0,0.5,1,0.951219512
0,0.219178082,0.142322485,0.533333333,0,0,0.397959184,0.5,0.733333333,0,0.214285714,0.4,1,1,0.951219512
0,0.082191781,0.12902785,0.2,0,0,0.244897959,0.5,0.333333333,0.666666667,0.214285714,0.2,1,1,0.268292683
0,0.109589041,0.14984761,0.533333333,0,0,0.397959184,0.5,0.733333333,0.666666667,1,0.4,1,1,0
0,0.630136986,0.074525324,0.466666667,0,0,0.397959184,0.5,0.133333333,0.333333333,0.214285714,0,1,1,0.951219512
0,0.410958904,0.18463719,0.533333333,0,0,0.397959184,0.5,0.733333333,0.333333333,0.214285714,0,1,1,0.951219512
0,0.164383562,0.048896737,0.533333333,0,0,0.397959184,0.5,0.733333333,0.666666667,0.428571429,0.6,1,1,0.951219512
0,0.287671233,0.235576393,0.933333333,0,0,0.5,0.25,0.933333333,0.666666667,0.714285714,0.2,1,1,0.951219512
0,0.02739726,0.067988621,0.6,0,0,0.193877551,0.5,1,0.666666667,0.857142857,0.6,1,0,0.951219512
0,0.205479452,0.109033465,0.533333333,0,0,0.397959184,0.5,0.733333333,0.333333333,0.428571429,0,1,1,0.951219512
0,0.410958904,0.142787943,0.533333333,0.021740217,0,0.397959184,0.5,0.733333333,1,0.071428571,0.2,1,0,0.219512195
0,0.698630137,0.10987643,0.6,0,0,0.244897959,1,1,0.5,0.357142857,0.8,1,0,0.951219512
0,0.136986301,0.235307808,0.533333333,0,0,0.397959184,0.5,0.733333333,0.666666667,0.428571429,0.2,0.5,1,0.951219512
0,0.369863014,0.06422572,0.8,0,0,0.397959184,0.5,0.6,0.333333333,0.285714286,0,0.25,1,0.951219512
1,0.561643836,0.059547464,0.733333333,0,0,0.418367347,0.5,0.466666667,0.333333333,0.285714286,0,1,1,0.951219512
0,0.534246575,0.158873971,0.2,0,0,0.397959184,0.5,0.333333333,1,0.5,0.8,0.75,0,0.146341463
0,0.410958904,0.027742767,0.733333333,0,0,0.346938776,0.75,0.466666667,1,0.714285714,0.8,1,0,0.951219512
0,0.589041096,0.105497881,0.8,0,0,0.295918367,0.75,0.6,0,0.714285714,0.2,1,0,0.951219512
0,0.260273973,0.120007577,0.533333333,0,0,0.5,0.5,0.733333333,0.333333333,0.5,1,1,0,0.951219512
0,0.726027397,0.169174929,0.6,0,0,0.051020408,0.5,1,0.666666667,0.071428571,0.2,1,0,0.951219512
0,0.191780822,0.038407702,0.533333333,0,0,0.142857143,0.5,0.733333333,0,0.571428571,0.6,1,0,0.951219512
0,0,0.170122758,0.333333333,0,0,0.234693878,0.5,0,0.666666667,0.571428571,0.6,1,1,0.951219512
0,0.068493151,0.138407363,0.2,0,0,0.397959184,0.5,0.333333333,0.333333333,0.5,0,1,1,0.634146341
0,0.273972603,0.076939886,0.666666667,0,0,0.397959184,0.5,0.533333333,0,0.928571429,0.6,1,1,0.951219512
0,0.123287671,0.136898685,0.533333333,0,0,0.346938776,0.5,0.733333333,0,0.571428571,0.8,1,0,0.951219512
0,0.04109589,0.008192867,0.6,0,0,0.193877551,0,1,0.666666667,0,0.8,1,0,0.951219512
0,0.410958904,0.071417988,0.733333333,0,0,0.43877551,0.5,0.466666667,0,0.857142857,0.6,1,1,0.951219512
0,0.164383562,0.126398149,0.533333333,0,0,0.397959184,0.5,0.733333333,0.333333333,0.5,0,1,1,0.804878049
0,0.506849315,0.065049066,0.6,0.028290283,0,0.295918367,0.75,1,0.333333333,1,0,1,1,0.951219512
0,0.369863014,0.130413398,0.333333333,0,0,0.397959184,0.5,0,0,0.071428571,0.8,1,0,0.951219512
0,0.438356164,0.086113733,0.533333333,0.040640406,0,0.397959184,0.5,0.733333333,0.333333333,0.071428571,0,1,1,0.951219512
0,0.02739726,0.140352408,0.6,0,0,0.142857143,0.5,1,0.666666667,0.571428571,0.6,1,0,0.951219512
0,0.397260274,0.116768993,0.266666667,0,0,0.397959184,0.5,0.4,0.333333333,0.5,1,1,0,0.951219512
1,0.301369863,0.053734655,0.866666667,0,0,0.397959184,0.5,0.8,0.333333333,0.285714286,0,1,1,0.951219512
1,0.506849315,0.165506743,0.6,0,0,0.397959184,0.25,1,0.333333333,0.285714286,1,1,0,0.951219512
0,0.054794521,0.125228416,0.533333333,0,0,0.193877551,0.5,0.733333333,0.666666667,0.428571429,0.6,1,1,0.951219512
0,0.02739726,0.117986084,0.533333333,0,0,0.397959184,0.5,0.733333333,0.666666667,0.571428571,0.8,0.5,1,0.951219512
0,0.191780822,0.163734892,0.333333333,0,0,0.37755102,0.5,0,0,0.214285714,0.2,1,1,0.951219512
0,0.191780822,0.061293607,0.533333333,0,0,0.5,0.5,0.733333333,0.333333333,0.5,0,1,1,0.951219512
0,0.164383562,0.04553164,0.533333333,0,0,0.653061224,0.5,0.733333333,0.333333333,0.214285714,0,0,1,0.951219512
1,0.424657534,0.137965585,0.6,0.03103031,0,0.397959184,0.625,1,0.333333333,0.214285714,0,1,1,0.951219512
0,0.575342466,0.12313318,0.533333333,0,0,0.479591837,0.5,0.733333333,0.333333333,0.357142857,0,1,1,0.951219512
1,0.493150685,0.076251171,0.533333333,0,0,0.428571429,0.5,0.733333333,0.333333333,0.714285714,0,1,1,0.951219512
0,0.02739726,0.018384902,0.533333333,0,0,0.602040816,0,0.733333333,0.666666667,0,0.6,1,1,0.951219512
0,0.301369863,0.362776239,0.8,0,0,0.295918367,0.5,0.6,0.333333333,0.714285714,0,0.5,1,0.951219512
0,0.082191781,0.125160086,0.6,0,0,0.397959184,0.5,1,0.666666667,0.857142857,0.6,1,0,0.951219512
0,0.219178082,0.090082301,0.6,0,0,0.397959184,0.5,1,0,0.214285714,0.8,1,1,0.951219512
0,0.232876712,0.081556577,0.533333333,0,0,0.397959184,0.5,0.733333333,0.666666667,0.571428571,0.8,0.5,0,0.951219512
0,0.726027397,0.092519865,0.533333333,0.029640296,0,0.112244898,0,0.733333333,1,0,0.2,1,0,0.951219512
0,0.397260274,0.079884853,0.533333333,0,0,0.397959184,0.5,0.733333333,0.666666667,0.214285714,0.8,1,1,0.951219512
0,0.657534247,0.107335356,0.8,0.067230672,0,0.397959184,0.5,0.6,0,0.714285714,0.2,1,1,0.951219512
0,0.109589041,0.191888994,0.733333333,0,0,0.397959184,0.5,0.466666667,0.666666667,0.071428571,0.8,1,0,0.951219512
1,0.246575342,0.056438775,0.8,0.076880769,0,0.602040816,0.5,0.6,0.333333333,0.857142857,0,0.25,1,0.951219512
0,0.01369863,0.184129787,0.4,0,0,0.244897959,0,0.066666667,0.666666667,0,0.6,1,1,0.951219512
0,0.150684932,0.12749211,0.533333333,0,0,0.397959184,0.5,0.733333333,0.333333333,0.214285714,0,1,1,0.951219512
0,0.287671233,0.033189569,0.266666667,0,0,0.397959184,0.5,0.4,0.333333333,0.214285714,0,1,1,0.951219512
0,0.506849315,0.118969769,0.8,0,0.323232323,0.37755102,0.5,0.6,0,0.857142857,0.2,1,0,0.951219512
1,0.315068493,0.049207267,1,0,0,0.448979592,0.5,0.666666667,0.333333333,0.714285714,0,0.25,1,0
0,0.287671233,0.189445341,0.8,0,0,0.397959184,0.5,0.6,0.5,0.214285714,0.2,0.5,1,0.146341463
0,0.383561644,0.110730897,0.266666667,0,0,0.397959184,0.25,0.4,0.666666667,0.571428571,0.6,1,1,0.951219512
0,0.150684932,0.155144897,0.533333333,0,0,0.397959184,0.5,0.733333333,0.666666667,0.357142857,0.2,1,1,0.951219512
0,0,0.118409596,0.333333333,0,0,0.142857143,0.5,0,0.666666667,0.571428571,0.6,1,0,0.951219512
0,0.287671233,0.164334981,0.533333333,0,0,0.397959184,0.875,0.733333333,0.666666667,0.571428571,0.2,1,1,0.951219512
0,0.205479452,0.115445009,0.866666667,0,0,0.397959184,0.75,0.8,0.666666667,0.714285714,0.2,1,1,0.951219512
0,0.178082192,0.031940005,0.8,0.024070241,0,0.397959184,0.5,0.6,0.333333333,0.857142857,0,1,1,0.951219512
0,0.342465753,0.315325939,0.733333333,0,0,0.397959184,0.5,0.466666667,0,0.714285714,0.2,1,0,0.951219512
0,0.068493151,0.080702787,0.6,0,0,0.244897959,0.25,1,0.666666667,0.285714286,0.6,1,0,0.951219512
0,0.452054795,0.089354347,0.533333333,0,0,0.397959184,0.5,0.733333333,0.333333333,0.214285714,0,1,1,0.951219512
1,0.726027397,0.070221194,1,0,0,0.010204082,0,0.666666667,0.333333333,0,0,1,1,0.951219512
0,0.315068493,0.03948272,0,0,0,0.193877551,0.5,0.866666667,0.666666667,0.571428571,0.2,1,0,0.951219512
1,0.301369863,0.01473566,0.6,0,0,0.5,0.75,1,0.333333333,0.214285714,0,0,1,0.951219512
0,0.493150685,0.202105384,0.333333333,0,0,0.602040816,0.75,0,0.333333333,0.357142857,0,1,1,0.951219512
0,0.01369863,0.097266451,0.533333333,0,0,0.112244898,0.5,0.733333333,0.666666667,0.428571429,0.6,1,1,0.951219512
1,0.575342466,0.060442523,0.533333333,0,0,0.448979592,0.125,0.733333333,0.333333333,0.071428571,0,1,1,0.951219512
0,0.534246575,0.193767061,0.2,0,0,0.479591837,0.5,0.333333333,0.333333333,0.5,0,1,1,0.951219512
0,0.191780822,0.166993096,0.6,0,0,0.091836735,0,1,0.333333333,0,1,1,0,0.951219512
1,0.465753425,0.021019339,0.4,0,0,0.397959184,0.5,0.066666667,0.333333333,0.214285714,0,1,1,0.951219512
0,0.054794521,0.179448148,0.533333333,0,0,0.397959184,0.5,0.733333333,0.666666667,0.285714286,0.6,1,0,0.951219512
0,0.150684932,0.207522419,0.533333333,0,0,0.397959184,0.875,0.733333333,0.666666667,0.714285714,0.2,0.5,0,0.951219512
0,0.054794521,0.229210176,0.533333333,0,0,0.397959184,0.5,0.733333333,0.666666667,0.071428571,0.2,1,0,0.951219512
0,0.082191781,0.029846798,0.6,0,0,0.295918367,0.875,1,0.333333333,0.714285714,0,1,1,0.951219512
1,0.520547945,0.101426479,0.533333333,0.051780518,0,0.724489796,0.5,0.733333333,0.333333333,1,0,1,1,0.951219512
0,0.698630137,0.074122108,0.2,0,0,0.193877551,0.5,0.333333333,1,0.571428571,0.8,0,0,0.951219512
0,0.109589041,0.115340146,0.6,0,0,0.397959184,0.5,1,0.666666667,0.857142857,0.6,0.25,1,0.951219512
1,0.356164384,0.189356038,0.866666667,0,0,0.448979592,0.75,0.8,0,0.285714286,0.8,1,0,0.951219512
1,0.273972603,0.047554487,0.933333333,0.140841408,0,0.357142857,0.5,0.933333333,0,0.714285714,0.2,1,1,0.951219512
0,0.315068493,0.111838389,0.6,0,0.362488522,0.397959184,0.125,1,0.333333333,0.214285714,0,1,1,0.951219512
0,0.123287671,0.143616701,0.4,0,0,0.448979592,0.5,0.066666667,0.666666667,0.857142857,0.2,1,1,0.951219512
0,0.04109589,0.244792185,0.533333333,0,0,0.397959184,0.5,0.733333333,0.666666667,0.714285714,0.4,1,0,0.951219512
0,0.109589041,0.123693353,0.533333333,0,0,0.346938776,0.5,0.733333333,0.666666667,0.428571429,0.4,1,1,0.951219512
1,0.438356164,0.227955876,0.666666667,0,0,0.602040816,0.625,0.533333333,0.333333333,0.285714286,0,1,1,0.951219512
0,0.602739726,0.104905234,0.6,0,0,0.346938776,0.25,1,0.333333333,0.071428571,0,1,1,0.951219512
0,0.178082192,0.175661569,0.533333333,0,0,0.397959184,0.5,0.733333333,0,0.071428571,0.2,1,0,0.951219512
0,0.315068493,0.136365574,0.533333333,0,0,0.397959184,0.5,0.733333333,0,0.857142857,0.2,1,0,0.951219512
0,0.356164384,0.205454921,0.866666667,0,0,0.397959184,0.75,0.8,0.666666667,0.285714286,0.2,1,0,0.951219512
1,0.301369863,0.071219086,0.8,0,0,0.602040816,0.625,0.6,0.333333333,0.285714286,0,1,1,0.951219512
0,0,0.114553333,0.333333333,0,0,0.112244898,0.625,0,0.666666667,0.857142857,0.6,1,1,0.951219512
0,0.534246575,0.128228859,0.2,0,0.45959596,0.397959184,0.5,0.333333333,0.333333333,0.428571429,0,1,1,0.951219512
1,0.205479452,0.041053639,0.933333333,0,0,0.244897959,0.5,0.933333333,0.333333333,0.714285714,0,1,1,0.951219512
0,0.054794521,0.039222929,0.6,0,0,0.295918367,0.5,1,0.666666667,0.571428571,0.6,1,1,0.951219512
0,0,0.026876799,0.4,0,0,0.142857143,0.5,0.066666667,0.666666667,0.571428571,0.6,1,0,0.951219512
0,0.054794521,0.264651938,0.6,0,0,0.479591837,0.5,1,0.666666667,0.571428571,0.6,0.5,0,0.951219512
0,0.219178082,0.145008338,0.533333333,0,0,0.397959184,0.5,0.733333333,0.333333333,0.5,0,1,1,0.951219512
1,0.342465753,0.240175494,0.6,0,0,0.397959184,0.875,1,0.333333333,0.785714286,0,1,1,0.951219512
0,0.465753425,0.087516871,0.6,0,0,0.397959184,0.5,1,0.833333333,0.285714286,0.2,0.5,0,0.951219512
1,0.561643836,0.118059826,0.6,0,0,0.397959184,0.625,1,0.333333333,1,1,1,0,0.951219512
1,0.369863014,0.509384588,0.866666667,0,0.587465565,0.397959184,0.5,0.8,0.833333333,0.285714286,0.2,1,1,0.951219512
0,0.164383562,0.144352097,0.533333333,0,0,0.397959184,0,0.733333333,0.666666667,0,0.2,0.5,1,0.951219512
0,0.273972603,0.105246209,0.533333333,0,0,0.5,0.5,0.733333333,0.333333333,0.214285714,0,1,1,0.951219512
1,0.287671233,0.117779063,0.8,0,0,0.418367347,0.5,0.6,0.333333333,0.071428571,0,0.25,1,0.951219512
0,0.452054795,0.276890499,0.6,0,0,0.397959184,0.5,1,0,0.285714286,0.2,1,1,0.951219512
1,0.246575342,0.118156571,0.8,0,0,0.5,0.5,0.6,0.333333333,0.857142857,0,1,1,0.951219512
0,0.123287671,0.088475525,0.6,0,0,0.397959184,0.5,1,0,0.071428571,0.6,1,0,0.951219512
0,0.219178082,0.213526688,0.533333333,0.039080391,0,0.5,0.5,0.733333333,0.333333333,0.857142857,0,1,1,0.951219512
0,0.04109589,0.116354952,0.733333333,0.005940059,0,0.193877551,0,0.466666667,0.666666667,0,0.6,1,0,0.951219512
0,0.698630137,0.124976744,0.533333333,0,0,0.448979592,0.75,0.733333333,0.333333333,0.357142857,0,1,1,0.951219512
0,0.369863014,0.075567869,0.8,0,0,0.397959184,0.5,0.6,0,0.571428571,0.2,0.25,1,0.073170732
0,0.01369863,0.190259215,0.466666667,0,0,0.193877551,0.5,0.133333333,0.666666667,0.428571429,0.4,1,1,0.951219512
0,0.082191781,0.13408226,0.6,0,0,0.295918367,0.5,1,0.666666667,0.571428571,0.6,1,0,0.951219512
0,0.356164384,0.111472382,0.533333333,0,0,0.602040816,0.5,0.733333333,0.333333333,1,0,1,1,0.951219512
0,0.273972603,0.100557129,0.6,0,0,0.448979592,0.5,1,0.333333333,0.857142857,0,1,1,0.951219512
0,0.410958904,0.115139214,0.533333333,0,0,0.357142857,0.75,0.733333333,0.333333333,0.285714286,1,1,0,0.951219512
0,0.178082192,0.107222374,0.533333333,0,0,0.397959184,0.25,0.733333333,0.333333333,0.571428571,0,1,1,0.951219512
0,0.150684932,0.079512758,0.6,0,0,0.5,0.5,1,0.833333333,0.214285714,0.8,1,1,0.951219512
0,0.150684932,0.110777578,0.533333333,0,0,0.275510204,0.75,0.733333333,0.666666667,0.571428571,0.2,1,0,0.951219512
1,0.397260274,0.130446548,0.666666667,0,0,0.479591837,0.5,0.533333333,0.333333333,0.285714286,0,1,1,0.951219512
0,0.493150685,0.028094566,0.6,0,0,0.540816327,0.5,1,1,0.285714286,0.2,1,0,0.951219512
0,0.164383562,0.099331919,0.4,0,0,0.397959184,0.5,0.066666667,0.666666667,1,0.8,1,1,0.951219512
1,0.465753425,0.066975844,0.533333333,1,0,0.346938776,0.75,0.733333333,0,0.285714286,0.2,1,0,0.951219512
1,0.246575342,0.144491464,0.666666667,0,0,0.397959184,0.5,0.533333333,0.333333333,0.214285714,0,1,1,0.951219512
0,0.02739726,0.05501534,0.2,0,0.367768595,0.316326531,0.5,0.333333333,0.666666667,0.214285714,0.6,1,1,0.951219512
0,0.438356164,0.106145327,0.533333333,0,0.43067034,0.346938776,0.5,0.733333333,1,0.071428571,0.2,1,0,0.951219512
1,0.410958904,0.125794001,0.533333333,0,0,0.397959184,0.125,0.733333333,0.333333333,0.071428571,0,1,1,0.951219512
1,0.232876712,0.082843351,0.8,0,0,0.397959184,0.5,0.6,0.666666667,0.857142857,0.6,1,1,0.951219512
0,0.342465753,0.109205982,0.866666667,0,0,0.397959184,0.5,0.8,0.333333333,0.714285714,0,1,1,0.951219512
0,0.109589041,0.211138511,0.533333333,0,0,0.397959184,0.5,0.733333333,0.666666667,0.428571429,0.6,0.5,1,0.951219512
1,0.465753425,0.088934893,0.6,0,0,0.397959184,0.5,1,0.333333333,0.571428571,1,1,0,0.951219512
0,0.082191781,0.167760289,0.533333333,0,0,0.397959184,0.5,0.733333333,0.666666667,0.857142857,0.6,1,1,0.951219512
0,0,0.125461821,0.4,0,0,0.112244898,0.5,0.066666667,0.666666667,0.571428571,0.6,1,0,0.951219512
0,0.301369863,0.037309682,0.533333333,0,0,0.397959184,0.5,0.733333333,0,0.071428571,0.8,1,0,0.951219512
0,0.191780822,0.144920388,0.8,0,0,0.448979592,0.25,0.6,0.666666667,0.714285714,0.2,1,1,0.951219512
0,0.095890411,0.114897691,0.8,0,0,0.275510204,0.5,0.6,0.666666667,0.071428571,0.6,1,1,0.951219512
0,0.575342466,0.013916373,0.2,0,0,0.704081633,0.75,0.333333333,0.333333333,0.357142857,0,1,1,0.951219512
0,0.219178082,0.116337362,0.266666667,0,0,0.5,0.5,0.4,0.333333333,1,0,1,1,0.097560976
0,0.02739726,0.199951966,0.6,0,0,0.397959184,0,1,0.666666667,0,0.6,1,1,0.951219512
0,0.109589041,0.301914262,0.066666667,0,0,0.969387755,0.5,0.2,0.333333333,0.357142857,0,1,1,0.634146341
1,0.095890411,0.304031148,0.6,0,0,0.5,0.5,1,0.333333333,0.357142857,0,1,1,0.951219512
1,0.534246575,0.071433549,0.666666667,0,0,0.397959184,0.5,0.533333333,0.333333333,0.214285714,0,0.5,1,0.951219512
0,0.534246575,0.120292399,0.666666667,0,0,0.459183673,0.75,0.533333333,0.5,0.857142857,0.2,1,1,0.951219512
0,0.821917808,0.095131299,0.133333333,0,0,0.193877551,0,0.266666667,0.333333333,0,0,1,1,0.951219512
1,0.602739726,0.029742611,0.066666667,0,0,0.602040816,0.5,0.2,0.333333333,0.5,0,1,1,0.951219512
0,0.095890411,0.069404613,0.533333333,0,0,0.397959184,0.5,0.733333333,0.666666667,0.785714286,0.2,0.75,1,0.951219512
0,0.04109589,0.124552555,0.6,0,0,0.244897959,0.5,1,0.666666667,0.5,0.6,1,1,0.951219512
0,0.01369863,0.108104579,0.6,0,0,0.244897959,0.5,1,0.666666667,0.571428571,0.6,1,0,0.951219512
0,0.205479452,0.144592944,0.533333333,0,0,0.602040816,0.5,0.733333333,0.333333333,0.214285714,0,1,1,0.951219512
1,0.356164384,0.143152596,0.8,0.07298073,0,0.397959184,0.5,0.6,0.333333333,0.928571429,0,1,1,0.951219512
0,0.589041096,0.103134736,0.8,0,0,0.397959184,0,0.6,0.333333333,0,0,1,1,0.951219512
0,0.191780822,0.121471604,0.533333333,0,0,0.397959184,0.5,0.733333333,0,0.5,0.4,1,1,0.951219512
0,0.260273973,0.165312577,0.533333333,0,0,0.397959184,0.5,0.733333333,0,0.285714286,0.2,1,1,0.951219512
0,0.082191781,0.10808496,0.533333333,0,0,0.397959184,0.5,0.733333333,0.666666667,0.428571429,0.6,1,1,0.951219512
0,0.095890411,0.191316643,0.533333333,0,0,0.5,0.5,0.733333333,0.666666667,0.428571429,0.2,0.5,1,0.951219512
0,0.452054795,0.261373438,0.4,0,0,0.397959184,0.5,0.066666667,1,0.5,0.2,1,0,0.951219512
1,0.328767123,0.224839745,0.8,0.076880769,0,0.5,0.5,0.6,0.333333333,0.285714286,0,1,1,0.951219512
0,0.205479452,0.103470298,0.533333333,0,0,0.397959184,0.5,0.733333333,0,0.571428571,0.2,1,0,0.951219512
0,0.164383562,0.009583828,0.533333333,0,0,0.397959184,0.5,0.733333333,0.333333333,0.428571429,0,0,1,0.951219512
0,0.191780822,0.083969786,0.733333333,0,0,0.397959184,0.625,0.466666667,0.333333333,0.857142857,0,1,1,0.951219512
1,0.575342466,0.090727717,1,0,0,0.5,0.5,0.666666667,0.333333333,0.714285714,0,1,1,0.951219512
0,0.150684932,0.256959032,0.533333333,0,0,0.397959184,0.5,0.733333333,0.333333333,0.214285714,0.6,1,1,0.951219512
0,0.136986301,0.074981311,0.533333333,0,0,0.397959184,0.75,0.733333333,0.333333333,1,0,1,1,0.951219512
1,0.178082192,0.099384689,0.8,0,0.436639118,0.551020408,0.5,0.6,0.333333333,0.714285714,0,1,1,0.951219512
0,0.205479452,0.092880459,0.733333333,0,0,0.397959184,0.125,0.466666667,0.666666667,0.785714286,0.2,0.5,1,0.951219512
0,0.794520548,0.122133934,0.866666667,0,0,0.448979592,0.75,0.8,1,0.857142857,0.2,1,1,0.951219512
1,0.301369863,0.162624018,1,0,0.648301194,0.5,0.875,0.666666667,0.666666667,0.714285714,0.2,1,1,0.951219512
0,0.260273973,0.118866259,0.8,0,0,0.397959184,0.5,0.6,0.333333333,0.714285714,1,1,0,0.951219512
0,0.232876712,0.279637917,0.133333333,0,0,0.397959184,0.5,0.266666667,0.333333333,0.428571429,0,1,1,0.634146341
0,0.150684932,0.133158787,0.8,0,0,0.5,0.5,0.6,0.333333333,0.571428571,0,1,1,0.951219512
0,0.301369863,0.299455726,0.533333333,0,0,0.397959184,0.5,0.733333333,0.666666667,0.428571429,0.4,1,1,0.951219512
0,0.287671233,0.049464352,0.533333333,0,0,0.397959184,0.5,0.733333333,0.666666667,0.5,0.2,1,0,0.951219512
1,0.424657534,0.159580953,0.8,0.043860439,0,0.5,0.5,0.6,0.333333333,0.857142857,0,1,1,0.951219512
0,0.054794521,0.125471969,0.6,0,0,0.234693878,0.5,1,0.666666667,0.857142857,0.6,1,0,0.951219512
0,0.01369863,0.080337457,0.4,0,0,0.142857143,0.5,0.066666667,0.666666667,0.571428571,0.4,0.5,1,0.951219512
1,0.191780822,0.154579312,0.6,0.043860439,0,0.5,0.5,1,0.333333333,0.214285714,0,1,1,0.951219512
0,0.109589041,0.116643834,0.333333333,0,0,0.397959184,0.5,0,0.666666667,0.5,0.2,1,1,0.146341463
1,0.369863014,0.104397831,0.866666667,0,0,0.397959184,0.875,0.8,0.333333333,0.071428571,0,1,1,0.951219512
0,0.219178082,0.105367309,0.533333333,0,0,0.316326531,0.5,0.733333333,0,0.571428571,0.8,1,0,0.951219512
1,0.246575342,0.082235821,0.533333333,0,0,0.602040816,0.5,0.733333333,0.333333333,0.214285714,0,1,1,0.951219512
1,0.178082192,0.067538723,0.533333333,0,0,0.602040816,0.5,0.733333333,0.333333333,0.5,0,1,1,0.512195122
1,0.315068493,0.090909029,0.533333333,0,0,0.602040816,0.5,0.733333333,0.333333333,0.857142857,0,1,1,0.951219512
0,0.082191781,0.101660561,0.8,0,0,0.193877551,0.5,0.6,0.666666667,0.071428571,0.2,0.25,0,0.951219512
0,0.191780822,0.130211113,0.466666667,0,0,0.316326531,0.5,0.133333333,0.666666667,0.857142857,0.6,1,1,0.951219512
0,0.068493151,0.071377396,0.8,0,0,0.397959184,0.5,0.6,0.666666667,0.071428571,0.6,1,0,0.951219512
1,0.356164384,0.121458073,0.733333333,0.076880769,0,0.5,0.5,0.466666667,0.333333333,0.857142857,0,1,1,0.951219512
0,0.424657534,0.028725099,0.533333333,0,0,0.397959184,0.5,0.733333333,0.333333333,0.214285714,0,1,1,0.951219512
0,0.123287671,0.131543216,0.8,0,0,0.397959184,0.25,0.6,0.666666667,0.785714286,0.6,1,1,0.951219512
0,0.616438356,0.175321947,0.266666667,0,0,0.418367347,0.5,0.4,0.333333333,0.571428571,0,0.5,1,0.951219512
0,0.095890411,0.204678256,0.533333333,0,0,0.397959184,0.5,0.733333333,0.666666667,0.857142857,0.6,1,1,0.146341463
0,0.068493151,0.042179397,0.6,0,0,0.12244898,0.5,1,0.666666667,0.428571429,0.6,1,0,0.951219512
0,0.219178082,0.366087889,0.666666667,0,0,0.397959184,0.5,0.533333333,0.666666667,0.857142857,0.6,1,1,0.951219512
0,0.260273973,0.053738038,0.6,0,0,0.448979592,0.5,1,0.333333333,1,0,1,1,0.951219512
0,0.397260274,0.066210004,0.666666667,0,0,0.448979592,0.5,0.533333333,0,0.285714286,0.8,1,0,0.951219512
1,0.369863014,0.112048115,0.6,0,0,0.581632653,0.5,1,0,0.5,0.8,1,1,0.951219512
1,0.342465753,0.103722647,0.533333333,0,0,0.397959184,0.5,0.733333333,0.333333333,0.428571429,0,1,1,0.951219512
0,0.095890411,0.144409603,0.6,0,0,0.397959184,0.5,1,0.666666667,0.857142857,0.2,1,1,0.951219512
0,0.315068493,0.178038245,0.533333333,0,0,0.397959184,0.5,0.733333333,0.666666667,0.857142857,0.6,0.5,1,0.951219512
0,0.095890411,0.023852001,0.866666667,0,0,0.244897959,0.5,0.8,0.666666667,1,0.2,1,1,0.951219512
0,0.136986301,0.040540147,0.6,0,0,0.397959184,0.5,1,0.666666667,0.071428571,0.6,0.5,1,0.951219512
1,0.232876712,0.113244233,0.933333333,0.076880769,0,0.602040816,0.75,0.933333333,0.333333333,0.714285714,0,1,1,0.951219512
0,0.520547945,0.119911509,0.133333333,0,0,0.5,0.5,0.266666667,0.333333333,0.214285714,0,1,1,0.951219512
0,0.849315068,0.073923206,0.2,0,0,0.040816327,0.5,0.333333333,1,0.571428571,0.8,0.5,1,0.951219512
1,0.356164384,0.091206706,0.8,0,0,0.295918367,0.5,0.6,0.333333333,0.714285714,1,1,0,0.951219512
0,0.342465753,0.13729243,0.4,0,0,0.295918367,0.75,0.066666667,0.833333333,0.571428571,0.8,1,0,0.951219512
0,0.589041096,0.185349584,0.533333333,0,0,0.397959184,0.125,0.733333333,0.5,0.428571429,0.2,1,1,0.951219512
0,0.219178082,0.048295295,0.533333333,0,0,0.397959184,0.5,0.733333333,0.666666667,0.857142857,0.6,0.5,0,0.951219512
0,0.383561644,0.117844687,0.533333333,0,0,0.397959184,0.5,0.733333333,0,0.071428571,0.8,1,0,0.951219512
0,0.068493151,0.142569421,0.533333333,0,0,0.397959184,0.5,0.733333333,0.666666667,0.071428571,0.2,1,0,0.951219512
1,0.164383562,0.118505664,0.8,0,0,0.5,0.625,0.6,0.333333333,0.857142857,0,1,1,0.951219512
0,0.287671233,0.147993898,0.133333333,0,0,0.397959184,0.5,0.266666667,0.333333333,0.857142857,0,1,1,0.634146341
0,0.068493151,0.184430846,0.6,0,0,0.551020408,0.5,1,0.333333333,0.285714286,0,1,1,0.951219512
0,0.534246575,0.095504071,0.6,0,0,0.346938776,0.875,1,0,0.071428571,0.2,1,0,0.951219512
0,0.246575342,0.158430163,0.8,0,0,0.5,0.25,0.6,0,0.714285714,0.2,1,1,0.951219512
0,0.520547945,0.165548012,0.6,0,0,0.397959184,0.875,1,0.333333333,0.571428571,0,0.5,1,0.951219512
0,0.273972603,0.121000058,0.733333333,0,0,0.244897959,0.5,0.466666667,0,0.714285714,0.8,1,1,0.951219512
0,0.506849315,0.207975699,0.6,0,0,0.397959184,0.5,1,0.333333333,0.714285714,1,1,0,0.951219512
0,0.205479452,0.013735061,0.533333333,0,0,0.397959184,0.25,0.733333333,0,0.571428571,0.2,0,1,0.951219512
1,0.178082192,0.148527686,0.6,0,0,0.397959184,0.5,1,0.333333333,0.857142857,0,1,1,0.951219512
0,0.232876712,0.225793663,0.8,0,0,0.397959184,0.5,0.6,0.666666667,0.571428571,0.2,1,1,0.195121951
0,0.328767123,0.119377044,0.533333333,0,0,0.265306122,0.75,0.733333333,0,0.214285714,0.8,1,1,0.951219512
0,0.356164384,0.210634491,0.6,0,0,0.112244898,0.25,1,0.666666667,0.285714286,0.2,1,0,0.951219512
0,0.068493151,0.035184678,0.6,0,0,0.367346939,0.5,1,0.666666667,0.071428571,0.6,1,0,0.951219512
0,0.739726027,0.067266079,0.6,0,0,0.153061224,0,1,0.333333333,0,0,1,1,0.951219512
0,0.260273973,0.091314275,0.6,0,0,0.602040816,0.875,1,0,1,0.2,1,1,0.951219512
0,0.315068493,0.185685823,0.4,0,0,0.357142857,0.5,0.066666667,0.833333333,0.5,0.2,0.5,1,0.951219512
0,0.438356164,0.139415404,0.666666667,0,0,0.37755102,0.5,0.533333333,0,0.714285714,0.2,1,0,0.951219512
1,0.369863014,0.108619424,0.533333333,0,0,0.520408163,0.5,0.733333333,0.333333333,0.071428571,0,0.5,1,0.951219512
0,0.657534247,0.106055348,0.533333333,0,0,0.091836735,0.5,0.733333333,0.666666667,0.5,0.2,1,1,0.951219512
0,0.465753425,0.096828055,0.533333333,0,0,0.37755102,0.5,0.733333333,0.5,0.857142857,0.2,0.5,0,0.951219512
0,0.054794521,0.044295606,0.6,0,0,0.142857143,0.5,1,0.666666667,0.857142857,0.6,1,0,0.951219512
0,0.02739726,0.166252964,0.533333333,0,0,0.153061224,0,0.733333333,0.666666667,0,0.2,1,0,0.951219512
1,0.273972603,0.226575064,0.533333333,0,0,0.551020408,0.625,0.733333333,0.333333333,0.285714286,0,1,1,0.951219512
0,0.02739726,0.151619461,0.4,0,0,0.397959184,0.5,0.066666667,0.666666667,0.428571429,0.2,1,1,0.951219512
0,0.164383562,0.271299594,0.733333333,0,0,0.448979592,0.5,0.466666667,0.666666667,0.857142857,0.2,1,1,0.634146341
1,0.315068493,0.075109853,0.933333333,0,0,0.448979592,0.75,0.933333333,0.333333333,0.714285714,0,1,1,0.951219512
0,0.136986301,0.079899737,0.6,0,0,0.397959184,0.5,1,0.666666667,0.571428571,0.6,1,0,0.951219512
1,0.232876712,0.147576474,0.8,0,0,0.397959184,0.25,0.6,0.333333333,0.714285714,0,1,1,0.951219512
1,0.534246575,0.132841491,0.866666667,0,0,0.397959184,0.5,0.8,0.333333333,0.285714286,0,1,1,0.951219512
1,0.342465753,0.154482567,0.933333333,0,0,0.5,0.625,0.933333333,0.333333333,0.714285714,1,1,0,0.951219512
1,0.630136986,0.226430285,0.8,0.076880769,0,0.357142857,0.5,0.6,0.333333333,0.714285714,1,1,0,0.951219512
0,0,0.088657513,0.4,0,0,0.397959184,0,0.066666667,0.666666667,0,0.6,1,1,0.951219512
0,0.082191781,0.182863986,0.666666667,0,0,0.56122449,0.25,0.533333333,0,0.928571429,0.2,1,1,0.951219512
1,0.205479452,0.106886812,0.8,0,0,0.459183673,0.5,0.6,0.666666667,0.285714286,0.2,1,0,0.951219512
1,0.260273973,0.085686838,0.8,0.043860439,0,0.5,0.75,0.6,0.333333333,0.285714286,0,1,1,0.951219512
1,0.178082192,0.101674768,0.8,0,0,0.704081633,0.5,0.6,0.666666667,0.285714286,0.2,1,1,0.951219512
0,0.109589041,0.085125988,0.6,0.021740217,0,0.397959184,0.5,1,0.666666667,0.571428571,0.2,1,1,0.951219512
0,0.095890411,0.138397892,0.533333333,0,0,0.367346939,0.5,0.733333333,0.333333333,0.285714286,0,1,1,0.951219512
0,0.342465753,0.016516983,0.6,0,0,0.397959184,0.125,1,0.333333333,0.071428571,0,1,1,0.951219512
0,0.438356164,0.107272438,0.866666667,0,0,0.397959184,0.25,0.8,0,0.285714286,0.2,1,0,0.951219512
0,0.082191781,0.181230148,0.533333333,0,0,0.316326531,0.25,0.733333333,0.666666667,0.571428571,0.6,0.5,1,0.951219512
0,0.191780822,0.111002865,0.533333333,0,0,0.397959184,0.5,0.733333333,0.666666667,0.214285714,0.6,0.5,1,0.951219512
0,0.438356164,0.012842032,0.2,0,0,0.397959184,0.5,0.333333333,0.333333333,0.214285714,0,1,1,0.951219512
0,0.068493151,0.136737669,0.6,0,0,0.142857143,0.5,1,0.666666667,0.857142857,0.6,1,0,0.951219512
0,0.136986301,0.111673314,0.8,0,0,0.448979592,0.5,0.6,0.666666667,0.857142857,0.2,1,1,0.951219512
0,0.342465753,0.058918284,0.533333333,0,0,0.397959184,0.5,0.733333333,0,0.5,0.2,1,0,0.951219512
0,0.109589041,0.014962976,0.8,0,0.365013774,0.602040816,0.5,0.6,0.666666667,0.285714286,0.2,1,1,0.951219512
0,0.054794521,0.053183277,0.533333333,0,0,0.397959184,0.5,0.733333333,0.666666667,0.5,0.6,1,0,0.951219512
0,0.273972603,0.057938658,0.533333333,0,0,0.397959184,0.5,0.733333333,0,0.071428571,0.2,1,0,0.951219512
0,0.657534247,0.08966623,0.266666667,0,0,0.448979592,0.75,0.4,0.333333333,0.214285714,0,1,1,0.951219512
0,0.246575342,0.193139235,0.6,0,0,0.397959184,0.5,1,0.833333333,0.071428571,0.2,0.5,1,0.951219512
0,0.397260274,0.089814392,0.8,0,0.518365473,0.5,0.5,0.6,0,0.5,0.4,1,1,0.146341463
1,0.205479452,0.164804498,0.8,0,0,0.428571429,0.5,0.6,0.333333333,0.285714286,0,1,1,0.951219512
1,0.383561644,0.068835645,0.933333333,0,0,0.602040816,0.5,0.933333333,0.333333333,0.714285714,0,1,1,0.951219512
0,0.424657534,0.085097574,0.133333333,0,0.468778696,0.5,0.75,0.266666667,0.333333333,0.214285714,0,1,1,0.951219512
1,0.287671233,0.140996472,0.6,0,0,0.806122449,0.5,1,0.333333333,0.285714286,0,1,1,0.951219512
0,0.054794521,0.057456287,0.533333333,0,0.459366391,0.244897959,0.5,0.733333333,0.666666667,0.571428571,0.2,1,0,0.951219512
0,0.328767123,0.12998312,0.4,0,0,0.479591837,0.5,0.066666667,0,0.428571429,0.2,1,1,0.951219512
1,0.547945205,0.038967875,0.533333333,0,0,0.397959184,0.5,0.733333333,0.333333333,0.857142857,0,1,1,0.951219512
0,0.068493151,0.067929762,0.533333333,0,0,0.346938776,0.5,0.733333333,0.333333333,0.214285714,0,1,1,0.951219512
0,0.520547945,0.126835869,0.533333333,0,0,0.816326531,0.5,0.733333333,0.833333333,0.785714286,0.2,1,1,0.951219512
0,0.328767123,0.107534935,0.6,0,0,0.551020408,0.5,1,0,0.071428571,0.2,1,0,0.951219512
0,0.520547945,0.079079097,0.533333333,0,0,0.397959184,0.5,0.733333333,0.666666667,0.428571429,0.2,0.5,1,0.951219512
0,0.082191781,0.179311488,0.6,0,0,0.316326531,0.5,1,0.666666667,0.428571429,0.6,1,1,0.12195122
0,0.301369863,0.193193358,0.266666667,0.034110341,0,0.336734694,0.5,0.4,0.333333333,0.571428571,1,0.5,0,0.951219512
0,0.246575342,0.067691621,0.666666667,0,0,0.397959184,0.5,0.533333333,0.5,0.5,0.2,0.5,1,0.951219512
0,0.383561644,0.109943408,0.6,0,0,0.285714286,0.5,1,0,0.642857143,0.2,1,0,0.951219512
0,0,0.029937454,0.4,0.010550106,0,0.173469388,0.5,0.066666667,0.666666667,0.857142857,0.6,1,0,0.463414634
0,0.287671233,0.127191727,1,0,0,0.397959184,0.875,0.666666667,0.333333333,0.714285714,0,0.25,1,0.87804878
1,0.589041096,0.078153594,0.2,0,0,0.397959184,0.75,0.333333333,0.333333333,1,0,1,1,0.951219512
0,0.397260274,0.200882205,0.533333333,0,0,0.244897959,0.5,0.733333333,0,0.642857143,0.2,1,0,0.951219512
0,0.01369863,0.102496761,0.6,0,0,0.142857143,0.5,1,0.666666667,0.857142857,0.6,1,0,0.951219512
1,0.438356164,0.140263782,0.8,0,0,0.755102041,0.5,0.6,0.333333333,0.285714286,0,1,1,0.951219512
0,0.150684932,0.110446075,0.6,0,0,0.367346939,0.5,1,0.833333333,0.071428571,0.8,0.5,0,0.951219512
0,0.02739726,0.104960034,0.533333333,0,0,0.295918367,0.5,0.733333333,0.666666667,1,0.6,1,1,0.951219512
0,0.301369863,0.145191003,0.533333333,0,0,0.397959184,0.5,0.733333333,0.333333333,0.428571429,0,0.5,1,0.951219512
1,0.547945205,0.194720303,0.133333333,0.07298073,0,0.846938776,0,0.266666667,0.333333333,0,0,1,1,0.951219512
0,0.246575342,0.113180639,0.533333333,0,0,0.397959184,0.5,0.733333333,0.333333333,1,0,1,1,0.951219512
0,0.164383562,0.201265125,0.8,0,0,0.397959184,0.5,0.6,0.666666667,0.214285714,0.2,1,1,0.951219512
0,0.136986301,0.070409271,0.6,0,0.454545455,0.397959184,0.5,1,0.666666667,0.214285714,0.6,0.25,1,0.731707317
0,0.232876712,0.033335701,0.533333333,0,0,0.346938776,0.5,0.733333333,0.666666667,0.214285714,0.2,1,1,0.951219512
0,0.164383562,0.013293959,0.533333333,0,0,0.397959184,0.5,0.733333333,0,0.714285714,0.2,1,0,0.951219512
0,0.328767123,0.013698528,0.666666667,0,0,0.448979592,0.75,0.533333333,0.333333333,0.357142857,0,1,1,0.951219512
0,0.479452055,0.169333239,0.533333333,0,0,0.448979592,0.5,0.733333333,0.333333333,0.428571429,0,1,1,0.951219512
0,0.452054795,0.117039608,0.6,0,0,0.397959184,0.5,1,0.333333333,0.214285714,0,1,1,0.951219512
0,0.054794521,0.135801342,0.533333333,0.021760218,0,0.397959184,0.5,0.733333333,0.666666667,0.428571429,0.4,0.5,1,0.951219512
1,0.506849315,0.065049066,0.8,0,0,0.5,0.625,0.6,0.333333333,0.857142857,0,1,1,0.951219512
1,0.397260274,0.086367434,0.533333333,0,0,0.37755102,0.5,0.733333333,0,0.285714286,0.8,1,0,0.951219512
0,0.164383562,0.088056748,0.8,0,0,0.244897959,0,0.6,0.333333333,0,0,1,1,0.951219512
0,0.054794521,0.17956316,0.6,0,0,0.193877551,0,1,0.666666667,0,0.6,1,1,0.951219512
0,0.383561644,0.051265294,0.4,0,0,0.397959184,0.5,0.066666667,0.5,0.5,0.8,0.25,0,0.853658537
1,0.301369863,0.112972265,0.6,0,0,0.5,0.5,1,0.333333333,0.214285714,0,1,1,0.951219512
0,0.082191781,0.084255285,0.6,0,0,0.193877551,0.5,1,0.666666667,0.571428571,0.6,1,1,0.951219512
1,0.205479452,0.116866414,0.6,0,0,0.397959184,0.5,1,0.333333333,0.857142857,0,1,1,0.951219512
1,0.191780822,0.114203563,0.533333333,0,0,0.5,0.5,0.733333333,0.333333333,0.214285714,0,1,1,0.951219512
0,0.095890411,0.129818722,0.8,0,0,0.397959184,0.5,0.6,0.666666667,0.857142857,0.4,1,0,0.951219512
0,0.616438356,0.049048281,0.533333333,0,0.399678604,0.397959184,0.5,0.733333333,0,0.5,0.8,1,1,0.951219512
0,0.01369863,0.037742665,0.4,0,0,0.193877551,0.75,0.066666667,0.666666667,0.071428571,0.6,1,0,0.951219512
1,0.452054795,0.120102969,0.8,0,0,0.397959184,0.5,0.6,0.333333333,0.285714286,0,1,1,0.951219512
0,0.260273973,0.243715814,0.6,0,0,0.479591837,0.5,1,0.333333333,0.857142857,0,1,1,0.951219512
0,0.767123288,0.07990312,0.533333333,0,0,0.357142857,0.75,0.733333333,0.666666667,0.571428571,0.2,1,0,0.951219512
0,0.205479452,0.202446359,0.533333333,0,0,0.37755102,0.5,0.733333333,0.666666667,0.214285714,0.6,0.5,1,0.951219512
0,0.328767123,0.15394472,0.533333333,0,0,0.5,0.5,0.733333333,0.5,1,0.8,0.5,1,0.951219512
0,0.356164384,0.082873795,0.733333333,0,0,0.295918367,0.875,0.466666667,0.5,0.571428571,0.8,1,0,0.951219512
0,0.136986301,0.082302121,0.866666667,0,0,0.397959184,0.5,0.8,0.666666667,0.857142857,0.6,1,1,0.951219512
0,0.287671233,0.119969691,0.6,0,0,0.397959184,0.25,1,0.333333333,0.071428571,1,1,0,0.951219512
1,0.397260274,0.060958045,0.933333333,0.150241502,0,0.448979592,0.5,0.933333333,0.333333333,0.714285714,0,1,1,0.951219512
0,0.191780822,0.09725089,0.533333333,0,0,0.346938776,0.75,0.733333333,0,0.571428571,0.2,1,1,0.951219512
0,0.191780822,0.120437178,0.866666667,0,0,0.5,0.875,0.8,0.333333333,0.714285714,0,1,1,0.951219512
0,0.219178082,0.143358264,0.533333333,0,0,0.397959184,0.25,0.733333333,0.333333333,0.214285714,0,1,1,0.951219512
0,0.383561644,0.013454298,0.6,0,0,0.5,0.75,1,0.666666667,0.357142857,0.2,1,1,0.951219512
0,0.150684932,0.121719217,0.8,0,0,0.397959184,0.5,0.6,0.333333333,0.714285714,0,1,1,0
0,0.356164384,0.152017942,0.533333333,0,0,0.397959184,0.5,0.733333333,0.333333333,0.214285714,0,0.5,1,0.951219512
1,0.136986301,0.079384216,0.8,0,0,0.397959184,0.5,0.6,0.333333333,0.285714286,0,1,1,0.951219512
0,0.232876712,0.043965456,0.533333333,0,0,0.193877551,0.5,0.733333333,0.666666667,0.285714286,0.8,1,0,0.219512195
0,0.136986301,0.016619816,0.666666667,0,0,0.346938776,0.5,0.533333333,0.333333333,0.857142857,0,1,1,0.951219512
1,0.383561644,0.130665747,0.6,0,0,0.653061224,0.5,1,0.333333333,0.857142857,0,1,1,0.951219512
1,0.342465753,0.118688329,0.866666667,0.150241502,0,0.5,0.5,0.8,0.333333333,0.857142857,0,1,1,0
1,0.260273973,0.088516793,0.933333333,0,0,0.5,0.5,0.933333333,0.333333333,0.714285714,0,1,1,0.951219512
0,0.191780822,0.123032376,0.533333333,0,0,0.479591837,0.25,0.733333333,0.333333333,0.785714286,0,1,1,0.951219512
0,0.397260274,0.105289507,0.533333333,0,0,0.397959184,0.5,0.733333333,0.333333333,0.214285714,0,1,1,0.951219512
0,0.438356164,0.057214087,0.533333333,0,0,0.397959184,0.5,0.733333333,0,0.571428571,0.8,1,1,0.951219512
1,0.315068493,0.034339006,0.8,0,0,0.397959184,0.25,0.6,0.333333333,0.714285714,1,1,0,0.951219512
0,0.506849315,0.180670651,0.2,0,0,0.397959184,0.5,0.333333333,0.333333333,0.214285714,0,1,1,0.951219512
0,0.123287671,0.099771669,0.8,0,0,0.397959184,0.5,0.6,0.666666667,0.571428571,0.6,1,1,0.951219512
1,0.273972603,0.013824364,0.8,0,0,0.5,0.5,0.6,0.333333333,0.714285714,1,1,0,0.951219512
0,0.219178082,0.099628919,0.733333333,0,0,0.397959184,0.125,0.466666667,0.666666667,0.071428571,0.8,0.5,0,0.951219512
0,0.082191781,0.104957327,0.6,0,0,0.346938776,0.5,1,0.666666667,0.571428571,0.6,1,0,0.951219512
1,0.328767123,0.110538761,0.8,0,0,0.397959184,0.5,0.6,0.333333333,0.928571429,0,1,1,0.951219512
0,0.109589041,0.015057015,0.666666667,0,0,0.357142857,0.5,0.533333333,0.666666667,0.714285714,0.2,1,0,0.048780488
0,0.082191781,0.19956634,0.866666667,0,0,0.091836735,0.5,0.8,0.666666667,0.571428571,0.2,1,0,0.951219512
0,0.301369863,0.069773326,0.6,0.021740217,0,0.448979592,0.5,1,0.666666667,0.071428571,0.6,1,0,0.951219512
0,0.164383562,0.29380258,0.733333333,0,0,0.5,0.5,0.466666667,0.333333333,0.285714286,1,1,0,0.951219512
1,0.397260274,0.008173924,0.333333333,0,0,1,0.75,0,0.333333333,0.357142857,0,1,1,0.951219512
1,0.232876712,0.014761368,0.866666667,0.076880769,0,0.37755102,0.875,0.8,0.333333333,0.714285714,0,1,1,0.951219512
1,0.383561644,0.127726868,0.866666667,0,0,0.397959184,0.75,0.8,0.333333333,0.857142857,0,1,1,0.951219512
0,0.150684932,0.079384216,0.533333333,0,0,0.397959184,0.5,0.733333333,0.666666667,0.428571429,0.2,1,1,0
1,0.342465753,0.211670946,0.8,0,0,0.5,0.625,0.6,0.333333333,0.285714286,0,1,1,0.951219512
0,0.328767123,0.125775735,0.533333333,0,0,0.397959184,0.5,0.733333333,0.333333333,1,0,1,1,0.951219512
1,0.397260274,0.22514351,0.533333333,0,0,0.479591837,0.5,0.733333333,0,0.285714286,0.2,1,1,0.951219512
0,0.465753425,0.079165694,0.266666667,0,0,0.448979592,0.5,0.4,0.333333333,1,0,1,1,0.951219512
0,0.273972603,0.075433914,0.533333333,0,0,0.755102041,0.5,0.733333333,0.666666667,0.571428571,0.2,1,1,0.951219512
0,0.616438356,0.081612053,0.6,0,0,0.193877551,0.5,1,0.333333333,1,0,0.5,1,0.951219512
0,0.02739726,0.117266924,0.6,0,0,0.193877551,0,1,0.666666667,0,0.6,1,0,0.951219512
0,0.630136986,0.129555549,0.533333333,0,0,0.724489796,0.5,0.733333333,0,0.714285714,0.2,1,0,0.951219512
1,0.397260274,0.105018892,0.6,0,0.453856749,0.5,0.5,1,0.333333333,0.714285714,0,1,1,0.951219512
0,0.01369863,0.097993728,0.533333333,0,0,0.112244898,0,0.733333333,0.666666667,0,0.6,1,0,0.951219512
0,0.178082192,0.105646719,0.533333333,0,0,0.295918367,0.5,0.733333333,0.833333333,0.571428571,0.8,1,0,0.951219512
1,0.150684932,0.018018219,0.6,0,0,0.5,0.5,1,0.333333333,0.214285714,0,1,1,0.268292683
0,0.178082192,0.005115975,0.6,0,0,0.397959184,0.5,1,0,0.928571429,0.6,1,0,0.951219512
0,0.328767123,0.048119395,0.533333333,0,0,0.397959184,0.125,0.733333333,0.333333333,0.571428571,0,1,1,0.951219512
1,0.630136986,0.056838609,0.533333333,0,0,0.448979592,0.5,0.733333333,0,1,0.8,1,1,0.951219512
1,0.561643836,0.142047134,0.333333333,0,0.433195592,0.397959184,0.5,0,0.333333333,1,0,1,1,0.951219512
0,0.424657534,0.105324687,0.533333333,0,0,0.397959184,0.5,0.733333333,0.833333333,0.5,0.8,0.5,0,0.951219512
0,0.287671233,0.136275594,0.666666667,0,0,0.295918367,0.5,0.533333333,0,0.571428571,0.2,1,0,0.951219512
1,0.616438356,0.075409559,0.8,0,0,0.397959184,0.25,0.6,0.333333333,0.285714286,0,1,1,0.951219512
0,0.068493151,0.12112657,0.6,0,0,0.244897959,0.5,1,0.666666667,0.785714286,0.6,1,1,0.951219512
0,0.191780822,0.013067319,0.8,0,0,0.397959184,0.5,0.6,0.666666667,0.714285714,0.2,1,0,0.951219512
0,0.630136986,0.097309749,0.133333333,0,0,0.5,0.5,0.266666667,0.666666667,0.642857143,0.2,1,0,0
0,0.136986301,0.126399502,0.6,0.048650487,0,0.397959184,0.5,1,0.666666667,0.071428571,0.2,1,0,0.951219512
1,0.164383562,0.018401139,0.8,0.07298073,0,0.418367347,0.5,0.6,0.333333333,0.571428571,0,1,1,0.951219512
1,0.575342466,0.023786377,0.6,0,0,0.744897959,0.5,1,0.333333333,1,0,1,1,0.951219512
0,0.342465753,0.172128014,0.6,0,0,0.408163265,0.5,1,0.833333333,0.071428571,0.8,0.5,0,0.951219512
0,0.01369863,0.094351251,0.4,0,0,0.397959184,0.5,0.066666667,0.666666667,0.571428571,0.6,1,1,0.951219512
0,0.04109589,0.036960588,0.4,0,0,0.397959184,0.5,0.066666667,0.333333333,0.357142857,0.6,1,1,0.634146341
0,0.109589041,0.135655886,0.6,0,0,0.397959184,0.5,1,0.666666667,0.857142857,0.6,1,0,0.951219512
1,0.246575342,0.104275378,0.8,0,0,0.5,0.5,0.6,0.333333333,0.285714286,0,1,1,0.951219512
0,0.150684932,0.052305132,0.8,0,0,0.448979592,0.5,0.6,0.666666667,0.285714286,0.6,1,0,0.951219512
0,0.287671233,0.139667076,0.533333333,0,0,0.244897959,0.5,0.733333333,0,0.571428571,0.2,1,0,0.951219512
1,0.260273973,0.126553753,0.866666667,0,0,0.5,0.5,0.8,0.333333333,0.714285714,1,1,0,0.951219512
0,0.356164384,0.116858296,0.133333333,0,0,0.397959184,0.5,0.266666667,0.5,0.642857143,0.4,1,0,0.195121951
0,0.054794521,0.116683073,0.6,0,0,0.153061224,0.5,1,0.666666667,0.071428571,0.6,1,0,0.951219512
0,0.602739726,0.105789468,0.533333333,0,0,0.397959184,0.5,0.733333333,0,0.071428571,0.2,1,0,0.048780488
0,0.328767123,0.041210596,0.8,0,0,0.397959184,0.875,0.6,0.333333333,0.285714286,0,0.25,1,0.951219512
1,0.287671233,0.139184028,0.6,0,0,0.479591837,0.5,1,0.333333333,0.214285714,0,1,1,0.951219512
0,0.671232877,0.12234975,0.266666667,0,0,0.295918367,0.5,0.4,0.833333333,0.571428571,0.2,0.5,0,0.951219512
0,0.479452055,0.096844968,0.133333333,0,0,0.397959184,0.5,0.266666667,0.666666667,0.5,0.2,1,0,0
1,0.780821918,0.091818296,0.8,0,0,0.051020408,0.625,0.6,0.333333333,0.071428571,1,1,0,0.951219512
0,0.356164384,0.182008842,0.6,0,0,0.418367347,0.5,1,0,0.857142857,0.2,1,1,0.951219512
0,0.123287671,0.271671013,0.8,0,0,0.397959184,0.875,0.6,0.666666667,0.285714286,0.2,1,1,0.951219512
0,0.452054795,0.242503459,0.533333333,0,0,0.397959184,0.25,0.733333333,0.333333333,0.071428571,0,0.5,1,0.951219512
0,0.219178082,0.053029027,0.533333333,0,0,0.397959184,0.5,0.733333333,0.666666667,0.071428571,0.2,1,0,0.951219512
0,0.095890411,0.150447022,0.8,0,0,0.397959184,0.625,0.6,0.666666667,0.285714286,0.6,1,1,0.951219512
0,0.383561644,0.116564679,0.533333333,0,0,0.397959184,0.5,0.733333333,0.333333333,0.5,0,1,1,0.951219512
0,0.164383562,0.082568677,0.333333333,0,0,0.397959184,0.5,0,0.333333333,0.214285714,0,1,1,0.951219512
0,0.493150685,0.058709234,0.266666667,0,0,0.397959184,0.25,0.4,0.333333333,0.214285714,0,1,1,0.951219512
0,0.410958904,0.096896385,0.533333333,0,0,0.346938776,0.5,0.733333333,0.833333333,0.571428571,0.4,0.5,0,0.951219512
0,0.02739726,0.107767664,0.6,0,0,0.397959184,0,1,0.666666667,0,0.6,0.5,1,0.951219512
0,0.109589041,0.313946479,0.533333333,0,0,0.479591837,0.5,0.733333333,0.333333333,0.857142857,0,1,1,0.951219512
0,0.150684932,0.017276058,0.666666667,0,0,0.551020408,0.5,0.533333333,0.666666667,0.857142857,0.8,1,0,0
0,0.04109589,0.061940377,0.533333333,0,0,0.418367347,0.5,0.733333333,0.666666667,0.5,0.6,1,0,0.951219512
0,0.643835616,0.122649456,0.4,0,0,0.397959184,0,0.066666667,0.666666667,0,0.8,1,1,0.951219512
0,0.205479452,0.144766814,0.133333333,0,0,0.397959184,0.5,0.266666667,0.5,0.214285714,0.4,1,1,0.195121951
0,0.383561644,0.119552944,0.866666667,0,0,0.37755102,0.5,0.8,0,0.714285714,0.2,1,1,0.951219512
0,0.328767123,0.064066057,0.8,0,0,0.520408163,0.25,0.6,0.333333333,0.714285714,1,1,0,0.951219512
1,0.780821918,0.108585597,0.533333333,0,0.523875115,0.346938776,0.5,0.733333333,1,0.071428571,0.2,1,1,0.951219512
0,0.068493151,0.174098768,0.6,0,0,0.397959184,0.5,1,0.666666667,0.214285714,0.6,1,1,0.951219512
0,0.054794521,0.261642024,0.533333333,0,0,0.234693878,0.5,0.733333333,0.666666667,0.357142857,0.6,1,1,0.951219512
0,0.123287671,0.078758419,0.533333333,0,0,0.397959184,0.5,0.733333333,0.5,0.071428571,0.8,1,0,0.170731707
0,0.342465753,0.100538862,0.6,0,0,0.224489796,0.5,1,0.333333333,0.571428571,1,1,0,0.951219512
0,0.616438356,0.111326927,0.8,0,0,0.37755102,0.5,0.6,0.333333333,0.928571429,0,1,1,0.951219512
0,0.04109589,0.021176972,0.533333333,0,0,0.346938776,0,0.733333333,0.5,0,0.2,1,0,0.951219512
1,0.383561644,0.138100892,0.866666667,0,0,0.5,0.5,0.8,0.333333333,0.928571429,0,1,1,0.951219512
0,0.356164384,0.012542326,0.6,0,0,0.397959184,0.875,1,0,0.071428571,0.2,1,0,0.951219512
0,0.01369863,0.223849971,0.4,0,0,0.153061224,0,0.066666667,0.666666667,0,0.6,1,1,0.951219512
0,0.397260274,0.18088985,0.866666667,0,0,0.346938776,0.5,0.8,0.333333333,0.714285714,0,0.5,1,0.951219512
1,0.150684932,0.088238736,0.733333333,0,0,0.367346939,0.5,0.466666667,0.333333333,0.857142857,0,1,1,0.951219512
0,0.684931507,0.026472906,0.6,0,0,0.397959184,0.625,1,0.333333333,0.857142857,0,1,1,0.951219512
0,0.561643836,0.205633526,0.533333333,0,0,0.316326531,0.5,0.733333333,0,0.857142857,0.4,1,0,0.951219512
0,0.123287671,0.081498395,0.8,0,0,0.806122449,0,0.6,0.666666667,0,0.2,1,0,0.951219512
0,0.054794521,0.100892014,0.6,0,0,0.5,0.5,1,0.666666667,0.214285714,0.2,1,1,0.951219512
0,0.273972603,0.070665002,0.533333333,0,0,0.397959184,0.25,0.733333333,0.333333333,0.214285714,0,1,1,0.951219512
0,0.438356164,0.064234515,0.533333333,0,0.45959596,0.397959184,0.25,0.733333333,0.333333333,0.214285714,0,1,1,0.951219512
0,0.410958904,0.13322847,0.266666667,0,0,0.56122449,0.5,0.4,0.333333333,0.5,0,0.5,1,0
0,0.232876712,0.033745683,0.6,0,0,0.295918367,0.5,1,0.666666667,0.857142857,0.4,0.5,1,0.951219512
0,0.164383562,0.045460604,0.6,0,0,0.397959184,0.5,1,0.666666667,0.928571429,0.2,1,0,0.951219512
1,0.260273973,0.253323321,0.866666667,0,0.453856749,0.43877551,0.5,0.8,0.333333333,0.714285714,1,1,0,0.951219512
0,0.465753425,0.075193067,0.733333333,0,0,0.295918367,0.5,0.466666667,0,0.928571429,0.2,1,1,0.951219512
0,0.082191781,0.148597369,0.466666667,0,0,0.193877551,0.875,0.133333333,0.666666667,0.571428571,0.2,1,1,0.951219512
0,0.246575342,0.137993999,0.266666667,0,0,0.5,0.75,0.4,0.333333333,0.214285714,0,1,1,0.951219512
0,0.04109589,0.124725072,0.6,0,0,0.193877551,0.5,1,0.666666667,0.571428571,0.6,1,1,0.951219512
1,0.232876712,0.095826103,0.8,0,0,0.397959184,0.5,0.6,0.333333333,0.714285714,0,1,1,0.951219512
0,0.452054795,0.07917246,0.533333333,0,0,0.397959184,0.25,0.733333333,0.333333333,1,0,1,1,0.951219512
0,0.301369863,0.134400909,0.533333333,0,0,0.479591837,0.5,0.733333333,0.666666667,0.071428571,0.2,1,1,0.951219512
0,0.082191781,0.116134401,0.6,0,0,0.602040816,0.5,1,0.666666667,0.071428571,0.2,1,0,0.951219512
0,0.04109589,0.070985681,0.533333333,0,0,0.397959184,0.5,0.733333333,0.666666667,0.428571429,0.6,1,1,0.951219512
1,0.479452055,0.13000477,0.533333333,0.043860439,0,0.397959184,0.5,0.733333333,0.333333333,0.5,0,1,1,0.951219512
0,0.397260274,0.110079392,0.533333333,0,0,0.448979592,0.5,0.733333333,0,0.071428571,0.8,1,0,0.951219512
1,0.753424658,0.014425806,0.6,0.093860939,0,0.295918367,0,1,0.333333333,0,0,1,1,0.951219512
0,0.479452055,0.100937342,0.6,0,0,0.397959184,0.5,1,0,0.071428571,0.2,1,0,0.951219512
0,0.205479452,0.125785883,0.6,0,0,0.37755102,0.875,1,0.666666667,0.071428571,0.2,1,1,0.951219512
0,0.232876712,0.366629795,0.533333333,0,0,0.193877551,0.5,0.733333333,0.833333333,1,0.2,0.5,1,0.951219512
1,0.410958904,0.135885909,0.666666667,0.076880769,0,0.397959184,0.5,0.533333333,0.333333333,0.214285714,0,1,1,0.951219512
1,0.123287671,0.102971014,0.866666667,0,0.433195592,0.397959184,0.5,0.8,0.333333333,0.714285714,0,1,1,0.951219512
0,0,0.052008809,0.466666667,0,0,0.173469388,0.5,0.133333333,0.666666667,0.642857143,0.6,1,0,0.951219512
0,0.493150685,0.065049066,0.533333333,0,0,0.397959184,0.5,0.733333333,0.333333333,0.928571429,0,1,1,0.536585366
1,0.397260274,0.076859378,0.866666667,0,0,0.5,0.625,0.8,0.333333333,0.857142857,0,1,1,0.951219512
1,0.136986301,0.059795077,0.6,0,0,0.397959184,0.5,1,0.333333333,0.214285714,0,0.25,1,0.731707317
0,0.602739726,0.338660388,0.6,0,0,0.397959184,0.125,1,0.333333333,1,0,0.5,1,0.951219512
0,0.273972603,0.170768174,0.533333333,0,0,0.346938776,0.5,0.733333333,0.333333333,0.928571429,1,0.5,0,0.951219512
0,0.219178082,0.09678408,0.533333333,0,0,0.397959184,0.5,0.733333333,0.666666667,0.5,0.8,1,1,0.951219512
1,0.328767123,0.140886196,1,0,0,0.5,0.5,0.666666667,0.333333333,0.714285714,0,1,1,0.951219512
0,0.273972603,0.269686729,0.533333333,0,0,0.397959184,0.5,0.733333333,0.5,0.357142857,0.8,0.75,1,0.634146341
0,0.397260274,0.300836538,0.533333333,0,0,0.602040816,0.75,0.733333333,0.333333333,0.714285714,0,1,1,0.951219512
0,0.02739726,0.199900549,0.533333333,0,0,0.142857143,0.5,0.733333333,0.666666667,0.857142857,0.6,1,1,0.951219512
0,0.068493151,0.032732906,0.6,0,0,0.397959184,0.5,1,0.666666667,0.214285714,0.2,1,1,0.951219512
0,0.136986301,0.066737703,0.533333333,0,0,0.397959184,0.5,0.733333333,0.333333333,0.071428571,0,1,1,0.951219512
0,0.260273973,0.013986057,0.6,0,0,0.397959184,0.5,1,0.833333333,0.071428571,0.4,1,0,0.951219512
0,0.136986301,0.049178853,0.533333333,0,0,0.397959184,0.5,0.733333333,0.333333333,0.214285714,0,1,1,0.951219512
0,0.328767123,0.14850536,0.533333333,0,0,0.397959184,0.5,0.733333333,0,0.571428571,0.8,1,0,0.951219512
1,0.410958904,0.13624312,0.933333333,0,0.453856749,0.5,0.75,0.933333333,0.333333333,0.714285714,0,1,1,0.951219512
0,0.520547945,0.007782886,0.533333333,0,0,0.397959184,0.5,0.733333333,0,0.285714286,0.2,1,0,0.951219512
0,0.369863014,0.058132148,0.8,0,0,0.551020408,0.5,0.6,0.333333333,1,0,1,1,0.951219512
0,0.232876712,0.068261265,0.866666667,0,0,0.397959184,0.25,0.8,0,0.714285714,0.2,0.75,0,0.951219512
0,0.328767123,0.067803926,0.333333333,0,0,0.602040816,0.5,0,0.333333333,1,0,1,1,0.951219512
0,0.191780822,0.151934051,0.533333333,0,0,0.602040816,0.5,0.733333333,0.333333333,0.214285714,0,1,1,0.951219512
1,0.534246575,0.111684815,0.6,0.07298073,0,0.448979592,0.5,1,0.333333333,0.071428571,0,1,1,0.951219512
0,0.301369863,0.075567869,0.8,0,0,0.397959184,0.5,0.6,0,0.857142857,0.2,0.25,1,0.073170732
0,0.575342466,0.23888872,0.6,0,0,0.397959184,0.5,1,0.333333333,0.214285714,0,1,1,0.951219512
0,0.082191781,0.068209172,0.733333333,0,0,0.346938776,0.5,0.466666667,0.666666667,0.857142857,0.6,1,0,0.951219512
0,0.438356164,0.012842032,0.2,0,0,0.397959184,0.5,0.333333333,0.333333333,0.214285714,0,1,1,0.951219512
0,0.054794521,0.067100327,0.6,0,0,0.397959184,0.5,1,0.666666667,0.428571429,0.2,1,1,0.951219512
1,0.273972603,0.036804308,0.533333333,0,0,0.397959184,0.5,0.733333333,0.333333333,1,0,1,1,0.951219512
0,0,0.147826116,0.266666667,0,0,0.214285714,0.5,0.4,0.666666667,0.857142857,0.6,0.5,1,0.951219512
0,0.178082192,0.205793189,0.8,0,0,0.5,0.5,0.6,0.666666667,0.071428571,0.2,1,1,0.951219512
1,0.589041096,0.060083958,1,0,0,0.653061224,0.5,0.666666667,0.666666667,0.714285714,0.2,1,0,0.951219512
0,0.150684932,0.092712001,0.6,0,0,0.06122449,0.75,1,0.333333333,0.714285714,0,1,1,0.951219512
0,0.178082192,0.186914415,0.8,0,0,0.397959184,0.5,0.6,0.666666667,0.571428571,0.2,1,1,0.951219512
0,0.095890411,0.191783454,0.8,0,0,0.5,0.5,0.6,0.666666667,0.285714286,0.6,1,0,0.951219512
0,0.068493151,0.282157342,0.533333333,0,0,0.397959184,0.5,0.733333333,0.666666667,0.071428571,0.4,0.5,1,0.951219512
0,0.232876712,0.041703792,0.333333333,0,0,0.030612245,0.5,0,0.833333333,0.571428571,0.8,0.25,0,0.951219512
0,0.520547945,0.128498121,0.533333333,0.024070241,0,0.346938776,0.5,0.733333333,0.333333333,0.571428571,1,0.5,0,0.951219512
0,0.452054795,0.107080302,0.733333333,0,0,0.193877551,0.75,0.466666667,0.333333333,0.785714286,0,1,1,0.951219512
0,0.246575342,0.114400436,0.533333333,0,0,0.428571429,0.5,0.733333333,0.333333333,0.214285714,0,1,1,0.951219512
0,0.301369863,0.053014143,0.666666667,0,0,0.397959184,0.5,0.533333333,0,0.071428571,0.8,1,0,0.951219512
1,0.315068493,0.115560021,0.266666667,0,0,0.397959184,0.25,0.4,0.333333333,0.571428571,1,1,0,1
0,0.589041096,0.071187966,0.533333333,0,0,0.397959184,0.125,0.733333333,1,0.071428571,0.2,1,1,0.951219512
1,0.328767123,0.017395128,0.466666667,0,0,0.846938776,0.5,0.133333333,0,1,0.2,1,1,0.951219512
0,0.205479452,0.213727619,0.666666667,0,0,0.397959184,0.5,0.533333333,0,0.285714286,0.8,1,0,0.951219512
0,0.191780822,0.031921738,0.533333333,0,0,0.397959184,0.5,0.733333333,0.666666667,0.571428571,0.2,1,1,0.951219512
0,0.109589041,0.095829486,0.4,0.025800258,0,0.295918367,0.5,0.066666667,0.333333333,0.214285714,0.6,1,1,0.951219512
0,0.191780822,0.191891023,0.6,0,0,0.397959184,0.5,1,0.666666667,0.071428571,0.2,1,1,0.951219512
0,0.082191781,0.135657916,0.8,0,0,0.346938776,0.25,0.6,0.666666667,0.714285714,0.2,1,0,0.951219512
0,0.109589041,0.081920554,0.8,0,0,0.806122449,0.625,0.6,0.666666667,0.857142857,0.2,1,1,0.951219512
0,0.232876712,0.105047983,0.2,0,0,0.397959184,0,0.333333333,0.333333333,0,1,1,0,0.634146341
0,0.232876712,0.429808235,0.533333333,0,0,0.397959184,0.875,0.733333333,0.666666667,0.571428571,0.2,0.5,0,0.951219512
1,0.438356164,0.017951242,0.8,0,0,0.5,0.625,0.6,0.333333333,0.857142857,0,1,1,0.951219512
1,0.260273973,0.093207903,0.8,0,0,0.5,0.5,0.6,0.333333333,0.714285714,0,1,1,0.951219512
1,0.369863014,0.155309972,0.666666667,0.043860439,0,0.397959184,0.25,0.533333333,0.333333333,1,0,1,1,0.951219512
0,0.082191781,0.126225632,0.8,0,0.383149679,0.397959184,0.5,0.6,0.666666667,0.285714286,0.6,1,1,0.951219512
0,0.082191781,0.013980644,0.8,0,0,0.397959184,0.5,0.6,0.666666667,0.857142857,0.2,1,1,0.951219512
0,0.232876712,0.115445009,0.533333333,0,0,0.397959184,0.25,0.733333333,0.333333333,0.785714286,0,1,1,0.951219512
0,0.178082192,0.192250265,0.533333333,0,0,0.346938776,0.5,0.733333333,0.666666667,0.214285714,0.2,1,1,0.951219512
0,0.465753425,0.093013737,0.533333333,0,0,0.43877551,0.75,0.733333333,0,0.857142857,0.2,1,0,0.951219512
0,0.246575342,0.104275378,0.533333333,0,0,1,0.75,0.733333333,0.333333333,0.357142857,0,1,1,0.951219512
0,0.260273973,0.113239498,0.466666667,0,0,0.397959184,0.5,0.133333333,0.333333333,0.214285714,0,0.75,1,0.951219512
0,0.02739726,0.177621498,0.533333333,0,0,0.142857143,0.5,0.733333333,0.666666667,0.571428571,0.6,1,0,0.951219512
0,0,0.0200891,0.333333333,0,0,0.397959184,0.5,0,0.666666667,0.357142857,0.6,1,1,0.951219512
0,0.520547945,0.010215714,0.666666667,0,0,0.397959184,0.125,0.533333333,0.333333333,0.214285714,0,1,1,0.951219512
0,0.178082192,0.170532063,0.8,0,0,0.244897959,0.5,0.6,0.333333333,1,0,1,1,0.170731707
0,0.493150685,0.127714691,0.533333333,0,0,0.010204082,0,0.733333333,0.333333333,0,1,0.5,0,0.951219512
0,0.246575342,0.049464352,0.533333333,0,0,0.397959184,0.5,0.733333333,0.666666667,0.5,0.2,1,0,0.951219512
0,0.191780822,0.143391414,0.533333333,0,0,0.397959184,0.5,0.733333333,0.666666667,1,0.6,0.5,1,0.951219512
0,0.287671233,0.155560291,0.533333333,0,0,0.37755102,0,0.733333333,0.666666667,0,0.8,0.5,0,0.951219512
0,0.561643836,0.129052205,0.266666667,0,0,0.397959184,0.75,0.4,0.833333333,0.214285714,0.2,1,1,0.951219512
0,0.424657534,0.085870856,0.6,0,0,0.397959184,0.75,1,0,0.214285714,0.2,1,1,0.951219512
0,0.465753425,0.100424527,1,0,0,1,0.5,0.666666667,0.333333333,0.714285714,0,0.25,1,0.853658537
0,0.054794521,0.136834414,0.6,0,0,0.214285714,0.5,1,0.666666667,0.428571429,0.6,1,1,0.951219512
0,0.109589041,0.14242126,0.8,0,0,0.397959184,0.25,0.6,0.666666667,0.714285714,0.2,1,1,0.951219512
1,0.260273973,0.014812785,0.533333333,0,0,0.704081633,0.75,0.733333333,0.666666667,0.357142857,0.2,1,1,0.951219512
0,0.479452055,0.174846341,0.2,0,0,0.479591837,0.5,0.333333333,0.333333333,0.571428571,0,1,1,0.12195122
0,0.109589041,0.008938411,0.6,0.04101041,0,0.397959184,0.5,1,0.666666667,1,0.2,1,1,0.951219512
1,0.315068493,0.122614952,1,0,0,0.602040816,0.5,0.666666667,0.333333333,0.714285714,0,1,1,0.951219512
0,0.287671233,0.060280831,0.533333333,0,0,0.428571429,0.5,0.733333333,0.333333333,0.571428571,1,1,0,0.951219512
0,0.178082192,0.052785473,0,0,0,0.275510204,0.5,0.866666667,0.666666667,0.571428571,0.8,1,1,0.195121951
0,0.123287671,0.027686614,0.533333333,0,0,0.397959184,0.5,0.733333333,0.666666667,0.571428571,0.6,1,1,0.951219512
0,0.342465753,0.056980681,0.6,0,0,0.602040816,0.625,1,0.333333333,0.285714286,0,0.25,1,0.87804878
0,0.123287671,0.178212115,0.6,0,0,0.397959184,0.5,1,0.333333333,0.857142857,0,1,1,0.951219512
0,0.191780822,0.199753064,0.333333333,0,0,1,0.5,0,0.666666667,1,0.6,1,1,0.12195122
0,0.232876712,0.07247474,0.533333333,0,0,0.397959184,0.25,0.733333333,0,0.785714286,0.8,1,1,0.780487805
0,0.301369863,0.117808831,0.533333333,0,0,0.397959184,0.5,0.733333333,0,0.071428571,0.2,1,0,0.951219512
0,0.068493151,0.293260673,0.133333333,0,0,0.397959184,0.5,0.266666667,0.666666667,0.428571429,0.2,1,1,0.634146341
0,0.04109589,0.15675438,0.6,0,0,0.193877551,0.875,1,0.666666667,0.714285714,0.6,1,0,0.951219512
1,0.178082192,0.122019599,0.866666667,0,0,0.5,0.5,0.8,0.333333333,0.285714286,0,1,1,0.951219512
1,0.260273973,0.1873589,0.6,0,0.424242424,0.397959184,0.5,1,0.333333333,0.071428571,1,1,0,0.951219512
0,0.191780822,0.201705551,0.533333333,0,0,0.704081633,0.5,0.733333333,0.833333333,0.428571429,0.2,1,1,0.951219512
1,0.452054795,0.182946523,0.533333333,0.043860439,0,0.479591837,0.25,0.733333333,0.333333333,0.5,0,1,1,0.951219512
0,0.068493151,0.014025296,0.6,0,0,0.397959184,0,1,0.666666667,0,0.6,1,1,0.951219512
0,0.342465753,0.115710889,0.133333333,0,0,0.602040816,0.5,0.266666667,0.333333333,0.214285714,0,1,1,0.951219512
0,0.301369863,0.152666065,0.533333333,0,0.396235078,0.397959184,0.5,0.733333333,0,0.5,0.8,1,1,0.951219512
0,0.465753425,0.101078739,0.533333333,0,0,0.397959184,0.5,0.733333333,0.333333333,0.071428571,1,1,0,0.951219512
0,0.753424658,0.312196954,0.533333333,0,0,0.295918367,0.75,0.733333333,0.333333333,0.857142857,0,1,1,0.951219512
1,0.438356164,0.010562778,0.533333333,0,0.453856749,0.551020408,0.5,0.733333333,0.333333333,0.285714286,0,1,1,0.951219512
1,0.383561644,0.074007097,0.6,0,0,0.357142857,0.5,1,0.333333333,0.714285714,1,1,0,0.951219512
0,0.109589041,0.099666129,0.533333333,0,0,0.336734694,0.5,0.733333333,0.666666667,0.571428571,0.8,1,0,0.951219512
0,0.109589041,0.191462775,0.533333333,0,0,0.397959184,0.25,0.733333333,0.666666667,0.714285714,0.6,0.5,0,0.951219512
0,0.479452055,0.108164791,0.333333333,0,0,0.244897959,0.5,0,0,0.571428571,0.4,1,0,0.951219512
0,0.479452055,0.131579749,0.533333333,0,0,0.397959184,0.875,0.733333333,0.333333333,1,0,1,1,0.951219512
0,0.191780822,0.060257152,0.8,0,0,0.397959184,0.5,0.6,0.666666667,0.285714286,0.6,1,0,0.951219512
0,0.684931507,0.07381699,0.8,0,0,0.112244898,0.875,0.6,0.333333333,0.714285714,0,0.25,1,0.951219512
0,0.328767123,0.131100084,0.6,0,0,0.397959184,0.5,1,0.333333333,0.5,0,1,1,0.951219512
0,0.863013699,0.094494677,0.533333333,0,0,0.142857143,0.5,0.733333333,1,0.571428571,0.2,0.5,1,0.951219512
1,0.315068493,0.109673469,0.8,0,0,0.602040816,0.25,0.6,0.333333333,0.285714286,0,1,1,0.951219512
0,0.191780822,0.13599889,0.533333333,0,0,0.397959184,0.25,0.733333333,0.666666667,0.071428571,0.6,1,0,0.951219512
1,0.410958904,0.043128579,0.6,0,0,0.571428571,0.5,1,0.333333333,0.571428571,0,1,1,0.951219512
0,0.671232877,0.092778302,0.2,0,0,0.030612245,0,0.333333333,0.666666667,0,0.2,1,1,0.951219512
0,0.452054795,0.223904771,0.6,0,0,0.551020408,0.75,1,0.333333333,1,0,1,1,0.951219512
0,0.301369863,0.164224029,0.666666667,0,0,0.397959184,0.5,0.533333333,0,0.285714286,0.8,0.5,0,0.951219512
0,0,0.042230138,0.4,0,0,0.193877551,0.5,0.066666667,0.666666667,0.642857143,0.6,1,1,0.951219512
1,0.273972603,0.1194014,0.8,0,0.648301194,0.397959184,0.5,0.6,0.666666667,0.285714286,0.2,1,1,0.951219512
0,0.068493151,0.080470735,0.8,0,0,0.397959184,0.5,0.6,0.666666667,0.857142857,0.6,1,1,0.951219512
0,0.561643836,0.142701346,0.533333333,0,0,0.397959184,0.25,0.733333333,0.333333333,0.571428571,0,1,1,0.951219512
0,0.589041096,0.126377176,0.333333333,0,0,0.397959184,0.5,0,0.333333333,0.5,0,1,1,0.951219512
1,0.273972603,0.126212101,0.666666667,0,0,0.397959184,0.5,0.533333333,0.333333333,0.214285714,0,1,1,0.951219512
0,0.02739726,0.131563512,0.6,0,0,0.295918367,0.5,1,0.666666667,0.071428571,0.6,1,1,0.951219512
1,0.547945205,0.024065786,0.533333333,0,0,0.397959184,0.5,0.733333333,0.333333333,1,0,1,1,0.951219512
1,0.315068493,0.06976859,0.733333333,0,0,0.653061224,0.625,0.466666667,0.333333333,0.285714286,0,1,1,0.951219512
0,0.589041096,0.1442655,0.533333333,0,0,0.316326531,0.5,0.733333333,0.833333333,0.857142857,0.2,1,0,0.951219512
0,0.095890411,0.093631416,0.8,0,0,0.418367347,0.5,0.6,0.666666667,0.928571429,0.6,1,1,0.951219512
0,0.260273973,0.094536623,0.4,0,0,0.295918367,0.25,0.066666667,0,0.571428571,0.8,0.5,0,0.951219512
1,0.452054795,0.108398873,0.6,0,0,0.397959184,0.5,1,0.333333333,0.214285714,0,1,1,0.951219512
0,0.02739726,0.127088217,0.6,0,0,0.193877551,0.5,1,0.666666667,0.857142857,0.6,1,0,0.951219512
1,0.452054795,0.062238053,0.6,0,0,0.397959184,0.5,1,0.333333333,0.571428571,0,1,1,0.951219512
0,0,0.232434553,0.4,0,0.367768595,0.142857143,0.5,0.066666667,0.666666667,1,0.6,1,1,0.951219512
0,0.123287671,0.113217172,0.6,0,0,0.397959184,0.875,1,0.666666667,0.785714286,0.6,1,1,0.951219512
0,0.246575342,0.077942515,0.333333333,0,0,0.010204082,0.75,0,0.333333333,0.571428571,1,1,0,0.951219512
1,0.260273973,0.033483863,0.533333333,0.150241502,0,0.397959184,0.25,0.733333333,0.333333333,0.714285714,0,1,1,0.951219512
0,0.109589041,0.156619072,0.8,0,0,0.367346939,0.5,0.6,0.666666667,0.571428571,0.2,1,0,0.951219512
1,0.273972603,0.110866881,0.8,0,0,0.397959184,0.5,0.6,0.333333333,0.285714286,0,1,1,0.951219512
0,0.383561644,0.491522649,0.533333333,0,0,0.459183673,0.5,0.733333333,0.333333333,0.214285714,0,1,1,0.951219512
0,0.191780822,0.067381767,0.533333333,0,0,0.397959184,0.5,0.733333333,0.666666667,0.214285714,0.4,1,1,0.951219512
0,0.02739726,0.13982065,0.466666667,0,0,0.397959184,0.5,0.133333333,0.666666667,0.5,0.4,1,1,0.951219512
0,0.219178082,0.019839458,0.8,0,0,0.397959184,0.5,0.6,0.333333333,0.714285714,0,1,1,0.951219512
1,0.657534247,0.116478758,0.533333333,0.064180642,0,0.397959184,0.5,0.733333333,0.333333333,0.5,0,1,1,0.951219512
0,0.287671233,0.061692764,0.8,0,0,0.448979592,0.5,0.6,0.666666667,0.928571429,0.2,1,0,0.951219512
0,0.246575342,0.148669758,0.533333333,0,0,0.397959184,0.5,0.733333333,0.333333333,0.5,0,1,1,0.951219512
0,0.917808219,0.119099664,0.533333333,0,0,0.153061224,0.5,0.733333333,1,0.714285714,0.2,1,0,0.951219512
0,0.287671233,0.032492736,0.533333333,0,0,0.397959184,0.5,0.733333333,0.666666667,0.214285714,0.2,1,1,0.951219512
0,0.219178082,0.057065925,0.6,0,0,0.255102041,0.5,1,0.666666667,0.857142857,0.2,0.25,1,0.853658537
0,0.726027397,0.090070123,0.533333333,0,0,0.040816327,0.5,0.733333333,1,0.071428571,0.8,1,0,0.951219512
1,0.383561644,0.100372434,0.8,0.046870469,0,0.346938776,0.5,0.6,0,0.071428571,0.8,1,0,0.951219512
0,0.520547945,0.141745399,0.133333333,0,0,0.397959184,0.5,0.266666667,0.333333333,0.5,0,1,1,0.951219512
0,0.068493151,0.336078722,0.533333333,0,0,0.367346939,0.5,0.733333333,0.666666667,0.857142857,0.4,0.5,0,0.951219512
0,0.438356164,0.082288591,0.666666667,0,0,0.397959184,0.5,0.533333333,0.666666667,0.857142857,0.4,0.5,1,0
1,0.260273973,0.060148906,0.533333333,0,0,0.397959184,0.5,0.733333333,0.333333333,0.214285714,0,1,1,0.951219512
0,0.602739726,0.054397662,0.533333333,0,0,0.020408163,0.5,0.733333333,0.333333333,0.071428571,0,1,1,0.951219512
0,0.410958904,0.047704001,0.8,0,0,0.5,0.5,0.6,0.333333333,0.714285714,0,1,1,0.951219512
0,0.328767123,0.057065925,0.533333333,0,0,0.602040816,0.5,0.733333333,0.666666667,0.285714286,0.2,0.25,1,0.951219512
0,0.657534247,0.276021825,0.6,0,0,0.397959184,0.5,1,0.333333333,0.785714286,0,1,1,0.951219512
0,0.383561644,0.135760073,0.6,0,0,0.5,0.625,1,0.333333333,0.357142857,0,1,1,0.951219512
1,0.630136986,0.136430521,0.8,0.150241502,0,0.397959184,0.5,0.6,0.333333333,0.857142857,0,1,1,0.487804878
1,0.561643836,0.102040775,0.533333333,0,0,0.346938776,0.5,0.733333333,1,0.857142857,0.2,1,0,0.951219512
0,0.082191781,0.09751474,0.8,0,0,0.193877551,0.875,0.6,0.666666667,0.714285714,0.6,1,0,0.951219512
0,0.315068493,0.030015256,0.533333333,0,0,0.397959184,0.5,0.733333333,0.333333333,0.5,0,1,1,0.951219512
0,0.219178082,0.027797566,0.533333333,0,0,0.346938776,0.5,0.733333333,0.333333333,0.214285714,0,1,1,0.951219512
1,0.410958904,0.122909922,0.6,0.07298073,0,0.448979592,0.625,1,0.333333333,0.857142857,0,1,1,0.951219512
0,0.150684932,0.014554348,0.666666667,0,0,0.397959184,0.5,0.533333333,0.333333333,0.5,0,1,1,0.951219512
0,0.150684932,0.13694266,0.8,0,0,0.602040816,0.5,0.6,0.333333333,0.285714286,0,1,1,0.951219512
1,0.438356164,0.073720922,0.533333333,0,0.359044995,0.397959184,0.5,0.733333333,0,0.285714286,0.2,1,0,0.951219512
0,0.301369863,0.155409423,0.533333333,0,0,0.397959184,0.5,0.733333333,0.666666667,0.214285714,0.2,1,1,0.951219512
0,0.397260274,0.138271379,0.266666667,0,0,0.397959184,0.5,0.4,0.333333333,0.5,0,1,1,0.317073171
0,0.232876712,0.106380085,0.6,0.043860439,0,0.193877551,0.5,1,0.333333333,0.857142857,1,1,0,0.951219512
1,0.369863014,0.246755496,0.666666667,0,0,0.397959184,0.5,0.533333333,0.333333333,0.214285714,0,1,1,0.951219512
1,0.547945205,0.110720073,0.6,0,0,0.5,0.5,1,0,0.285714286,0.2,1,0,0.951219512
0,0,0.196894017,0.4,0,0,0.397959184,0,0.066666667,0.666666667,0,0.6,1,1,0.951219512
0,0.068493151,0.015107755,0.6,0,0,0.295918367,0.5,1,0.666666667,0.857142857,0.2,1,0,0.951219512
1,0.589041096,0.084870257,0.333333333,0,0.453856749,0.43877551,0.625,0,0.333333333,0.285714286,0,1,1,0.951219512
1,0.424657534,0.065426574,0.533333333,0,0,0.448979592,0.5,0.733333333,0.333333333,0.214285714,0,1,1,0.951219512
1,0.301369863,0.185712208,0.8,0,0,0.397959184,0.5,0.6,0.333333333,0.285714286,0,1,1,0.951219512
0,0.123287671,0.123175125,0.8,0,0,0.397959184,0.5,0.6,0.666666667,0.714285714,0.6,1,0,0.951219512
1,0.726027397,0.083427879,0.8,0.200512005,0,0.346938776,0.5,0.6,0.333333333,0.714285714,0,1,1,0.951219512
0,0.178082192,0.20493534,0.2,0,0,0.295918367,0.5,0.333333333,0.666666667,0.571428571,0.2,1,0,0.146341463
0,0,0.049883805,0.4,0,0,0.357142857,0.5,0.066666667,0.666666667,0.857142857,0.2,1,0,0.951219512
0,0,0.133524793,0.466666667,0,0,0.153061224,0.5,0.133333333,0.666666667,0.571428571,0.6,1,1,0.951219512
0,0.287671233,0.164625892,0.533333333,0,0,0.397959184,0.5,0.733333333,0.333333333,0.571428571,0,1,1,0.951219512
0,0.109589041,0.111111111,0.533333333,0,0,0.397959184,0.5,0.733333333,0.666666667,0.928571429,0.2,1,1,0.951219512
0,0.054794521,0.136729551,0.6,0,0,0.642857143,0.5,1,0.666666667,0.857142857,0.4,1,1,0.951219512
0,0.01369863,0.094107021,0.533333333,0,0,0.397959184,0.5,0.733333333,0.5,0.571428571,0.6,0.5,1,0.56097561
1,0.602739726,0.085991956,0.6,0,0.436639118,0.346938776,0.625,1,0.333333333,0.857142857,0,1,1,0.951219512
0,0.369863014,0.123756947,0.866666667,0,0,0.520408163,0.875,0.8,0.666666667,0.071428571,0.2,0.5,0,0.951219512
0,0.575342466,0.107540347,0.8,0,0,0.448979592,0.5,0.6,0.833333333,0.285714286,0.2,1,1,0.951219512
0,0.095890411,0.202733887,0.533333333,0,0,0.448979592,0,0.733333333,0.666666667,0,0.2,0.25,0,0
1,0.301369863,0.075567869,0.8,0,0,0.397959184,0.25,0.6,0.333333333,0.285714286,0,0.25,1,0.463414634
0,0.465753425,0.032172734,0.533333333,0.021740217,0,0.397959184,0.5,0.733333333,0,0.428571429,0.2,1,1,0.951219512
0,0.342465753,0.135613264,0.266666667,0,0,0.397959184,0.5,0.4,0.833333333,0.214285714,0.8,0.5,1,0.951219512
0,0.04109589,0.018700845,0.533333333,0,0,0.071428571,0.5,0.733333333,0.666666667,0.571428571,0.2,1,1,0.951219512
0,0.219178082,0.066223535,0.8,0,0.250688705,0.397959184,0.875,0.6,0,0.714285714,0.2,1,0,0.951219512
0,0.02739726,0.176536332,0.4,0,0,0.397959184,0.5,0.066666667,0.666666667,0.928571429,0.6,1,1,0.951219512
0,0.506849315,0.120456121,0.533333333,0,0,0.397959184,0.25,0.733333333,0.333333333,0.785714286,0,1,1,0.951219512
0,0.342465753,0.10713916,0.6,0,0,0.602040816,0.75,1,0.333333333,0.357142857,0,1,1,0.951219512
0,0.438356164,0.066117995,0.666666667,0,0,0.448979592,0.5,0.533333333,0.333333333,0.214285714,0,1,1,0.292682927
0,0.315068493,0.154529925,0.533333333,0,0,0.602040816,0.75,0.733333333,0.333333333,0.214285714,0,1,1,0.951219512
0,0.04109589,0.22707976,0.6,0,0,0.397959184,0.125,1,0.666666667,0.785714286,0.6,0.5,1,0.951219512
0,0.095890411,0.160793984,0.6,0,0,0.397959184,0.5,1,0.666666667,0.285714286,0.6,1,1,0.951219512
1,0.465753425,0.050686178,0.8,0.076880769,0,0.193877551,0.5,0.6,0.333333333,0.071428571,1,1,0,0.951219512
1,0.178082192,0.090572114,0.533333333,0,0.433195592,0.5,0.75,0.733333333,0.333333333,0.285714286,0,1,1,0.951219512
1,0.205479452,0.122288861,0.933333333,0.150241502,0,0.602040816,0.5,0.933333333,0.333333333,0.857142857,0,1,1,0.951219512
0,0.767123288,0.149918646,0.533333333,0,0.564049587,0.397959184,0.75,0.733333333,0.333333333,0.357142857,0,0.25,1,0.975609756
1,0.684931507,0.107771723,0.8,0.065140651,0,0.06122449,0.5,0.6,0.333333333,0.785714286,0,1,1,0.951219512
0,0.123287671,0.01464974,0.6,0,0,0.193877551,0.5,1,0.666666667,0.928571429,0.6,1,1,0.951219512
0,0.767123288,0.125998992,0.533333333,0,0,0.316326531,0.5,0.733333333,1,0.571428571,0.4,1,0,0.951219512
1,0.205479452,0.102774141,0.8,0,0,0.43877551,0.5,0.6,0.333333333,0.214285714,0,1,1,0.951219512
0,0.287671233,0.02561641,0.6,0,0,0.295918367,0.5,1,0.666666667,0.571428571,0.2,1,0,0.951219512
0,0.109589041,0.126070705,0.6,0,0,0.5,0.5,1,0.5,0.857142857,0.2,1,1,0.951219512
0,0.260273973,0.08473089,0.8,0,0,0.5,0.5,0.6,0.666666667,0.071428571,0.2,1,0,0.951219512
0,0.506849315,0.057839207,0.2,0,0,0.397959184,0.5,0.333333333,0.333333333,0.214285714,0,1,1,0.951219512
0,0.205479452,0.124216316,0.8,0,0,0.551020408,0.5,0.6,0.666666667,0.071428571,0.2,1,1,0.951219512
0,0.136986301,0.239128891,0.333333333,0,0,0.193877551,0.5,0,0.333333333,0.428571429,0,1,1,0.951219512
0,0.589041096,0.104097448,0.6,0,0,0.5,0.75,1,0.333333333,0.857142857,0,1,1,0.951219512
0,0.602739726,0.087922794,0.533333333,0,0,0.397959184,0.5,0.733333333,0,0.071428571,0.2,1,0,0.951219512
0,0.465753425,0.165496595,0.533333333,0,0,0.5,0.5,0.733333333,0.333333333,1,0,1,1,0.951219512
1,0.506849315,0.11360821,0.6,0,0,0.602040816,0,1,0.333333333,0,0,0.25,1,0.853658537
0,0.04109589,0.075265456,0.6,0,0,0.397959184,0,1,0.666666667,0,0.2,0.25,0,0.951219512
1,0.260273973,0.076887116,0.6,0.051780518,0,0.5,0.75,1,0.333333333,0.857142857,0,1,1,0.951219512
1,0.589041096,0.101522547,0.933333333,0,0.436639118,0.397959184,0.5,0.933333333,0.333333333,0.285714286,0,1,1,0.951219512
0,0.328767123,0.089636463,0.533333333,0,0,0.397959184,0.5,0.733333333,0.333333333,0.214285714,0,1,1,0.951219512
0,0.178082192,0.20061159,0.6,0,0,0.602040816,0.5,1,0.666666667,0.857142857,0.2,1,0,0.951219512
1,0.136986301,0.13314255,0.666666667,0,0,0.43877551,0.5,0.533333333,0.333333333,0.714285714,0,1,1,0.951219512
1,0.260273973,0.199737504,0.8,0,0,0.397959184,0.5,0.6,0.333333333,0.285714286,1,0.25,0,0.731707317
0,0.219178082,0.197266113,0.6,0,0,0.5,0.5,1,0.333333333,0.285714286,0,1,1,0.951219512
0,0.260273973,0.014015148,0.533333333,0,0,0.5,0.5,0.733333333,0,0.357142857,0.8,1,1,0.951219512
0,0.232876712,0.2322458,0.533333333,0,0,0.397959184,0.5,0.733333333,0,0.5,0.8,0.5,0,0.951219512
1,0.410958904,0.248176224,0.2,0,0,0.602040816,0.5,0.333333333,0.333333333,0.214285714,0,0.5,1,0.951219512
0,0.561643836,0.177680356,0.866666667,0,0,0.142857143,0.75,0.8,1,0.571428571,0.2,1,0,0.951219512
1,0.452054795,0.011149335,0.866666667,0,0,0.397959184,0,0.8,0.333333333,0,0,1,1,0.951219512
0,0.246575342,0.15494126,0.533333333,0.050130501,0,0.397959184,0.5,0.733333333,0.333333333,0.5,0,1,1,0.951219512
0,0,0.437711545,0.4,0,0,0.397959184,0,0.066666667,0.666666667,0,0.6,0.5,0,0.926829268
0,0.246575342,0.212997636,0.733333333,0,0,0.551020408,0,0.466666667,0.666666667,0,0.2,1,1,0.951219512
1,0.246575342,0.062629092,0.866666667,0,0,0.5,0.125,0.8,0.333333333,0.285714286,0,1,1,0.951219512
0,0,0.122766497,0.4,0,0,0.142857143,0.5,0.066666667,0.666666667,0.857142857,0.6,1,1,0.951219512
0,0.273972603,0.162856747,0.6,0,0,0.448979592,0.5,1,0.833333333,0.857142857,0.2,1,1,0.951219512
0,0.602739726,0.097670344,0.533333333,0,0,0.551020408,0.625,0.733333333,0,0.857142857,0.2,1,1,0.951219512
0,0.191780822,0.2028056,0.533333333,0,0,0.704081633,0.75,0.733333333,0.333333333,0.285714286,0,1,1,0.951219512
0,0.02739726,0.085690897,0.2,0,0,0.397959184,0.5,0.333333333,0.666666667,0.214285714,0.6,1,1,0.951219512
1,0.301369863,0.147514909,0.6,0,0.359044995,0.112244898,0.75,1,0.666666667,0.714285714,0.2,1,1,0.951219512
0,0,0.085393897,0.333333333,0,0,0.193877551,0,0,0.666666667,0,0.6,1,1,0.951219512
0,0.438356164,0.140945055,0.533333333,0,0,0.367346939,0.5,0.733333333,0,0.071428571,0.8,0.5,0,0.951219512
0,0.479452055,0.024803212,0.6,0,0,0.448979592,0.5,1,0,0.071428571,0.8,1,0,0.951219512
0,0.205479452,0.034659685,0.533333333,0,0,0.448979592,0.75,0.733333333,0,0.571428571,0.8,1,0,0.951219512
0,0.232876712,0.161784435,0.533333333,0,0,0.397959184,0.5,0.733333333,0.333333333,0.214285714,0,1,1,0.951219512
1,0.465753425,0.198002185,0.533333333,0.076880769,0,0.5,0.625,0.733333333,0.333333333,0.285714286,0,1,1,0.951219512
1,0.328767123,0.24382203,0.6,0,0,0.397959184,0.5,1,0.333333333,0.071428571,1,1,0,0.951219512
0,0.082191781,0.051960774,0.8,0,0,0.295918367,0.5,0.6,0.666666667,0.857142857,0.2,1,0,0.951219512
1,0.301369863,0.116823792,0.6,0,0,0.397959184,0.125,1,0,0.071428571,0.2,1,1,0.951219512
1,0.424657534,0.231063889,0.6,0,0,0.397959184,0,1,0.333333333,0,0,1,1,0
0,0.095890411,0.264787246,0.6,0,0,0.397959184,0.5,1,0.666666667,0.5,0.2,1,1,0.951219512
0,0.287671233,0.108284538,0.6,0,0,0.397959184,0.75,1,0,0.571428571,0.8,1,0,0.951219512
0,0.369863014,0.124448368,0.266666667,0,0,0.551020408,0.5,0.4,0,0.571428571,0.8,1,0,0.146341463
1,0.438356164,0.114349695,0.933333333,0.150241502,0,0.653061224,0.75,0.933333333,0.333333333,0.714285714,0,1,1,0.951219512
0,0.205479452,0.075099705,0.466666667,0,0,0.397959184,0.5,0.133333333,0.333333333,0.5,0,1,1,0.951219512
0,0.260273973,0.114827331,0.6,0,0,0.397959184,0.5,1,0,0.928571429,0.8,1,0,0.951219512
0,0.150684932,0.138144867,0.8,0,0,0.397959184,0.5,0.6,0.666666667,0.071428571,0.2,1,0,0.951219512
1,0.465753425,0.043135345,0.866666667,0.047870479,0,0.346938776,0.5,0.8,0,0.714285714,0.8,0.75,1,0.634146341
1,0.315068493,0.154398677,0.733333333,0,0,0.397959184,0.25,0.466666667,0.333333333,0.285714286,0,1,1,0.951219512
0,0.04109589,0.102789025,0.533333333,0,0,0.448979592,0.5,0.733333333,0.666666667,0.428571429,0.6,1,1,0.951219512
0,0.123287671,0.132487662,0.8,0,0,0.37755102,0.875,0.6,0.666666667,0.714285714,0.6,1,1,0.951219512
0,0.178082192,0.179302016,0.533333333,0,0,0.397959184,0.5,0.733333333,0.833333333,0.5,0.2,0.5,1,0.951219512
1,0.273972603,0.071910508,0.533333333,0,0,0.244897959,0.5,0.733333333,0.333333333,0.071428571,1,1,0,0.951219512
0,0.205479452,0.016977705,0.6,0,0,0.37755102,0.5,1,0,0.071428571,0.8,1,0,0.951219512
0,0.178082192,0.070142039,0.2,0,0,0.418367347,0.5,0.333333333,0.666666667,0.5,0.8,1,1,0.951219512
1,0.232876712,0.39422846,0.866666667,0,0,0.397959184,0.875,0.8,0.333333333,0.714285714,1,0.5,0,0.951219512
0,0.671232877,0.060981723,0.666666667,0,0,0.295918367,0.5,0.533333333,0.333333333,0.071428571,0,1,1,0.951219512
0,0.01369863,0.058360818,0.533333333,0,0.367768595,0.346938776,0,0.733333333,0.666666667,0,0.6,1,0,0.951219512
0,0.01369863,0.100777003,0.466666667,0,0,0.5,0.75,0.133333333,0.666666667,0.357142857,0.6,1,1,0.951219512
0,0.095890411,0.044232012,0.533333333,0,0,0.418367347,0.5,0.733333333,0.666666667,0.214285714,0.2,1,1,0.951219512
0,0.068493151,0.154212629,0.533333333,0,0,0.397959184,0.5,0.733333333,0.666666667,0.071428571,0.6,1,0,0.951219512
0,0.684931507,0.05861249,0.733333333,0,0,0.5,0.75,0.466666667,0.333333333,0.285714286,0,1,1,0.951219512
0,0.095890411,0.045243435,0.533333333,0,0,0.397959184,0.5,0.733333333,0.666666667,0.214285714,0.6,0.5,1,0.951219512
0,0.493150685,0.115947,0.533333333,0.034640346,0,0.336734694,0.5,0.733333333,0.333333333,0.214285714,0,1,1,0.951219512
1,0.561643836,0.110673391,0.6,0,0,0.397959184,0.125,1,0.333333333,0.071428571,0,1,1,0.951219512
0,0.095890411,0.18481106,0.533333333,0,0,0.397959184,0.5,0.733333333,0.666666667,0.571428571,0.2,1,1,0.951219512
1,0.150684932,0.092914963,0.8,0,0,0.397959184,0.875,0.6,0.333333333,0.714285714,0,1,1,0.951219512
0,0.397260274,0.028350298,0.533333333,0,0,0.602040816,0.5,0.733333333,0.333333333,0.214285714,0,1,1,0.951219512
0,0.178082192,0.196103821,0.8,0,0,0.397959184,0.5,0.6,0.333333333,0.857142857,0,0.25,1,0.463414634
0,0.123287671,0.103035285,0.533333333,0,0,0.295918367,0.5,0.733333333,0,0.857142857,0.8,1,0,0.951219512
0,0.178082192,0.097245478,0.533333333,0,0,0.397959184,0.5,0.733333333,0,0.285714286,0.8,1,0,0.951219512
1,0.356164384,0.140137269,0.8,0,0,0.5,0.5,0.6,0.666666667,0.285714286,0.2,0.5,0,0.951219512
1,0.397260274,0.240147756,0.6,0,0,0.397959184,0.25,1,0.333333333,0.214285714,0,0.5,1,0.951219512
0,0.082191781,0.064674941,0.8,0,0,0.397959184,0.5,0.6,0.666666667,0.285714286,0.2,1,0,0.951219512
0,0.01369863,0.10459538,0.6,0,0.367768595,0.346938776,0.5,1,0.666666667,0.428571429,0.6,0.5,0,0.951219512
0,0.712328767,0.073641767,0.533333333,0,0,0.12244898,0,0.733333333,0.333333333,0,0,1,1,0.951219512
0,0.356164384,0.115951059,0.466666667,0,0,0.244897959,0.5,0.133333333,0.5,0.857142857,0.8,1,0,0
0,0.082191781,0.112951969,0.666666667,0,0,0.397959184,0.5,0.533333333,0.666666667,0.071428571,0.6,1,0,0.951219512
1,0.273972603,0.248449546,0.8,0,0,0.551020408,0.5,0.6,0.333333333,0.857142857,0,1,1,0.951219512
0,0.178082192,0.19054742,0.533333333,0,0,0.5,0.5,0.733333333,0.666666667,0.571428571,0.2,1,1,0
0,0.02739726,0.098813692,0.6,0,0,0.112244898,0.5,1,0.666666667,0.571428571,0.6,1,0,0.951219512
0,0.123287671,0.085805908,0.6,0,0,0.5,0.5,1,0.666666667,0.571428571,0.6,0.5,0,0.951219512
0,0.506849315,0.063156791,0.266666667,0,0,0.397959184,0.5,0.4,0.333333333,0.214285714,0,1,1,0.951219512
0,0.136986301,0.076973037,0.933333333,0,0,0.397959184,0.5,0.933333333,0.666666667,0.714285714,0.4,1,0,0.951219512
0,0.082191781,0.128134144,0.8,0,0,0.346938776,0.625,0.6,0.666666667,0.071428571,0.6,1,0,0.951219512
0,0.136986301,0.100716115,0.533333333,0,0,0.397959184,0.5,0.733333333,0.333333333,0.571428571,0,1,1,0.951219512
0,0.465753425,0.122747553,0.533333333,0,0,0.397959184,0.25,0.733333333,0.5,0.428571429,0.8,1,1,0.951219512
0,0.383561644,0.010712292,0.8,0,0,0.653061224,0.75,0.6,0,0.714285714,0.2,1,1,0.951219512
0,0.068493151,0.06905552,0.6,0,0,0.551020408,0.5,1,0.666666667,0.071428571,0.2,1,1,0.951219512
1,0.520547945,0.321440483,0.866666667,0,0,0.397959184,0,0.8,0.333333333,0,0,1,1,0.951219512
1,0.534246575,0.042573819,0.933333333,0,0,0.316326531,0.625,0.933333333,0.333333333,0.714285714,0,1,1,0.951219512
0,0.068493151,0.13696228,0.6,0,0,0.142857143,0.875,1,0.666666667,0.071428571,0.2,1,0,0.951219512
0,0.589041096,0.112648204,0.533333333,0,0,0.397959184,0.5,0.733333333,1,0.428571429,0.2,1,0,0.951219512
0,0.671232877,0.088715695,0.666666667,0,0,0.448979592,0,0.533333333,0.333333333,0,0,1,1,0.951219512
0,0.301369863,0.079296942,0.6,0,0,0.397959184,0.5,1,0.833333333,0.071428571,0.8,0.5,0,0.951219512
0,0.232876712,0.154249162,0.533333333,0,0,0.397959184,0.875,0.733333333,0,1,0.8,1,0,0.951219512
0,0.02739726,0.039710713,0.666666667,0,0,0.153061224,0.5,0.533333333,0.666666667,0.571428571,0.6,0.25,1,0.951219512
0,0.150684932,0.279138633,0.333333333,0,0,0.295918367,0,0,0.833333333,0,0.2,1,1,0.951219512
0,0.054794521,0.026223941,0.533333333,0,0,0.244897959,0.5,0.733333333,0.666666667,0.071428571,0.2,1,0,0.951219512
0,0.082191781,0.127770843,0.533333333,0,0,0.653061224,0.5,0.733333333,0.666666667,0.214285714,0.2,1,1,0.951219512
0,0.109589041,0.065485432,0.6,0,0,0.551020408,0.5,1,0.666666667,0.214285714,0.6,1,1,0.951219512
0,0.424657534,0.088372014,0.533333333,0,0,0.397959184,0.5,0.733333333,0.333333333,0.928571429,0,1,1,0.951219512
1,0.260273973,0.067797161,0.933333333,0.252362524,0,0.397959184,0.75,0.933333333,0,0.714285714,0.8,1,1,0.951219512
0,0.534246575,0.198551534,0.533333333,0,0,0.397959184,0.25,0.733333333,0.333333333,0.571428571,0,0.25,1,0.073170732
0,0.328767123,0.13729243,0.533333333,0,0,0.397959184,0.5,0.733333333,0,0.214285714,0.2,1,0,0.951219512
0,0.547945205,0.069776032,0.533333333,0.031370314,0,0.397959184,0.75,0.733333333,0.333333333,0.214285714,0,1,1,0.951219512
0,0.589041096,0.148809125,0.533333333,0,0,0.397959184,0.5,0.733333333,0.333333333,0.857142857,0,1,1,0.951219512
0,0.589041096,0.148873396,0.2,0,0,0.397959184,0.5,0.333333333,0,0.5,0.2,1,1,0.951219512
1,0.397260274,0.074357543,0.6,0.07298073,0,0.397959184,0.5,1,0.333333333,0.214285714,1,1,0,0.951219512
0,0.438356164,0.070263816,0.533333333,0,0,0.397959184,0.5,0.733333333,0.333333333,0.5,0,1,1,0.951219512
1,0.150684932,0.100279748,0.6,0,0,0.5,0.5,1,0.333333333,0.071428571,0,1,1,0.951219512
0,0.315068493,0.083862893,0.6,0,0,0.397959184,0.5,1,0.333333333,0.071428571,1,1,0,0.951219512
0,0.369863014,0.054039774,0.533333333,0,0,0.397959184,0.75,0.733333333,0,0.214285714,0.2,1,1,0.951219512
0,0.356164384,0.007355314,0.533333333,0,0,0.602040816,0.875,0.733333333,0.666666667,1,0.2,1,1,0.951219512
0,0.01369863,0.054514703,0.466666667,0,0,0.193877551,0.5,0.133333333,0.666666667,0.571428571,0.6,1,0,0.951219512
0,0.465753425,0.162068581,0.666666667,0,0,0.428571429,0.5,0.533333333,0.666666667,0.285714286,0.2,1,0,0.951219512
0,0.054794521,0.10338979,0.6,0,0,0.193877551,0.5,1,0.666666667,0.571428571,0.6,1,0,0.951219512
1,0.315068493,0.102272151,0.6,0,0,0.551020408,0.5,1,0.333333333,0.928571429,0,1,1,0.951219512
0,0.575342466,0.12417843,0.533333333,0,0,0.602040816,0.75,0.733333333,0.333333333,0.857142857,0,1,1,0.951219512
1,0.315068493,0.179262777,0.8,0,0.587465565,0.551020408,0.5,0.6,0,0.285714286,0.2,1,1,0.951219512
0,0.246575342,0.10412451,0.533333333,0,0,0.397959184,0.5,0.733333333,0,0.5,0.6,1,1,0.951219512
0,0.054794521,0.209106869,0.333333333,0,0,0.397959184,0.5,0,0.666666667,0.214285714,0.6,1,1,0.951219512
0,0.260273973,0.047094441,0.8,0,0,0.448979592,0.5,0.6,0.666666667,0.714285714,0.2,1,0,0.951219512
0,0.835616438,0.116687132,0.533333333,0.034710347,0,0.5,0.75,0.733333333,0.333333333,0.357142857,0,1,1,0.951219512
0,0.191780822,0.160734449,0.533333333,0,0,0.397959184,0.5,0.733333333,0.333333333,0.857142857,0,1,1,0.951219512
0,0.205479452,0.125689138,0.533333333,0,0,0.397959184,0.5,0.733333333,0.333333333,0.214285714,0,1,1,0.951219512
1,0.232876712,0.109223572,0.8,0,0,0.5,0.5,0.6,0.333333333,0.285714286,0,1,1,0.951219512
0,0.205479452,0.089752151,0.533333333,0,0,0.397959184,0.25,0.733333333,0.333333333,0.785714286,0,1,1,0.951219512
0,0.863013699,0.009863915,0.2,0,0,0.193877551,0.75,0.333333333,0.666666667,0.357142857,0.8,1,1,0.951219512
0,0.068493151,0.146111094,0.6,0,0,0.367346939,0.5,1,0.666666667,0.071428571,0.8,0.5,0,0.951219512
0,0.219178082,0.045759633,0.6,0,0,0.193877551,0.5,1,0.333333333,0.857142857,0,1,1,0.951219512
0,0.287671233,0.22844366,0.533333333,0.045080451,0,0.551020408,0.75,0.733333333,0.333333333,0.857142857,0,1,1,0.951219512
1,0.465753425,0.126323053,0.8,0,0,0.397959184,0.75,0.6,0.333333333,0.285714286,1,1,0,0.951219512
1,0.342465753,0.116737872,0.533333333,0.07298073,0,0.397959184,0.5,0.733333333,0.333333333,0.5,1,1,0,0.951219512
0,0.424657534,0.105723168,0.533333333,0,0,0.551020408,0.5,0.733333333,0.333333333,1,0,1,1,0.951219512
0,0.123287671,0.171989324,0.533333333,0.050130501,0,0.37755102,0.5,0.733333333,0.333333333,0.857142857,0,1,1,0.951219512
0,0.02739726,0.101351383,0.533333333,0,0,0.397959184,0.5,0.733333333,0.666666667,0.5,0.6,1,1,0.951219512
1,0.369863014,0.104673858,0.8,0.076880769,0,0.602040816,0.5,0.6,0.333333333,0.285714286,0,1,1,0.951219512
0,0.260273973,0.180858729,0.8,0,0,0.397959184,0.5,0.6,0,0.857142857,0.6,1,0,0.951219512
0,0.260273973,0.077816002,0.533333333,0,0,0.469387755,0.5,0.733333333,0.666666667,0.071428571,0.2,1,0,0.951219512
0,0.109589041,0.032841152,0.6,0,0,0.5,0.75,1,0.666666667,0.357142857,0.6,1,0,0.951219512
0,0.260273973,0.025262581,0.533333333,0,0,0.397959184,0.5,0.733333333,0.333333333,0.285714286,0,1,1,0.951219512
0,0,0.133524793,0.333333333,0,0,0.142857143,0.5,0,0.666666667,0.571428571,0.6,1,1,0.951219512
0,0.164383562,0.192248235,0.2,0,0,0.397959184,0.5,0.333333333,0.666666667,0.214285714,0.2,1,1,0.951219512
0,0.136986301,0.09498449,0.533333333,0.039080391,0,0.346938776,0.5,0.733333333,0.333333333,1,0,1,1,0.951219512
0,0.328767123,0.014870967,0.333333333,0,0,0.5,0.625,0,0.333333333,0.285714286,0,1,1,0.951219512
0,0.643835616,0.064791305,0.533333333,0,0,0.214285714,0.5,0.733333333,1,1,0.2,1,1,0.951219512
0,0.178082192,0.097830683,0.533333333,0,0,0.448979592,0.5,0.733333333,0.333333333,0.5,0,1,1,0.951219512
1,0.232876712,0.100238479,0.533333333,0,0,0.43877551,0.5,0.733333333,0.333333333,0.5,0,1,1,0.951219512
0,0.04109589,0.260085988,0.6,0,0,0.397959184,0.5,1,0.666666667,0.857142857,0.2,1,0,0.951219512
0,0.178082192,0.507074889,0.4,0,0,0.397959184,0.5,0.066666667,0.333333333,0.285714286,0,1,1,0.951219512
1,0.068493151,0.10316518,0.133333333,0,0,0.397959184,0.25,0.266666667,0.666666667,0.428571429,0.4,1,1,0.317073171
1,0.219178082,0.107220345,1,1,0,0.602040816,0.5,0.666666667,0,0.857142857,0.2,1,1,0.951219512
0,0.684931507,0.079519523,0.2,0,0,0.051020408,0,0.333333333,1,0,0.2,1,0,0.951219512
1,0.328767123,0.11929383,0.6,0,0,0.397959184,0.5,1,0.333333333,0.214285714,0,1,1,0.951219512
0,0.164383562,0.120435825,0.8,0.024630246,0,0.142857143,0.5,0.6,0,0.714285714,0.2,1,1,0.951219512
0,0.534246575,0.171709238,0.8,0.029070291,0,0.520408163,0.5,0.6,0.666666667,0.714285714,0.2,1,0,0.12195122
1,0.273972603,0.117767562,0.533333333,0.076880769,0,0.602040816,0.625,0.733333333,0.333333333,0.857142857,0,1,1,0.951219512
0,0.356164384,0.153490087,0.6,0,0,0.397959184,0.5,1,0.333333333,0.857142857,0,0,1,0.951219512
0,0.301369863,0.094013659,0.6,0,0,0.346938776,0.5,1,0,0.857142857,0.4,1,0,0.951219512
0,0.383561644,0.069617046,0.666666667,0,0,0.397959184,0.5,0.533333333,0,0.5,0.6,1,0,0.951219512
0,0.04109589,0.211896909,0.533333333,0,0,0.397959184,0.25,0.733333333,0.666666667,0.428571429,0.6,0.5,1,0.951219512
0,0.465753425,0.075122707,0.933333333,0,0,0.397959184,0.25,0.933333333,1,0.714285714,0.2,1,0,0.951219512
0,0.219178082,0.090760868,0.6,0,0.399449036,0.397959184,0.5,1,0.333333333,0.214285714,0,1,1,0.951219512
0,0.575342466,0.078356555,0.533333333,0,0,0.346938776,0.75,0.733333333,0.333333333,0.357142857,0,1,1,0.951219512
0,0.397260274,0.177526106,0.733333333,0,0,0.397959184,0.25,0.466666667,0,0.785714286,0.2,1,1,0.951219512
0,0.246575342,0.15494126,0.533333333,0,0,0.448979592,0.5,0.733333333,0.333333333,0.071428571,0,1,1,0.951219512
0,0.054794521,0.095548046,0.6,0,0,0.397959184,0.625,1,0.666666667,0.214285714,0.6,1,1,0.951219512
0,0.287671233,0.120492654,0.533333333,0,0,0.5,0.75,0.733333333,0.333333333,0.214285714,0,1,1,0.951219512
1,0.273972603,0.050243723,0.8,0,0,0.448979592,0.5,0.6,0.333333333,0.285714286,0,1,1,0.951219512
1,0.506849315,0.140037142,0.8,0,0,0.397959184,0.25,0.6,0.333333333,0.285714286,0,0.25,1,0.731707317
1,0.698630137,0.078604845,1,0,0,0.551020408,0.5,0.666666667,0.333333333,0.714285714,0,1,1,0.951219512
1,0.547945205,0.106978144,0.8,0,0,0.397959184,0.5,0.6,0.333333333,0.785714286,0,1,1,0.951219512
1,0.452054795,0.02209368,0.533333333,0,0.424242424,0.479591837,0.5,0.733333333,0.333333333,0.5,0,1,1,0.951219512
0,0.246575342,0.139819973,0.8,0,0,0.397959184,0.5,0.6,0.333333333,0.857142857,0,1,1,0.951219512
0,0.150684932,0.263579627,0.533333333,0,0,0.193877551,0.25,0.733333333,0.666666667,0.071428571,0.4,1,1,0.951219512
0,0.136986301,0.168518688,0.8,0,0,0.397959184,0.5,0.6,0.666666667,0.071428571,0.6,0.5,0,0.951219512
0,0.109589041,0.158810377,0.8,0.033250333,0,0.479591837,0.5,0.6,0.666666667,0.857142857,0.2,1,1,0.951219512
0,0.657534247,0.067404092,0.533333333,0,0,0.397959184,0,0.733333333,0.333333333,0,0,1,1,0.951219512
1,0.219178082,0.128380403,0.8,0,0,0.448979592,0.5,0.6,0.333333333,0.285714286,0,1,1,0.951219512
1,0.150684932,0.092588195,0.6,0,0,0.448979592,0.75,1,0.333333333,0.214285714,0,1,1,0.951219512
1,0.438356164,0.106576958,0.533333333,0,0,0.397959184,0.5,0.733333333,0.333333333,0.571428571,1,0.5,0,0.951219512
0,0.493150685,0.093660507,0.6,0,0,0.397959184,0.5,1,0,0.071428571,0.2,1,0,0.951219512
0,0.123287671,0.196068641,0.533333333,0.034640346,0,0.479591837,0.5,0.733333333,0.333333333,0.5,0,1,1,0.951219512
1,0.260273973,0.076887116,0.933333333,0,0,0.551020408,0.75,0.933333333,0.666666667,0.714285714,0.2,1,1,0.951219512
0,0.109589041,0.148400497,0.533333333,0,0,0.397959184,0.5,0.733333333,0.666666667,0.071428571,0.6,1,0,0.951219512
1,0.356164384,0.118144393,0.866666667,0,0,0.602040816,0.125,0.8,0,0.785714286,0.2,1,1,0.951219512
0,0.342465753,0.062706894,0.533333333,0,0,0.397959184,0.5,0.733333333,0.333333333,0.214285714,0,1,1,0.951219512
0,0.287671233,0.107282586,0.6,0,0,0.397959184,0.5,1,0.666666667,0.071428571,0.6,1,0,0.951219512
0,0.479452055,0.099253441,0.533333333,0,0,0.37755102,0.5,0.733333333,0,0.571428571,0.4,0.5,0,0.951219512
0,0.095890411,0.076087449,0.533333333,0,0,0.346938776,0.5,0.733333333,0.666666667,0.071428571,0.6,1,0,0.951219512
0,0.150684932,0.089152738,0.533333333,0,0,0.397959184,0.5,0.733333333,0.333333333,0.285714286,0,1,1,0.951219512
0,0.657534247,0.143474628,0.533333333,0,0,0.397959184,0.625,0.733333333,0.333333333,0.857142857,0,1,1,0.951219512
0,0.150684932,0.17011058,0.8,0,0,0.397959184,0.5,0.6,0.333333333,0.214285714,0,1,1,0.951219512
0,0.273972603,0.165312577,0.533333333,0,0,0.397959184,0.5,0.733333333,0.333333333,1,0,1,1,0.951219512
1,0.465753425,0.152123482,0.866666667,0,0,0.397959184,0.875,0.8,0.333333333,0.285714286,0,1,1,0.951219512
1,0.506849315,0.076251171,0.533333333,0,0,0.397959184,0,0.733333333,0.333333333,0,0,1,1,0.951219512
1,0.273972603,0.259483193,0.8,0,0,0.806122449,0.625,0.6,0.333333333,0.285714286,0,1,1,0.951219512
0,0.191780822,0.02179668,0.6,0,0,0.397959184,0.75,1,0.333333333,0.214285714,0,1,1,0.951219512
1,0.465753425,0.051803141,0.866666667,0,0.554407713,0.397959184,0.5,0.8,0.333333333,0.285714286,0,1,1,0.951219512
0,0.01369863,0.07538588,0.4,0,0,0.397959184,0.5,0.066666667,0.666666667,0.428571429,0.2,0.5,1,0.951219512
1,0.109589041,0.0667695,0.733333333,0,0,0.367346939,0.5,0.466666667,0.333333333,0.071428571,1,0.25,0,0.463414634
0,0.328767123,0.291738464,0.533333333,0,0,0.5,0.75,0.733333333,0.333333333,0.285714286,0,1,1,0.951219512
0,0.04109589,0.106038434,0.6,0,0,0.357142857,0.5,1,0.666666667,0.285714286,0.2,1,0,0.951219512
0,0.109589041,0.036972766,0.8,0,0,0.397959184,0.5,0.6,0.666666667,0.285714286,0.6,1,1,0.951219512
0,0.178082192,0.174744184,0.533333333,0,0,0.397959184,0.5,0.733333333,0.833333333,0.071428571,0.8,1,0,0.951219512
1,0.452054795,0.07502055,1,0,0,0.367346939,0.5,0.666666667,0.333333333,0.714285714,0,0.5,1,0
1,0.493150685,0.039308173,0.866666667,0.043860439,0,0.397959184,0.5,0.8,0.333333333,0.714285714,0,0.25,1,0.463414634
0,0.232876712,0.215149701,0.2,0,0,0.397959184,0,0.333333333,0.833333333,0,0.8,0.5,0,0.951219512
0,0.219178082,0.125785883,0.533333333,0,0,0.397959184,0.5,0.733333333,0.333333333,0.285714286,0,1,1,0.951219512
1,0.397260274,0.128728144,0.6,0,0,0.397959184,0.5,1,0.333333333,0.071428571,1,1,0,0.951219512
0,0.301369863,0.066970432,0.533333333,0,0,0.397959184,0.5,0.733333333,0.333333333,0.214285714,0,1,1,0.951219512
0,0.178082192,0.024514331,0.533333333,0,0,0.428571429,0.5,0.733333333,0,1,0.2,1,1,0.951219512
0,0.575342466,0.141430809,0.333333333,0,0,0.397959184,0.5,0,1,0.571428571,0.4,0.25,0,0.731707317
0,0.273972603,0.142184471,0.133333333,0,0,0.397959184,0.5,0.266666667,0.333333333,0.5,0,1,1,0.634146341
1,0.643835616,0.049016484,0.533333333,0,0,0.346938776,0.25,0.733333333,0.333333333,0.571428571,0,0.25,1,0.951219512
0,0.438356164,0.118409596,0.6,0,0,0.346938776,0.5,1,0.333333333,0.571428571,0.4,1,1,0.951219512
0,0.273972603,0.078203658,0.6,0,0,0.397959184,0.125,1,0.666666667,0.285714286,0.6,0.5,0,0.951219512
0,0.369863014,0.087169131,0.466666667,0,0,0.397959184,0.5,0.133333333,0,0.5,0.8,0.25,0,0.853658537
1,0.534246575,0.153098372,0.6,0,0,0.408163265,0.25,1,0.333333333,0.214285714,0,1,1,0.951219512
0,0.164383562,0.229372545,0.6,0,0,0.397959184,0.5,1,0.666666667,0.857142857,0.8,1,0,0.951219512
0,0.561643836,0.079493815,0.333333333,0,0,0.397959184,0.125,0,0.333333333,0.214285714,0,1,1,0.951219512
0,0.328767123,0.125029514,0.6,0,0,0.193877551,0.5,1,0.666666667,0.571428571,0.2,0.5,1,0.951219512
1,0.493150685,0.120746356,0.533333333,0,0,0.448979592,0.625,0.733333333,0.333333333,0.285714286,0,1,1,0.951219512
0,0.232876712,0.098504514,0.733333333,0,0,0.397959184,0.5,0.466666667,0.833333333,0.571428571,0.8,1,0,0.951219512
0,0.150684932,0.065431986,0.8,0,0,0.602040816,0.625,0.6,0.666666667,0.285714286,0.6,1,1,0.951219512
1,0.356164384,0.11688671,0.533333333,0,0,0.295918367,0.5,0.733333333,0,0.285714286,0.2,1,0,0.951219512
0,0.123287671,0.147030508,0.533333333,0,0,0.397959184,0.5,0.733333333,0,0.5,0.2,1,0,0.951219512
0,0.356164384,0.017354536,0.866666667,0,0,0.5,0.5,0.8,0,0.285714286,0.8,1,1,0.951219512
1,0.246575342,0.106832012,0.6,0,0,0.397959184,0.5,1,0.333333333,0.928571429,0,1,1,0.951219512
0,0.273972603,0.127099718,0.533333333,0,0,0.397959184,0.5,0.733333333,0.333333333,0.214285714,0,1,1,0.951219512
0,0.068493151,0.22263694,0.6,0,0,0.5,0.5,1,0.666666667,0.571428571,0.2,1,1,0.951219512
0,0.054794521,0.113594003,0.666666667,0,0,0.459183673,0.5,0.533333333,0.333333333,0.357142857,0,1,1,0.951219512
0,0.01369863,0.146085386,0.533333333,0,0,0.193877551,0.5,0.733333333,0.666666667,0.428571429,0.6,1,1,0.951219512
0,0.178082192,0.129148273,0.666666667,0,0,0.357142857,0.5,0.533333333,0.666666667,0.285714286,0.6,1,1,0.951219512
0,0.082191781,0.127454224,0.333333333,0,0,0.397959184,0.5,0,0.666666667,0.5,0.2,1,0,0.951219512
0,0.739726027,0.098520075,0.6,0.029640296,0,0.602040816,0.5,1,0.666666667,0.571428571,0.2,1,0,0.951219512
0,0,0.103561631,0.333333333,0,0,0.397959184,0,0,0.666666667,0,0.6,1,1,0.951219512
1,0.369863014,0.013762123,0.866666667,0,0.433195592,0.602040816,0.25,0.8,0.333333333,0.285714286,0,1,1,0.951219512
1,0.205479452,0.046451054,0.533333333,0,0,0.397959184,0.5,0.733333333,0.333333333,0.5,0,1,1,0.658536585
1,0.356164384,0.124658771,0.8,0,0.436639118,0.397959184,0.5,0.6,0.333333333,0.5,0,1,1,0.951219512
0,0.04109589,0.14327302,0.533333333,0,0,0.397959184,0.5,0.733333333,0.666666667,0.571428571,0.2,1,1,0.951219512
0,0.109589041,0.102971014,0.8,0,0,0.397959184,0.5,0.6,0.666666667,0.928571429,0.2,1,1,0.951219512
0,0.246575342,0.062271204,0.533333333,0,0,0.397959184,0.5,0.733333333,0,0.5,0.2,1,0,0.951219512
1,0.273972603,0.262497844,0.866666667,0,0.433195592,0.142857143,0.75,0.8,0.333333333,0.714285714,1,1,0,0.951219512
0,0.068493151,0.06312567,0.733333333,0,0,0.448979592,0.5,0.466666667,0.666666667,1,0.2,1,1,0.951219512
0,0.246575342,0.217849085,0.8,0,0,0.448979592,0.5,0.6,0.333333333,0.285714286,0,1,1,0.951219512
0,0.04109589,0.113500641,0.6,0,0,0.214285714,0.5,1,0.666666667,0.571428571,0.6,1,1,0.951219512
0,0.068493151,0.123734621,0.6,0,0,0.234693878,0.5,1,0.666666667,0.857142857,0.6,1,1,0.951219512
1,0.356164384,0.056853492,0.533333333,0,0,0.397959184,0,0.733333333,0.333333333,0,0,1,1,0.951219512
0,0.520547945,0.052773296,0.533333333,0,0,0.397959184,0,0.733333333,0,0,0.2,1,1,0.951219512
0,0.082191781,0.058935874,0.6,0,0,0.244897959,0,1,0.666666667,0,0.8,0,0,0.951219512
0,0.520547945,0.107372566,0.533333333,0,0,0.397959184,0,0.733333333,0.666666667,0,0.2,1,0,0.951219512
0,0.383561644,0.071219763,0.6,0,0,0.316326531,0.5,1,0,0.071428571,0.8,0.5,0,0.951219512
0,0.260273973,0.18180994,0.533333333,0,0,0.448979592,0.5,0.733333333,0.666666667,1,0.2,1,1,0.951219512
0,0.246575342,0.059771398,0.6,0,0,0.397959184,0.5,1,0,0.071428571,0.8,1,0,0.951219512
0,0.424657534,0.045572232,0.4,0,0,0.5,0.5,0.066666667,0.333333333,0.357142857,0,1,1,0.951219512
0,0.547945205,0.23958623,0.533333333,0,0,0.397959184,0.5,0.733333333,0.333333333,0.857142857,0,1,1,0.634146341
0,0.164383562,0.01290495,0.6,0,0,0.397959184,0.5,1,0.666666667,0.357142857,0.6,1,1,0.951219512
0,0.383561644,0.085701721,0.6,0,0,0.724489796,0.75,1,0.333333333,0.285714286,0,0.25,1,0
1,0.246575342,0.154819483,0.866666667,0,0,0.397959184,0.5,0.8,0.333333333,0.857142857,0,1,1,0.951219512
0,0.561643836,0.087863935,0.533333333,0,0,0.112244898,0,0.733333333,1,0,0.2,1,0,0.951219512
0,0.301369863,0.076042798,0.733333333,0,0,0.5,0.25,0.466666667,0.333333333,0.071428571,0,0.25,1,0.951219512
0,0.178082192,0.095570372,0.8,0,0,0.479591837,0.5,0.6,0.666666667,0.5,0.2,1,1,0.951219512
0,0.095890411,0.101042882,0.533333333,0,0,0.397959184,0.5,0.733333333,0.333333333,0.5,0.2,1,0,0.170731707
0,0.054794521,0.094785588,0.6,0,0,0.295918367,0.5,1,0.666666667,0.571428571,0.2,0.5,0,0.951219512
0,0.191780822,0.187702581,0.6,0,0,0.397959184,0.5,1,0.333333333,0.214285714,0,1,1,0.951219512
1,0.287671233,0.061334876,0.8,0,0,0.520408163,0.5,0.6,0.333333333,0.857142857,0,1,1,0.951219512
0,0.547945205,0.04349188,0.333333333,0,0,0.397959184,0,0,0.333333333,0,0,1,1,0.951219512
1,0.452054795,0.081476069,0.6,0,0,0.5,0.625,1,0.333333333,0.285714286,0,1,1,0.268292683
0,0.493150685,0.143003082,0.533333333,0.068490685,0,0.397959184,0.5,0.733333333,1,0.5,0.2,1,1,0.951219512
1,0.465753425,0.168405029,0.533333333,0,0,0.397959184,0.5,0.733333333,0.333333333,0.571428571,0,1,1,0.12195122
0,0.109589041,0.06602125,0.533333333,0,0,0.448979592,0.5,0.733333333,0.333333333,0.5,0,1,1,0.951219512
0,0.109589041,0.198351955,0.733333333,0,0,0.479591837,0.5,0.466666667,0.666666667,0.5,0.6,0.5,1,0.951219512
1,0.219178082,0.132986946,0.933333333,0,0,0.602040816,0.5,0.933333333,0.333333333,0.714285714,0,1,1,0.951219512
1,0.356164384,0.202453124,0.6,0,0,0.43877551,0.5,1,0.333333333,0.214285714,0,1,1,0.951219512
0,0.397260274,0.252016927,0.8,0,0,0.316326531,0.5,0.6,0,0.714285714,0.8,0.5,0,0.951219512
1,0.205479452,0.206597592,0.533333333,0.076880769,0,0.397959184,0.625,0.733333333,0.333333333,0.214285714,0,1,1,0.951219512
1,0.534246575,0.066010425,0.8,0.150241502,0,0.5,0.625,0.6,0.333333333,0.285714286,0,1,1,0.951219512
0,0.287671233,0.06133014,0.8,0,0,0.397959184,0.5,0.6,0.333333333,0.214285714,0,1,1,0.951219512
0,0.232876712,0.041471739,0.866666667,0,0,0.397959184,0.5,0.8,0.333333333,0.714285714,0,1,1,0
0,0.315068493,0.118144393,0.8,0,0,0.397959184,0.5,0.6,0.333333333,0.714285714,0,1,1,0.951219512
1,0.575342466,0.200822669,0.533333333,0,0,0.397959184,0.75,0.733333333,0.333333333,1,0,1,1,0.951219512
0,0.219178082,0.133153374,0.533333333,0,0,0.397959184,0.5,0.733333333,0.666666667,0.071428571,0.2,1,1,0.951219512
0,0.054794521,0.095987119,0.533333333,0,0,0.346938776,0.5,0.733333333,0.666666667,0.428571429,0.6,1,0,0.951219512
0,0.342465753,0.124829259,0.533333333,0,0,0.37755102,0.5,0.733333333,0.666666667,1,0.8,0.5,0,0.951219512
1,0.260273973,0.392828028,0.533333333,0,0,0.5,0.5,0.733333333,0.333333333,1,0,0.5,1,0.951219512
0,0.082191781,0.165393085,0.8,0,0,0.397959184,0.5,0.6,0.666666667,0.428571429,0.4,1,0,0.12195122
0,0.01369863,0.134202684,0.533333333,0,0,0.142857143,0,0.733333333,0.666666667,0,0.6,1,1,0.951219512
0,0.191780822,0.155332975,0.533333333,0,0,0.448979592,0.5,0.733333333,0.666666667,0.357142857,0.8,1,1,0.951219512
0,0.698630137,0.087007439,0.866666667,0,0,0.142857143,0.75,0.8,0.333333333,1,0,1,1,0.951219512
1,0.506849315,0.112470951,0.8,0,0,0.602040816,0.5,0.6,0.333333333,0.285714286,0,1,1,0.951219512
1,0.452054795,0.078825396,0.8,0,0,0.397959184,0.5,0.6,0.333333333,0.928571429,0,1,1,0.951219512
0,0.136986301,0.013173535,0.666666667,0,0,0.37755102,0.5,0.533333333,0.666666667,0.214285714,0.6,1,1,0.951219512
0,0.109589041,0.160139773,0.4,0,0,0.397959184,0.5,0.066666667,0.333333333,0.5,0.4,1,1,0.634146341
0,0.123287671,0.123684558,0.533333333,0,0,0.397959184,0.5,0.733333333,0.666666667,0.857142857,0.2,0.75,1,0.951219512
1,0.273972603,0.181309979,0.666666667,0,0,0.234693878,0.5,0.533333333,0.333333333,0.928571429,1,1,0,0.951219512
0,0.136986301,0.1050331,0.533333333,0,0,0.397959184,0.5,0.733333333,0.333333333,0.428571429,0,1,1,0.951219512
0,0.342465753,0.232352016,0.666666667,0,0,0.43877551,0.5,0.533333333,0.666666667,0.214285714,0.2,1,1,0.951219512
0,0.068493151,0.041255924,0.6,0,0,0.397959184,0.5,1,0.666666667,1,0.6,0.25,1,0.951219512
1,0.410958904,0.061217158,1,0,0,0.397959184,0.125,0.666666667,0.333333333,0.714285714,0,1,1,0.951219512
0,0.164383562,0.018806385,1,0,0,0.397959184,0.5,0.666666667,0.666666667,0.714285714,0.2,1,1,0.048780488
0,0.109589041,0.224961522,0.133333333,0,0,0.397959184,0.5,0.266666667,0.5,0.428571429,0.4,1,1,0.634146341
0,0.232876712,0.151566691,0.533333333,0,0,0.397959184,0.5,0.733333333,0.666666667,0.5,0.8,1,1,0.951219512
0,0.205479452,0.140627082,0.533333333,0,0,0.397959184,0.75,0.733333333,0.333333333,0.285714286,0,1,1,0.951219512
0,0.301369863,0.074465113,0.8,0,0,0.397959184,0.75,0.6,0.333333333,0.285714286,0,1,1,0.951219512
0,0.753424658,0.156607571,0.933333333,0,0.32805326,0.193877551,0.75,0.933333333,0.666666667,0.714285714,0.2,1,1,0.951219512
0,0.575342466,0.268962158,0.866666667,0,0,0.193877551,0,0.8,0.333333333,0,0,1,1,0.951219512
0,0,0.192786759,0.4,0,0,0.081632653,0.5,0.066666667,0.666666667,0.642857143,0.6,1,0,0.951219512
1,0.273972603,0.128367549,0.866666667,0.076880769,0,0.5,0.5,0.8,0.333333333,0.071428571,0,1,1,0.951219512
1,0.410958904,0.01485879,0.666666667,0,0,0.397959184,0.5,0.533333333,0.333333333,0.857142857,0,1,1,0.951219512
0,0.479452055,0.178761463,0.8,0,0,0.397959184,0.5,0.6,0.333333333,0.571428571,0,1,1,0.12195122
1,0.493150685,0.056277083,0.8,0,0.436639118,0.397959184,0.5,0.6,0.333333333,0.071428571,0,1,1,0.951219512
0,0.520547945,0.081089766,0.266666667,0,0,0.448979592,0.5,0.4,0.333333333,0.857142857,0,1,1,0.951219512
0,0.356164384,0.115906408,0.533333333,0,0,0.397959184,0.125,0.733333333,0,0.071428571,0.2,0.5,0,0.951219512
0,0.164383562,0.0879255,0.8,0,0,0.397959184,0.5,0.6,0.666666667,0.857142857,0.6,1,1,0.951219512
0,0.643835616,0.112431712,0.266666667,0,0,0.448979592,0.75,0.4,0.833333333,1,0.2,1,1,0.951219512
0,0.506849315,0.086646844,0.2,0,0.895316804,0.397959184,0.5,0.333333333,0,0.5,0.8,1,0,0.951219512
0,0.123287671,0.140970763,0.533333333,0,0,0.397959184,0.5,0.733333333,0.666666667,0.071428571,0.6,0.5,1,0.951219512
0,0.109589041,0.111773441,0.8,0,0.365013774,0.346938776,0.5,0.6,0.666666667,0.214285714,0.6,1,1,0.951219512
0,0,0.058130795,0.4,0,0,0.091836735,0.5,0.066666667,0.666666667,0.857142857,0.6,1,0,0.951219512
0,0.465753425,0.050686178,0.733333333,0,0,0.37755102,0.875,0.466666667,0,0.285714286,0.8,1,0,0.951219512
0,0.205479452,0.067289081,0.6,0,0,0.397959184,0.625,1,0.333333333,0.214285714,0,1,1,0.951219512
0,0.520547945,0.218515474,0.6,0,0,0.397959184,0.5,1,0.666666667,0.071428571,0.6,1,0,0.951219512
0,0.397260274,0.088800262,0.4,0,0,0.193877551,0.5,0.066666667,1,0.5,0.4,1,1,0.951219512
0,0.02739726,0.174726594,0.533333333,0,0,0.193877551,0.5,0.733333333,0.666666667,0.571428571,0.6,1,1,0.951219512
1,0.465753425,0.194053913,0.8,0,0,0.5,0.75,0.6,0.333333333,0.857142857,0,1,1,0.951219512
0,0.794520548,0.103215244,0.266666667,0.014090141,0,0.040816327,0,0.4,0.333333333,0,0,0.5,1,0.951219512
1,0.109589041,0.129615084,0.666666667,0,0.433195592,0.397959184,0.5,0.533333333,0.333333333,0.714285714,1,1,0,0.951219512
1,0.273972603,0.137562368,0.8,0,0,0.397959184,0.5,0.6,0.333333333,0.285714286,0,1,1,0.951219512
0,0.178082192,0.114813123,0.6,0,0,0.346938776,0.5,1,0.666666667,0.857142857,0.2,0.5,0,0.951219512
0,0.383561644,0.078108266,0.6,0,0,0.397959184,0.5,1,0.333333333,0.571428571,0,1,1,0.951219512
0,0.205479452,0.129955382,0.533333333,0,0,0.397959184,0.5,0.733333333,0,0.428571429,0.2,1,1,0.951219512
0,0.602739726,0.126450242,0.733333333,0,0,0.397959184,0.5,0.466666667,0,0.714285714,0.6,1,1,0.951219512
0,0.205479452,0.059102979,0.533333333,0,0,0.5,0.5,0.733333333,0.333333333,1,0,1,1,0.951219512
0,0.150684932,0.128499474,0.8,0,0,0.397959184,0.5,0.6,0.666666667,0.857142857,0.2,1,1,0.951219512
0,0.123287671,0.163421655,0.533333333,0,0,0.448979592,0.5,0.733333333,0.666666667,0.428571429,0.2,1,1,0.951219512
1,0.246575342,0.053949118,0.866666667,0,0,0.5,0.5,0.8,0.333333333,0.285714286,0,1,1,0.951219512
0,0.191780822,0.089752151,0.533333333,0,0,0.397959184,0.25,0.733333333,0,0.214285714,0.8,1,1,0.951219512
0,0.301369863,0.166304381,0.6,0,0,0.5,0.5,1,0.333333333,0.428571429,0,1,1,0.951219512
0,0.232876712,0.008575787,0.533333333,0,0,0.806122449,0.75,0.733333333,0.333333333,0.357142857,0,1,1,0.951219512
0,0.02739726,0.184679812,0.266666667,0,0,0.346938776,0.75,0.4,0.666666667,0.714285714,0.2,1,1,0.634146341
0,0.123287671,0.114545891,0.6,0,0,0.397959184,0.5,1,0.333333333,0.5,0,0.5,1,0.951219512
0,0.260273973,0.011974034,0.466666667,0,0,0.397959184,0.5,0.133333333,0.333333333,1,0,1,1,0.951219512
1,0.506849315,0.088989693,0.6,0,0,0.448979592,0.5,1,0.333333333,0.214285714,0,1,1,0.951219512
0,0.438356164,0.074270946,0.533333333,0,0,0.295918367,0.5,0.733333333,0.333333333,0.285714286,0,1,1,0.43902439
0,0.397260274,0.204642399,0.6,0,0,0.479591837,0.875,1,0,0.071428571,0.8,1,0,0.951219512
0,0.095890411,0.126546987,0.533333333,0,0,0.448979592,0.5,0.733333333,0.666666667,0.214285714,0.8,1,1,0.951219512
0,0.643835616,0.087869347,0.8,0,0,0.448979592,0.625,0.6,0,0.857142857,0.2,1,1,0.951219512
1,0.136986301,0.11524949,0.933333333,0,0,0.448979592,0.125,0.933333333,0.333333333,0.714285714,0,1,1,0
0,0.315068493,0.114913251,0.533333333,0,0,0.397959184,0.5,0.733333333,0.833333333,1,0.8,0.5,1,0.951219512
1,0.232876712,0.129301847,0.8,0.076880769,0,0.5,0.5,0.6,0.333333333,0.714285714,0,1,1,0.951219512
0,0,0.099057922,0.333333333,0,0,0.193877551,0.5,0,0.666666667,0.857142857,0.6,1,1,0.951219512
0,0.136986301,0.246168262,0.6,0,0,0.244897959,0.5,1,0.5,0.857142857,0.2,1,0,0.951219512
0,0.369863014,0.179576691,0.6,0,0,0.346938776,0.5,1,0.333333333,0.071428571,1,1,0,0.951219512
0,0.301369863,0.240153845,0.533333333,0,0,0.806122449,0.5,0.733333333,0,0.285714286,0.2,1,1,0.951219512
0,0.082191781,0.041044168,0.533333333,0,0,0.397959184,0,0.733333333,0.666666667,0,0.2,1,1,0.951219512
0,0.178082192,0.345582042,0.6,0,0,0.448979592,0.75,1,0.666666667,0.214285714,0.2,1,1,0.951219512
0,0.547945205,0.085654364,0.4,0,0,0.142857143,0.75,0.066666667,0.333333333,0.857142857,0,1,1,0.951219512
0,0.178082192,0.151872486,0.533333333,0,0,0.397959184,0.5,0.733333333,0.333333333,0.214285714,0,1,1,0.951219512
0,0.301369863,0.097756264,0.533333333,0,0,0.397959184,0.5,0.733333333,0.5,0.571428571,0.4,0.25,0,0
0,0.04109589,0.193886132,0.533333333,0,0,0.091836735,0.25,0.733333333,0.666666667,0.571428571,0.6,0.25,1,0.951219512
0,0.260273973,0.024225449,0.6,0,0,0.928571429,0.75,1,0.333333333,0.857142857,0,1,1,0.951219512
0,0.369863014,0.173027133,0.6,0,0,0.397959184,0.5,1,0,0.428571429,0.4,0.5,1,0.951219512
0,0.232876712,0.071201497,0.6,0,0,0.540816327,0.5,1,0.333333333,0.357142857,0,1,1,0.634146341
0,0.273972603,0.175039155,0.533333333,0,0,0.397959184,0.5,0.733333333,0,0.428571429,0.2,1,1,0.951219512
0,0.068493151,0.189868853,0.8,0,0,0.091836735,0.875,0.6,0.666666667,0.071428571,0.6,1,0,0.951219512
0,0.520547945,0.106210275,0.533333333,0,0,0.397959184,0.5,0.733333333,0,0.5,0.4,0.5,1,0.951219512
0,0.095890411,0.400680597,0.533333333,0,0,0.397959184,0.5,0.733333333,0.666666667,1,0.8,1,1,0.634146341
0,0.616438356,0.075017844,0.6,0,0,0.091836735,0.75,1,0.333333333,0.285714286,0,1,1,0.951219512
0,0.383561644,0.059322854,0.533333333,0,0,0.5,0.5,0.733333333,0.333333333,1,0,1,1,0.951219512
0,0.123287671,0.060874154,0.6,0,0,0.397959184,0.5,1,0.666666667,0.214285714,0.2,1,1,0.951219512
0,0.205479452,0.095251723,0.8,0,0,0.397959184,0.5,0.6,0.666666667,0.571428571,0.2,0.25,1,0.853658537
0,0.424657534,0.111965578,0.2,0,0,0.5,0.75,0.333333333,0.666666667,0.357142857,0.2,1,1,0.951219512
0,0.794520548,0.144987366,0.533333333,0,0,0.193877551,0,0.733333333,1,0,0.2,1,0,0.951219512
0,0.068493151,0.152289233,0.666666667,0,0,0.5,0.5,0.533333333,0.666666667,0.714285714,0.2,1,1,0.951219512
1,0.506849315,0.09423827,0.8,0,0,0.397959184,0.5,0.6,0.333333333,0.071428571,0,1,1,0.243902439
1,0.109589041,0.260025776,0.6,0,0,0.56122449,0.5,1,0.333333333,0.071428571,1,0.5,0,0.951219512
0,0.164383562,0.027979555,0.666666667,0,0,0.397959184,0.5,0.533333333,0.333333333,0.071428571,0,1,1,0.951219512
0,0.02739726,0.026152228,0.6,0,0,0.142857143,0.5,1,0.666666667,0.857142857,0.6,1,0,0.951219512
1,0.232876712,0.149813783,0.8,0,0,0.5,0.625,0.6,0.333333333,0.285714286,0,1,1,0.951219512
0,0.260273973,0.083716761,0.266666667,0,0,0.295918367,0.75,0.4,0.333333333,0.214285714,0,1,1,0.951219512
0,0.287671233,0.208729361,0.6,0,0,0.397959184,0,1,0.333333333,0,0,1,1,0.951219512
0,0.260273973,0.052386316,0.533333333,0,0,0.397959184,0.5,0.733333333,0.333333333,0.857142857,0,1,1,0.951219512
0,0.328767123,0.196412999,0.533333333,0,0,0.397959184,0.5,0.733333333,0,0.285714286,0.8,1,0,0.951219512
0,0.246575342,0.205569932,0.6,0.074430744,0,0.397959184,0.5,1,0,0.714285714,0.8,1,0,0.951219512
0,0.232876712,0.09632674,0.533333333,0,0,0.397959184,0.5,0.733333333,0.333333333,0.5,1,1,0,0.951219512
0,0,0.095565636,0.333333333,0,0,0.193877551,0.5,0,0.666666667,0.857142857,0.6,1,0,0.951219512
0,0.219178082,0.186800756,0.8,0,0,0.448979592,0.5,0.6,0,0.071428571,0.2,1,0,0.951219512
0,0.178082192,0.113983012,0.4,0,0,0.316326531,0.5,0.066666667,0,0.571428571,0.8,1,0,0.951219512
0,0.109589041,0.160139773,0.133333333,0,0,0.397959184,0.5,0.266666667,0.666666667,0.5,0.2,1,1,0.634146341
0,0.219178082,0.016905992,0.8,0,0,0.653061224,0.5,0.6,0.333333333,0.714285714,0,1,1,0.951219512
1,0.178082192,0.169997598,0.533333333,0,0,0.397959184,0.25,0.733333333,0.333333333,0.785714286,0,1,1,0.951219512
0,0.315068493,0.220858999,0.533333333,0,0,0.397959184,0.5,0.733333333,0.333333333,0.285714286,0,1,1,0.951219512
0,0.616438356,0.176690582,0.2,0,0,0.397959184,0.5,0.333333333,0.333333333,0.785714286,0,1,1,0.12195122
0,0.191780822,0.082759461,0.666666667,0,0,0.428571429,0.5,0.533333333,0.333333333,0.285714286,1,0.5,0,0.951219512
0,0.383561644,0.091966457,0.533333333,0,0,0.397959184,0.25,0.733333333,0.666666667,0.071428571,0.2,0.5,0,0.951219512
0,0.068493151,0.010551276,0.533333333,0,0,0.448979592,0.5,0.733333333,0.333333333,0.357142857,0,1,1,0.951219512
0,0.356164384,0.11819784,0.533333333,0,0,0.397959184,0.25,0.733333333,0,0.785714286,0.8,1,0,0.951219512
0,0.219178082,0.120249101,0.533333333,0,0,0.397959184,0.25,0.733333333,0,0.571428571,0.6,0.5,0,0.951219512
0,0.02739726,0.092081469,0.533333333,0,0,0.295918367,0.5,0.733333333,0.666666667,0.071428571,0.6,1,1,0.951219512
0,0.315068493,0.222525987,0.6,0.018310183,0,0.295918367,0.5,1,0,0.285714286,0.8,1,0,0.951219512
0,0.410958904,0.112343086,0.8,0.040640406,0,0.602040816,0.5,0.6,0.333333333,0.857142857,0,1,1,0.951219512
0,0.02739726,0.153025306,0.4,0,0,0.397959184,0.5,0.066666667,0.666666667,0.5,0.6,1,1,0.951219512
0,0.506849315,0.160211486,0.666666667,0,0,0.397959184,0.875,0.533333333,0.333333333,0.785714286,0,1,1,0.951219512
1,0.452054795,0.221647165,0.6,0,0,0.397959184,0.125,1,0.333333333,0.285714286,0,1,1,0.951219512
0,0.342465753,0.052537861,0.6,0,0,0.397959184,0.75,1,0.333333333,0.214285714,0,1,1,0.951219512
0,0.164383562,0.065143105,0.533333333,0,0,0.295918367,0.5,0.733333333,0,0.571428571,0.2,1,0,0.951219512
0,0.191780822,0.133766994,0.533333333,0,0,0.397959184,0.5,0.733333333,0.666666667,0.857142857,0.6,1,0,0.951219512
0,0.232876712,0.094596158,0.533333333,0,0,0.602040816,0.75,0.733333333,0.333333333,1,0,1,1,0.951219512
0,0.232876712,0.147111016,0.666666667,0,0,0.397959184,0.5,0.533333333,0.333333333,0.214285714,0,1,1,0.951219512
0,0.178082192,0.179419734,0.533333333,0,0,0.602040816,0.5,0.733333333,0.333333333,0.214285714,0,1,1,0.951219512
1,0.424657534,0.199683381,0.8,0,0,0.448979592,0.5,0.6,0.333333333,0.928571429,0,0.25,1,0.731707317
0,0.02739726,0.307264996,0.6,0,0,0.193877551,0.5,1,0.666666667,0.071428571,0.6,1,0,0.951219512
0,0.712328767,0.063804237,0.533333333,0.018480185,0,0.397959184,0.5,0.733333333,1,0.071428571,0.2,1,0,0.951219512
1,0.123287671,0.134244629,0.533333333,0,0,0.520408163,0.5,0.733333333,0.333333333,1,0,1,1,0.951219512
0,0.136986301,0.157146771,0.333333333,0,0,0.397959184,0.5,0,0.333333333,0.428571429,0,1,1,0.951219512
0,0.082191781,0.175359157,0.533333333,0,0,0.397959184,0.75,0.733333333,0.666666667,0.214285714,0.8,1,1,0.951219512
0,0.04109589,0.123363202,0.533333333,0,0,0.397959184,0.5,0.733333333,0.666666667,0.857142857,0.2,1,1,0.951219512
0,0.02739726,0.09995704,0.6,0,0,0.295918367,0.5,1,0.666666667,0.785714286,0.6,1,0,0.951219512
0,0.328767123,0.102158492,0.533333333,0,0,0.62244898,0.5,0.733333333,0.333333333,0.857142857,0,1,1,0.951219512
0,0.109589041,0.105005362,0.6,0,0,0.397959184,0.5,1,0.666666667,0.071428571,0.8,1,0,0.951219512
0,0,0.085851236,0.333333333,0,0,0.142857143,0.5,0,0.666666667,0.857142857,0.6,1,0,0.951219512
0,0.136986301,0.056274376,0.6,0,0,0.551020408,0.5,1,0.333333333,1,0,1,1,0.951219512
1,0.164383562,0.065279089,0.8,0,0,0.5,0.5,0.6,0.333333333,0.285714286,0,1,1,0.951219512
0,0.260273973,0.19947636,0.8,0,0,0.418367347,0.5,0.6,0.333333333,0.714285714,0,1,1,0.951219512
1,0.287671233,0.11877425,0.866666667,0,0,0.5,0.5,0.8,0.333333333,0.285714286,0,1,1,0.951219512
0,0.452054795,0.154471743,0.8,0,0,0.602040816,0.75,0.6,0,0.714285714,0.2,1,0,0.951219512
0,0.082191781,0.190296425,0.333333333,0,0,0.397959184,0.5,0,0.666666667,0.428571429,0.2,1,1,0.951219512
0,0.397260274,0.132277935,0.333333333,0,0,0.295918367,0.5,0,0.333333333,0.5,1,0.5,0,0.951219512
1,0.328767123,0.073060621,0.8,0,0,0.397959184,0.5,0.6,0.333333333,0.714285714,0,1,1,0.951219512
0,0.767123288,0.140539809,0.266666667,0,0,0.081632653,0.5,0.4,1,0.571428571,0.8,1,0,0.951219512
0,0.630136986,0.1085538,0.6,0,0,0.397959184,0.5,1,0.333333333,0.714285714,0,1,1,0.951219512
0,0.342465753,0.349723127,0.533333333,0,0,0.397959184,0.5,0.733333333,0.833333333,1,0.4,0.5,1,0.951219512
0,0.246575342,0.118237079,0.8,0,0,0.5,0.625,0.6,0.833333333,0.714285714,0.2,1,0,0.951219512
0,0.726027397,0.249109846,0.8,0,0,0.295918367,0.75,0.6,1,0.714285714,0.2,1,0,0.951219512
1,0.123287671,0.204661342,0.6,0,0,0.602040816,0.25,1,0.666666667,0.785714286,0.2,1,1,0.951219512
0,0.095890411,0.161907565,0.6,0,0,0.193877551,0.5,1,0.666666667,0.571428571,0.8,1,0,0.951219512
0,0.493150685,0.093832347,0.6,0.031370314,0,0.397959184,0.5,1,0.333333333,0.5,0,1,1,0.951219512
0,0.835616438,0.102059041,0.533333333,0,0,0.112244898,0.5,0.733333333,1,0.571428571,0.2,1,0,0.951219512
0,0.767123288,0.118427186,0.6,0,0,0.397959184,0.5,1,0.333333333,0.785714286,0,1,1,0.951219512
0,0.424657534,0.073970564,0.866666667,0,0.316804408,0.397959184,0.25,0.8,0.666666667,0.714285714,0.8,1,0,0.951219512
0,0,0.148265866,0.4,0,0,0.295918367,0.5,0.066666667,0.666666667,0.428571429,0.6,1,1,0.951219512
1,0.410958904,0.017951242,0.8,0,0,0.448979592,0.125,0.6,0.333333333,0.785714286,0,1,1,0.951219512
0,0.205479452,0.089153415,0.533333333,0,0,0.397959184,0.5,0.733333333,0.666666667,0.071428571,0.8,1,1,0.951219512
0,0.01369863,0.201167703,0.4,0,0,0.214285714,0.5,0.066666667,0.666666667,0.571428571,0.6,1,0,0.951219512
0,0.068493151,0.123973439,0.6,0,0,0.428571429,0.25,1,0.666666667,0.785714286,0.4,1,0,0.951219512
0,0.191780822,0.199639406,0.6,0,0,0.397959184,0.5,1,0.666666667,0.571428571,0.2,0,0,0.951219512
0,0.260273973,0.273632295,0.8,0,0,0.397959184,0.5,0.6,0.333333333,0.714285714,0,1,1,0.951219512
1,0.328767123,0.024096231,0.8,0,0,0.448979592,0.25,0.6,0.333333333,0.714285714,0,1,1,0.951219512
1,0.315068493,0.095219925,0.866666667,0.07298073,0,0.346938776,0.25,0.8,0.333333333,0.714285714,0,1,1,0.951219512
0,0.424657534,0.104928236,0.533333333,0,0,0.244897959,0,0.733333333,1,0,0.8,1,0,0.951219512
0,0.452054795,0.087481015,0.333333333,0,0,0.397959184,0.5,0,0,0.071428571,0.8,1,0,0.951219512
0,0.109589041,0.133278534,0.6,0,0,0.397959184,0.5,1,0.333333333,0.214285714,0,1,1,0.951219512
1,0.219178082,0.122426875,0.8,0,0,0.418367347,0.125,0.6,0.333333333,0.071428571,0,1,1,0.951219512
0,0.465753425,0.123684558,0.533333333,0,0,0.397959184,0.5,0.733333333,0,0.642857143,0.6,1,0,0.951219512
0,0.410958904,0.085282268,0.4,0,0,0.397959184,0.5,0.066666667,0.333333333,0.357142857,0,1,1,0.951219512
0,0.287671233,0.092776272,0.666666667,0,0,0.5,0.5,0.533333333,0.666666667,0.928571429,0.2,1,1,0.951219512
0,0.561643836,0.290195283,0.4,0,0,0.602040816,0.5,0.066666667,0.333333333,1,0,0.5,1,0.951219512
0,0.520547945,0.198820119,0.533333333,0,0,0.397959184,0.5,0.733333333,0.333333333,0.571428571,0,0.5,1,0.951219512
1,0.287671233,0.168428032,0.6,0,0,0.448979592,0.125,1,0.333333333,0.071428571,0,1,1,0.951219512
0,0.136986301,0.055344138,0.6,0,0,0.5,0.5,1,0.333333333,0.5,0,1,1,0.951219512
0,0.232876712,0.087160336,0.8,0,0,0.346938776,0.5,0.6,0.5,0.714285714,0.2,1,0,0.951219512
1,0.506849315,0.076230875,0.8,0,0,0.397959184,0.625,0.6,0.333333333,0.285714286,0,1,1,0.951219512
1,0.438356164,0.097855038,0.666666667,0,0,0.448979592,0.5,0.533333333,0,0.285714286,0.2,1,1,0.951219512
0,0.287671233,0.061648113,0.866666667,0,0,0.397959184,0.5,0.8,0.333333333,0.285714286,0,0.5,1,0
0,0.547945205,0.083559804,0.333333333,0,0,0.479591837,0.5,0,0.333333333,0.5,0,0.5,1,0.951219512
0,0.178082192,0.16719944,0.666666667,0,0,0.397959184,0.5,0.533333333,0.666666667,0.785714286,0.2,1,1,0.951219512
0,0.342465753,0.075454887,0.533333333,0,0,0.397959184,0.5,0.733333333,0,0.5,0.2,0.5,0,0.951219512
0,0.136986301,0.10194606,0.666666667,0,0,0.56122449,0.25,0.533333333,0.666666667,0.785714286,0.2,1,1,0.951219512
1,0.520547945,0.152834522,0.533333333,0,0.433195592,0.397959184,0.125,0.733333333,0.333333333,0.928571429,0,1,1,0.951219512
1,0.232876712,0.11066189,0.8,0.03103031,0,0.551020408,0.5,0.6,0.333333333,0.285714286,0,1,1,0.951219512
0,0.808219178,0.129778806,0.533333333,0.07896079,0,0.173469388,0.5,0.733333333,1,0.785714286,0.2,1,0,0.951219512
0,0.04109589,0.051309269,0.6,0,0,0.081632653,0.5,1,0.666666667,0.071428571,0.6,1,1,0.219512195
1,0.205479452,0.148146795,0.6,0,0,0.602040816,0.5,1,0.333333333,1,0,1,1,0.951219512
1,0.547945205,0.126364999,0.2,0,0,0.908163265,0.625,0.333333333,0.333333333,0.285714286,0,1,1,0.292682927
0,0.273972603,0.07120082,0.533333333,0,0,0.397959184,0.5,0.733333333,0,0.071428571,0.2,1,0,0.951219512
0,0.616438356,0.229935425,0.533333333,0,0,0.397959184,0,0.733333333,0.333333333,0,0,1,1,0.951219512
1,0.479452055,0.08194085,0.533333333,0,0,0.397959184,0.25,0.733333333,0.333333333,1,0,1,1,0.951219512
0,0.082191781,0.147174611,0.533333333,0,0,0.397959184,0.5,0.733333333,0.666666667,0.5,0.6,1,1,0.951219512
1,0.410958904,0.261391705,0.533333333,0,0,0.5,0.5,0.733333333,0.333333333,0.857142857,0,1,1,0.951219512
0,0.780821918,0.060418168,0.933333333,0,0,0.193877551,0.5,0.933333333,1,0.071428571,0.2,0.5,0,0.951219512
1,0.410958904,0.059895881,0.533333333,0,0,0.397959184,0.875,0.733333333,0.333333333,0.071428571,1,1,0,0.951219512
0,0.246575342,0.090262936,0.533333333,0.039420394,0,0.346938776,0.5,0.733333333,0.333333333,0.714285714,1,1,0,0.951219512
0,0.109589041,0.15752225,0.533333333,0,0,0.397959184,0.5,0.733333333,0.333333333,0.571428571,1,0.5,0,0.951219512
0,0.178082192,0.059512961,0.533333333,0,0,0.602040816,0.75,0.733333333,0.333333333,0.5,0.6,0.25,1,0.853658537
1,0.178082192,0.111641516,0.533333333,0,0,0.397959184,0.5,0.733333333,0.333333333,0.928571429,0,1,1,0.951219512
0,0.342465753,0.058030667,0.666666667,0,0,0.5,0.75,0.533333333,0.333333333,0.285714286,0,1,1,0.951219512
0,0.260273973,0.071101369,0.533333333,0,0,0.397959184,0.5,0.733333333,0.333333333,0.5,0,1,1,0.951219512
0,0.794520548,0.142413818,0.533333333,0,0,0.081632653,0,0.733333333,1,0,0.2,1,0,0.951219512
0,0.04109589,0.107645887,0.333333333,0,0,0.397959184,0.5,0,0.666666667,0.857142857,0.2,0.75,1,0.951219512
1,0.342465753,0.11413185,0.333333333,1,0,0.397959184,0.25,0,0.333333333,0.428571429,0,1,1,0.951219512
0,0.315068493,0.109170125,0.6,0,0,0.448979592,0.75,1,0.333333333,0.214285714,0,1,1,0.951219512
0,0.534246575,0.048312208,0.8,0,0,0.37755102,0.875,0.6,0.833333333,0.714285714,0.2,1,0,0
0,0.547945205,0.100120762,0.533333333,0,0,0.397959184,0.5,0.733333333,0,0.214285714,0.2,1,1,0.951219512
1,0.205479452,0.185644554,0.733333333,0,0,0.418367347,0.5,0.466666667,0.333333333,0.928571429,0,1,1,0.951219512
0,0.479452055,0.040423783,0.666666667,0,0,0.244897959,0.25,0.533333333,0.333333333,0.071428571,0,1,1,0.951219512
0,0.219178082,0.210256983,0.666666667,0,0,0.397959184,0.5,0.533333333,0,0.571428571,0.8,1,0,0.951219512
0,0.328767123,0.074649807,0.533333333,0,0,0.479591837,0.5,0.733333333,0,0.428571429,0.8,1,1,0.951219512
0,0.068493151,0.072135795,0.6,0,0,0.428571429,0,1,0.666666667,0,0.2,1,1,0.951219512
0,0.479452055,0.196576044,0.4,0,0,0.397959184,0.5,0.066666667,0.333333333,0.5,0,1,1,0.951219512
0,0.246575342,0.223498848,0.866666667,0,0,0.397959184,0.5,0.8,0.5,0.785714286,0.2,1,1,0.951219512
0,0.178082192,0.057801998,0.8,0,0,0.295918367,0.5,0.6,0.333333333,0.214285714,0,1,1,0.951219512
0,0.397260274,0.025224695,0.533333333,0,0,0.397959184,0.5,0.733333333,0,0.071428571,0.2,1,0,0.951219512
1,0.205479452,0.014473163,0.6,0,0,0.5,0.5,1,0.333333333,1,0,1,1,0.951219512
0,0.219178082,0.127755283,0.533333333,0,0,0.397959184,0.5,0.733333333,0.833333333,0.928571429,0.2,1,1,0.951219512
0,0.01369863,0.256549727,0.6,0,0,0.244897959,0.5,1,0.666666667,0.857142857,0.6,1,0,0.951219512
0,0.315068493,0.143152596,0.6,0,0,0.5,0.5,1,0,0.928571429,0.2,1,1,0.951219512
0,0.643835616,0.076718659,0.533333333,0,0,0.397959184,0.5,0.733333333,0.333333333,0.214285714,0,1,1,0.951219512
0,0.602739726,0.102230205,0.533333333,0,0,0.193877551,0.5,0.733333333,0.333333333,1,0,1,1,0.951219512
0,0.369863014,0.067803926,0.133333333,0,0,0.397959184,0.75,0.266666667,0.333333333,0.214285714,0,1,1,0.951219512
0,0.191780822,0.089779889,0.533333333,0,0,0.397959184,0.5,0.733333333,0.5,0.5,0.8,0.5,0,0.951219512
1,0.739726027,0.263117552,0.8,0,0,0.336734694,0.75,0.6,0.333333333,0.714285714,0,1,1,0.951219512
0,0.232876712,0.029886037,0.8,0,0,0.408163265,0.5,0.6,0.666666667,0.857142857,0.8,1,0,0.951219512
0,0.02739726,0.010248188,0.4,0,0,0.397959184,0.5,0.066666667,0.666666667,0.428571429,0.2,1,1,0.951219512
0,0.136986301,0.109842604,0.533333333,0,0,0.397959184,0.5,0.733333333,0.666666667,0.071428571,0.6,1,0,0.951219512
0,0.328767123,0.121656299,0.8,0,0,0.397959184,0.5,0.6,0.333333333,0.214285714,0,1,1,0.951219512
0,0.123287671,0.121926237,0.8,0,0,0.346938776,0.5,0.6,0.666666667,0.571428571,0.2,0.5,0,0.951219512
0,0.438356164,0.076540729,0.533333333,0,0,0.37755102,0.5,0.733333333,0,0.071428571,0.8,1,0,0.951219512
1,0.369863014,0.183266525,0.8,0,0,0.397959184,0.5,0.6,0.333333333,0.071428571,0,1,1,0.951219512
0,0.328767123,0.022238459,0.533333333,0.021740217,0,0.408163265,0.5,0.733333333,0.666666667,0.5,0.2,1,1,0.951219512
0,0.315068493,0.014619972,0.533333333,0,0,0.397959184,0.5,0.733333333,0,0.928571429,0.2,1,0,0.951219512
0,0.246575342,0.117268278,0.8,0,0,0.397959184,0.75,0.6,0.666666667,0.714285714,0.6,1,0,0.951219512
0,0.465753425,0.075430531,0.533333333,0,0,0.397959184,0.5,0.733333333,0,0.5,0.8,1,0,0.951219512
0,0.068493151,0.175215731,0.4,0,0,0.397959184,0.5,0.066666667,0.666666667,0.857142857,0.2,1,0,0.951219512
0,0.575342466,0.115905055,0.4,0,0,0.397959184,0.5,0.066666667,0.333333333,0.5,0,1,1,0.951219512
1,0.397260274,0.122110932,0.8,0,0,0.448979592,0.5,0.6,0.666666667,0.857142857,0.2,1,1,0.951219512
0,0.04109589,0.091737788,0.533333333,0,0,0.397959184,0.5,0.733333333,0.666666667,0.071428571,0.6,1,0,0.951219512
0,0.123287671,0.176292102,0.533333333,0,0,0.397959184,0.5,0.733333333,0.333333333,0.214285714,0,1,1,0.951219512
0,0.315068493,0.037181139,0.6,0,0,0.397959184,0.5,1,0,0.928571429,0.2,1,1,0.951219512
0,0.232876712,0.247318375,0.6,0,0,0.5,0.5,1,0.333333333,0.071428571,0,1,1,0.951219512
1,0.219178082,0.071370631,0.533333333,0,0,0.459183673,0.5,0.733333333,0.333333333,0.5,1,1,0,0.951219512
0,0.095890411,0.147174611,0.8,0,0,0.193877551,0.5,0.6,0.666666667,1,0.6,1,1,0.951219512
0,0.465753425,0.097230594,0.533333333,0,0,0.397959184,0.25,0.733333333,0,0.785714286,0.2,1,1,0.951219512
0,0.561643836,0.070776631,0.533333333,0,0,0.244897959,0.5,0.733333333,0,0.571428571,0.8,1,0,0.951219512
0,0.424657534,0.328826242,0.333333333,0,0,0.397959184,0.5,0,0.333333333,1,0,0.5,1,0.951219512
0,0.082191781,0.067088826,0.466666667,0,0,0.37755102,0.5,0.133333333,0.666666667,0.571428571,0.8,0.5,1,0.951219512
0,0.150684932,0.232596246,0.8,0,0,0.5,0.25,0.6,0.666666667,0.714285714,0.4,1,1,0.951219512
0,0.219178082,0.131401819,0.6,0,0,0.397959184,0.5,1,0,0.714285714,0.2,1,1,0.951219512
0,0.287671233,0.079349712,0.533333333,0,0,0.408163265,0.5,0.733333333,0.333333333,0.214285714,0,1,1,0.951219512
1,0.397260274,0.212272387,0.6,0,0,0.397959184,0.625,1,0.333333333,0.285714286,0,1,1,0.951219512
0,0.328767123,0.105395047,0.533333333,0,0,0.397959184,0,0.733333333,0.333333333,0,0,1,1,0.951219512
0,0.493150685,0.04422254,0.533333333,0,0,0.397959184,0.875,0.733333333,0.333333333,0.214285714,0,1,1,0.951219512
0,0.232876712,0.16796731,0.533333333,0,0,0.5,0.5,0.733333333,0.333333333,0.285714286,0,1,1,0.951219512
0,0.369863014,0.123367262,0.533333333,0.031370314,0,0.5,0.75,0.733333333,0.333333333,0.214285714,0,1,1,0.951219512
0,0.863013699,0.137870193,0.133333333,0,0,0.316326531,0.5,0.266666667,0.333333333,0.571428571,0,1,1,0.951219512
0,0.383561644,0.186149927,0.4,0,0,0.397959184,0.5,0.066666667,0.666666667,0.214285714,0.2,1,1,0.804878049
0,0.054794521,0.050661823,0.533333333,0,0,0.346938776,0.75,0.733333333,0.666666667,0.357142857,0.6,0.25,1,0.951219512
0,0.01369863,0.025596114,0.333333333,0,0,0.193877551,0.5,0,0.666666667,0.571428571,0.2,0.5,1,0.951219512
1,0.164383562,0.155025827,0.866666667,0.07298073,0,0.397959184,0.5,0.8,0.333333333,0.857142857,0,1,1,0.951219512
1,0.410958904,0.17103676,0.533333333,0.043860439,0,0.397959184,0.25,0.733333333,0.333333333,0.571428571,0,1,1,0.951219512
1,0.205479452,0.13002033,0.6,0,0,1,0.625,1,0.333333333,0.857142857,0,1,1,0.951219512
0,0.328767123,0.085664512,0.533333333,0,0,0.397959184,0.5,0.733333333,0,0.642857143,0.4,0.5,0,0.951219512
0,0.369863014,0.154086793,0.333333333,0,0,0.295918367,0.5,0,0.5,0.071428571,0.8,0.5,0,0.951219512
1,0.424657534,0.155312002,0.866666667,0,0,0.551020408,0.875,0.8,0.333333333,0.285714286,0,1,1,0.951219512
0,0.068493151,0.129203749,0.533333333,0,0,0.5,0.5,0.733333333,0.666666667,0.214285714,0.6,1,1,0.951219512
0,0.082191781,0.126625466,0.6,0,0,0.397959184,0.5,1,0.666666667,0.571428571,0.6,1,0,0.951219512
0,0.630136986,0.035290218,0.533333333,0,0,0.397959184,0,0.733333333,0.333333333,0,0,1,1,0.951219512
0,0.424657534,0.173159057,0.533333333,0,0,0.5,0.5,0.733333333,0,0.214285714,0.2,1,1,0.951219512
0,0.150684932,0.147632627,0.6,0,0,0.397959184,0.5,1,0.666666667,0.928571429,0.8,1,0,0.951219512
0,0.164383562,0.067971031,0.6,0,0,0.397959184,0.5,1,0.666666667,0.214285714,0.6,1,1,0.951219512
1,0.369863014,0.062181224,0.866666667,0,0,0.448979592,0.5,0.8,0.333333333,0.714285714,0,1,1,0.951219512
1,0.205479452,0.147997957,0.533333333,0.051780518,0,0.479591837,0.5,0.733333333,0.333333333,0.214285714,0,1,1,0.951219512
0,0.219178082,0.128578629,0.4,0,0,0.336734694,0.5,0.066666667,0.666666667,0.857142857,0.8,1,0,0.951219512
0,0.178082192,0.147997957,0.666666667,0,0,0.397959184,0.875,0.533333333,0.333333333,0.785714286,0,1,1,0.951219512
1,0.315068493,0.075931169,0.666666667,0,0,0.5,0.5,0.533333333,0,0.214285714,0.8,1,1,0.951219512
0,0.301369863,0.165556807,0.8,0,0,0.397959184,0.25,0.6,0.333333333,0.214285714,0,1,1,0.951219512
0,0.424657534,0.120916167,0.8,0,0,0.397959184,0.125,0.6,1,0.714285714,0.8,0,0,0.951219512
0,0.301369863,0.284328351,0.533333333,0,0.373737374,0.397959184,0.125,0.733333333,0.333333333,0.071428571,0,0.5,1,0.951219512
0,0.479452055,0.143769598,0.8,0,0,0.071428571,0,0.6,1,0,0.2,1,0,0.951219512
0,0.205479452,0.084622644,0.4,0,0,0.397959184,0.5,0.066666667,0.666666667,0.214285714,0.2,0.25,1,0.463414634
0,0.575342466,0.145209946,0.533333333,0,0.404499541,0.295918367,0.5,0.733333333,0,0.857142857,0.8,1,0,0.951219512
0,0.082191781,0.12765042,0.533333333,0,0,0.091836735,0.5,0.733333333,0,0.571428571,0.6,1,0,0.951219512
1,0.575342466,0.231207991,0.933333333,0.150241502,0,0.5,0.5,0.933333333,0.333333333,1,0,0.5,1,0.951219512
0,0.479452055,0.04446677,0.533333333,0,0.404499541,0.397959184,0.5,0.733333333,1,0.857142857,0.8,1,0,0.951219512
0,0.547945205,0.019886815,0.6,0,0,0.397959184,0.5,1,0,0.928571429,0.2,0.5,0,0.951219512
1,0.397260274,0.238319075,0.866666667,0,0.453856749,0.418367347,0.25,0.8,0.333333333,0.714285714,0,1,1,0.951219512
0,0.02739726,0.038471973,0.266666667,0,0,0.244897959,0.5,0.4,0.666666667,0.428571429,0.6,1,1,0.951219512
0,0.616438356,0.119317509,0.2,0,0,0.091836735,0,0.333333333,0.333333333,0,0,1,1,0.951219512
0,0.082191781,0.029354279,0.8,0.029070291,0,0.397959184,0.5,0.6,0.666666667,0.785714286,0.2,1,0,0.951219512
0,0.369863014,0.061519571,0.533333333,0,0,0.397959184,0.5,0.733333333,0,0.071428571,0.8,0.5,0,0.951219512
0,0.02739726,0.12609506,0.2,0,0,0.397959184,0.5,0.333333333,0.666666667,0.571428571,0.2,1,0,0.951219512
0,0.493150685,0.07374866,0.2,0,0,0.448979592,0.875,0.333333333,0.5,0.571428571,0.8,1,0,0.756097561
1,0.123287671,0.142244683,0.6,0,0,0.397959184,0.5,1,0.333333333,0.214285714,0,1,1,0.951219512
1,0.684931507,0.170358869,0.6,0.093860939,0,0.234693878,0.5,1,0.333333333,0.428571429,0,1,1,0.12195122
1,0.164383562,0.062334798,0.6,0.043860439,0,0.448979592,0.75,1,0.333333333,0.285714286,0.4,1,1,0.951219512
0,0.136986301,0.119936541,0.6,0,0,0.397959184,0.5,1,0.666666667,0.928571429,0.2,1,1,0.951219512
0,0.369863014,0.157422799,0.533333333,0,0,0.602040816,0.5,0.733333333,0.333333333,0.857142857,0,1,1,0.951219512
1,0.301369863,0.053501926,0.866666667,0,0.424242424,0.448979592,0.5,0.8,0.333333333,0.285714286,0,1,1,0.951219512
0,0.123287671,0.160139773,0.6,0,0,0.397959184,0.5,1,0.666666667,0.214285714,0.6,1,1,0.951219512
0,0.369863014,0.106686557,0.4,0,0,0.602040816,0.5,0.066666667,0.333333333,0.571428571,0,0.5,1,0.951219512
1,0.273972603,0.110326328,0.533333333,0,0,0.397959184,0.625,0.733333333,0.333333333,0.214285714,0,1,1,0.951219512
0,0.328767123,0.128024545,0.533333333,0,0,0.397959184,0.25,0.733333333,0.333333333,0.785714286,0,1,1,0.951219512
1,0.369863014,0.133770376,0.533333333,0,0,0.397959184,0.5,0.733333333,0.333333333,1,0,1,1,0.951219512
1,0.561643836,0.126364999,0.8,0,0,0.653061224,0.5,0.6,0,0.285714286,0.2,1,1,0.951219512
0,0.136986301,0.119358778,0.6,0,0,0.295918367,0,1,0,0,0.2,1,1,0.951219512
0,0.369863014,0.123788068,0.866666667,0,0,0.5,0.5,0.8,0,0.285714286,0.2,1,1,0.951219512
0,0.02739726,0.015952751,0.6,0,0,0.346938776,0.5,1,0.666666667,0.428571429,0.2,1,0,0.951219512
0,0.123287671,0.222842607,0.6,0,0,0.602040816,0.5,1,0.666666667,0.071428571,0.4,0.25,1,0.463414634
0,0.547945205,0.073077535,0.533333333,0,0,0.397959184,0.5,0.733333333,0.333333333,0.5,0,1,1,0.951219512
1,0.493150685,0.12712475,0.6,0,0,0.397959184,0.5,1,0,0.214285714,0.2,1,1,0.951219512
1,0.260273973,0.152666065,0.8,0,0.453856749,0.448979592,0.5,0.6,0.333333333,0.714285714,0,1,1,0.951219512
1,0.246575342,0.064162802,0.8,0,0,0.153061224,0.5,0.6,0.333333333,0.714285714,0,1,1,0.951219512
0,0.410958904,0.139631219,0.866666667,0,0,0.448979592,0.75,0.8,0.333333333,0.285714286,0,1,1,0.951219512
0,0.397260274,0.118542874,0.866666667,0,0,0.397959184,0.25,0.8,0.333333333,0.071428571,0,1,1,0
0,0.109589041,0.042349885,0.8,0,0.250688705,0.397959184,0.5,0.6,0.666666667,0.928571429,0.2,0.25,0,0.731707317
1,0.575342466,0.089158151,0.533333333,0,0,0.397959184,0.5,0.733333333,0.333333333,0.071428571,0,1,1,0.951219512
0,0.02739726,0.087070357,0.533333333,0,0,0.397959184,0.75,0.733333333,0.666666667,0.214285714,0.6,1,1,0.219512195
1,0.575342466,0.114189356,0.533333333,0,0,0.397959184,0.75,0.733333333,0.333333333,0.857142857,0,1,1,0.219512195
0,0.698630137,0.109955585,0.533333333,0,0,0.142857143,0.5,0.733333333,0.666666667,0.571428571,0.2,1,1,0.951219512
0,0.520547945,0.065441458,0.6,0,0,0.37755102,0.5,1,0,0.071428571,0.2,1,0,0.951219512
0,0.273972603,0.077411433,0.533333333,0,0,0.602040816,0.5,0.733333333,0.333333333,0.071428571,1,1,0,0.951219512
0,0.287671233,0.060815972,0.533333333,0,0,0.5,0.5,0.733333333,0.333333333,1,0,1,1,0.951219512
0,0.191780822,0.075567869,0.6,0,0,0.397959184,0.5,1,0.833333333,0.857142857,0.8,0.25,1,0.853658537
0,0.287671233,0.110578,0.533333333,0,0,0.142857143,0.75,0.733333333,0.666666667,0.214285714,0.2,0,1,0.951219512
0,0.438356164,0.09808912,0.533333333,0,0,0.5,0.5,0.733333333,0.833333333,0.857142857,0.8,1,1,0.951219512
1,0.356164384,0.127236379,0.533333333,0,0,0.704081633,0.5,0.733333333,0.333333333,1,0,1,1,0.951219512
0,0.01369863,0.12735139,0.4,0,0,0.244897959,0,0.066666667,0.666666667,0,0.6,1,0,0.951219512
0,0.410958904,0.190335664,0.4,0,0,0.397959184,0.5,0.066666667,0.333333333,0.214285714,0,1,1,0.146341463
0,0.164383562,0.234670509,0.8,0,0,0.193877551,0.5,0.6,0,0.928571429,0.8,1,0,0.951219512
1,0.589041096,0.062954506,0.8,0.07298073,0,0.602040816,0.625,0.6,0.333333333,0.285714286,0,1,1,0.951219512
0,0.109589041,0.050307994,0.8,0.048650487,0,0.479591837,0.5,0.6,0.666666667,0.714285714,0.2,1,1,0.951219512
0,0.465753425,0.10192644,0.533333333,0,0,0.397959184,0.5,0.733333333,0.333333333,0.214285714,0,1,1,0.951219512
0,0.191780822,0.034264587,0.533333333,0,0,0.397959184,0.5,0.733333333,0.666666667,0.214285714,0.6,1,1,0.951219512
0,0.02739726,0.239214134,0.2,0,0,0.397959184,0,0.333333333,0.666666667,0,0.2,1,1,0.634146341
0,0.835616438,0.103786918,0.866666667,0,0,0.142857143,0,0.8,1,0,0.2,1,0,0.951219512
1,0.219178082,0.12576694,0.8,0,0,0.5,0.25,0.6,0.666666667,0.714285714,0.2,1,0,0.951219512
0,0.246575342,0.069635989,0.6,0,0,0.448979592,0.5,1,0.666666667,1,0.6,1,1,0.951219512
0,0.315068493,0.251005504,0.533333333,0,0,0.397959184,0.5,0.733333333,0.333333333,0.428571429,0,1,1,0.951219512
0,0.068493151,0.059033296,0.6,0,0,0.193877551,0,1,0.666666667,0,0.6,1,1,0.951219512
1,0.630136986,0.108346103,0.6,0,0.433195592,0.397959184,0.5,1,0.333333333,0.285714286,0,1,1,0.951219512
0,0.191780822,0.144252646,0.666666667,0,0,0.397959184,0.5,0.533333333,0.666666667,0.571428571,0.8,1,0,0.951219512
1,0.219178082,0.257440727,0.866666667,0,0.453856749,0.5,0.5,0.8,0.333333333,0.285714286,0,1,1,0.951219512
0,0.123287671,0.136747141,0.6,0,0,0.397959184,0.5,1,0.666666667,0.214285714,0.6,1,1,0.951219512
1,0.534246575,0.057678868,0.533333333,0,0.453856749,0.397959184,0.5,0.733333333,0.333333333,0.857142857,0,1,1,0.951219512
1,0.397260274,0.014946063,0.733333333,0,0,0.397959184,0.5,0.466666667,0.333333333,0.214285714,0,1,1,0.951219512
0,0.191780822,0.073185104,0.6,0,0,0.5,0.5,1,0.666666667,0.285714286,0.2,1,0,0.951219512
0,0.246575342,0.100550363,0.6,0,0,0.5,0.5,1,0.333333333,0.857142857,0,1,1,0.951219512
1,0.232876712,0.124470018,0.733333333,0,0,0.5,0.5,0.466666667,0.333333333,0.857142857,0,1,1,0.951219512
0,0.205479452,0.147111016,0.8,0,0,0.448979592,0.5,0.6,0.333333333,0.857142857,0,1,1,0.951219512
0,0.232876712,0.13599889,0.533333333,0.074430744,0,0.346938776,0.5,0.733333333,0.666666667,0.428571429,0.8,1,0,0.951219512
0,0.109589041,0.138517639,0.533333333,0,0,0.295918367,0.75,0.733333333,0.666666667,0.571428571,0.8,1,0,0.951219512
0,0.164383562,0.163403389,0.8,0,0,0.448979592,0.5,0.6,0.666666667,0.285714286,0.2,1,0,0.951219512
1,0.205479452,0.016862693,0.8,0,0,0.448979592,0.5,0.6,0.333333333,0.285714286,0,1,1,0.951219512
0,0.150684932,0.179519185,0.6,0,0,0.5,0.875,1,0.666666667,0.071428571,0.2,1,0,0.951219512
0,0.547945205,0.166317235,0.8,0,0,0.5,0.75,0.6,0.333333333,0.285714286,0,1,1,0.951219512
0,0.109589041,0.29946858,0.6,0,0,0.346938776,0.625,1,0.666666667,0.857142857,0.6,1,0,0.951219512
1,0.438356164,0.094240976,0.6,0,0,0.397959184,0.5,1,0.333333333,0.214285714,0,1,1,0.951219512
0,0.356164384,0.085640833,0.533333333,0,0,0.5,0.75,0.733333333,0.333333333,0.285714286,0,1,1,0.951219512
0,0.479452055,0.124043122,0.533333333,0,0.470844812,0.37755102,0.5,0.733333333,0.333333333,0.5,0,1,1,0.951219512
0,0.520547945,0.223146372,0.533333333,0,0,0.540816327,0.5,0.733333333,0.666666667,0.285714286,0.2,1,1,0.951219512
0,0.273972603,0.151594429,0.6,0,0,0.367346939,0.5,1,0,0.071428571,0.2,0.5,0,0.951219512
0,0.479452055,0.063894217,0.733333333,0,0,0.397959184,0.75,0.466666667,0,0.857142857,0.8,1,1,0.951219512
0,0.178082192,0.059433806,0.8,0,0,0.397959184,0.5,0.6,0.666666667,0.857142857,0.4,1,0,0.951219512
0,0.164383562,0.185484215,0.733333333,0.034180342,0,0.397959184,0.5,0.466666667,0,0.857142857,0.8,1,0,0.951219512
0,0.054794521,0.171264753,0.6,0,0,0.295918367,0.5,1,0.666666667,0.714285714,0.6,1,0,0.951219512
1,0.424657534,0.130127899,0.8,0,0,0.397959184,0.5,0.6,0.333333333,0.714285714,0,1,1,0.951219512
1,0.205479452,0.133449021,0.866666667,0,0,0.551020408,0.5,0.8,0.333333333,0.285714286,0,1,1,0.951219512
0,0.082191781,0.11225243,0.6,0,0,0.346938776,0.5,1,0.666666667,0.428571429,0.8,0,0,0.951219512
0,0.671232877,0.160975973,0.533333333,0,0,0.153061224,0.5,0.733333333,1,0.857142857,0.2,1,0,0.951219512
0,0.150684932,0.055878602,0.6,0,0,0.428571429,0.5,1,0.666666667,0.214285714,0.2,1,1,0.634146341
1,0.273972603,0.124583676,0.6,0,0,0.397959184,0.5,1,0.333333333,0.857142857,0,1,1,0.951219512
1,0.342465753,0.140250251,0.8,0,0,0.551020408,0.5,0.6,0.333333333,0.071428571,0,1,1,0.951219512
0,0.342465753,0.125199325,0.533333333,0,0,0.397959184,0.875,0.733333333,0.333333333,0.5,0,1,1,0.951219512
1,0.438356164,0.148619018,1,0,0,0.5,0.875,0.666666667,0,0.714285714,0.8,1,1,0.951219512
0,0.02739726,0.156047398,0.6,0,0.367768595,0.091836735,0.5,1,0.666666667,0.857142857,0.6,1,0,0.951219512
1,0.342465753,0.145196416,0.533333333,0,0,0.397959184,0.25,0.733333333,0.333333333,0.785714286,0,1,1,0.951219512
0,0.630136986,0.049478559,0.6,0,0,0.091836735,0.5,1,0.333333333,0.285714286,0,1,1,0.951219512
0,0.589041096,0.060152965,0.666666667,0,0,0.193877551,0.5,0.533333333,0,0.571428571,0.2,1,1,0.951219512
0,0.561643836,0.176317134,0.8,0,0,0.397959184,0.5,0.6,1,0.285714286,0.8,1,0,0.951219512
0,0.164383562,0.06180101,0.4,0,0,0.397959184,0.5,0.066666667,0.333333333,0.571428571,0,1,1,0.951219512
0,0.410958904,0.124768371,0.933333333,0,0,0.397959184,0.5,0.933333333,0,0.071428571,0.2,1,1,0.951219512
1,0.356164384,0.218322661,0.8,0,0,0.5,0.5,0.6,0.333333333,0.857142857,0,1,1,0.951219512
0,0.095890411,0.073565318,0.8,0,0,0.397959184,0.5,0.6,0.666666667,0.714285714,0.2,1,0,0.951219512
0,0.205479452,0.263716964,0.8,0,0,0.010204082,0.5,0.6,0.333333333,0.071428571,1,1,0,0.951219512
1,0.273972603,0.074559828,0.533333333,0,0,0.551020408,0.875,0.733333333,0.333333333,0.785714286,0,1,1,0.951219512
1,0.205479452,0.098778512,0.533333333,0,0,0.5,0.5,0.733333333,0.333333333,0.214285714,0,1,1,0.951219512
1,0.561643836,0.044554043,0.533333333,0,0,0.397959184,0.5,0.733333333,0.333333333,0.214285714,0,1,1,0.951219512
1,0.232876712,0.069281484,0.6,0,0,0.5,0.5,1,0.333333333,0.285714286,0,1,1,0.951219512
1,0.109589041,0.240732284,0.8,0.135501355,0,0.346938776,0.75,0.6,0.666666667,0.285714286,0.2,1,1,0.951219512
1,0.273972603,0.067797161,0.866666667,0,0,0.397959184,0.5,0.8,0.333333333,0.285714286,0,1,1,0.951219512
1,0.287671233,0.081586345,0.533333333,0,0.436639118,0.397959184,0.5,0.733333333,0.333333333,0.214285714,0,1,1,0.951219512
0,0.589041096,0.116295417,0.533333333,0.046500465,0,0.397959184,0.5,0.733333333,0,0.5,0.2,1,1,0.951219512
0,0.054794521,0.110019856,0.533333333,0,0,0.397959184,0.5,0.733333333,0.666666667,0.071428571,0.6,1,0,0.951219512
0,0.287671233,0.143616024,0.666666667,0,0,0.5,0.5,0.533333333,0.333333333,0.428571429,0,1,1,0.951219512
0,0.808219178,0.13474459,0.533333333,0,0,0.010204082,0,0.733333333,1,0,0.2,0.5,0,0.951219512
0,0.356164384,0.123756947,0.8,0,0,0.397959184,0.5,0.6,0.333333333,0.285714286,1,0.5,0,0
1,0.205479452,0.235757028,0.533333333,0,0,0.602040816,0.5,0.733333333,0.333333333,1,0,1,1,0.951219512
1,0.602739726,0.109315581,0.333333333,0,0,0.448979592,0.5,0,0.333333333,0.5,0,1,1,0.951219512
0,0.671232877,0.108490205,0.133333333,0.011730117,0,0.112244898,0.5,0.266666667,0.333333333,1,0,1,1,0.951219512
0,0.01369863,0.027618961,0.4,0,0,0.193877551,0.5,0.066666667,0.666666667,0.571428571,0.6,0,1,0.951219512
0,0.328767123,0.147305859,0.133333333,0,0,0.397959184,0,0.266666667,0.333333333,0,0,0.75,1,0.951219512
0,0.356164384,0.024039402,0.8,0,0,0.397959184,0.875,0.6,0.666666667,0.714285714,0.2,1,0,0.951219512
0,0,0.024007604,0.4,0,0,0.193877551,0.5,0.066666667,0.666666667,0.714285714,0.6,1,0,0.951219512
0,0.287671233,0.026259797,0.8,0.033250333,0,0.397959184,0.5,0.6,0,0.285714286,0.2,1,1,0.951219512
1,0.301369863,0.176628341,0.533333333,0,0,0.397959184,0.5,0.733333333,0.333333333,0.214285714,0,1,1,0.951219512
0,0.178082192,0.138405334,0.266666667,0,0,0.397959184,0.5,0.4,0,0.285714286,0.8,1,0,0.951219512
0,0.328767123,0.125013277,0.6,0.046500465,0,0.397959184,0.125,1,0.5,0.071428571,0.2,0.5,1,0.951219512
0,0.397260274,0.104363328,0.6,0,0,0.234693878,0.5,1,0,0.071428571,0.2,1,0,0.951219512
0,0.876712329,0.073196605,0.666666667,0,0,0,0,0.533333333,0,0,0.8,1,0,0
0,0.205479452,0.091956309,0.666666667,0,0,0.397959184,0.5,0.533333333,0.333333333,0.214285714,0,1,1,0.951219512
0,0.205479452,0.039301408,0.933333333,0,0,0.397959184,0.5,0.933333333,0.666666667,0.714285714,0.2,1,0,0.951219512
1,0.219178082,0.11066189,0.8,0,0,0.5,0.5,0.6,0.333333333,0.285714286,0,1,1,0.951219512
0,0.273972603,0.069780768,0.533333333,0,0,0.244897959,0.5,0.733333333,0.333333333,0.214285714,0,1,1,0.951219512
0,0.164383562,0.222072707,0.533333333,0,0,0.43877551,0.5,0.733333333,0.666666667,0.071428571,0.2,1,0,0.951219512
1,0.506849315,0.085627302,0.6,0,0,0.448979592,0.625,1,0.333333333,0.857142857,0,1,1,0.951219512
0,0.246575342,0.011305616,0.666666667,0,0,0.397959184,0.75,0.533333333,0.333333333,0.357142857,0,1,1,0.951219512
0,0.383561644,0.099045068,0.533333333,0,0,0.397959184,0.5,0.733333333,0.833333333,0.857142857,0.2,1,0,0.951219512
0,0.534246575,0.037585709,0.533333333,0,0,0.397959184,0.75,0.733333333,0.333333333,0.857142857,0,1,1,0.951219512
0,0.219178082,0.131935607,0.733333333,0,0,0.397959184,0.5,0.466666667,0,0.285714286,0.6,1,0,0.951219512
1,0.369863014,0.13683712,0.6,0,0,0.479591837,0.5,1,0.333333333,1,0,1,1,0.951219512
1,0.328767123,0.085710516,0.8,0.076880769,0,0.448979592,0.5,0.6,0.333333333,0.285714286,0,1,1,0.951219512
1,0.342465753,0.192345656,0.866666667,0,0,0.5,0.75,0.8,0.333333333,0.285714286,0,1,1,0.951219512
0,0.232876712,0.16796731,0.533333333,0,0,0.5,0.75,0.733333333,0.666666667,0.214285714,0.2,1,1,0.951219512
1,0.150684932,0.120994645,0.533333333,0,0,0.653061224,0.625,0.733333333,0.666666667,0.285714286,0.2,1,1,0.951219512
0,0.02739726,0.097427467,0.6,0,0,0.244897959,0.875,1,0.666666667,0.714285714,0.6,1,1,0.951219512
1,0.465753425,0.076230875,0.866666667,0,0,0.397959184,0.625,0.8,0.333333333,0.857142857,0,1,1,0.951219512
1,0.068493151,0.160638381,0.6,0,0,0.397959184,0.25,1,0.333333333,0.785714286,0,1,1,0.951219512
0,0.328767123,0.289310372,0.133333333,0.034110341,0,0.397959184,0.5,0.266666667,0.333333333,0.357142857,0,1,1,0.634146341
0,0.301369863,0.207448676,0.8,0,0,0.397959184,0.875,0.6,0.333333333,0.285714286,0,1,1,0.951219512
1,0.315068493,0.246755496,0.8,0,0,0.602040816,0.875,0.6,0.333333333,0.714285714,0,1,1,0.951219512
0,0.191780822,0.218155556,0.533333333,0,0,0.397959184,0.5,0.733333333,0.833333333,1,0.2,1,1,0.951219512
0,0.232876712,0.271053335,0.466666667,0,0,0.551020408,0.5,0.133333333,0.333333333,1,0,0.5,1,0.951219512
0,0.191780822,0.116379307,0.6,0,0,0.397959184,0.5,1,0,0.214285714,0.2,1,1,0.951219512
0,0.465753425,0.04980465,0.333333333,0,0,0.397959184,0.75,0,1,1,0.4,1,0,0.951219512
0,0.02739726,0.102013037,0.6,0,0,0.336734694,0.5,1,0.666666667,0.857142857,0.6,1,0,0.951219512
0,0.712328767,0.109662645,0.533333333,0,0,0.295918367,0.625,0.733333333,0.333333333,0.857142857,0,1,1,0.951219512
0,0.287671233,0.204331192,0.866666667,0,0,0.448979592,0.5,0.8,0.333333333,0.714285714,0,1,1,0.951219512
0,0.410958904,0.119637511,0.533333333,0,0,0.397959184,0.875,0.733333333,0.333333333,0.571428571,0,1,1,0.951219512
0,0.095890411,0.11451883,0.533333333,0,0,0.397959184,0.5,0.733333333,0.666666667,0.428571429,0.6,0.5,1,0.951219512
0,0.095890411,0.077347162,0.8,0,0,0.193877551,0.25,0.6,0.666666667,0.714285714,0.6,1,0,0.951219512
1,0.164383562,0.115848902,0.866666667,0,0.453856749,0.397959184,0.5,0.8,0.333333333,0.714285714,0,1,1,0.951219512
1,0.410958904,0.097154146,0.8,0.076880769,0,0.397959184,0.5,0.6,0.333333333,0.714285714,0,1,1,0.951219512
1,0.301369863,0.078131269,0.533333333,0.03103031,0,0.43877551,0.5,0.733333333,0.333333333,0.857142857,0,1,1,0.951219512
0,0.479452055,0.136529296,0.533333333,0,0,0.397959184,0.5,0.733333333,1,0.571428571,0.2,0,0,0.951219512
1,0.191780822,0.140571606,0.8,0.143441434,0,0.5,0.5,0.6,0.666666667,0.285714286,0.2,1,0,0.951219512
0,0.082191781,0.081709475,0.533333333,0,0,0.806122449,0.5,0.733333333,0.333333333,0.857142857,0,1,1,0.951219512
0,0.232876712,0.058057729,0.2,0,0,0.397959184,0.5,0.333333333,0.333333333,1,0,1,1,0.951219512
0,0.342465753,0.091206706,0.533333333,0,0,0.295918367,0.5,0.733333333,0,0.571428571,0.8,1,0,0.951219512
0,0.438356164,0.08190567,0.533333333,0,0,0.397959184,0.5,0.733333333,0.333333333,0.214285714,1,0.5,0,0.951219512
0,0.109589041,0.224904016,0.533333333,0,0,0.030612245,0,0.733333333,0.333333333,0,1,1,0,0.951219512
0,0.342465753,0.036651411,0.6,0,0,0.448979592,0.5,1,0,0.285714286,0.8,1,0,0.951219512
0,0.356164384,0.097732585,0.6,0,0,0.397959184,0.5,1,0.333333333,0.214285714,0,0.5,1,0.951219512
0,0.068493151,0.015107755,0.6,0,0,0.193877551,0.5,1,0.666666667,0.571428571,0.8,1,0,0.951219512
1,0.315068493,0.208485808,1,0,0.453856749,0.448979592,0.5,0.666666667,0.333333333,0.714285714,0,0.25,1,0.414634146
1,0.369863014,0.104673858,0.533333333,0,0,0.479591837,0.5,0.733333333,0.333333333,0.071428571,0,1,1,0.951219512
0,0.520547945,0.009740785,0.533333333,0,0,0.602040816,0.75,0.733333333,0.333333333,0.357142857,0,1,1,0.951219512
1,0.328767123,0.148435,0.533333333,0,0,0.397959184,0.5,0.733333333,0.333333333,0.214285714,0,1,1,0.951219512
0,0.150684932,0.120586017,0.866666667,0,0,0.5,0.875,0.8,0.666666667,0.714285714,0.2,1,1,0.951219512
0,0.438356164,0.016927641,0.533333333,0,0,0.397959184,0.5,0.733333333,0.333333333,0.5,0,1,1,0.951219512
0,0.246575342,0.243448581,0.533333333,0,0,0.397959184,0.875,0.733333333,0.333333333,0.785714286,0,0.5,1,0.951219512
1,0.424657534,0.085282268,0.533333333,0,0.340909091,0.551020408,0.5,0.733333333,0.333333333,0.214285714,0,1,1,0.951219512
0,0.150684932,0.038789945,0.733333333,0,0,0.602040816,0.5,0.466666667,0.666666667,0.857142857,0.2,1,0,0.951219512
1,0.424657534,0.130127899,1,0.150241502,0,0.448979592,0.25,0.666666667,0.333333333,0.714285714,0,1,1,0.048780488
0,0.356164384,0.302450757,0.533333333,0,0,0.397959184,0.5,0.733333333,0,0.071428571,0.2,1,0,0.951219512
0,0.397260274,0.121721246,0.6,0,0,0.397959184,0.5,1,0.333333333,0.428571429,0,1,1,0.951219512
0,0.287671233,0.23025475,0.8,0,0,0.397959184,0.875,0.6,0,0.714285714,0.2,1,0,0.951219512
0,0.068493151,0.218374078,0.8,0,0,0.193877551,0.5,0.6,0.666666667,0.285714286,0.2,1,1,0.951219512
1,0.397260274,0.075820217,0.733333333,0,0,0.397959184,0.5,0.466666667,0.333333333,0.928571429,0,1,1,0.951219512
0,0.232876712,0.070071003,0.533333333,0,0,0.397959184,0.5,0.733333333,0,0.071428571,0.6,1,0,0.951219512
0,0.246575342,0.022543577,0.6,0,0,0.397959184,0.5,1,0.666666667,0.571428571,0.2,1,1,0.951219512
0,0.506849315,0.11767623,0.533333333,0,0,0.397959184,0.5,0.733333333,0.333333333,0.214285714,0,1,1,0.951219512
0,0.452054795,0.065381246,0.6,0,0,0.397959184,0.5,1,0,0.5,0.2,0.5,0,0.951219512
0,0.082191781,0.149641266,0.8,0,0,0.397959184,0.5,0.6,0.666666667,0.285714286,0.2,1,1,0.951219512
0,0.315068493,0.277077223,0.6,0,0,0.397959184,0.5,1,0.333333333,0.714285714,0,1,1,0.951219512
0,0.150684932,0.014554348,0.466666667,0,0,0.5,0.5,0.133333333,0.666666667,1,0.2,1,1,0.951219512
1,0.369863014,0.066348018,0.8,0,0,0.397959184,0.5,0.6,0.333333333,0.285714286,0,1,1,0.951219512
0,0.260273973,0.230860928,0.533333333,0.018310183,0,0.397959184,0.5,0.733333333,0,0.285714286,0.6,1,0,0.951219512
0,0.178082192,0.029017363,0.533333333,0,0,0.295918367,0.75,0.733333333,0.333333333,0.214285714,0,1,1,0.951219512
1,0.136986301,0.078779391,0.666666667,0.105201052,0,0.653061224,0.5,0.533333333,0.666666667,0.285714286,0.2,1,1,0.292682927
0,0.136986301,0.135456984,0.6,0,0,0.397959184,0.5,1,0,0.071428571,0.8,0.5,0,0.951219512
0,0.356164384,0.091295332,0.8,0,0,0.602040816,0.75,0.6,0.333333333,0.285714286,0,1,1,0.951219512
0,0.246575342,0.154819483,0.533333333,0,0,0.602040816,0.75,0.733333333,0.666666667,0.214285714,0.4,1,1,0.951219512
1,0.465753425,0.152582174,0.8,0,0,0.5,0.125,0.6,0.333333333,0.714285714,0,1,1,0.951219512
0,0.246575342,0.14116493,0.533333333,0,0.365932048,0.397959184,0.5,0.733333333,0,0.571428571,0.8,0.5,0,0.951219512
0,0.136986301,0.160391445,0.6,0.034110341,0,0.397959184,0.875,1,0.333333333,1,0,1,1,0.951219512
1,0.767123288,0.09017228,0.2,0,0,0.346938776,0.5,0.333333333,0.333333333,0.857142857,0,1,1,0.951219512
0,0.219178082,0.245277262,0.066666667,0,0,0.397959184,0.5,0.2,0.5,0.357142857,0.8,1,1,0.634146341
0,0.671232877,0.006912182,0.2,0,0,0.397959184,0.5,0.333333333,0,0.571428571,0.4,0.25,0,0.731707317
0,0.356164384,0.146247755,0.733333333,0,0,0.397959184,0.5,0.466666667,0,0.285714286,0.2,0.5,1,0.951219512
0,0.260273973,0.303800449,0.6,0,0,0.397959184,0.5,1,0.333333333,0.071428571,1,1,0,0.951219512
0,0.082191781,0.019447743,0.6,0,0,0.346938776,0.125,1,0.666666667,0.857142857,0.2,1,0,0.951219512
0,0.657534247,0.164466905,0.533333333,0,0,0.397959184,0.5,0.733333333,0.666666667,0.214285714,0.4,0.25,1,0.024390244
0,0.397260274,0.137782243,0.533333333,0,0,0.397959184,0.5,0.733333333,0,0.714285714,0.8,1,0,0.951219512
0,0.191780822,0.087160336,0.533333333,0,0,0.234693878,0.5,0.733333333,0.833333333,0.571428571,0.8,1,0,0.951219512
1,0.424657534,0.100083552,0.666666667,0,0,0.397959184,0.5,0.533333333,0.333333333,0.857142857,0,1,1,0.951219512
0,0.342465753,0.088664955,0.6,0,0,0.397959184,0.5,1,0,0.5,0.2,1,0,0.951219512
0,0.178082192,0.159015368,0.6,0,0,0.397959184,0.25,1,0.666666667,0.071428571,0.2,1,1,0.951219512
0,0.054794521,0.120061024,0.6,0,0,0.397959184,0.5,1,0.666666667,0.857142857,0.6,1,1,0.951219512
0,0.205479452,0.080466675,0.533333333,0,0,0.397959184,0.5,0.733333333,0.333333333,0.714285714,0,1,1,0.951219512
1,0.780821918,0.028716981,0.6,0,0,0.193877551,0.5,1,0.333333333,0.857142857,0,1,1,0.951219512
0,0.575342466,0.117848747,0.666666667,0,0,0.5,0.5,0.533333333,0.333333333,0.714285714,0,1,1,0.951219512
1,0.273972603,0.116480111,0.8,0,0,0.397959184,0.5,0.6,0.333333333,0.857142857,0,1,1,0.951219512
0,0.164383562,0.149263758,0.666666667,0,0,0.397959184,0.5,0.533333333,0.666666667,0.071428571,0.6,0.5,0,0.951219512
0,0.424657534,0.014467075,0.6,0,0,0.602040816,0.5,1,0.333333333,1,0,1,1,0.951219512
0,0.095890411,0.050374971,0.8,0,0,0.153061224,0.5,0.6,0.666666667,0.071428571,0.4,0.25,0,0.951219512
0,0.589041096,0.024695643,0.8,0.054550546,0,0.551020408,0.25,0.6,0.833333333,0.714285714,0.8,1,0,0.951219512
0,0.342465753,0.108486823,0.2,0,0,0.397959184,0.5,0.333333333,0.833333333,0.5,0.8,0.5,0,0.951219512
0,0.260273973,0.178178288,0.2,0.029770298,0,0.397959184,0.5,0.333333333,0.5,0.5,0.8,1,0,0.804878049
1,0.246575342,0.128991993,0.533333333,0,0,0.551020408,0.5,0.733333333,0.333333333,0.285714286,0,1,1,0.487804878
0,0.068493151,0.09474432,0.6,0,0,0.397959184,0.5,1,0.666666667,0.357142857,0.2,1,1,0.951219512
0,0.301369863,0.131407232,0.533333333,0,0,0.448979592,0.5,0.733333333,0.666666667,0.071428571,0.2,1,1,0.951219512
0,0.191780822,0.246996343,0.6,0,0,0.397959184,0.5,1,0,0.071428571,0.8,0.5,0,0.585365854
1,0.383561644,0.23252115,0.6,0,0,0.602040816,0.75,1,0.333333333,0.857142857,0,1,1,0.951219512
0,0.301369863,0.016733475,0.533333333,0,0,0.602040816,0.75,0.733333333,0.333333333,0.214285714,0,1,1,0.951219512
0,0.424657534,0.058730884,0.6,0,0.365013774,0.37755102,0.5,1,0,0.071428571,0.2,1,0,0.951219512
0,0.205479452,0.013455651,0.533333333,0,0,0.397959184,0.5,0.733333333,0.333333333,0.571428571,1,1,0,0.951219512
1,0.315068493,0.116012624,0.733333333,0,0,0.397959184,0.25,0.466666667,0.666666667,0.714285714,0.2,1,1,0.951219512
1,0.273972603,0.026370749,1,0,0,1,0.5,0.666666667,0.333333333,0.714285714,0,1,1,0.243902439
1,0.246575342,0.186300119,0.6,0,0,0.397959184,0.125,1,0.333333333,0.785714286,0,0.5,1,0.951219512
0,0.369863014,0.11465752,0.6,0,0,0.5,0.625,1,0.333333333,0.285714286,0,1,1,0.951219512
0,0.301369863,0.108526738,0.533333333,0,0,0.397959184,0.875,0.733333333,0.666666667,0.571428571,0.8,0.5,0,0.951219512
0,0.068493151,0.157039878,0.6,0,0,0.397959184,0.25,1,0.666666667,0.071428571,0.2,0.25,0,0.975609756
0,1,0.108023395,0.6,0,0,0.397959184,0.5,1,0.833333333,0.071428571,0.6,1,0,0.804878049
1,0.602739726,0.100039577,0.6,0,0,0.397959184,0.125,1,0.333333333,0.285714286,0,1,1,0.951219512
0,0.301369863,0.077641456,0.6,0,0,0.397959184,0.125,1,0.666666667,0.285714286,0.8,1,0,0.951219512
0,0.219178082,0.390274099,0.6,0,0,0.5,0.5,1,0.333333333,0.5,0,1,1,0.951219512
0,0.369863014,0.108161408,0.4,0,0,0.397959184,0.5,0.066666667,0,0.5,0.8,0.5,0,0.951219512
0,0.397260274,0.133585005,0.533333333,0,0,0.459183673,0.5,0.733333333,0.333333333,0.214285714,0,1,1,0.951219512
1,0.301369863,0.045359123,0.866666667,0.150241502,0,0.397959184,0.5,0.8,0.333333333,0.285714286,0,0.25,1,0.951219512
0,0.410958904,0.063716964,0.6,0,0,0.397959184,0.875,1,0,0.214285714,0.8,1,1,0.951219512
0,0.191780822,0.048143074,0.533333333,0,0,0.397959184,0.5,0.733333333,1,0.214285714,0.8,1,0,0.951219512
0,0.246575342,0.011018764,0.4,0,0,0.397959184,0.5,0.066666667,0.666666667,0.214285714,0.2,1,1,0.951219512
0,0.109589041,0.014427159,0.533333333,0,0,0.448979592,0.5,0.733333333,0.666666667,0.428571429,0.2,1,1,0.951219512
0,0.02739726,0.041204507,0.6,0,0,0.193877551,0.5,1,0.666666667,0.428571429,0.6,1,1,0.951219512
0,0.342465753,0.026729991,0.533333333,0,0,0.316326531,0,0.733333333,0,0,0.8,0.5,0,0.951219512
0,0.02739726,0.023605065,0.6,0,0,0.142857143,0.75,1,0.666666667,0.214285714,0.2,1,0,0.951219512
1,0.273972603,0.077577861,0.533333333,0,0,0.397959184,0.5,0.733333333,0.333333333,0.857142857,0,1,1,0.951219512
1,0.506849315,0.1390724,0.533333333,0,0,0.397959184,0.5,0.733333333,0.333333333,1,0,0.5,1,0.951219512
0,0.410958904,0.04600251,0.8,0.031370314,0,0.397959184,0.25,0.6,0.333333333,0.714285714,0,1,1,0.951219512
1,0.452054795,0.00671531,0.866666667,0.076880769,0,0.5,0.5,0.8,0.333333333,0.714285714,0,1,1,0.951219512
0,0.438356164,0.128009661,0.533333333,0,0,0.397959184,0.625,0.733333333,0.333333333,0.214285714,0,1,1,0.951219512
0,0.273972603,0.072135118,0.533333333,0,0,0.346938776,0.25,0.733333333,0,0.071428571,0.8,0.5,0,0.951219512
0,0.260273973,0.113929566,0.933333333,0,0,0.5,0.75,0.933333333,0.333333333,0.714285714,0,1,1,0.951219512
0,0.136986301,0.118705919,0.6,0,0,0.397959184,0.5,1,0.666666667,0.571428571,0.6,1,0,0.951219512
0,0.095890411,0.039222929,0.533333333,0,0,0.397959184,0.5,0.733333333,0.666666667,0.571428571,0.6,1,1,0.951219512
0,0.232876712,0.091126198,0.533333333,0,0,0.653061224,0.5,0.733333333,0.5,0.571428571,0.8,1,0,0.951219512
0,0.068493151,0.13640143,0.533333333,0,0,0.397959184,0.5,0.733333333,0.666666667,0.071428571,0.8,1,0,0.634146341
0,0.465753425,0.071317184,0.6,0,0,0.397959184,0.5,1,0.333333333,0.071428571,1,1,0,0.951219512
1,0.493150685,0.109239809,0.533333333,0,0,0.397959184,0.5,0.733333333,0.333333333,0.428571429,0,1,1,0.951219512
0,0.520547945,0.062722454,0.2,0,0,0.5,0.5,0.333333333,0.333333333,1,0,1,1,0.951219512
1,0.465753425,0.17836163,0.8,1,0,0.5,0.75,0.6,0.333333333,0.285714286,0,1,1,0.634146341
0,0.054794521,0.254825233,0.6,0,0,0.397959184,0.5,1,0.833333333,0.428571429,0.2,1,0,0.951219512
0,0.534246575,0.072799478,0.6,0,0.383838384,0.397959184,0.625,1,0.333333333,0.285714286,0,1,1,0.951219512
0,0.246575342,0.144170109,0.533333333,0,0,0.397959184,0.875,0.733333333,0,0.714285714,0.8,1,0,0.951219512
1,0.219178082,0.130036567,0.6,0,0,0.56122449,0.5,1,0.333333333,0.285714286,0,1,1,0.951219512
0,0.082191781,0.1763902,0.533333333,0,0,0.397959184,0.5,0.733333333,0.333333333,0.214285714,0,1,1,0.951219512
0,0.01369863,0.134670848,0.533333333,0,0,0.397959184,0.5,0.733333333,0.666666667,0.5,0.6,1,1,0.951219512
0,0.150684932,0.096035153,0.533333333,0.02597026,0,0.397959184,0.5,0.733333333,0.666666667,1,0.6,1,1,0.951219512
0,0.424657534,0.071053335,0.533333333,0,0,0.193877551,0.5,0.733333333,0.333333333,0.071428571,1,1,0,0.951219512
1,0.260273973,0.104365357,0.8,0,0,0.551020408,0.5,0.6,0,0.071428571,0.2,1,1,0.951219512
0,0.534246575,0.151846101,0.066666667,0,0,0.244897959,0.75,0.2,0.833333333,0.285714286,0.2,1,1,0
1,0.150684932,0.23203472,0.866666667,0,0,0.397959184,0.5,0.8,0.666666667,0.714285714,0.2,1,0,0.951219512
0,0.493150685,0.124511963,0.8,0,0,0.397959184,0.5,0.6,0.333333333,0.285714286,0,0.5,1,0.951219512
0,0.232876712,0.211329294,0.533333333,0,0,0.397959184,0.5,0.733333333,0.666666667,0.5,0.6,0.25,1,0.073170732
1,0.575342466,0.114777944,0.533333333,0,0,0.397959184,0.125,0.733333333,0.333333333,0.071428571,0,1,1,0.951219512
1,0.438356164,0.115401711,0.6,0.076880769,0,0.397959184,0.5,1,0.333333333,0.214285714,0,1,1,0.951219512
0,0.575342466,0.068835645,0.8,0,0,0.397959184,0.5,0.6,0,0.071428571,0.8,1,0,0.951219512
0,0.054794521,0.061332846,0.6,0,0.459366391,0.397959184,0.25,1,0.666666667,0.571428571,0.2,1,0,0.951219512
1,0.178082192,0.023142313,0.8,0,0.436639118,0.397959184,0.5,0.6,0.333333333,0.928571429,0,1,1,0.951219512
1,0.657534247,0.067404092,0.933333333,0,0,0.091836735,0.75,0.933333333,0.333333333,0.285714286,0,1,1,0.951219512
0,0.054794521,0.097105435,0.533333333,0,0,0.193877551,0.5,0.733333333,0.666666667,0.571428571,0.6,1,0,0.951219512
1,0.287671233,0.082391424,0.866666667,0.07298073,0,0.602040816,0.875,0.8,0.333333333,0.285714286,0,1,1,0.951219512
0,0.246575342,0.13258373,0.333333333,0,0,0.357142857,0.5,0,0.333333333,0.071428571,1,1,0,0.951219512
0,0.191780822,0.214089567,0.533333333,0,0.513774105,0.397959184,0.5,0.733333333,0.666666667,0.071428571,0.8,1,0,0.951219512
1,0.397260274,0.122110932,0.933333333,0.150241502,0,0.602040816,0.625,0.933333333,0.333333333,0.714285714,0,1,1,0.951219512
0,0.328767123,0.078759095,0.533333333,0,0,0.397959184,0,0.733333333,0.666666667,0,0.6,1,0,0.951219512
0,0.602739726,0.126009817,0.8,0,0,0.397959184,0,0.6,0,0,0.2,1,0,0.951219512
0,0.219178082,0.045432866,0.866666667,0,0,0.295918367,0.875,0.8,0.666666667,0.714285714,0.2,0.25,1,0.585365854
0,0.123287671,0.03121611,0.533333333,0,0,0.5,0.5,0.733333333,0.333333333,0.714285714,0,1,1,0.951219512
0,0.328767123,0.110864175,0.666666667,0,0,0.397959184,0.875,0.533333333,0.333333333,0.928571429,0,1,1,0.951219512
0,0.383561644,0.046849535,0.533333333,0,0,0.397959184,0.625,0.733333333,0.666666667,0.857142857,0.8,0.25,1,0.951219512
0,0.01369863,0.162124057,0.4,0,0,0.142857143,0.5,0.066666667,0.666666667,0.857142857,0.6,1,0,0.951219512
0,0.383561644,0.112345115,0.666666667,0,0,0.295918367,0.625,0.533333333,0,0.857142857,0.8,1,0,0.951219512
1,0.315068493,0.107026179,0.8,0.143441434,0,0.448979592,0.5,0.6,0.666666667,0.928571429,0.2,1,0,0.951219512
0,0,0.061947819,0.4,0,0,0.448979592,0,0.066666667,0.666666667,0,0.6,1,0,0.951219512
0,0.123287671,0.150173024,0.533333333,0,0,0.397959184,0.5,0.733333333,0.333333333,0.5,0,0.5,1,0.951219512
0,0.383561644,0.11132828,0.533333333,0,0,0.397959184,0.5,0.733333333,0.666666667,0.571428571,0.2,1,0,0.195121951
0,0.04109589,0.288229265,0.533333333,0,0,0.5,0.5,0.733333333,0.666666667,0.5,0.2,1,1,0.951219512
0,0.342465753,0.133288682,0.533333333,0,0,0.5,0.75,0.733333333,0.333333333,0.214285714,0,1,1,0.951219512
0,0.205479452,0.226868681,0.533333333,0,0,0.397959184,0.5,0.733333333,0.333333333,0.428571429,0,1,1,0.951219512
0,0.219178082,0.13870301,0.8,0,0,0.397959184,0.25,0.6,0.666666667,0.071428571,0.2,0.5,1,0.951219512
0,0.726027397,0.219010023,0.133333333,0,0,0.193877551,0,0.266666667,0.333333333,0,0,1,1,0.951219512
0,0.123287671,0.171662557,0.6,0,0,0.5,0.5,1,0.333333333,0.857142857,0,1,1,0.951219512
0,0.410958904,0.153678164,0.4,0,0,0.397959184,0.5,0.066666667,0.333333333,0.5,1,0.5,0,0.951219512
1,0.273972603,0.16679487,0.8,0,0,0.5,0.5,0.6,0.333333333,0.857142857,0,1,1,0.951219512
0,0.068493151,0.123664262,0.6,0,0,0.37755102,0.5,1,0.666666667,0.571428571,0.6,1,0,0.951219512
0,0.383561644,0.193384818,0.533333333,0,0,0.244897959,0.75,0.733333333,0.333333333,0.285714286,0,1,1,0.951219512
0,0.178082192,0.11997375,0.8,0,0,0.397959184,0.5,0.6,0.666666667,0.714285714,0.6,1,0,0.756097561
0,0.465753425,0.044394381,0.666666667,0,0,0.397959184,0.875,0.533333333,0,0.714285714,0.8,1,0,0.951219512
0,0.561643836,0.087336912,0.533333333,0,0,0.418367347,0.5,0.733333333,0,0.071428571,0.2,1,0,0.951219512
0,0.438356164,0.015366193,0.6,0,0,0.602040816,0.625,1,0.333333333,0.357142857,0,1,1,0.951219512
0,0.246575342,0.063636456,0.533333333,0,0,0.448979592,0.5,0.733333333,0.333333333,0.285714286,0,1,1,0.951219512
1,0.616438356,0.051261235,0.6,0,0,0.602040816,0.5,1,0.333333333,0.071428571,0,1,1,0.951219512
0,0.534246575,0.027870633,0.533333333,0,0,0.397959184,0.5,0.733333333,0.333333333,0.5,0,1,1,0.951219512
0,0.383561644,0.060832209,0.666666667,0,0,0.397959184,0.5,0.533333333,0,0.071428571,0.2,1,0,0.951219512
1,0.164383562,0.07243956,0.533333333,0,0,0.091836735,0.5,0.733333333,0.333333333,0.714285714,1,0.25,0,0.073170732
0,0.191780822,0.109542221,0.533333333,0,0,0.653061224,0.5,0.733333333,0.333333333,1,0,1,1,0.951219512
0,0.054794521,0.118548286,0.666666667,0,0,0.397959184,0.5,0.533333333,0.666666667,0.214285714,0.8,1,1,0.951219512
0,0.397260274,0.153678164,0.533333333,0,0,0.397959184,0.5,0.733333333,0.833333333,0.5,0.6,0.5,0,0.951219512
0,0.191780822,0.064972617,0.6,0,0,0.275510204,0.5,1,0.166666667,0.214285714,0,1,1,0.951219512
1,0.356164384,0.102272151,0.533333333,0,0,0.397959184,0.5,0.733333333,0.333333333,0.214285714,0,1,1,0.951219512
0,0.260273973,0.117668111,0.733333333,0,0,0.5,0.5,0.466666667,0.333333333,0.214285714,0,1,1,0.951219512
1,0.342465753,0.136631453,0.933333333,0,0.436639118,0.5,0.75,0.933333333,0.333333333,0.714285714,0,1,1,0.951219512
0,0.082191781,0.151895489,0.6,0,0,0.346938776,0.75,1,0.666666667,0.357142857,0.6,1,1,0.951219512
0,0.383561644,0.182177977,0.533333333,0,0,0.5,0.5,0.733333333,1,0.571428571,0.4,0.25,0,0.853658537
1,0.301369863,0.019396326,0.933333333,0,0,0.448979592,0.5,0.933333333,0,0.714285714,0.2,1,1,0.951219512
0,0.219178082,0.068383718,0.533333333,0,0,0.397959184,0.25,0.733333333,0.333333333,0.571428571,0,1,1,0.951219512
0,0.02739726,0.179914959,0.6,0,0.367768595,0.397959184,0,1,0.666666667,0,0.6,1,0,0.951219512
1,0.465753425,0.07205664,0.8,0,0,0.704081633,0.5,0.6,0.333333333,0.714285714,0,1,1,0.951219512
1,0.273972603,0.124647947,0.866666667,0,0,0.448979592,0.25,0.8,0.333333333,0.714285714,1,1,0,0.951219512
0,0.342465753,0.222310172,0.533333333,0,0,0.43877551,0.5,0.733333333,0,0.357142857,0.2,1,1,0.951219512
0,0.506849315,0.180529932,0.6,0,0,0.397959184,0.5,1,0.666666667,0.928571429,0.2,1,1,0.951219512
0,0.684931507,0.022683621,0.2,0,0,0.397959184,0.75,0.333333333,0.333333333,0.357142857,0,1,1,0.951219512
0,0.02739726,0.328207886,0.2,0,0,0.346938776,0,0.333333333,0.5,0,0.2,1,0,0.634146341
0,0.205479452,0.059790341,0.266666667,0,0,0.397959184,0.5,0.4,0.833333333,0.5,0.8,1,0,0.097560976
0,0.301369863,0.129147597,0.6,0,0,0.448979592,0.5,1,0,0.357142857,0.8,1,0,0.951219512
0,0.561643836,0.274088281,0.2,0,0,0.397959184,0.5,0.333333333,0,0.5,0.6,1,1,0.951219512
0,0.232876712,0.130874797,0.533333333,0,0,0.397959184,0.5,0.733333333,0.666666667,0.071428571,0.2,1,0,0.951219512
0,0.561643836,0.150323892,0.333333333,0,0,0.397959184,0.5,0,0.333333333,1,0,1,1,0.951219512
0,0.273972603,0.099878562,0.266666667,0,0,0.244897959,0.5,0.4,0.833333333,0.571428571,0.8,1,0,0.951219512
0,0.068493151,0.197763368,0.533333333,0,0,0.397959184,0.5,0.733333333,0.666666667,0.428571429,0.6,1,1,0.951219512
0,0.465753425,0.085171993,0.533333333,0,0.43067034,0.397959184,0.5,0.733333333,0.833333333,0.5,0.2,1,1,0.951219512
1,0.301369863,0.013735061,0.6,0,0.340909091,0.397959184,0.25,1,0.333333333,0.285714286,0,0,1,0.951219512
1,0.219178082,0.108733082,0.8,0,0.424242424,0.448979592,0.25,0.6,0.333333333,0.071428571,0,1,1,0.951219512
0,0.054794521,0.040479936,0.6,0,0,0.448979592,0.5,1,0.666666667,0.071428571,0.2,1,1,0.951219512
1,0.273972603,0.026299036,0.6,0.07298073,0,0.357142857,0.25,1,0.333333333,0.928571429,1,1,0,0.951219512
0,0.095890411,0.247789245,0.4,0,0,0.387755102,0.5,0.066666667,0.666666667,0.428571429,0.6,1,1,0.951219512
0,0.726027397,0.248650477,0.6,0.105661057,0,0.397959184,0.625,1,0.333333333,0.857142857,0,1,1,0.951219512
0,0.287671233,0.144491464,0.533333333,0,0,0.397959184,0.625,0.733333333,0,0.285714286,0.8,1,1,0.951219512
0,0.643835616,0.220598533,0.666666667,0,0,0.142857143,0,0.533333333,0.333333333,0,1,1,0,0.951219512
0,0.287671233,0.013944788,0.4,0,0,0.397959184,0.5,0.066666667,0,0.857142857,0.8,1,0,0.951219512
1,0.328767123,0.07681811,0.533333333,0,0.433195592,0.551020408,0.625,0.733333333,0.333333333,0.857142857,0,1,1,0.951219512
0,0.273972603,0.058848601,0.533333333,0,0,0.397959184,0.5,0.733333333,0.666666667,1,0.4,1,0,0.951219512
1,0.397260274,0.020919211,1,0,0.359044995,0.5,0.125,0.666666667,0.666666667,0.714285714,0.2,1,0,0.951219512
0,0.506849315,0.208313291,0.6,0,0,0.397959184,0.5,1,0,0.285714286,0.8,1,0,0.268292683
0,0.616438356,0.049029338,0.266666667,0,0,0.346938776,0.5,0.4,0.333333333,0.571428571,0,1,1,0.951219512
0,0.452054795,0.115432155,0.533333333,0,0,0.244897959,0.5,0.733333333,0.666666667,0.428571429,0.6,1,1,0.951219512
0,0.178082192,0.111789002,0.533333333,0,0,0.193877551,0.5,0.733333333,0.333333333,0.071428571,0.6,1,0,0.951219512
0,0.438356164,0.264374558,0.066666667,0,0,0.397959184,0.5,0.2,0.666666667,0.5,0.4,1,0,0.634146341
1,0.164383562,0.068862707,0.6,0,0,0.459183673,0.125,1,0.333333333,0.785714286,0,1,1,0.951219512
0,0.191780822,0.123032376,0.666666667,0,0,0.397959184,0.125,0.533333333,0.333333333,0.428571429,0,1,1,0.951219512
0,0.438356164,0.11943455,0.533333333,0,0,0.418367347,0.5,0.733333333,0,0.714285714,0.2,1,1,0.951219512
1,0.383561644,0.09242515,0.8,0,0,0.5,0.5,0.6,0.333333333,0.714285714,0,1,1,0.951219512
0,0.109589041,0.182514892,0.2,0,0,0.397959184,0.5,0.333333333,0.333333333,0.428571429,0,1,1,0.634146341
0,0.054794521,0.079198844,0.6,0,0,0.397959184,0.5,1,0.666666667,0.857142857,0.6,1,1,0.951219512
0,0.273972603,0.014015148,0.533333333,0,0,0.5,0.5,0.733333333,0.333333333,0.857142857,0,1,1,0.951219512
0,0.301369863,0.238630959,0.8,0,0,0.397959184,0.5,0.6,0.666666667,0.428571429,0.6,1,1,0.951219512
0,0.726027397,0.106989646,0.8,0,0,0.193877551,0.5,0.6,1,0.714285714,0.8,1,0,0.804878049
1,0.410958904,0.123459271,0.666666667,0,0,0.397959184,0.5,0.533333333,0.333333333,0.5,0,1,1,0.951219512
0,0.219178082,0.114404495,0.533333333,0,0,0.397959184,0.5,0.733333333,0.833333333,0.571428571,0.8,1,0,0.951219512
0,0.205479452,0.057801998,0.6,0,0,0.37755102,0.5,1,0.666666667,0.214285714,0.2,1,1,0.951219512
1,0.246575342,0.239871052,0.933333333,0,0,0.806122449,0.5,0.933333333,0.333333333,0.714285714,0,1,1,0
0,0.068493151,0.157794894,0.466666667,0,0,0.346938776,0.5,0.133333333,0.666666667,0.571428571,0.2,1,1,0.951219512
0,0,0.128701759,0.4,0,0,0.397959184,0,0.066666667,0.666666667,0,0.6,1,1,0.951219512
0,0.082191781,0.111968284,0.8,0,0,0.295918367,0.5,0.6,0.666666667,0.857142857,0.6,1,0,0.219512195
1,0.328767123,0.132123008,0.533333333,0,0,0.397959184,0.5,0.733333333,0.333333333,1,0,1,1,0.951219512
1,0.232876712,0.010289457,0.533333333,0,0,0.479591837,0.5,0.733333333,0,0.214285714,0.2,0,1,0.951219512
0,0.506849315,0.021572746,0.533333333,0,0,0.37755102,0.875,0.733333333,0.833333333,0.285714286,0.8,1,0,0.951219512
1,0.315068493,0.109658585,0.8,0,0,0.5,0.5,0.6,0.333333333,0.285714286,0,1,1,0.951219512
0,0.095890411,0.147613684,0.533333333,0,0,0.43877551,0.5,0.733333333,0.333333333,0.214285714,0,1,1,0.951219512
0,0.328767123,0.014879086,0.666666667,0,0,0.397959184,0.5,0.533333333,0.833333333,0.571428571,0.2,1,1,0.951219512
0,0.054794521,0.198623923,0.6,0,0,0.540816327,0.5,1,0.333333333,0.214285714,0,1,1,0.951219512
1,0.383561644,0.191044675,0.666666667,0.043860439,0,0.37755102,0.5,0.533333333,0.333333333,0.214285714,0,1,1,0.951219512
0,0.068493151,0.151170917,0.533333333,0,0,0.448979592,0.5,0.733333333,0.666666667,0.571428571,0.2,1,0,0.951219512
0,0.232876712,0.169825758,0.8,0,0,0.448979592,0.5,0.6,0.666666667,0.857142857,0.8,0.5,1,0
1,0.342465753,0.018438349,0.533333333,0,0,1,0.75,0.733333333,0.333333333,0.357142857,0,1,1,0.951219512
0,0.287671233,0.208387033,0.2,0,0,0.397959184,0.5,0.333333333,0.333333333,0.071428571,0,1,1,0.951219512
0,0.219178082,0.191665736,0.6,0,0,0.346938776,0.875,1,0.833333333,0.071428571,0.6,0.5,1,0.951219512
0,0.205479452,0.06422572,0.8,0,0,0.397959184,0.5,0.6,0.666666667,0.071428571,0.2,0.25,1,0.951219512
0,0.082191781,0.112665794,0.533333333,0,0,0.397959184,0.5,0.733333333,0.666666667,0.071428571,0.2,1,0,0.951219512
0,0.191780822,0.024560335,0.6,0,0,0.397959184,0.5,1,0.333333333,0.214285714,0,1,1,0.951219512
0,0.712328767,0.126719504,0.933333333,0,0,0.244897959,0,0.933333333,0.333333333,0,1,1,0,0
1,0.191780822,0.114203563,0.8,0,0,0.397959184,0.5,0.6,0.333333333,0.857142857,0,1,1,0.951219512
1,0.164383562,0.140970763,0.8,0,0,0.397959184,0.25,0.6,0.333333333,0.285714286,0,0.5,1,0.951219512
0,0.424657534,0.084005642,0.6,0,0,0.153061224,0.5,1,0,0.857142857,0.2,1,0,0.951219512
0,0.273972603,0.117316312,0.333333333,0,0,0.846938776,0,0,0.333333333,0,0,1,1,0.951219512
1,0.547945205,0.141060743,0.533333333,0,0,0.448979592,0.625,0.733333333,0.333333333,0.857142857,0,1,1,0.951219512
1,0.232876712,0.24863627,0.8,0,0,0.602040816,0.5,0.6,0.333333333,0.857142857,0,1,1,0.951219512
0,0.109589041,0.221906279,0.266666667,0,0,0.397959184,0.5,0.4,0.333333333,0.428571429,0,1,1,0.951219512
0,0.410958904,0.121619766,0.533333333,0,0.365013774,0.397959184,0.5,0.733333333,0,1,0.2,1,1,0.951219512
0,0.232876712,0.135079476,0.533333333,0,0.365013774,0.397959184,0.5,0.733333333,0,0.857142857,0.2,1,0,0.951219512
0,0.465753425,0.183968094,0.533333333,0,0,0.346938776,0.5,0.733333333,1,0.714285714,0.8,1,0,0.951219512
0,0.150684932,0.014619972,0.8,0,0,0.448979592,0.5,0.6,0.666666667,0.857142857,0.2,1,1,0.951219512
1,0.493150685,0.19759491,0.6,0,0,0.357142857,0.5,1,0.333333333,0.214285714,0,1,1,0.951219512
0,0.465753425,0.156514209,0.333333333,0,0,0.397959184,0.875,0,0.333333333,0.214285714,0,0,1,0.951219512
0,0.520547945,0.072704762,0.866666667,0,0,0.397959184,0.5,0.8,0.666666667,0.714285714,0.4,0.25,0,0.902439024
0,0.232876712,0.142737202,0.533333333,0.028290283,0,0.785714286,0.625,0.733333333,0.333333333,0.214285714,0,1,1,0.951219512
0,0.150684932,0.072102644,0.333333333,0,0,0.479591837,0.5,0,0.333333333,0.214285714,1,0.75,0,0.317073171
0,0.479452055,0.1219648,0.6,0,0,0.37755102,0.25,1,0,0.285714286,0.2,1,0,0.951219512
0,0.465753425,0.061255721,0.666666667,0,0,0.397959184,0.5,0.533333333,0.333333333,0.428571429,0,1,1,0.292682927
0,0.287671233,0.050738271,0.666666667,0,0,0.397959184,0.5,0.533333333,0.666666667,0.285714286,0.4,0.25,0,0.951219512
0,0.246575342,0.125213532,0.533333333,0,0,0.397959184,0.5,0.733333333,0.333333333,0.357142857,0,1,1,0.951219512
1,0.835616438,0.152226992,0.533333333,0,0,0.448979592,0.625,0.733333333,1,0.857142857,0.2,1,1,0.951219512
0,0.219178082,0.042542021,0.533333333,0,0,0.551020408,0.5,0.733333333,0.333333333,1,0,1,1,0.951219512
0,0.287671233,0.058771476,0.533333333,0,0,0.459183673,0.5,0.733333333,0,0.857142857,0.8,1,1,0.951219512
0,0.219178082,0.045527581,0.8,0,0,0.397959184,0.875,0.6,0.333333333,0.071428571,0,0.5,1,0.951219512
0,0.835616438,0.014140307,0.2,0,0,0.602040816,0,0.333333333,0.333333333,0,0,1,1,0.951219512
0,0.136986301,0.155144897,0.8,0,0,0.5,0.5,0.6,0.666666667,0.928571429,0.4,1,1,0.951219512
0,0.095890411,0.12042703,0.666666667,0,0,0.448979592,0.5,0.533333333,0.333333333,0.214285714,0,1,1,0.951219512
0,0.164383562,0.684824929,0.4,0,0,0.397959184,0,0.066666667,0.666666667,0,0.6,0.5,1,0.951219512
0,0.630136986,0.091437405,0.6,0,0,0.346938776,0.25,1,0,0.285714286,0.2,1,0,0.951219512
0,0.246575342,0.160455039,0.8,0,0,0.397959184,0.5,0.6,0.666666667,0.071428571,0.6,0.5,0,0.951219512
0,0.246575342,0.147328861,0.2,0,0,0.397959184,0.5,0.333333333,0.333333333,0.5,0,1,1,0.634146341
0,0.109589041,0.149633824,0.733333333,0,0,0.295918367,0.5,0.466666667,0.666666667,0.928571429,0.2,1,1,0.951219512
0,0.109589041,0.071109487,0.8,0,0,0.37755102,0.875,0.6,0.333333333,0.285714286,1,1,0,0.951219512
0,0.315068493,0.038863688,0.533333333,0,0,0.397959184,0.5,0.733333333,0,0.285714286,0.2,1,0,0.951219512
0,0.082191781,0.029043748,0.8,0,0,0.551020408,0.5,0.6,0.666666667,0.857142857,0.6,1,1,0.951219512
0,0.095890411,0.065208052,0.666666667,0,0,0.316326531,0.5,0.533333333,0.666666667,0.571428571,0.8,1,0,0.951219512
0,0.273972603,0.172381716,0.6,0,0,0.397959184,0.5,1,0.333333333,0.071428571,0,1,1,0.951219512
0,0.506849315,0.094887746,0.6,0,0,0.418367347,0.25,1,0,0.214285714,0.8,1,1,0.951219512
0,0.534246575,0.177135067,0.866666667,0,0.383149679,0.397959184,0.875,0.8,0,0.714285714,0.2,1,1,0.951219512
0,0.082191781,0.132813076,0.6,0,0,0.448979592,0.5,1,0.666666667,0.857142857,0.2,1,1,0.951219512
1,0.342465753,0.109552369,0.933333333,0,0,0.37755102,0.75,0.933333333,0.333333333,0.714285714,0,1,1,0.951219512
0,0.465753425,0.229341425,0.8,0,0,0.5,0.625,0.6,0,0.357142857,0.8,1,1,0.951219512
0,0.452054795,0.14557257,0.533333333,0,0,0.510204082,0.5,0.733333333,0.666666667,0.285714286,0.8,1,1,0.951219512
0,0.452054795,0.080869215,0.533333333,0,0,0.397959184,0.5,0.733333333,0,0.571428571,0.2,1,0,0.951219512
0,0.205479452,0.104742189,0.533333333,0,0,0.397959184,0.5,0.733333333,0.333333333,0.857142857,0,0.25,1,0.414634146
0,0.246575342,0.117368405,0.6,0,0,0.397959184,0.25,1,0.333333333,0.571428571,0,1,1,0.951219512
1,0.246575342,0.120431766,0.8,0,0.453856749,0.653061224,0.5,0.6,0.333333333,0.857142857,0,1,1,0.951219512
0,0.164383562,0.132051972,0.2,0,0,0.397959184,0.5,0.333333333,0.333333333,1,0,1,1,0.634146341
0,0.260273973,0.248449546,0.8,0,0,0.397959184,0.5,0.6,0,0.714285714,0.2,1,1,0.268292683
0,0.301369863,0.27693921,0.6,0,0,0.295918367,0.5,1,0,0.785714286,0.8,0.5,0,0.951219512
0,0.534246575,0.21600755,0.533333333,0,0,0.357142857,0.5,0.733333333,0.333333333,0.857142857,1,0.5,0,0.951219512
0,0.082191781,0.1309641,0.533333333,0,0.500229568,0.602040816,0.5,0.733333333,0.333333333,0.5,0,1,1,0.951219512
0,0.219178082,0.2028056,0.8,0,0,0.397959184,0.5,0.6,0.666666667,0.285714286,0.2,1,1,0.951219512
1,0.342465753,0.098285316,0.8,0,0.436639118,0.806122449,0.75,0.6,0.333333333,0.357142857,0,1,1,0.951219512
0,0.02739726,0.160558549,0.6,0,0,0.071428571,0.5,1,0.666666667,0.785714286,0.6,1,1,0.951219512
0,0.273972603,0.019396326,0.8,0,0,0.295918367,0.5,0.6,0.666666667,0.714285714,0.2,1,1,0.951219512
1,0.479452055,0.186162105,0.8,0,0,0.397959184,0.5,0.6,0,0.714285714,0.8,1,0,0.951219512
1,0.315068493,0.030409001,0.666666667,0,0,0.397959184,0.75,0.533333333,0.333333333,0.285714286,0,1,1,0.951219512
0,0.424657534,0.074284477,0.533333333,0,0,0.397959184,0.875,0.733333333,0.333333333,0.785714286,0,1,1,0.951219512
1,0.410958904,0.106242748,0.866666667,0.043860439,0,0.346938776,0.25,0.8,0.333333333,0.714285714,1,0.5,0,0.951219512
0,0.369863014,0.014060476,0.466666667,0,0,0.551020408,0.25,0.133333333,0.333333333,0.214285714,0,1,1,0.951219512
0,0.150684932,0.239662002,0.6,0,0,0.397959184,0.125,1,0.666666667,0.071428571,0.2,1,0,0.951219512
1,0.575342466,0.06464179,0.333333333,0,0.340909091,0.397959184,0.5,0,0.333333333,1,0,1,1,0.951219512
0,0.328767123,0.109310169,0.533333333,0,0,0.397959184,0.5,0.733333333,0.333333333,0.571428571,0,0.25,1,0.073170732
0,0.410958904,0.071762346,0.533333333,0,0,0.5,0,0.733333333,0.666666667,0,0.4,1,0,0
0,0.479452055,0.054692632,0.4,0,0,0.316326531,0.5,0.066666667,0.333333333,0.571428571,0,1,1,0.951219512
1,0.164383562,0.114435616,0.8,0.07298073,0,0.397959184,0.25,0.6,0.333333333,0.714285714,0,1,1,0.951219512
0,0.547945205,0.03997118,0.533333333,0,0,0.397959184,0.5,0.733333333,0,0.571428571,0.8,1,0,0.951219512
0,0.068493151,0.256091035,0.133333333,0,0,0.397959184,0.5,0.266666667,0.333333333,0.214285714,0.4,1,1,0.634146341
0,0.095890411,0.048691746,0.8,0,0,0.5,0.25,0.6,0.666666667,0.714285714,0.2,1,1,0.951219512
1,0.356164384,0.084364884,0.8,0.07298073,0,0.5,0.75,0.6,0.333333333,0.285714286,0,1,1,0.951219512
0,0.232876712,0.084983239,0.533333333,0,0,0.346938776,0.5,0.733333333,0.666666667,0.857142857,0.2,1,0,0.951219512
1,0.260273973,0.108340691,0.533333333,0,0,0.397959184,0.5,0.733333333,0.5,0.714285714,0.8,1,0,0.951219512
0,0.01369863,0.172594149,0.466666667,0,0,0.112244898,0,0.133333333,0.666666667,0,0.6,1,0,0.951219512
0,0.410958904,0.01485879,0.533333333,0,0,0.37755102,0.5,0.733333333,0.333333333,0.071428571,0,1,1,0.951219512
0,0.465753425,0.087343001,0.533333333,0,0,0.551020408,0.75,0.733333333,0.333333333,0.357142857,0,1,1,0.951219512
0,0.123287671,0.093322238,0.8,0,0,0.346938776,0.25,0.6,0.666666667,0.714285714,0.6,1,0,0.951219512
0,0.342465753,0.133638452,0.8,0,0,0.551020408,0.25,0.6,0,0.714285714,0.4,1,0,0.951219512
0,0.260273973,0.135407597,0.533333333,0,0,0.397959184,0.5,0.733333333,0.666666667,0.214285714,0.6,0.5,1,0.951219512
0,0.04109589,0.118425833,0.333333333,0,0,0.295918367,0,0,0.666666667,0,0.2,1,0,0.951219512
1,0.575342466,0.098535635,0.333333333,0,0,0.397959184,0.5,0,0.333333333,0.214285714,0,1,1,0.951219512
0,0.191780822,0.147997957,0.6,0,0,0.5,0.5,1,0.333333333,1,0,1,1,0.951219512
0,0.04109589,0.008531812,0.533333333,0,0,0.193877551,0.5,0.733333333,0.333333333,0.071428571,1,1,0,0.951219512
0,0.424657534,0.161321007,0.533333333,0,0,1,0.5,0.733333333,0.333333333,1,0,0.5,1,0.951219512
0,0.315068493,0.122623747,0.6,0,0,0.397959184,0.5,1,0.333333333,0.071428571,1,1,0,0.146341463
1,0.232876712,0.058180859,0.933333333,0,0.359044995,0.397959184,0.5,0.933333333,0.666666667,0.928571429,0.2,0.25,1,0.463414634
0,0.01369863,0.165087967,0.533333333,0,0,0.295918367,0,0.733333333,0.666666667,0,0.6,0.5,0,0.951219512
0,0,0.010125058,0.4,0,0,0.397959184,0,0.066666667,1,0,0.6,1,1,0.951219512
0,0.547945205,0.026050747,0.666666667,0,0,0.193877551,0.75,0.533333333,0.333333333,0.285714286,0,1,1,0.951219512
0,0.479452055,0.203106659,0.666666667,0,0,0.397959184,0.125,0.533333333,0,0.357142857,0.2,1,0,0.951219512
0,0.123287671,0.030203333,0.8,0,0,0.5,0.5,0.6,0.666666667,0.285714286,0.2,0.5,1,0
0,0.301369863,0.239124831,0.6,0,0,0.397959184,0.5,1,0,0.214285714,0.2,1,1,0.951219512
0,0.246575342,0.04753825,0.533333333,0,0,0.346938776,0.5,0.733333333,0.666666667,0.214285714,0.8,1,1,0.951219512
0,0.02739726,0.159976727,0.6,0,0,0.193877551,0.5,1,0.666666667,0.857142857,0.6,1,1,0.951219512
0,0.273972603,0.041862778,0.8,0,0,0.397959184,0.875,0.6,0.666666667,0.714285714,0.2,1,0,0.951219512
0,0.342465753,0.124124307,0.533333333,0,0,0.397959184,0.5,0.733333333,0.833333333,0.214285714,0.8,1,1,0.951219512
0,0.452054795,0.097638546,0.6,0,0,0.295918367,0.75,1,0.333333333,0.285714286,1,1,0,0.951219512
1,0.438356164,0.072955081,0.8,0,0,0.5,0.625,0.6,0.333333333,0.285714286,0,1,1,0.951219512
0,0.424657534,0.104778045,0.666666667,0,0,0.397959184,0.5,0.533333333,0.666666667,0.071428571,0.8,1,1,0.951219512
1,0.219178082,0.147889711,0.6,0,0.648301194,0.479591837,0.5,1,0,0.285714286,0.8,1,1,0.951219512
0,0.136986301,0.023108486,0.8,0,0,0.346938776,0.125,0.6,0.666666667,0.785714286,0.2,1,0,0.951219512
0,0.178082192,0.090269702,0.666666667,0,0,0.397959184,0.5,0.533333333,0.666666667,0.714285714,0.2,1,1,0.951219512
0,0.397260274,0.170002334,0.533333333,0,0,0.397959184,0.5,0.733333333,0.333333333,0.5,0,1,1,0.951219512
0,0.109589041,0.124930739,0.8,0,0,0.397959184,0.5,0.6,0.666666667,0.857142857,0.6,1,0,0.951219512
0,0.01369863,0.010577661,0.4,0,0,0.244897959,0.5,0.066666667,0.666666667,0.285714286,0.6,1,0,0.951219512
0,0.301369863,0.082593032,0.533333333,0,0,0.346938776,0.25,0.733333333,0.666666667,0.071428571,0.6,1,0,0.951219512
0,0.315068493,0.138578527,0.333333333,0,0,0.5,0.5,0,0,0.214285714,0.2,1,1,0.951219512
1,0.397260274,0.140048643,0.533333333,0,0,0.806122449,0.125,0.733333333,0.333333333,0.071428571,0,0.5,1,0.951219512
0,0.150684932,0.048436015,0.533333333,0,0,0.397959184,0.5,0.733333333,0.333333333,0.5,0,0.5,1,0.951219512
1,0.397260274,0.054983543,0.8,0.03103031,0,0.5,0.25,0.6,0.333333333,0.714285714,0,1,1,0.951219512
0,0.136986301,0.056784486,0.533333333,0,0,0.5,0,0.733333333,0.833333333,0,0.8,1,0,0.951219512
0,0.301369863,0.120977055,0.533333333,0,0,0.540816327,0.5,0.733333333,0.666666667,0.214285714,0.2,1,1,0.951219512
1,0.369863014,0.110516435,0.4,0,0,0.397959184,0.5,0.066666667,0.333333333,0.857142857,0,1,1,0.951219512
0,0.04109589,0.017704982,0.533333333,0,0,0.397959184,0,0.733333333,0.666666667,0,0.4,1,1,0.951219512
0,0.095890411,0.129376266,0.8,0,0,0.397959184,0.5,0.6,0.666666667,0.714285714,0.2,1,0,0.951219512
0,0.068493151,0.014900735,0.6,0,0,0.244897959,0.875,1,0.666666667,1,0.6,1,1,0.951219512
0,0.178082192,0.128653725,0.533333333,0,0,0.397959184,0.5,0.733333333,0,0.214285714,0.6,1,1,0.951219512
0,0.150684932,0.120966907,0.8,0.023540235,0,0.602040816,0.25,0.6,0,0.714285714,0.2,1,0,0.951219512
0,0.123287671,0.056952267,0.8,0,0,0.397959184,0.5,0.6,0.666666667,0.714285714,0.2,1,0,0.951219512
1,0.315068493,0.104550052,0.866666667,0,0,0.357142857,0.25,0.8,0.333333333,0.714285714,1,0.5,0,0.951219512
1,0.328767123,0.070431597,0.8,0,0,0.397959184,0.5,0.6,0.333333333,0.285714286,0,1,1,0.951219512
0,0.575342466,0.120905342,0.333333333,0,0,0.357142857,0.75,0,0.333333333,0.285714286,0,1,1,0.951219512
0,0.04109589,0.128004249,0.6,0,0,0.397959184,0,1,0.666666667,0,0.6,1,1,0.951219512
0,0.054794521,0.136737669,0.6,0,0.395087236,0.234693878,0.5,1,0.666666667,0.571428571,0.6,1,0,0.951219512
1,0.356164384,0.040628097,0.866666667,0,0,0.397959184,0.5,0.8,0.333333333,0.928571429,0,0.25,1,0.951219512
1,0.465753425,0.097771148,0.533333333,0.03103031,0,0.602040816,0.75,0.733333333,0.333333333,0.357142857,0,1,1,0.951219512
0,0.068493151,0.123497833,0.8,0,0,0.295918367,0.5,0.6,0.666666667,0.285714286,0.2,1,1,0.951219512
1,0.438356164,0.066829036,0.8,0,0,0.5,0.75,0.6,0.333333333,0.214285714,0,1,1,0.951219512
1,0.397260274,0.161378512,0.933333333,0.150241502,0,0.397959184,0.875,0.933333333,0.333333333,0.285714286,0,1,1,0.951219512
0,0.068493151,0.20859676,0.2,0,0,0.346938776,0.5,0.333333333,0.666666667,0.214285714,0.6,1,1,0.951219512
0,0.068493151,0.087082534,0.666666667,0,0,0.295918367,0.5,0.533333333,0.666666667,0.571428571,0.6,1,1,0.951219512
0,0.342465753,0.08911147,0.533333333,0,0,0.5,0.5,0.733333333,0,1,0.2,1,1,0.951219512
0,0.178082192,0.039301408,0.6,0,0,0.397959184,0.5,1,0.666666667,0.5,0.2,1,0,0.951219512
0,0.383561644,0.060746965,0.6,0,0,0.316326531,0.5,1,0,0.714285714,0.8,1,0,0.951219512
0,0.123287671,0.10011332,0.4,0,0,0.397959184,0.5,0.066666667,0.666666667,0.571428571,0.2,0.5,0,0.951219512
0,0.465753425,0.249969725,0.533333333,0,0,0.5,0.75,0.733333333,0.333333333,0.357142857,0,1,1,0.951219512
0,0.410958904,0.064234515,0.733333333,0,0.383838384,0.653061224,0.75,0.466666667,0.333333333,0.214285714,0,1,1,0.951219512
0,0.657534247,0.062736661,0.8,0,0,0.397959184,0,0.6,0.333333333,0,0,1,1,0.951219512
1,0.356164384,0.129183453,0.533333333,0,0,0.5,0.5,0.733333333,0.333333333,1,0,1,1,0.951219512
0,0.054794521,0.066565863,0.6,0,0,0.397959184,0.5,1,0.666666667,0.071428571,0.6,1,0,0.951219512
0,0.561643836,0.167058044,0.266666667,0,0,0.397959184,0.25,0.4,0,0.571428571,0.2,1,0,0.951219512
0,0.301369863,0.16596273,0.733333333,0,0,0.418367347,0.5,0.466666667,0.333333333,0.928571429,0,1,1,0.951219512
0,0.438356164,0.064348173,0.533333333,0,0,0.397959184,0.5,0.733333333,0.833333333,0.857142857,0.8,1,0,0.951219512
1,0.260273973,0.111188236,0.8,0,0,0.346938776,0.5,0.6,0.333333333,0.857142857,1,1,0,0.951219512
0,0.520547945,0.110720073,0.533333333,0,0,0.397959184,0.5,0.733333333,0,0.642857143,0.2,1,0,0.243902439
0,0.356164384,0.093526552,0.533333333,0,0,0.295918367,0.75,0.733333333,0.333333333,0.214285714,0,1,1,0.951219512
1,0.356164384,0.113530409,0.866666667,0,0,0.397959184,0.25,0.8,0.333333333,0.714285714,0,1,1,0.951219512
0,0.02739726,0.079930181,0.133333333,0,0,0.357142857,0.5,0.266666667,0.666666667,0.357142857,0.2,1,1,0.634146341
0,0.054794521,0.120850543,0.6,0,0,0.193877551,0.5,1,0.666666667,0.857142857,0.6,1,0,0.951219512
1,0.342465753,0.116183788,0.866666667,0,0,0.448979592,0.5,0.8,0.333333333,0.857142857,0,1,1,0.951219512
0,0.328767123,0.09434381,0.333333333,0,0,0.397959184,0.5,0,0.666666667,0.5,0.2,1,1,0.951219512
1,0.273972603,0.149708243,0.666666667,0,0,0.367346939,0.5,0.533333333,0.333333333,0.928571429,1,1,0,0.951219512
0,0.109589041,0.044867957,0.533333333,0,0,0.397959184,0.5,0.733333333,0.333333333,0.5,0,1,1,0.951219512
1,0.315068493,0.020027535,0.6,0,0.554407713,0.704081633,0.5,1,0.333333333,1,0,0.5,1,0.951219512
1,0.191780822,0.101586818,0.8,0,0,0.397959184,0.75,0.6,0.333333333,0.285714286,1,1,0,0.951219512
0,0.150684932,0.203166195,0.333333333,0,0,0.397959184,0.5,0,0,0.571428571,0.2,1,0,0.951219512
0,0.698630137,0.220650626,0.533333333,0,0,0.5,0.75,0.733333333,0.333333333,0.357142857,0,1,1,0.951219512
0,0.164383562,0.091105225,0.666666667,0,0,0.428571429,0.5,0.533333333,0.333333333,0.714285714,0,1,1,0.951219512
0,0.273972603,0.050598905,0.533333333,0,0,0.397959184,0.5,0.733333333,0.666666667,0.5,0.6,1,1,0.951219512
0,0,0.109065939,0.4,0,0,0.142857143,0.25,0.066666667,0.666666667,0.714285714,0.6,0.5,1,0.951219512
0,0.575342466,0.122248945,0.533333333,0,0,0.397959184,0.5,0.733333333,0.833333333,0.571428571,0.2,1,0,0.951219512
0,0.493150685,0.047025434,0.466666667,0,0,0.397959184,0.5,0.133333333,0.333333333,0.071428571,1,1,0,0.951219512
0,0.684931507,0.105498557,0.8,0,0,0.397959184,0.875,0.6,0.333333333,0.285714286,0,1,1,0.951219512
1,0.328767123,0.166071652,0.466666667,0,0,0.397959184,0.5,0.133333333,0.333333333,0.214285714,0,1,1,0.951219512
0,0.136986301,0.325687785,0.8,0,0,0.397959184,0.5,0.6,0.666666667,0.928571429,0.2,0.5,0,0.243902439
1,0.424657534,0.186292677,1,0.076880769,0,0.551020408,0.625,0.666666667,0.333333333,0.714285714,0,1,1,0.951219512
0,0.02739726,0.12609506,0.533333333,0,0,0.397959184,0.5,0.733333333,0.666666667,0.428571429,0.6,1,1,0.951219512
1,0.315068493,0.16289328,0.8,0,0,0.551020408,0.625,0.6,0.333333333,0.285714286,0,1,1,0.951219512
0,0.164383562,0.151986145,0.733333333,0,0,0.37755102,0.5,0.466666667,0,0.214285714,0.8,1,0,0.951219512
0,0.246575342,0.233102972,0.6,0.028290283,0,0.551020408,0.5,1,0.333333333,0.928571429,0,1,1,0.756097561
0,0.328767123,0.133693251,0.533333333,0,0,0.397959184,0.5,0.733333333,0.833333333,0.071428571,0.8,0.5,0,0.951219512
0,0.232876712,0.041210596,0.4,0,0,0.397959184,0.5,0.066666667,0.666666667,0.571428571,0.6,0.25,1,0.731707317
0,0.068493151,0.241702439,0.6,0,0,0.295918367,0.5,1,0.666666667,0.571428571,0.2,0.5,0,0.951219512
1,0.369863014,0.145306691,0.8,1,0,0.397959184,0.5,0.6,0.333333333,0.714285714,0,1,1,0
0,0.671232877,0.088246178,0.133333333,0,0,0.397959184,0.5,0.266666667,0.5,0.428571429,0.8,1,0,0.804878049
0,0.383561644,0.065835879,0.533333333,0,0,0.397959184,0.125,0.733333333,0.666666667,0.571428571,0.2,0.5,0,0.951219512
0,0.273972603,0.061997882,0.6,0,0,0.397959184,0.5,1,0.666666667,0.928571429,0.4,1,0,0.951219512
0,0.191780822,0.01373912,0.8,0,0,0.397959184,0.25,0.6,0.666666667,0.714285714,0.2,1,0,0.951219512
0,0.328767123,0.128287041,0.866666667,0,0,0.193877551,0.5,0.8,0.333333333,0.857142857,0,1,1,0.951219512
0,0.178082192,0.119417637,0.533333333,0,0,0.397959184,0.5,0.733333333,0.666666667,0.071428571,0.6,1,0,0.951219512
0,0.02739726,0.202750801,0.533333333,0,0,0.397959184,0.5,0.733333333,0.666666667,0.5,0.6,1,1,0.634146341
0,0.136986301,0.093751839,0.6,0,0,0.397959184,0.5,1,0.666666667,0.571428571,0.6,1,0,0.951219512
0,0.178082192,0.09176282,0.666666667,0,0,0.459183673,0.5,0.533333333,0,0.071428571,0.2,1,0,0.951219512
0,0.328767123,0.213601783,0.866666667,0,0,0.653061224,0.5,0.8,0.666666667,0.714285714,0.2,0.5,1,0.951219512
0,0.465753425,0.081714887,0.333333333,0,0,0.397959184,0.5,0,1,0.857142857,0.8,1,0,0.951219512
0,0.178082192,0.225701654,0.533333333,0,0,0.459183673,0.5,0.733333333,0.666666667,0.214285714,0.2,0.5,1,0.951219512
0,0.068493151,0.205770864,0.533333333,0,0,0.346938776,0.125,0.733333333,0.666666667,0.714285714,0.6,1,1,0.951219512
1,0.424657534,0.12635891,0.866666667,0,0,0.397959184,0.5,0.8,0.333333333,0.285714286,0,1,1,0.951219512
1,0.178082192,0.252275364,0.8,0,0,0.234693878,0.5,0.6,0.333333333,0.714285714,1,1,0,0.951219512
0,0.397260274,0.214778282,0.4,0,0,0.295918367,0.25,0.066666667,0.333333333,1,0,1,1,0.951219512
0,0.328767123,0.058546189,0.8,0,0,0.5,0.25,0.6,0.333333333,0.714285714,0,1,1,0.951219512
0,0.561643836,0.12702327,0.533333333,0,0,0.397959184,0.5,0.733333333,0.333333333,0.214285714,0,1,1,0.951219512
0,0.123287671,0.148400497,0.866666667,0,0,0.397959184,0.5,0.8,0.666666667,0.714285714,0.2,1,0,0.951219512
0,0.246575342,0.056267611,0.8,0,0,0.551020408,0.25,0.6,0.666666667,0.714285714,0.2,1,0,0.951219512
0,0.150684932,0.068920889,0.8,0,0,0.142857143,0.5,0.6,0.666666667,0.714285714,0.6,1,0,0.951219512
0,0.671232877,0.023728194,0.333333333,0.034710347,0,0.397959184,0.125,0,0.333333333,0.214285714,0,1,1,0.951219512
1,0.095890411,0.210163621,0.2,0,0.436639118,0.397959184,0.75,0.333333333,0.333333333,1,0,1,1,0.951219512
1,0.164383562,0.201265125,0.6,0,0,0.397959184,0.125,1,0.333333333,0.928571429,0,1,1,0.951219512
0,0.178082192,0.150555945,0.533333333,0,0,0.724489796,0.875,0.733333333,0.333333333,0.571428571,1,1,0,0.951219512
0,0.424657534,0.085301211,0.866666667,0,0,0.5,0.625,0.8,0.5,0.857142857,0.2,0.25,1,0.463414634
0,0.054794521,0.008781455,0.666666667,0,0,0.295918367,0.5,0.533333333,0.666666667,0.5,0.2,1,1,0.951219512
0,0.246575342,0.024689554,0.533333333,0,0,0.346938776,0.5,0.733333333,0.333333333,0.357142857,0,1,1,0.951219512
0,0.04109589,0.153168055,0.6,0,0,0.316326531,0.5,1,0.666666667,0.571428571,0.2,1,0,0.951219512
1,0.547945205,0.023847265,0.866666667,0,0,0.602040816,0.125,0.8,0,0.285714286,0.2,1,0,0.951219512
0,0.356164384,0.109626112,0.2,0,0,0.397959184,0.5,0.333333333,0.333333333,1,0,0.5,1,0.951219512
0,0.054794521,0.113694807,0.6,0,0,0.244897959,0,1,0.666666667,0,0.6,1,0,0.951219512
0,0.273972603,0.140962645,0.533333333,0,0,0.397959184,0.5,0.733333333,0,0.571428571,0.8,0.5,0,0
0,0.479452055,0.055951668,0.133333333,0,0,0.5,0.5,0.266666667,0.666666667,0.428571429,0.2,1,1,0.951219512
0,0.191780822,0.066590894,0.6,0,0,0.367346939,0.875,1,0.666666667,0.571428571,0.6,1,0,0.951219512
0,0.246575342,0.065569323,0.8,0,0,0.397959184,0.5,0.6,0.333333333,1,0,1,1,0.951219512
0,0.520547945,0.116980073,0.8,0,0,1,0.75,0.6,0.333333333,0.285714286,0,1,1,0.951219512
1,0.452054795,0.038300809,1,0,0,0.551020408,0.25,0.666666667,0.333333333,0.285714286,0,1,1,0.951219512
1,0.575342466,0.07416676,0.6,0,0,0.397959184,0.5,1,0.333333333,0.285714286,0,1,1,0.951219512
1,0.328767123,0.105840885,0.6,0,0,0.5,0.5,1,0.333333333,0.857142857,0,1,1,0.951219512
0,0.178082192,0.261686675,0.8,0,0,0.5,0.5,0.6,0,0.714285714,0.8,1,0,0.951219512
0,0.054794521,0.149045237,0.533333333,0,0,0.397959184,0.5,0.733333333,0.666666667,0.071428571,0.6,1,1,0.951219512
0,0.109589041,0.019369264,0.8,0,0,0.142857143,0,0.6,0.5,0,0.2,1,0,0.951219512
0,0.424657534,0.211815048,0.066666667,0,0,0.397959184,0.5,0.2,0.333333333,0.5,0,1,1,0.780487805
1,0.246575342,0.064282549,0.8,0,0,0.397959184,0.5,0.6,0.333333333,0.857142857,0,1,1,0.951219512
0,0.260273973,0.154276223,0.6,0,0,0.397959184,0.5,1,1,0.071428571,0.8,0.5,0,0.951219512
1,0.260273973,0.088762376,0.533333333,0.07298073,0,0.5,0.5,0.733333333,0.333333333,1,0,1,1,0.951219512
1,0.273972603,0.14522686,0.666666667,0,0,0.397959184,0.5,0.533333333,0.333333333,0.214285714,0,1,1,0.951219512
0,0.082191781,0.137561015,0.533333333,0,0,0.448979592,0.5,0.733333333,0.666666667,0.071428571,0.2,1,0,0.951219512
0,0.246575342,0.01140642,0.666666667,0,0,0.397959184,0.5,0.533333333,0.666666667,1,0.2,1,1,0.951219512
0,0.260273973,0.221557186,0.533333333,0,0,0.397959184,0.25,0.733333333,0.833333333,0.285714286,0.2,0.5,1,0.951219512
0,0.452054795,0.064131681,0.533333333,0,0,0.397959184,0.125,0.733333333,0.333333333,0.571428571,0,1,1,0.951219512
0,0.164383562,0.281223044,0.533333333,0,0,0.193877551,0,0.733333333,0.833333333,0,0.8,0.5,0,0.951219512
0,0.246575342,0.092727562,0.533333333,0,0,0.704081633,0.5,0.733333333,0.666666667,0.214285714,0.2,1,1,0.951219512
0,0.04109589,0.018232005,0.533333333,0,0,0.295918367,0.5,0.733333333,0.666666667,0.571428571,0.6,1,1,0.951219512
0,0.136986301,0.172423661,0.533333333,0,0,0.397959184,0.5,0.733333333,0.666666667,0.857142857,0.6,1,1,0.951219512
0,0.589041096,0.151036963,0.533333333,0,0,0.479591837,0.75,0.733333333,0.333333333,0.285714286,0,1,1,0.951219512
0,0.369863014,0.099874502,0.2,0,0,0.551020408,0.5,0.333333333,0.333333333,0.571428571,1,1,0,0.951219512
1,0.383561644,0.041958846,0.866666667,0,0,0.346938776,0.875,0.8,0.333333333,0.714285714,0,1,1,0.951219512
0,0.397260274,0.125635015,0.066666667,0,0,0.193877551,0.25,0.2,0.666666667,0.571428571,0.2,0,0,0.951219512
0,0.424657534,0.101352736,0.266666667,0,0,0.448979592,0.5,0.4,0.333333333,0.5,0.4,0.25,0,0.073170732
0,0.150684932,0.10927093,0.8,0,0,0.091836735,0,0.6,0.5,0,0.2,0.25,0,0.87804878
0,0.04109589,0.069548039,0.6,0,0,0.397959184,0.75,1,0.666666667,0.357142857,0.6,1,1,0.951219512
0,0.643835616,0.103641462,0.533333333,0,0,0.040816327,0.75,0.733333333,0.333333333,0.857142857,0,1,1,0.951219512
0,0.164383562,0.042723333,0.6,0,0,0.397959184,0.75,1,0.333333333,0.714285714,0,0,1,0.951219512
0,0.383561644,0.060938425,0.8,0,0,0.367346939,0.25,0.6,0.333333333,0.714285714,0,1,1,0.951219512
0,0.273972603,0.061328787,0.8,0,0,0.551020408,0.25,0.6,0,0.714285714,0.8,1,0,0.951219512
0,0.082191781,0.20467555,0.533333333,0,0,0.397959184,0.25,0.733333333,0.666666667,1,0.6,1,1,0.951219512
0,0.205479452,0.074070015,0.6,0,0,0.397959184,0.5,1,0.333333333,0.214285714,0,1,1,0.951219512
0,0.575342466,0.064293374,0.533333333,0,0,0.5,0.5,0.733333333,0.333333333,1,0,1,1,0.951219512
0,0.191780822,0.191179306,0.733333333,0,0,0.397959184,0.125,0.466666667,0.333333333,0.214285714,0,1,1,0.951219512
0,0.602739726,0.088380809,0.533333333,0,0,0.397959184,0.5,0.733333333,0.333333333,1,0,1,1,0.951219512
0,0.410958904,0.156514209,0.8,0,0,0.397959184,0.75,0.6,0.333333333,0.714285714,0,0.25,1,0.853658537
1,0.095890411,0.048094363,0.6,0,0,0.295918367,0.75,1,0.666666667,0.714285714,0.2,0.25,1,0.951219512
0,0.054794521,0.134001752,0.4,0,0,0.234693878,0.5,0.066666667,0.666666667,0.714285714,0.2,1,0,0.951219512
0,0.534246575,0.039626145,0.533333333,0,0,0.397959184,0.5,0.733333333,0.333333333,0.285714286,0,1,1,0.951219512
0,0.301369863,0.25505052,0.666666667,0,0,0.397959184,0.5,0.533333333,0,0.285714286,0.8,1,0,0.951219512
0,0.506849315,0.175138606,0.666666667,0,0,0.397959184,0.5,0.533333333,1,0.285714286,0.2,1,0,0.951219512
0,0,0.09521316,0.6,0,0,0.051020408,0.5,1,0.666666667,0.071428571,0.6,1,0,0.951219512
0,0.328767123,0.122110932,0.2,0,0,0.397959184,0.5,0.333333333,0.333333333,0.571428571,0,1,1,0
0,0.219178082,0.16796731,0.533333333,0,0,0.397959184,0.5,0.733333333,0.333333333,0.5,0,1,1,0.951219512
0,0.438356164,0.128385139,0.533333333,0,0,0.316326531,0.5,0.733333333,0,0.857142857,0.2,1,0,0.951219512
0,0.01369863,0.12382866,0.4,0,0,0.224489796,0.5,0.066666667,0.666666667,0.428571429,0.6,1,1,0.951219512
0,0.561643836,0.139663693,0.533333333,0,0,0.397959184,0.25,0.733333333,1,0.571428571,0.2,1,1,0.951219512
1,0.424657534,0.235112288,0.533333333,0,0,0.397959184,0.5,0.733333333,0.666666667,0.428571429,0.2,1,1,0.951219512
1,0.260273973,0.121883615,0.6,0.135501355,0,0.397959184,0.125,1,0.666666667,0.285714286,0.2,0.5,1,0.951219512
0,0.191780822,0.139148172,0.466666667,0,0,0.397959184,0.5,0.133333333,0.666666667,0.428571429,0.2,0.5,1,0
0,0.054794521,0.107241317,0.533333333,0,0,0.295918367,0.5,0.733333333,0.666666667,0.857142857,0.6,1,0,0.951219512
0,1,0.204111994,0.4,0,0,0.397959184,0.5,0.066666667,0.666666667,0.428571429,0.6,1,1,0.951219512
0,0.465753425,0.129320114,0.6,0,0,0.397959184,0.5,1,0,0.857142857,0.8,1,0,0.536585366
0,0.589041096,0.197406156,0.6,0,0,0.275510204,0.5,1,1,1,0.2,1,1,0.951219512
0,0.232876712,0.248375126,0.533333333,0,0,0.5,0.5,0.733333333,0.333333333,0.214285714,0,1,1,0.951219512
1,0.136986301,0.069786857,0.533333333,0,0,0.602040816,0.75,0.733333333,0.333333333,0.214285714,0,1,1,0.512195122
0,0.328767123,0.089421324,0.6,0,0,0.397959184,0.5,1,0,0.5,0.6,1,1,0.536585366
0,0.287671233,0.196741796,0.533333333,0,0,0.397959184,0.5,0.733333333,0.333333333,0.285714286,0,1,1,0.951219512
0,0.205479452,0.289452444,0.6,0,0,0.37755102,0.5,1,0.333333333,0.428571429,0,1,1,0.634146341
0,0.01369863,0.112802454,0.533333333,0,0,0.479591837,0.5,0.733333333,0.666666667,0.5,0.6,1,0,0.951219512
0,0.397260274,0.174822663,0.533333333,0.036740367,0,0.295918367,0.5,0.733333333,0.666666667,0.428571429,0.6,1,1,0.951219512
0,0.506849315,0.027358494,0.533333333,0,0,0.397959184,0.5,0.733333333,0,0.071428571,0.8,1,0,0.951219512
0,0.342465753,0.151691851,0.6,0,0,0.397959184,0.125,1,0.666666667,0.071428571,0.2,1,0,0.951219512
0,0.383561644,0.076237641,0.6,0,0,0.295918367,0.5,1,0.333333333,0.214285714,0,1,1,0.951219512
0,0.273972603,0.064952998,0.733333333,0,0,0.37755102,0.875,0.466666667,0,0.714285714,0.8,1,0,0.951219512
0,0.561643836,0.095817308,0.533333333,0,0,0.295918367,0.25,0.733333333,1,0.071428571,0.2,1,0,0.951219512
1,0.260273973,0.077389107,0.866666667,0,0.453856749,0.5,0.5,0.8,0.333333333,0.714285714,0,1,1,0.951219512
0,0.246575342,0.060680664,0.533333333,0,0,0.5,0.5,0.733333333,0.833333333,1,0.2,1,1,0.951219512
0,0.191780822,0.092835808,0.466666667,0,0,0.428571429,0.5,0.133333333,0.333333333,0.214285714,0,1,1,0.951219512
0,0.01369863,0.060556858,0.333333333,0,0,0.397959184,0.5,0,0.666666667,0.428571429,0.6,1,1,0.951219512
0,0.315068493,0.106979498,0.533333333,0,0.399678604,0.397959184,0.5,0.733333333,0,0.071428571,0.2,1,0,0.951219512
1,0.561643836,0.401334808,0.533333333,0,0,0.397959184,0.75,0.733333333,0.333333333,0.857142857,0,1,1,0.951219512
0,0.082191781,0.067922997,0.6,0,0,0.112244898,0.5,1,0.666666667,0.857142857,0.6,1,0,0.951219512
0,0.493150685,0.118762749,0.666666667,0,0,0.397959184,0.75,0.533333333,0.833333333,0.214285714,0.2,1,1,0.756097561
0,0.493150685,0.138881616,0.533333333,0,0,0.397959184,0.5,0.733333333,1,0.214285714,0.8,0.5,0,0.951219512
0,0.123287671,0.111468323,0.6,0,0,0.397959184,0.875,1,0.333333333,0.785714286,0.6,0.5,1,0.951219512
0,0.630136986,0.123368615,0.533333333,0,0,0.316326531,0.75,0.733333333,0.333333333,0.214285714,0,1,1,0.951219512
0,0.630136986,0.207343813,0.6,0,0,0.214285714,0.5,1,0,0.214285714,0.8,1,1,0.951219512
1,0.712328767,0.016690853,0.6,0.200512005,0,0.5,0.5,1,0.333333333,0.285714286,0,1,1,0.951219512
1,0.273972603,0.05876471,0.8,0,0.453856749,0.5,0.5,0.6,0.333333333,0.285714286,0,1,1,0.951219512
0,0.136986301,0.095568342,0.8,0,0,0.397959184,0.75,0.6,0.666666667,0.714285714,0.6,1,0,0.951219512
1,0.260273973,0.119452817,0.533333333,0,0,0.397959184,0.5,0.733333333,0.333333333,0.071428571,0,1,1,0.951219512
1,0.191780822,0.16719944,0.533333333,0,0,0.397959184,0.5,0.733333333,0.333333333,0.214285714,0,1,1,0.951219512
0,0.150684932,0.19085998,0.6,0,0,0.397959184,0.75,1,0.666666667,0.5,0.2,0.5,1,0.951219512
0,0.054794521,0.125361017,0.6,0,0,0.193877551,0.5,1,0.666666667,0.071428571,0.6,1,0,0.951219512
0,0.178082192,0.148146795,0.533333333,0,0,0.397959184,0.5,0.733333333,0.333333333,0.857142857,0,1,1,0.951219512
0,0.342465753,0.039083563,0.533333333,0,0,0.397959184,0.5,0.733333333,0.333333333,0.428571429,0,1,1,0.951219512
1,0.383561644,0.11943455,0.866666667,0,0,0.5,0.25,0.8,0.333333333,0.714285714,0,1,1,0.951219512
0,0.04109589,0.096596679,0.533333333,0,0,0.602040816,0.5,0.733333333,0.666666667,0.5,0.6,1,1,0.951219512
0,0.698630137,0.041598928,0.533333333,0,0,0.234693878,0.5,0.733333333,1,0.857142857,0.2,1,0,0.951219512
0,0.397260274,0.208465512,0.8,0,0,0.244897959,0.75,0.6,0.5,0.714285714,0.2,1,1,0.951219512
0,0.219178082,0.169997598,0.533333333,0,0,0.602040816,0.5,0.733333333,0,0.214285714,0.2,1,1,0.951219512
1,0.260273973,0.192924096,0.8,0.140841408,0,0.397959184,0.5,0.6,0,0.714285714,0.2,1,1,0.951219512
0,0.164383562,0.011893527,0.533333333,0,0,0.5,0.5,0.733333333,0,0.857142857,0.2,0,0,0.951219512
0,0.02739726,0.102857355,0.533333333,0,0,0.397959184,0.5,0.733333333,0.666666667,1,0.6,1,1,0.951219512
1,0.205479452,0.366087889,0.8,1,0,0.5,0.5,0.6,0.333333333,0.857142857,0,1,1,0.951219512
0,0.328767123,0.125218268,0.333333333,0,0,0.704081633,0.5,0,0.333333333,1,0,1,1,0.951219512
1,0.410958904,0.131813154,0.666666667,0,0,0.37755102,0.875,0.533333333,0.333333333,0.285714286,0,1,1,0.951219512
0,0.917808219,0.083588895,0.666666667,0,0,0.132653061,0.25,0.533333333,1,0.071428571,0.2,1,0,0.951219512
1,0.397260274,0.01255315,0.8,0,0,0.5,0.5,0.6,0.333333333,0.285714286,0,1,1,0.951219512
0,0.863013699,0.10905985,0.6,0,0,0.193877551,0.5,1,1,0.071428571,0.2,1,0,0.951219512
0,0.438356164,0.114512064,0.733333333,0,0,0.295918367,0.75,0.466666667,0.333333333,0.214285714,0,1,1,0.097560976
0,0.150684932,0.033286991,0.533333333,0,0,0.397959184,0.5,0.733333333,0.666666667,0.714285714,0.8,0.5,1,0.951219512
0,0.219178082,0.152639003,0.6,0,0,0.397959184,0.875,1,0,0.714285714,0.2,1,0,0.951219512
0,0.205479452,0.071470758,0.6,0,0,0.397959184,0.875,1,0.666666667,0.071428571,0.2,0.5,0,0.951219512
1,0.397260274,0.103410763,0.6,0,0,0.448979592,0.5,1,0.333333333,1,0,1,1,0.951219512
0,0.287671233,0.108631602,0.4,0,0,0.193877551,0,0.066666667,0,0,0.8,0.5,0,0.951219512
0,0.493150685,0.077193588,0.533333333,0,0,0.397959184,0.5,0.733333333,0,0.5,0.6,1,1,0.951219512
1,0.506849315,0.268509554,0.533333333,0,0,0.5,0.5,0.733333333,0.333333333,0.928571429,0,0.5,1,0.804878049
0,0.342465753,0.246961163,0.666666667,0,0,0.397959184,0.5,0.533333333,0.333333333,0.5,0,0.5,1,0.951219512
0,0.205479452,0.146118536,0.533333333,0,0,0.295918367,0.5,0.733333333,0.666666667,0.428571429,0.6,1,0,0.951219512
1,0.328767123,0.024066463,0.8,0,0,0.397959184,0.25,0.6,0.333333333,0.785714286,0,1,1,0.951219512
0,0.095890411,0.120956759,0.533333333,0,0,0.397959184,0.125,0.733333333,0.666666667,0.142857143,0.6,1,1,0.951219512
1,0.506849315,0.030764183,0.866666667,0,0,0.683673469,0.5,0.8,0.333333333,0.857142857,0,1,1,0.951219512
0,0.547945205,0.221145175,0.6,0,0,0.397959184,0.25,1,1,0.071428571,0.8,1,0,0.634146341
1,0.328767123,0.094947957,0.6,0,0,0.397959184,0.5,1,0.333333333,0.928571429,0,1,1,0.951219512
1,0.178082192,0.043177967,0.533333333,0,0,0.448979592,0.5,0.733333333,0.666666667,1,0.2,1,1,0.951219512
0,0.219178082,0.076138866,0.533333333,0,0,0.397959184,0.5,0.733333333,0.333333333,1,0,1,1,0.951219512
0,0.452054795,0.149567524,0.4,0,0,0.397959184,0.5,0.066666667,0,0.571428571,0.8,1,0,0.951219512
1,0.328767123,0.129861344,0.666666667,0,0,0.397959184,0.5,0.533333333,0.333333333,0.857142857,0,1,1,0.951219512
1,0.136986301,0.134098497,0.533333333,0.051780518,0,0.397959184,0.5,0.733333333,0.333333333,0.214285714,0,1,1,0.951219512
0,0.506849315,0.146869493,0.6,0,0,0.397959184,0.5,1,1,0.857142857,0.8,1,0,0.951219512
0,0.260273973,0.104968152,0.6,0,0,0.43877551,0.5,1,0.333333333,0.5,0,1,1,0.951219512
1,0.479452055,0.217836907,0.733333333,0,0,0.397959184,0.875,0.466666667,0.333333333,0.857142857,0,1,1,0.951219512
0,0.01369863,0.213330492,0.333333333,0,0,0.193877551,0.5,0,0.666666667,0.571428571,0.6,1,0,0.951219512
0,0.178082192,0.056392094,0.4,0,0,0.397959184,0.5,0.066666667,0.666666667,0.428571429,0.4,0,1,0.951219512
1,0.232876712,0.186068066,0.6,0,0,0.551020408,0.5,1,0.333333333,0.285714286,0,1,1,0.951219512
0,0.246575342,0.060498676,0.533333333,0,0,0.602040816,0.5,0.733333333,0.666666667,1,0.6,0.25,1,0.951219512
1,0.479452055,0.163671974,0.866666667,0.150241502,0,0.602040816,0.625,0.8,0.333333333,0.714285714,0,1,1,0.951219512
0,0.02739726,0.170558448,0.6,0,0.459366391,0.397959184,0.5,1,0.666666667,0.071428571,0.6,1,0,0.951219512
0,0.095890411,0.095987119,0.266666667,0,0,0.397959184,0.5,0.4,0,0.571428571,0.6,1,0,0.951219512
1,0.287671233,0.094730112,0.6,0,0,0.295918367,0.5,1,0.333333333,0.285714286,0,1,1,0.951219512
0,0.136986301,0.12182408,0.8,0,0,0.5,0.875,0.6,0.666666667,0.714285714,0.2,1,1,0.951219512
0,0.164383562,0.171676764,0.266666667,0,0,0.397959184,0.5,0.4,0.333333333,1,0,1,1,0.951219512
0,0.150684932,0.12084716,0.533333333,0,0,0.397959184,0.5,0.733333333,0.333333333,0.214285714,0,1,1,0.951219512
1,0.520547945,0.117158678,0.866666667,0,0,0.5,0.5,0.8,0.333333333,0.857142857,0,1,1,0.951219512
0,0.164383562,0.065047036,0.866666667,0,0,0.397959184,0.875,0.8,0.666666667,0.714285714,0.2,1,1,0.951219512
0,0.082191781,0.048054448,0.333333333,0,0,0.091836735,0.5,0,0.333333333,0.428571429,0,1,1,0.951219512
0,0.232876712,0.128653725,0.533333333,0,0,0.5,0.625,0.733333333,0.333333333,0.214285714,0,1,1,0.951219512
0,0.109589041,0.123938936,0.533333333,0,0,0.397959184,0.5,0.733333333,0.333333333,0.071428571,0.4,1,1,0.951219512
0,0.465753425,0.23533081,0.133333333,0,0,0.397959184,0.5,0.266666667,0.333333333,0.214285714,0.4,1,0,0.951219512
0,0.232876712,0.109940025,0.6,0,0,0.5,0.5,1,0.333333333,0.571428571,0,1,1,0.951219512
0,0.150684932,0.109856811,0.333333333,0,0,0.806122449,0,0,0.833333333,0,0.2,1,1,0.951219512
0,0.095890411,0.106110824,0.6,0,0,0.397959184,0.5,1,0.666666667,0.714285714,0.2,1,1,0.951219512
0,0.109589041,0.13232394,0.2,0,0,0.397959184,0.5,0.333333333,0.333333333,0.428571429,0,1,1,0.634146341
0,0.301369863,0.122726581,0.533333333,0,0,0.653061224,0.75,0.733333333,0.666666667,0.285714286,0.2,1,1,0.951219512
0,0.136986301,0.056032853,0.8,0,0,0.397959184,0.5,0.6,0.666666667,0.714285714,0.2,1,1,0.951219512
0,0.575342466,0.019601317,0.8,0,0,0.5,0.75,0.6,0.333333333,0.714285714,0,1,1,0.951219512
0,0.383561644,0.165321372,0.533333333,0,0,0.397959184,0.5,0.733333333,0.333333333,0.5,0,0.5,1,0.951219512
0,0.287671233,0.014045592,0.666666667,0,0,0.357142857,0.5,0.533333333,0,0.571428571,0.8,1,0,0.951219512
0,0.01369863,0.184510677,0.533333333,0,0,0.091836735,0.5,0.733333333,0.666666667,0.857142857,0.6,1,1,0.951219512
0,0.671232877,0.062681862,0.333333333,0,0,0.37755102,0.5,0,1,0.571428571,0.8,1,0,0.951219512
0,0.219178082,0.111996022,0.533333333,0,0,0.5,0.75,0.733333333,0,0.214285714,0.2,1,1,0.951219512
0,0.479452055,0.062731925,0.6,0,0,0.295918367,0.75,1,0.666666667,0.214285714,0.8,1,1,0.951219512
0,0.232876712,0.229701343,0.8,0,0,0.448979592,0.5,0.6,0.666666667,0.714285714,0.2,1,0,0.12195122
0,0.383561644,0.064234515,0.533333333,0,0,0.551020408,0.625,0.733333333,0.333333333,0.857142857,0,1,1,0.951219512
1,0.164383562,0.098319143,0.8,0.143441434,0,0.397959184,0.5,0.6,0.666666667,0.714285714,0.2,1,0,0.951219512
0,0.150684932,0.066383874,0.533333333,0,0,0.448979592,0.5,0.733333333,0.333333333,0.857142857,0,1,1,0.951219512
0,0.246575342,0.075538101,0.533333333,0,0,0.397959184,0.25,0.733333333,0.666666667,0.071428571,0.2,1,0,0.951219512
1,0.465753425,0.099666805,0.6,0,0,0.397959184,0.5,1,0.333333333,0.714285714,1,1,0,0.951219512
0,0.01369863,0.195877181,0.533333333,0,0,0.193877551,0.5,0.733333333,0.666666667,0.857142857,0.2,1,0,0.951219512
0,0.315068493,0.147615713,0.733333333,0,0,0.295918367,0.75,0.466666667,0,0.285714286,0.2,1,1,0.951219512
0,0.808219178,0.073411744,0.266666667,0,0,0.397959184,0.625,0.4,0.333333333,0.714285714,0,1,1,0.951219512
0,0.589041096,0.106909814,0.133333333,0,0,0.397959184,0.5,0.266666667,0.333333333,1,0,1,1,0.951219512
0,0.136986301,0.112638732,0.533333333,0,0,0.397959184,0.5,0.733333333,0.333333333,1,0,1,1,0.951219512
0,0.04109589,0.134702645,0.6,0,0,0.244897959,0.5,1,0.666666667,0.857142857,0.2,1,0,0.951219512
0,0.205479452,0.101744452,0.666666667,0,0,0.346938776,0.5,0.533333333,0.666666667,0.071428571,0.6,1,0,0.12195122
0,0.260273973,0.075654465,0.533333333,0,0,0.346938776,0.5,0.733333333,0,0.071428571,0.8,1,0,0.951219512
0,0.260273973,0.09357594,0.933333333,0,0,0.5,0.5,0.933333333,0.333333333,0.714285714,0,1,1,0
1,0.342465753,0.125662076,0.6,0,0,0.397959184,0.25,1,0.333333333,0.071428571,1,1,0,0.951219512
0,0.109589041,0.012898185,0.533333333,0,0,0.602040816,0.5,0.733333333,0.666666667,0.428571429,0.2,1,1,0.219512195
0,0.01369863,0.162847952,0.466666667,0,0,0.397959184,0.5,0.133333333,0.666666667,0.428571429,0.6,1,1,0.097560976
0,0.465753425,0.156331544,0.6,0,0,0.448979592,0.5,1,1,0.071428571,0.8,1,0,0.951219512
0,0.232876712,0.110676774,0.6,0,0,0.397959184,0.5,1,0.666666667,0.214285714,0.2,1,1,0.951219512
1,0.260273973,0.109384588,0.6,0,0,0.397959184,0.625,1,0.333333333,0.285714286,0,1,1,0.951219512
1,0.643835616,0.132991682,0.533333333,0,0,0.5,0,0.733333333,0.333333333,0,0,1,1,0.951219512
0,0.424657534,0.134011224,0.533333333,0,0,0.397959184,0.5,0.733333333,0.666666667,0.214285714,0.6,1,1,0.951219512
0,0.630136986,0.020991601,0.333333333,0,0,0.397959184,0.5,0,0.333333333,0.214285714,0,1,1,0.951219512
1,0.342465753,0.009897741,0.8,0,0,0.397959184,0.5,0.6,0.333333333,0.285714286,0,1,1,0.951219512
1,0.369863014,0.303071141,0.8,0,0,0.5,0.75,0.6,0.333333333,0.857142857,0,1,1,0.951219512
0,0.643835616,0.186042358,0.266666667,0,0,0.397959184,0.25,0.4,0.333333333,0.571428571,0,1,1,0.951219512
0,0.438356164,0.083940018,0.866666667,0,0,0.193877551,0.5,0.8,0,0.857142857,0.8,0.75,0,0.707317073
0,0.04109589,0.226711724,0.6,0,0,0.602040816,0.5,1,0.666666667,0.785714286,0.2,0.5,1,0.951219512
1,0.232876712,0.059795077,0.8,0,0,0.397959184,0.5,0.6,0.333333333,1,0,0.25,1,0.951219512
0,0.150684932,0.09174117,0.333333333,0,0,0.397959184,0.5,0,0.166666667,0.571428571,1,1,0,0.951219512
0,0.438356164,0.143993532,0.533333333,0,0,0.397959184,0.5,0.733333333,1,0.5,0.8,0.5,0,0.951219512
1,0.246575342,0.213210745,0.6,0,0,0.448979592,0.5,1,0.833333333,0.714285714,0.8,1,0,0.951219512
0,0.095890411,0.099650568,0.8,0,0,0.755102041,0.5,0.6,0.666666667,0.571428571,0.6,0.5,0,0.951219512
0,0.383561644,0.211827226,0.533333333,0,0,0.397959184,0.5,0.733333333,0.333333333,0.857142857,0,1,1,0.951219512
0,0.315068493,0.065272323,0.666666667,0,0,0.397959184,0.25,0.533333333,0.666666667,0.285714286,0.8,0,0,0.951219512
1,0.273972603,0.100550363,0.8,0.07298073,0,0.397959184,0.25,0.6,0.333333333,0.071428571,0,1,1,0.951219512
1,0.465753425,0.257084868,0.533333333,0,0,0.397959184,0.5,0.733333333,0.333333333,1,0,1,1,0.951219512
1,0.328767123,0.077821414,0.533333333,0.051780518,0,0.397959184,0.5,0.733333333,0.333333333,0.214285714,0,1,1,0.951219512
1,0.452054795,0.108243269,0.533333333,0.076880769,0,0.5,0.75,0.733333333,0.333333333,0.285714286,0,1,1,0.951219512
0,0.068493151,0.163062414,0.8,0,0,0.06122449,0.5,0.6,0.666666667,0.285714286,0.6,1,0,0.951219512
0,0.068493151,0.034219259,0.6,0,0,0.071428571,0.875,1,0.666666667,0.071428571,0.2,1,0,0.951219512
0,0.082191781,0.150654719,0.6,0,0,0.397959184,0,1,0.666666667,0,0.6,0.5,0,0.951219512
0,0.178082192,0.106978821,0.6,0,0,0.397959184,0.5,1,0,0.214285714,0.2,1,1,0.951219512
0,0.246575342,0.117421851,0.533333333,0.046500465,0,0.5,0.75,0.733333333,0.666666667,0.285714286,0.2,1,1,0.951219512
0,0.260273973,0.069331547,0.333333333,0,0,0.346938776,0.5,0,0.666666667,0.571428571,0.8,1,0,0.951219512
1,0.602739726,0.082864324,0.8,0,0,0.5,0.625,0.6,0.333333333,0.285714286,0,1,1,0.268292683
1,0.178082192,0.106359113,0.866666667,0,0,0.142857143,0.5,0.8,0.333333333,0.571428571,0,1,1,0.951219512
0,0.164383562,0.059723364,0.533333333,0,0,0.397959184,0.5,0.733333333,0.666666667,1,0.6,0.5,1,0.951219512
0,0.534246575,0.152397479,0.6,0,0,1,0.25,1,0.333333333,0.285714286,0,1,1,0.951219512
0,0.315068493,0.017308531,0.533333333,0,0,0.5,0.625,0.733333333,0.333333333,0.285714286,0,1,1,0.951219512
0,0.068493151,0.094446643,0.533333333,0,0,0.397959184,0.5,0.733333333,0.666666667,0.571428571,0.6,1,1,0.951219512
1,0.383561644,0.157313876,0.933333333,0,0,0.37755102,0.75,0.933333333,0.333333333,0.714285714,0,1,1,0.951219512
1,0.191780822,0.049232976,0.6,0,0,0.397959184,0.25,1,0.333333333,0.071428571,1,0,0,0.951219512
0,0.260273973,0.068851206,0.666666667,0.033250333,0,0.397959184,0.5,0.533333333,0.666666667,0.714285714,0.8,1,0,0.951219512
1,0.260273973,0.116915125,0.533333333,0,0,0.704081633,0.5,0.733333333,0.333333333,1,0,1,1,0.951219512
1,0.547945205,0.362604398,0.466666667,0.076880769,0,0.397959184,0.5,0.133333333,0.333333333,1,0,0.5,1,0.951219512
1,0.109589041,0.010051315,0.6,0,0,0.397959184,0.125,1,0.333333333,0.285714286,0,1,1,0.951219512
0,0.410958904,0.076238317,0.6,0,0,0.244897959,0.125,1,0,0.071428571,0.2,1,0,0.951219512
0,0.136986301,0.126193158,0.533333333,0,0,0.397959184,0.5,0.733333333,0,0.071428571,0.6,0.5,0,0.951219512
0,0.178082192,0.014653799,0.533333333,0,0,0.397959184,0.5,0.733333333,0.333333333,0.428571429,0,1,1,0.951219512
0,0.232876712,0.111301895,0.4,0,0,0.397959184,0.25,0.066666667,0.833333333,0.571428571,0.8,0.5,0,0.951219512
0,0.068493151,0.134304164,0.6,0,0,0.234693878,0,1,0.666666667,0,0.6,0.5,0,0.951219512
0,0.301369863,0.127400777,0.8,0,0,0.551020408,0.5,0.6,0.333333333,0.285714286,0,1,1,0.951219512
1,0.506849315,0.076538023,0.2,0,0,0.397959184,0.625,0.333333333,0.333333333,0.5,0,1,1,0.951219512
0,0.356164384,0.396931227,0.8,0,0,0.418367347,0.25,0.6,0,0.714285714,0.8,0.5,0,0.951219512
0,0.369863014,0.138443896,0.333333333,0,0,0.704081633,0.75,0,0.333333333,0.571428571,0,1,1,0.951219512
0,0.684931507,0.122037189,0.533333333,0,0,0.193877551,0.5,0.733333333,0,0.857142857,0.2,1,0,0.951219512
1,0.301369863,0.224178092,0.8,0,0,0.397959184,0.875,0.6,0,0.785714286,0.2,1,1,0.634146341
0,0.684931507,0.091394783,0.533333333,0,0,0.448979592,0.625,0.733333333,0.333333333,0.285714286,0,1,1,0.951219512
0,0.205479452,0.013162034,0.866666667,0,0,0.397959184,0.5,0.8,0.333333333,0.714285714,0,0.25,1,0.463414634
0,0.205479452,0.145370962,0.6,0,0,0.397959184,0,1,0,0,0.2,1,1,0.951219512
0,0.561643836,0.267132801,0.2,0.029360294,0,0.5,0.5,0.333333333,0.333333333,0.5,0,1,1,0.634146341
1,0.424657534,0.029482144,1,0,0.436639118,0.459183673,0.875,0.666666667,0.333333333,0.714285714,1,1,0,0.951219512
0,0.410958904,0.085908742,0.2,0,0,0.448979592,0.625,0.333333333,0.333333333,0.714285714,0,1,1,0.951219512
0,0.04109589,0.147368777,0.6,0,0,0.5,0.5,1,0.666666667,0.571428571,0.6,1,1,0.951219512
0,0.178082192,0.098574874,0.533333333,0,0,0.397959184,0.875,0.733333333,0.333333333,0.071428571,0,1,1,0.951219512
0,0.342465753,0.039208722,0.6,0,0,0.397959184,0.125,1,0,0.285714286,0.8,0.25,0,0.951219512
0,0.109589041,0.011321852,0.733333333,0,0,0.448979592,0.5,0.466666667,0,0.071428571,0.2,0.5,0,0.951219512
1,0.356164384,0.037181139,0.8,0,0,0.448979592,0.25,0.6,0.333333333,0.785714286,0,1,1,0.951219512
0,0.232876712,0.024795094,0.6,0,0,0.295918367,0.75,1,0.333333333,0.357142857,1,1,0,0.951219512
0,0.273972603,0.065521289,0.533333333,0,0,0.397959184,0.5,0.733333333,0.333333333,0.5,0,1,1,0.780487805
0,0.260273973,0.105951837,0.666666667,0,0,0.397959184,0.875,0.533333333,0.5,0.785714286,0.6,1,0,0.268292683
0,0.219178082,0.107478782,0.533333333,0,0,0.397959184,0.875,0.733333333,0.666666667,0.071428571,0.2,0.5,0,0.951219512
0,0.342465753,0.249842536,0.533333333,0,0,0.397959184,0.875,0.733333333,0,0.071428571,0.2,1,1,0.951219512
1,0.383561644,0.135885909,0.866666667,0,0.453856749,0.520408163,0.5,0.8,0.333333333,0.714285714,0,1,1,0.951219512
0,0.424657534,0.091408314,0.533333333,0,0,0.357142857,0.125,0.733333333,0.333333333,0.071428571,0,1,1,0.951219512
0,0.054794521,0.126938702,0.6,0,0,0.346938776,0,1,0.666666667,0,0.6,1,0,0.951219512
1,0.410958904,0.253825311,0.6,0,0,0.397959184,0.5,1,0.333333333,0.714285714,0,1,1,0.829268293
0,0.205479452,0.063359752,0.533333333,0,0,0.397959184,0.5,0.733333333,0,0.5,0.6,0.5,0,0.951219512
0,0.397260274,0.149655473,0.533333333,0,0.362488522,0.397959184,0.5,0.733333333,0.333333333,0.5,0,1,1,0.951219512
0,0.246575342,0.033189569,0.533333333,0,0,0.397959184,0.75,0.733333333,0,0.5,0.8,1,1,0.951219512
0,1,0.143952264,0.533333333,0,0,0.397959184,0.5,0.733333333,0.333333333,0.214285714,0,0.25,1,0.853658537
0,0.260273973,0.20226437,0.533333333,0,0,0.397959184,0.5,0.733333333,0.333333333,0.5,0,0.5,1,0.341463415
0,0.219178082,0.159865098,0.6,0,0,0.5,0.5,1,0.333333333,0.571428571,0,1,1,0.951219512
0,0.02739726,0.107963859,0.533333333,0,0,0.193877551,0,0.733333333,0.666666667,0,0.6,0.5,1,0.951219512
0,0.315068493,0.151028844,0.533333333,0,0,0.397959184,0.5,0.733333333,0.833333333,0.071428571,0.8,0.5,0,0.951219512
0,0.424657534,0.164076543,0.333333333,0,0.365932048,0.316326531,0.5,0,0,0.5,0.8,1,0,0.951219512
0,0.698630137,0.185766331,0.2,0,0.38292011,0.397959184,0,0.333333333,1,0,0.2,1,0,0
0,0.808219178,0.09509003,0.533333333,0,0,0.193877551,0.5,0.733333333,0.333333333,0.714285714,0,1,1,0.951219512
1,0.205479452,0.091285184,0.8,0,0,0.551020408,0.875,0.6,0.333333333,0.285714286,1,1,0,0.951219512
0,0.438356164,0.177195279,0.533333333,0,0,0.724489796,0.5,0.733333333,0.333333333,0.285714286,0,1,1,0.951219512
1,0.602739726,0.137544102,0.533333333,0,0.433195592,0.397959184,0.75,0.733333333,0.333333333,0.285714286,0,1,1,0.951219512
0,0.178082192,0.149984947,0.4,0,0,0.397959184,0.5,0.066666667,0.333333333,1,0,1,1,0.951219512
1,0.671232877,0.07770302,0.8,0,0,0.397959184,0.5,0.6,0.333333333,0.714285714,0,1,1,0.951219512
0,0.164383562,0.184698078,0.4,0,0,0.397959184,0.5,0.066666667,0.666666667,0.571428571,0.8,0.5,0,0.951219512
0,0.424657534,0.023950099,0.4,0,0,0.397959184,0.5,0.066666667,0.333333333,0.571428571,1,1,0,0.951219512
0,0.383561644,0.100047696,0.333333333,0,0,0.704081633,0.75,0,0.333333333,0.214285714,0,1,1,0.951219512
0,0.095890411,0.113506053,0.733333333,0.023540235,0,0.397959184,0.5,0.466666667,0.666666667,0.214285714,0.2,1,1,0.951219512
0,0.123287671,0.121724629,0.533333333,0,0,0.316326531,0.5,0.733333333,0.666666667,0.785714286,0.2,0.5,0,0.951219512
0,0.328767123,0.124290735,0.533333333,0,0,0.193877551,0.5,0.733333333,0.333333333,0.857142857,1,1,0,0.951219512
0,0.082191781,0.125381313,0.6,0,0,0.397959184,0.5,1,0.666666667,0.071428571,0.6,1,0,0.951219512
0,0.534246575,0.091808824,0.6,0,0,0.397959184,0.5,1,0.5,1,0.2,1,1,0.951219512
1,0.342465753,0.090267672,0.866666667,0,0.436639118,0.5,0.5,0.8,0.333333333,0.714285714,0,1,1,0.951219512
0,0.02739726,0.185495716,0.6,0,0,0.295918367,0.5,1,0.666666667,0.857142857,0.6,1,0,0.951219512
1,0.315068493,0.37917618,0.933333333,0.051780518,0,0.397959184,0.5,0.933333333,0.333333333,0.214285714,0,1,1,0.634146341
0,0.616438356,0.097171059,0.333333333,0,0,0.397959184,0.5,0,0.333333333,0.5,0,1,1,0.951219512
0,0.04109589,0.109369027,0.4,0,0,0.387755102,0,0.066666667,0.333333333,0,0.4,1,0,0.951219512
0,0.684931507,0.077976341,0.333333333,0.024140241,0,0.806122449,0.75,0,0.333333333,0.357142857,0,1,1,0.951219512
0,0.219178082,0.109404884,0.533333333,0,0.340909091,0.37755102,0,0.733333333,0.333333333,0,1,1,0,0.951219512
1,0.342465753,0.099208113,0.733333333,0,0,0.397959184,0.125,0.466666667,0,0.714285714,0.8,0.25,0,0.731707317
0,0.671232877,0.05855566,0.533333333,0,0,0.397959184,0.5,0.733333333,1,0.071428571,0.2,1,0,0.951219512
0,0.246575342,0.120431766,0.2,0,0,0.397959184,0.5,0.333333333,0.333333333,0.214285714,0,1,1,0.951219512
0,0.534246575,0.11657618,0.266666667,0,0,1,0.625,0.4,0.333333333,1,0,1,1,0.951219512
1,0.438356164,0.072578927,0.866666667,0,0,0.397959184,0.625,0.8,0.333333333,0.857142857,0,1,1,0.951219512
0,0.054794521,0.199363378,0.666666667,0,0,0.397959184,0.5,0.533333333,0.666666667,0.071428571,0.2,1,0,0.951219512
1,0.657534247,0.122406579,0.533333333,0.093860939,0,0.397959184,0.5,0.733333333,0.333333333,0.857142857,0,1,1,0.951219512
0,0,0.081572814,0.333333333,0,0,0.346938776,0.5,0,0.666666667,0.571428571,0.4,1,1,0.951219512
0,0.328767123,0.075175477,0.533333333,0,0,0.397959184,0.5,0.733333333,0.333333333,0.071428571,0,1,1,0.951219512
1,0.301369863,0.061680586,0.8,0,0,0.448979592,0.5,0.6,0.333333333,0.071428571,0,1,1,0.951219512
1,0.397260274,0.108003099,0.866666667,0.074300743,0,0.5,0.875,0.8,0,0.285714286,0.8,1,1,0.951219512
0,0.342465753,0.178194525,0.666666667,0,0,0.5,0.5,0.533333333,0.333333333,0.071428571,0,1,1,0.951219512
1,0.287671233,0.166836139,0.6,0,0,0.346938776,0.5,1,0.333333333,0.071428571,1,1,0,0.951219512
0,0.164383562,0.111251154,0.6,0,0,0.37755102,0.5,1,0.666666667,0.214285714,0.2,1,1,0.951219512
0,0.589041096,0.078533808,0.6,0.033250333,0,0.418367347,0.5,1,0,0.714285714,0.8,1,1,0.951219512
0,0.438356164,0.048141721,0.533333333,0,0,0.397959184,0.5,0.733333333,0,0.285714286,0.2,1,1,0.951219512
0,0.712328767,0.019710239,0.2,0,0,0.193877551,0.5,0.333333333,0.333333333,0.571428571,0,1,1,0.951219512
0,0.589041096,0.041916901,0.666666667,0,0,0.295918367,0.5,0.533333333,1,0.214285714,0.2,1,0,0.951219512
0,0.054794521,0.041423705,0.533333333,0,0,0.397959184,0.875,0.733333333,0.666666667,0.571428571,0.6,0.25,0,0.951219512
1,0.369863014,0.040099045,0.866666667,0,0,0.5,0.625,0.8,0.333333333,0.857142857,0,1,1,0
0,0.02739726,0.354803246,0.6,0,0,0.142857143,0.875,1,0.666666667,0.071428571,0.4,1,0,0.585365854
0,0.082191781,0.127397395,0.8,0,0,0.397959184,0.25,0.6,0.666666667,0.714285714,0.6,1,1,0.951219512
1,0.465753425,0.149422745,0.733333333,0,0,0.448979592,0.5,0.466666667,0.333333333,0.285714286,0,1,1,0.951219512
0,0.547945205,0.085243706,0.733333333,0,0,0.397959184,0.75,0.466666667,0.333333333,0.571428571,0,1,1,0.487804878
1,0.287671233,0.088516793,0.866666667,0,0,0.397959184,0.125,0.8,0.333333333,0.285714286,0,1,1,0.951219512
0,0.205479452,0.248375126,0.6,0,0,0.397959184,0.5,1,0.666666667,0.214285714,0.6,1,1,0.951219512
0,0.205479452,0.424931754,0.8,0,0,0.397959184,0,0.6,0,0,0.8,1,0,0.951219512
0,0.095890411,0.177329234,0.6,0,0,0.193877551,0.5,1,0.666666667,0.071428571,0.6,0.5,0,0.951219512
0,0.191780822,0.133004536,0.6,0,0,0.397959184,0.5,1,0.333333333,0.214285714,0,1,1,0.951219512
0,0.205479452,0.118981947,0.6,0,0,0.397959184,0.5,1,0,0.5,0.8,1,0,0.951219512
0,0.123287671,0.125620808,0.533333333,0,0,0.397959184,0.5,0.733333333,0.666666667,0.214285714,0.6,1,1,0.951219512
0,0.01369863,0.202675705,0.533333333,0,0,0.397959184,0,0.733333333,0.666666667,0,0.6,1,1,0.951219512
0,0.219178082,0.098505191,0.266666667,0,0,0.5,0.5,0.4,0.333333333,0.5,0,1,1,0.951219512
0,0.02739726,0.157716416,0.533333333,0,0,0.193877551,0.5,0.733333333,0.666666667,0.071428571,0.6,1,0,0.951219512
0,0.246575342,0.253323321,0.8,0,0,0.397959184,0.5,0.6,0.333333333,0.285714286,1,1,0,0.951219512
1,0.397260274,0.053664972,0.8,0,0,0.397959184,0.5,0.6,0.333333333,0.071428571,0,1,1,0.951219512
0,0.465753425,0.078469537,0.266666667,0,0,0.448979592,0.5,0.4,0.333333333,0.5,0,1,1,0.951219512
0,0,0.018952517,0.333333333,0,0,0.295918367,0,0,0.666666667,0,0.2,1,0,0.951219512
0,0.232876712,0.209336892,0.733333333,0,0,0.244897959,0.75,0.466666667,0.666666667,0.714285714,0.2,1,0,0.951219512
1,0.205479452,0.089752151,0.8,0,0,0.704081633,0.625,0.6,0.333333333,0.857142857,0,1,1,0.951219512
0,0.04109589,0.127037477,0.6,0,0,0.397959184,0,1,0.666666667,0,0.6,1,0,0
0,0.054794521,0.145411555,0.533333333,0,0,0.326530612,0.5,0.733333333,0.666666667,0.571428571,0.4,1,0,0.951219512
0,0.397260274,0.143953617,0,0,0,0.397959184,0.5,0.866666667,0.333333333,0.5,1,1,0,0.634146341
0,0.150684932,0.072733177,0.533333333,0,0,0.397959184,0.5,0.733333333,0.333333333,0.214285714,0,1,1,0.780487805
0,0.383561644,0.237330654,0.533333333,0,0,0.397959184,0.5,0.733333333,0.833333333,0.5,0.8,0.5,0,0.951219512
0,0.054794521,0.195795997,0.533333333,0,0,0.346938776,0.5,0.733333333,0.666666667,0.214285714,0.2,1,1,0.634146341
0,0.328767123,0.084364884,0.6,0,0,0.397959184,0.75,1,0.666666667,0.214285714,0.2,1,1,0.951219512
0,0.424657534,0.092925787,0.866666667,0,0,0.397959184,0.5,0.8,0.666666667,0.285714286,0.2,1,1,0.951219512
0,0.602739726,0.060357279,0.666666667,0,0,0.397959184,0.5,0.533333333,0.333333333,0.071428571,0,1,1,0.951219512
0,0.260273973,0.085349245,0.733333333,0,0,0.551020408,0.5,0.466666667,0.333333333,0.928571429,0,1,1,0.951219512
1,0.547945205,0.106894254,0.866666667,0,0,0.397959184,0.5,0.8,0.333333333,0.928571429,0,1,1,0.951219512
0,0.054794521,0.132487662,0.333333333,0,0,0.295918367,0,0,0.666666667,0,0.2,1,0,0.951219512
0,0.767123288,0.120283604,0.6,0,0,0.346938776,0.75,1,0.333333333,0.285714286,0,1,1,0.951219512
0,0.109589041,0.146350588,0.6,0,0,0.397959184,0.5,1,0.666666667,0.214285714,0.4,0.25,0,0.024390244
0,0,0.374642027,0.333333333,0,0,0.071428571,0.5,0,0.666666667,0.571428571,0.6,1,1,0.951219512
0,0.671232877,0.194390152,0.6,0,0,0.397959184,0,1,0.333333333,0,0,1,1,0.951219512
0,0.109589041,0.06249649,0.533333333,0,0,0.214285714,0.5,0.733333333,0.666666667,0.571428571,0.8,1,0,0.951219512
0,0.643835616,0.034767931,0.333333333,0,0,0.397959184,0.5,0,0.333333333,0.571428571,0,0.5,1,0.951219512
0,0.369863014,0.174688708,0.6,0,0,0.5,0.75,1,0.333333333,0.571428571,1,1,0,0.951219512
0,0.356164384,0.0884647,0.6,0,0,0.193877551,0.25,1,0,0.571428571,0.8,1,0,0.951219512
0,0.328767123,0.16423553,0.8,0,0,0.551020408,0.5,0.6,0,0.285714286,0.2,1,0,0.951219512
0,0.479452055,0.245311089,0.666666667,0,0,0.5,0.5,0.533333333,0.666666667,0.357142857,0.2,1,1,0.951219512
0,0.01369863,0.118929177,0.4,0,0,0.193877551,0.5,0.066666667,0.666666667,0.571428571,0.6,1,0,0.951219512
0,0.082191781,0.137943259,0.6,0,0,0.357142857,0.5,1,0.666666667,0.857142857,0.6,1,1,0.487804878
0,0.315068493,0.095288256,0.8,0,0,0.306122449,0.5,0.6,0.333333333,0.214285714,0,1,1,0.951219512
1,0.260273973,0.402920612,0.6,0.076880769,0,0.448979592,0.5,1,0.333333333,0.857142857,0,1,1,0.951219512
1,0.726027397,0.016254486,0.8,0.200512005,0,0.346938776,0.75,0.6,0.333333333,0.714285714,0,1,1,0.951219512
0,0.465753425,0.09812633,0.133333333,0,0,0.071428571,0,0.266666667,0.333333333,0,0,0.5,1,0.951219512
0,0.082191781,0.073868407,0.8,0,0,0.397959184,0.5,0.6,0.666666667,0.071428571,0.2,1,0,0.951219512
1,0.369863014,0.148545952,0.533333333,0,0.436639118,0.397959184,0.5,0.733333333,0.333333333,0.428571429,0,0.5,1,0.951219512
1,0.383561644,0.165468181,0.533333333,0,0,0.448979592,0.5,0.733333333,0.333333333,0.714285714,0,1,1,0.951219512
0,0.260273973,0.117258806,0.533333333,0,0,0.295918367,0.5,0.733333333,0.666666667,0.571428571,0.8,1,0,0.951219512
1,0.616438356,0.038956373,0.666666667,0.07298073,0,0.5,0.5,0.533333333,0.333333333,0.714285714,0,1,1,0.951219512
1,0.534246575,0.048465106,0.6,0,0,0.397959184,0.5,1,0.333333333,0.214285714,0,1,1,0.951219512
0,0.178082192,0.145224154,0.533333333,0,0,0.346938776,0.5,0.733333333,0,0.071428571,0.8,1,0,0.951219512
0,0.246575342,0.111368195,0.666666667,0,0,0.397959184,0.5,0.533333333,0,0.214285714,0.2,1,1,0.951219512
0,0.109589041,0.119953454,0.8,0,0,0.397959184,0.5,0.6,0.666666667,0.928571429,0.2,1,1,0.951219512
0,0.342465753,0.120503479,0.6,0,0,0.602040816,0.5,1,0.833333333,0.285714286,0.2,1,1,0.048780488
0,0.191780822,0.134664082,0.6,0.024070241,0,0.653061224,0.5,1,0.333333333,0.214285714,0,1,1,0.951219512
0,0.082191781,0.143878521,0.6,0,0,0.244897959,0.5,1,0.666666667,0.5,0.6,1,1,0.951219512
0,0.219178082,0.126134976,0.533333333,0,0,0.397959184,0.5,0.733333333,0,0.928571429,0.2,1,0,0.951219512
0,0.205479452,0.186009884,0.533333333,0,0,0.346938776,0.5,0.733333333,0.666666667,0.071428571,0.2,1,0,0.951219512
0,0.397260274,0.123629082,0.6,0,0,0.397959184,0.125,1,0.833333333,0.071428571,0.8,1,0,0.951219512
0,0.232876712,0.113222584,0.8,0,0,0.448979592,0.5,0.6,0.666666667,0.714285714,0.2,1,0,0.951219512
1,0.520547945,0.228415922,0.533333333,0,0,0.448979592,0.5,0.733333333,0.333333333,0.357142857,0,1,1,0.951219512
0,0.054794521,0.104343708,0.533333333,0,0,0.397959184,0.5,0.733333333,0.666666667,0.214285714,0.6,1,1,0.951219512
1,0.383561644,0.122148818,0.8,0,0.453856749,0.551020408,0.5,0.6,0.333333333,0.285714286,0,1,1,0.951219512
0,0.095890411,0.06601922,0.6,0,0,0.397959184,0.5,1,0.666666667,0.571428571,0.6,1,1,0.951219512
0,0.410958904,0.178471905,0.533333333,0,0,0.653061224,0.75,0.733333333,0.333333333,0.357142857,0,1,1,0.951219512
1,0.493150685,0.170243858,0.8,0,0,0.397959184,0.75,0.6,0.333333333,0.857142857,0,1,1,0.048780488
0,0.739726027,0.130386337,0.6,0,0,0.091836735,0,1,0.333333333,0,0,1,1,0.951219512
0,0.02739726,0.080731202,0.533333333,0,0,0.397959184,0.5,0.733333333,0.666666667,0.5,0.6,1,1,0.951219512
0,0.068493151,0.20151815,0.6,0,0,0.397959184,0.5,1,0.666666667,0.785714286,0.2,1,1,0.951219512
0,0.547945205,0.049745791,0.533333333,0,0,0.193877551,0,0.733333333,0,0,0.6,0.25,1,0.951219512
0,0.082191781,0.170226268,0.533333333,0,0,0.112244898,0,0.733333333,0.666666667,0,0.6,0.5,1,0.219512195
0,0.479452055,0.120456121,0.333333333,0,0,0.5,0.5,0,0.333333333,0.5,0,1,1,0.951219512
1,0.150684932,0.089950376,0.8,0.043860439,0,0.193877551,0.5,0.6,0.333333333,0.714285714,1,1,0,0.951219512
0,0.589041096,0.106888165,0.133333333,0,0,0.397959184,0.5,0.266666667,1,0.857142857,0.2,1,0,0.536585366
1,0.397260274,0.119062455,0.533333333,0.150241502,0,0.5,0.75,0.733333333,0.333333333,0.357142857,0,1,1,0.951219512
1,0.260273973,0.213210745,0.866666667,0,0,0.397959184,0.125,0.8,0,0.928571429,0.2,1,0,0.951219512
0,0.164383562,0.155510228,0.533333333,0,0,0.448979592,0.125,0.733333333,0,0.071428571,0.2,0.75,1,0.951219512
0,0.821917808,0.06040802,0.466666667,0,0,0.112244898,0.75,0.133333333,0,1,0.2,1,1,0.951219512
0,0.246575342,0.159163529,0.533333333,0,0,0.397959184,0.5,0.733333333,0.833333333,0.714285714,0.4,0.5,0,0.951219512
1,0.534246575,0.186890059,0.533333333,0,0,0.367346939,0.5,0.733333333,0.333333333,0.071428571,1,1,0,0.951219512
0,0.246575342,0.124898266,0.8,0,0,0.5,0.5,0.6,0.666666667,0.428571429,0.2,0.25,0,0.341463415
0,0.054794521,0.04750104,0.6,0,0,0.295918367,0.5,1,0.666666667,0.571428571,0.2,1,0,0.951219512
0,0.150684932,0.414235022,0.533333333,0,0,0.397959184,0.875,0.733333333,0.666666667,0.071428571,0.6,0.5,0,0.951219512
0,0.287671233,0.036085826,0.6,0,0,0.448979592,0.5,1,0.333333333,0.071428571,0,1,1,0.951219512
0,0.191780822,0.060399225,0.533333333,0,0,0.551020408,0.5,0.733333333,0.333333333,0.5,1,1,0,0.951219512
0,0.068493151,0.110479225,0.533333333,0,0,0.346938776,0,0.733333333,0.666666667,0,0.8,0.5,0,0.951219512
0,0.260273973,0.067644263,0.533333333,0,0,0.397959184,0.5,0.733333333,0.333333333,1,0,1,1,0.951219512
0,0.506849315,0.027820569,0.533333333,0,0,0.397959184,0.5,0.733333333,0.333333333,0.214285714,0,1,1,0.951219512
0,0.520547945,0.06720722,0.533333333,0,0,0.602040816,0.75,0.733333333,0.333333333,0.214285714,0,1,1,0.951219512
1,0.260273973,0.183231345,0.533333333,0,0.436639118,0.602040816,0.75,0.733333333,0.333333333,0.357142857,0,1,1,0.951219512
0,0.123287671,0.094546094,0.533333333,0,0,0.397959184,0.5,0.733333333,0.666666667,0.071428571,0.6,1,0,0.951219512
0,0.205479452,0.102991986,0.8,0,0,0.551020408,0.5,0.6,0.666666667,0.714285714,0.2,1,1,0.951219512
0,0.191780822,0.170927837,0.6,0,0,0.397959184,0.5,1,0.666666667,0.571428571,0.2,1,0,0.951219512
0,0.068493151,0.173997964,0.533333333,0,0,0.397959184,0.75,0.733333333,0.666666667,0.357142857,0.6,1,1,0.951219512
0,0.205479452,0.060088694,0.733333333,0,0,0.397959184,0.5,0.466666667,0.333333333,0.285714286,1,1,0,0.951219512
0,0.068493151,0.128321545,0.533333333,0,0,0.397959184,0,0.733333333,0.666666667,0,0.6,0.5,1,0.951219512
0,0.383561644,0.151300136,0.8,0,0,0.397959184,0.5,0.6,0,0.285714286,0.6,1,0,0.951219512
1,0.178082192,0.133604625,0.666666667,0,0,0.397959184,0.5,0.533333333,0.333333333,0.5,0,1,1,0.951219512
1,0.273972603,0.198289037,0.8,0,0,0.5,0.5,0.6,0.333333333,0.285714286,0,1,1,0.951219512
0,0.684931507,0.172943242,0.533333333,0,0,0.397959184,0.5,0.733333333,0,0.214285714,0.2,0.5,1,0.951219512
0,0.273972603,0.052232742,0.866666667,0,0,0.397959184,0.25,0.8,0,0.285714286,0.2,1,0,0.951219512
1,0.506849315,0.130606888,0.8,0,0,0.5,0.5,0.6,0.666666667,0.285714286,0.2,1,1,0.951219512
1,0.465753425,0.042199017,0.333333333,0,0,0.397959184,0.5,0,0.333333333,0.214285714,0,1,1,0.951219512
1,0.191780822,0.133872534,0.533333333,0,0,0.397959184,0.75,0.733333333,0.333333333,0.285714286,0,1,1,0.951219512
0,0.315068493,0.04964634,0.2,0,0,0.602040816,0.5,0.333333333,0.333333333,0.214285714,0,1,1,0.951219512
0,0.561643836,0.184389577,0.733333333,0,0,0.397959184,0.5,0.466666667,0,0.071428571,0.2,1,0,0.951219512
0,0.246575342,0.175719751,0.4,0,0.472222222,0.397959184,0.5,0.066666667,0.333333333,0.214285714,0,1,1,0.951219512
0,0.589041096,0.056685711,0.533333333,0,0,0.295918367,0.75,0.733333333,0.333333333,0.214285714,0,1,1,0.951219512
0,0.479452055,0.10154555,0.533333333,0,0,0.397959184,0.75,0.733333333,0,0.857142857,0.2,1,1,0.951219512
0,0.342465753,0.067426418,0.533333333,0,0,0.346938776,0.5,0.733333333,0.333333333,0.071428571,1,1,0,0.951219512
1,0.246575342,0.00690677,0.8,0,0,0.5,0.125,0.6,0,0.714285714,0.2,1,0,0.951219512
0,0.219178082,0.136897332,0.533333333,0,0,0.357142857,0.5,0.733333333,0.333333333,0.571428571,0,0.5,1,0.341463415
0,0.356164384,0.155763253,0.533333333,0,0,0.397959184,0.875,0.733333333,0.333333333,0.214285714,0,1,1,0.951219512
1,0.219178082,0.099341391,0.6,0,0,0.397959184,0.5,1,0.333333333,0.071428571,0,1,1,0.951219512
0,0.095890411,0.264787246,0.8,0,0,0.397959184,0.5,0.6,0.666666667,0.714285714,0.2,1,1,0.951219512
0,0.054794521,0.143105239,0.666666667,0,0,0.397959184,0.5,0.533333333,0.666666667,0.285714286,0.6,1,1,0.951219512
1,0.287671233,0.202925347,0.8,0,0,0.551020408,0.625,0.6,0.333333333,0.857142857,0,1,1,0.951219512
0,0.068493151,0.199236189,0.6,0,0,0.5,0.5,1,0.666666667,0.428571429,0.6,1,1,0.951219512
0,0.054794521,0.129509544,0.533333333,0,0,0.397959184,0.5,0.733333333,0.666666667,1,0.6,1,1,0.951219512
1,0.630136986,0.201683225,0.266666667,0.051780518,0,0.397959184,0,0.4,0.333333333,0,0,1,1,0.951219512
0,0.164383562,0.100466473,0.533333333,0,0,0.551020408,0.75,0.733333333,0.333333333,0.285714286,0,1,1,0.951219512
0,0.561643836,0.006155137,0.533333333,0,0,0.397959184,0.75,0.733333333,0.333333333,0.5,0,1,1,0.951219512
1,0.246575342,0.113554087,0.8,0,0,0.5,0.5,0.6,0.833333333,0.857142857,0.2,1,1,0.951219512
0,0.438356164,0.143993532,0.533333333,0,0,0.397959184,0.5,0.733333333,0,0.571428571,0.6,0.5,0,0.951219512
0,0.178082192,0.10520494,0.533333333,0,0,0.397959184,0.5,0.733333333,0.666666667,0.071428571,0.6,1,0,0.951219512
0,0.315068493,0.085710516,0.533333333,0,0,0.56122449,0.5,0.733333333,0.333333333,0.214285714,0,1,1,0.951219512
0,0.164383562,0.329167893,0.533333333,0,0,0.397959184,0.5,0.733333333,0.333333333,0.071428571,1,1,0,0.658536585
0,0.04109589,0.071261708,0.6,0,0,0.397959184,0,1,0.666666667,0,0.6,1,1,0.951219512
1,0.438356164,0.122292244,0.533333333,0,0,0.448979592,0.5,0.733333333,0.333333333,0.214285714,0,1,1,0.951219512
1,0.520547945,0.160923879,0.6,0,0,0.397959184,0.5,1,0.333333333,0.714285714,0,1,1,0.951219512
0,0.246575342,0.120383732,0.533333333,0,0,0.397959184,0.25,0.733333333,0.666666667,0.785714286,0.6,1,1,0.951219512
1,0.520547945,0.246819767,0.8,0.150241502,0,0.602040816,0.5,0.6,0.333333333,1,0,1,1,0.951219512
0,0.328767123,0.155807227,0.533333333,0,0,0.397959184,0.5,0.733333333,0.333333333,0.5,0,1,1,0.951219512
0,0.054794521,0.197560406,0.533333333,0,0,0.397959184,0.5,0.733333333,0.666666667,0.428571429,0.6,0,1,0.951219512
0,0.328767123,0.124522787,0.066666667,0,0,0.5,0.5,0.2,0.333333333,0.857142857,0,1,1,0.634146341
0,0.109589041,0.162684906,0.6,0,0,0.071428571,0.5,1,0.666666667,0.714285714,0.2,1,0,0.951219512
0,0.205479452,0.12076124,0.6,0,0,0.397959184,0.5,1,0,0.5,0.8,0,1,0.951219512
0,0.164383562,0.04743068,0.533333333,0,0.365013774,0.448979592,0.25,0.733333333,0.666666667,0.428571429,0.8,0.25,1,0.951219512
0,0.068493151,0.287198899,0.6,0,0,0.397959184,0.5,1,0.333333333,0.928571429,0,1,1,0.951219512
0,0.506849315,0.201938956,0.8,0,0,0.397959184,0.75,0.6,0.333333333,0.857142857,0,1,1,0.951219512
0,0,0.055806889,0.333333333,0,0,0.091836735,0.5,0,0.666666667,0.571428571,0.6,1,0,0.951219512
1,0.246575342,0.08616515,0.6,0,0,0.397959184,0.5,1,0,0.285714286,0.2,1,0,0.951219512
0,0.383561644,0.184887509,0.533333333,0,0,0.806122449,0.75,0.733333333,0.333333333,1,0,1,1,0.951219512
0,0.095890411,0.07125359,0.8,0,0,0.346938776,0.5,0.6,0.666666667,0.285714286,0.6,1,0,0.951219512
1,0.205479452,0.076201107,0.8,0,0,0.5,0.625,0.6,0.333333333,0.571428571,0,0.25,1,0.487804878
0,0.465753425,0.094963518,0.4,0,0,0.397959184,0.5,0.066666667,0,0.5,0.2,1,1,0.951219512
1,0.356164384,0.015815414,1,0,0,0.704081633,0.625,0.666666667,0.333333333,0.714285714,1,1,0,0.951219512
0,0,0.013421824,0.266666667,0,0,0.081632653,0.25,0.4,0.666666667,0.571428571,0.6,0.5,1,0.951219512
0,0.04109589,0.197836434,0.6,0,0,0.193877551,0.5,1,0.666666667,0.857142857,0.6,0.25,0,0.951219512
0,0.410958904,0.040624715,0.533333333,0,0,0.397959184,0.875,0.733333333,0,0.071428571,0.8,0.25,0,0.951219512
0,0.01369863,0.097060783,0.533333333,0,0,0.295918367,0.5,0.733333333,0.666666667,0.5,0.2,1,0,0.951219512
0,0.465753425,0.177399593,0.6,0,0,0.244897959,0.5,1,1,0.571428571,0.8,1,0,0.951219512
0,0.589041096,0.01977654,0.4,0,0,0.193877551,0,0.066666667,0.5,0,0.8,0.5,0,0.951219512
0,0.369863014,0.109738417,0.533333333,0,0,0.295918367,0.5,0.733333333,1,0.571428571,0.8,0.5,0,0.951219512
0,0.123287671,0.010519479,0.8,0,0,0.397959184,0.25,0.6,0.666666667,0.785714286,0.2,1,1,0.951219512
0,0.506849315,0.202464626,0.6,0,0,0.602040816,0.5,1,0,0.285714286,0.8,1,1,0.951219512
1,0.287671233,0.129450686,0.8,0,0,0.448979592,0.875,0.6,0.333333333,0.714285714,0,1,1,0.951219512
0,0.095890411,0.117859571,0.533333333,0,0,0.316326531,0.5,0.733333333,0,0.071428571,0.2,1,0,0.951219512
0,0.726027397,0.138084655,0.266666667,0.026530265,0,0.397959184,0.5,0.4,0.333333333,0.5,1,1,0,0.951219512
1,0.205479452,0.2279004,0.733333333,0,0,0.397959184,0.25,0.466666667,0.333333333,0.214285714,0,1,1,0.951219512
0,0.273972603,0.172381716,0.6,0,0,0.397959184,0.5,1,0.333333333,0.214285714,0,1,1,0.951219512
0,0.410958904,0.069537891,0.6,0,0,0.397959184,0.5,1,0.666666667,0.071428571,0.2,1,0,0.951219512
0,0.397260274,0.202778539,0.533333333,0,0,0.397959184,0.875,0.733333333,0.666666667,0.571428571,0.2,0.5,0,0.951219512
0,0.534246575,0.144090277,0.533333333,0,0,0.397959184,0.5,0.733333333,0.333333333,0.714285714,0,1,1,0.951219512
0,0.219178082,0.158932153,0.8,0,0,0.397959184,0.5,0.6,0.333333333,0.785714286,0,0.5,1,0.219512195
0,0.082191781,0.133731137,0.533333333,0,0,0.397959184,0.5,0.733333333,0.666666667,0.214285714,0.2,1,1,0.951219512
0,0.260273973,0.117068022,0.533333333,0,0,0.367346939,0.5,0.733333333,0.666666667,0.571428571,0.6,1,1,0.951219512
1,0.219178082,0.072156767,0.8,0,0,0.316326531,0.5,0.6,0.333333333,0.285714286,1,1,0,0.951219512
1,0.465753425,0.104304469,0.866666667,0,0,0.397959184,0.875,0.8,0.333333333,0.285714286,0,1,1,0.951219512
0,0,0.109230337,0.333333333,0,0,0.142857143,0.5,0,0.666666667,0.857142857,0.2,1,0,0.951219512
0,0.068493151,0.24633266,0.533333333,0,0,0.295918367,0.5,0.733333333,0.333333333,0.071428571,1,1,0,0.951219512
0,0,0.118126803,0.333333333,0,0,0.295918367,0.5,0,0.333333333,0.857142857,0.6,1,0,0.951219512
0,0.068493151,0.1497441,0.533333333,0,0,0.428571429,0.5,0.733333333,0.333333333,0.214285714,0,1,1,0.951219512
0,0.287671233,0.079478931,0.6,0.015060151,0,0.5,0.5,1,0,0.857142857,0.8,1,1,0.951219512
0,0.246575342,0.186638387,0.533333333,0,0,0.397959184,0.5,0.733333333,0.333333333,0.214285714,0,1,1,0.951219512
0,0.328767123,0.34613342,0.8,0,0,0.397959184,0.25,0.6,0.333333333,0.214285714,0,0.5,1,0.951219512
0,0.109589041,0.065121455,0.8,0,0,0.346938776,0.5,0.6,0.666666667,0.285714286,0.6,1,1,0.951219512
0,0.287671233,0.066220829,0.866666667,0,0,0.397959184,0.5,0.8,0,0.285714286,0.2,1,0,0.951219512
0,0.547945205,0.160807515,0.666666667,0,0,0.397959184,0.5,0.533333333,0.333333333,0.714285714,0,1,1,0.951219512
0,0.123287671,0.253227929,0.6,0,0,0.602040816,0.5,1,0,0.928571429,0.2,1,1,0.951219512
0,0.095890411,0.214628091,0.266666667,0,0,0.448979592,0.5,0.4,0.333333333,0.857142857,0,1,1,0.634146341
0,0.465753425,0.061647436,0.533333333,0,0,0.397959184,0.5,0.733333333,0,0.071428571,0.2,1,0,0.951219512
0,0.123287671,0.075222158,0.533333333,0,0,0.397959184,0.5,0.733333333,0.666666667,0.571428571,0.6,1,0,0.951219512
0,0.01369863,0.026934981,0.4,0,0,0.295918367,0.5,0.066666667,0.666666667,0.571428571,0.6,1,1,0.951219512
1,0.465753425,0.117039608,0.6,0,0,0.448979592,0.5,1,0.333333333,0.285714286,0,1,1,0.951219512
1,0.356164384,0.106448416,0.8,0,0,0.346938776,0.5,0.6,0.666666667,0.857142857,0.8,0.5,0,0.951219512
0,0.232876712,0.231102451,0.533333333,0,0,0.602040816,0.75,0.733333333,0.333333333,0.285714286,0,1,1,0.951219512
1,0.479452055,0.147280827,0.933333333,0.03103031,0,0.295918367,0.5,0.933333333,0.333333333,0.714285714,1,1,0,0.951219512
0,0.109589041,0.344435311,0.133333333,0,0,0.397959184,0.5,0.266666667,0.666666667,0.5,0.4,1,1,0.634146341
0,0.616438356,0.105808411,0.2,0,0,0.040816327,0.75,0.333333333,0.333333333,0.857142857,0,1,1,0.951219512
0,0.273972603,0.20743041,0.6,0,0,0.397959184,0.875,1,0,0.071428571,0.8,1,0,0.951219512
0,0.123287671,0.074554416,0.533333333,0.044160442,0,0.397959184,0.5,0.733333333,0.666666667,0.214285714,0.2,1,1,0.951219512
0,0.136986301,0.191220575,0.533333333,0,0,0.397959184,0.5,0.733333333,0.666666667,0.5,0.8,1,1,0.268292683
0,0.136986301,0.034132662,0.666666667,0,0,0.397959184,0.5,0.533333333,0.333333333,0.928571429,0,1,1,0.951219512
0,0.068493151,0.085570473,0.6,0,0,0.5,0.5,1,0.666666667,0.285714286,0.6,1,1,0.951219512
0,0.287671233,0.204156645,0.533333333,0,0,0.37755102,0.875,0.733333333,0,0.071428571,0.2,1,0,0.951219512
0,0.342465753,0.222310172,0.533333333,0,0,0.5,0.5,0.733333333,0.666666667,0.214285714,0.2,1,1,0.951219512
1,0.438356164,0.278014228,0.866666667,1,0,0.806122449,0.875,0.8,0.333333333,0.857142857,0,1,1,0.951219512
0,0.082191781,0.07123803,0.533333333,0,0,0.397959184,0.5,0.733333333,0.666666667,0.214285714,0.6,1,1,0.951219512
0,0.082191781,0.153745818,0.533333333,0,0,0.397959184,0.5,0.733333333,0.666666667,0.5,0.6,0.25,1,0.731707317
1,0.465753425,0.124850232,0.6,0,0,0.37755102,0.5,1,0,0.857142857,0.2,1,0,0.951219512
0,0.589041096,0.04260291,0.533333333,0,0,0.397959184,0.625,0.733333333,0.333333333,0.214285714,1,1,0,0.951219512
0,0.876712329,0.101884495,0.533333333,0,0,0.346938776,0,0.733333333,0,0,0.2,1,0,0.951219512
0,0.397260274,0.139396461,0.6,0,0,0.397959184,0.5,1,0.666666667,0.214285714,0.6,1,1,0.951219512
0,0.397260274,0.096994483,0.533333333,0,0,0.397959184,0.5,0.733333333,0.333333333,0.571428571,1,1,0,0.951219512
0,0.054794521,0.316076219,0.6,0,0,0.397959184,0,1,0.666666667,0,0.6,1,0,0.951219512
1,0.369863014,0.202333377,0.933333333,0,0,0.5,0.625,0.933333333,0.333333333,0.714285714,0,1,1,0.951219512
0,0.205479452,0.026293624,0.466666667,0,0,0.397959184,0.5,0.133333333,0.333333333,0.571428571,1,1,0,0.951219512
0,0.04109589,0.104244934,0.533333333,0,0,0.397959184,0.5,0.733333333,0.666666667,0.214285714,0.4,1,1,0.951219512
1,0.219178082,0.210876691,0.8,0,0,0.040816327,0.5,0.6,0.333333333,0.071428571,1,1,0,0.951219512
0,0.273972603,0.214329061,0.533333333,0,0,0.397959184,0.125,0.733333333,0.333333333,0.071428571,0,0.5,1,0.951219512
0,0.136986301,0.070418743,0.8,0,0,0.397959184,0.5,0.6,0.666666667,0.714285714,0.2,1,0,0.951219512
0,0.095890411,0.334239217,0.6,0,0,0.397959184,0.875,1,0.666666667,0.071428571,0.6,0.25,1,0
0,0.136986301,0.113839586,0.533333333,0,0,0.397959184,0.5,0.733333333,0.833333333,0.5,0.8,1,0,0.951219512
0,0.150684932,0.110750517,0.533333333,0,0,0.397959184,0.5,0.733333333,0.666666667,0.285714286,0.2,1,0,0.951219512
1,0.397260274,0.178159345,0.8,0,0,0.602040816,0.75,0.6,0,0.571428571,0.8,0.25,0,0.853658537
0,0.219178082,0.053704211,0.533333333,0,0,0.397959184,0.5,0.733333333,0.333333333,0.5,0,1,1,0.951219512
0,0.109589041,0.168616109,0.533333333,0,0,0.346938776,0.5,0.733333333,0.666666667,0.857142857,0.6,1,1,0.951219512
0,0.260273973,0.16451291,0.8,0,0,0.397959184,0.25,0.6,0.666666667,0.785714286,0.2,0.5,1,0.951219512
0,0.369863014,0.184266447,0.533333333,0,0,0.397959184,0.5,0.733333333,0,0.857142857,0.8,0.5,0,0.951219512
0,0.164383562,0.24045558,0.6,0,0,0.397959184,0.5,1,0.666666667,0.071428571,0.6,0.5,1,0.951219512
0,0.205479452,0.124003207,0.4,0,0,0.397959184,0.5,0.066666667,0.333333333,0.5,0,1,1,0.951219512
0,0.630136986,0.17239254,0.8,0,0,0.602040816,0.625,0.6,0.333333333,0.285714286,0,1,1,0.951219512
0,0.205479452,0.039825047,0.8,0,0,0.193877551,0.875,0.6,0.333333333,0.928571429,0,1,1,0.951219512
1,0.315068493,0.159792032,0.933333333,0,0,0.5,0.625,0.933333333,0.333333333,0.714285714,0,1,1,0.951219512
0,0.712328767,0.438515271,0.533333333,0,0,0.193877551,0.25,0.733333333,1,0.071428571,0.2,0.5,0,0.951219512
0,0.068493151,0.02643705,0.8,0,0,0.153061224,0.5,0.6,0.666666667,0.857142857,0.2,1,0,0.951219512
1,0.273972603,0.064576843,0.8,0,0,0.551020408,0.5,0.6,0.333333333,0.714285714,0,1,1,0.951219512
0,0.205479452,0.224888456,0.6,0,0,0.397959184,0.5,1,0.666666667,0.5,0.8,1,0,0.951219512
0,0.328767123,0.129733478,0.533333333,0,0,0.397959184,0.5,0.733333333,0.333333333,0.214285714,0,1,1,0.951219512
0,0.575342466,0.107368507,0.533333333,0,0,0.551020408,0.5,0.733333333,0.333333333,0.857142857,0,1,1,0.951219512
0,0.109589041,0.11920791,0.533333333,0,0,0.397959184,0.5,0.733333333,0.666666667,0.5,0.4,1,1,0.951219512
1,0.260273973,0.126819632,0.533333333,0.07298073,0,0.602040816,0.5,0.733333333,0.333333333,1,0,1,1,0.951219512
0,0.02739726,0.193591162,0.6,0,0.459366391,0.397959184,0.5,1,0.666666667,0.071428571,0.6,1,0,0.12195122
0,0.095890411,0.160177659,0.8,0,0,0.397959184,0.5,0.6,0.666666667,0.928571429,0.6,1,1,0.951219512
0,0.150684932,0.188065205,0.8,0,0,0.173469388,0,0.6,0.666666667,0,0.2,1,1,0.951219512
0,0.260273973,0.065521289,0.533333333,0,0,0.397959184,0.5,0.733333333,0.333333333,0.214285714,0,1,1,0.951219512
0,0.095890411,0.096668392,0.733333333,0,0,0.397959184,0.5,0.466666667,0,0.5,0.2,1,1,0.951219512
1,0.109589041,0.092417031,0.533333333,0,0,0.602040816,0.625,0.733333333,0.333333333,0.285714286,0,1,1,0.951219512
0,0.534246575,0.112644821,0.533333333,0,0,0.397959184,0.5,0.733333333,0.333333333,0.428571429,0,1,1,0.951219512
0,0.356164384,0.126161361,0.533333333,0,0,0.397959184,0.875,0.733333333,0.666666667,0.571428571,0.6,1,0,0.951219512
0,0.054794521,0.124606002,0.533333333,0,0,0.346938776,0.5,0.733333333,0.666666667,0.5,0.2,1,1,0.951219512
0,0.095890411,0.059322177,0.8,0,0,0.397959184,0.5,0.6,0.666666667,0.928571429,0.6,1,1,0.951219512
1,0.397260274,0.068922242,0.866666667,0,0.436639118,0.448979592,0.25,0.8,0.333333333,0.285714286,0,1,1,0.951219512
0,0.150684932,0.02969593,0.6,0.021740217,0,0.551020408,0.5,1,0.666666667,0.285714286,0.2,1,1,0.951219512
0,0.205479452,0.114591896,0.533333333,0,0,0.5,0.5,0.733333333,0.666666667,0.071428571,0.4,1,0,0.951219512
1,0.273972603,0.363225459,0.533333333,0,0,0.5,0.5,0.733333333,0.333333333,0.214285714,0,1,1,0.951219512
1,0.465753425,0.084545519,0.533333333,0,0,0.397959184,0.5,0.733333333,0,0.714285714,0.8,1,0,0.951219512
0,0.164383562,0.060928953,0.666666667,0,0,0.397959184,0.5,0.533333333,0.833333333,0.214285714,0.2,1,1,0.951219512
0,0.082191781,0.167115549,0.533333333,0,0,0.397959184,0.5,0.733333333,0,0.285714286,0.8,1,0,0.951219512
1,0.150684932,0.035716436,0.533333333,0,0,0.397959184,0.5,0.733333333,0.333333333,0.214285714,0,1,1,0.951219512
0,0.191780822,0.151681026,0.8,0,0,0.397959184,0.25,0.6,0.666666667,0.714285714,0.2,1,0,0.268292683
0,0.260273973,0.116617449,0.6,0,0,0.520408163,0.5,1,0.333333333,0.071428571,0,1,1,0.951219512
0,0.534246575,0.111174029,0.8,0,0,0.397959184,0.5,0.6,0,0.714285714,0.2,0.25,0,0.731707317
0,0.054794521,0.148077112,0.6,0,0,0.244897959,0.5,1,0.666666667,0.571428571,0.6,1,1,0.951219512
0,0.095890411,0.288579711,0.8,0,0,0.397959184,0.5,0.6,0.666666667,0.857142857,0.2,1,1,0.951219512
0,0.616438356,0.07834776,0.533333333,0,0,0.316326531,0.5,0.733333333,1,0.071428571,0.2,1,0,0.951219512
0,0.328767123,0.129012289,0.533333333,0,0,0.030612245,0.5,0.733333333,0.333333333,0.214285714,0,1,1,0.707317073
0,0.178082192,0.164492614,0.933333333,0,0,0.551020408,0.75,0.933333333,0.333333333,0.714285714,0,1,1,0.951219512
1,0.178082192,0.106804274,0.8,0,0,0.397959184,0.5,0.6,0.666666667,0.928571429,0.2,1,0,0.951219512
0,0.273972603,0.058823569,0.533333333,0,0,0.397959184,0.5,0.733333333,0.333333333,0.071428571,0,1,1,0.951219512
0,0.150684932,0.038942843,0.8,0,0,0.295918367,0.5,0.6,0.666666667,0.071428571,0.6,0.25,0,0.951219512
1,0.246575342,0.05876471,0.533333333,0,0,0.5,0.5,0.733333333,0.333333333,0.285714286,0,1,1,0.951219512
0,0.534246575,0.184995755,0.866666667,0,0,0.663265306,0.5,0.8,0.666666667,0.714285714,0.2,1,1,0.951219512
0,0.452054795,0.208441833,0.733333333,0,0,0.397959184,0.25,0.466666667,0,0.714285714,0.2,1,0,0.951219512
1,0.123287671,0.013038904,0.8,0,0,0.908163265,0.5,0.6,0.333333333,0.714285714,0,1,1,0.951219512
0,0.095890411,0.151822422,0.533333333,0,0,0.346938776,0.5,0.733333333,0.333333333,0.428571429,0.6,1,1,0.951219512
1,0.191780822,0.117172886,0.533333333,0,0,0.397959184,0.5,0.733333333,0.333333333,0.071428571,1,1,0,0
0,0.726027397,0.013026727,0.533333333,0,0,0.193877551,0.25,0.733333333,1,0.571428571,0.2,1,0,0.951219512
1,0.260273973,0.106311755,0.533333333,0.07298073,0,0.397959184,0.5,0.733333333,0.333333333,0.5,0,1,1,0.951219512
0,0.452054795,0.121311941,0.533333333,0,0.454545455,0.37755102,0.5,0.733333333,0,0.428571429,0.2,1,1,0.951219512
0,0.246575342,0.008010879,0.6,0,0,0.397959184,0.5,1,0,0.285714286,0.8,1,0,0.951219512
0,0.260273973,0.111127348,0.6,0,0,0.479591837,0.5,1,0.666666667,0.571428571,0.2,1,1,0.951219512
0,0.178082192,0.333154051,0.333333333,0,0,0.173469388,0.5,0,0.666666667,0.857142857,0.4,1,1,0.317073171
0,0,0.175112897,0.466666667,0,0,0.153061224,0.5,0.133333333,0.666666667,0.571428571,0.6,1,0,0.951219512
0,0.178082192,0.148966758,0.533333333,0,0,0.397959184,0.5,0.733333333,0.833333333,0.214285714,0.2,1,1,0.951219512
0,0.095890411,0.127195787,0.6,0,0,0.295918367,0.5,1,0.666666667,0.571428571,0.2,1,1,0.951219512
0,0.479452055,0.019762332,0.6,0,0,0.448979592,0.75,1,0.333333333,0.857142857,0,1,1,0.951219512
0,0.04109589,0.165876809,0.6,0,0,0.193877551,0.5,1,0.666666667,0.857142857,0.6,0.5,0,0.951219512
0,0,0.206626007,0.266666667,0,0,0.397959184,0.5,0.4,0.666666667,0.571428571,0.6,0.5,0,0.951219512
0,0.219178082,0.11124033,0.533333333,0,0,0.397959184,0.5,0.733333333,0.666666667,0.071428571,0.2,1,1,0.951219512
0,0.082191781,0.119691634,0.666666667,0,0,0.5,0.5,0.533333333,0.666666667,0.071428571,0.2,1,1,0.951219512
0,0.219178082,0.119652395,0.8,0,0,0.193877551,0.25,0.6,0.666666667,0.714285714,0.2,1,0,0.951219512
1,0.465753425,0.230720884,0.866666667,0,0,0.704081633,0.5,0.8,0.333333333,0.285714286,0,1,1,0.951219512
1,0.178082192,0.26462623,0.8,0,0,0.5,0.5,0.6,0.666666667,0.714285714,0.2,0.5,1,0.951219512
0,0.02739726,0.221118113,0.6,0,0,0.397959184,0.5,1,0.666666667,0.285714286,0.6,1,1,0.951219512
0,0.04109589,0.102552914,0.533333333,0,0,0.397959184,0.5,0.733333333,0.666666667,0.357142857,0.6,1,1,0.951219512
0,0.178082192,0.121293675,0.533333333,0,0,0.357142857,0.5,0.733333333,0.833333333,0.571428571,0.6,1,0,0.951219512
0,0.01369863,0.045922002,0.6,0,0,0.193877551,0.5,1,0.666666667,0.857142857,0.6,1,0,0.951219512
0,0.328767123,0.066941341,0.6,0,0,0.5,0.75,1,0.333333333,0.285714286,0,1,1,0.951219512
1,0.465753425,0.110130132,0.733333333,0.051780518,0,0.448979592,0.5,0.466666667,0.333333333,0.857142857,0,1,1,0.951219512
0,0.164383562,0.169264908,0.533333333,0,0,0.295918367,0.5,0.733333333,0.666666667,0.357142857,0.6,0.5,1,0.951219512
0,0.232876712,0.147458757,0.266666667,0,0,0.397959184,0.5,0.4,0.833333333,0.214285714,0.2,1,1,0
0,0.123287671,0.063257595,0.8,0,0,0.397959184,0.875,0.6,0.666666667,0.714285714,0.6,1,1,0.951219512
1,0.342465753,0.057778319,0.6,0.051780518,0,0.397959184,0.25,1,0.333333333,0.214285714,0,1,1,0.951219512
1,0.479452055,0.147914066,0.8,0,0,0.602040816,0.625,0.6,0.333333333,0.857142857,0,1,1,0.951219512
0,0.630136986,0.082994219,0.533333333,0,0,0.397959184,0.5,0.733333333,0.333333333,0.857142857,0,1,1,0.829268293
1,0.465753425,0.16219577,1,0,0,0.448979592,0.25,0.666666667,0,0.714285714,0.2,1,0,0.951219512
1,0.410958904,0.049015131,0.866666667,0,0,0.193877551,0.75,0.8,0.333333333,0.714285714,1,1,0,0.951219512
1,0.671232877,0.142428025,0.6,0.07896079,0,0.397959184,0.25,1,0,0.571428571,0.4,1,0,0
0,0.150684932,0.160914408,0.6,0,0,0.397959184,0.5,1,0,0.285714286,0.2,1,0,0.951219512
1,0.493150685,0.118762749,0.866666667,0.076880769,0,0.346938776,0.75,0.8,0.333333333,0.285714286,0,1,1,0.951219512
1,0.328767123,0.067652382,0.533333333,0,0,0.602040816,0.5,0.733333333,0.333333333,0.214285714,0,1,1,0.951219512
0,0.356164384,0.113558823,0.533333333,0,0,0.448979592,0.5,0.733333333,0.666666667,0.214285714,0.2,1,1,0.951219512
0,0.205479452,0.110676774,0.2,0,0,0.346938776,0.5,0.333333333,0.333333333,0.214285714,0,1,1,0.951219512
1,0.561643836,0.087808459,0.533333333,0.047870479,0,0.387755102,0.5,0.733333333,0,0.928571429,0.2,1,1,0.951219512
0,0.616438356,0.188679501,0.8,0,0,0.479591837,0.25,0.6,1,0.714285714,0.2,1,0,0.951219512
0,0.273972603,0.027018195,0.4,0,0,0.397959184,0.5,0.066666667,0.333333333,1,0,1,1,0.951219512
0,0.534246575,0.125558566,0.333333333,0,0,0.397959184,0.5,0,1,0.571428571,0.8,1,0,0.951219512
1,0.123287671,0.094335691,0.6,0,0,0.397959184,0.5,1,0.333333333,0.857142857,0,1,1,0.951219512
0,0.315068493,0.098767687,0.533333333,0,0.143480257,0.397959184,0.5,0.733333333,0,0.071428571,0.8,0.5,0,0.951219512
0,0.205479452,0.112184776,0.533333333,0,0,0.397959184,0.25,0.733333333,0.666666667,0.357142857,0.6,1,1,0.951219512
0,0.232876712,0.097921339,0.333333333,0,0,0.193877551,0.5,0,0.666666667,0.571428571,0.8,0.5,0,0.951219512
0,0.246575342,0.264664116,0.533333333,0,0,0.397959184,0.125,0.733333333,0.666666667,0.071428571,0.6,1,1,0.951219512
0,0.479452055,0.111036015,0.8,0,0,0.397959184,0.5,0.6,0,0.071428571,0.2,1,0,0.951219512
0,0.068493151,0.062754251,0.6,0,0,0.397959184,0.5,1,0.666666667,0.071428571,0.8,1,0,0.951219512
0,0.02739726,0.082333242,0.6,0,0,0.193877551,0,1,0.666666667,0,0.6,1,0,0.951219512
0,0.438356164,0.109881166,0.6,0,0,0.346938776,0,1,0.666666667,0,0.2,1,1,0.951219512
1,0.178082192,0.120491301,0.8,0,0,0.397959184,0.5,0.6,0.333333333,0.571428571,1,1,0,0.951219512
0,0.342465753,0.139056163,0.533333333,0,0,0.244897959,0.75,0.733333333,0.333333333,0.214285714,0,0.5,1,0.56097561
0,0.164383562,0.141451105,0.6,0,0,0.397959184,0.5,1,0.666666667,1,0.2,1,1,0.951219512
0,0.410958904,0.181445963,0.533333333,0,0,0.397959184,0.5,0.733333333,0.833333333,0.214285714,0.8,0.5,0,0.951219512
0,0.164383562,0.177810928,0.6,0,0,0.418367347,0.5,1,0.833333333,0.428571429,0.2,0.5,1,0.951219512
0,0.726027397,0.110952125,0.533333333,0,0,0.224489796,0.5,0.733333333,0,0.571428571,0.2,1,0,0.951219512
1,0.328767123,0.227163651,0.866666667,0,0,0.397959184,0.125,0.8,0,0.285714286,0.8,1,0,0.951219512
1,0.287671233,0.120836335,0.8,0,0,0.397959184,0.125,0.6,0.333333333,0.714285714,0,1,1,0
1,0.534246575,0.072243364,0.8,0,0,0.397959184,0.75,0.6,0.333333333,0.071428571,0,1,1,0.951219512
1,0.712328767,0.025832226,0.933333333,0,0,0.336734694,0.875,0.933333333,0.333333333,0.071428571,0,1,1,0.951219512
0,0.082191781,0.114587837,0.4,0,0,0.602040816,0.5,0.066666667,0.666666667,0.214285714,0.6,1,1,0.951219512
0,0.356164384,0.138292352,0.6,0,0,0.316326531,0.5,1,0.333333333,0.785714286,0,0.75,1,0.951219512
0,0.342465753,0.125928632,0.6,0,0,0.397959184,0.5,1,0,0.071428571,0.6,1,0,0.951219512
0,0.287671233,0.113119074,0.733333333,0,0,0.397959184,0.5,0.466666667,0,0.214285714,0.2,1,1,0.951219512
0,0.342465753,0.120749739,0.666666667,0,0,0.397959184,0.5,0.533333333,0,0.928571429,0.8,1,0,0.951219512
0,0.219178082,0.070510752,0.333333333,0,0,0.397959184,0.5,0,0.333333333,0.214285714,0,1,1,0.951219512
0,0.315068493,0.132595908,0.6,0,0,0.397959184,0.5,1,0.666666667,0.285714286,0.8,1,0,0.951219512
1,0.287671233,0.202951732,0.8,0,0,0.5,0.5,0.6,0.333333333,0.714285714,0,1,1,0.951219512
0,0.534246575,0.260995931,0.533333333,0,0,0.397959184,0.5,0.733333333,1,0.071428571,0.2,1,0,0.951219512
1,0.493150685,0.058368936,0.533333333,0,0,0.387755102,0.5,0.733333333,1,0.928571429,0.2,1,1,0.951219512
0,0.164383562,0.195720225,0.6,0,0,0.397959184,0.875,1,0.333333333,0.785714286,0,1,1,0.951219512
0,0.082191781,0.148597369,0.533333333,0,0,0.397959184,0.5,0.733333333,0.666666667,0.214285714,0.6,1,1,0.951219512
0,0.712328767,0.061286842,0.533333333,0,0,0.234693878,0.5,0.733333333,1,0.071428571,0.2,1,0,0.951219512
1,0.520547945,0.08762647,1,0,0,0.397959184,0.5,0.666666667,0.333333333,0.285714286,0,1,1,0.951219512
0,0.02739726,0.04016264,0.533333333,0,0,0.397959184,0.5,0.733333333,0.666666667,0.357142857,0.6,1,1,0.951219512
0,0.04109589,0.029792675,0.6,0,0,0.193877551,0.5,1,0.666666667,0.571428571,0.6,1,1,0.951219512
0,0.767123288,0.248043623,0.533333333,0,0,0.193877551,0,0.733333333,0.5,0,0.2,1,0,0.048780488
0,0.246575342,0.017713777,0.533333333,0,0,0.204081633,0.5,0.733333333,0,0.571428571,0.8,1,0,0.951219512
0,0.657534247,0.122507383,0.6,0,0,0.5,0,1,0.333333333,0,0,1,1,0.951219512
0,0.136986301,0.389025888,0.2,0,0,0.346938776,0.5,0.333333333,0.666666667,0.571428571,0.4,1,1,0.317073171
1,0.342465753,0.108260859,0.533333333,0,0,0.479591837,0.125,0.733333333,0.333333333,0.071428571,0,1,1,0.951219512
0,0.136986301,0.048810816,0.6,0,0,0.5,0.5,1,0.666666667,0.285714286,0.2,1,0,0.951219512
0,0.780821918,0.123148064,0.266666667,0,0,0.091836735,0.5,0.4,1,0.214285714,0.2,1,1,0
0,0.01369863,0.157769186,0.533333333,0,0,0.193877551,0.5,0.733333333,0.666666667,0.571428571,0.6,1,0,0.951219512
1,0.383561644,0.030143798,0.533333333,0,0,0.397959184,0.25,0.733333333,0.333333333,0.214285714,0,1,1,0.951219512
0,0.082191781,0.136287772,0.8,0,0,0.397959184,0.5,0.6,0.666666667,0.285714286,0.2,1,1,0.951219512
0,0.534246575,0.157173156,0.533333333,0,0,0.397959184,0.5,0.733333333,0.333333333,0.214285714,0,1,1,0.951219512
0,0.534246575,0.083331135,0.533333333,0,0,0.397959184,0.5,0.733333333,0,0.928571429,0.2,0.5,0,0.951219512
0,0.04109589,0.15267486,0.533333333,0,0,0.397959184,0.5,0.733333333,0.666666667,0.785714286,0.6,1,1,0.12195122
0,0.753424658,0.029953014,0.533333333,0,0,0.112244898,0.5,0.733333333,0.333333333,0.857142857,0,1,1,0.951219512
0,0.369863014,0.097662902,0.533333333,0,0,0.387755102,0.875,0.733333333,0,0.714285714,0.2,1,0,0.951219512
0,0.493150685,0.209378161,0.533333333,0,0,0.346938776,0.25,0.733333333,0.5,1,0.4,1,0,0.951219512
1,0.397260274,0.140501247,0.8,0.07298073,0,0.397959184,0.625,0.6,0.333333333,0.5,0,1,1,0
0,0.424657534,0.184728522,0.4,0,0,0.5,0.5,0.066666667,0.333333333,0.285714286,0,1,1,0.951219512
0,0.054794521,0.092015168,0.533333333,0,0,0.193877551,0.5,0.733333333,0.666666667,0.357142857,0.6,1,1,0.951219512
0,0.109589041,0.065199934,0.533333333,0,0,0.448979592,0.5,0.733333333,0.666666667,0.285714286,0.2,1,1,0.951219512
1,0.369863014,0.077935073,0.533333333,0.07298073,0,0.5,0.75,0.733333333,0.333333333,0.214285714,0,1,1,0.219512195
0,0.301369863,0.139955281,0.533333333,0,0,0.428571429,0.5,0.733333333,0.333333333,0.5,0,1,1,0.951219512
0,0.01369863,0.142455763,0.4,0,0,0.091836735,0.5,0.066666667,0.666666667,0.857142857,0.6,1,0,0.951219512
1,0.369863014,0.099459108,0.533333333,0,0,0.397959184,0.5,0.733333333,0.333333333,0.285714286,1,0.25,0,0
0,0.136986301,0.185416561,0.8,0,0,0.346938776,0.25,0.6,0.666666667,0.714285714,0.2,1,0,0.951219512
1,0.273972603,0.139505384,0.533333333,0.076880769,0,0.346938776,0.25,0.733333333,0.333333333,0.785714286,0,1,1,0.951219512
0,0.109589041,0.112003464,0.533333333,0,0,0.397959184,0,0.733333333,0.666666667,0,0.6,1,1,0.951219512
1,0.287671233,0.173892424,0.6,0.07298073,0,0.397959184,0.625,1,0.333333333,0.285714286,0,1,1,0.951219512
0,0.452054795,0.125525416,0.866666667,0,0,0.397959184,0.5,0.8,0.333333333,0.928571429,0,1,1,0.951219512
1,0.287671233,0.138036621,1,0,0,0.397959184,0.5,0.666666667,0.333333333,0.714285714,0,0.25,1,0.073170732
1,0.410958904,0.118594291,0.8,0,0,0.479591837,0.125,0.6,0.333333333,0.071428571,0,1,1,0.951219512
0,0.232876712,0.164272063,0.8,0,0,0.397959184,0.25,0.6,0,0.714285714,0.8,1,0,0.951219512
0,0.232876712,0.129737537,0.533333333,0,0,0.397959184,0.5,0.733333333,0.666666667,0.214285714,0.2,1,1,0.951219512
0,0.465753425,0.091149877,0.6,0,0,0.5,0,1,0,0,0.2,0.5,1,0.951219512
0,0.095890411,0.068770698,0.8,0,0,0.551020408,0.5,0.6,0.666666667,0.571428571,0.2,1,1,0.951219512
0,0.260273973,0.016733475,0.533333333,0,0,0.5,0.625,0.733333333,0.666666667,0.357142857,0.2,1,1,0.951219512
0,0.150684932,0.120071848,0.6,0,0,0.5,0.875,1,0.833333333,0.071428571,0.8,1,0,0.951219512
0,0.232876712,0.123156859,0.533333333,0,0,0.448979592,0.25,0.733333333,0.333333333,1,0,1,1,0.951219512
0,0.356164384,0.087301732,0.533333333,0,0,0.397959184,0.5,0.733333333,0,0.5,0.2,1,0,0.951219512
0,0.219178082,0.095596757,0.533333333,0,0,0.397959184,0.5,0.733333333,0.333333333,0.5,0,1,1,0.951219512
0,0.01369863,0.017604855,0.4,0,0,0.295918367,0.625,0.066666667,0.666666667,0.357142857,0.6,1,1,0.951219512
0,0.191780822,0.11060912,0.8,0,0,0.397959184,0.25,0.6,0,0.714285714,0.2,1,0,0.951219512
0,0.356164384,0.140058115,0.266666667,0,0,0.397959184,0.5,0.4,0,1,0.2,0.5,1,0.951219512
0,0.205479452,0.164208468,0.533333333,0,0,0.5,0.5,0.733333333,0.333333333,0.214285714,0,1,1,0.951219512
1,0.232876712,0.073612676,0.8,0,0,0.530612245,0.125,0.6,0.333333333,0.285714286,0,1,1,0.951219512
1,0.397260274,0.085097574,0.6,0,0,0.397959184,0.5,1,0.333333333,0.214285714,0,1,1,0.951219512
1,0.356164384,0.079723837,0.8,0,0,0.397959184,0.75,0.6,0.333333333,0.214285714,0,1,1,0.951219512
0,0.342465753,0.098957118,0.333333333,0,0,0.397959184,0.5,0,0.333333333,0.285714286,0,1,1,0.951219512
0,0.561643836,0.086897163,0.8,0,0,0.346938776,0.75,0.6,0.333333333,0.357142857,0,1,1,0.951219512
0,0.547945205,0.041110468,0.8,0,0,0.397959184,0.5,0.6,0.333333333,0.285714286,0,1,1,0.951219512
0,0.04109589,0.141650683,0.533333333,0,0,0.397959184,0.5,0.733333333,0.333333333,0.071428571,1,1,0,0.634146341
0,0.068493151,0.06112312,0.6,0,0,0.448979592,0.5,1,0.333333333,0.285714286,0,1,1,0.951219512
1,0.136986301,0.062060124,0.6,0,0.436639118,0.295918367,0.5,1,0.333333333,0.071428571,1,1,0,0.951219512
1,0.287671233,0.390716555,0.8,0,0,0.448979592,0.5,0.6,0.333333333,0.071428571,0,1,1,0.951219512
0,0.095890411,0.188952145,0.533333333,0,0,0.5,0.5,0.733333333,0.333333333,0.857142857,0,1,1,0.951219512
0,0.315068493,0.242347179,0.6,0,0,0.397959184,0.25,1,0.333333333,0.428571429,0,1,1,0.634146341
0,0.452054795,0.005960294,0.6,0,0,0.397959184,0.5,1,0,0.571428571,0.8,0.25,1,0.731707317
0,0.082191781,0.176416585,0.2,0,0,0.193877551,0.5,0.333333333,0.333333333,0.357142857,0,1,1,0.951219512
0,0.095890411,0.180561052,0.533333333,0,0,0.397959184,0.5,0.733333333,0.333333333,0.214285714,0,1,1,0.951219512
0,0.465753425,0.147356599,0.333333333,0,0,0.397959184,0.5,0,1,0.571428571,0.2,1,0,0.951219512
0,0.424657534,0.247255457,0.333333333,0,0,0.704081633,0.5,0,0.333333333,0.857142857,0,1,1,0.951219512
0,0.465753425,0.09892532,0.6,0,0,0.357142857,0.5,1,0,0.285714286,0.2,1,0,0.951219512
0,0.02739726,0.136226884,0.533333333,0,0,0.397959184,0.5,0.733333333,0.666666667,0.5,0.2,1,1,0.951219512
0,0.369863014,0.137899284,0.533333333,0,0,0.397959184,0.5,0.733333333,0.5,0.571428571,0.2,0.5,0,0.56097561
0,0.547945205,0.120578575,0.266666667,0,0,0.397959184,0,0.4,0.333333333,0,0,1,1,0.951219512
1,0.178082192,0.123915933,0.8,0,0,0.5,0.5,0.6,0.333333333,0.714285714,0,1,1,0.951219512
0,0.315068493,0.089636463,0.533333333,0,0,0.397959184,0.5,0.733333333,0.666666667,0.428571429,0.2,1,1,0.951219512
0,0.342465753,0.011959151,0.533333333,0,0,0.397959184,0.5,0.733333333,0.333333333,0.214285714,0,1,1,0.951219512
0,0.123287671,0.099753402,0.533333333,0,0,0.397959184,0.5,0.733333333,1,1,0.2,1,1,0.951219512
1,0.287671233,0.151616079,0.8,0.076880769,0,0.397959184,0.5,0.6,0.333333333,0.285714286,0,1,1,0.951219512
1,0.616438356,0.389820143,0.8,0,0,0.193877551,0.5,0.6,0.333333333,0.857142857,0,1,1,0.951219512
0,0.219178082,0.125712817,0.533333333,0,0,0.397959184,0.5,0.733333333,0.666666667,0.214285714,0.6,1,1,0.951219512
0,0.178082192,0.065068685,0.6,0,0,0.397959184,0,1,0.333333333,0,0,1,1,0.951219512
0,0.068493151,0.231420424,0.6,0,0,0.397959184,0,1,0.666666667,0,0.2,1,1,0.951219512
0,0.287671233,0.142720289,0.6,0,0,0.397959184,0.75,1,0.5,0.571428571,0.8,1,0,0.951219512
0,0.136986301,0.068173992,0.533333333,0,0,0.428571429,0.5,0.733333333,0.833333333,0.5,0.2,1,1,0.951219512
0,0.04109589,0.25220771,0.466666667,0,0,0.397959184,0.5,0.133333333,0.666666667,0.5,0.6,1,1,0.951219512
0,0.02739726,0.103395203,0.533333333,0,0,0.397959184,0.5,0.733333333,0.666666667,0.857142857,0.2,1,0,0.951219512
0,0.534246575,0.127905474,0.6,0,0,0.37755102,0.5,1,1,0.214285714,0.8,1,0,0.951219512
1,0.520547945,0.033436505,0.8,0,0,0.397959184,0.25,0.6,0.333333333,0.285714286,0,1,1,0.951219512
0,0.383561644,0.03138998,0.6,0,0,0.397959184,0.75,1,0.333333333,1,0,1,1,0.951219512
0,0.082191781,0.180029971,0.6,0,0,0.683673469,0.5,1,0.333333333,0.857142857,0,1,1,0.951219512
0,0.01369863,0.059002175,0.466666667,0,0,0.295918367,0.5,0.133333333,0.666666667,0.571428571,0.6,0.75,0,0.951219512
1,0.383561644,0.137727443,1,0.076880769,0,0.448979592,0.25,0.666666667,0.333333333,0.285714286,0,1,1,0.951219512
0,0.301369863,0.103248394,0.533333333,0,0,0.397959184,0.5,0.733333333,0.333333333,0.214285714,0,1,1,0.951219512
0,0.493150685,0.145669992,0.533333333,0,0,0.367346939,0.5,0.733333333,0,0.857142857,0.2,1,0,0.634146341
0,0.01369863,0.016640789,0.466666667,0,0,0.193877551,0.5,0.133333333,0.666666667,0.857142857,0.6,1,0,0.951219512
0,0.397260274,0.08356454,0.8,0,0,0.397959184,0.5,0.6,0.666666667,0.285714286,0.2,0.25,1,0.731707317
1,0.342465753,0.109795246,0.8,0.051780518,0,0.397959184,0.25,0.6,0.333333333,0.714285714,0,1,1,0.951219512
0,0.602739726,0.121744249,0.333333333,0,0,0.397959184,0.5,0,0,0.857142857,0.8,1,0,0.951219512
1,0.493150685,0.027678496,1,0,0,0.5,0.875,0.666666667,0.333333333,0.071428571,0,1,1,0.951219512
0,0.178082192,0.143945498,0.533333333,0,0,0.5,0.5,0.733333333,0.333333333,0.285714286,0,1,1,0.951219512
1,0.205479452,0.117141088,0.6,0,0,0.397959184,0.5,1,0.333333333,0.071428571,1,0.5,0,0.951219512
0,0.342465753,0.132726479,0.533333333,0,0,0.397959184,0.125,0.733333333,0.333333333,0.5,0,1,1,0.951219512
0,0.301369863,0.069223301,0.533333333,0,0,0.397959184,0.5,0.733333333,0.333333333,0.5,0,1,1,0.951219512
0,0.191780822,0.131799623,0.8,0,0,0.397959184,0.5,0.6,0.666666667,0.285714286,0.6,0.5,0,0.951219512
1,0.602739726,0.226748257,0.866666667,0,0,0.397959184,0.875,0.8,0.333333333,0.285714286,0,1,1,0.951219512
0,0.02739726,0.049967695,0.533333333,0,0,0.193877551,0.5,0.733333333,0.666666667,0.857142857,0.6,0.25,1,0.731707317
0,0.369863014,0.094186853,0.6,0,0,0.5,0.5,1,0.333333333,0.857142857,0,1,1,0.951219512
1,0.589041096,0.123335464,0.8,0.076880769,0,0.397959184,0.5,0.6,0.333333333,0.714285714,0,1,1,0.951219512
0,0.547945205,0.041858042,0.533333333,0,0,0.295918367,0.5,0.733333333,0.333333333,0.571428571,0,1,1,0.951219512
0,0.575342466,0.063907747,0.2,0,0,1,0.5,0.333333333,0.333333333,0.571428571,1,1,0,0.951219512
0,0.123287671,0.053715712,0.6,0,0,0.397959184,0.5,1,0.333333333,1,0,1,1,0.951219512
0,0.534246575,0.077787588,0.6,0,0,0.336734694,0.5,1,0.333333333,0.214285714,0,1,1,0.951219512
1,0.479452055,0.109239809,0.933333333,0.150241502,0,0.602040816,0.625,0.933333333,0.333333333,0.714285714,0,1,1,0.951219512
0,0.123287671,0.014900059,0.666666667,0,0,0.448979592,0.5,0.533333333,0.666666667,0.714285714,0.2,1,1,0.951219512
0,0.04109589,0.134061964,0.6,0,0,0.244897959,0.5,1,0.666666667,0.714285714,0.6,1,1,0.951219512
1,0.232876712,0.095419504,0.8,0,0,0.397959184,0.5,0.6,0.333333333,0.714285714,0,1,1,0.951219512
0,0.246575342,0.195576122,0.466666667,0,0,0.397959184,0.5,0.133333333,0.666666667,0.5,0.8,0.5,0,0.951219512
0,0.232876712,0.054721047,0.6,0,0,0.397959184,0.5,1,0,0.571428571,0.8,0.5,0,0.951219512
0,0.164383562,0.137093528,0.866666667,0,0,0.602040816,0.5,0.8,0.666666667,0.285714286,0.2,0.5,1,0.951219512
0,0.136986301,0.017635976,0.666666667,0,0,0.602040816,0.5,0.533333333,0.333333333,0.857142857,0,1,1,0.951219512
0,0.082191781,0.128601631,0.533333333,0,0,0.193877551,0.5,0.733333333,0.666666667,0.857142857,0.6,0.5,1,0.951219512
0,0.082191781,0.016769331,0.533333333,0,0,0.397959184,0.5,0.733333333,0.333333333,0.214285714,0,1,1,0.951219512
0,0.02739726,0.050883727,0.4,0,0,0.091836735,0.5,0.066666667,0.666666667,1,0.4,1,1,0.951219512
0,0.219178082,0.236471452,0.533333333,0,0,0.5,0.75,0.733333333,0.833333333,0.214285714,0.8,1,1,0.951219512
0,0.506849315,0.275639581,0.533333333,0,0,0.397959184,0.5,0.733333333,0.333333333,1,0,0.5,1,0.951219512
0,0.205479452,0.088842208,0.533333333,0,0,0.153061224,0.5,0.733333333,0,0.571428571,0.2,0.5,0,0.951219512
0,0,0.056261522,0.333333333,0,0,0.142857143,0.5,0,0.666666667,0.571428571,0.6,1,1,0.951219512
0,0.109589041,0.062610149,0.8,0,0,0.142857143,0.5,0.6,0.666666667,0.714285714,0.6,1,0,0.951219512
0,0.342465753,0.09130954,0.6,0,0,0.357142857,0.5,1,0.333333333,0.714285714,1,1,0,0.951219512
0,0.465753425,0.180670651,0.6,0,0,0.479591837,0.5,1,0.333333333,0.857142857,0,1,1,0.951219512
0,0.191780822,0.061666379,0.533333333,0,0,0.397959184,0.5,0.733333333,0.333333333,1,0,1,1,0.951219512
0,0.506849315,0.127525937,0.6,0,0,0.397959184,0.5,1,0.333333333,0.857142857,0,1,1,0.951219512
0,0.410958904,0.14374186,0.6,0,0,0.397959184,0.5,1,0,0.285714286,0.2,1,0,0.951219512
0,0.232876712,0.16738887,0.6,0,0,0.397959184,0.875,1,0.833333333,0.285714286,0.6,1,0,0.951219512
0,0.205479452,0.161973865,0.733333333,0,0,0.397959184,0.5,0.466666667,0.666666667,0.714285714,0.2,1,1,0
0,0.602739726,0.141505904,0.533333333,0,0,0.397959184,0.5,0.733333333,0.666666667,0.5,0.2,0.5,0,0.951219512
0,0.095890411,0.131637931,0.8,0,0,0.397959184,0.5,0.6,0.666666667,0.071428571,0.6,1,1,0.951219512
0,0.506849315,0.055501771,0.266666667,0,0.496556474,0.142857143,0.75,0.4,0.333333333,0.214285714,1,0,0,0.951219512
1,0.397260274,0.154971027,0.6,0.086140861,0,0.5,0.5,1,0.666666667,0.285714286,0.2,1,1,0.951219512
1,0.424657534,0.230245279,0.533333333,0.076880769,0,0.397959184,0.5,0.733333333,0.333333333,0.714285714,0,1,1,0
0,0.315068493,0.013762123,0.866666667,0,0,0.602040816,0.5,0.8,0.333333333,0.714285714,0,1,1,0.951219512
0,0.01369863,0.256388711,0.6,0,0,0.153061224,0.875,1,0.666666667,0.071428571,0.2,1,0,0.951219512
0,0.191780822,0.125421229,0.8,0,0,0.397959184,0.5,0.6,0.333333333,0.714285714,0,1,1,0.951219512
0,0.02739726,0.017186078,0.533333333,0,0,0.244897959,0.5,0.733333333,0.666666667,0.571428571,0.6,1,1,0.951219512
1,0.424657534,0.215948691,0.933333333,0,0.453856749,0.397959184,0.5,0.933333333,0.333333333,0.928571429,0,1,1,0.951219512
0,0.095890411,0.157684619,0.533333333,0,0,0.397959184,0.5,0.733333333,0.666666667,0.357142857,0.6,1,1,0.951219512
0,0,0.232237681,0.466666667,0,0,0.173469388,0.5,0.133333333,0.666666667,0.714285714,0.6,1,1,0.951219512
0,0.356164384,0.008605555,0.866666667,0.050130501,0,0.112244898,0.125,0.8,0.333333333,0.428571429,0,1,1,0.951219512
0,0.178082192,0.113679923,0.666666667,0,0,0.397959184,0.5,0.533333333,0,0.5,0.2,1,1,0.951219512
0,0.054794521,0.13101484,0.6,0,0,0.397959184,0,1,0.666666667,0,0.6,1,0,0.951219512
0,0.150684932,0.09151859,0.6,0,0,0.397959184,0.5,1,0.666666667,0.857142857,0.6,1,1,0.951219512
0,0.136986301,0.266810769,0.533333333,0.044160442,0,0.397959184,0.5,0.733333333,0.666666667,0.071428571,0.2,1,1,0.951219512
1,0.260273973,0.226779378,0.8,0,0,0.5,0.5,0.6,0.333333333,0.285714286,0,1,1,0.951219512
0,0.04109589,0.112537252,0.6,0,0,0.397959184,0.875,1,0.666666667,0.071428571,0.6,1,1,0.951219512
0,0.616438356,0.114671051,0.533333333,0,0,0.142857143,0,0.733333333,0.333333333,0,0,1,1,0.951219512
0,0.082191781,0.269366051,0.533333333,0,0,0.193877551,0.5,0.733333333,0,0.714285714,0.6,1,1,0.951219512
0,0.01369863,0.115680444,0.4,0.005940059,0,0.295918367,0.5,0.066666667,0.666666667,0.571428571,0.6,1,0,0.951219512
0,0.04109589,0.028324589,0.6,0,0,0.346938776,0.75,1,0.666666667,0.214285714,0.2,1,0,0.951219512
0,0.082191781,0.075567869,0.666666667,0,0,0.397959184,0.5,0.533333333,0.666666667,0.714285714,0.6,0.25,1,0.951219512
1,0.369863014,0.141887472,0.866666667,0,0,0.244897959,0.5,0.8,0,0.714285714,0.8,1,0,0.951219512
1,0.479452055,0.117123499,0.8,0,0,0.5,0.75,0.6,0.333333333,0.285714286,0,1,1,0.951219512
0,0.191780822,0.093378391,0.8,0,0,0.704081633,0.5,0.6,0.833333333,0.285714286,0.2,1,0,0.951219512
0,0.082191781,0.02261529,0.6,0,0,0.397959184,0.5,1,0.666666667,0.214285714,0.4,1,1,0.951219512
0,0.054794521,0.204244595,0.533333333,0,0,0.397959184,0.5,0.733333333,0.666666667,0.571428571,0.2,1,0,0.951219512
0,0.917808219,0.081536958,0.533333333,0,0,0.12244898,0.5,0.733333333,1,0.571428571,0.2,1,0,0.951219512
0,0.479452055,0.128397317,0.533333333,0,0,0.397959184,0.5,0.733333333,1,0.214285714,0.6,1,0,0.951219512
0,0.630136986,0.063497089,0.2,0,0,0.448979592,0.5,0.333333333,0.333333333,0.857142857,0,1,1,0.951219512
1,0.465753425,0.08675306,0.866666667,0,0,0.397959184,0.125,0.8,0.333333333,0.714285714,0,1,1,0.951219512
0,0.082191781,0.200775988,0.6,0,0,0.193877551,0.875,1,0.666666667,0.071428571,0.6,1,0,0.951219512
0,0.438356164,0.061194156,0.666666667,0,0,0.397959184,0.5,0.533333333,0,0.214285714,0.2,1,1,0.951219512
0,0.465753425,0.042588026,0.8,0,0,0.602040816,0.5,0.6,0.333333333,0.857142857,0,1,1,0.951219512
0,0.219178082,0.227344286,0.533333333,0,0,0.5,0.625,0.733333333,0.333333333,1,0,1,1,0.951219512
1,0.136986301,0.095568342,0.666666667,0,0,0.357142857,0.625,0.533333333,0.333333333,0.571428571,1,1,0,0.951219512
0,0.479452055,0.018055429,0.333333333,0,0,0.397959184,0.5,0,1,0.857142857,0.8,0.5,0,0.951219512
1,0.684931507,0.103387084,0.8,0,0.499081726,0.5,0,0.6,0.333333333,0,0,1,1,0.951219512
0,0.01369863,0.097993728,0.4,0,0,0.295918367,0.5,0.066666667,0.666666667,0.857142857,0.6,1,0,0.951219512
0,0.191780822,0.12935597,0.533333333,0,0,0.397959184,0.5,0.733333333,0.333333333,0.428571429,0,1,1,0.951219512
1,0.397260274,0.103644845,0.733333333,0,0,0.43877551,0.25,0.466666667,0.333333333,0.285714286,0,1,1,0.951219512
0,0.493150685,0.132794133,0.533333333,0,0,0.255102041,0.5,0.733333333,0.333333333,0.857142857,1,1,0,0.951219512
1,0.479452055,0.171741035,0.8,0,0,0.397959184,0.5,0.6,0.333333333,0.285714286,0,1,1,0
1,0.410958904,0.087426215,1,0,0,0.602040816,0.5,0.666666667,0.333333333,0.714285714,0,1,1,0.951219512
0,0.136986301,0.27168725,0.6,0,0,0.397959184,0.875,1,0.666666667,0.285714286,0.6,0.5,1,0.951219512
0,0.164383562,0.21122849,0.6,0,0,0.397959184,0.5,1,0.833333333,0.071428571,0.2,1,1,0.951219512
0,0.301369863,0.12147634,0.733333333,0,0,0.295918367,0.5,0.466666667,0.833333333,0.714285714,0.2,1,0,0.951219512
1,0.260273973,0.117224303,0.8,0,0,0.346938776,0.25,0.6,0.333333333,0.714285714,0,1,1,0.951219512
0,0.315068493,0.077406697,0.266666667,0,0,0.448979592,0.5,0.4,0.666666667,1,0.2,1,1,0.951219512
0,0.082191781,0.101442039,0.533333333,0,0,0.397959184,0.5,0.733333333,0.666666667,1,0.6,1,1,0.951219512
0,0.136986301,0.129954706,0.6,0,0,0.397959184,0.5,1,0.666666667,0.071428571,0.2,0.5,0,0.951219512
0,0.123287671,0.194521401,0.533333333,0,0,0.5,0.5,0.733333333,0.666666667,0.857142857,0.2,1,0,0.951219512
1,0.164383562,0.100429263,0.533333333,0,0,0.448979592,0.5,0.733333333,0.333333333,0.214285714,0,1,1,0.951219512
0,0.04109589,0.158546527,0.6,0.02597026,0,0.193877551,0.5,1,0.666666667,0.857142857,0.6,1,0,0.951219512
0,0.547945205,0.06608958,0.533333333,0,0,0.397959184,0.25,0.733333333,0,0.571428571,0.2,1,0,0.951219512
0,0.369863014,0.146715919,0.6,0,0,0.397959184,0.25,1,0.333333333,0.428571429,0,0.5,1,0.951219512
0,0.205479452,0.089153415,0.8,0,0,0.397959184,0.5,0.6,0.666666667,0.928571429,0.2,1,1,0.951219512
0,0.02739726,0.116651952,0.6,0,0,0.193877551,0.5,1,0.666666667,0.214285714,0.6,1,1,0.951219512
0,0,0.046201412,0.333333333,0,0,0.153061224,0.5,0,0.666666667,0.571428571,0.6,1,0,0.951219512
0,0.164383562,0.113667746,0.6,0,0,0.346938776,0.5,1,0.333333333,1,0,1,1,0.951219512
0,0.150684932,0.246807589,0.8,0,0,0.397959184,0.5,0.6,0.333333333,0.285714286,1,1,0,0.951219512
0,0.205479452,0.150748758,0.6,0,0,0.397959184,0.5,1,0,0.071428571,0.8,1,0,0.951219512
0,0.136986301,0.172305944,0.533333333,0,0,0.602040816,0.5,0.733333333,0.333333333,0.214285714,0,1,1,0.951219512
0,0.397260274,0.247164125,0.533333333,0,0,0.397959184,0.25,0.733333333,0.333333333,0.571428571,0,1,1,0.951219512
0,0.068493151,0.071729872,0.733333333,0,0,0.153061224,0.5,0.466666667,0.666666667,0.714285714,0.6,1,0,0.951219512
0,0.164383562,0.115919262,0.4,0,0,0.397959184,0.5,0.066666667,0,0.214285714,0.2,1,1,0.951219512
1,0.246575342,0.051927624,0.8,0,0,0.397959184,0.875,0.6,0.333333333,0.285714286,0,1,1,0.951219512
0,0.191780822,0.025156365,0.933333333,0,0,0.5,0.5,0.933333333,0.666666667,0.714285714,0.2,1,1,0.951219512
0,0.465753425,0.007075228,0.533333333,0,0,0.5,0,0.733333333,0.666666667,0,0.6,1,1,0.951219512
0,0.164383562,0.023221468,0.333333333,0,0,0.397959184,0.5,0,0.666666667,0.214285714,0.2,0.5,1,0
0,0.01369863,0.072154738,0.4,0,0,0.173469388,0.5,0.066666667,0.666666667,0.857142857,0.6,1,1,0.951219512
0,0.02739726,0.055122233,0.6,0,0,0.397959184,0.5,1,0.666666667,0.071428571,0.2,1,0,0.951219512
0,0.328767123,0.183113628,0.6,0.031370314,0,0.397959184,0.5,1,0.333333333,0.928571429,0,0.5,1,0.951219512
0,0.082191781,0.143660676,0.8,0,0,0.37755102,0.5,0.6,0.666666667,0.071428571,0.6,0.5,0,0.951219512
0,0.02739726,0.167809677,0.6,0,0,0.173469388,0.5,1,0.666666667,0.571428571,0.6,1,0,0.951219512
1,0.260273973,0.210054698,0.6,0,0.433195592,0.397959184,0.25,1,0.333333333,0.714285714,0,0.5,1,0.56097561
0,0.328767123,0.162215389,0.8,0,0,0.397959184,0.5,0.6,0.666666667,0.071428571,0.2,1,1,0.951219512
0,0.04109589,0.014900735,0.6,0,0,0.193877551,0.5,1,0.666666667,0.857142857,0.6,1,1,0.951219512
0,0.123287671,0.03065729,0.8,0,0,0.397959184,0.5,0.6,0.333333333,0.714285714,0,1,1,0.951219512
0,0.01369863,0.079901767,0.4,0,0,0.193877551,0.5,0.066666667,0.666666667,0.571428571,0.6,1,1,0.829268293
0,0.643835616,0.10323351,0.533333333,0,0,0.193877551,0.25,0.733333333,0,1,0.8,1,1,0.951219512
0,0.493150685,0.0949669,0.333333333,0,0,0.397959184,0.5,0,0.333333333,0.214285714,0,0.5,1,0.951219512
0,0.068493151,0.071362512,0.6,0,0,0.173469388,0.5,1,0.666666667,0.857142857,0.6,1,1,0.951219512
1,0.479452055,0.191261167,0.8,0,0,0.397959184,0.5,0.6,0.333333333,0.714285714,0,1,1,0.951219512
0,0.602739726,0.134075495,0.533333333,0,0,0.346938776,0.5,0.733333333,0,0.071428571,0.4,0.5,0,0.951219512
0,0.04109589,0.012008538,0.733333333,0,0,0.397959184,0.5,0.466666667,0.666666667,0.857142857,0.6,1,0,0.951219512
1,0.438356164,0.092187685,0.8,0,0.436639118,0.5,0.5,0.6,0.333333333,0.285714286,0,1,1,0.951219512
0,0.452054795,0.085293093,0.6,0,0,0.275510204,0.25,1,0.833333333,0.571428571,0.8,0.5,0,0.951219512
1,0.547945205,0.020752107,0.8,0,0,0.397959184,0.625,0.6,0.333333333,0.857142857,1,1,0,0.951219512
0,0.095890411,0.106747445,0.533333333,0,0,0.244897959,0.5,0.733333333,0.666666667,0.5,0.6,1,0,0.951219512
0,0.726027397,0.426587241,0.533333333,0,0,0.316326531,0.5,0.733333333,0,0.785714286,0.2,1,0,0.951219512
0,0.602739726,0.128485943,0.533333333,0,0,0.397959184,0.5,0.733333333,0.666666667,0.071428571,0.2,1,0,0.951219512
0,0,0.135026706,0.266666667,0,0,0.051020408,0.5,0.4,0.666666667,0.571428571,0.2,1,1,0.951219512
1,0.219178082,0.099122869,0.8,0,0,0.397959184,0.5,0.6,0.333333333,0.714285714,0,1,1,0.951219512
0,0.643835616,0.193666257,0.533333333,0,0,0.704081633,0.5,0.733333333,0.333333333,0.357142857,0,1,1,0.951219512
0,0.602739726,0.11125386,0.533333333,0,0,0.397959184,0.25,0.733333333,0.333333333,0.428571429,0,1,1,0.951219512
1,0.452054795,0.220549822,0.6,0,0,0.397959184,0.5,1,0.333333333,0.214285714,0,1,1,0.951219512
1,0.561643836,0.188337849,0.8,0,0,0.551020408,0.75,0.6,0.333333333,0.285714286,0,1,1,0.951219512
0,0.178082192,0.225176661,0.6,0,0,0.5,0.75,1,0,0.714285714,0.8,1,1,0.951219512
1,0.424657534,0.130127899,0.866666667,0,0,0.5,0.5,0.8,0.333333333,0.285714286,0,1,1,0.951219512
0,0.342465753,0.142478089,0.8,0,0,0.397959184,0.875,0.6,0,0.071428571,0.2,1,1,0.951219512
1,0.438356164,0.124768371,0.8,0,0,0.448979592,0.5,0.6,0.333333333,0.285714286,0,1,1,0.951219512
0,0.465753425,0.244340258,0.6,0,0.45959596,0.397959184,0.5,1,0.333333333,0.285714286,0,1,1,0.951219512
1,0.534246575,0.233292403,0.866666667,0,0,0.397959184,0.5,0.8,0.333333333,0.714285714,1,1,0,0.951219512
0,0.342465753,0.013698528,0.6,0,0,0.448979592,0,1,0.666666667,0,0.2,1,1,0.951219512
0,0.082191781,0.113694807,0.533333333,0,0,0.397959184,0.5,0.733333333,0.833333333,0.571428571,0.8,1,0,0.951219512
1,0.616438356,0.166319265,0.866666667,0,0,0.397959184,0.125,0.8,0.333333333,0.071428571,0,1,1,0.536585366
0,0.383561644,0.119414931,0.533333333,0,0,0.397959184,0.5,0.733333333,0,0.571428571,0.2,1,0,0.951219512
0,0.273972603,0.089113499,0.6,0,0,0.5,0.5,1,0.666666667,0.857142857,0.2,1,1,0.951219512
0,0.410958904,0.129367471,1,0,0,0.224489796,0.5,0.666666667,0.666666667,0.714285714,0.6,1,0,0.951219512
0,0.095890411,0.12042703,0.8,0,0,0.602040816,0.5,0.6,0.666666667,0.857142857,0.2,1,1,0.951219512
0,0.123287671,0.190579894,0.333333333,0,0,0.397959184,0.5,0,0.333333333,0.214285714,0.6,0.5,1,0.951219512
0,0.164383562,0.233740947,0.2,0,0,0.397959184,0.5,0.333333333,0.333333333,0.357142857,0,1,1,0.951219512
0,0.04109589,0.101272905,0.6,0,0,0.193877551,0.875,1,0.333333333,0.571428571,0,1,1,0.951219512
0,0.424657534,0.145057049,0.533333333,0,0,0.397959184,0.5,0.733333333,0.333333333,0.214285714,0,0.5,1,0.951219512
0,0.287671233,0.122219178,0.533333333,0,0,0.5,0.75,0.733333333,0.333333333,0.214285714,0,1,1,0.951219512
1,0.465753425,0.101999506,0.533333333,0,0,0.397959184,0.5,0.733333333,0.333333333,0.785714286,0,1,1,0.951219512
0,0.630136986,0.060974281,0.533333333,0,0,0.397959184,0.5,0.733333333,0,0.857142857,0.2,1,0,0.951219512
0,0.178082192,0.108609276,0.666666667,0,0,0.397959184,0.25,0.533333333,0.666666667,0.785714286,0.2,1,1,0.951219512
0,0.301369863,0.067513015,0.533333333,0,0,0.397959184,0.5,0.733333333,0.333333333,0.214285714,0,1,1,0.951219512
0,0.04109589,0.109889285,0.6,0,0,0.193877551,0,1,0.666666667,0,0.6,1,1,0.951219512
1,0.356164384,0.04949209,0.866666667,0,0,0.448979592,0.25,0.8,0.333333333,0.714285714,0,1,1,0.951219512
0,0.315068493,0.026349777,0.8,0,0,0.37755102,0.5,0.6,0,0.5,0.8,1,0,0.951219512
0,0.342465753,0.076567791,0.8,0.046500465,0,0.346938776,0.25,0.6,0.666666667,0.285714286,0.6,1,1,0.951219512
0,0.178082192,0.222622056,0.4,0,0,0.397959184,0.5,0.066666667,0.333333333,0.857142857,0,1,1,0.951219512
0,0.369863014,0.02856476,0.533333333,0,0,0.397959184,0.5,0.733333333,0.666666667,0.5,0.2,1,0,0.951219512
0,0.369863014,0.128297866,0.8,0,0,0.346938776,0.5,0.6,0,0.857142857,0.8,1,0,0.951219512
1,0.506849315,0.166732629,0.6,0,0,0.397959184,0.875,1,0.333333333,0.285714286,0,1,1,0.951219512
0,0.287671233,0.127979893,0.6,0,0,0.397959184,0.5,1,0,0.071428571,0.8,1,0,0.951219512
0,0.602739726,0.27018669,0.466666667,0,0,0.397959184,0.5,0.133333333,0.333333333,0.214285714,0,1,1,0.634146341
0,0.424657534,0.214795872,0.533333333,0,0,0.397959184,0.5,0.733333333,1,0.571428571,0.8,1,0,0.951219512
0,0.082191781,0.215332366,0.8,0,0,0.153061224,0.5,0.6,0.666666667,0.714285714,0.2,1,0,0.951219512
0,0.328767123,0.041123323,0.866666667,0,0,0.397959184,0.125,0.8,0.666666667,0.714285714,0.4,1,0,0.951219512
0,0.465753425,0.105110901,0.533333333,0,0,0.397959184,0,0.733333333,0.333333333,0,0,1,1,0.951219512
1,0.287671233,0.120013666,0.8,0,0,0.5,0.625,0.6,0.333333333,0.714285714,0,1,1,0.951219512
1,0.438356164,0.063776499,0.8,0,0,0.397959184,0.25,0.6,0,0.714285714,0.8,1,0,0.951219512
0,0.246575342,0.144417045,0.8,0,0,0.316326531,0.5,0.6,0,0.714285714,0.8,1,0,0.951219512
1,0.315068493,0.115129743,0.866666667,0,0,0.37755102,0.875,0.8,0.333333333,0.714285714,1,0.25,0,0.073170732
1,0.178082192,0.081398267,0.8,1,0,0.5,0.5,0.6,0.333333333,0.285714286,0,1,1,0.951219512
0,0.109589041,0.036808367,0.8,0,0,0.397959184,0.875,0.6,0.666666667,0.857142857,0.2,1,0,0.951219512
0,0.328767123,0.076983861,0.6,0,0,0.5,0.5,1,0,0.214285714,0.2,1,0,0.951219512
0,0.547945205,0.048674156,0.6,0,0,0.479591837,0.75,1,0.333333333,0.571428571,0,1,1,0.951219512
0,0.082191781,0.230239866,0.533333333,0,0,0.397959184,0.5,0.733333333,0,0.642857143,0.8,1,0,0.951219512
0,0.630136986,0.0112109,0.2,0,0,0.551020408,0.25,0.333333333,0.333333333,0.571428571,0,1,1,0.951219512
0,0.575342466,0.151846101,0.2,0,0,0.397959184,0.5,0.333333333,0.333333333,0.785714286,0,1,1,0.804878049
0,0.109589041,0.13479736,0.466666667,0,0,0.397959184,0.5,0.133333333,0.666666667,0.571428571,0.2,1,1,0.951219512
0,0.191780822,0.004747263,0.733333333,0.02202022,0,0.37755102,0.5,0.466666667,0.666666667,0.071428571,0.2,1,1,0.951219512
1,0.164383562,0.181351925,0.8,0,0,0.397959184,0.5,0.6,0.333333333,0.857142857,0,1,1,0.951219512
0,0.01369863,0.026580476,0.533333333,0,0.367768595,0.37755102,0,0.733333333,0.666666667,0,0.6,0.25,0,0.951219512
0,0.164383562,0.071675749,0.533333333,0,0,0.346938776,0.5,0.733333333,0.666666667,0.857142857,0.2,1,0,0.951219512
1,0.219178082,0.280890864,0.533333333,0,0,0.602040816,0.75,0.733333333,0.333333333,0.857142857,0,1,1,0.951219512
0,0.082191781,0.246325895,0.533333333,0,0,0.346938776,0.5,0.733333333,0.666666667,0.571428571,0.8,1,1,0.634146341
0,0.164383562,0.01735183,0.8,0,0,0.397959184,0.5,0.6,0.666666667,0.285714286,0.8,0.5,0,0.951219512
1,0.534246575,0.20422227,1,0,0,0.5,0.5,0.666666667,0.333333333,0.714285714,0,1,1,0.951219512
0,0.684931507,0.016135416,0.4,0,0,0.071428571,0,0.066666667,0.333333333,0,0,1,1,0.951219512
0,0.287671233,0.13839248,0.533333333,0,0,0.418367347,0.5,0.733333333,0.666666667,0.857142857,0.8,1,1,0.951219512
0,0.547945205,0.148125822,0.2,0,0,0.397959184,0.5,0.333333333,0.333333333,0.214285714,0,1,1,0.951219512
0,0.465753425,0.10614668,0.2,0,0,0.397959184,0.25,0.333333333,0,0.571428571,0.8,1,0,0.097560976
0,0.095890411,0.160407005,0.8,0,0,0.091836735,0.875,0.6,0.666666667,0.071428571,0.4,1,0,0.951219512
0,0.315068493,0.137547484,0.8,0,0,0.397959184,0.5,0.6,0.5,0.571428571,0.2,0.75,1,0.634146341
0,0.02739726,0.084271521,0.6,0,0,0.071428571,0.875,1,0.666666667,0.071428571,0.6,1,0,0.951219512
0,0.082191781,0.256330529,0.6,0,0,0.244897959,0.5,1,0.666666667,0.571428571,0.2,0.5,1,0.951219512
0,0.178082192,0.186522023,0.6,0,0,0.397959184,0.5,1,0.666666667,0.428571429,0.2,1,1,0.951219512
0,0.095890411,0.048364978,0.533333333,0,0,0.397959184,0.5,0.733333333,0.666666667,0.214285714,0.8,1,1,0.951219512
0,0.479452055,0.099711457,0.733333333,0,0,0.397959184,0.5,0.466666667,0.333333333,0.285714286,0,1,1,0.951219512
0,0.301369863,0.148301046,0.533333333,0,0,0.397959184,0.5,0.733333333,0.666666667,0.428571429,0.4,1,1,0.951219512
0,0.315068493,0.098067471,0.8,0,0,0.704081633,0.25,0.6,0,0.714285714,0.8,1,0,0.951219512
1,0.397260274,0.080376696,0.8,0,0.436639118,0.397959184,0.75,0.6,0.333333333,0.857142857,0,1,1,0.951219512
0,0.424657534,0.011394919,0.533333333,0,0,0.193877551,0.5,0.733333333,0,0.571428571,0.8,1,0,0.951219512
0,0.219178082,0.053704888,0.533333333,0,0,0.43877551,0.5,0.733333333,0.333333333,0.214285714,0,1,1,0.951219512
1,0.287671233,0.2233676,0.6,0,0,0.551020408,0.5,1,0.333333333,0.285714286,0,1,1,0.951219512
0,0.260273973,0.11709576,0.6,0,0,0.397959184,0.5,1,0,0.857142857,0.2,1,1,0.951219512
1,0.630136986,0.011889467,0.2,0.076880769,0,0.602040816,0.75,0.333333333,0.333333333,0.357142857,0,1,1,0.951219512
0,0.575342466,0.091618041,0.533333333,0,0.536960514,0.397959184,0.25,0.733333333,1,0.357142857,0.8,1,1,0.951219512
0,0.123287671,0.255440882,0.8,0,0,0.602040816,0.75,0.6,0.666666667,0.857142857,0.2,1,1,0.951219512
0,0.356164384,0.168059319,0.8,0,0,0.397959184,0.5,0.6,0,0.285714286,0.2,1,0,0.951219512
0,0.109589041,0.033604287,0.8,0.046500465,0,0.448979592,0.5,0.6,0.666666667,0.285714286,0.6,1,1,0.951219512
0,0.438356164,0.137407441,0.8,0,0,0.479591837,0.5,0.6,0.333333333,0.5,0,0.5,1,0.951219512
1,0.164383562,0.189963568,0.933333333,0.07298073,0,0.479591837,0.5,0.933333333,0.333333333,0.714285714,0,1,1,0.951219512
0,0.123287671,0.176373963,0.733333333,0,0,0.071428571,0.875,0.466666667,0.666666667,0.071428571,0.6,0.5,0,0.951219512
0,0.054794521,0.157827368,0.266666667,0,0,0.397959184,0.5,0.4,0.666666667,0.571428571,0.6,0,1,0.951219512
0,0.219178082,0.204331192,0.533333333,0,0,0.193877551,0.5,0.733333333,0.5,0.857142857,0.2,1,1,0.951219512
0,0.506849315,0.123329376,0.666666667,0,0,0.5,0.5,0.533333333,0.333333333,0.857142857,0,1,1,0.951219512
0,0.342465753,0.116183788,0.533333333,0.011510115,0,0.5,0.625,0.733333333,0,0.857142857,0.8,1,1,0.951219512
0,0.547945205,0.082278442,0.533333333,0,0,0.448979592,0.5,0.733333333,1,0.285714286,0.8,1,0,0.951219512
0,0.452054795,0.276600265,0.533333333,0,0,0.397959184,0.5,0.733333333,0.333333333,0.214285714,0,1,1,0.951219512
0,0.301369863,0.134185094,0.533333333,0,0,0.397959184,0.5,0.733333333,0,0.5,0.8,1,0,0.951219512
0,0.095890411,0.102289064,0.866666667,0,0,0.397959184,0.875,0.8,0.666666667,0.071428571,0.2,0.5,0,0.951219512
0,0.383561644,0.168394881,0.533333333,0,0,0.397959184,0.5,0.733333333,0.333333333,0.571428571,0,0.5,1,0.951219512
0,0.123287671,0.100142411,0.866666667,0,0.459366391,0.397959184,0.5,0.8,0.666666667,0.714285714,0.2,1,0,0.951219512
1,0.438356164,0.092525954,0.6,0.143441434,0,0.448979592,0.5,1,0,0.285714286,0.2,1,1,0.951219512
0,0.164383562,0.111248448,0.6,0,0,0.244897959,0.5,1,0.666666667,0.857142857,0.8,1,0,0.951219512
0,0.191780822,0.080058047,0.4,0,0,0.397959184,0.5,0.066666667,0.5,0.857142857,0.6,0.25,0,0.463414634
0,0.150684932,0.098082355,0.8,0,0,0.397959184,0.5,0.6,0,0.285714286,0.2,1,0,0.951219512
0,0.301369863,0.105267182,0.466666667,0,0,0.479591837,0.5,0.133333333,0.666666667,0.571428571,0.8,0.5,0,0.341463415
0,0.01369863,0.103531187,0.533333333,0,0,0.295918367,0.5,0.733333333,0.666666667,1,0.6,1,1,0.951219512
0,0.287671233,0.166750219,0.533333333,0,0,0.5,0.5,0.733333333,0,0.285714286,0.2,1,1,0.951219512
1,0.424657534,0.068280208,0.8,1,0,0.397959184,0.5,0.6,0.333333333,0.214285714,0,1,1,0.951219512
0,0.301369863,0.078131269,0.533333333,0,0,0.397959184,0.5,0.733333333,0.333333333,0.214285714,0,1,1,0.951219512
1,0.383561644,0.228774486,0.533333333,0,0,0.397959184,0.5,0.733333333,0.333333333,0.285714286,0,0.25,1,0.951219512
1,0.301369863,0.236485659,0.8,0,0,0.051020408,0,0.6,0.333333333,0,1,1,0,0.951219512
1,0.369863014,0.067787013,0.866666667,0,0,0.551020408,0.5,0.8,0.333333333,0.285714286,0,1,1,0.951219512
0,0.150684932,0.072964553,0.666666667,0,0,0.397959184,0.5,0.533333333,0.666666667,0.857142857,0.2,1,0,0.951219512
0,0.589041096,0.115604672,0.533333333,0,0,0.397959184,0.5,0.733333333,1,0.5,0.2,1,0,0.951219512
0,0.602739726,0.164131343,0.533333333,0,0,0.397959184,0.875,0.733333333,0.333333333,1,0,1,1,0.951219512
0,0.465753425,0.205514456,0.6,0,0,0.357142857,0.5,1,0,0.285714286,0.2,1,0,0.951219512
0,0.219178082,0.093273527,0.533333333,0,0,0.397959184,0.5,0.733333333,0.333333333,0.214285714,0,1,1,0.951219512
1,0.315068493,0.094186853,0.6,0,0,0.602040816,0.75,1,0.333333333,0.214285714,0,1,1,0.951219512
1,0.520547945,0.126364999,0.533333333,0,0,0.397959184,0.5,0.733333333,0.333333333,0.214285714,0,1,1,0.951219512
0,0.575342466,0.092239778,0.333333333,0,0,0.397959184,0.75,0,0.333333333,0.357142857,0,1,1,0.951219512
0,0.04109589,0.017325445,0.6,0,0.394628099,0.295918367,0.5,1,0.666666667,0.071428571,0.6,1,0,0.951219512
1,0.452054795,0.056277083,0.533333333,0.07298073,0,0.448979592,0.5,0.733333333,0.333333333,0.071428571,0,1,1,0.951219512
0,0.164383562,0.146818752,0.8,0,0,0.479591837,0.125,0.6,0.666666667,0.714285714,0.2,1,1,0.951219512
0,0.547945205,0.271066189,0.6,0,0,0.397959184,0.625,1,0.333333333,0.714285714,0,1,1,0.951219512
0,0.095890411,0.128132791,0.533333333,0,0,0.602040816,0.5,0.733333333,0.666666667,0.071428571,0.8,1,1,0.951219512
0,0.547945205,0.136886507,0.6,0,0,0.397959184,0.5,1,0.333333333,0.214285714,0,1,1,0.951219512
0,0.383561644,0.121619766,0.8,0,0,0.5,0.5,0.6,0.333333333,0.214285714,0,1,1,0.951219512
0,0.383561644,0.050687531,0.533333333,0,0,0.367346939,0.125,0.733333333,0.333333333,0.071428571,1,1,0,0.951219512
1,0.739726027,0.01243205,0.2,0.065140651,0,0.397959184,0.75,0.333333333,0.333333333,0.357142857,0,1,1,0.951219512
1,0.671232877,0.111673314,0.8,0,0.499081726,0.397959184,0,0.6,0.333333333,0,0,1,1,0.951219512
0,0.095890411,0.077734141,0.733333333,0,0,0.397959184,0.125,0.466666667,0.333333333,0.285714286,1,1,0,0.951219512
0,0.780821918,0.100873071,0.533333333,0,0,0.153061224,0.5,0.733333333,0,0.428571429,0.2,1,0,0.951219512
0,0.369863014,0.211097242,0.133333333,0,0,0.316326531,0.5,0.266666667,0.333333333,0.5,0,1,1,0.634146341
0,0.684931507,0.070506693,0.533333333,0,0,0.295918367,0.5,0.733333333,0.333333333,0.857142857,0,1,1,0.951219512
1,0.191780822,0.136626717,0.533333333,0,0.453856749,0.397959184,0.5,0.733333333,0.333333333,0.857142857,0,1,1,0.951219512
0,0.205479452,0.025240255,0.533333333,0,0,0.397959184,0.5,0.733333333,0.666666667,0.071428571,0.2,0.5,0,0.951219512
0,0.109589041,0.122516854,0.733333333,0,0,0.448979592,0.5,0.466666667,0.666666667,0.214285714,0.2,1,1,0.951219512
0,0.438356164,0.027871309,0.6,0,0,0.397959184,0.25,1,0,0.071428571,0.8,0.5,0,0.951219512
0,0.219178082,0.068069805,0.533333333,0,0,0.397959184,0.5,0.733333333,0,0.571428571,0.8,1,0,0.951219512
0,0.191780822,0.216555545,0.6,0,0,0.5,0.5,1,0.5,1,0.8,1,1,0.951219512
0,0.260273973,0.198665192,0.533333333,0,0,0.397959184,0.5,0.733333333,0,0.571428571,0.8,0.5,1,0.951219512
0,0.246575342,0.226179966,0.6,0,0,0.193877551,0.75,1,0,0.571428571,0.8,1,0,0.951219512
0,0.479452055,0.015772115,0.533333333,0,0,0.397959184,0.5,0.733333333,0,1,0.8,1,1,0.951219512
0,0.01369863,0.125005159,0.333333333,0,0,0.397959184,0,0,0.666666667,0,0.6,0.5,1,0.951219512
1,0.465753425,0.01688096,0.533333333,0,0,0.806122449,0.5,0.733333333,0.333333333,0.357142857,0,1,1,0.951219512
0,0.397260274,0.04755178,0.533333333,0,0,0.397959184,0.75,0.733333333,1,0.571428571,0.4,1,0,0.951219512
1,0.369863014,0.192436312,0.866666667,0,0,0.397959184,0.5,0.8,0.333333333,0.285714286,0,1,1,0.951219512
1,0.287671233,0.145191003,0.8,0.135501355,0,0.397959184,0.5,0.6,0.666666667,0.285714286,0.2,0.5,1,0.951219512
0,0.178082192,0.12935597,0.533333333,0,0,0.5,0.5,0.733333333,0.666666667,0.214285714,0.6,1,1,0.951219512
0,0,0.030241896,0.466666667,0,0,0.173469388,0.5,0.133333333,0.666666667,0.857142857,0.6,1,0,0.951219512
0,0.260273973,0.061188744,0.733333333,0,0,0.704081633,0.625,0.466666667,0.333333333,0.714285714,0,1,1,0.951219512
0,0.383561644,0.131365963,0.6,0,0,0.397959184,0.5,1,0.333333333,0.071428571,0,1,1,0.951219512
0,0.356164384,0.033151683,0.8,0,0,0.602040816,0.75,0.6,0.333333333,0.285714286,0,1,1,0.951219512
0,0.424657534,0.069826773,0.6,0,0,0.397959184,0.25,1,0.333333333,0.285714286,0,1,1,0.951219512
0,0.397260274,0.062946388,0.533333333,0,0,0.397959184,0.5,0.733333333,0,0.214285714,0.2,1,1,0.951219512
0,0.164383562,0.266921721,0.8,0,0,0.448979592,0.5,0.6,0.666666667,0.714285714,0.2,1,0,0.951219512
0,0.082191781,0.09073313,0.8,0,0,0.551020408,0,0.6,0.666666667,0,0.2,1,1,0.951219512
0,0.109589041,0.114748176,0.8,0,0,0.397959184,0.5,0.6,0.666666667,0.071428571,0.6,1,0,0.951219512
0,0.315068493,0.020578913,0.666666667,0,0,0.397959184,0.5,0.533333333,0,0.214285714,0.8,1,0,0.951219512
0,0.328767123,0.145698406,0.6,0,0,0.397959184,0.25,1,0.333333333,0.214285714,0,1,1,0.951219512
1,0.260273973,0.12175372,0.6,0,0.436639118,0.142857143,0.625,1,0.333333333,0.857142857,1,1,0,0.951219512
0,0.205479452,0.133209527,0.8,0,0,0.397959184,0.5,0.6,0.333333333,0.857142857,0,0.75,1,0.804878049
0,0.246575342,0.05876471,0.666666667,0,0,0.551020408,0.625,0.533333333,0.333333333,0.214285714,0,1,1,0.951219512
0,0.095890411,0.289458533,0.533333333,0,0,0.448979592,0.5,0.733333333,0.666666667,0.642857143,0.2,1,0,0.219512195
0,0.465753425,0.191631233,0.6,0,0,0.397959184,0,1,0.333333333,0,0,1,1,0.951219512
0,0,0.014107833,0.466666667,0,0,0.397959184,0.5,0.133333333,0.666666667,0.857142857,0.6,1,1,0.951219512
0,0.219178082,0.100465119,0.333333333,0,0,0.397959184,0.5,0,0.333333333,0.214285714,0,1,1,0.951219512
0,0.178082192,0.212374545,0.266666667,0.025800258,0,0.397959184,0.5,0.4,0.333333333,0.214285714,0,1,1,0.951219512
0,0.753424658,0.123735975,0.533333333,0,0,0.316326531,0,0.733333333,0.333333333,0,0,1,1,0.951219512
0,0.205479452,0.274898773,0.8,0,0,0.551020408,0.5,0.6,0.666666667,0.857142857,0.2,1,1,0.195121951
0,0.342465753,0.128731526,0.066666667,0,0,0.397959184,0.5,0.2,0.333333333,0.5,0,1,1,0.536585366
0,0.315068493,0.069599456,0.533333333,0,0,0.295918367,0.5,0.733333333,0.333333333,1,0,1,1,0.951219512
0,0.01369863,0.127028005,0.466666667,0,0,0.346938776,0.5,0.133333333,0.666666667,0.071428571,0.6,1,1,0.951219512
0,0.178082192,0.030691793,0.533333333,0,0.459366391,0.418367347,0.5,0.733333333,0.666666667,0.071428571,0.8,1,1,0.951219512
0,0.164383562,0.051051508,0.6,0,0,0.602040816,0.625,1,0.666666667,0.285714286,0.2,1,1,0.951219512
0,0.150684932,0.032772146,0.533333333,0,0,0.397959184,0,0.733333333,0.666666667,0,0.6,0.5,1,0.951219512
1,0.506849315,0.087529049,0.533333333,0,0,0.397959184,0.5,0.733333333,0.333333333,0.071428571,0,1,1,0.951219512
0,0.01369863,0.072482182,0.533333333,0,0,0.295918367,0.625,0.733333333,0.666666667,0.571428571,0.8,0.25,0,0.463414634
1,0.232876712,0.206698396,0.8,0,0,0.5,0.5,0.6,0.333333333,0.285714286,0,1,1,0
0,0.438356164,0.092720796,0.533333333,0,0,0.397959184,0.5,0.733333333,0.833333333,0.428571429,0.2,1,1,0.951219512
0,0.424657534,0.241684172,0.6,0,0,0.602040816,0.5,1,0,0.285714286,0.2,1,0,0.951219512
0,0.657534247,0.112633997,0.533333333,0,0,0.397959184,0.625,0.733333333,0.333333333,0.285714286,0,1,1,0.951219512
0,0.315068493,0.067345234,0.866666667,0,0,0.397959184,0.5,0.8,0.666666667,0.071428571,0.6,1,0,0.951219512
0,0.095890411,0.159365814,0.533333333,0,0,0.397959184,0.5,0.733333333,0.666666667,0.214285714,0.8,0.5,0,0.951219512
0,0.767123288,0.018217121,0.533333333,0,0,0.193877551,0.5,0.733333333,1,0.571428571,0.2,1,0,0.951219512
0,0.876712329,0.127942007,0.866666667,0,0,0.602040816,0.5,0.8,1,0.714285714,0.8,1,1,0
0,0.178082192,0.147138078,0.333333333,0,0,0.397959184,0.5,0,0.333333333,0.214285714,0,1,1,0.951219512
0,0.123287671,0.187871038,0.133333333,0,0,0.295918367,0.5,0.266666667,0.333333333,0.357142857,0,1,1,0.634146341
0,0.260273973,0.135978594,0.6,0,0,0.5,0.5,1,0.333333333,0.214285714,0,1,1,0.951219512
1,0.479452055,0.060095459,0.533333333,0,0,0.663265306,0.5,0.733333333,0.333333333,1,0,1,1,0.951219512
1,0.369863014,0.224458178,0.933333333,0,0,0.397959184,0.125,0.933333333,0.333333333,0.714285714,0,1,1,0.951219512
1,0.506849315,0.056947531,0.533333333,0.076880769,0,0.602040816,0.625,0.733333333,0.333333333,0.285714286,0,1,1,0.951219512
0,0.287671233,0.047060614,0.866666667,0,0,0.397959184,0.5,0.8,0.333333333,0.714285714,0,0.25,1,0.073170732
0,0.260273973,0.009991104,0.533333333,0,0,0.397959184,0.75,0.733333333,0.833333333,0.571428571,0.8,1,0,0.951219512
0,0.342465753,0.029901598,0.6,0,0,0.132653061,0,1,0.166666667,0,1,1,0,0.951219512
0,0.424657534,0.112324143,0.533333333,0,0,0.602040816,0.5,0.733333333,0.333333333,0.857142857,0,1,1,0.951219512
0,0.356164384,0.110715337,0.6,0,0,0.397959184,0.25,1,0.333333333,0.357142857,0,1,1,0.951219512
0,0.178082192,0.112864696,0.8,0,0,0.397959184,0.5,0.6,0.666666667,0.714285714,0.6,0.5,1,0
1,0.273972603,0.031155898,0.6,0,0,0.397959184,0.5,1,0,0.285714286,0.2,1,0,0.951219512
0,0.589041096,0.126134976,0.533333333,0,0,0.295918367,0.5,0.733333333,0.333333333,0.714285714,0,1,1,0.951219512
1,0.493150685,0.174796954,0.466666667,0,0,0.448979592,0.5,0.133333333,0.333333333,0.928571429,0,1,1,0.951219512
0,0.191780822,0.210256983,0.733333333,0,0.202020202,0.448979592,0.5,0.466666667,0,0.857142857,0.8,1,0,0.951219512
0,0.273972603,0.028020824,0.8,0,0,0.397959184,0.5,0.6,0.666666667,0.214285714,0.2,1,1,0.951219512
0,0.136986301,0.087807782,0.6,0,0,0.234693878,0.5,1,0.666666667,0.571428571,0.6,1,1,0.951219512
0,0.684931507,0.03468404,0.2,0,0,0.346938776,0,0.333333333,1,0,0.2,1,0,0.951219512
0,0.191780822,0.078619052,0.533333333,0,0,0.244897959,0.5,0.733333333,0,0.571428571,0.2,1,0,0.951219512
1,0.452054795,0.187348075,1,0,0.436639118,0.448979592,0.875,0.666666667,0.333333333,0.714285714,0,1,1,0.951219512
0,0.589041096,0.069093406,0.733333333,0,0,0.295918367,0.5,0.466666667,0.333333333,0.857142857,0,1,1,0.951219512
0,0.534246575,0.014092273,0.533333333,0,0,0.397959184,0.5,0.733333333,0,0.571428571,0.8,1,0,0.951219512
0,0.054794521,0.179854071,0.6,0,0,0.397959184,0,1,0.666666667,0,0.6,1,1,0.951219512
0,0.04109589,0.14339412,0.466666667,0,0,0.397959184,0.5,0.133333333,0.666666667,0.214285714,0.6,1,1,0.951219512
0,0.191780822,0.078296344,0.8,0,0,0.397959184,0.25,0.6,0.666666667,0.857142857,0.6,1,0,0.951219512
0,0.438356164,0.146209192,0.533333333,0,0,0.397959184,0.75,0.733333333,0,0.5,0.8,0.5,0,0.951219512
0,0.657534247,0.116848824,0.333333333,0,0,0.193877551,0.5,0,1,0.857142857,0.2,1,0,0.951219512
0,0.246575342,0.10822365,0.6,0,0,0.397959184,0.5,1,0,0.285714286,0.2,1,0,0.951219512
0,0.712328767,0.087202958,0.133333333,0.01797018,0,0.397959184,0.5,0.266666667,0.333333333,0.071428571,0,1,1,0.951219512
0,0.465753425,0.094963518,0.733333333,0,0,0.448979592,0.5,0.466666667,0.333333333,0.285714286,0,1,1,0.951219512
0,0.191780822,0.12245326,0.533333333,0,0,0.397959184,0.5,0.733333333,0.666666667,1,0.2,1,1,0.951219512
0,0.821917808,0.224705114,0.266666667,0,0,0.091836735,0.5,0.4,0.333333333,0.642857143,1,0.5,0,0.951219512
1,0.369863014,0.088503939,0.6,0,0,0.37755102,0.25,1,0.333333333,0.285714286,1,1,0,0.951219512
0,0.136986301,0.026887624,0.8,0,0,0.397959184,0.5,0.6,0.333333333,0.285714286,1,0.25,0,0.853658537
0,0.287671233,0.166056092,0.266666667,0,0,0.397959184,0.5,0.4,0.333333333,0.428571429,0,1,1,0.951219512
0,0.397260274,0.126166773,0.866666667,0,0.074150597,0.448979592,0.5,0.8,0,0.285714286,0.8,1,0,0.951219512
0,0.02739726,0.12354925,0.6,0,0,0.112244898,0.5,1,0.666666667,0.571428571,0.6,1,0,0.951219512
0,0.232876712,0.055442236,0.8,0,0,0.397959184,0.5,0.6,0.666666667,0.214285714,0.8,1,1,0.951219512
0,0.095890411,0.131714379,0.8,0,0,0.397959184,0.5,0.6,0.666666667,0.071428571,0.6,1,0,0.951219512
1,0.424657534,0.14374186,0.533333333,0,0,0.397959184,0.875,0.733333333,0.333333333,0.071428571,1,1,0,0.951219512
0,0.095890411,0.080470735,0.6,0,0,0.397959184,0.5,1,0.666666667,0.714285714,0.2,1,1,0.951219512
1,0.438356164,0.113376835,0.533333333,0,0,0.397959184,0.125,0.733333333,0.333333333,0.214285714,0,1,1,0.951219512
0,0.671232877,0.105395047,0.533333333,0,0,0.295918367,0,0.733333333,0.333333333,0,0,1,1,0.951219512
1,0.219178082,0.108502383,0.6,0,0,0.704081633,0.5,1,0.333333333,0.285714286,0,1,1,0.951219512
0,0.301369863,0.253799603,0.533333333,0,0,0.173469388,0.5,0.733333333,0.666666667,0.571428571,0.2,1,1,0.951219512
0,0.589041096,0.114787415,0.8,0,0,0.244897959,0.5,0.6,0.333333333,0.5,0,0.25,1,0.487804878
1,0.273972603,0.013817599,0.8,0,0,0.397959184,0.5,0.6,0.333333333,0.928571429,1,1,0,0.951219512
0,0.219178082,0.073157366,0.4,0,0,0.397959184,0.5,0.066666667,0.333333333,0.5,0,1,1,0.951219512
0,0.068493151,0.072517362,0.533333333,0.010550106,0,0.244897959,0.5,0.733333333,0.666666667,0.857142857,0.6,1,0,0.951219512
0,0.657534247,0.084613849,0.6,0,0,0.193877551,0,1,0.333333333,0,0,0.25,1,0.951219512
0,0.602739726,0.067165275,0.4,0,0,0.265306122,0.5,0.066666667,0.333333333,1,0,1,1,0.951219512
0,0.082191781,0.20472629,0.533333333,0,0,0.448979592,0.5,0.733333333,0.666666667,0.285714286,0.6,1,0,0.951219512
0,0.205479452,0.100934636,0.8,0,0,0.459183673,0.25,0.6,0,0.071428571,0.8,0.25,0,0.951219512
0,0.082191781,0.061799657,0.533333333,0,0,0.397959184,0.5,0.733333333,0.666666667,0.071428571,0.2,1,0,0.951219512
0,0.383561644,0.085474405,0.666666667,0.021740217,0,0.5,0.5,0.533333333,0,0.285714286,0.2,1,1,0.951219512
0,0.493150685,0.166194782,0.2,0,0,0.397959184,0.75,0.333333333,0.333333333,0.5,0,1,1,0.951219512
0,0,0.077459467,0.4,0,0,0.193877551,0.5,0.066666667,0.666666667,0.571428571,0.6,0.5,1,0.951219512
0,0.109589041,0.079985657,0.733333333,0,0,0.397959184,0.5,0.466666667,0.666666667,0.857142857,0.6,1,0,0.707317073
0,0.04109589,0.072904341,0.6,0,0,0.244897959,0.5,1,0.666666667,0.071428571,0.6,1,1,0.951219512
1,0.575342466,0.015856682,0.8,1,0,0.397959184,0.5,0.6,0.333333333,0.357142857,0,1,1,0.951219512
0,0.219178082,0.213526688,0.533333333,0,0,0.448979592,0.75,0.733333333,0.333333333,1,0,1,1,0.951219512
0,0.506849315,0.087871377,0.533333333,0,0,0.397959184,0.5,0.733333333,0.666666667,0.428571429,0.6,1,1,0.951219512
0,0.082191781,0.071988986,0.666666667,0,0,0.397959184,0.5,0.533333333,0.666666667,0.928571429,0.2,1,1,0.951219512
0,0.342465753,0.129724683,0.8,0,0,0.346938776,0.625,0.6,0.333333333,0.071428571,1,1,0,0
1,0.547945205,0.101249903,0.6,0.076880769,0,0.602040816,0.5,1,0.333333333,0.714285714,0,1,1,0.951219512
0,0.506849315,0.108001745,0.8,0,0,0.479591837,0.5,0.6,0.333333333,0.928571429,0,1,1,0.951219512
0,0.260273973,0.155385068,0.8,0,0,0.397959184,0.25,0.6,0.333333333,0.071428571,0,1,1,0.951219512
1,0.410958904,0.068964187,0.733333333,0,0,0.551020408,0.125,0.466666667,0.333333333,0.071428571,0,1,1,0.951219512
1,0.246575342,0.390716555,0.6,0.135501355,0,0.602040816,0.5,1,0.666666667,0.285714286,0.2,1,1,0.951219512
0,0.356164384,0.10761409,0.733333333,0,0,0.193877551,0.75,0.466666667,0.333333333,0.214285714,0,1,1,0.951219512
0,0.082191781,0.11952047,0.666666667,0,0,0.397959184,0.5,0.533333333,0.666666667,0.857142857,0.6,1,1,0.951219512
0,0.232876712,0.194232519,0.533333333,0,0,0.397959184,0.5,0.733333333,0.666666667,0.214285714,0.2,0.5,1,0.951219512
0,0.698630137,0.151989527,0.266666667,0,0,0.193877551,0.5,0.4,0,0.357142857,0.2,0.5,1,0.951219512
0,0.260273973,0.14520724,0.8,0,0,0.479591837,0.5,0.6,0.666666667,0.857142857,0.2,0.5,1,0.951219512
0,0.273972603,0.123713649,0.533333333,0.031370314,0,0.397959184,0.5,0.733333333,0.333333333,0.214285714,0.6,1,1,0.951219512
0,0.287671233,0.013521275,0.6,0,0,0.397959184,0.5,1,0.333333333,0.214285714,0,1,1,0.951219512
0,0.150684932,0.093369596,0.733333333,0,0,0.806122449,0.5,0.466666667,0.666666667,0.571428571,0.2,1,0,0.951219512
0,0.02739726,0.113459372,0.533333333,0,0,0.346938776,0.5,0.733333333,0.666666667,0.571428571,0.6,1,0,0.951219512
1,0.479452055,0.155760546,0.533333333,0.076880769,0,0.397959184,0.5,0.733333333,0.333333333,0.071428571,1,1,0,0.951219512
0,0.630136986,0.089374643,0.8,0,0,0.193877551,0.75,0.6,0.333333333,0.357142857,0,1,1,0.951219512
0,0.082191781,0.145581365,0.533333333,0,0,0.234693878,0.5,0.733333333,0.666666667,0.428571429,0.6,1,1,0.951219512
0,0.315068493,0.127450165,0.533333333,0,0,0.397959184,0.5,0.733333333,0,0.5,0.6,0.5,1,0.951219512
0,0.273972603,0.100686347,0.8,0,0,0.397959184,0.5,0.6,0.666666667,0.857142857,0.2,1,0,0.951219512
0,0.219178082,0.135999567,0.666666667,0,0,0.5,0.5,0.533333333,0.833333333,0.071428571,0.6,0.5,0,0.951219512
0,0.150684932,0.109143064,0.533333333,0,0,0.397959184,0.5,0.733333333,0.666666667,0.285714286,0.6,1,0,0.951219512
0,0.164383562,0.138693539,0.6,0,0,0.397959184,0.5,1,0.666666667,0.285714286,0.2,1,0,0.951219512
0,0.02739726,0.128804592,0.6,0,0,0.5,0.5,1,0.666666667,0.428571429,0.6,1,1,0.951219512
0,0.575342466,0.106402411,0.333333333,0,0,0.397959184,0.5,0,0.333333333,0.714285714,0,1,1,0.951219512
1,0.616438356,0.046849535,0.6,0,0,0.397959184,0.5,1,0.333333333,0.857142857,0,0.25,1,0.951219512
0,0.095890411,0.071377396,0.8,0,0,0.397959184,0.5,0.6,0.666666667,0.285714286,0.6,1,0,0.951219512
0,0.260273973,0.132265757,0.533333333,0,0,0.520408163,0.5,0.733333333,0,0.285714286,0.2,1,1,0.951219512
0,0.424657534,0.132856375,0.533333333,0,0,0.367346939,0.5,0.733333333,0,0.071428571,0.2,0.5,0,0.951219512
0,0.356164384,0.115560021,0.6,0,0,0.091836735,0.5,1,0.833333333,0.857142857,0.8,1,0,0.951219512
0,0.04109589,0.093916914,0.733333333,0,0,0.244897959,0.5,0.466666667,0.666666667,0.857142857,0.6,1,0,0.951219512
0,0.410958904,0.128567128,0.133333333,0,0,0.397959184,0.5,0.266666667,0.333333333,0.428571429,0,1,1,0.634146341
0,0.575342466,0.065441458,0.533333333,0,0,0.397959184,0.5,0.733333333,0,0.928571429,0.8,1,0,0.951219512
0,0.397260274,0.087407272,0.533333333,0,0,0.397959184,0.5,0.733333333,0.333333333,0.857142857,1,1,0,0.951219512
0,0.150684932,0.115051265,0.533333333,0,0,0.397959184,0.5,0.733333333,0.666666667,0.571428571,0.2,0.5,1,0.951219512
0,0.260273973,0.070260433,0.533333333,0,0,0.397959184,0.5,0.733333333,0.333333333,0.714285714,0,0.25,1,0.024390244
0,0.068493151,0.198730139,0.6,0,0,0.397959184,0,1,0.666666667,0,0.6,1,1,0.951219512
1,0.150684932,0.128318162,0.733333333,0,0,0.653061224,0.5,0.466666667,0.666666667,0.285714286,0.2,1,1,0.951219512
0,0.123287671,0.124285999,0.6,0,0,0.142857143,0.5,1,0.666666667,0.857142857,0.2,1,0,0.951219512
0,0.589041096,0.150902332,0.6,0,0,0.704081633,0.5,1,1,0.285714286,0.2,1,0,0.951219512
0,0.068493151,0.108732406,0.533333333,0,0,0,0.5,0.733333333,0.666666667,0.5,0.4,0.5,1,0.951219512
0,0.219178082,0.154720032,0.6,0,0,0.397959184,0.5,1,0.666666667,0.285714286,0.2,1,1,0.951219512
0,0.369863014,0.308172233,0.533333333,0,0,0.397959184,0.5,0.733333333,0.333333333,0.214285714,0,1,1,0.951219512
0,0.698630137,0.146626616,0.533333333,0,0,0.244897959,0,0.733333333,0.333333333,0,1,1,0,0.951219512
0,0.054794521,0.106150739,0.533333333,0,0,0.346938776,0.5,0.733333333,0.666666667,0.5,0.6,1,0,0.951219512
0,0.232876712,0.045850966,0.933333333,0,0,0.5,0.5,0.933333333,0.666666667,0.285714286,0.6,1,1,0.951219512
0,0.246575342,0.116250765,0.866666667,0,0,0.244897959,0.25,0.8,0.666666667,0.714285714,0.6,1,0,0.951219512
0,0.04109589,0.150593831,0.6,0,0,0.295918367,0.5,1,0.666666667,0.857142857,0.6,1,0,0.951219512
0,0.547945205,0.088382162,0.8,0,0,0.397959184,0.5,0.6,0.833333333,0.285714286,0.8,1,0,0.951219512
1,0.452054795,0.074013186,0.6,0,0,0.448979592,0.5,1,0.333333333,0.857142857,0,1,1,0.951219512
0,0.136986301,0.121757779,0.533333333,0.021740217,0,0.397959184,0.875,0.733333333,0.666666667,0.785714286,0.6,1,1,0.951219512
0,0.287671233,0.139690078,0.866666667,0,0,0.397959184,0.25,0.8,0.833333333,0.714285714,0.8,1,0,0.951219512
0,0,0.096489786,0.333333333,0,0,0.091836735,0.5,0,0.666666667,0.571428571,0.6,1,0,0.951219512
0,0.109589041,0.1146927,0.6,0,0,0.397959184,0.5,1,0.666666667,0.071428571,0.4,1,0,0.951219512
0,0.109589041,0.320144914,0.533333333,0,0,0.397959184,0.5,0.733333333,0.666666667,0.5,0.2,0.5,0,0.951219512
1,0.630136986,0.0850103,0.933333333,0.150241502,0,0.5,0.625,0.933333333,0.333333333,0.714285714,0,1,1,0.951219512
0,0.082191781,0.0821499,0.533333333,0,0,0.448979592,0.5,0.733333333,0.666666667,0.571428571,0.4,1,0,0.951219512
0,0.123287671,0.082945508,0.8,0,0,0.346938776,0.5,0.6,0.666666667,0.928571429,0.6,1,0,0.951219512
0,0.246575342,0.079349712,0.533333333,0,0,0.653061224,0.5,0.733333333,0.333333333,1,0,1,1,0.951219512
0,0.01369863,0.07655426,0.4,0.010550106,0,0.193877551,0.5,0.066666667,0.666666667,0.571428571,0.6,1,1,0.951219512
0,0.547945205,0.166918677,0.6,0,0,0.846938776,0.5,1,0.333333333,1,0,1,1,0.951219512
0,0.328767123,0.133317773,0.533333333,0,0,0.397959184,0.75,0.733333333,0.333333333,0.857142857,0.4,1,0,0.12195122
0,0.465753425,0.061307138,0.533333333,0,0,0.428571429,0.5,0.733333333,0,0.857142857,0.8,1,0,0.951219512
0,0,0.054765698,0.466666667,0,0.395087236,0.244897959,0.5,0.133333333,0.666666667,0.571428571,0.6,1,0,0.951219512
0,0.493150685,0.0801142,0.533333333,0,0,0.397959184,0.125,0.733333333,0.333333333,0.071428571,0,0.5,1,0.951219512
0,0.219178082,0.157966058,0.533333333,0,0,0.397959184,0.5,0.733333333,0,0.857142857,0.2,1,1,0.951219512
0,0,0.099967864,0.333333333,0,0,0.112244898,0.5,0,0.666666667,0.571428571,0.6,1,0,0.951219512
0,0.232876712,0.102830294,0.333333333,0,0,0.397959184,0.5,0,0.333333333,0.428571429,0,1,1,0.780487805
0,0.136986301,0.330750314,0.133333333,0,0,0.397959184,0.5,0.266666667,0.333333333,1,0,1,1,0.634146341
1,0.315068493,0.144981953,0.6,0,0,0.346938776,0.5,1,0.333333333,0.071428571,1,1,0,0.951219512
0,0.835616438,0.237362452,0.533333333,0,0,0,0,0.733333333,1,0,0.2,1,0,0.951219512
0,0.465753425,0.251646861,0.6,0,0,0.5,0.5,1,0,0.285714286,0.8,0.5,0,0.951219512
0,0.082191781,0.113694807,0.733333333,0,0,0.653061224,0.5,0.466666667,0.666666667,0.857142857,0.6,1,0,0.951219512
0,0.369863014,0.042473015,0.466666667,0,0,0.602040816,0.75,0.133333333,0.333333333,0.285714286,0,0.25,1,0.975609756
0,0.273972603,0.138533876,0.533333333,0,0,0.397959184,0.5,0.733333333,0.666666667,0.071428571,0.2,1,1,0.951219512
0,0.232876712,0.030172213,0.6,0,0,0.397959184,0.5,1,0.666666667,0.571428571,0.8,1,0,0.951219512
0,0.328767123,0.106696705,0.6,0,0,0.193877551,0.25,1,0,0.785714286,0.2,1,1,0.951219512
0,0.383561644,0.110708571,0.8,0,0,0.397959184,0.5,0.6,0,0.5,0.2,1,1,0.951219512
0,0.369863014,0.199006843,0.533333333,0,0,0.397959184,0.125,0.733333333,0,0.214285714,0.2,1,1,0.951219512
1,0.301369863,0.113929566,0.866666667,0,0.453856749,0.448979592,0.25,0.8,0.333333333,0.714285714,0,1,1,0.951219512
1,0.301369863,0.012440169,0.266666667,0,0,0.397959184,0.125,0.4,0.333333333,0.5,0,1,1,0.951219512
0,0.287671233,0.044625756,0.6,0,0,0.397959184,0.5,1,0.333333333,0.285714286,0,1,1,0.951219512
0,0.273972603,0.13248022,0.8,0,0,0.346938776,0.5,0.6,0.833333333,0.285714286,0.2,1,1,0.951219512
1,0.301369863,0.350967279,0.533333333,0,0,0.397959184,0.5,0.733333333,0.333333333,0.214285714,0,1,1,0.951219512
1,0.410958904,0.096997866,0.6,0.076880769,0,0.551020408,0.5,1,0.333333333,0.214285714,0,1,1,0.951219512
0,0.589041096,0.09268291,0.533333333,0,0,0.397959184,0.25,0.733333333,0.333333333,0.785714286,0,1,1,0.951219512
0,0.054794521,0.013770241,0.6,0,0,0.193877551,0.25,1,0.666666667,0.714285714,0.2,1,1,0.951219512
0,0.178082192,0.098582993,0.6,0,0,0.551020408,0.5,1,0.666666667,0.214285714,0.4,1,1,0.170731707
0,0.095890411,0.10011129,0.866666667,0,0,0.193877551,0.5,0.8,0.666666667,0.714285714,0.2,0.25,1,0.243902439
0,0,0.103329579,0.333333333,0,0,0.091836735,0.5,0,0.666666667,0.857142857,0.6,1,0,0.951219512
0,0.01369863,0.050653704,0.466666667,0,0,0.244897959,0.5,0.133333333,0.666666667,0.571428571,0.6,1,1,0.951219512
0,0.123287671,0.204241213,0.533333333,0,0,0.397959184,0.5,0.733333333,0.666666667,0.857142857,0.2,0.5,1,0.951219512
0,0.178082192,0.088698782,0.8,0,0,0.397959184,0.5,0.6,0.333333333,0.071428571,1,1,0,0.951219512
1,0.273972603,0.139945809,0.4,0.076880769,0,0.397959184,0.5,0.066666667,0.333333333,0.428571429,0,0.5,1,0.951219512
0,0.424657534,0.080187942,0.533333333,0,0,0.397959184,0.5,0.733333333,0.333333333,0.285714286,1,1,0,0.951219512
0,0.465753425,0.119927069,0.533333333,0,0,0.397959184,0.5,0.733333333,0,0.214285714,0.6,0.5,1,0.951219512
0,0.561643836,0.130985072,0.533333333,0,0,0.397959184,0.5,0.733333333,0,0.857142857,0.4,1,0,0.951219512
0,0.164383562,0.231518522,0.866666667,0,0,0.397959184,0.5,0.8,0.666666667,0.714285714,0.2,1,0,0.951219512
0,0.356164384,0.135019941,0.533333333,0,0,0.234693878,0.5,0.733333333,0.666666667,0.571428571,0.8,0.5,0,0.951219512
0,0.465753425,0.114011427,0.6,0,0,0.397959184,0.5,1,0,0.285714286,0.8,1,0,0.951219512
0,0.863013699,0.073411744,0.533333333,0,0,0.397959184,0.625,0.733333333,0.333333333,0.285714286,0,1,1,0.951219512
0,0.191780822,0.106205539,0.2,0,0,0.397959184,0.5,0.333333333,0.666666667,0.214285714,0.8,1,1,0.951219512
0,0.082191781,0.14020154,0.6,0,0,0.295918367,0.5,1,0.666666667,0.857142857,0.2,0.5,0,0.951219512
0,0.054794521,0.295522338,0.533333333,0,0,0.397959184,0.5,0.733333333,0.666666667,0.285714286,0.2,1,0,0.951219512
0,0,0.018625073,0.333333333,0,0,0.244897959,0.25,0,0.666666667,0.571428571,0.6,1,0,0.951219512
0,0.356164384,0.202710209,0.6,0,0,0.397959184,0.25,1,0,0.071428571,0.2,1,0,0.951219512
0,0.315068493,0.128664549,0.533333333,0,0,0.602040816,0.5,0.733333333,0,0.285714286,0.2,1,0,0.951219512
1,0.342465753,0.164052188,0.8,0,0,0.5,0.5,0.6,0.333333333,0.285714286,1,0.5,0,0.951219512
0,0.410958904,0.010377406,0.666666667,0,0,0.551020408,0.5,0.533333333,0.666666667,0.571428571,0.2,1,0,0.951219512
1,0.356164384,0.074546297,0.866666667,0,0.453856749,0.5,0.5,0.8,0.333333333,0.285714286,1,0.5,0,0.951219512
0,0.410958904,0.142237918,0.8,0,0,0.653061224,0.5,0.6,0.333333333,0.357142857,0,1,1,0.951219512
0,0.02739726,0.019697385,0.533333333,0,0,0.295918367,0.5,0.733333333,0.666666667,0.428571429,0.6,1,1,0.951219512
0,0.136986301,0.187307483,0.533333333,0,0,0.397959184,0.5,0.733333333,0.666666667,0.5,0.6,1,0,0.951219512
0,0.232876712,0.152871055,0.8,0,0,0.397959184,0.5,0.6,0.666666667,0.714285714,0.2,1,0,0.951219512
0,0.068493151,0.190133379,0.533333333,0,0,0.397959184,0.5,0.733333333,0.666666667,0.285714286,0.2,1,1,0.951219512
0,0.506849315,0.170243858,0.066666667,0,0,0.5,0.5,0.2,0.333333333,1,0,1,1,0.951219512
0,0.301369863,0.138194254,0.866666667,0,0,0.397959184,0.5,0.8,0.333333333,0.071428571,0,1,1,0.951219512
0,0.095890411,0.061332846,0.6,0,0,0.5,0.75,1,0.666666667,0.571428571,0.2,1,0,0.951219512
0,0.260273973,0.01494674,0.2,0,0,0.602040816,0.5,0.333333333,0.666666667,0.5,0.8,1,1,0.951219512
1,0.520547945,0.051816672,0.866666667,0,0,0.602040816,0.125,0.8,0.333333333,0.285714286,0,0.25,1,0.951219512
0,0.410958904,0.12245326,0.533333333,0.050130501,0,0.397959184,0.5,0.733333333,0.333333333,0.571428571,1,0.5,0,0.951219512
1,0.342465753,0.115710889,0.533333333,0,0,0.428571429,0.5,0.733333333,0,0.214285714,0.2,1,1,0.951219512
0,0.095890411,0.140195452,0.8,0,0,0.316326531,0.5,0.6,0.666666667,0.571428571,0.2,0.25,1,0.951219512
0,0.328767123,0.194315057,0.533333333,0,0,0.397959184,0.5,0.733333333,0.833333333,0.214285714,0.2,0.5,1,0.951219512
0,0.150684932,0.081044438,0.8,0,0,0.397959184,0.5,0.6,0.666666667,0.714285714,0.2,1,0,0.951219512
1,0.410958904,0.10363402,0.533333333,0.07298073,0,0.397959184,0.75,0.733333333,0.333333333,0.5,0,1,1,0.951219512
0,0.315068493,0.123965321,0.6,0,0,0.489795918,0.875,1,0.666666667,0.071428571,0.8,0.5,0,0.951219512
0,0.150684932,0.165832834,0.133333333,0,0,0.397959184,0.5,0.266666667,0.666666667,0.357142857,0.8,0.5,1,0.634146341
1,0.561643836,0.079945742,0.6,0,0,0.5,0.625,1,0.333333333,0.285714286,0,1,1,0.951219512
0,0.02739726,0.0887069,0.533333333,0,0,0.295918367,0.5,0.733333333,0.666666667,0.5,0.6,1,1,0.951219512
1,0.547945205,0.087808459,0.533333333,0.043860439,0,0.397959184,0.5,0.733333333,0.333333333,0.5,0,1,1,0.951219512
0,0.684931507,0.082957686,0.533333333,0,0,0.316326531,0.5,0.733333333,1,0.857142857,0.2,1,0,0.951219512
0,0.273972603,0.107642504,0.533333333,0,0.399449036,0.397959184,0.5,0.733333333,0.333333333,0.857142857,0,1,1,0.951219512
0,0.109589041,0.099873149,0.666666667,0,0,0.397959184,0.75,0.533333333,0.333333333,0.357142857,0,1,1,0.951219512
0,0.054794521,0.199284223,0.533333333,0,0,0.397959184,0.5,0.733333333,0.666666667,1,0.6,1,1,0.951219512
0,0.219178082,0.241111145,0.6,0,0,0.397959184,0.25,1,0.333333333,0.785714286,0,1,1,0.951219512
0,0.205479452,0.02959242,0.8,0,0,0.448979592,0.75,0.6,0.333333333,0.857142857,0.4,1,1,0.951219512
0,0.369863014,0.048390687,0.8,0,0,0.602040816,0.75,0.6,0,0.285714286,0.2,1,1,0.951219512
0,0.246575342,0.19616471,0.6,0,0,0.397959184,0.5,1,0.666666667,0.071428571,0.2,1,0,0.951219512
0,0.04109589,0.129264638,0.6,0,0,0.397959184,0,1,0.666666667,0,0.6,1,0,0.951219512
1,0.424657534,0.286322783,0.866666667,0,0,0.397959184,0.125,0.8,0.333333333,0.714285714,0,1,1,0.951219512
0,0.178082192,0.048598384,0.6,0,0.470844812,0.397959184,0.5,1,0.333333333,0.214285714,0,1,1,0.951219512
0,0.315068493,0.118312175,0.533333333,0,0.383838384,0.448979592,0.5,0.733333333,0.333333333,0.285714286,0,1,1,0.951219512
0,0.575342466,0.127469784,0.733333333,0,0,0.397959184,0.125,0.466666667,0.333333333,0.357142857,0,0.5,1,0.951219512
0,0.342465753,0.159744675,0.533333333,0,0,0.397959184,0.75,0.733333333,0.333333333,1,0,1,1,0.951219512
0,0.383561644,0.253558756,0.666666667,0,0,0.397959184,0.5,0.533333333,0.333333333,0.214285714,0,1,1,0.951219512
0,0.178082192,0.26139847,0.533333333,0,0,0.397959184,0.5,0.733333333,0.666666667,0.5,0.6,1,1,0.951219512
1,0.328767123,0.139378195,0.8,0,0,0.602040816,0.625,0.6,0.333333333,0.857142857,0,1,1,0.951219512
0,0.095890411,0.026732697,0.533333333,0,0,0.397959184,0.5,0.733333333,0.333333333,0.071428571,1,0.5,0,0.951219512
0,0.01369863,0.068819409,0.533333333,0,0,0.346938776,0.5,0.733333333,0.666666667,0.571428571,0.6,1,1,0.951219512
0,0.561643836,0.145803946,0.066666667,0,0,0.5,0.5,0.2,0.833333333,0.357142857,0.2,0.5,1,0.951219512
0,0.178082192,0.089942934,0.733333333,0,0.404499541,0.397959184,0.5,0.466666667,0,0.071428571,0.6,1,0,0.951219512
0,0.232876712,0.078328141,0.533333333,0,0,0.357142857,0.5,0.733333333,0,0.571428571,0.8,1,0,0.951219512
0,0.095890411,0.084774189,0.6,0,0,0.091836735,0.5,1,0.666666667,0.857142857,0.6,1,1,0.292682927
1,0.493150685,0.056544315,1,0.150241502,0,0.5,0.5,0.666666667,0.333333333,0.714285714,0,1,1,0.219512195
0,0.068493151,0.221470589,0.533333333,0,0,0.397959184,0.5,0.733333333,0.5,0.071428571,0.4,1,0,0.951219512
1,0.547945205,0.130210437,0.6,0,0,0.397959184,0.5,1,0.333333333,0.214285714,0,1,1,0.951219512
1,0.315068493,0.107285969,0.733333333,0,0,0.5,0.75,0.466666667,0.333333333,0.357142857,0,1,1,0.951219512
0,0.068493151,0.080470735,0.6,0,0,0.397959184,0,1,0.666666667,0,0.6,1,1,0.951219512
0,0.630136986,0.075744445,0.533333333,0,0,0.397959184,0.125,0.733333333,1,0.428571429,0.2,0.5,1,0.951219512
1,0.356164384,0.076047534,0.8,0,0,0.397959184,0.5,0.6,0.333333333,0.857142857,0,1,1,0.951219512
0,0.452054795,0.063258272,0.533333333,0.06497065,0,0.346938776,0.25,0.733333333,0.833333333,0.285714286,0.8,0.5,0,0.951219512
0,0.109589041,0.099753402,0.8,0,0,0.397959184,0.5,0.6,0.666666667,0.714285714,0.2,1,1,0.951219512
1,0.383561644,0.095410032,0.866666667,0,0,0.091836735,0.25,0.8,0.333333333,0.714285714,0,0.5,1,0.951219512
0,0.178082192,0.156656282,0.533333333,0,0,0.397959184,0.5,0.733333333,0,0.571428571,0.4,0.25,0,0.853658537
0,0.260273973,0.058014431,0.666666667,0,0,0.397959184,0.875,0.533333333,0.333333333,0.571428571,0,0.25,1,0.951219512
0,0.109589041,0.3207105,0.533333333,0,0,0.397959184,0.5,0.733333333,0,0.571428571,0.2,1,1,0.634146341
0,0.356164384,0.108943485,0.733333333,0,0,0.397959184,0.5,0.466666667,0,0.214285714,0.2,1,1,0.951219512
1,0.219178082,0.065051095,0.6,0,0,0.602040816,0.5,1,0.333333333,0.285714286,0,1,1,0.951219512
1,0.246575342,0.122910599,0.8,0,0,0.397959184,0.5,0.6,0.333333333,0.714285714,0,0.25,1,0.731707317
0,0.123287671,0.077153672,0.733333333,0,0,0.397959184,0.875,0.466666667,0.666666667,0.071428571,0.8,0.5,0,0.951219512
1,0.493150685,0.07205664,0.333333333,0,0,0.5,0.75,0,0.333333333,0.214285714,0,1,1,0.951219512
0,0.150684932,0.3152867,0.8,0,0,0.397959184,0.5,0.6,0.666666667,0.714285714,0.6,0.5,0,0.951219512
0,0.630136986,0.098993651,0.666666667,0,0,0.071428571,0.5,0.533333333,1,0.071428571,0.8,1,0,0.951219512
1,0.465753425,0.075193067,0.533333333,0.150241502,0,0.397959184,0.5,0.733333333,0.333333333,0.214285714,0,1,1,0.951219512
0,0.520547945,0.158265088,0.2,0.021050211,0,0.397959184,0,0.333333333,0.333333333,0,0,1,1,0.951219512
0,0.479452055,0.088979545,0.533333333,0,0,0.397959184,0.5,0.733333333,0,0.857142857,0.2,1,0,0.951219512
0,0.191780822,0.051190198,0.666666667,0,0,0.397959184,0.5,0.533333333,0,0.857142857,0.2,0,0,0.951219512
0,0.136986301,0.128391228,0.8,0,0,0.397959184,0.5,0.6,0.666666667,0.714285714,0.6,0.5,1,0.951219512
0,0.342465753,0.116242647,0.6,0,0,0.275510204,0.5,1,0.666666667,0.357142857,0.2,1,1,0.951219512
1,0.520547945,0.117143118,0.6,0,0,0.704081633,0.5,1,0.333333333,0.285714286,0,1,1,0.951219512
0,0.246575342,0.067807309,0.533333333,0,0,0.397959184,0.5,0.733333333,1,0.571428571,0.6,1,0,0.951219512
0,0.068493151,0.218053399,0.6,0,0,0.397959184,0,1,0.666666667,0,0.2,1,1,0.951219512
0,0.493150685,0.088035099,0.666666667,0,0,0.397959184,0.5,0.533333333,0,0.714285714,0.8,1,0,0.951219512
1,0.630136986,0.16086908,0.466666667,0,0,0.397959184,0.5,0.133333333,0.333333333,0.857142857,0,1,1,0.951219512
0,0.02739726,0.075758652,0.533333333,0,0,0.5,0.5,0.733333333,0.666666667,0.857142857,0.6,1,1,0.951219512
0,0.534246575,0.171321582,0.6,0,0,0.448979592,0.5,1,0.333333333,0.714285714,0,1,1,0.951219512
0,0.205479452,0.113670452,0.6,0,0,0.704081633,0.5,1,0.333333333,0.285714286,0,0.25,1,0.853658537
1,0.273972603,0.058768093,0.533333333,0,0,0.397959184,0.5,0.733333333,0.333333333,0.071428571,1,1,0,0.951219512
0,0.493150685,0.110391275,0.6,0,0,0.295918367,0.75,1,0.333333333,0.357142857,0,1,1,0.951219512
0,0.383561644,0.080524181,0.8,0,0,0.316326531,0.5,0.6,0.666666667,0.214285714,0.2,1,1,0.951219512
0,0.109589041,0.038649226,0.6,0,0,0.397959184,0.5,1,0.666666667,0.857142857,0.6,1,0,0.951219512
0,0.547945205,0.19567422,0.533333333,0,0,0.397959184,0.5,0.733333333,0.333333333,0.857142857,0,1,1,0.951219512
0,0.232876712,0.15071696,0.533333333,0,0,0.448979592,0.5,0.733333333,0.666666667,0.214285714,0.2,1,1,0.951219512
0,0.082191781,0.071089191,0.8,0,0,0.346938776,0.5,0.6,0.666666667,0.571428571,0.2,1,0,0.951219512
1,0.315068493,0.091391401,0.6,0,0.561065197,0.397959184,0.25,1,0.666666667,0.785714286,0.2,1,1,0.951219512
1,0.630136986,0.060692842,0.866666667,0,0,0.397959184,0.125,0.8,0,0.714285714,0.2,1,1,0.951219512
0,0.178082192,0.076771428,0.6,0,0,0.295918367,0.5,1,0.333333333,0.071428571,0,1,1,0.951219512
0,0.068493151,0.065982687,0.6,0,0,0.397959184,0.5,1,0.666666667,0.071428571,0.2,1,0,0.951219512
0,0.219178082,0.114984964,0.533333333,0,0,0.397959184,0.5,0.733333333,0.666666667,0.714285714,0.2,1,1,0.951219512
1,0.178082192,0.054289416,0.8,0,0,0.397959184,0.5,0.6,0.333333333,0.071428571,0,1,1,0.951219512
0,0.575342466,0.056613998,0.933333333,0,0,0.397959184,0.5,0.933333333,0.333333333,0.285714286,0,0.5,1,0
1,0.369863014,0.230486802,0.8,0,0,0.448979592,0.625,0.6,0.333333333,0.285714286,0,1,1,0.951219512
0,0.150684932,0.196277692,0.933333333,0,0,0.602040816,0.5,0.933333333,0.666666667,0.714285714,0.2,1,1,0.951219512
0,0.136986301,0.121463486,0.533333333,0,0,0.5,0.5,0.733333333,0.333333333,0.857142857,1,1,0,0.951219512
1,0.219178082,0.287718479,0.866666667,0,0,0.5,0.5,0.8,0.666666667,0.285714286,0.2,1,1,0.951219512
1,0.465753425,0.086427646,0.533333333,0,0,0.397959184,0.125,0.733333333,0.333333333,0.071428571,0,1,1,0.951219512
0,0.301369863,0.11218004,0.866666667,0,0,0.397959184,0.25,0.8,0,0.714285714,0.8,1,0,0.951219512
0,0.123287671,0.041287045,0.4,0,0,0.142857143,0.5,0.066666667,0.666666667,0.5,0.8,1,0,0.951219512
0,0.219178082,0.106359113,0.533333333,0,0,0.397959184,0.5,0.733333333,0.333333333,0.428571429,0,1,1,0.951219512
0,0.191780822,0.196462386,0.533333333,0,0,0.397959184,0.5,0.733333333,0.333333333,0.214285714,0,1,1,0.951219512
0,0.205479452,0.12245326,0.533333333,0,0,0.397959184,0.5,0.733333333,0.666666667,0.214285714,0.6,1,1,0.951219512
0,0.191780822,0.073758131,0.4,0,0,0.397959184,0.5,0.066666667,0.666666667,0.571428571,0.2,1,1,0.951219512
0,0.205479452,0.059433806,0.8,0,0,0.316326531,0.5,0.6,0.833333333,0.714285714,0.8,1,0,0.951219512
0,0.150684932,0.195333245,0.4,0,0,0.397959184,0.5,0.066666667,0.666666667,0.571428571,0.2,0.5,1,0.951219512
0,0.123287671,0.134841335,0.866666667,0,0,0.397959184,0.125,0.8,0.666666667,0.714285714,0.2,1,1,0.951219512
0,0.178082192,0.113853794,0.6,0,0,0.397959184,0.5,1,0.666666667,0.071428571,0.4,1,0,0.951219512
1,0.205479452,0.109307463,0.8,0,0,0.346938776,0.75,0.6,0,0.714285714,0.4,1,1,0.951219512
0,0.219178082,0.009449197,0.733333333,0,0,0.397959184,0.5,0.466666667,0.666666667,0.571428571,0.8,0,0,0.951219512
0,0.246575342,0.06133014,0.533333333,0,0,0.397959184,0.25,0.733333333,0.333333333,0.571428571,0,1,1,0.951219512
1,0.287671233,0.065245938,0.533333333,0,0,0.397959184,0.5,0.733333333,0.333333333,0.285714286,0,1,1,0.951219512
0,0.219178082,0.15769612,0.333333333,0,0,0.397959184,0.5,0,0.333333333,0.5,0,1,1,0.951219512
0,0.506849315,0.106554632,0.866666667,0,0,0.397959184,0,0.8,0.666666667,0,0.2,1,0,0.951219512
0,0.246575342,0.171616552,0.8,0,0,0.397959184,0.5,0.6,0.666666667,0.428571429,0.2,0.5,1,0.951219512
0,0.136986301,0.05742449,0.6,0,0,0.397959184,0.5,1,0.666666667,0.5,0.4,1,0,0.951219512
1,0.424657534,0.171170714,0.8,0,0,0.397959184,0.5,0.6,0.333333333,0.285714286,0,1,1,0.951219512
0,0.315068493,0.254675719,0.6,0,0,0.397959184,0.5,1,0,0.285714286,0.2,1,1,0.951219512
0,0.109589041,0.128552244,0.6,0,0,0.397959184,0.25,1,0.666666667,0.071428571,0.6,1,0,0.951219512
0,0.301369863,0.204994875,0.533333333,0,0,0.397959184,0.5,0.733333333,0.666666667,0.071428571,0.8,0.5,0,0.951219512
1,0.397260274,0.21373912,0.933333333,0,0,0.448979592,0.75,0.933333333,0.333333333,0.714285714,0,1,1,0.951219512
0,0.602739726,0.124147309,0.533333333,0,0,0.397959184,0,0.733333333,0.333333333,0,0,1,1,0.951219512
0,0.246575342,0.221723614,0.333333333,0,0,0.37755102,0.5,0,0.666666667,0.571428571,0.8,0.5,0,0.951219512
0,0.219178082,0.245325973,0.333333333,0,0,0.397959184,0.875,0,0.333333333,0.571428571,0,1,1,0.951219512
0,0.178082192,0.069281484,0.8,0,0,0.397959184,0.5,0.6,0.666666667,0.071428571,0.4,1,1,0.951219512
1,0.273972603,0.100706643,0.6,0,0,0.397959184,0.5,1,0.333333333,0.214285714,0,1,1,0.951219512
0,0.356164384,0.171264753,0.4,0,0,0.397959184,0.5,0.066666667,0.666666667,0.571428571,0.2,0.5,1,0.951219512
0,0.301369863,0.038221654,0.533333333,0,0,0.397959184,0.75,0.733333333,0.333333333,0.285714286,0,1,1,0.951219512
0,0.02739726,0.023080072,0.6,0,0,0.316326531,0,1,0.666666667,0,0.2,1,0,0.951219512
0,0.260273973,0.082111338,0.533333333,0,0,0.397959184,0.5,0.733333333,0.5,0.071428571,0.8,1,0,0.951219512
0,0.465753425,0.154217365,0.733333333,0,0,0.295918367,0.75,0.466666667,0.833333333,0.857142857,0.2,0.5,1,0.951219512
1,0.273972603,0.066331781,0.933333333,0,0,0.602040816,0.5,0.933333333,0.333333333,0.571428571,1,1,0,0.951219512
0,0.02739726,0.124279911,0.533333333,0,0,0.5,0.5,0.733333333,0.666666667,0.571428571,0.2,1,0,0.951219512
0,0.178082192,0.092781685,0.533333333,0,0,0.346938776,0.5,0.733333333,0.666666667,0.214285714,0.6,1,1,0.951219512
0,0.178082192,0.083552362,0.8,0,0,0.397959184,0.5,0.6,0.666666667,0.714285714,0.2,1,0,0.951219512
0,0.246575342,0.270433627,0.333333333,0,0,0.37755102,0.5,0,0,0.857142857,0.8,1,0,0.951219512
0,0.068493151,0.07125359,0.8,0,0,0.071428571,0.5,0.6,0.666666667,0.857142857,0.6,1,0,0.951219512
1,0.232876712,0.106886812,0.8,0,0,0.091836735,0,0.6,0.333333333,0,1,1,0,0.951219512
1,0.479452055,0.095410032,0.733333333,0,0,0.397959184,0.25,0.466666667,0.333333333,0.785714286,0,1,1,0.951219512
0,0.02739726,0.021402935,0.6,0,0,0.397959184,0.25,1,0.666666667,0.5,0.2,1,1,0.951219512
1,0.534246575,0.125216238,0.2,0,0,0.397959184,0.5,0.333333333,0.333333333,0.285714286,0,1,1,0.951219512
0,0,0.089020814,0.266666667,0,0,0.397959184,0.5,0.4,0.666666667,0.571428571,0.6,0.5,1,0.951219512
1,0.191780822,0.120067789,0.866666667,0,0,0.397959184,0.5,0.8,0.333333333,0.857142857,0,1,1,0.951219512
0,0.04109589,0.119080721,0.6,0,0,0.397959184,0.5,1,0.666666667,0.928571429,0.6,1,0,0.951219512
0,0.04109589,0.148660287,0.6,0,0,0.397959184,0,1,0.666666667,0,0.6,1,0,0.951219512
0,0.315068493,0.095926907,0.733333333,0,0,0.602040816,0.75,0.466666667,0.333333333,0.285714286,0,1,1,0.951219512
0,0.575342466,0.0255129,0.533333333,0,0,0.193877551,0.75,0.733333333,1,0.571428571,0.2,0.5,0,0.951219512
0,0.095890411,0.102414224,0.533333333,0.021740217,0,0.397959184,0.5,0.733333333,0.666666667,0.571428571,0.2,1,0,0.951219512
0,0.219178082,0.029656691,0.533333333,0,0,0.602040816,0.5,0.733333333,0.666666667,1,0.2,1,1,0.951219512
0,0,0.131314546,0.4,0,0,0.163265306,0.5,0.066666667,0.666666667,0.428571429,0.6,1,1,0.951219512
0,0.575342466,0.103297105,0.533333333,0,0,0.602040816,0.5,0.733333333,0.333333333,0.714285714,0,0.5,1,0.951219512
0,0.287671233,0.145366903,0.8,0,0,0.397959184,0.25,0.6,0.333333333,0.214285714,0,0.25,1,0.731707317
0,0.493150685,0.050654381,0.533333333,0,0,0.397959184,0.5,0.733333333,0.333333333,0.214285714,0,0.5,1,0.951219512
0,0.301369863,0.229957074,0.8,0,0,0.397959184,0.5,0.6,0.666666667,0.071428571,0.2,1,1,0.951219512
0,0.260273973,0.067046204,0.333333333,0,0,0.397959184,0.5,0,0,0.857142857,0.6,1,1,0.951219512
0,0.109589041,0.149279995,0.6,0,0,0.397959184,0.5,1,0.666666667,0.357142857,0.8,1,1,0.951219512
0,0.04109589,0.10649645,0.533333333,0,0,0.397959184,0.5,0.733333333,0.666666667,0.071428571,0.2,1,0,0.951219512
1,0.479452055,0.163684828,0.266666667,0,0,0.448979592,0.5,0.4,0.333333333,1,0,1,1,0.951219512
0,0.602739726,0.149192045,0.333333333,0,0,0.234693878,0.5,0,0,0.571428571,0.2,1,1,0.951219512
1,0.424657534,0.117429293,0.8,0,0,0.37755102,0.875,0.6,0.333333333,0.285714286,0,1,1,0.951219512
1,0.342465753,0.128203827,0.866666667,0,0,0.5,0.5,0.8,0.333333333,0.857142857,0,1,1,0.951219512
0,0.04109589,0.126500983,0.6,0,0,0.193877551,0.5,1,0.666666667,0.571428571,0.6,1,0,0.951219512
0,0.438356164,0.074621393,0.2,0,0,0.397959184,0.75,0.333333333,0.333333333,0.857142857,0,1,1,0.951219512
0,0.054794521,0.156656958,0.533333333,0,0,0.397959184,0.5,0.733333333,0.333333333,0.357142857,0,1,1,0.951219512
0,0.02739726,0.115230547,0.533333333,0,0,0.244897959,0,0.733333333,0.666666667,0,0.6,0.5,0,0.951219512
0,0.164383562,0.13863265,0.533333333,0,0,0.397959184,0.5,0.733333333,0.333333333,0.214285714,0,1,1,0.951219512
0,0.342465753,0.162526596,0.8,0,0,0.704081633,0.5,0.6,0.333333333,0.285714286,0,1,1,0
0,0.01369863,0.018407228,0.6,0,0,0.295918367,0,1,0.666666667,0,0.6,1,1,0.951219512
1,0.506849315,0.214449485,0.533333333,0,0,0.43877551,0.5,0.733333333,0.333333333,0.214285714,0,1,1,0.951219512
0,0.054794521,0.042116479,0.6,0,0,0.244897959,0.75,1,0.666666667,0.928571429,0.2,1,1,0.951219512
0,0.465753425,0.147356599,0.666666667,0,0,0.397959184,0.625,0.533333333,0.666666667,0.071428571,0.6,1,0,0.951219512
0,0.493150685,0.073440835,0.466666667,0,0,0.397959184,0.5,0.133333333,0,0.357142857,0.6,1,1,0.951219512
0,0.260273973,0.369429307,0.533333333,0,0,0.479591837,0.5,0.733333333,0.666666667,0.571428571,0.2,0.5,1,0.951219512
0,0.424657534,0.092489421,0.6,0,0,0.602040816,0.5,1,0.333333333,0.214285714,0,1,1,0.951219512
1,0.273972603,0.173405317,0.8,0.07298073,0,0.5,0.75,0.6,0.333333333,0.285714286,0,0.75,1,0.804878049
0,0.109589041,0.118958268,0.533333333,0,0,0.397959184,0.5,0.733333333,0.666666667,0.428571429,0.2,1,0,0.951219512
0,0.616438356,0.046566742,0.6,0,0.453168044,0.397959184,0.5,1,0,0.071428571,0.2,1,1,0.951219512
0,0.356164384,0.090984125,0.533333333,0,0,0.397959184,0.5,0.733333333,0.5,0.071428571,0.8,1,0,0.951219512
0,0.01369863,0.247898168,0.333333333,0,0,0.193877551,0.5,0,0.666666667,0.857142857,0.6,1,0,0.951219512
0,0.191780822,0.103229451,0.4,0,0,0.397959184,0.5,0.066666667,0.333333333,0.214285714,0,1,1,0.634146341
1,0.273972603,0.094410787,0.933333333,0,0,0.448979592,0.5,0.933333333,0.333333333,0.857142857,0,1,1,0.951219512
0,0.01369863,0.01244964,0.6,0,0,0.091836735,0.875,1,0.666666667,0.071428571,0.6,1,1,0.951219512
1,0.383561644,0.086113733,0.533333333,0,0,0.5,0.5,0.733333333,0.333333333,0.214285714,0,1,1,0.951219512
0,0.01369863,0.074894714,0.533333333,0,0,0.193877551,0.5,0.733333333,0.666666667,0.428571429,0.6,1,1,0.951219512
0,0.520547945,0.071166317,0.4,0,0,0.397959184,0.5,0.066666667,0.5,0.571428571,0.8,0.5,0,0.56097561
0,0.438356164,0.021103906,0.6,0,0,0.397959184,0.75,1,0.333333333,0.214285714,0,1,1,0.951219512
1,0.397260274,0.110372332,0.866666667,0,0,0.397959184,0.25,0.8,0.333333333,0.714285714,0,1,1,0.951219512
0,0.342465753,0.025527784,0.533333333,0,0,0.397959184,0.5,0.733333333,0.333333333,0.571428571,0,1,1,0
0,0.02739726,0.195831853,0.533333333,0,0,0.295918367,0.5,0.733333333,0.833333333,0.071428571,0.6,1,0,0.951219512
0,0.301369863,0.095840987,0.533333333,0,0,0.295918367,0.5,0.733333333,0.333333333,0.571428571,0,1,1,0.951219512
1,0.657534247,0.14355243,0.933333333,0.251242512,0,0.806122449,0,0.933333333,0.666666667,0,0.2,1,1,0.951219512
0,0.630136986,0.096231349,0.6,0,0,0.397959184,0.5,1,1,0.571428571,0.2,1,0,0.951219512
0,0.684931507,0.075168712,0.4,0,0,0.397959184,0.5,0.066666667,0.333333333,1,0,1,1,0.951219512
0,0.04109589,0.020292061,0.6,0,0,0.397959184,0.5,1,0.666666667,0.285714286,0.2,1,0,0.951219512
0,0.095890411,0.086396525,0.8,0,0,0.397959184,0.5,0.6,0.666666667,0.857142857,0.6,0.5,1,0.951219512
1,0.164383562,0.101489397,0.8,0,0,0.551020408,0.5,0.6,0.333333333,0.857142857,0,1,1,0.951219512
1,0.369863014,0.074035511,0.8,0.150241502,0,0.479591837,0.5,0.6,0.333333333,0.285714286,0,1,1,0.951219512
0,0.109589041,0.154112501,0.533333333,0,0,0.397959184,0.5,0.733333333,0.666666667,0.857142857,0.6,0.5,1,0.951219512
0,0.136986301,0.294065076,0.8,0,0,0.551020408,0.5,0.6,0.666666667,0.071428571,0.8,0.5,0,0.951219512
0,0.150684932,0.011608704,0.533333333,0,0,0.397959184,0.5,0.733333333,0.333333333,0.428571429,0,0,1,0.951219512
0,0.575342466,0.079477578,0.6,0,0,0.397959184,0.5,1,0.666666667,0.071428571,0.8,1,0,0.829268293
0,0.643835616,0.084465688,0.533333333,0,0,0.479591837,0.5,0.733333333,0.333333333,0.5,0,1,1,0.951219512
0,0.205479452,0.014986655,0.533333333,0,0,0.397959184,0.5,0.733333333,0.666666667,1,0.6,1,1,0.951219512
1,0.287671233,0.123363202,0.8,0.047870479,0,0.428571429,0.25,0.6,0.666666667,0.785714286,0.2,1,0,0.951219512
0,0.465753425,0.170603776,0.4,0,0,0.397959184,0.25,0.066666667,0.333333333,0.428571429,0,0.5,1,0.951219512
0,0.315068493,0.128939223,0.6,0,0,0.234693878,0.5,1,0,0.071428571,0.8,1,0,0.951219512
0,0.123287671,0.079842908,0.8,0,0,0.397959184,0.875,0.6,0.333333333,0.214285714,0,1,1,0.951219512
1,0.191780822,0.060399225,0.8,0,0,0.5,0.5,0.6,0.666666667,0.857142857,0.2,1,0,0.951219512
0,0.575342466,0.099106632,0.266666667,0,0,0.397959184,0.5,0.4,0.333333333,0.5,0,1,1,0.951219512
0,0.602739726,0.143637674,0.533333333,0,0,0.234693878,0.25,0.733333333,0.333333333,0.785714286,0,0.5,1,0
0,0.424657534,0.20134428,0.6,0,0,0.397959184,0.75,1,0,0.428571429,0.6,1,0,0.951219512
0,0.082191781,0.161719487,0.6,0,0,0.071428571,0.875,1,0.666666667,0.857142857,0.2,0.25,0,0
1,0.630136986,0.248732338,0.8,0,0,0.397959184,0.25,0.6,0.333333333,0.714285714,0,1,1,0.951219512
1,0.452054795,0.095070411,0.8,0,0,0.397959184,0.5,0.6,0.333333333,0.857142857,0,1,1,0.951219512
0,0.246575342,0.062818522,0.933333333,0,0,0.551020408,0.125,0.933333333,0.333333333,0.714285714,0,1,1,0.951219512
1,0.452054795,0.160582228,0.533333333,0,0,0.5,0.625,0.733333333,0.333333333,0.285714286,0,1,1,0.951219512
0,0.301369863,0.118924441,0.8,0,0,0.397959184,0.5,0.6,0.333333333,0.5,0,1,1,0
1,0.424657534,0.172941212,0.8,0,0,0.5,0.5,0.6,0.666666667,0.571428571,0.2,1,1,0.634146341
0,0.082191781,0.092969086,0.533333333,0,0,0.397959184,0.5,0.733333333,0.666666667,0.071428571,0.6,1,0,0.951219512
0,0.356164384,0.111492002,0.6,0,0,0.295918367,0.5,1,0,0.928571429,0.8,1,0,0.951219512
0,0.178082192,0.194124273,0.6,0,0,0.397959184,0.5,1,0,0.857142857,0.8,0,0,0.951219512
0,0.150684932,0.205080119,0.933333333,0.021760218,0,0.397959184,0.75,0.933333333,0.666666667,0.714285714,0.2,1,1,0.951219512
0,0.205479452,0.111430437,0.333333333,0,0,0.397959184,0.5,0,0.666666667,0.214285714,0.8,1,1,0.951219512
0,0.04109589,0.080891541,0.533333333,0,0,0.397959184,0.5,0.733333333,0.666666667,0.071428571,0.2,1,0,0.951219512
0,0.342465753,0.172417572,0.6,0,0,0.397959184,0.25,1,0.333333333,0.214285714,0,0.5,1,0.951219512
0,0.684931507,0.115779219,0.533333333,0,0,0.204081633,0,0.733333333,0.333333333,0,0,1,1,0.951219512
0,0.136986301,0.081455773,0.466666667,0,0,0.5,0.5,0.133333333,0.666666667,0.5,0.6,1,1,0.951219512
0,0.068493151,0.068613065,0.6,0,0,0.193877551,0.5,1,0.666666667,0.857142857,0.4,1,1,0.951219512
0,0.657534247,0.170421787,0.533333333,0,0,0.234693878,0.5,0.733333333,1,0.857142857,0.2,1,0,0.951219512
1,0.575342466,0.154077998,0.933333333,0,0,0.397959184,0.25,0.933333333,0.333333333,0.285714286,0,1,1,0.951219512
1,0.273972603,0.169129601,0.666666667,0.150241502,0,0.448979592,0.5,0.533333333,0.333333333,0.285714286,0,0.5,1,0.951219512
0,0.410958904,0.071417988,0.533333333,0,0,0.397959184,0.5,0.733333333,0.333333333,0.428571429,0,1,1,0.951219512
0,0.287671233,0.110239731,0.533333333,0,0,0.479591837,0.5,0.733333333,0.333333333,0.5,0,1,1,0.951219512
0,0.095890411,0.146989916,0.533333333,0,0,0.193877551,0.5,0.733333333,0.666666667,0.571428571,0.6,0.5,0,0
1,0.260273973,0.086625195,0.533333333,0.07298073,0,0.346938776,0.5,0.733333333,0.333333333,0.857142857,1,1,0,0.951219512
0,0.150684932,0.143575432,0.6,0,0,0.397959184,0.5,1,0.333333333,0.857142857,0,0.5,1,0
0,0.315068493,0.114321281,0.6,0,0,0.520408163,0.5,1,0.333333333,0.214285714,0,1,1,0.951219512
0,0.397260274,0.053664972,0.933333333,0,0,0.397959184,0.5,0.933333333,0.333333333,0.214285714,0,1,1,0.951219512
0,0.575342466,0.21394817,0.533333333,0.024140241,0,0.142857143,0.5,0.733333333,0.333333333,0.071428571,0,1,1,0.951219512
0,0.438356164,0.150739286,0.4,0,0,0.397959184,0.5,0.066666667,0.333333333,1,0,1,1,0.951219512
1,0.246575342,0.09615287,0.8,0,0.453856749,0.5,0.5,0.6,0.333333333,0.285714286,0,1,1,0.951219512
0,0.301369863,0.161979954,0.333333333,0,0.395087236,0.142857143,0.75,0,0.5,0.571428571,0.2,1,0,0.951219512
1,0.493150685,0.028108774,0.6,0,0,0.316326531,0.5,1,0.333333333,1,0,1,1,0.951219512
1,0.383561644,0.245800225,0.8,0,0,0.397959184,0.25,0.6,0.333333333,0.285714286,0,1,1,0.951219512
0,0.356164384,0.110566499,0.533333333,0,0,0.551020408,0.625,0.733333333,0.666666667,0.285714286,0.2,0.5,1,0.951219512
0,0.123287671,0.062560085,0.533333333,0,0.379017447,0.418367347,0,0.733333333,0.166666667,0,1,1,0,0.951219512
0,0.315068493,0.227079084,0.533333333,0,0,0.346938776,0.5,0.733333333,0.666666667,0.571428571,0.2,1,0,0.951219512
0,0.301369863,0.118977887,0.6,0,0,0.479591837,0.5,1,0.666666667,0.428571429,0.8,0.5,0,0.951219512
0,0.410958904,0.055350903,0.8,0,0,0.653061224,0.75,0.6,0.666666667,0.357142857,0.2,1,1,0.951219512
0,0.232876712,0.133693928,0.333333333,0,0,0.397959184,0.5,0,0.666666667,0.357142857,0.2,1,1,0.951219512
0,0.232876712,0.174683972,0.8,0,0,0.397959184,0.5,0.6,0.666666667,0.714285714,0.6,1,0,0.951219512
0,0.164383562,0.119544826,0.666666667,0,0.365013774,0.642857143,0.875,0.533333333,0.666666667,0.928571429,0.2,1,0,0.951219512
0,0.356164384,0.218292217,0.533333333,0,0,0.397959184,0.5,0.733333333,0.333333333,0.428571429,0,0.5,1,0.951219512
0,0.328767123,0.140838162,0.733333333,0,0,0.193877551,0.5,0.466666667,0.333333333,0.857142857,0,1,1,0.951219512
1,0.616438356,0.136008362,0.533333333,0,0,0.397959184,0.5,0.733333333,0.333333333,0.714285714,0,1,1,0.951219512
1,0.246575342,0.155409423,0.8,0,0,0.448979592,0.5,0.6,0.333333333,0.285714286,0,1,1,0.951219512
0,0.534246575,0.225792986,0.266666667,0,0,0.397959184,0.5,0.4,0,0.071428571,0.2,1,1,0.951219512
1,0.397260274,0.027910548,0.6,0,0,0.397959184,0.5,1,0,0.714285714,0.2,0.5,0,0.951219512
0,0.04109589,0.076958153,0.6,0,0,0.193877551,0.5,1,0.666666667,0.571428571,0.6,1,0,0.951219512
0,0.575342466,0.036581051,0.2,0.048650487,0,0.397959184,0.5,0.333333333,0.666666667,0.357142857,0.8,1,1,0.951219512
0,0.150684932,0.221286571,0.8,0,0.323232323,0.397959184,0.5,0.6,0.666666667,0.071428571,0.2,1,1,0.951219512
0,0.246575342,0.007006221,0.533333333,0,0,0.397959184,0.75,0.733333333,0.333333333,1,0,0,1,0.951219512
1,0.493150685,0.098780541,0.666666667,1,0,0.755102041,0.625,0.533333333,0.333333333,0.357142857,0,1,1,0.951219512
0,0.643835616,0.068765962,0.533333333,0,0,0.346938776,0.75,0.733333333,0.333333333,0.857142857,0,1,1,0.951219512
0,0.082191781,0.017566969,0.533333333,0,0,0.397959184,0.5,0.733333333,0.666666667,0.571428571,0.6,1,0,0.951219512
0,0.383561644,0.122046661,0.6,0,0,0.37755102,0.25,1,0,0.071428571,0.8,0.5,0,0.951219512
0,0.109589041,0.201999844,0.8,0,0,0.397959184,0.5,0.6,0.666666667,0.928571429,0.2,0.5,1,0
0,0.02739726,0.195736462,0.6,0,0,0.346938776,0.5,1,0.666666667,0.571428571,0.6,0.5,1,0.951219512
0,0.328767123,0.127967039,0.533333333,0,0,0.397959184,0.25,0.733333333,0.333333333,1,0,0.5,1,0.951219512
0,0.424657534,0.196417058,0.866666667,0,0,0.397959184,0.625,0.8,0.333333333,0.571428571,0,1,1,0.951219512
0,0,0.019861783,0.4,0,0,0.142857143,0,0.066666667,0.666666667,0,0.6,1,0,0.951219512
0,0.04109589,0.133781201,0.6,0,0,0.397959184,0,1,0.666666667,0,0.6,1,0,0.951219512
1,0.356164384,0.058809362,0.666666667,0.03103031,0,0.479591837,0.5,0.533333333,0.333333333,0.285714286,0,1,1,0.951219512
1,0.301369863,0.108417139,0.533333333,0,0,0.602040816,0.625,0.733333333,0.333333333,0.285714286,0,1,1,0.951219512
0,0.219178082,0.066508357,0.466666667,0,0,0.397959184,0.5,0.133333333,0.333333333,0.5,0,1,1,0.951219512
0,0.465753425,0.120069819,0.6,0,0,0.173469388,0,1,0.333333333,0,1,1,0,0.951219512
0,0.246575342,0.049050311,0.8,0,0,0.397959184,0.5,0.6,0.333333333,0.571428571,0,1,1,0.951219512
1,0.287671233,0.243715814,0.866666667,0.150241502,0,0.448979592,0.5,0.8,0.333333333,0.285714286,0,1,1,0.951219512
0,0.01369863,0.226674514,0.466666667,0,0,0.112244898,0.5,0.133333333,0.666666667,0.571428571,0.6,1,1,0.951219512
0,0.082191781,0.032854007,0.666666667,0,0,0.602040816,0.5,0.533333333,0.666666667,0.857142857,0.8,1,0,0.951219512
0,0.753424658,0.098306289,0.8,0.014550146,0,0.051020408,0.5,0.6,0.333333333,0.857142857,0,1,1,0.951219512
0,0.506849315,0.2454809,0.666666667,0,0,0.397959184,0.25,0.533333333,0,0.214285714,0.2,1,1,0.951219512
0,0.01369863,0.039208722,0.533333333,0,0,0.397959184,0.5,0.733333333,0.666666667,0.857142857,0.6,0.25,0,0.951219512
0,0.315068493,0.154075968,0.6,0,0,0.448979592,0.5,1,0.666666667,0.857142857,0.8,0.5,0,0.951219512
0,0.04109589,0.091255417,0.6,0,0,0.397959184,0.5,1,0.666666667,0.071428571,0.8,0.25,0,0.975609756
1,0.273972603,0.013695146,0.533333333,0,0,0.397959184,0.125,0.733333333,0.333333333,0.071428571,0,1,1,0.219512195
1,0.410958904,0.092966379,0.8,0,0,0.357142857,0,0.6,0.333333333,0,0,1,1,0.951219512
1,0.575342466,0.290195283,0.866666667,0.07298073,0,0.5,0,0.8,0.333333333,0,0,0.5,1,0.951219512
0,0.095890411,0.070985681,0.533333333,0,0,0.5,0.75,0.733333333,0,0.214285714,0.2,1,1,0.951219512
0,0.082191781,0.132569523,0.333333333,0,0,0.193877551,0.5,0,0.666666667,0.857142857,0.6,1,0,0.951219512
0,0.794520548,0.060619099,0.333333333,0,0,0.704081633,0.5,0,1,0.642857143,0.2,1,0,0.951219512
0,0.273972603,0.124183842,0.533333333,0.050130501,0,0.397959184,0.875,0.733333333,0.333333333,0.214285714,0,1,1,0.951219512
1,0.246575342,0.102124666,0.8,0,0,0.520408163,0.5,0.6,0.333333333,0.857142857,0,1,1,0.951219512
0,0.301369863,0.198398636,0.533333333,0,0,0.551020408,0.875,0.733333333,0.666666667,0.571428571,0.8,1,0,0.951219512
1,0.712328767,0.089148003,0.6,0,0,0.397959184,0.5,1,0.333333333,0.714285714,0,1,1,0.951219512
1,0.589041096,0.043191497,0.733333333,0,0,0.346938776,0.5,0.466666667,0.333333333,0.071428571,0,1,1,0.951219512
0,0.342465753,0.012831207,0.666666667,0,0,0.367346939,0.5,0.533333333,0.333333333,0.857142857,0,1,1,0.951219512
0,0.164383562,0.022079473,0.533333333,0,0,0.397959184,0,0.733333333,0.333333333,0,1,1,0,0.951219512
1,0.657534247,0.016070468,0.533333333,0,0,0.397959184,0,0.733333333,0.333333333,0,0,1,1,0.951219512
0,0.438356164,0.109591608,0.533333333,0,0,0.806122449,0,0.733333333,1,0,0.2,1,0,0.951219512
0,0.232876712,0.279208993,0.533333333,0,0,0.448979592,0.5,0.733333333,0.333333333,0.214285714,0,1,1,0.951219512
0,0.260273973,0.123484303,0.8,0,0,0.5,0,0.6,0.666666667,0,0.6,1,0,0.951219512
0,0.123287671,0.050197718,0.333333333,0,0,0.397959184,0.5,0,0,0.571428571,0.2,1,0,0.951219512
0,0.136986301,0.125877215,0.8,0,0,0.346938776,0.5,0.6,0,0.071428571,0.2,1,0,0.951219512
0,0.808219178,0.109096383,0.8,0,0,0.091836735,0,0.6,0.333333333,0,0,1,1,0.951219512
1,0.561643836,0.100382582,0.333333333,0,0,0.397959184,0.5,0,0.333333333,0.214285714,0,1,1,0.951219512
0,0.109589041,0.062720424,0.266666667,0.029070291,0,0.397959184,0.5,0.4,0.666666667,0.428571429,0.6,0.5,1,0.951219512
1,0.602739726,0.104077829,0.533333333,0,0,0.397959184,0.5,0.733333333,0.333333333,0.214285714,0,1,1,0.951219512
0,0.438356164,0.247164125,0.733333333,0,0,0.5,0.75,0.466666667,0,0.857142857,0.2,1,1,0.951219512
1,0.150684932,0.182741532,0.6,0,0,0.397959184,0.5,1,0.833333333,0.928571429,0.8,1,1,0.951219512
0,0.219178082,0.20416747,0.666666667,0,0,0.397959184,0.5,0.533333333,0,0.928571429,0.8,1,0,0.951219512
0,0.095890411,0.108467203,0.533333333,0,0,0.397959184,0.5,0.733333333,0.333333333,0.214285714,0,1,1,0.951219512
0,0.054794521,0.092644348,0.6,0,0,0.295918367,0.5,1,0.666666667,1,0.6,1,1,0.951219512
0,0.410958904,0.047872459,0.8,0,0,0.397959184,0.5,0.6,0.666666667,0.285714286,0.2,1,1,0.951219512
0,0.232876712,0.096466784,0.666666667,0,0,0.397959184,0.5,0.533333333,0.333333333,0.857142857,0,1,1,0.951219512
0,0.232876712,0.127870294,0.666666667,0,0,0.5,0.75,0.533333333,0.333333333,0.357142857,0,1,1,0.951219512
0,0.369863014,0.062181224,0.533333333,0,0,0.846938776,0.75,0.733333333,0.333333333,0.285714286,0,1,1,0.951219512
0,0.479452055,0.158250204,0.533333333,0,0,0.397959184,0.25,0.733333333,0.333333333,0.214285714,0,1,1,0.951219512
0,0.178082192,0.164534559,0.533333333,0,0,0.244897959,0.5,0.733333333,0.333333333,0.571428571,0,0.5,1,0.951219512
0,0.219178082,0.072219009,0.266666667,0,0,0.397959184,0.5,0.4,0.333333333,0.428571429,0,1,1,0.951219512
0,0.164383562,0.095025759,0.866666667,0.015060151,0,0.397959184,0.25,0.8,0.666666667,0.714285714,0.4,0.25,0,0.951219512
1,0.506849315,0.069269982,0.6,0,0,0.397959184,0.125,1,0.333333333,0.285714286,0,1,1,0.951219512
0,0.150684932,0.407159118,0.6,0,0,0.295918367,0.5,1,0.833333333,0.071428571,0.8,0.5,0,0.951219512
1,0.547945205,0.101059119,0.8,0.076880769,0,0.602040816,0.625,0.6,0.333333333,0.285714286,0,1,1,0.951219512
1,0.561643836,0.11954212,0.533333333,0,0,0.193877551,0.5,0.733333333,0.333333333,0.428571429,0,0.5,1,0.951219512
1,0.397260274,0.119637511,0.733333333,0.07298073,0,0.397959184,0.5,0.466666667,0.333333333,0.928571429,0,1,1,0.951219512
0,0.01369863,0.103677319,0.6,0,0,0.142857143,0.5,1,0.666666667,0.857142857,0.6,1,1,0.951219512
0,0.054794521,0.067553607,0.6,0,0,0.193877551,0.5,1,0.666666667,0.714285714,0.4,0.25,0,0.853658537
0,0.315068493,0.062207609,0.866666667,0,0,1,0.625,0.8,0.666666667,0.571428571,0.6,1,1,0.951219512
0,0.534246575,0.164466905,0.6,0,0,0.397959184,0.125,1,0.333333333,0.071428571,0,0.25,1,0.609756098
1,0.506849315,0.178416429,0.933333333,0,0,0.397959184,0.875,0.933333333,0.333333333,0.714285714,0,1,1,0.951219512
0,0.109589041,0.118540844,0.533333333,0,0,0.234693878,0.5,0.733333333,0.666666667,0.857142857,0.6,0.5,1,0.951219512
0,0.315068493,0.029241974,0.2,0,0,0.397959184,0.5,0.333333333,0,0.357142857,0.8,1,0,0.951219512
0,0.383561644,0.050212602,0.6,0,0,0.397959184,0.5,1,0,0.857142857,0.2,1,1,0.951219512
0,0.287671233,0.111642193,0.533333333,0,0,0.448979592,0.5,0.733333333,0.333333333,0.214285714,0,1,1,0.951219512
1,0.534246575,0.07739046,0.533333333,0.03103031,0,0.397959184,0.5,0.733333333,0.333333333,0.5,0,1,1,0.951219512
0,0.287671233,0.226779378,0.8,0,0,0.397959184,0.25,0.6,0.333333333,0.785714286,0,1,1,0.951219512
0,0,0.065072745,0.4,0,0,0.163265306,0.5,0.066666667,0.666666667,0.571428571,0.6,0.5,1,0.951219512
0,0.164383562,0.057484702,0.4,0.04101041,0,0.397959184,0.5,0.066666667,0.666666667,0.857142857,0.2,0,1,0.951219512
0,0.232876712,0.047799393,0.533333333,0,0,0.5,0.5,0.733333333,0.333333333,0.357142857,0,1,1,0.951219512
1,0.465753425,0.121707039,0.6,0.07298073,0,0.397959184,0.5,1,0.333333333,0.5,0,1,1,0.951219512
0,0.178082192,0.099557206,0.533333333,0,0,0.397959184,0.5,0.733333333,0.666666667,0.571428571,0.2,1,0,0.512195122
1,0.452054795,0.115758923,0.8,0,0,0.397959184,0.25,0.6,0.833333333,0.714285714,0.2,1,1,0.951219512
0,0.342465753,0.129392503,0.533333333,0,0,0.397959184,0.5,0.733333333,0.666666667,0.214285714,0.2,1,1,0.951219512
0,0.383561644,0.115975415,0.266666667,0,0,0.397959184,0.75,0.4,0.333333333,0.357142857,0,1,1,0.951219512
1,0.520547945,0.101059119,0.866666667,0,0,0.551020408,0.25,0.8,0.333333333,0.285714286,0,1,1,0.951219512
1,0.178082192,0.15050791,0.666666667,0,0,0.336734694,0.5,0.533333333,0.333333333,0.285714286,1,1,0,0.951219512
0,0.602739726,0.060198293,0.466666667,0,0,0.397959184,0.5,0.133333333,1,0.5,0.8,1,0,0.536585366
0,0.123287671,0.114708937,0.533333333,0,0,0.5,0.5,0.733333333,0.333333333,0.5,0,1,1,0.951219512
0,0.054794521,0.018785413,0.6,0,0.459366391,0.448979592,0,1,0.666666667,0,0.2,1,1,0.951219512
0,0.04109589,0.069529096,0.6,0,0,0.397959184,0.5,1,0.666666667,0.571428571,0.2,1,1,0.951219512
0,0.095890411,0.125478735,0.8,0,0,0.397959184,0.5,0.6,0.666666667,0.714285714,0.6,0.25,0,0.731707317
0,0.273972603,0.116894152,0.8,0,0,0.193877551,0.5,0.6,0.666666667,0.571428571,0.2,1,1,0.804878049
1,0.328767123,0.091279095,0.466666667,0,0,0.397959184,0.5,0.133333333,0.333333333,0.428571429,0,1,1,0.951219512
0,0.205479452,0.153938631,0.8,0,0,0.397959184,0.5,0.6,0.666666667,0.928571429,0.2,1,1,0.951219512
0,0.424657534,0.073363033,0.466666667,0,0,0.5,0.5,0.133333333,0.333333333,0.285714286,0,1,1,0.951219512
0,0.369863014,0.027210332,0.6,0,0,1,0.75,1,0.333333333,0.357142857,0,1,1,0.951219512
0,0.260273973,0.016330258,0.6,0,0,0.602040816,0.5,1,0.333333333,0.071428571,0,1,1,0.951219512
1,0.315068493,0.118400124,0.533333333,0,0,0.397959184,0.5,0.733333333,0.333333333,0.285714286,0,1,1,0.951219512
0,0.383561644,0.108128258,0.8,0,0,0.602040816,0.25,0.6,0,0.285714286,0.8,0.5,0,0.951219512
0,0.164383562,0.227904459,0.333333333,0,0,0.397959184,0.5,0,0.833333333,0.357142857,0.8,1,0,0.317073171
1,0.561643836,0.140191392,0.466666667,0,0,0.448979592,0.5,0.133333333,0,1,0.8,0.5,1,0.951219512
0,0.356164384,0.026526353,0.533333333,0,0,0.653061224,0.5,0.733333333,0.333333333,0.5,0,1,1,0.951219512
0,0.150684932,0.086975641,0.333333333,0,0.035583104,0.397959184,0.5,0,0.666666667,0.5,0.2,1,0,0.951219512
0,0.452054795,0.081677677,0.666666667,0,0,0.397959184,0.875,0.533333333,0.333333333,0.714285714,0,1,1,0.951219512
1,0.178082192,0.071892918,0.8,0,0,0.346938776,0.5,0.6,0.666666667,0.857142857,0.2,1,0,0.951219512
0,0.575342466,0.058655111,0.8,0,0,0.397959184,0.125,0.6,0,0.071428571,0.2,1,1,0.951219512
0,0.123287671,0.122025012,0.8,0,0,0.193877551,0.5,0.6,0.666666667,0.285714286,0.2,1,1,0.951219512
0,0.136986301,0.100055138,0.6,0,0,0.37755102,0.5,1,0,0.071428571,0.2,1,0,0.951219512
0,0.616438356,0.104281467,0.4,0,0,0.397959184,0.5,0.066666667,0,0.5,0.2,0.5,0,0.951219512
0,0.095890411,0.162981229,0.533333333,0,0,0.448979592,0.5,0.733333333,0.333333333,0.857142857,0,1,1,0.951219512
0,0.808219178,0.049028662,0.6,0,0,0.397959184,0,1,1,0,0.8,1,0,0.951219512
0,0.054794521,0.141849585,0.266666667,0,0,0.397959184,0.5,0.4,0.666666667,0.428571429,0.4,1,1,0.634146341
0,0.082191781,0.061769889,0.533333333,0,0,0.397959184,0.5,0.733333333,0.666666667,0.571428571,0.6,1,1,0.951219512
0,0.136986301,0.081955734,0.533333333,0,0,0.5,0.5,0.733333333,0.666666667,0.285714286,0.2,1,0,0.951219512
0,0.287671233,0.105384222,0.666666667,0,0,0.397959184,0.5,0.533333333,0.333333333,0.571428571,0,1,1,0.951219512
0,0.260273973,0.116465904,0.4,0,0,0.397959184,0.75,0.066666667,0.666666667,1,0.2,0.5,1,0.951219512
0,0.178082192,0.050927025,0.733333333,0,0,0.397959184,0.5,0.466666667,0.666666667,0.928571429,0.2,1,0,0.951219512
0,0.082191781,0.278170508,0.533333333,0,0,0.153061224,0.5,0.733333333,0.666666667,0.857142857,0.6,0.5,0,0.951219512
0,0.04109589,0.129644175,0.466666667,0,0,0.244897959,0.5,0.133333333,0.666666667,0.571428571,0.6,1,0,0.951219512
0,0.178082192,0.139924837,0.533333333,0,0,0.459183673,0.5,0.733333333,0.333333333,0.214285714,0,1,1,0.951219512
0,0.287671233,0.05383343,0.533333333,0,0,0.397959184,0.5,0.733333333,0,0.571428571,0.4,1,1,0.951219512
0,0.356164384,0.04293103,0.6,0,0,0.448979592,0.5,1,0.333333333,1,0,1,1,0.951219512
0,0.082191781,0.217893736,0.533333333,0,0,0.397959184,0.5,0.733333333,0.666666667,0.071428571,0.6,0.5,0,0.951219512
0,0.164383562,0.222960324,0.866666667,0,0,0.5,0.5,0.8,0.666666667,0.714285714,0.2,1,0,0.951219512
0,0.397260274,0.095370793,0.533333333,0,0,0.397959184,0.5,0.733333333,0.333333333,0.5,0,0.5,1,0.951219512
0,0.068493151,0.086404644,0.8,0,0,0.397959184,0.5,0.6,0.666666667,0.071428571,0.2,1,1,0.951219512
1,0.424657534,0.0685515,0.8,0,0,0.397959184,0.125,0.6,0.333333333,0.714285714,0,1,1,0.951219512
0,0.054794521,0.032732906,0.533333333,0,0,0.5,0.5,0.733333333,0.666666667,0.5,0.6,1,1,0.951219512
0,0.068493151,0.182863986,0.533333333,0,0,0.397959184,0.5,0.733333333,0.666666667,0.571428571,0.8,1,1,0.951219512
0,0.123287671,0.160848784,0.266666667,0,0,0.397959184,0.5,0.4,0.666666667,0.357142857,0.4,1,1,0.634146341
0,0.068493151,0.13387321,0.6,0,0,0.5,0.5,1,0.666666667,0.214285714,0.2,1,1,0.951219512
0,0.123287671,0.06101758,0.533333333,0,0,0.5,0.75,0.733333333,0.666666667,0.214285714,0.6,1,1,0.951219512
1,0.342465753,0.136346631,0.533333333,0,0.433195592,0.397959184,0.5,0.733333333,0.333333333,0.214285714,0,1,1,0.951219512
0,0.123287671,0.170497559,0.733333333,0,0,0.397959184,0.5,0.466666667,0.666666667,0.071428571,0.6,1,0,0.951219512
1,0.095890411,0.119219411,0.8,0,0,0.397959184,0.5,0.6,0.166666667,0.714285714,1,1,0,0.951219512
0,0.109589041,0.06495841,0.533333333,0,0,0.193877551,0.5,0.733333333,0.833333333,0.571428571,0.8,1,0,0.951219512
0,0.150684932,0.213943435,0.8,0,0,0.397959184,0.5,0.6,0.666666667,0.071428571,0.2,1,1,0.951219512
1,0.246575342,0.074731668,0.8,0,0,0.5,0.5,0.6,0.333333333,0.714285714,0,1,1,0.951219512
0,0.273972603,0.070955913,0.866666667,0,0,0.397959184,0.875,0.8,0.333333333,0.285714286,0,1,1,0
0,0.534246575,0.120404705,0.2,0,0,0.397959184,0.5,0.333333333,0.333333333,0.428571429,0,1,1,0.951219512
0,0.369863014,0.167235973,0.533333333,0,0,0.5,0.5,0.733333333,0,1,0.8,1,1,0.951219512
0,0.739726027,0.115953765,0.933333333,0,0,0.153061224,0.5,0.933333333,0.333333333,0.714285714,0,1,1,0.951219512
0,0.082191781,0.126933967,0.4,0,0,0.5,0.5,0.066666667,0.333333333,1,0,1,1,0.951219512
1,0.438356164,0.02101528,0.866666667,0,0,0.397959184,0.5,0.8,0.666666667,0.714285714,0.2,1,1,0.951219512
0,0.150684932,0.173891747,0.533333333,0,0,0.418367347,0.5,0.733333333,0.333333333,0.5,0,1,1,0.951219512
0,0.438356164,0.163510958,0.333333333,0,0,0.397959184,0.5,0,0.666666667,0.285714286,0.2,1,0,0.951219512
0,0.150684932,0.009064924,0.533333333,0,0,0.397959184,0.5,0.733333333,0.666666667,0.714285714,0.2,0,0,0.951219512
0,0.082191781,0.219248841,0.2,0,0,0.397959184,0.5,0.333333333,0.666666667,0.214285714,0.6,0.5,1,0.951219512
0,0.260273973,0.094730112,0.533333333,0,0,0.397959184,0.5,0.733333333,0.333333333,0.5,0,1,1,0.951219512
0,0.123287671,0.019369264,0.8,0,0,0.244897959,0.5,0.6,0.666666667,0.571428571,0.2,1,0,0.951219512
0,0.095890411,0.143878521,0.6,0,0,0.397959184,0.5,1,0.666666667,0.428571429,0.6,1,1,0.951219512
0,0.712328767,0.113591974,0.733333333,0,0,0.051020408,0,0.466666667,1,0,0.2,1,0,0.536585366
0,0.479452055,0.040573298,0.533333333,0,0,0.397959184,0.5,0.733333333,0,0.428571429,0.2,1,1,0.951219512
0,0.068493151,0.029313687,0.533333333,0,0,0.397959184,0.5,0.733333333,0.666666667,0.428571429,0.8,1,1,0.951219512
1,0.260273973,0.077317394,0.6,0,0,0.397959184,0.25,1,0.333333333,0.785714286,0,1,1,0.951219512
0,0.479452055,0.119700429,0.533333333,0,0,0.653061224,0.75,0.733333333,0,1,0.2,1,1,0.951219512
0,0.123287671,0.06255332,0.533333333,0.050130501,0,0.602040816,0.5,0.733333333,0.333333333,0.214285714,0,1,1,0.951219512
1,0.150684932,0.12084716,0.6,0,0,0.397959184,0.25,1,0.333333333,0.785714286,0,1,1,0.951219512
0,0.191780822,0.268508878,0.6,0,0,0.397959184,0.5,1,0.333333333,0.214285714,0,1,1,0.951219512
1,0.369863014,0.069709055,0.866666667,0,0,0.397959184,0.5,0.8,0.333333333,0.285714286,0,1,1,0.951219512
0,0.328767123,0.036480923,0.933333333,0,0,0.448979592,0.5,0.933333333,0,0.714285714,0.8,1,0,0.951219512
1,0.424657534,0.122784763,0.8,0,0,0.37755102,0.5,0.6,0,0.071428571,0.6,1,1,0.951219512
0,0.589041096,0.070322674,0.2,0,0,0.397959184,0.5,0.333333333,0.333333333,0.214285714,0,1,1,0.951219512
0,0.109589041,0.14051816,0.733333333,0,0,0.12244898,0,0.466666667,0.333333333,0,0,1,1,0.951219512
0,0.178082192,0.027738031,0.666666667,0,0,0.397959184,0.5,0.533333333,0.333333333,0.5,0,1,1,0.951219512
1,0.383561644,0.113234762,0.8,0.03103031,0,0.397959184,0.5,0.6,0.333333333,0.214285714,0,1,1,0.951219512
0,0.301369863,0.165677231,0.8,0,0.143480257,0.397959184,0.125,0.6,0,0.928571429,0.8,0.5,0,0.951219512
0,0.369863014,0.069870748,0.6,0,0,0.397959184,0.5,1,0.333333333,0.928571429,0,1,1,0.951219512
0,0.301369863,0.03710875,0.666666667,0,0,0.397959184,0.5,0.533333333,0.833333333,0.071428571,0.2,0.25,1,0.951219512
0,0.02739726,0.183171134,0.4,0,0,0.397959184,0.5,0.066666667,0.666666667,0.571428571,0.2,1,1,0.951219512
0,0.02739726,0.104729334,0.6,0,0,0.193877551,0,1,0.666666667,0,0.6,1,0,0.951219512
0,0.164383562,0.275646347,0.733333333,0.036740367,0,0.397959184,0.25,0.466666667,0.666666667,0.071428571,0.2,1,1,0.951219512
0,0.410958904,0.067705828,0.333333333,0,0,0.397959184,0.5,0,0.333333333,0.857142857,0,1,1,0.951219512
0,0.205479452,0.102769406,0.6,0,0,0.397959184,0.5,1,0.666666667,0.285714286,0.6,1,1,0.951219512
0,0.02739726,0.04868701,0.6,0,0,0.142857143,0.5,1,0.666666667,0.714285714,0.6,1,0,0.951219512
0,0.191780822,0.061894372,0.6,0,0,0.397959184,0.5,1,0,0.071428571,0.2,1,0,0.951219512
1,0.342465753,0.159141203,0.6,0,0,0.397959184,0.5,1,0.333333333,0.428571429,0,1,1,0.634146341
0,0.493150685,0.121845053,0.533333333,0,0,0.448979592,0.5,0.733333333,0.833333333,1,0.8,1,1,0.951219512
1,0.493150685,0.179000281,0.866666667,0,0,0.397959184,0.125,0.8,0.333333333,0.071428571,0,1,1,0.951219512
0,0.164383562,0.112277461,0.533333333,0,0,0.397959184,0.5,0.733333333,0.333333333,0.5,0,1,1,0.951219512
0,0.369863014,0.593783298,0.533333333,0.031370314,0,0.295918367,0.5,0.733333333,0.333333333,0.428571429,1,1,0,0.951219512
0,0.383561644,0.058168681,0.533333333,0,0,0.397959184,0,0.733333333,0,0,0.2,1,0,0.951219512
1,0.520547945,0.089158151,0.8,0,0,0.173469388,0.5,0.6,0.333333333,0.928571429,0,1,1,0.951219512
0,0.068493151,0.183804372,0.533333333,0,0,0.397959184,0.5,0.733333333,0.666666667,0.5,0.6,1,1,0.634146341
0,0.246575342,0.112551459,0.8,0,0,0.357142857,0.5,0.6,0,0.714285714,0.8,0.25,0,0.731707317
1,0.356164384,0.123788068,0.533333333,0,0,0.397959184,0.5,0.733333333,0.333333333,0.214285714,0,1,1,0.951219512
0,0.219178082,0.182055523,0.533333333,0,0,0.397959184,0.5,0.733333333,0.666666667,0.5,0.6,1,0,0.951219512
0,0.164383562,0.159136468,0.333333333,0,0,0.428571429,0.5,0,0.666666667,0.214285714,0.2,1,1,0.951219512
0,0.164383562,0.114331429,0.533333333,0,0,0.397959184,0.5,0.733333333,0.333333333,0.5,0,1,1,0.951219512
1,0.397260274,0.083250627,0.666666667,0,0,0.397959184,0.5,0.533333333,0.333333333,0.214285714,0,0.5,1,0.951219512
1,0.232876712,0.136279653,0.533333333,0,0,0.571428571,0.25,0.733333333,0.333333333,0.785714286,0,1,1,0.951219512
0,0.082191781,0.08986175,0.533333333,0,0,0.5,0.5,0.733333333,0.666666667,1,0.8,1,1,0.951219512
0,0.287671233,0.086798388,0.866666667,0,0,0.704081633,0.75,0.8,0.333333333,0.357142857,0,1,1,0.951219512
1,0.273972603,0.421907632,0.8,0,0,0.602040816,0.5,0.6,0.666666667,0.285714286,0.2,0.5,1,0.951219512
0,0.315068493,0.065946831,0.6,0,0,0.397959184,0.5,1,0,0.214285714,0.8,1,1,0.951219512
0,0.342465753,0.012498351,0.533333333,0,0,0.346938776,0.75,0.733333333,0.333333333,0.214285714,0,1,1,0.951219512
1,0.534246575,0.115129743,0.533333333,0,0,0.397959184,0.5,0.733333333,0.333333333,0.428571429,0,1,1,0.951219512
0,0.493150685,0.059127334,0.866666667,0.021740217,0,0.397959184,0.25,0.8,0,0.714285714,0.2,1,0,0.951219512
0,0.410958904,0.109144417,0.6,0,0,0.653061224,0.75,1,0,0.285714286,0.2,1,0,0.951219512
0,0.534246575,0.378003065,0.6,0,0,0.142857143,0.25,1,0.333333333,0.071428571,1,1,0,0.951219512
1,0.273972603,0.019396326,0.933333333,0,0,0.5,0.5,0.933333333,0.333333333,0.714285714,0,1,1,0.951219512
0,0.547945205,0.087391035,0.6,0,0,0.397959184,0.875,1,0,0.714285714,0.8,1,0,0.951219512
0,0.04109589,0.208016968,0.6,0,0,0.397959184,0.5,1,0.666666667,0.428571429,0.2,1,0,0.951219512
1,0.328767123,0.136634836,0.933333333,0,0.554407713,0.602040816,0.625,0.933333333,0.333333333,0.714285714,0,1,1,0.951219512
1,0.369863014,0.017690775,0.8,0,0,0.397959184,0.125,0.6,1,0.285714286,0.8,1,0,0.951219512
0,0.383561644,0.017559527,0.533333333,0,0,0.397959184,0.5,0.733333333,0,0.214285714,0.2,1,1,0.951219512
0,0.109589041,0.125459115,0.8,0,0,0.193877551,0.25,0.6,0.666666667,0.285714286,0.2,1,0,0.951219512
0,0.356164384,0.159141203,0.866666667,0,0,0.397959184,0.25,0.8,0,0.714285714,0.8,1,1,0.951219512
0,0.191780822,0.111724054,0.8,0,0,0.397959184,0.5,0.6,0.333333333,0.428571429,0,1,1,0.634146341
0,0.561643836,0.062687951,0.266666667,0,0,0.602040816,0.5,0.4,0.333333333,0.428571429,0,0.5,1,0.951219512
1,0.246575342,0.05890746,0.8,0,0,0.397959184,0.75,0.6,0.333333333,0.714285714,1,1,0,0.951219512
0,0.273972603,0.094919543,0.6,0,0,0.397959184,0.25,1,0.666666667,0.214285714,0.2,1,1,0.951219512
0,0.246575342,0.10979254,0.533333333,0,0,0.397959184,0.5,0.733333333,0.333333333,0.428571429,0,0.5,1,0.951219512
0,0.054794521,0.159816388,0.6,0,0,0.397959184,0.5,1,0.666666667,0.071428571,0.6,1,0,0.951219512
0,0.671232877,0.088095987,0.533333333,0,0,0.020408163,0.5,0.733333333,0.666666667,0.571428571,0.4,0.5,0,0.951219512
1,0.315068493,0.018766469,0.933333333,0,0,0.37755102,0.875,0.933333333,0.333333333,0.714285714,0,1,1,0.951219512
0,0.315068493,0.061787479,0.333333333,0,0,0.397959184,0.5,0,0,0.214285714,0.6,1,1,0.951219512
0,0.205479452,0.110930476,0.6,0,0,0.397959184,0.5,1,0,0.285714286,0.2,0.5,1,0.951219512
1,0.369863014,0.180088153,0.6,0,0,0.602040816,0.5,1,0.333333333,0.857142857,0,1,1,0.951219512
0,0.219178082,0.026317303,0.6,0,0,0.397959184,0.5,1,0.333333333,0.214285714,0,1,1,0.951219512
1,0.698630137,0.090899558,1,0.200512005,0,0.5,0,0.666666667,0.333333333,0,0,1,1,0.951219512
1,0.356164384,0.129456774,0.8,0.07298073,0,0.397959184,0.125,0.6,0.333333333,0.071428571,0,1,1,0.951219512
0,0.493150685,0.074300038,0.533333333,0,0.43067034,0.37755102,0.5,0.733333333,0.833333333,0.071428571,0.8,1,0,0.951219512
1,0.438356164,0.124676361,0.8,0,0,0.448979592,0.5,0.6,0.333333333,0.857142857,0,1,1,0.951219512
0,0.712328767,0.085312036,0.533333333,0.014090141,0,0.346938776,0,0.733333333,0.333333333,0,0,1,1,0.951219512
0,0.205479452,0.138697598,0.533333333,0.040640406,0,0.214285714,0.25,0.733333333,0.333333333,1,1,1,0,0.951219512
0,0.082191781,0.130820674,0.8,0,0,0.295918367,0.5,0.6,0.666666667,0.428571429,0.6,1,1,0.951219512
0,0.342465753,0.067182865,0.666666667,0,0,0.397959184,0.5,0.533333333,0.333333333,0.285714286,0,1,1,0.951219512
0,0.369863014,0.031915649,0.533333333,0,0,0.142857143,0.875,0.733333333,0.333333333,0.571428571,1,1,0,0.951219512
0,0.136986301,0.138144867,0.8,0,0,0.397959184,0.5,0.6,0.666666667,0.857142857,0.2,1,0,0.951219512
0,0.01369863,0.077871478,0.4,0,0,0.193877551,0.5,0.066666667,0.666666667,0.571428571,0.6,1,0,0.951219512
0,0.136986301,0.1370482,0.8,0,0,0.397959184,0.5,0.6,0.666666667,0.857142857,0.6,1,1,0.951219512
0,0.095890411,0.110887177,0.533333333,0,0,0.397959184,0.5,0.733333333,0.333333333,0.5,0,1,1,0.951219512
0,0.082191781,0.212186467,0.666666667,0,0,0.357142857,0.5,0.533333333,0.666666667,0.714285714,0.2,1,0,0.951219512
0,0.04109589,0.081027525,0.6,0,0,0.010204082,0.5,1,0.666666667,0.714285714,0.6,1,0,0.951219512
0,0.493150685,0.051566353,0.8,0,0,0.397959184,0.75,0.6,0.333333333,0.714285714,0,1,1,0.951219512
0,0.369863014,0.063358399,0.733333333,0,0,0.397959184,0.5,0.466666667,0,0.071428571,0.8,1,0,0.951219512
0,0.068493151,0.026858533,0.6,0,0,0.295918367,0.5,1,0.666666667,0.214285714,0.6,1,1,0.951219512
0,0.383561644,0.067705828,0.333333333,0,0,0.397959184,0.5,0,0.333333333,0.857142857,0,1,1,0.951219512
0,0.479452055,0.012599155,0.533333333,0,0,0.602040816,0.5,0.733333333,0.333333333,0.357142857,0,1,1,0.951219512
1,0.315068493,0.179527303,0.6,0,0,0.346938776,0.5,1,0.333333333,0.071428571,0,1,1,0.951219512
0,0.02739726,0.125005159,0.6,0,0,0.295918367,0,1,0.666666667,0,0.6,0.5,1,0.951219512
0,0.123287671,0.116376601,0.133333333,0,0,0.071428571,0.5,0.266666667,0.5,0.642857143,0.4,1,0,0.195121951
0,0.342465753,0.183124452,0.8,0,0,0.397959184,0.5,0.6,0,0.285714286,0.8,1,0,0.951219512
0,0.589041096,0.115283317,0.733333333,0,0,0.397959184,0.5,0.466666667,0,0.571428571,0.2,1,0,0.951219512
0,0.136986301,0.165642727,0.6,0,0,0.244897959,0.5,1,0.666666667,0.571428571,0.6,1,1,0.951219512
0,0.054794521,0.117241893,0.6,0,0,0.428571429,0.5,1,0.666666667,0.857142857,0.6,1,1,0.951219512
0,0,0.033524455,0.4,0,0,0.397959184,0.5,0.066666667,0.666666667,0.357142857,0.6,1,1,0.951219512
0,0.191780822,0.077754437,0.6,0,0,0.397959184,0.5,1,0.333333333,0.857142857,0,1,1,0.951219512
0,0.054794521,0.019269137,0.6,0,0,0.397959184,0.5,1,0.666666667,0.428571429,0.2,1,1,0.951219512
0,0.287671233,0.113001356,0.533333333,0,0,0.397959184,0.5,0.733333333,0.333333333,0.428571429,0,1,1,0.951219512
1,0.273972603,0.111719995,0.533333333,0,0,0.397959184,0.5,0.733333333,0.333333333,0.428571429,0,0.5,1,0.951219512
0,0.095890411,0.181768672,0.533333333,0,0,0.234693878,0.5,0.733333333,0.333333333,0.5,1,1,0,0.951219512
0,0.123287671,0.053715712,0.333333333,0,0,0.346938776,0.5,0,0.333333333,1,0,1,1,0.951219512
0,0.095890411,0.120557602,0.533333333,0,0,0.397959184,0.5,0.733333333,0.666666667,0.071428571,0.6,1,0,0.951219512
0,0.04109589,0.042179397,0.6,0,0,0.5,0.5,1,0.666666667,0.857142857,0.2,1,0,0.951219512
0,0.424657534,0.025826137,0.533333333,0,0,0.397959184,0.125,0.733333333,0,0.571428571,0.8,1,1,0.951219512
0,0.04109589,0.15828606,0.6,0,0,0.397959184,0.5,1,0.666666667,0.214285714,0.2,1,0,0.951219512
0,0.219178082,0.349647355,0.4,0,0,0.5,0.5,0.066666667,0.333333333,0.428571429,0,1,1,0.951219512
0,0.123287671,0.088223176,0.8,0,0,0.448979592,0.5,0.6,0.666666667,0.714285714,0.2,1,1,0
1,0.205479452,0.300186386,0.8,0,0,0.5,0.75,0.6,0,0.285714286,0.2,1,1,0.951219512
0,0.301369863,0.113027065,0.6,0,0,0.346938776,0,1,0,0,0.2,1,0,0.951219512
0,0.191780822,0.26166232,0.266666667,0,0,0.418367347,0.5,0.4,0.333333333,0.357142857,1,1,0,0.951219512
0,0.150684932,0.130140754,0.533333333,0,0,0.193877551,0.5,0.733333333,0.833333333,0.571428571,0.8,0.5,0,0.951219512
0,0,0.110362861,0.533333333,0,0,0.142857143,0.5,0.733333333,0.666666667,0.571428571,0.6,1,0,0.951219512
1,0.561643836,0.090036973,0.8,0.150241502,0,0.5,0.5,0.6,0.333333333,0.857142857,0,0.5,1,0.951219512
0,0.068493151,0.082467196,0.533333333,0,0,0.5,0.25,0.733333333,0.666666667,0.428571429,0.4,1,1,0.951219512
0,0.643835616,0.112602199,0.533333333,0,0,0.193877551,0,0.733333333,0.333333333,0,1,1,0,0.951219512
1,0.424657534,0.095410032,0.6,0,0,0.602040816,0.5,1,0.333333333,0.857142857,0,0.5,1,0.951219512
1,0.602739726,0.332443687,0.6,0,0,0.602040816,0.75,1,0.333333333,0.857142857,0,0.5,1,0.951219512
0,0.150684932,0.066011102,0.666666667,0,0,0.397959184,0.5,0.533333333,0,0.928571429,0.8,1,0,0.951219512
0,0.369863014,0.318592261,0.8,0,0,0.397959184,0.75,0.6,0.333333333,0.285714286,0,1,1,0.951219512
0,0.698630137,0.076043474,0.2,0,0,0.091836735,0.5,0.333333333,1,0.5,0.2,1,0,0.951219512
0,0.630136986,0.126920436,0.533333333,0,0,0.397959184,0.5,0.733333333,0,0.071428571,0.4,1,0,0.951219512
0,0.369863014,0.134116764,0.6,0,0,0.397959184,0.5,1,0.333333333,1,0,1,1,0.951219512
0,0.438356164,0.130848412,0.533333333,0,0,0.397959184,0.5,0.733333333,0.666666667,0.571428571,0.6,1,0,0.048780488
0,0.438356164,0.111724054,0.533333333,0,0,0.193877551,0.5,0.733333333,0,0.571428571,0.2,1,0,0.951219512
0,0.164383562,0.194450364,0.6,0,0,0.367346939,0.5,1,0.666666667,0.428571429,0.8,0.5,1,0.951219512
0,0.287671233,0.092727562,0.6,0,0,0.602040816,0.5,1,0,0.857142857,0.2,1,1,0.951219512
0,0.273972603,0.174476276,0.733333333,0,0,0.5,0.25,0.466666667,0.5,0.571428571,0.8,0.5,0,0.951219512
0,0.561643836,0.100003044,0.533333333,0,0,0.551020408,0.5,0.733333333,0,0.071428571,0.2,1,1,0.951219512
0,0.136986301,0.097577658,0.6,0,0.545684114,0.193877551,0.5,1,0.333333333,0.071428571,1,0.5,0,0.951219512
1,0.383561644,0.118546257,0.866666667,0,0,0.397959184,0.125,0.8,0.333333333,0.714285714,0,1,1,0.951219512
0,0.178082192,0.177450334,0.733333333,0,0,0.397959184,0.5,0.466666667,0.666666667,0.857142857,0.8,0.5,0,0.951219512
0,0.356164384,0.040999516,0.8,0,0,0.397959184,0.125,0.6,0.5,0.928571429,0.2,0.25,1,0.951219512
0,0.561643836,0.038115438,0.533333333,0,0,0.448979592,0.5,0.733333333,0.333333333,0.285714286,0,1,1,0.951219512
0,0.698630137,0.277196294,0.533333333,0,0.845500459,0.397959184,0.125,0.733333333,0,0.714285714,0.2,1,0,0.951219512
1,0.493150685,0.09552775,0.333333333,0,0,0.397959184,0.875,0,0.333333333,1,0,1,1,0.951219512
0,0.684931507,0.09962486,0.133333333,0,0,0.397959184,0,0.266666667,1,0,0.8,0.5,0,0.951219512
0,0.342465753,0.10815329,0.6,0,0,0.397959184,0.5,1,0.333333333,0.071428571,0,0.5,1,0.951219512
0,0.273972603,0.077317394,0.8,0,0,0.602040816,0.625,0.6,0.333333333,0.214285714,0,1,1,0.951219512
0,0.191780822,0.154977793,0.8,0,0,0.397959184,0.5,0.6,0.666666667,0.857142857,0.2,1,1,0.951219512
0,0.164383562,0.11592738,0.533333333,0,0,0.979591837,0.5,0.733333333,0.333333333,0.357142857,0,1,1,0.951219512
0,0.575342466,0.083459,0.4,0,0,0.602040816,0.5,0.066666667,0.333333333,0.857142857,0,1,1,0.951219512
0,0.04109589,0.095593374,0.6,0,0,0.397959184,0.5,1,0.666666667,0.071428571,0.6,1,0,0
0,0,0.061186714,0.466666667,0,0,0.153061224,0.5,0.133333333,0.666666667,0.571428571,0.6,1,1,0.951219512
1,0.301369863,0.126871725,0.533333333,0,0,0.5,0.5,0.733333333,0.333333333,1,0,1,1,0.951219512
1,0.246575342,0.061516864,1,0,0,0.602040816,0.125,0.666666667,0.666666667,0.714285714,0.2,0,0,0.951219512
0,0.301369863,0.088734638,0.533333333,0,0,0.397959184,0.5,0.733333333,0.333333333,0.571428571,0.4,0.5,0,0.951219512
0,0.178082192,0.187507061,0.533333333,0,0,0.397959184,0.25,0.733333333,0.666666667,0.785714286,0.2,1,1,0.951219512
0,0.123287671,0.319888507,0.733333333,0,0,0.397959184,0.5,0.466666667,0.666666667,0.214285714,0.2,1,1,0.951219512
0,0.260273973,0.141643242,0.6,0,0,0.397959184,0.5,1,0.333333333,0.214285714,0,1,1,0.585365854
0,0.164383562,0.135720157,0.733333333,0,0,0.346938776,0.5,0.466666667,0.666666667,0.214285714,0.2,1,1,0.951219512
1,0.287671233,0.053734655,0.8,0,0,0.5,0.25,0.6,0.333333333,0.714285714,0,1,1,0.951219512
0,0.150684932,0.083221536,0.6,0,0,0.397959184,0.5,1,0.666666667,0.928571429,0.2,1,0,0.951219512
0,0.493150685,0.188317553,0.2,0,0,0.397959184,0.5,0.333333333,0.333333333,0.214285714,0,0.25,1,0.975609756
0,0.232876712,0.0122778,0.8,0,0,0.346938776,0.5,0.6,0.666666667,0.857142857,0.2,1,0,0.951219512
0,0.054794521,0.008781455,0.533333333,0,0,0.397959184,0.5,0.733333333,0.666666667,0.214285714,0.6,1,1,0.951219512
1,0.328767123,0.016669204,0.6,0,0,0.397959184,0.25,1,0.333333333,0.071428571,0,1,1,0.951219512
0,0,0.132439627,0.533333333,0,0,0.153061224,0.5,0.733333333,0.666666667,0.857142857,0.6,0.5,0,0.951219512
0,0.04109589,0.14339412,0.6,0,0,0.051020408,0,1,0.666666667,0,0.6,1,1,0.951219512
0,0.109589041,0.13605166,0.533333333,0,0,0.397959184,0.5,0.733333333,0.666666667,0.071428571,0.2,1,1,0.951219512
1,0.424657534,0.097001248,0.533333333,0.076880769,0,0.704081633,0.5,0.733333333,0.333333333,0.214285714,0,1,1,0.951219512
0,0.054794521,0.072405733,0.6,0,0.367768595,0.153061224,0.5,1,0.666666667,0.928571429,0.6,1,1,0.951219512
0,0.123287671,0.157376794,0.8,0,0,0.397959184,0.5,0.6,0,0.071428571,0.8,1,0,0.951219512
0,0.383561644,0.12885398,0.8,0,0,0.397959184,0.5,0.6,0.333333333,0.571428571,0,1,1,0.951219512
1,0.369863014,0.145306691,0.8,0,0,0.397959184,0.5,0.6,0.333333333,0.285714286,0,1,1,0.951219512
0,0.383561644,0.141887472,0.8,0,0,0.397959184,0.125,0.6,0.333333333,0.428571429,0,1,1,0.951219512
0,0.068493151,0.11783048,0.6,0,0,0.357142857,0,1,0.666666667,0,0.6,1,1,0.951219512
0,0.136986301,0.168453064,0.933333333,0,0,0.806122449,0.875,0.933333333,0.666666667,0.714285714,0.2,0.5,0,0
0,0.04109589,0.139319336,0.6,0,0,0.295918367,0.5,1,0.666666667,0.857142857,0.6,1,0,0.951219512
0,0.479452055,0.06963193,0.933333333,0,0,0.397959184,0,0.933333333,0.5,0,0.8,0.25,0,0.975609756
0,0.123287671,0.214041533,0.533333333,0,0,0.397959184,0.5,0.733333333,0.333333333,1,0,0.75,1,0.951219512
0,0.452054795,0.040330421,0.133333333,0,0,0.346938776,0.5,0.266666667,0.333333333,0.5,1,0.25,0,0.731707317
0,0.493150685,0.106733914,0.6,0,0,0.397959184,0.5,1,0.666666667,0.285714286,0.2,1,1,0.951219512
0,0.232876712,0.040308095,0.266666667,0,0,0.397959184,0.5,0.4,0.333333333,0.5,1,0.75,0,0.780487805
0,0.342465753,0.087206341,0.6,0,0,0.397959184,0.5,1,0.666666667,0.571428571,0.6,1,0,0.951219512
0,0.01369863,0.198253857,0.6,0,0,0.244897959,0,1,0.666666667,0,0.6,0.75,0,0.951219512
1,0.493150685,0.124080332,1,0,0.436639118,0.5,0.875,0.666666667,0.333333333,0.714285714,0,1,1,0.951219512
0,0.095890411,0.114928811,0.4,0,0,0.397959184,0.5,0.066666667,0.666666667,0.071428571,0.2,1,0,0.268292683
0,0.082191781,0.071261708,0.6,0,0,0.346938776,0.5,1,0.666666667,0.428571429,0.6,1,1,0.951219512
0,0.109589041,0.160848784,0.266666667,0,0,0.448979592,0.5,0.4,0.666666667,0.357142857,0.4,1,1,0.634146341
0,0.438356164,0.078783451,0.8,0,0,0.397959184,0.5,0.6,0.666666667,0.714285714,0.8,1,0,0.951219512
0,0.397260274,0.026610243,0.533333333,0,0,0.397959184,0.5,0.733333333,0.333333333,0.571428571,1,1,0,0.951219512
0,0.054794521,0.225020381,0.6,0,0,0.193877551,0.5,1,0.666666667,0.071428571,0.6,0.25,1,0.951219512
0,0.315068493,0.129780836,0.8,0.021740217,0,0.397959184,0.75,0.6,0.5,0.714285714,0.2,1,0,0.951219512
1,0.97260274,0.170003011,0.4,0.064180642,0,0.397959184,0.75,0.066666667,0.333333333,0.357142857,0,1,1,0.951219512
1,0.095890411,0.021041665,0.8,0,0,0.551020408,0.5,0.6,0.333333333,0.285714286,0,1,1,0.219512195
0,0.150684932,0.117495594,0.533333333,0,0,0.397959184,0.5,0.733333333,0.333333333,0.071428571,1,1,0,0.951219512
0,0.315068493,0.011332677,0.6,0,0,0.346938776,0.75,1,0.666666667,0.5,0.2,1,1,0.951219512
1,0.424657534,0.076540729,0.866666667,0,0,0.397959184,0.5,0.8,0,0.285714286,0.8,1,0,0.951219512
0,0.342465753,0.115560021,0.6,0,0,0.397959184,0.5,1,0,0.285714286,0.6,1,0,0.951219512
1,0.410958904,0.099528115,0.933333333,0,0,0.551020408,0.5,0.933333333,0.333333333,0.714285714,0,1,1,0.951219512
1,0.232876712,0.207261275,0.8,0,0,0.448979592,0.5,0.6,0.333333333,0.285714286,0,0.5,1,0.951219512
0,0.246575342,0.206254588,0.533333333,0,0,0.397959184,0.5,0.733333333,0.666666667,0.857142857,0.2,1,0,0.951219512
0,0.04109589,0.123104089,0.533333333,0,0,0.244897959,0.5,0.733333333,0.666666667,0.285714286,0.2,1,1,0.951219512
0,0.465753425,0.105793528,0.533333333,0,0,0.5,0.5,0.733333333,0.333333333,0.285714286,0,1,1,0.951219512
1,0.465753425,0.085962188,0.533333333,0.076880769,0,0.397959184,0.5,0.733333333,0.333333333,0.071428571,1,1,0,0.951219512
0,0.479452055,0.064897522,0.2,0,0,0.397959184,0,0.333333333,0.333333333,0,0,1,1,0.951219512
1,0.164383562,0.155025827,1,0,0,0.346938776,0.625,0.666666667,0.333333333,0.714285714,0,1,1,0.951219512
0,0.150684932,0.175038478,0.533333333,0,0,0.397959184,0.5,0.733333333,0.666666667,0.071428571,0.2,0.5,0,0.951219512
1,0.602739726,0.125695903,0.533333333,0,0,0.397959184,0.5,0.733333333,0.333333333,1,0,1,1,0.951219512
0,0.273972603,0.233093501,0.533333333,0,0,0.397959184,0.5,0.733333333,0.833333333,0.928571429,0.8,1,0,0.951219512
0,0.04109589,0.065981334,0.4,0,0,0.397959184,0.5,0.066666667,0.666666667,0.928571429,0.4,1,1,0.951219512
0,0.520547945,0.127827672,0.8,0,0,0.071428571,0.5,0.6,0,0.857142857,0.2,1,0,0.951219512
0,0.02739726,0.088677133,0.533333333,0,0,0.336734694,0.5,0.733333333,0.666666667,0.5,0.6,1,0,0.951219512
0,0.054794521,0.125089726,0.733333333,0,0,0.397959184,0.5,0.466666667,0.666666667,0.714285714,0.2,1,0,0.951219512
0,0.082191781,0.054658129,0.533333333,0,0,0.397959184,0.875,0.733333333,0.666666667,0.571428571,0.6,0.5,1,0.951219512
0,0.315068493,0.094495354,0.6,0,0,0.37755102,0.75,1,0,0.214285714,0.8,1,0,0.951219512
0,0.02739726,0.253087886,0.6,0,0,0.193877551,0.5,1,0.666666667,0.571428571,0.6,1,1,0.951219512
0,0.657534247,0.261827395,0.133333333,0,0,0.193877551,0.5,0.266666667,0.333333333,0.571428571,0.4,1,0,0.634146341
0,0.068493151,0.170885892,0.6,0,0,0.397959184,0.5,1,0.666666667,0.928571429,0.4,1,0,0.951219512
0,0.095890411,0.182608931,0.533333333,0,0,0.397959184,0.5,0.733333333,0.666666667,0.571428571,0.8,1,1,0.195121951
0,0.095890411,0.098129713,0.6,0,0,0.418367347,0.5,1,0.666666667,0.5,0.6,1,0,0.951219512
0,0.410958904,0.046436847,0.6,0,0,0.346938776,0.5,1,1,0.571428571,0.2,1,0,0.951219512
0,0.397260274,0.01426682,0.8,0,0,0.397959184,0.25,0.6,0,0.714285714,0.8,1,0,0.951219512
0,0.397260274,0.088088545,0.6,0,0,0.397959184,0.5,1,0,0.5,0.2,0.5,0,0.951219512
0,0.136986301,0.144106514,0.6,0,0,0.397959184,0.5,1,0.666666667,0.071428571,0.2,1,0,0.951219512
0,0.397260274,0.092925787,0.2,0,0,0.448979592,0.5,0.333333333,0.5,1,0.2,1,1,0.951219512
0,0.191780822,0.065720867,0.733333333,0,0.399449036,0.397959184,0.5,0.466666667,0.333333333,0.071428571,1,1,0,0.951219512
0,0.616438356,0.084230253,0.533333333,0,0,0.397959184,0.25,0.733333333,0,1,0.4,1,1,0.951219512
0,0.191780822,0.177986151,0.6,0,0,0.397959184,0.25,1,0.666666667,0.785714286,0.2,0.5,1,0.951219512
0,0,0.121083272,0.266666667,0.010550106,0,0.234693878,0.5,0.4,0.666666667,0.571428571,0.6,1,1,0.951219512
0,0.054794521,0.263740643,0.666666667,0,0,0.397959184,0.5,0.533333333,0.666666667,0.5,0.2,1,1,0.951219512
0,0.246575342,0.133274475,0.533333333,0,0,0.306122449,0.5,0.733333333,0,0.571428571,0.8,1,0,0.951219512
0,0.150684932,0.123572929,0.533333333,0,0,0.397959184,0.5,0.733333333,0.333333333,0.5,0,1,1,0.951219512
0,0.273972603,0.129585993,0.266666667,0,0,0.653061224,0.5,0.4,0.333333333,1,0,1,1,0.951219512
0,0.232876712,0.063767704,0.6,0,0,0.397959184,0.5,1,0.333333333,0.5,0,1,1,0.951219512
0,0.506849315,0.060621129,0.533333333,0,0,0.397959184,0.5,0.733333333,1,0.857142857,0.8,1,0,0.951219512
0,0.205479452,0.105646719,0.866666667,0,0,0.397959184,0.5,0.8,0.333333333,0.285714286,1,1,0,0.951219512
0,0.164383562,0.11559723,0.533333333,0,0,0.479591837,0.75,0.733333333,0.333333333,1,0,1,1,0.951219512
0,0.589041096,0.113748254,0.4,0,0,0.397959184,0.5,0.066666667,0.333333333,0.214285714,0,1,1,0.951219512
1,0.260273973,0.202907758,0.533333333,0,0,0.602040816,0.5,0.733333333,0.333333333,0.714285714,0,1,1,0.951219512
0,0.01369863,0.093722072,0.4,0,0,0.193877551,0.5,0.066666667,0.666666667,0.857142857,0.6,1,0,0.951219512
0,0.150684932,0.159347547,0.666666667,0,0,0.040816327,0.5,0.533333333,0.333333333,0.714285714,1,1,0,0.951219512
1,0.232876712,0.220354979,0.8,0.150201502,0,0.5,0.625,0.6,0,0.285714286,0.8,0.5,1,0.951219512
1,0.246575342,0.043007479,0.866666667,0.07298073,0,0.397959184,0.5,0.8,0.333333333,0.714285714,0,0.5,1,0
1,0.410958904,0.114415996,0.933333333,0.150241502,0,0.397959184,0.75,0.933333333,0.333333333,0.714285714,0,1,1,0.951219512
0,0.493150685,0.080132466,0.533333333,0,0,0.346938776,0.25,0.733333333,0,0.071428571,0.4,1,0,0.951219512
0,0.356164384,0.014224198,0.533333333,0,0,0.397959184,0.5,0.733333333,0,0.071428571,0.2,1,0,0.951219512
0,0.082191781,0.098472717,0.733333333,0,0,0.346938776,0.5,0.466666667,0.666666667,0.714285714,0.2,1,0,0.951219512
0,0.328767123,0.037246087,0.8,0,0,0.397959184,0.5,0.6,0.333333333,0.5,0,1,1,0
1,0.520547945,0.146635411,0.8,0.051780518,0,0.193877551,0,0.6,0.333333333,0,0,1,1,0.951219512
0,0.301369863,0.213027403,0.866666667,0,0,0.448979592,0.25,0.8,0.333333333,0.285714286,0,1,1,0.951219512
1,0.191780822,0.13880855,0.533333333,0,0,0.448979592,0.5,0.733333333,0.333333333,1,0,1,1,0.951219512
0,0.136986301,0.029162142,0.6,0,0,0.448979592,0.5,1,0.666666667,0.357142857,0.6,1,1,0.951219512
0,0.109589041,0.110868911,0.8,0,0,0.397959184,0.875,0.6,0.666666667,0.785714286,0.6,1,1,0.951219512
0,0.04109589,0.101927117,0.6,0,0,0.397959184,0.875,1,0.666666667,0.428571429,0.6,1,1,0.951219512
1,0.438356164,0.179983966,0.8,0,0,0.397959184,0.5,0.6,0.333333333,0.5,0,1,1,0.951219512
0,0.602739726,0.101580053,0.533333333,0,0,0.397959184,0.5,0.733333333,1,0.285714286,0.2,1,0,0.951219512
0,0.02739726,0.116253471,0.533333333,0,0,0.193877551,0.5,0.733333333,0.666666667,0.571428571,0.6,1,1,0.951219512
0,0.02739726,0.127793169,0.533333333,0,0,0.244897959,0.5,0.733333333,0.666666667,0.071428571,0.2,1,0,0.951219512
0,0.191780822,0.024290397,0.533333333,0,0,0.448979592,0.5,0.733333333,0.333333333,1,0,1,1,0.951219512
0,0.082191781,0.136628747,0.2,0,0,0.397959184,0,0.333333333,0.666666667,0,0.2,1,0,0.634146341
1,0.150684932,0.137941229,0.8,0,0,0.5,0.5,0.6,0.333333333,0.285714286,0,1,1,0.951219512
0,0.136986301,0.054765698,0.533333333,0,0,0.295918367,0.5,0.733333333,0.666666667,0.857142857,0.2,1,1,0.951219512
0,0.068493151,0.098129713,0.533333333,0,0,0.346938776,0.5,0.733333333,0.666666667,0.071428571,0.2,1,0,0.951219512
1,0.273972603,0.213796626,0.6,0.049340493,0,0.602040816,0.5,1,0.666666667,0.928571429,0.8,1,0,0.951219512
0,0.054794521,0.210163621,0.6,0,0,0.551020408,0.5,1,0.666666667,0.214285714,0.2,1,1,0.951219512
0,0.301369863,0.179892634,0.533333333,0,0,0.397959184,0.5,0.733333333,0.333333333,0.5,0,1,1,0.951219512
0,0.493150685,0.015436553,0.6,0,0,0.336734694,0.5,1,0,0.071428571,0.2,1,0,0.951219512
0,0.164383562,0.27564567,0.533333333,0,0,0.397959184,0.5,0.733333333,0.666666667,0.571428571,0.8,0.5,0,0.585365854
0,0.328767123,0.02422139,0.8,0.023540235,0,0.397959184,0.5,0.6,0,0.5,0.2,1,1,0.951219512
1,0.342465753,0.090909029,1,0,0.436639118,0.5,0.5,0.666666667,0.333333333,0.714285714,0,1,1,0.951219512
1,0.246575342,0.18632921,0.733333333,0,0,0.448979592,0.5,0.466666667,0,0.214285714,0.8,1,1,0.951219512
1,0.219178082,0.089153415,1,0,0,0.551020408,0.5,0.666666667,0.333333333,0.714285714,0,1,1,0.951219512
0,0.767123288,0.091615334,0.533333333,0,0,0.142857143,0.25,0.733333333,1,0.571428571,0.2,1,0,0.951219512
0,0.191780822,0.098950352,0.533333333,0,0,0.265306122,0.5,0.733333333,0.333333333,0.071428571,1,1,0,0.951219512
1,0.438356164,0.08450425,0.8,0,0.453856749,0.5,0.5,0.6,0.333333333,0.857142857,0,0.25,1,0.853658537
0,0.383561644,0.025625205,0.6,0,0,0.397959184,0.5,1,0.333333333,0.285714286,0,1,1,0.951219512
0,0.712328767,0.115123654,0.8,0,0,0.397959184,0.625,0.6,0.833333333,0.285714286,0.2,1,1,0.951219512
0,0.219178082,0.059496724,0.6,0,0,0.397959184,0.5,1,0.666666667,0.5,0.2,0.5,1,0.951219512
0,0.04109589,0.077488558,0.6,0,0,0.142857143,0.875,1,0.666666667,0.714285714,0.6,1,0,0.951219512
0,0.520547945,0.297215034,0.533333333,0,0,0.397959184,0.5,0.733333333,0,0.214285714,0.8,1,1,0.951219512
1,0.178082192,0.110676774,0.533333333,0,0,0.418367347,0.5,0.733333333,0.333333333,0.214285714,0,1,1,0.951219512
0,0.383561644,0.226664366,0.533333333,0,0,0.397959184,0.5,0.733333333,0.666666667,0.214285714,0.2,1,1,0.951219512
1,0.287671233,0.018802326,0.533333333,0,0,0.5,0.5,0.733333333,0.333333333,0.214285714,0,1,1,0.951219512
0,0.136986301,0.129768658,0.533333333,0,0,0.5,0.25,0.733333333,0.333333333,0.428571429,0.4,1,1,0.951219512
0,0.01369863,0.094119199,0.4,0,0,0.142857143,0,0.066666667,0.666666667,0,0.6,1,0,0.951219512
1,0.465753425,0.070360561,0.866666667,0,0,0.602040816,0.25,0.8,0.333333333,0.714285714,0,1,1,0.951219512
1,0.465753425,0.058791095,0.733333333,0,0,0.397959184,0.75,0.466666667,0.333333333,0.285714286,0,1,1,0.951219512
0,0.397260274,0.225710449,0.6,0,0,0.397959184,0.25,1,0,1,0.2,1,0,0.951219512
0,0.383561644,0.177647883,0.533333333,0,0,0.397959184,0.5,0.733333333,0,0.071428571,0.8,1,0,0.951219512
1,0.109589041,0.024182151,0.6,0,0,0.397959184,0.5,1,0.333333333,0.285714286,0,1,1,0.951219512
1,0.369863014,0.112394502,0.533333333,0,0,0.397959184,0.25,0.733333333,0.333333333,0.785714286,0.6,1,1,0.951219512
0,0.178082192,0.043317333,0.533333333,0,0,0.479591837,0.125,0.733333333,0.333333333,0.142857143,0.4,0,1,0.951219512
0,0.356164384,0.082425928,0.533333333,0,0,0.459183673,0.5,0.733333333,0,0.857142857,0.4,1,0,0.951219512
0,0.287671233,0.245068212,0.6,0,0,0.397959184,0.5,1,0.666666667,1,0.2,1,1,0.951219512
0,0.589041096,0.086772004,0.533333333,0,0,0.397959184,0.5,0.733333333,0.666666667,0.428571429,0.2,1,1,0.951219512
1,0.452054795,0.09694036,0.733333333,0,0,0.551020408,0.5,0.466666667,0.333333333,1,0,1,1,0.951219512
0,0.068493151,0.119404782,0.6,0,0,0.153061224,0.5,1,0.666666667,0.857142857,0.6,0.5,0,0.951219512
0,0.589041096,0.005964353,0.533333333,0,0,0.5,0.75,0.733333333,0.333333333,0.357142857,0,0,1,0.951219512
0,0.164383562,0.121590675,0.8,0,0,0.602040816,0.5,0.6,0.666666667,0.714285714,0.2,1,0,0.756097561
1,0.589041096,0.1484898,0.533333333,0,0,0.653061224,0.75,0.733333333,0.333333333,0.357142857,0,1,1,0.951219512
0,0.095890411,0.088600007,0.6,0.02597026,0,0.448979592,0.5,1,0.666666667,0.5,0.6,0.5,0,0.951219512
0,0.123287671,0.031811463,0.8,0,0,0.397959184,0.5,0.6,0.666666667,0.857142857,0.2,1,1,0.951219512
0,0.095890411,0.059559642,0.6,0,0,0.479591837,0.5,1,0,0.214285714,0.2,1,1,0.951219512
1,0.698630137,0.3038999,0.6,0,0.378328742,0.091836735,0,1,0.333333333,0,0,1,1,0.951219512
0,0.452054795,0.046859006,0.533333333,0,0,0.397959184,0.5,0.733333333,0.333333333,0.714285714,0,1,1,0.951219512
0,0.082191781,0.218635221,0.8,0,0,0.193877551,0.875,0.6,0.666666667,0.928571429,0.2,1,0,0.951219512
0,0.082191781,0.109718121,0.533333333,0,0,0.397959184,0.5,0.733333333,0.666666667,0.571428571,0.2,1,0,0.951219512
0,0.369863014,0.175566177,0.8,0,0,0.397959184,0.5,0.6,0.5,0.285714286,0.8,1,0,0.951219512
0,0.246575342,0.124542407,0.533333333,0,0.383838384,0.397959184,0.5,0.733333333,0.333333333,0.357142857,0,1,1,0.951219512
1,0.260273973,0.124525494,0.533333333,0,0,0.602040816,0.875,0.733333333,0.333333333,0.285714286,0,1,1,0.951219512
0,0.02739726,0.170887245,0.533333333,0,0,0.397959184,0.5,0.733333333,0.666666667,0.428571429,0.6,1,1,0.951219512
0,0.684931507,0.062895647,0.6,0.079780798,0,0.346938776,0.5,1,0,0.071428571,0.2,1,1,0.951219512
0,0.369863014,0.105160965,0.533333333,0,0,0.234693878,0.5,0.733333333,0.333333333,0.857142857,0,1,1,0.951219512
1,0.123287671,0.151026815,0.8,0,0,0.397959184,0.5,0.6,0.333333333,0.071428571,0,1,1,0.951219512
0,0.219178082,0.1761595,0.733333333,0,0,0.295918367,0.5,0.466666667,0.666666667,0.071428571,0.8,0.25,1,0.414634146
1,0.383561644,0.19321839,0.8,0,0,0.397959184,0.5,0.6,0,0.285714286,0.2,1,1,0.951219512
0,0.01369863,0.14941395,0.4,0,0,0.142857143,0,0.066666667,0.666666667,0,0.6,1,0,0.951219512
0,0.534246575,0.072368523,0.533333333,0,0,0.397959184,0.125,0.733333333,0,0.071428571,0.2,1,0,0.951219512
0,0.04109589,0.204486119,0.533333333,0,0,0.397959184,0.5,0.733333333,0.666666667,0.5,0.6,1,1,0.951219512
1,0.383561644,0.117108615,0.533333333,0,0,0.469387755,0.5,0.733333333,0.333333333,0.214285714,0,1,1,0.951219512
0,0.328767123,0.258697057,0.8,0,0.399678604,0.397959184,0.5,0.6,0.666666667,0.714285714,0.2,1,0,0.951219512
0,0.136986301,0.114331429,0.866666667,0,0,0.295918367,0.5,0.8,0.666666667,0.428571429,0.8,1,1,0.951219512
0,0.123287671,0.029526796,0.8,0,0,0.397959184,0.5,0.6,0.666666667,0.571428571,0.2,1,0,0.951219512
0,0.520547945,0.079493815,0.533333333,0,0,0.551020408,0.75,0.733333333,0.333333333,0.214285714,0,1,1,0.951219512
0,0.630136986,0.06743589,0.6,0,0,0.153061224,0.5,1,0.333333333,0.714285714,0,1,1,0.951219512
0,0.123287671,0.011955768,0.866666667,0,0,0.244897959,0.5,0.8,0.666666667,0.928571429,0.4,1,1,0.951219512
0,0.260273973,0.210701468,0.6,0,0,0.397959184,0.875,1,0.666666667,0.928571429,0.8,0.5,0,0.951219512
0,0.219178082,0.07585472,0.8,0,0,0.397959184,0.5,0.6,0.666666667,0.714285714,0.2,1,0,0.951219512
0,0.602739726,0.072659434,0.533333333,0,0,0.5,0.5,0.733333333,0.333333333,0.571428571,0,1,1,0.951219512
1,0.342465753,0.035414024,0.8,0,0,0.397959184,0.75,0.6,0.333333333,0.285714286,0,1,1,0.951219512
0,0.219178082,0.106681821,0.666666667,0,0,0.397959184,0.5,0.533333333,0.833333333,0.785714286,0.2,1,0,0.951219512
1,0.342465753,0.079723837,0.8,0,0.453856749,0.397959184,0.625,0.6,0.333333333,0.714285714,0,1,1,0.951219512
0,0.095890411,0.143764186,0.8,0,0.43067034,0.653061224,0.5,0.6,0.666666667,0.857142857,0.2,1,1,0.951219512
0,0.205479452,0.100363639,0.8,0,0,0.602040816,0.5,0.6,0.333333333,0.357142857,0,1,1,0.951219512
0,0.260273973,0.064971264,0.533333333,0,0,0.397959184,0.5,0.733333333,0,1,0.6,1,1,0.951219512
0,0.273972603,0.068218643,0.666666667,0,0,0.397959184,0.5,0.533333333,0,0.714285714,0.2,1,0,0.951219512
0,0.602739726,0.128389875,0.533333333,0,0,0.336734694,0.5,0.733333333,0.666666667,0.071428571,0.2,0.5,0,0.951219512
0,0.01369863,0.151528805,0.4,0,0,0.112244898,0.5,0.066666667,0.666666667,0.428571429,0.6,1,1,0.951219512
0,0.589041096,0.161886592,0.533333333,0,0,0.346938776,0,0.733333333,1,0,0.2,1,1,0.756097561
0,0.397260274,0.089681114,0.533333333,0,0,0.418367347,0.5,0.733333333,0.333333333,1,0,1,1,0.951219512
0,0.136986301,0.137430444,0.8,0,0,0.153061224,0.5,0.6,0,0.071428571,0.8,1,0,0.951219512
0,0.123287671,0.190861334,0.533333333,0,0,0.37755102,0.875,0.733333333,0.333333333,0.785714286,0,1,1,0.951219512
0,0.246575342,0.275861486,0.533333333,0,0,0.397959184,0.5,0.733333333,0,0.071428571,0.2,1,1,0.951219512
0,0.04109589,0.148598722,0.6,0,0,0.397959184,0.875,1,0.666666667,0.714285714,0.6,1,1,0.951219512
0,0.164383562,0.013944788,0.533333333,0,0,0.244897959,0.5,0.733333333,0,0.571428571,0.2,1,0,0.951219512
0,0.315068493,0.103099556,0.733333333,0,0,0.316326531,0.5,0.466666667,0,0.714285714,0.8,1,0,0.951219512
0,0.246575342,0.125453026,0.6,0,0,0.397959184,0.5,1,0.666666667,0.5,0.4,0,1,0.951219512
1,0.506849315,0.059276173,0.6,0,0,0.397959184,0.75,1,0.333333333,0.214285714,0,1,1,0.512195122
0,0.068493151,0.227943699,0.6,0,0,0.193877551,0.5,1,0.666666667,0.571428571,0.6,1,0,0.951219512
0,0.150684932,0.114761707,0.6,0,0,0.397959184,0.5,1,0.833333333,0.5,0.2,1,1,0.951219512
0,0.068493151,0.160638381,0.6,0,0,0.193877551,0.5,1,0.666666667,1,0.6,1,1,0.951219512
0,0.534246575,0.106978144,0.533333333,0.04101041,0,0.37755102,0.5,0.733333333,0,0.785714286,0.6,1,1,0.951219512
0,0.136986301,0.159455117,0.533333333,0,0,0.397959184,0.5,0.733333333,0.666666667,0.571428571,0.6,0.5,0,0.951219512
1,0.246575342,0.11997578,1,0,0,0.448979592,0.5,0.666666667,0.333333333,0.285714286,0,1,1,0.951219512
0,0.369863014,0.050072559,0.533333333,0,0,0.397959184,0.5,0.733333333,0,0.214285714,0.2,1,1,0.951219512
0,0.315068493,0.244070996,0.466666667,0,0,0.397959184,0.5,0.133333333,0.333333333,0.571428571,0,1,1,0
0,0.356164384,0.024293103,0.733333333,0,0,0.397959184,0.5,0.466666667,0.333333333,0.928571429,0,1,1,0.951219512
0,0.109589041,0.084622644,0.8,0,0,0.43877551,0.5,0.6,0.666666667,0.857142857,0.8,0.25,1,0.731707317
0,0,0.100589602,0.4,0,0,0.153061224,0.5,0.066666667,0.666666667,0.071428571,0.6,1,1,0.951219512
0,0.438356164,0.021103906,0.6,0,0,0.397959184,0.75,1,0.333333333,0.214285714,0,1,1,0.951219512
0,0.465753425,0.055400967,0.6,0,0,0.346938776,0.875,1,0,0.071428571,0.8,1,0,0.951219512
0,0.479452055,0.171940614,0.6,0,0,0.397959184,0.25,1,1,0.928571429,0.8,1,0,0.951219512
1,0.287671233,0.006885797,0.533333333,0.150241502,0,0.448979592,0.5,0.733333333,0.333333333,0.214285714,0,1,1,0.951219512
0,0.178082192,0.091255417,0.6,0,0,0.397959184,0.5,1,0.333333333,0.571428571,1,0.25,0,0.926829268
0,0.01369863,0.1650034,0.6,0.005940059,0,0.091836735,0,1,0.666666667,0,0.6,1,1,0.951219512
0,0.273972603,0.108031513,0.666666667,0,0,0.397959184,0.5,0.533333333,0.333333333,0.071428571,0,1,1,0.951219512
0,0.136986301,0.021220947,0.8,0,0,0.397959184,0.5,0.6,0.666666667,0.071428571,0.2,1,0,0.951219512
0,0.164383562,0.087317293,0.533333333,0,0,0.5,0.5,0.733333333,0.666666667,0.785714286,0.2,1,1,0.951219512
0,0.397260274,0.078721886,0.6,0,0,0.397959184,0.5,1,0,0.714285714,0.2,1,0,0.951219512
0,0.04109589,0.01407333,0.666666667,0,0,0.397959184,0.5,0.533333333,0.666666667,0.357142857,0.6,1,1,0.951219512
0,0.054794521,0.16466919,0.6,0,0,0.397959184,0.5,1,0.666666667,0.571428571,0.6,0.5,1,0.682926829
1,0.520547945,0.109292579,0.866666667,0.105201052,0,0.397959184,0.5,0.8,0,0.857142857,0.2,1,1,0.951219512
0,0.082191781,0.152766869,0.8,0,0,0.397959184,0.5,0.6,0.666666667,0.714285714,0.6,1,1,0.951219512
1,0.479452055,0.090063358,0.6,0.150241502,0,0.602040816,0.5,1,0.333333333,1,0,1,1,0.048780488
0,0.068493151,0.018489766,0.6,0,0,0.448979592,0.5,1,0.666666667,0.714285714,0.2,1,1,0.951219512
0,0.123287671,0.167307686,0.6,0,0,0.234693878,0.5,1,0.666666667,0.857142857,0.2,1,1,0.951219512
0,0.082191781,0.061188744,0.6,0,0,0.142857143,0.5,1,0.666666667,0.857142857,0.6,1,0,0.951219512
0,0.301369863,0.194463895,0.533333333,0,0,0.367346939,0.5,0.733333333,0,0.428571429,0.2,1,0,0.951219512
0,0.02739726,0.128175413,0.6,0,0,0.142857143,0.5,1,0.666666667,0.571428571,0.6,1,0,0.951219512
0,0.150684932,0.142179059,0.533333333,0,0,0.510204082,0.5,0.733333333,0.333333333,0.857142857,0,1,1,0.12195122
0,0.424657534,0.058926403,0.533333333,0,0,0.397959184,0.5,0.733333333,0.833333333,0.071428571,0.2,1,0,0.951219512
0,0.342465753,0.241859395,0.2,0,0,0.244897959,0.625,0.333333333,0,0.214285714,0.8,1,1,0.951219512
0,0.191780822,0.12935597,0.6,0,0,0.397959184,0.875,1,0.666666667,0.428571429,0.2,1,1,0.951219512
0,0.684931507,0.071765729,0.8,0,0.506427916,0.040816327,0.5,0.6,0,0.285714286,0.2,1,0,0.951219512
0,0.109589041,0.136331747,0.666666667,0,0,0.346938776,0.5,0.533333333,0.333333333,0.357142857,0,1,1,0.951219512
0,0.726027397,0.142742615,0.8,0,0,0.397959184,0.625,0.6,0.333333333,0.285714286,0,1,1,0.951219512
0,0.191780822,0.194986182,0.6,0,0,0.397959184,0.5,1,0,0.285714286,0.8,0.5,1,0.951219512
0,0.232876712,0.108865684,0.866666667,0,0,0.5,0.75,0.8,0.666666667,0.714285714,0.6,1,1,0.12195122
0,0.054794521,0.130136018,0.6,0,0,0.397959184,0.5,1,0.666666667,0.571428571,0.6,1,1,0.951219512
0,0.123287671,0.064778451,0.533333333,0,0,0.397959184,0.5,0.733333333,0.666666667,0.285714286,0.2,1,0,0.951219512
0,0.232876712,0.196799302,0.333333333,0,0,0.448979592,0.5,0,0.333333333,1,0,1,1,0.634146341
0,0.205479452,0.105608833,0.866666667,0,0,0.5,0.25,0.8,0.333333333,0.714285714,0,1,1,0.951219512
0,0.287671233,0.121000058,0.333333333,0,0,0.397959184,0.5,0,0.333333333,0.571428571,0,1,1,0.951219512
0,0.479452055,0.088794174,0.2,0,0,0.397959184,0.25,0.333333333,0.666666667,0.571428571,0.4,0.5,0,0.951219512
1,0.383561644,0.122120403,0.6,0,0,0.397959184,0.25,1,0.333333333,0.785714286,0,1,1,0.951219512
1,0.410958904,0.103951316,0.533333333,0,0,0.5,0.5,0.733333333,0.333333333,0.5,0,1,1,0.951219512
0,0.589041096,0.077665811,0.2,0,0,0.602040816,0.5,0.333333333,0.333333333,1,0,1,1,0.951219512
0,0.02739726,0.231253319,0.6,0,0,0.091836735,0.875,1,0.666666667,0.714285714,0.6,1,1,0.951219512
0,0.863013699,0.162491416,0.666666667,0,0,0.234693878,0.5,0.533333333,0.333333333,0.214285714,0,1,1,0.951219512
0,0.068493151,0.123510688,0.533333333,0,0,0.397959184,0.5,0.733333333,0.666666667,0.357142857,0.6,1,1,0.951219512
0,0.342465753,0.126383942,0.666666667,0,0,0.397959184,0.25,0.533333333,1,0.714285714,0.8,0.5,0,0.951219512
1,0.164383562,0.174638644,0.8,0,0,0.5,0.5,0.6,0.333333333,0.214285714,0,1,1,0.951219512
0,0.02739726,0.062610149,0.2,0,0,0.244897959,0.5,0.333333333,0.666666667,1,0.8,1,1,0.317073171
0,0.068493151,0.172602944,0,0.005940059,0,0.193877551,0.5,0.866666667,0.666666667,0.571428571,0.6,0.5,0,0.56097561
0,0.054794521,0.112071794,0.533333333,0,0,0.397959184,0.5,0.733333333,0.5,0.5,0.2,1,0,0.951219512
1,0.273972603,0.214287116,0.533333333,0,0,0.397959184,0.5,0.733333333,0.333333333,0.071428571,1,1,0,0.951219512
0,0.178082192,0.111414876,0.533333333,0,0,0.397959184,0.5,0.733333333,0,0.5,0.2,1,1,0.951219512
0,0.191780822,0.280890864,0.4,0,0.500229568,0.346938776,0.5,0.066666667,0.333333333,0.571428571,0,1,1,0.634146341
0,0.260273973,0.209042598,0.8,0,0,0.5,0.75,0.6,0.333333333,0.357142857,0,1,1,0.951219512
1,0.178082192,0.209526999,0.6,0.07298073,0,0.479591837,0.125,1,0.333333333,0.071428571,0,1,1,0.12195122
0,0.205479452,0.120621197,0.8,0,0,0.397959184,0.875,0.6,0.666666667,0.714285714,0.6,1,0,0.951219512
0,0.287671233,0.151789949,0.533333333,0,0,0.397959184,0.125,0.733333333,0.333333333,0.214285714,0,1,1,0.951219512
0,0.150684932,0.13036807,0.8,0,0,0.448979592,0.75,0.6,0.666666667,0.928571429,0.2,1,1,0.951219512
1,0.520547945,0.125043721,0.6,0,0,0.051020408,0.5,1,0.333333333,1,0,1,1,0.951219512
0,0.01369863,0.134622814,0.533333333,0,0,0.183673469,0.5,0.733333333,0.666666667,0.857142857,0.6,1,0,0.951219512
0,0.068493151,0.013754681,0.6,0,0,0.295918367,0.5,1,0.666666667,0.071428571,0.6,1,0,0.951219512
1,0.356164384,0.09662374,0.733333333,0,0.561065197,0.704081633,0.5,0.466666667,0,0.214285714,0.2,1,1,0.951219512
0,0.246575342,0.085973689,0.8,0,0,0.448979592,0.5,0.6,0.333333333,0.428571429,0,1,1,0.951219512
0,0,0.014170075,0.4,0,0,0.142857143,0.75,0.066666667,0.666666667,0.357142857,0.6,1,1,0.951219512
0,0.04109589,0.166526285,0.6,0,0,0.183673469,0.5,1,0.666666667,0.571428571,0.6,1,0,0.951219512
0,0.178082192,0.055442236,0.8,0,0,0.602040816,0.5,0.6,0.333333333,0.714285714,0,1,1,0.951219512
0,0.410958904,0.115503868,0.533333333,0,0,0.397959184,0.5,0.733333333,0.333333333,0.571428571,0,1,1,0.951219512
0,0.506849315,0.147914066,0.533333333,0,0,0.397959184,0.5,0.733333333,0.333333333,0.214285714,0,1,1,0.951219512
1,0.424657534,0.244447151,0.6,0,0,0.653061224,0.75,1,0,0.857142857,0.8,1,1,0.951219512
0,0.246575342,0.030684351,0.2,0,0,0.397959184,0.5,0.333333333,0.333333333,0.857142857,0,1,1,0.951219512
0,0.794520548,0.075752563,0.6,0,0.493342516,0.346938776,0.75,1,0.333333333,0.285714286,0,1,1,0.951219512
0,0.205479452,0.118082152,0.533333333,0,0,0.397959184,0.5,0.733333333,0.666666667,0.5,0.8,1,1,0.951219512
0,0.424657534,0.013896077,0.533333333,0,0,0.397959184,0.75,0.733333333,0.333333333,0.214285714,0,1,1,0.951219512
0,0.315068493,0.103089408,0.533333333,0,0,0.397959184,0.5,0.733333333,0.333333333,1,0,1,1,0.951219512
1,0.205479452,0.014287792,0.533333333,0.105201052,0,0.5,0.75,0.733333333,0,0.214285714,0.2,1,1,0.951219512
0,0.438356164,0.127314857,0.533333333,0,0,0.397959184,0.75,0.733333333,0.333333333,0.214285714,0,1,1,0.951219512
0,0.246575342,0.132520135,0.533333333,0,0,0.5,0.5,0.733333333,0,0.285714286,0.8,1,0,0.951219512
0,0.109589041,0.276826905,0.733333333,0,0,0.255102041,0.5,0.466666667,0.666666667,0.428571429,0.6,1,1,0.951219512
0,0.493150685,0.076251171,0.333333333,0,0,0.602040816,0.625,0,0.333333333,0.285714286,0,1,1,0.951219512
0,0.068493151,0.080512003,0.6,0,0,0.142857143,0.5,1,0.666666667,0.714285714,0.6,1,1,0.951219512
0,0.02739726,0.371093589,0.6,0,0,0.295918367,0.5,1,0.666666667,0.071428571,0.6,1,0,0.951219512
0,0,0.102529911,0.333333333,0,0,0.112244898,0.5,0,0.666666667,0.857142857,0.6,1,0,0.951219512
0,0.219178082,0.016767978,0.866666667,0,0,0.602040816,0.875,0.8,0.333333333,0.714285714,0,1,1,0.048780488
0,0.150684932,0.088056748,0.533333333,0,0,0.397959184,0.5,0.733333333,0.666666667,0.214285714,0.6,1,1,0.951219512
0,0.109589041,0.108771645,0.8,0,0,0.397959184,0.5,0.6,0.666666667,0.428571429,0.8,0.5,1,0.951219512
0,0.219178082,0.202223102,0.4,0,0,0.163265306,0.5,0.066666667,0.666666667,0.857142857,0.8,0.5,0,0.951219512
0,0.465753425,0.059784252,0.533333333,0,0,0.071428571,0.125,0.733333333,0,0.071428571,0.2,1,0,0.951219512
1,0.479452055,0.077822091,0.866666667,0,0,0.397959184,0.5,0.8,0.333333333,0.714285714,0,1,1,0.951219512
0,0.109589041,0.13280834,0.8,0,0,0.397959184,0.5,0.6,0.666666667,0.714285714,0.6,1,1,0.951219512
0,0.369863014,0.038529478,0.6,0,0,0.397959184,0.5,1,0,0.071428571,0.2,0.25,1,0.585365854
0,0.01369863,0.193386847,0.6,0,0,0.397959184,0,1,0.666666667,0,0.6,1,1,0.951219512
0,0.698630137,0.218803002,0.2,0,0,0.397959184,0.75,0.333333333,1,0.571428571,0.2,1,0,0.951219512
0,0.561643836,0.110168695,0.533333333,0,0,0.397959184,0.5,0.733333333,0.333333333,0.5,0,1,1,0.951219512
0,0.01369863,0.156696198,0.533333333,0,0,0.142857143,0.5,0.733333333,0.666666667,0.071428571,0.6,1,0,0.951219512
0,0.191780822,0.148353816,0.8,0,0,0.5,0.5,0.6,0.666666667,0.857142857,0.2,0.5,0,0.951219512
0,0.383561644,0.18317384,0.8,0,0,0.397959184,0.125,0.6,0.333333333,0.285714286,0,1,1,0.951219512
0,0.684931507,0.01663673,0.533333333,0,0,0.551020408,0.75,0.733333333,0.333333333,0.357142857,0,1,1,0.951219512
0,0.246575342,0.102771435,0.6,0,0,0.397959184,0.5,1,0.666666667,1,0.2,1,1,0.951219512
1,0.260273973,0.116247383,0.933333333,0.150241502,0,0.448979592,0.5,0.933333333,0.333333333,0.714285714,1,1,0,0.951219512
0,0.109589041,0.196317607,0.466666667,0,0.399678604,0.397959184,0.5,0.133333333,0.666666667,0.5,0.2,1,1,0.951219512
0,0.082191781,0.199296401,0.8,0,0,0.397959184,0.625,0.6,0.666666667,0.357142857,0.2,1,1,0.951219512
1,0.260273973,0.158420691,0.6,0,0,0.602040816,0.5,1,0.333333333,0.285714286,0,1,1,0.951219512
0,0.191780822,0.335285144,0.266666667,0,0,0.428571429,0.5,0.4,0.333333333,0.5,0,1,1,0.951219512
0,0.164383562,0.154174066,0.8,0,0,0.5,0.75,0.6,0.666666667,0.285714286,0.4,1,1,0.951219512
0,0.246575342,0.114380816,0.6,0,0,0.5,0.5,1,0.333333333,0.857142857,0,1,1,0.951219512
0,0.04109589,0.017351153,0.6,0,0,0.295918367,0,1,0.666666667,0,0.6,1,1,0.951219512
0,0.369863014,0.104494576,0.666666667,0,0,0.448979592,0.5,0.533333333,0.333333333,0.928571429,0,1,1,0.951219512
0,0.178082192,0.14357002,0.533333333,0,0,0.397959184,0.625,0.733333333,0,0.071428571,0.8,1,0,0.951219512
0,0.095890411,0.124746721,0.533333333,0,0,0.704081633,0.5,0.733333333,0.333333333,0.428571429,0,0.5,1,0.951219512
0,0.232876712,0.201770498,0.533333333,0,0,0.091836735,0,0.733333333,0.333333333,0,0,0.5,1,0.951219512
1,0.328767123,0.048119395,0.533333333,0,0,0.397959184,0.75,0.733333333,0.333333333,0.285714286,0,1,1,0.951219512
1,0.328767123,0.104742189,0.8,0.03103031,0,0.346938776,0.5,0.6,0.333333333,0.071428571,0,0.25,1,0.731707317
0,0.452054795,0.087310527,0.8,0,0,0.5,0.5,0.6,0.333333333,0.857142857,0,1,1,0.951219512
0,0.068493151,0.211350267,0.266666667,0,0,0.316326531,0.5,0.4,0.666666667,0.857142857,0.2,1,0,0.951219512
0,0.109589041,0.105235384,0.666666667,0,0,0.346938776,0.5,0.533333333,0.666666667,0.714285714,0.6,1,0,0.951219512
0,0.164383562,0.042867436,0.6,0,0,0.551020408,0.5,1,0.333333333,0.214285714,0,1,1,0.951219512
0,0,0.184012746,0.4,0.010550106,0,0.193877551,0.5,0.066666667,0.666666667,0.571428571,0.6,1,1,0.951219512
1,0.246575342,0.134487506,0.6,0,0,0.612244898,0.25,1,0.333333333,0.785714286,0,1,1,0.951219512
0,0.095890411,0.085153726,0.266666667,0,0,0.581632653,0.5,0.4,0.666666667,0.214285714,0.4,0.75,1,0.317073171
0,0.082191781,0.130845706,0.666666667,0,0,0.397959184,0,0.533333333,0.666666667,0,0.8,0.5,1,0.951219512
0,0.232876712,0.12935597,0.533333333,0,0,0.397959184,0.5,0.733333333,0.666666667,0.214285714,0.2,1,1,0.951219512
0,0.328767123,0.069177297,0.533333333,0,0,0.397959184,0.875,0.733333333,0.833333333,0.428571429,0.8,1,1,0.951219512
1,0.410958904,0.10457779,0.533333333,0,0,0.397959184,0.25,0.733333333,0.333333333,0.285714286,0,1,1,0.951219512
0,0.452054795,0.083456294,0.533333333,0,0,0.397959184,0.5,0.733333333,0.333333333,0.5,0.4,0.25,0,0.073170732
0,0.123287671,0.042871495,0.533333333,0,0,0.551020408,0.5,0.733333333,0,0.214285714,0.2,1,1,0.951219512
0,0.369863014,0.07620449,0.666666667,0,0,0.43877551,0.25,0.533333333,0.666666667,0.214285714,0.2,1,1,0.951219512
0,0.150684932,0.194258904,0.2,0,0,0.397959184,0.5,0.333333333,0.333333333,0.428571429,0,1,1,0.634146341
0,0.246575342,0.120836335,0.533333333,0,0,0.397959184,0.875,0.733333333,0.333333333,0.214285714,0,1,1,0.951219512
0,0.534246575,0.06024768,0.8,0,0,0.397959184,0.125,0.6,0.333333333,0.857142857,0,1,1,0.951219512
0,0.328767123,0.179419734,0.2,0,0,0.357142857,0.5,0.333333333,0.333333333,0.357142857,0,1,1,0.951219512
1,0.643835616,0.174579109,0.8,0,0,0.397959184,0.5,0.6,0.333333333,0.714285714,0,1,1,0.951219512
0,0.095890411,0.120630668,0.8,0,0,0.5,0.5,0.6,0.666666667,0.714285714,0.2,1,0,0.951219512
1,0.260273973,0.115402388,0.8,0,0,0.5,0.5,0.6,0.333333333,0.285714286,0,1,1,0.951219512
0,0.506849315,0.140349026,0.533333333,0,0,0.367346939,0.5,0.733333333,1,0.857142857,0.2,1,0,0.951219512
0,0.520547945,0.246437523,0.533333333,0,0,0.5,0.75,0.733333333,0.333333333,0.357142857,0,1,1,0.951219512
0,0.219178082,0.164245001,0.8,0,0.536960514,0.397959184,0.25,0.6,0,0.714285714,0.6,1,1,0.951219512
0,0.164383562,0.127341919,0.533333333,0,0,0.5,0.5,0.733333333,0.333333333,0.857142857,0,1,1,0.951219512
0,0.054794521,0.026858533,0.533333333,0,0,0.397959184,0.5,0.733333333,0.666666667,0.214285714,0.2,1,1,0.951219512
0,0.479452055,0.076794431,0.533333333,0,0,0.397959184,0.125,0.733333333,0.666666667,0.071428571,0.2,0.5,1,0.951219512
0,0.095890411,0.106383468,0.733333333,0,0,0.142857143,0.5,0.466666667,0.666666667,0.071428571,0.6,1,0,0.951219512
0,0.191780822,0.074927864,0.6,0,0,0.12244898,0.875,1,0.666666667,0.928571429,0.2,1,1,0.951219512
0,0.191780822,0.095251723,0.733333333,0,0,0.5,0.5,0.466666667,0.666666667,0.214285714,0.6,0.75,1,0.951219512
0,0.589041096,0.26188896,0.2,0,0,0.142857143,0.5,0.333333333,0.833333333,0.642857143,0.8,0.5,0,0.951219512
1,0.520547945,0.110720073,1,0,0.453856749,0.551020408,0.5,0.666666667,0.333333333,0.714285714,0,1,1,0
0,0.164383562,0.049581393,0.4,0,0,0.040816327,0.75,0.066666667,0.333333333,0.571428571,1,1,0,0.951219512
1,0.575342466,0.084251902,0.866666667,0,0,0.071428571,0.875,0.8,0.333333333,0.714285714,0,1,1,0.951219512
